# Created by Octave 4.2.1, Mon Oct 09 15:16:10 2017 BRT <root@mosqueiro>
# name: bestScores
# type: matrix
# rows: 1
# columns: 10
 0.09826177483600304 0.09826177483600304 0.09826177483600304 0.09826177483600304 0.09826177483600304 0.09826177483600304 0.09826177483600304 0.09195629598663049 0.09195629598663049 0.08684074792207305


