# Created by Octave 4.2.1, Mon Oct 09 15:21:17 2017 BRT <root@mosqueiro>
# name: meanScores
# type: matrix
# rows: 1
# columns: 10
 1.444705878027368 1.231120249528916 0.7171588601509995 0.5878669205104495 0.5534012960609698 0.547704437676782 0.3687584134186977 1.320696738587173 1.340127077404464 0.7017507331337001


