# Created by Octave 4.2.1, Mon Oct 09 15:04:03 2017 BRT <root@mosqueiro>
# name: meanScores
# type: matrix
# rows: 1
# columns: 10
 1.163745175133574 0.7613772568014708 0.5680954621650443 0.5336571795343812 0.4352160471406842 0.7575832111189146 0.5383601320293812 1.30626726747914 1.173098811219603 0.224272653702966


