# Created by Octave 4.2.1, Mon Oct 09 15:12:09 2017 BRT <root@mosqueiro>
# name: meanScores
# type: matrix
# rows: 1
# columns: 10
 2.038541207730291 1.760736335320712 1.859729448203686 0.9718252693814211 0.416646049912949 0.3770316569212333 0.4768766002539031 0.8211050198161843 0.6747721721161091 0.4311324403660765


