# Created by Octave 4.2.1, Mon Oct 09 15:21:48 2017 BRT <root@mosqueiro>
# name: w2
# type: matrix
# rows: 1
# columns: 201
 -0.03647471533252433 -0.0301473939295934 -0.09181322857770093 0.04221410519369044 -0.03216857316950358 0.08124622964209902 0.04782615552479397 0.0665408415920981 -0.002456198845639856 -0.1012290854963791 -0.01481994988050717 0.01101786834614118 -0.000161577923789193 -0.04951448791270471 0.001513953699200063 0.0766485775096056 -0.02808986097153062 -0.0372684879210846 0.04586631118173361 -0.1057262236933444 -0.0568767299054803 -0.0448638262767516 0.01983520894176357 -0.0330990939294938 -0.02921930146479353 0.03832200674848907 -0.04188408785101611 0.04356995958098158 0.01385874486461358 0.003614509966097699 0.02158434462024018 -0.01234214343739967 0.0307809554944163 -0.05900339645147471 0.08016061287470545 -0.03063240542623811 -0.06342501986149546 -0.01310810667540195 0.04018999033565847 -0.03324774084029946 0.0853027938670383 0.05084779129086002 0.03443827416701233 0.05294991830752264 -0.07384256548208762 0.002048900960508325 0.007464161300692314 0.02646933759516171 -0.05567020313815547 -0.004312706092255697 -2.232186487967141e-05 0.07533571993175275 -0.001169956324396821 -0.04786117696827284 -0.01713253636573967 -0.05266828808118629 -0.04602361524762776 0.09397009088418974 -0.04250074404471132 0.03124200659043795 0.03233605077958687 0.01746110814800887 0.03086954876750469 -0.04151796956093076 0.04976461045565952 0.01248353455845903 -0.02210460043351176 -0.01563151085582455 0.01093700474103446 0.004485717012777127 0.001124642261605974 0.02788613814116191 -0.01677720575294423 -0.05935672499549235 0.097980279042428 -0.05567148247206986 -0.04187039961449487 0.007760545138250346 0.02853211266783512 -0.005259047406790228 0.04097410689302478 0.03725309121141337 -0.06211607248909788 0.1185213622164163 0.04362138399242647 0.06860228817321509 -0.02633737268958179 0.06273016944898832 0.03201417660810877 -0.02211444275634535 0.04904564900610921 -0.05018508352461662 0.01348065481908704 -0.04933965379805397 -0.01535251140283376 0.0007960659462223343 0.03177710132660837 0.08055741358458419 -0.04519711042782773 -0.0342413132914956 0.02855350164737187 0.0316027912934955 0.041458537587184 0.0335542927749289 0.049880137484925 -0.01873453176981391 -0.02117511201427094 -0.0693060082816378 -0.0309557819680807 0.04565539459512003 0.00449891672240043 -0.03146788193410014 -0.01640606311152439 0.07140839985715589 -0.02743088167952832 0.05514900948454597 0.02085681493290368 0.002018546783160648 0.04664011048293043 0.01234766526360689 -0.07238363707280671 -0.01329716391453715 0.05170934766155597 0.01076891195164358 0.09025085241969989 -0.005024424942594542 0.01701910714913117 0.05460143779577487 0.060467415061301 -0.07152017518251143 0.01988373971170234 -0.01109876545111312 0.01460922295185288 -0.03591199083785462 -0.01054259810794899 0.01676067718419394 -0.03321394110564994 0.006352934963404139 0.01203985621143545 -0.01673356147015601 -0.03752554630770612 -0.007134420837141475 0.005273741527999993 0.0205453134398629 0.02169633913612401 -0.006453482973099653 0.0390128551745058 0.03111182194856201 -0.007063419778596415 0.03511085547308807 0.1008072958171174 -0.0001504233193862206 0.05690934308622147 -0.01324794729407117 -0.05029670320318465 -0.05146303359034947 -0.0577429505104197 -0.02362955331966773 -0.06840087371199385 0.07630811227164622 -0.05697924565837589 -0.07091386059471004 -0.04927091015585271 0.08113273983969875 0.07247672003535936 0.02773997566548164 0.06234952564072373 -0.01814670552413445 -0.03292260405401871 -0.03165195317247157 0.007973517241621361 0.0417839252889961 -0.05420053889405994 0.0142326465398097 0.004160867478839831 0.05135617019634404 0.02833182911866003 -0.05594546372362883 -0.05448380001506932 0.02758604764031752 0.05107842907411036 0.05769672410636108 -0.01932692190883012 -0.006182980282342088 0.01742142026227332 -0.03514799647787951 0.04892510740399765 -0.01888967858092369 -0.07302424398409967 0.02736026943251137 -0.0005963153461228047 -0.01003650932158227 0.06356414054207554 0.06525237974027877 -0.008156591256224985 -0.071438593758295 -0.02223209087003646 0.01537407235926239 -0.01901773765795577 0.009855956400473841 0.2449139736523952


