# Created by Octave 4.0.0, Mon Oct 09 02:33:54 2017 BRT <wander@wander-S400CA>
# name: w1
# type: matrix
# rows: 200
# columns: 12
 -0.002230710435293562 0.05548495987273863 -0.009551789761878343 -0.07752202127622584 0.06820287999198418 -0.001301049318437386 -0.06870075839595297 -0.02842136217707213 -0.075357773047243 0.07344195664668665 0.09309860909791517 -0.07046641920890362
 -0.07716692021166795 0.02787836897224377 0.07296307939194807 0.07613749723295377 -0.09882542073600617 0.01180747019257275 -0.05849551904479323 -0.007347178239098154 -0.07337828329252125 -0.002709823194499292 0.001164911204909871 -0.04820950140455099
 -0.002110133038761203 0.03745301029256029 -0.0199734678810438 -0.08152689588802046 -0.05311687375602704 0.06135364857564704 0.008434703859148948 0.03921975291339852 0.05547579703116134 0.0352475398286404 0.01261304486103476 0.06222920745807334
 0.08993102854970711 -0.02781690278030455 0.002915340569477801 -0.006525555227624977 0.02809437950612817 -0.09710118253233033 -0.0950153025969841 -0.08342470181975475 -0.07745233109874509 -0.03633656440712904 0.08974259886492689 0.04692591161871854
 -0.07430849206206247 -0.07085639124568514 0.09166366149280142 -0.03695529448996898 0.08425580694115067 0.01352164362947235 -0.08072216090486332 -0.006292583058539886 -0.03906315427969781 0.02538889945392148 -0.0295868668695236 0.01809243521156331
 0.03166334529058548 0.03410127898496065 -0.08285228734020678 0.0006254361809347186 -0.08856006568210574 -0.06300145475838345 -0.07776415956880649 0.006658078840358475 -0.06250115408377123 -0.08834535257403986 -0.008014021714023684 0.02127395385037605
 -0.03218497882109143 -0.007597558703140397 -0.07793499619788373 0.03192765191739819 0.01485364621303562 0.01076862657345661 -0.08628692801128417 -0.03947262191305491 -0.08956511126069423 -0.0582800717743302 -0.0586582645458117 0.03439836908220445
 -0.07310495677976174 -0.005891484997575275 -0.0004953953759725266 -0.001484662714344206 0.05657916649130826 -0.09233734623019967 -0.04025806522514178 0.09449840032092591 -0.06163244972689294 0.03921600037128195 0.02754258683833538 0.06990383848376625
 0.07192121242105853 -0.003530577835329785 0.04302261582639683 -0.090738256671241 0.06449410069852513 -0.01056723579027154 0.09079008586660556 0.0007741278453183426 -0.0837578226844424 0.03605182529232617 -0.04029091438192384 0.09006479094235212
 -0.02567979408508886 -0.02747690262174234 0.0211786671010739 -0.0393550804149856 -0.07629497736525874 0.02736328318515671 -0.02144473238400529 0.07331794740003358 0.01561085264954923 -0.03398945507384769 -0.08316851523036156 -0.05744035222745195
 0.03675798478796324 0.05979723097435369 0.04642573369265285 0.0002209733443156725 0.09126031979232144 -0.07600680718121068 -0.0496609571474309 0.07357167637335324 -0.08634241752797756 -0.05907534737194736 0.02471644684197498 0.07228260956241758
 0.01251458561284621 -0.08245626634585387 -0.01939167477561071 0.04452230337190349 -0.01612777374272009 -0.01138326345634227 0.04132413474026908 0.008813621425627555 0.05169250975681017 -0.02713183092369173 0.02127014952116617 -0.0507416748486926
 -0.04713317086404715 -0.09604957934569693 0.05109220903657286 -0.0925244005584069 -0.02448593944676224 -0.04290536281549594 -0.05271414020567488 -0.03367173541426199 0.006611338036916159 -0.06585367491274365 -0.008037880624795962 -0.01006980862142336
 -0.07982113322369785 0.09071608536381906 0.07967127687832595 -0.07388889859812521 0.02408241056552878 0.05465547056875608 0.06554579403131519 -0.01128449399734487 -0.06443846456721908 -0.04103443408641775 0.02835088409451531 -0.02997501541681806
 0.03340929186931979 0.06255026767781954 0.02401923544068563 -0.02358211562303661 0.0905280526605374 0.02284508327718526 -0.08370030126243479 0.09998453321267881 0.007426575960531576 0.07232727840540712 -0.06502634530858711 0.0840976573443446
 0.02546500092175369 0.03902111107332135 -0.06269210996222971 0.04719527504683868 0.02732085013543922 -0.08849855626271587 0.02065790510495151 0.04117572052492005 -0.03557040275204687 0.05802739743871574 0.09261385505006783 0.0799977411669891
 0.01310389406140029 0.04075563629033013 -0.09625363561330059 0.07161059798795177 0.02239879674926912 -0.0117633186075275 -0.04350560013321173 0.001336172954043605 0.06327416374182762 -0.06278949777780682 0.005078860566116866 -0.09086020327104745
 0.03194447907623993 0.08874373619305206 0.08019819955626592 0.04258496095164149 -0.0160825937519147 -0.0391398382623963 -0.008480349887654726 -0.01908855341439517 -0.06381429403176636 -0.00252428411659579 0.05835005742777308 0.06918688793430644
 0.03154901517314984 0.04855797548422497 -0.0534349689838093 -0.05708362031809605 -0.01504884987924621 -0.01681960201459333 -0.009538372675816115 -0.02887957989450859 0.04249499081569116 0.05277455036501061 -0.07319559917106266 -0.08814727372099362
 0.07664772834196368 -0.03675489255479304 0.03378422021399469 -0.09580031976542962 -0.08950946154119774 0.07327427959554025 0.07522505849987601 0.04821165233463984 0.08610761670687289 0.08169150047456428 -0.09258612571851856 0.0342164547208722
 -0.0538017457359541 -0.06452649279541026 -0.02409241649718631 -0.03427956807758438 0.01355723566870555 -0.06054426771619156 0.08087181433945184 0.01007596897415775 -0.0554200014021523 -0.05031142487171861 -0.001164145349191528 -0.02715945749282928
 0.02324777757165122 0.01254032074593565 0.09998580446210173 -0.04119981894666069 -0.08919212219310015 -0.0412234833283581 0.01965007475979427 0.06942623340323464 0.01410248549670878 -0.01388306779521299 0.01823874379333312 0.09625646805668378
 -0.05109832569753327 -0.02493101042242699 -0.07105864138617188 -0.02572388499553777 0.04270769151655146 -0.0002968792338976234 -0.07106174774648608 -0.06544111513277585 0.05087902850416295 0.08003251810751139 -0.08733225535799205 -0.08377693006486399
 0.05140671591145227 0.01301735408329927 0.0238012203110459 -0.04863063108028779 0.094878335300872 0.07458287990781287 0.0984996038902059 0.07495553425145568 0.01372163346660442 0.04032324848774643 0.07475403390828761 -0.01576742308548153
 0.01811905294846994 0.08296072438667287 -0.05684376775559796 0.009852806868876504 -0.0837982100829919 0.03772136855721078 -0.03075026076332445 -0.0530520640132755 -0.08409643637603853 0.09612675758109035 0.06584562591866508 0.09981981546270174
 -0.0228565710558427 -0.04684764415829065 0.03152234813223606 -0.08544020957212223 -0.0946420882757992 -0.08344667969359076 -0.08553739625608947 0.06097520370766815 -0.01326853121162488 0.05350459795701368 0.06647319333500026 -0.04861720587701893
 0.0002805516751293868 0.08105813594892583 -0.006715340213118426 0.005485230605618702 -0.03505232924493311 -0.08605073747454878 -0.04706376063374142 0.03476394828857921 0.07212389928145968 -0.001279199325528529 -0.07619617855851868 -0.09841574504848834
 0.006316226991882876 -0.03892000478879946 0.01557522327649859 0.009026432584299512 0.0567193127558199 0.05437210468405049 0.06527646007894547 0.075050776966749 -0.02641495050891755 0.05505636805808328 0.06980029911001065 -0.0170162615979338
 -0.05732955556179568 -0.006186754072271664 -0.01870598489564007 -0.02832215744231575 0.001310546229854895 -0.02380732988494264 0.03562006825693892 0.003351226073098762 -0.01731107369838555 -0.08655423248603245 0.02119538802369916 -0.05681779408444986
 -0.01016934851305694 -0.04865902583162177 0.0328292906767465 0.02794270555227105 -0.08515699900005148 -0.04963028549322147 -0.02666809055368051 -0.02219920076940164 -0.06214410592819272 0.03609172810450223 -0.06168766965663516 0.06625761182858417
 0.09897253211942833 0.02541658040503625 -0.01331943542676486 -0.03002070811843204 0.02740432951251179 -0.08868969898246719 -0.04761705471630803 0.03483260339879066 0.08114387182233801 -0.07029914347458437 0.03642365652697446 -0.08142396277873147
