# Created by Octave 4.0.0, Mon Oct 09 02:17:14 2017 BRT <wander@wander-S400CA>
# name: w2
# type: matrix
# rows: 1
# columns: 201
 0.0001059331257700489 0.000146757148349574 -6.194337738156143e-05 1.737131123884749e-05 7.545424684446787e-05 -0.0001631367571723026 5.271706770631135e-05 -0.0005711521854685717 -0.0002139135825023371 8.815628088513662e-05 0.0001452957032823543 9.611483143989216e-05 0.000103179729579818 -0.0001443878537100508 0.0001199901983588041 -0.0001221734549499105 -0.0003240100337654396 -0.0001258565164190088 5.463708177837443e-05 -9.966335938640293e-05 2.44671292906964e-05 1.668533227151963e-05 -0.0002650661784061178 0.0001007890604510754 -0.0001792520564875307 -0.005259341506753135 -0.001725390304392071 -3.285675673605342e-05 0.000322268226408424 0.0001283979985730517 5.112748573441272e-05 0.0002270121925852593 -5.869440630600179e-05 -0.000182980892280433 -9.398994250958505e-05 -0.0001168282878306383 0.0007216813027133888 6.53457060811995e-05 -5.164170141267071e-05 9.255022423829907e-05 0.0003052031030253569 0.0005843668810592133 -0.0004792649170547875 -0.000643425285697642 0.0001661792779568052 -2.383855094748747e-05 1.402222451943847e-05 2.631684686295255 0.0001012895892831646 2.029846448491482e-05 0.003818334562565983 1.278852853591746e-05 -0.0001331043266241185 -0.001492217451383629 6.711467496094949e-05 -6.102117486135392e-05 0.0001654732345620695 -1.216777351496275e-05 -4.119142941839543e-05 -1.892038168077367e-05 5.788692210119776e-05 2.978655779684573e-05 -0.000335692679023859 5.81204358454447e-05 -0.0002222843089663868 -9.826404007642809e-07 -3.307034116602509e-05 -0.0001217714622684778 0.0001801887573796844 -9.267891620290965e-05 -9.53899444944975e-05 -7.085849704729489e-05 2.749008439547275e-05 0.0003618768246391651 0.0001957884595131265 0.0005844867107309103 6.441438898254101e-05 -7.885266278120993e-05 -9.217759055003239e-05 0.0007029965452247594 -4.516485667824905e-05 -0.0001563203490948099 -3.85765303527328e-05 -4.971578855515496e-05 -4.221642642633915e-05 2.959540813175027e-05 4.51733066378574e-05 -0.0001029858334928582 -7.617417059684304e-06 -8.597492667823366e-06 7.057480622492872e-05 -0.0002009152783329349 -0.0001137430629571363 -9.397532576091426e-06 0.0001285579096516585 7.57786634496074e-05 2.549578172610873e-05 2.06489857767387e-05 6.74537972586295e-05 6.113697268649222e-05 -3.200851238895095e-06 9.592883964870957e-06 -3.9505162408451e-05 0.0001902243802803672 0.0005344889996706929 8.919988094332943e-06 3.105685252189765e-05 0.0002473346867816326 -0.0004347066036544803 -9.448876085610951e-06 -0.0001047008872291595 -0.0001925957813714994 0.01944138596231823 6.008631401505341e-05 0.0001663422753148823 -0.0001056945141351331 -1.72980442135778e-05 2.857350098405542e-05 -0.002316813214672031 0.001791273068728128 -4.870376895831874e-05 -0.0002940287823765719 -1.246399496699268e-05 -0.0003485089296664314 -3.100510625471816e-05 -0.0003545686665685841 7.591201947388351e-05 -4.622076378748499e-05 -0.0001311893350037754 -6.729809094813118e-05 -0.0001386513829034146 -3.797363492730574e-05 0.0002017887729151353 -4.665978132341322e-05 0.005313552487628934 8.444254254317361e-05 2.423585497775387e-05 -7.615608220257666e-05 -7.19654242906487e-05 4.15679424491772e-05 -5.268807607086081e-06 4.322525741791137e-05 -0.000351155552156668 7.767861147370281e-05 0.0007613106498634593 7.832188440761191e-05 -0.0002100222095297272 -2.905237080753596e-05 0.0001106567378685622 0.0004861525523996328 0.0001612362471912128 0.0001524631434705029 -7.455817409888738e-05 -2.362839308864678e-05 -0.0003492651037290883 -0.0002064348103633641 4.663837068199214e-05 -0.0001180510607332496 2.524573696548184e-05 -0.000151846993857457 -0.00025048041941838 4.295385833337499e-05 7.598977764476497e-05 9.297538031073585e-05 0.0001676063229085407 -3.543792963862746e-05 -8.346698489309358e-06 0.0001376669841866889 2.12044961152544e-05 -1.226848189579402e-06 -3.613560955504856e-05 1.816648165820109e-05 -0.0001050725081991042 3.400840811265592e-05 6.722377878308598e-05 3.237280351226351e-05 -0.0002680380611587615 0.0002512853093656881 3.982138585292197e-06 2.840817940657521e-06 1.486187557435893e-06 3.520069701865497e-05 3.204775239567226e-05 -0.0001099989263780682 0.0005655558929239771 7.241737908849697e-05 0.0001442187231874832 0.000337552567329832 -0.0002895995425886403 0.0008876145165321457 0.0003171522545157252 0.0006891826235058595 -3.707182778058484e-05 9.491098249944984e-05 2.822086838029898e-06 7.30597911444528e-05 0.001432077536920386 -9.608577403199555e-05 -0.0001907898201260061 2.809711570179943e-05 0.884992375240092


