# Created by Octave 4.0.0, Mon Oct 09 02:33:54 2017 BRT <wander@wander-S400CA>
# name: w2
# type: matrix
# rows: 1
# columns: 201
 -2.420222974438409e-05 -4.439557322527338e-05 -0.0003798230190463772 3.327865078699308e-05 7.426266535528882e-05 0.0002563713386330014 0.0001069108956839336 5.749342022954806e-05 1.980566062639737e-05 -6.516094351935727e-05 -9.054078747998368e-05 0.0001066741516095743 -0.0003843512554419747 -1.391638381286842e-05 -0.0002063502921500467 8.760717958541164e-05 -4.215333600215169e-05 -5.034544779025992e-05 0.0001186654965721847 -0.0002215176902684508 0.0006983920146461967 1.742658411755996e-05 0.0004138565542640816 -0.0007213411605811263 -8.400846232753095e-05 8.775049531520444e-05 -0.0001651284824953211 0.0002546312037966851 0.0002684144547258451 -4.005460118430321e-05 4.485106160927561e-05 0.0008525345384767237 5.662426238453473e-05 -1.861910519667701e-05 -9.388443442773886e-05 0.0002426403551140329 0.005408316792740344 -0.0001610254074707286 0.0002512849445974403 -3.071667348580385e-05 2.55112635441956e-05 0.0004218240610295139 -0.0001202258103217048 2.740043247664096e-05 -2.40889098640979e-05 0.0001275375165260003 0.0001509813688334763 -0.0002229446201974847 -9.694642493018974e-05 -4.591464793250529e-06 -0.0001016196537107962 0.0001979930271586254 6.584454082215487e-05 -0.0001700681776806437 -0.001044850059166605 5.531720894999496e-05 -2.199809639148661e-05 -3.009885338795577e-05 -0.0004067406022258298 -1.390829963725423e-05 4.890028884922778e-05 9.027355741768973e-05 4.644339262604333e-05 -6.492299260431107e-05 7.465021060507732e-05 0.0001128922336381026 0.000210076032286993 -2.631226135546812e-05 -1.8180045046555e-05 7.281925252600732e-05 -2.805906539256916e-05 2.054192395561441e-05 -3.192040712279836e-05 -3.543069947110042e-05 -0.0003433304389139592 -1.015918296422854e-05 0.07344792926165443 -0.0003224349244875596 9.522301577762319e-05 -0.006503143187252308 -2.311114216463645e-05 -2.315876329437735e-05 -0.001034501890065888 1.243476173761091e-05 -2.128077600594364e-05 -5.646617869475563e-05 0.0007800530814498276 -7.391699638535821e-05 0.00017910381206413 -0.0002361200665671268 0.0002351319502251642 8.653723184213444e-05 -2.760348095559405e-05 -0.0002958040585020049 1.447439074276994e-06 1.277330124359451e-05 2.827616237869122e-05 -1.410076361045928e-05 -7.566351514333055e-05 2.112996961560238e-05 4.072219982284522e-05 -7.247984087878316e-05 0.0001796960999654551 -5.679781813178569e-05 1.516948357109731e-05 -0.0003259060743190571 -0.0005574531598434816 0.0003268126390297476 8.142650753624972e-06 0.0004824278087754952 -2.657352628296891e-05 -6.795496551498305e-06 -5.369495963864814e-05 -0.0001838145322318044 0.0001635021896779537 8.48094542554778e-05 3.873978780798893e-05 -7.439162859417527e-05 -7.548666012395582e-06 0.0002136191636980362 -4.068389992679777e-06 6.63992569014693e-06 -0.002751460402221205 -0.002801621043196275 -6.503352706709548e-05 9.017544535528379e-05 9.711357369111208e-05 0.0003474286635416919 2.538194064403609e-05 -5.173852262122882e-05 -2.117034267674703e-05 -3.388572048338795e-05 -5.482764584729044e-05 -3.496214778387584e-05 -0.0001225697745249984 2.261694578381247e-05 -0.0002018609799644598 3.62950874630496e-05 -3.202148572061035e-05 -3.097836683212669e-06 0.0003216723714647048 -2.435467027892655e-05 -5.226239896735091e-05 4.555648696741827e-05 4.868393844177193e-06 0.0003543949305660565 4.295738057902364e-05 0.000121033314787641 0.0002840317934963084 -8.464476511029776e-05 -1.591189018711394e-05 0.0002663132258126463 6.08953211956612e-05 9.207769719206305e-05 0.0004706201261150804 1.785509014977894e-05 -0.0002765131939777647 -9.085259285093925e-06 0.0001179330467920247 -2.623942812760146e-05 -3.714864694276216e-05 -0.0004407863864314969 -0.0001120106965071839 0.0001213491349006196 -1.191162555736767e-05 -0.0001717363084507731 -9.8545425254191e-05 3.953050725649826e-05 -0.0003356917144254407 7.873030449550485e-05 -0.0003184070857598569 0.0005819407436798604 -0.0001573104581529755 -1.141855047150804e-05 5.460777808426605 1.632667450524393e-05 0.0002996926376897627 -2.920782422680876e-05 0.0001094784485273541 0.006709532242324903 6.117470010411648e-06 0.0002741925282007207 -0.02610927073645468 7.621655572814311e-05 3.580849417370305e-05 4.346354696758122e-05 0.0002817951544077919 1.967080726963829e-05 0.0007169537758616232 2.354036757280193e-05 -0.0005282809781734764 0.0001089287716793592 -7.434927654591544e-07 0.0004564433692729106 8.064276394625789e-06 5.880302093296869e-05 2.119743801646132e-05 0.0002486099213520345 0.000158905003076166 -0.0001139173761381837 0.001488611017726982


