# Created by Octave 4.0.0, Mon Oct 09 03:06:34 2017 BRT <wander@wander-S400CA>
# name: w2
# type: matrix
# rows: 1
# columns: 201
 -3.964758265622907e-05 1.761634395559657e-05 -2.716196278899016e-05 2.136947599898335e-06 9.342382083023221e-06 -1.436194052903252e-05 -0.0003515018966931564 0.0001042632600488644 -0.0001183565472235617 2.057525166798915e-05 -1.19448173629549e-05 7.336121396129217e-06 1.902514039230238e-05 0.0001554948664802979 5.451201224320701e-05 3.065339962380272e-05 2.634916487606965e-06 -8.547381785706247e-05 1.750881734697585e-05 0.0006139641947767379 0.000154772007302118 5.828498135711649e-05 2.374246565400405e-05 0.0002746396350748005 7.680434976292457e-05 -2.425556876302149e-06 -1.854324991757707e-05 -1.410102085727187e-05 -1.715658309629556e-05 3.901970072720526e-05 -3.103215391493749e-05 -0.0001746730217840205 0.0002951326659605778 1.063790412072179e-05 -5.840186160775456e-05 3.682061185709435e-05 1.18552481364006e-05 -1.350549216956559e-05 6.684245155969697e-06 6.735485149057227e-05 -1.38114709345883e-05 3.42017528828947e-05 -5.088084896508894e-06 0.001158796257268213 2.430558005311846e-06 -0.0001345575357818326 0.0002317900476148553 2.204691797677358e-05 1.617083007394958e-05 -1.076616417709223e-06 -0.34496700461152 2.483885529483475e-06 4.460070918587909e-06 -1.528112818767897e-05 9.282365349957856e-06 -3.897879496721793e-05 -3.407515350004643e-05 2.763700943406095e-06 7.447332111600101e-05 -1.182146805951916e-05 2.77627585386061e-05 3.325337218062158e-05 -0.002776948398176136 -8.104820735419351e-05 -5.730937515358523e-07 -0.0002542060801338933 -7.669143583318371e-05 -0.0001663324549519876 -6.767800308697842e-08 0.0004958723444461762 2.66566018956188e-05 -5.783248303782526e-05 -1.498574269636564e-05 -6.736228309935667e-05 6.017711428468637e-06 5.489864824005778e-05 -0.000150503044028207 8.923586522312695e-05 7.790732512520425e-06 -4.944048090656251e-05 0.0001400023276581827 6.345568335268328e-06 -3.6252504125934e-05 -4.934268571992023e-07 -1.19330426621684e-06 0.0001085410370629173 2.094474408460631e-05 7.626047006141903e-06 1.00293739479174e-05 5.617493351135593e-06 -1.431119178509467e-05 -0.0005569991785755024 2.688293455010389e-06 -1.563321071742767e-05 0.000245298449340187 -2.027210080270158e-05 9.099850505993824e-06 3.963480130185214e-05 6.264297859652697e-05 -0.0002990459571066037 5.639058219884733e-06 2.876501172145404e-06 -7.876942067619134e-06 -5.783036787730779e-05 2.14494407741195e-05 0.0001930786936201353 6.731987441919567e-05 4.048326893914516e-05 -1.969993326035629e-05 -6.883073749698359e-06 4.652946698647999e-05 2.355342699774857e-05 0.00051756023424125 -7.117313887402625e-06 1.070504043674664e-05 2.413506857207786e-05 0.0001680010464768994 -1.734543331917463e-05 -4.720620649450203e-05 -2.736597946010086e-05 1.576256301717074e-06 7.610386141345742e-06 -2.742375163118481e-05 -8.308139819672991e-06 1.430456755459693e-05 6.57993505229986e-05 -4.530059972930717e-05 1.152843378210603e-05 1.717059488815694e-05 -1.341485749369161e-07 -6.473118621003447e-05 -4.394382832302602e-05 0.0004511874472184098 -1.004063976303005e-05 -3.292599944404695e-05 1.257155745480963e-05 -1.147764655137872e-05 -4.995226329248656e-06 8.30366953511217e-06 1.258220555604003e-05 -3.012597116567075e-05 9.775972553464217e-06 -7.568717409682885e-05 -1.400640968924371e-06 4.650668509988614e-05 6.399221523351603e-05 -2.49466364597172e-05 -8.4570243981221e-07 -3.181279628302222e-06 -4.55067050445799e-05 -6.764719843493646e-05 -7.505434483115949e-06 0.0001454112060689651 -4.550129480758449e-05 1.837631685673972e-05 8.917694105222116e-05 6.839713546046479e-05 -2.440872803745431e-05 -0.0005171657207524395 -4.240211654556979e-05 0.0006690269117596943 2.718791926303063e-06 8.766891885266958e-06 -2.014930613486616e-05 1.186964373235598e-05 -1.367730123941129e-06 -9.173551314159061e-06 -7.939480022049055e-06 -8.507974812106e-06 0.0003922376349382529 -4.72990254279844e-05 0.0001615960594900952 5.30492476440797e-06 5.527480064899847e-05 -1.889250811025391e-06 2.396017935954128e-05 4.798132489752348e-05 1.182780693513496e-06 3.928470424014393e-05 2.38641554473369e-06 8.532282860346467e-05 -1.682297161534293e-05 -9.519572242504104e-06 3.996727702397098e-05 -2.588750979154774e-05 -1.548912653496967e-06 -1.334332915035943e-05 3.567212176337109e-05 -2.306190541688459e-06 -4.912731531502642e-06 -5.068608205346866e-06 -4.159089464760455e-05 -4.763872096163274e-05 1.013353687808567e-05 -1.807669450721563e-05 2.707178805763591e-06 4.715952971977065e-05 1.679769678499812e-05 1.1418588347723e-05 3.502334687199506e-05 0.6968372065677


