# Created by Octave 4.2.1, Mon Oct 09 17:47:43 2017 BRT <root@mosqueiro>
# name: bestScores
# type: matrix
# rows: 1
# columns: 50
 0.1043661198547315 0.1043661198547315 0.1043661198547315 0.1043661198547315 0.1043661198547315 0.1043661198547315 0.1043661198547315 0.1043661198547315 0.1043661198547315 0.1043661198547315 0.1043661198547315 0.1043661198547315 0.1043661198547315 0.1043661198547315 0.1043661198547315 0.1035059216597037 0.1035059216597037 0.101527702591686 0.09897284177733529 0.09897284177733529 0.09897284177733529 0.09897284177733529 0.09868855683515512 0.09705262531616103 0.09705262531616103 0.09508765071156243 0.08323204971201416 0.08202143271646957 0.08202143271646957 0.08202143271646957 0.08202143271646957 0.08202143271646957 0.08202143271646957 0.08202143271646957 0.08202143271646957 0.08200973993141063 0.08200726729828335 0.08200453923312355 0.0820045372039782 0.08200453246852514 0.08200453189511783 0.08200453184581778 0.08200453182449195 0.08200453181147421 0.08200453181147421 0.08200453181144472 0.08200453181144268 0.08200453181144174 0.08200453181143785 0.08200453181143298


