# Created by Octave 4.2.1, Mon Oct 09 18:03:59 2017 BRT <root@mosqueiro>
# name: bestScores
# type: matrix
# rows: 1
# columns: 50
 0.0982365097212138 0.0982365097212138 0.0982365097212138 0.0982365097212138 0.0982365097212138 0.0982365097212138 0.0982365097212138 0.0982365097212138 0.0982365097212138 0.0982365097212138 0.09178209545983368 0.09178209545983368 0.09178209545983368 0.09178209545983368 0.09178209545983368 0.09178209545983368 0.09178209545983368 0.09178209545983368 0.09178209545983368 0.09178209545983368 0.09178209545983368 0.09174889454104355 0.09174889454104355 0.09174889454104355 0.08899447096038261 0.08899447096038261 0.08369002083078762 0.08325327133094249 0.08324450015026179 0.08324450015026179 0.0825513348749991 0.08236568120208358 0.08233470455564064 0.08232024267138027 0.0823124287483423 0.08231220006481321 0.08231220006481321 0.08231149029218933 0.08231148326542803 0.08231147914371359 0.08231147855268754 0.08231147855268754 0.0823114785426753 0.08231147854246137 0.08231147854246137 0.08231147854246137 0.08231147854235935 0.08231147854235935 0.08231147854235935 0.08231147854235935


