# Created by Octave 4.2.1, Mon Oct 09 18:20:36 2017 BRT <root@mosqueiro>
# name: bestScores
# type: matrix
# rows: 1
# columns: 50
 0.1015718604349526 0.1015718604349526 0.1015718604349526 0.1015718604349526 0.1015718604349526 0.1015718604349526 0.1015718604349526 0.1015718604349526 0.09174285853413665 0.09174285853413665 0.09174285853413665 0.09174285853413665 0.09174285853413665 0.09174285853413665 0.09174285853413665 0.09174285853413665 0.09174285853413665 0.09174285853413665 0.09174285853413665 0.09174285853413665 0.09174285853413665 0.08917856352206968 0.08917856352206968 0.08917856352206968 0.08917856352206968 0.08917856352206968 0.08782118194121732 0.08509981096428551 0.08022009396969496 0.08022009396969496 0.08002722321432483 0.07988856878930441 0.07988784837519644 0.07988784837519644 0.07988709131718162 0.07988671179936901 0.07984273664409818 0.07984273664409818 0.07971187818059537 0.07971187818059537 0.07971187818059537 0.07935941174653292 0.07935941174653292 0.07931937320561605 0.07931937320561605 0.07931542635522518 0.07931480638341566 0.07931480516796688 0.07931480516796688 0.07931480516796688


