# Created by Octave 4.2.1, Mon Oct 09 18:53:20 2017 BRT <root@mosqueiro>
# name: bestScores
# type: matrix
# rows: 1
# columns: 50
 0.08948180655633678 0.08948180655633678 0.08948180655633678 0.08948180655633678 0.08948180655633678 0.08948180655633678 0.08948180655633678 0.08948180655633678 0.08948180655633678 0.08948180655633678 0.08948180655633678 0.08948180655633678 0.08948180655633678 0.08948180655633678 0.08948180655633678 0.08824535467713536 0.08824535467713536 0.08824535467713536 0.08824535467713536 0.08536572758160574 0.08536572758160574 0.08278347903760294 0.08278347903760294 0.08278347903760294 0.08028803559251907 0.08028803559251907 0.07786229790310716 0.07786229790310716 0.07786229790310716 0.07786229790310716 0.07768812403983662 0.07768670515282611 0.07768524666006531 0.07767724161652949 0.07767724161652949 0.07767718492622354 0.07767718492622354 0.07767718230776288 0.07767718089532044 0.07767717778644859 0.0776771777407753 0.0776771777407753 0.0776771777407753 0.07767717774076299 0.07767717774070935 0.07767717774070935 0.07767717774070826 0.07767717774070823 0.07767717774070768 0.07767717774070736


