# Created by Octave 4.2.1, Mon Oct 09 18:53:20 2017 BRT <root@mosqueiro>
# name: meanScores
# type: matrix
# rows: 1
# columns: 50
 2.684769807572715 3.967902101778567 3.841676923891971 2.153491288974072 0.4618661333127164 0.5848331067498062 0.6233093284249813 0.5740879074053641 0.6038904085672121 0.4173924929508182 0.392992594133476 0.4068278565739283 0.4145978598713135 0.3994174514248689 0.5511580827474132 0.5427607673033914 0.588392957533095 0.5311836058987367 0.701396222638173 0.5652507305628129 0.6282295166030337 0.9740779761946421 1.286785536873539 1.117101829757528 0.3245709107018809 0.265309621358488 0.2754052857726991 0.1617649644707263 0.1218409576168183 0.1239619628592223 0.1033859320864266 0.1509851700025263 0.148855442867121 0.1512026085569347 0.1394234237610664 0.09605815048294672 0.09701540947370911 0.09078388449870792 0.08066119308722049 0.08042833320752334 0.07771696127814688 0.07769769955501729 0.07768423127258615 0.07768059596353294 0.0776777748684723 0.07767753160238859 0.07767721425190341 0.07767719806664709 0.07767719023610678 0.07767718739987209


