# Created by Octave 4.2.1, Mon Oct 09 18:03:39 2017 BRT <root@mosqueiro>
# name: pop
# type: matrix
# rows: 1000
# columns: 5
 -16584.4707887424 35870.12496522404 1096.822278985096 -11943.11897633219 -8440.379397741432
 -16584.4707887424 35870.12496522404 1096.822278985096 -11943.11897633219 -8440.379397741432
 -16584.4707887424 35870.12496522404 1096.822278985096 -11943.11897633219 -8440.379397741432
 -16584.4707887424 35870.12496522404 1096.822278985096 -11943.11897633219 -8440.379397741432
 -16584.4707887424 35870.12496522404 1096.822278985096 -11943.11897633219 -8440.379397741432
 -16584.46999767333 35870.1289238918 1096.815856678649 -11943.11974367838 -8440.37695409576
 -16584.28569575419 35870.13443907835 1096.785978097869 -11943.28801403702 -8440.368625963367
 -16584.47078760979 35870.12496425817 1096.822277000645 -11943.11897602668 -8440.37939641451
 -16584.4707887424 35870.12496522404 1096.822278985096 -11943.11897633219 -8440.379397741432
 -16584.27722173703 35870.1121815095 1096.787694862056 -11943.28539076858 -8440.359181572705
 -16584.47078760979 35870.12496425817 1096.822277000645 -11943.11897602668 -8440.37939641451
 -16584.47078697301 35870.12496460346 1096.822276429368 -11943.11897470937 -8440.379398130826
 -16584.47078760979 35870.12496425817 1096.822277000645 -11943.11897602668 -8440.37939641451
 -16584.47078760979 35870.12496425817 1096.822277000645 -11943.11897602668 -8440.37939641451
 -16584.47078760979 35870.12496425817 1096.822277000645 -11943.11897602668 -8440.37939641451
 -16440.66435273763 35792.22167929532 1263.031360883763 -11961.76389328829 -8653.846656780819
 -16584.28569549507 35870.13443821126 1096.785978307274 -11943.28801461389 -8440.368625847592
 -16584.28569575419 35870.13443907835 1096.785978097869 -11943.28801403702 -8440.368625963367
 -16584.28569549507 35870.13443821126 1096.785978307274 -11943.28801461389 -8440.368625847592
 -16584.28569549507 35870.13443821126 1096.785978307274 -11943.28801461389 -8440.368625847592
 -16584.47078657056 35870.12496184712 1096.822277488712 -11943.11897600151 -8440.379395697853
 -16584.28569549507 35870.13443821126 1096.785978307274 -11943.28801461389 -8440.368625847592
 -16584.28569549507 35870.13443821126 1096.785978307274 -11943.28801461389 -8440.368625847592
 -16584.47078733048 35870.12496370523 1096.82227702553 -11943.11897516849 -8440.379395450389
 -16584.28569575419 35870.13443907835 1096.785978097869 -11943.28801403702 -8440.368625963367
 -16584.47075836752 35870.12496119217 1096.822227691505 -11943.11892335594 -8440.379428023416
 -16584.47078760979 35870.12496425817 1096.822277000645 -11943.11897602668 -8440.37939641451
 -16584.27922582125 35870.11277177015 1096.788875901034 -11943.28489343528 -8440.359333668077
 -16584.46864405197 35870.12948425925 1096.815798763251 -11943.12101965785 -8440.377552347016
 -16584.47078797074 35870.12496385755 1096.822277579468 -11943.11897646126 -8440.379395680418
 -16584.4707887424 35870.12496522404 1096.822278985096 -11943.11897633219 -8440.379397741432
 -16584.27722469319 35870.11218068418 1096.787694026414 -11943.28539055818 -8440.359183347638
 -16584.28569549507 35870.13443821126 1096.785978307274 -11943.28801461389 -8440.368625847592
 -16584.47078868941 35870.12496465784 1096.822278397065 -11943.11897724901 -8440.379396546716
 -16584.47078760979 35870.12496425817 1096.822277000645 -11943.11897602668 -8440.37939641451
 -16584.47078760979 35870.12496425817 1096.822277000645 -11943.11897602668 -8440.37939641451
 -16584.28569549507 35870.13443821126 1096.785978307274 -11943.28801461389 -8440.368625847592
 -16584.47078760979 35870.12496425817 1096.822277000645 -11943.11897602668 -8440.37939641451
 -16584.47078760979 35870.12496425817 1096.822277000645 -11943.11897602668 -8440.37939641451
 -16584.28569549507 35870.13443821126 1096.785978307274 -11943.28801461389 -8440.368625847592
 -16584.4707887424 35870.12496522404 1096.822278985096 -11943.11897633219 -8440.379397741432
 -16584.47075549051 35870.12496028941 1096.822230320149 -11943.11892393149 -8440.379426978039
 -16584.47078760979 35870.12496425817 1096.822277000645 -11943.11897602668 -8440.37939641451
 -16584.28569526965 35870.13443055115 1096.785970788042 -11943.28800740667 -8440.368617785469
 -16584.47078760979 35870.12496425817 1096.822277000645 -11943.11897602668 -8440.37939641451
 -16584.4707887424 35870.12496522404 1096.822278985096 -11943.11897633219 -8440.379397741432
 -16584.47078760979 35870.12496425817 1096.822277000645 -11943.11897602668 -8440.37939641451
 -16584.47078760979 35870.12496425817 1096.822277000645 -11943.11897602668 -8440.37939641451
 -16551.82661461685 36052.87187126886 967.8847593432466 -12216.58889065528 -8253.367572374675
 -16584.47078760979 35870.12496425817 1096.822277000645 -11943.11897602668 -8440.37939641451
 -16584.4707887424 35870.12496522404 1096.822278985096 -11943.11897633219 -8440.379397741432
 -16584.28569549507 35870.13443821126 1096.785978307274 -11943.28801461389 -8440.368625847592
 -16584.47078797074 35870.12496385755 1096.822277579468 -11943.11897646126 -8440.379395680418
 -16584.28569549507 35870.13443821126 1096.785978307274 -11943.28801461389 -8440.368625847592
 -16584.47078731894 35870.12496433836 1096.822277115642 -11943.11897527416 -8440.379397179637
 -16584.47078760979 35870.12496425817 1096.822277000645 -11943.11897602668 -8440.37939641451
 -16584.28569575419 35870.13443907835 1096.785978097869 -11943.28801403702 -8440.368625963367
 -16584.27722469319 35870.11218068418 1096.787694026414 -11943.28539055818 -8440.359183347638
 -16584.28569447538 35870.13443779529 1096.78597691083 -11943.28801497375 -8440.368625143779
 -16584.47078760979 35870.12496425817 1096.822277000645 -11943.11897602668 -8440.37939641451
 -16584.27976250232 35870.1127187327 1096.789103676761 -11943.28484825541 -8440.359135409899
 -16584.28569575419 35870.13443907835 1096.785978097869 -11943.28801403702 -8440.368625963367
 -16584.47078760979 35870.12496425817 1096.822277000645 -11943.11897602668 -8440.37939641451
 -16584.46999944641 35870.12892413326 1096.815855862432 -11943.11974504366 -8440.376953611776
 -16584.28569575419 35870.13443907835 1096.785978097869 -11943.28801403702 -8440.368625963367
 -16584.47078760979 35870.12496425817 1096.822277000645 -11943.11897602668 -8440.37939641451
 -16584.47078760979 35870.12496425817 1096.822277000645 -11943.11897602668 -8440.37939641451
 -16584.47078760979 35870.12496425817 1096.822277000645 -11943.11897602668 -8440.37939641451
 -16584.27716801146 35870.11217781379 1096.787590508342 -11943.28579736054 -8440.35890444578
 -16584.47078760979 35870.12496425817 1096.822277000645 -11943.11897602668 -8440.37939641451
 -16584.28569544509 35870.13443847477 1096.785978460177 -11943.28801465431 -8440.36862543473
 -16584.47078766175 35870.124964353 1096.822277027531 -11943.11897650552 -8440.379396818891
 -16584.28569549507 35870.13443821126 1096.785978307274 -11943.28801461389 -8440.368625847592
 -16584.47078797074 35870.12496385755 1096.822277579468 -11943.11897646126 -8440.379395680418
 -16584.47078797074 35870.12496385755 1096.822277579468 -11943.11897646126 -8440.379395680418
 -16584.28569549507 35870.13443821126 1096.785978307274 -11943.28801461389 -8440.368625847592
 -16584.28569559203 35870.13443760588 1096.785979966143 -11943.28801294807 -8440.368627011607
 -16584.285694831 35870.13443819372 1096.78597876082 -11943.28801400611 -8440.368625850553
 -16584.47078999972 35870.12496581221 1096.822276119237 -11943.11897488799 -8440.379396643004
 -16584.28569570289 35870.13443136068 1096.785983233032 -11943.28800873487 -8440.368632765314
 -16584.4707887424 35870.12496522404 1096.822278985096 -11943.11897633219 -8440.379397741432
 -16584.47078760979 35870.12496425817 1096.822277000645 -11943.11897602668 -8440.37939641451
 -16584.28569524861 35870.13443789363 1096.785977897961 -11943.28801473333 -8440.368625126997
 -16584.27720480607 35870.11216024645 1096.787738453379 -11943.28539061955 -8440.359154337932
