# Created by Octave 4.2.1, Mon Oct 09 17:46:42 2017 BRT <root@mosqueiro>
# name: pop
# type: matrix
# rows: 1000
# columns: 5
 1894.637099117529 -7735.998358732921 -5816.444134829037 9337.003186367527 2319.592026253327
 1894.701559433615 -7735.921233139703 -5816.445618339862 9336.905975985448 2319.549134406272
 1894.701559433615 -7735.921233139703 -5816.445618339862 9336.905975985448 2319.549134406272
 1894.701559433615 -7735.921233139703 -5816.445618339862 9336.905975985448 2319.549134406272
 1894.701559433615 -7735.921233139703 -5816.445618339862 9336.905975985448 2319.549134406272
 1894.637027884957 -7735.996457248609 -5816.445550733404 9337.002666154485 2319.59209548783
 1894.702206423046 -7735.921015967851 -5816.446166263114 9336.906183520821 2319.548908303693
 1894.554741339393 -7736.347238337363 -5816.061644112515 9337.249888001248 2319.394059688756
 1894.640114664684 -7735.961656987905 -5816.441103380995 9336.957755941343 2319.594760345552
 1894.554634565516 -7736.347302226407 -5816.061439692538 9337.249719944852 2319.394098743325
 1894.637205966481 -7735.997041009339 -5816.445068929302 9337.002777603209 2319.591936130038
 1894.637198271531 -7735.996986524415 -5816.445083976809 9337.00275626682 2319.591930787703
 1894.637095688063 -7735.998354604624 -5816.444142761983 9337.00317958141 2319.592035070899
 1894.637095688063 -7735.998354604624 -5816.444142761983 9337.00317958141 2319.592035070899
 1894.701559433615 -7735.921233139703 -5816.445618339862 9336.905975985448 2319.549134406272
 1894.644554864391 -7735.961488266027 -5816.468597195022 9336.985641096237 2319.589769408456
 1894.554701761723 -7736.347247549912 -5816.061605223731 9337.2499404593 2319.394041748422
 1894.637095688063 -7735.998354604624 -5816.444142761983 9337.00317958141 2319.592035070899
 1894.701559433615 -7735.921233139703 -5816.445618339862 9336.905975985448 2319.549134406272
 1894.701559433615 -7735.921233139703 -5816.445618339862 9336.905975985448 2319.549134406272
 1894.701559433615 -7735.921233139703 -5816.445618339862 9336.905975985448 2319.549134406272
 1894.554701761723 -7736.347247549912 -5816.061605223731 9337.2499404593 2319.394041748422
 3399.546005171488 -6560.616003563374 -6212.857152978154 7876.341906010074 1496.474633972625
 1894.701559433615 -7735.921233139703 -5816.445618339862 9336.905975985448 2319.549134406272
 1894.637057058591 -7735.996478305585 -5816.44552248503 9337.002665019309 2319.592096003833
 1894.637205966481 -7735.997041009339 -5816.445068929302 9337.002777603209 2319.591936130038
 1894.554708350106 -7736.347272928148 -5816.061610768063 9337.249946286347 2319.39406745386
 1894.636535820287 -7735.996308280802 -5816.445743562431 9337.002475200166 2319.592882113016
 1894.701559433615 -7735.921233139703 -5816.445618339862 9336.905975985448 2319.549134406272
 1894.554701761723 -7736.347247549912 -5816.061605223731 9337.2499404593 2319.394041748422
 1894.554701761723 -7736.347247549912 -5816.061605223731 9337.2499404593 2319.394041748422
 1894.637095688063 -7735.998354604624 -5816.444142761983 9337.00317958141 2319.592035070899
 1894.636529892691 -7735.996307585145 -5816.445759048012 9337.002468382067 2319.592883188961
 1894.701559433615 -7735.921233139703 -5816.445618339862 9336.905975985448 2319.549134406272
 1894.637205966481 -7735.997041009339 -5816.445068929302 9337.002777603209 2319.591936130038
 1894.637095688063 -7735.998354604624 -5816.444142761983 9337.00317958141 2319.592035070899
 1894.554691275098 -7736.347225623617 -5816.061599921621 9337.249936905344 2319.394023106867
 1894.637189559104 -7735.996182998269 -5816.445800590485 9337.00262175217 2319.591984772953
 1894.701909962232 -7735.921652829375 -5816.445704596576 9336.906275373554 2319.549002176348
 1894.701559433615 -7735.921233139703 -5816.445618339862 9336.905975985448 2319.549134406272
 1894.554656388676 -7736.347243913965 -5816.06154731698 9337.249941859776 2319.394017288911
 1894.637073785748 -7735.998255871849 -5816.444036116019 9337.002866765679 2319.592142353524
 1894.55475714104 -7736.347236340715 -5816.061541237134 9337.249909823891 2319.394018749126
 1894.637057058591 -7735.996478305585 -5816.44552248503 9337.002665019309 2319.592096003833
 1894.637073785748 -7735.998255871849 -5816.444036116019 9337.002866765679 2319.592142353524
 1894.637200475961 -7735.996992337004 -5816.445080546546 9337.002746803229 2319.591934258377
 1894.637099117529 -7735.998358732921 -5816.444134829037 9337.003186367527 2319.592026253327
 1894.701559433615 -7735.921233139703 -5816.445618339862 9336.905975985448 2319.549134406272
 1894.640074774623 -7735.96166834121 -5816.440396117675 9336.957812266428 2319.595070307617
 1894.701559433615 -7735.921233139703 -5816.445618339862 9336.905975985448 2319.549134406272
 1894.637205966481 -7735.997041009339 -5816.445068929302 9337.002777603209 2319.591936130038
 1894.701535518325 -7735.921249810728 -5816.445612150103 9336.905963929752 2319.549139173569
 1894.637205966481 -7735.997041009339 -5816.445068929302 9337.002777603209 2319.591936130038
 1894.663573436487 -7736.0435048083 -5816.58693585055 9337.125512823846 2319.631108287364
 1894.637073785748 -7735.998255871849 -5816.444036116019 9337.002866765679 2319.592142353524
 1894.701559433615 -7735.921233139703 -5816.445618339862 9336.905975985448 2319.549134406272
 1894.637099117529 -7735.998358732921 -5816.444134829037 9337.003186367527 2319.592026253327
 1894.637205966481 -7735.997041009339 -5816.445068929302 9337.002777603209 2319.591936130038
 1894.637027884957 -7735.996457248609 -5816.445550733404 9337.002666154485 2319.59209548783
 1894.637205966481 -7735.997041009339 -5816.445068929302 9337.002777603209 2319.591936130038
 1894.637027884957 -7735.996457248609 -5816.445550733404 9337.002666154485 2319.59209548783
 1894.701559433615 -7735.921233139703 -5816.445618339862 9336.905975985448 2319.549134406272
 1894.637016884115 -7735.996463951794 -5816.445559145717 9337.002665906719 2319.592094901764
 1894.637204845788 -7735.997034422931 -5816.445050211854 9337.002768741368 2319.591952071398
 1894.637095688063 -7735.998354604624 -5816.444142761983 9337.00317958141 2319.592035070899
 1894.637094217026 -7735.998350915785 -5816.444134247706 9337.003180634238 2319.59204235735
 1894.554696518181 -7736.34725221286 -5816.061583315615 9337.249963065826 2319.39398645956
 1894.636529892691 -7735.996307585145 -5816.445759048012 9337.002468382067 2319.592883188961
 1894.637843710194 -7735.999218252118 -5816.444788856416 9337.002717051826 2319.592276233101
 1894.701559433615 -7735.921233139703 -5816.445618339862 9336.905975985448 2319.549134406272
 1894.637073785748 -7735.998255871849 -5816.444036116019 9337.002866765679 2319.592142353524
 1894.701559433615 -7735.921233139703 -5816.445618339862 9336.905975985448 2319.549134406272
 1894.636529892691 -7735.996307585145 -5816.445759048012 9337.002468382067 2319.592883188961
 1894.701559433615 -7735.921233139703 -5816.445618339862 9336.905975985448 2319.549134406272
 1894.701559433615 -7735.921233139703 -5816.445618339862 9336.905975985448 2319.549134406272
 1894.637057320838 -7735.996478746955 -5816.445524684328 9337.002672930284 2319.592093278639
 1894.665526249938 -7736.044214032113 -5816.586334097899 9337.122839307791 2319.634439968139
 1894.554680488103 -7736.347295125612 -5816.061556746889 9337.249923733038 2319.393985688539
 1894.637099117529 -7735.998358732921 -5816.444134829037 9337.003186367527 2319.592026253327
 1894.637095688063 -7735.998354604624 -5816.444142761983 9337.00317958141 2319.592035070899
 1894.64420280176 -7735.96134980578 -5816.468768301494 9336.985707275066 2319.590039557479
 1894.701950007694 -7735.921660408469 -5816.445747557023 9336.906285949835 2319.548987929283
 1894.642323411244 -7735.978863907053 -5816.443263243444 9337.003384672995 2319.567105049059
 1894.6370305859 -7735.996455100697 -5816.445546231544 9337.002669578793 2319.592096576725
 1894.701559433615 -7735.921233139703 -5816.445618339862 9336.905975985448 2319.549134406272
