# Created by Octave 4.2.1, Mon Oct 09 18:17:16 2017 BRT <root@mosqueiro>
# name: pop
# type: matrix
# rows: 1000
# columns: 5
 34429.55876394104 7649.066365768381 -26569.92385545887 1104.804485629504 -16614.5057035658
 34429.25869099181 7649.169872354623 -26569.80980633259 1104.666973110555 -16614.28548156057
 34429.25869099181 7649.169872354623 -26569.80980633259 1104.666973110555 -16614.28548156057
 34429.25869099181 7649.169872354623 -26569.80980633259 1104.666973110555 -16614.28548156057
 34429.25869099181 7649.169872354623 -26569.80980633259 1104.666973110555 -16614.28548156057
 34429.35770689175 7649.122346742107 -26569.81279893982 1104.649850554615 -16614.32420892125
 34429.36647184014 7649.462374635638 -26569.67262407135 1105.259792891697 -16615.41512838323
 34429.25869099181 7649.169872354623 -26569.80980633259 1104.666973110555 -16614.28548156057
 34441.57226435831 7648.71690564683 -26570.6725120984 1105.932767617092 -16626.55862327559
 34429.33563279837 7649.118369369018 -26569.80148899241 1104.637194569996 -16614.33228668803
 34429.25869099181 7649.169872354623 -26569.80980633259 1104.666973110555 -16614.28548156057
 34429.3532435632 7649.476884740117 -26569.68431642175 1105.269130462953 -16615.41416874185
 34429.49374121393 7649.048901235112 -26569.83504592867 1104.858753110109 -16614.50020961123
 34429.49374121393 7649.048901235112 -26569.83504592867 1104.858753110109 -16614.50020961123
 34429.45639450428 7649.054832283319 -26569.82464511018 1104.861517214507 -16614.55086834804
 34429.25869099181 7649.169872354623 -26569.80980633259 1104.666973110555 -16614.28548156057
 34441.55302733812 7648.741622523983 -26570.67022041345 1105.936500391913 -16626.57311465304
 34429.35151827421 7649.471331980886 -26569.68381390464 1105.279099322235 -16615.42419491514
 34429.35151827421 7649.471331980886 -26569.68381390464 1105.279099322235 -16615.42419491514
 34429.25869099181 7649.169872354623 -26569.80980633259 1104.666973110555 -16614.28548156057
 34429.35151827421 7649.471331980886 -26569.68381390464 1105.279099322235 -16615.42419491514
 34429.35770689175 7649.122346742107 -26569.81279893982 1104.649850554615 -16614.32420892125
 34429.25869099181 7649.169872354623 -26569.80980633259 1104.666973110555 -16614.28548156057
 34429.36647184014 7649.462374635638 -26569.67262407135 1105.259792891697 -16615.41512838323
 34429.35151827421 7649.471331980886 -26569.68381390464 1105.279099322235 -16615.42419491514
 34429.55320608748 7649.05789929067 -26569.91525326313 1104.802175887377 -16614.50745082379
 34429.25869099181 7649.169872354623 -26569.80980633259 1104.666973110555 -16614.28548156057
 34429.55320608748 7649.05789929067 -26569.91525326313 1104.802175887377 -16614.50745082379
 34429.54804313113 7649.0506152208 -26569.92002520111 1104.80526365098 -16614.51292380775
 34429.35151827421 7649.471331980886 -26569.68381390464 1105.279099322235 -16615.42419491514
 34429.35270338124 7649.494504951675 -26569.71992887583 1105.307980294637 -16615.44525765369
 34429.37391423304 7649.145190132184 -26569.81284986306 1104.638314704162 -16614.31208438105
 34429.55320608748 7649.05789929067 -26569.91525326313 1104.802175887377 -16614.50745082379
 34429.55320608748 7649.05789929067 -26569.91525326313 1104.802175887377 -16614.50745082379
 34809.27155811923 7972.582442012144 -27043.86778149553 667.4953139398415 -16409.44081381772
 34429.25869099181 7649.169872354623 -26569.80980633259 1104.666973110555 -16614.28548156057
 34429.55320608748 7649.05789929067 -26569.91525326313 1104.802175887377 -16614.50745082379
 34429.25869099181 7649.169872354623 -26569.80980633259 1104.666973110555 -16614.28548156057
 34429.33978307914 7649.461350853913 -26569.65634286172 1105.276604806138 -16615.39698457618
 34429.36231055034 7649.475128686322 -26569.68712035116 1105.287479462811 -16615.42724981828
 34429.38073072267 7649.441425887388 -26569.66799756808 1105.240605573877 -16615.4210143202
 34429.25869099181 7649.169872354623 -26569.80980633259 1104.666973110555 -16614.28548156057
 34429.35770689175 7649.122346742107 -26569.81279893982 1104.649850554615 -16614.32420892125
 34441.55436392983 7648.742456511762 -26570.6710715199 1105.940917248868 -16626.57650474083
 34441.55302733812 7648.741622523983 -26570.67022041345 1105.936500391913 -16626.57311465304
 34429.25869099181 7649.169872354623 -26569.80980633259 1104.666973110555 -16614.28548156057
 34429.35151827421 7649.471331980886 -26569.68381390464 1105.279099322235 -16615.42419491514
 34429.55320608748 7649.05789929067 -26569.91525326313 1104.802175887377 -16614.50745082379
 34429.35770689175 7649.122346742107 -26569.81279893982 1104.649850554615 -16614.32420892125
 34429.35151827421 7649.471331980886 -26569.68381390464 1105.279099322235 -16615.42419491514
 34429.35151827421 7649.471331980886 -26569.68381390464 1105.279099322235 -16615.42419491514
 34429.33987831225 7649.15282574872 -26569.82164501802 1104.66146462431 -16614.32434565128
 34429.55320608748 7649.05789929067 -26569.91525326313 1104.802175887377 -16614.50745082379
 34429.35770689175 7649.122346742107 -26569.81279893982 1104.649850554615 -16614.32420892125
 34429.72971415215 7648.849853259116 -26569.8593155841 1104.721628919465 -16614.41155005646
 34429.35770689175 7649.122346742107 -26569.81279893982 1104.649850554615 -16614.32420892125
 34429.38578766403 7649.431760944196 -26569.57828584449 1105.256884182738 -16615.49514012392
 34429.3558087327 7649.131654948687 -26569.82994657349 1104.654929881375 -16614.33821031866
 34429.25869099181 7649.169872354623 -26569.80980633259 1104.666973110555 -16614.28548156057
 34429.34665475582 7649.122468132537 -26569.81873436054 1104.665088993228 -16614.32162231156
 34429.35770689175 7649.122346742107 -26569.81279893982 1104.649850554615 -16614.32420892125
 34429.53428711223 7649.144454860793 -26569.8487060746 1104.965843559796 -16614.40884401425
 34429.35151827421 7649.471331980886 -26569.68381390464 1105.279099322235 -16615.42419491514
 34429.37684359704 7649.423426649445 -26569.56971350313 1105.25284677299 -16615.47534152307
 34429.35151827421 7649.471331980886 -26569.68381390464 1105.279099322235 -16615.42419491514
 34429.25869099181 7649.169872354623 -26569.80980633259 1104.666973110555 -16614.28548156057
 34429.25869099181 7649.169872354623 -26569.80980633259 1104.666973110555 -16614.28548156057
 34429.35770689175 7649.122346742107 -26569.81279893982 1104.649850554615 -16614.32420892125
 34429.27938558177 7649.491291026445 -26569.70499684183 1105.276361410656 -16615.44087654187
 34429.25869099181 7649.169872354623 -26569.80980633259 1104.666973110555 -16614.28548156057
 34429.55054805385 7649.049588622848 -26569.9151278049 1104.804796998062 -16614.50290599723
 34429.55320608748 7649.05789929067 -26569.91525326313 1104.802175887377 -16614.50745082379
 34441.55302733812 7648.741622523983 -26570.67022041345 1105.936500391913 -16626.57311465304
 34429.25869099181 7649.169872354623 -26569.80980633259 1104.666973110555 -16614.28548156057
 34429.25869099181 7649.169872354623 -26569.80980633259 1104.666973110555 -16614.28548156057
 34429.55320608748 7649.05789929067 -26569.91525326313 1104.802175887377 -16614.50745082379
 34429.55320608748 7649.05789929067 -26569.91525326313 1104.802175887377 -16614.50745082379
 34429.55320608748 7649.05789929067 -26569.91525326313 1104.802175887377 -16614.50745082379
 34429.35770689175 7649.122346742107 -26569.81279893982 1104.649850554615 -16614.32420892125
 34429.53671650991 7649.056518900338 -26569.91788525704 1104.805121730753 -16614.52617725232
 34429.35151827421 7649.471331980886 -26569.68381390464 1105.279099322235 -16615.42419491514
 34429.25869099181 7649.169872354623 -26569.80980633259 1104.666973110555 -16614.28548156057
 34441.55302733812 7648.741622523983 -26570.67022041345 1105.936500391913 -16626.57311465304
 34429.55320608748 7649.05789929067 -26569.91525326313 1104.802175887377 -16614.50745082379
