# Created by Octave 4.2.1, Mon Oct 09 18:42:38 2017 BRT <root@mosqueiro>
# name: pop
# type: matrix
# rows: 1000
# columns: 5
 9496.920714901898 -4229.597863880119 -1272.252990961073 -6028.321746125229 2045.091040147088
 9038.161742797551 -7898.573771228968 1150.865555485592 -5448.37831385851 3174.518999990009
 9038.161742797551 -7898.573771228968 1150.865555485592 -5448.37831385851 3174.518999990009
 9038.161742797551 -7898.573771228968 1150.865555485592 -5448.37831385851 3174.518999990009
 9038.161742797551 -7898.573771228968 1150.865555485592 -5448.37831385851 3174.518999990009
 12523.52461407101 -3038.747687821625 1398.418464531164 -6957.104014966972 9459.233395694782
 9038.161742797551 -7898.573771228968 1150.865555485592 -5448.37831385851 3174.518999990009
 9038.161742797551 -7898.573771228968 1150.865555485592 -5448.37831385851 3174.518999990009
 6359.396326071408 -7233.831063674201 1691.209850855097 -2821.977012714691 -1012.368730011419
 9038.161742797551 -7898.573771228968 1150.865555485592 -5448.37831385851 3174.518999990009
 9038.161742797551 -7898.573771228968 1150.865555485592 -5448.37831385851 3174.518999990009
 9038.161742797551 -7898.573771228968 1150.865555485592 -5448.37831385851 3174.518999990009
 12949.28469978023 -11332.39804415763 882.6018961483773 -4317.475219173284 4109.301965911596
 9902.83998623612 -9601.451350197032 4961.627818667508 -8245.89290230744 5894.030677979791
 9038.161742797551 -7898.573771228968 1150.865555485592 -5448.37831385851 3174.518999990009
 9038.161742797551 -7898.573771228968 1150.865555485592 -5448.37831385851 3174.518999990009
 9038.161742797551 -7898.573771228968 1150.865555485592 -5448.37831385851 3174.518999990009
 9678.860692183844 -7025.510368059384 1731.836791897554 -4714.054748985801 5505.401642347657
 11228.03587080055 -7039.50181685476 -246.2430455319072 -13095.70871653076 11458.79738836577
 8424.426218651693 -15509.53205110653 12944.42932855287 -9857.047375013361 5544.644830978936
 9496.920714901898 -4229.597863880119 -1272.252990961073 -6028.321746125229 2045.091040147088
 9038.161742797551 -7898.573771228968 1150.865555485592 -5448.37831385851 3174.518999990009
 9038.161742797551 -7898.573771228968 1150.865555485592 -5448.37831385851 3174.518999990009
 21999.80866614793 -12502.85908923913 -3239.656081530357 -2951.691117003465 12635.1342344239
 9038.161742797551 -7898.573771228968 1150.865555485592 -5448.37831385851 3174.518999990009
 8217.408362811908 -10358.18752813445 3360.824475722221 -9952.821851823581 14693.57028092193
 9038.161742797551 -7898.573771228968 1150.865555485592 -5448.37831385851 3174.518999990009
 9038.161742797551 -7898.573771228968 1150.865555485592 -5448.37831385851 3174.518999990009
 9038.161742797551 -7898.573771228968 1150.865555485592 -5448.37831385851 3174.518999990009
 6193.512331593081 -10845.58482477107 -1638.661028768225 -9284.483602655529 2354.612727497269
 9038.161742797551 -7898.573771228968 1150.865555485592 -5448.37831385851 3174.518999990009
 8935.393669234198 -18036.70904677912 1632.786591296352 -9983.269545359919 7727.240261035172
 9496.920714901898 -4229.597863880119 -1272.252990961073 -6028.321746125229 2045.091040147088
 9038.161742797551 -7898.573771228968 1150.865555485592 -5448.37831385851 3174.518999990009
 9038.161742797551 -7898.573771228968 1150.865555485592 -5448.37831385851 3174.518999990009
 9038.161742797551 -7898.573771228968 1150.865555485592 -5448.37831385851 3174.518999990009
 18626.23116503378 -3121.683883709774 2183.933873451871 8734.477221679303 -4808.97303540757
 9038.161742797551 -7898.573771228968 1150.865555485592 -5448.37831385851 3174.518999990009
 9038.161742797551 -7898.573771228968 1150.865555485592 -5448.37831385851 3174.518999990009
 9038.161742797551 -7898.573771228968 1150.865555485592 -5448.37831385851 3174.518999990009
 9038.161742797551 -7898.573771228968 1150.865555485592 -5448.37831385851 3174.518999990009
 10764.81270055773 -15630.9844435554 7818.810444130996 3493.468952033114 -5449.729839773589
 851.2661118154874 -3108.314178807947 4509.164019583362 5605.892214234913 7215.78792762671
 15377.9603581235 -6581.121118264326 3829.710764105545 -10300.34211397249 6331.665735167216
 9038.161742797551 -7898.573771228968 1150.865555485592 -5448.37831385851 3174.518999990009
 15753.48039966958 -13227.14469055656 -1341.699529301734 25.96427726232105 5666.872882847718
 7730.411185233206 -8310.61877460606 2335.806594420103 -3769.67759524656 5125.392539644663
 9038.161742797551 -7898.573771228968 1150.865555485592 -5448.37831385851 3174.518999990009
 9038.161742797551 -7898.573771228968 1150.865555485592 -5448.37831385851 3174.518999990009
 9038.161742797551 -7898.573771228968 1150.865555485592 -5448.37831385851 3174.518999990009
 9038.161742797551 -7898.573771228968 1150.865555485592 -5448.37831385851 3174.518999990009
 9038.161742797551 -7898.573771228968 1150.865555485592 -5448.37831385851 3174.518999990009
 9038.161742797551 -7898.573771228968 1150.865555485592 -5448.37831385851 3174.518999990009
 9038.161742797551 -7898.573771228968 1150.865555485592 -5448.37831385851 3174.518999990009
 9038.161742797551 -7898.573771228968 1150.865555485592 -5448.37831385851 3174.518999990009
 9038.161742797551 -7898.573771228968 1150.865555485592 -5448.37831385851 3174.518999990009
 7502.829768845624 -10213.45170170432 -2182.017931882609 -7305.665116424375 4901.053052938985
 9038.161742797551 -7898.573771228968 1150.865555485592 -5448.37831385851 3174.518999990009
 9038.161742797551 -7898.573771228968 1150.865555485592 -5448.37831385851 3174.518999990009
 9038.161742797551 -7898.573771228968 1150.865555485592 -5448.37831385851 3174.518999990009
 17166.57055605304 -7844.387458700882 -7933.803604945935 -938.2723689473614 2292.0485000692
 9038.161742797551 -7898.573771228968 1150.865555485592 -5448.37831385851 3174.518999990009
 851.2661118154874 -3108.314178807947 4509.164019583362 5605.892214234913 7215.78792762671
 10172.30892715118 -10772.91969784291 -2661.999911005809 7979.910915362189 6394.265610143826
 5941.870687240961 4890.883234727802 14814.59819422121 -19630.75368145859 22877.17228099088
 9038.161742797551 -7898.573771228968 1150.865555485592 -5448.37831385851 3174.518999990009
 9038.161742797551 -7898.573771228968 1150.865555485592 -5448.37831385851 3174.518999990009
 9038.161742797551 -7898.573771228968 1150.865555485592 -5448.37831385851 3174.518999990009
 9038.161742797551 -7898.573771228968 1150.865555485592 -5448.37831385851 3174.518999990009
 9038.161742797551 -7898.573771228968 1150.865555485592 -5448.37831385851 3174.518999990009
 9038.161742797551 -7898.573771228968 1150.865555485592 -5448.37831385851 3174.518999990009
 9038.161742797551 -7898.573771228968 1150.865555485592 -5448.37831385851 3174.518999990009
 9038.161742797551 -7898.573771228968 1150.865555485592 -5448.37831385851 3174.518999990009
 9038.161742797551 -7898.573771228968 1150.865555485592 -5448.37831385851 3174.518999990009
 11524.48375285527 6605.687851754894 -4020.337744167811 -11471.94280297258 10741.82407674397
 8217.408362811908 -10358.18752813445 3360.824475722221 -9952.821851823581 14693.57028092193
 9038.161742797551 -7898.573771228968 1150.865555485592 -5448.37831385851 3174.518999990009
 13031.34667809655 -9029.584495326329 7498.415144407893 -209.8854100661929 1137.227578420039
 9038.161742797551 -7898.573771228968 1150.865555485592 -5448.37831385851 3174.518999990009
 9038.161742797551 -7898.573771228968 1150.865555485592 -5448.37831385851 3174.518999990009
 -1251.220231255301 -10487.41603161983 18737.36133853205 1463.57111259086 7131.716280791605
 9038.161742797551 -7898.573771228968 1150.865555485592 -5448.37831385851 3174.518999990009
 9038.161742797551 -7898.573771228968 1150.865555485592 -5448.37831385851 3174.518999990009
 12758.50363619683 -7434.633940283077 828.8324309940949 -6641.957852451096 2468.582093605534
 9038.161742797551 -7898.573771228968 1150.865555485592 -5448.37831385851 3174.518999990009
