# Created by Octave 4.2.1, Mon Oct 09 18:38:07 2017 BRT <root@mosqueiro>
# name: pop
# type: matrix
# rows: 1000
# columns: 5
 9038.161742797551 -7898.573771228968 1150.865555485592 -5448.37831385851 3174.518999990009
 9038.161742797551 -7898.573771228968 1150.865555485592 -5448.37831385851 3174.518999990009
 9038.161742797551 -7898.573771228968 1150.865555485592 -5448.37831385851 3174.518999990009
 9038.161742797551 -7898.573771228968 1150.865555485592 -5448.37831385851 3174.518999990009
 9038.161742797551 -7898.573771228968 1150.865555485592 -5448.37831385851 3174.518999990009
 5529.342882843694 -2033.317528772431 9621.73020429481 444.8697356682787 -3249.495301038253
 -9640.75126015808 2163.171160829146 6099.78387839929 3384.75406354243 4345.968623521212
 -9556.128312063458 9963.449579853117 9234.762785920382 5864.251301842649 -9776.631615178219
 -4529.893139867332 2955.674106638018 -4070.604205315512 -996.954071878481 2500.577775221371
 16731.06357930164 -19649.91322533792 28605.3442990824 -12288.73943726641 14291.0003504963
 1145.965525058373 -6421.155008867732 8487.605586782924 615.1381623489888 -3775.963240603114
 1145.965525058373 -6421.155008867732 8487.605586782924 615.1381623489888 -3775.963240603114
 5461.10456762898 -3313.823995777373 -4993.689471714485 -2933.83513160448 8638.557112468505
 5917.55836547026 -2671.962718631761 4169.91284592605 -4874.603308894553 -1616.587113554499
 -5574.420415925253 -5145.516033707639 1447.530630651103 -4944.788911113826 5550.29129369562
 -366.046753112334 -4510.549421420188 -433.1897666076188 -9619.22748104275 -28560.3883069025
 -388.2849682081305 6495.160881940195 -1460.221060868329 3079.049032428349 7048.965282329034
 1145.965525058373 -6421.155008867732 8487.605586782924 615.1381623489888 -3775.963240603114
 -3071.652260138625 7869.746345379579 -1403.584138079264 -6995.787750886639 3375.299878702872
 -8735.121208009363 -4710.206234562685 9180.296802244291 -4961.66960938559 -9777.032629996203
 -1081.807770924794 953.8560289740508 -1661.298349480572 5196.99163737932 -3308.468078923364
 -7661.826336469561 -6609.987364211664 4437.753648663407 9442.478054672614 3557.561971190678
 -3908.170703725809 8013.647235411037 -1226.419511365439 -6977.35848238186 -5072.416005984043
 2999.041059930512 -8773.370811903273 3644.646727147192 -436.5039298045322 -5386.980056900864
 6683.984311843429 2791.478647793318 -7837.158764179543 4998.403510361788 -6556.149904026508
 -53555.45540701508 -944.0566348367963 -48821.93734951006 -11395.22407905873 8783.42749880864
 -6565.88743078215 -1649.582895199694 -5204.137724428389 4133.476496687184 -4951.53206743799
 1145.965525058373 -6421.155008867732 8487.605586782924 615.1381623489888 -3775.963240603114
 924.6801781289487 6254.163842171687 1958.329867347424 -532.3165734193281 -8208.250531839731
 -1214.096359191461 4393.34580720218 646.3768616037651 3064.115891910133 4843.519292479248
 9038.161742797551 -7898.573771228968 1150.865555485592 -5448.37831385851 3174.518999990009
 9038.161742797551 -7898.573771228968 1150.865555485592 -5448.37831385851 3174.518999990009
 9038.161742797551 -7898.573771228968 1150.865555485592 -5448.37831385851 3174.518999990009
 4342.262633251044 -211.5869975664245 -7415.834114740453 -327.2872499298719 4661.916987622777
 6683.984311843429 2791.478647793318 -7837.158764179543 4998.403510361788 -6556.149904026508
 5884.049795354211 -5203.935856169182 -6394.765109197449 2967.737112126859 4071.929419513319
 9038.161742797551 -7898.573771228968 1150.865555485592 -5448.37831385851 3174.518999990009
 -1525.715806808699 3160.155166553566 8537.979047269637 4941.150385349047 9630.528052148995
 1145.965525058373 -6421.155008867732 8487.605586782924 615.1381623489888 -3775.963240603114
 -3080.299510117793 733.9241335248898 -28.71194546002334 6265.07356952695 2694.983203343114
 1688.446353130701 8276.269225600776 -7193.267386794077 8381.5567653951 6716.902839192586
 -185.6013804176164 -2949.125721233129 541.2757495442766 6109.938423365113 2461.461900351962
 9038.161742797551 -7898.573771228968 1150.865555485592 -5448.37831385851 3174.518999990009
 1016.288784710023 4793.064838878408 -2107.937812500295 -6649.541284379889 9121.760944380298
 -8091.074081562231 -27299.22289758644 -16359.15548220078 -2509.65609935263 -11492.21404045725
 3308.387213869675 2579.691477682767 4580.442177502697 7368.155551041942 -9462.098807388811
 -2157.048718413407 4147.481527757136 0.2526662394902814 -6186.755536360581 4601.041312566551
 7504.092636933154 8595.572332265598 2283.305093959376 -6687.942069706244 5397.706144085338
 9038.161742797551 -7898.573771228968 1150.865555485592 -5448.37831385851 3174.518999990009
 -17756.67188989728 3054.159981913558 15322.34955896977 12531.7107086073 42419.27372281497
 -1009.868757384655 1974.790103249323 4949.91530251867 -2178.69735718545 -2796.771373208441
 -753.7865629332591 5339.469918516952 1886.39215831908 -697.8095918614217 -3807.898710218961
 5101.044312372049 -9860.914901000891 1123.781296178258 2986.178004442703 566.0900324170525
 -5791.990256072531 7940.097441555325 -222.3677323485681 3327.109470658763 -4260.115075789425
 1460.156501091888 -3216.459587498758 -9294.632450212048 1807.609788459409 -2692.818709630399
 1145.965525058373 -6421.155008867732 8487.605586782924 615.1381623489888 -3775.963240603114
 12289.47888786566 -2308.421010573279 4532.320123646703 26230.90534664327 -12621.92269956295
 8297.685723612605 6350.889553566078 -668.0753774808672 -3032.906112514128 -4187.799691136579
 3051.725311658198 2721.145904571127 -2640.604110902465 6888.490743881877 3074.923754050551
 1145.965525058373 -6421.155008867732 8487.605586782924 615.1381623489888 -3775.963240603114
 -1081.807770924794 953.8560289740508 -1661.298349480572 5196.99163737932 -3308.468078923364
 9038.161742797551 -7898.573771228968 1150.865555485592 -5448.37831385851 3174.518999990009
 -4095.586622721935 -8877.415741954681 7902.644395928906 8320.172827069029 359.2322562706104
 4791.113527787133 -4822.790468397688 3363.133274359538 5272.250555009055 -9772.050394192667
 -7189.580840610095 -9475.63620524597 17626.88187859396 -21396.81896802007 -7095.648520909283
 9038.161742797551 -7898.573771228968 1150.865555485592 -5448.37831385851 3174.518999990009
 -4267.128722638748 -573.5982044719294 -15.58885690338684 5263.190073941416 -7894.065809703554
 -6014.103938724604 15940.51611780009 26118.41979191209 5932.544823033788 35751.29326244339
 -7764.154039732397 8616.938835901212 3641.533054603779 6053.903973705941 -1898.813047246378
 -3246.438210755572 7958.851152769079 -2248.77224301374 -2532.323115031553 -4447.818091041121
 2285.665256083537 -2858.501013034855 -3177.59588202397 4393.854984111078 2430.916715812757
 -7391.645834926518 -217.2584371793855 8557.66487266999 -9775.890165365385 9901.467916030004
 -26674.07752650505 -7606.213345775352 18247.64281613202 3390.765412289795 11293.12137038998
 -23456.13607333439 -8822.29261076028 38266.49254118164 -40852.83449875897 30983.92038126762
 -1993.134535971612 -4904.137167661424 4777.500516296504 5165.589929539647 4295.557990604928
 -9260.134928525953 9035.179050281055 4049.912661863891 -6193.163959635647 2315.412433480027
 9215.970068767903 -4548.510080355578 -4876.521781063851 -175.92202244701 1273.507151659733
 -1274.416648130706 -1255.311809071294 -648.8471679995855 -90.02172929573317 5178.241397121992
 -6322.497210567236 -8362.403893210694 -4680.284903241289 -2654.806884994347 -6312.542626081087
 -492.2126706097733 8704.766973073391 -1754.825202369784 4984.872142271992 -5162.913355516817
 6037.502560791254 -9680.419925281461 5608.411506235947 -1185.148223348368 -158.4789198118215
 7338.36769043397 -2742.09690047435 -1045.937566625404 3718.267727837918 -6968.928524833005
 -1081.807770924794 953.8560289740508 -1661.298349480572 5196.99163737932 -3308.468078923364
 -20900.20341729763 32709.39895221761 39738.5557812509 -20618.92998842031 -8689.800706442527
