# Created by Octave 4.2.1, Mon Oct 09 17:45:41 2017 BRT <root@mosqueiro>
# name: pop
# type: matrix
# rows: 1000
# columns: 5
 1894.637095688063 -7735.998354604624 -5816.444142761983 9337.00317958141 2319.592035070899
 1894.637189559104 -7735.996182998269 -5816.445800590485 9337.00262175217 2319.591984772953
 1894.637205966481 -7735.997041009339 -5816.445068929302 9337.002777603209 2319.591936130038
 1894.637205966481 -7735.997041009339 -5816.445068929302 9337.002777603209 2319.591936130038
 1894.637205966481 -7735.997041009339 -5816.445068929302 9337.002777603209 2319.591936130038
 1894.554701761723 -7736.347247549912 -5816.061605223731 9337.2499404593 2319.394041748422
 1894.554701761723 -7736.347247549912 -5816.061605223731 9337.2499404593 2319.394041748422
 1894.640478920621 -7735.95760483017 -5816.447343618783 9336.973439829155 2319.590521829185
 1894.537705300551 -7735.889080674979 -5816.440643004554 9336.984900538715 2319.597011062959
 1894.554701761723 -7736.347247549912 -5816.061605223731 9337.2499404593 2319.394041748422
 1894.637320881104 -7735.955421763082 -5816.448261251614 9336.988174222264 2319.571265534706
 1894.557115166654 -7736.339628057677 -5816.058332649865 9337.246122800005 2319.389534386762
 1894.637027884957 -7735.996457248609 -5816.445550733404 9337.002666154485 2319.59209548783
 1894.644820694335 -7735.961481387034 -5816.468386825719 9336.985752537879 2319.590028950701
 1894.701313413406 -7735.920985060589 -5816.445531487127 9336.906465134722 2319.548125316391
 1894.63078678875 -7735.96570788648 -5816.43511540208 9336.979793136456 2319.586368688131
 1894.641819655361 -7735.952068452365 -5816.442398334482 9336.960051601229 2319.582058004191
 1894.554701761723 -7736.347247549912 -5816.061605223731 9337.2499404593 2319.394041748422
 1894.637189559104 -7735.996182998269 -5816.445800590485 9337.00262175217 2319.591984772953
 1894.663573436487 -7736.0435048083 -5816.58693585055 9337.125512823846 2319.631108287364
 1894.702229203711 -7735.922673545107 -5816.445200239151 9336.906116983786 2319.548872145244
 1894.644548031605 -7735.961427578202 -5816.468632433778 9336.985664880287 2319.589788425563
 1894.701711037437 -7735.921551375397 -5816.445666404218 9336.906157863443 2319.549062283647
 1894.554701761723 -7736.347247549912 -5816.061605223731 9337.2499404593 2319.394041748422
 1894.637067976765 -7735.961687695717 -5816.439427566595 9336.958488675282 2319.595300764091
 1894.554701761723 -7736.347247549912 -5816.061605223731 9337.2499404593 2319.394041748422
 1894.554701761723 -7736.347247549912 -5816.061605223731 9337.2499404593 2319.394041748422
 1894.637205966481 -7735.997041009339 -5816.445068929302 9337.002777603209 2319.591936130038
 1894.643649942387 -7735.963185513723 -5816.468937741832 9336.986615626625 2319.58814663067
 1894.637095688063 -7735.998354604624 -5816.444142761983 9337.00317958141 2319.592035070899
 1894.554701761723 -7736.347247549912 -5816.061605223731 9337.2499404593 2319.394041748422
 1894.637205966481 -7735.997041009339 -5816.445068929302 9337.002777603209 2319.591936130038
 1894.627865197089 -7735.966645846403 -5816.435121319199 9336.981436081833 2319.585593005462
 1894.640152489151 -7735.961614979739 -5816.440695821623 9336.957953609835 2319.595008387187
 1894.63078678875 -7735.96570788648 -5816.43511540208 9336.979793136456 2319.586368688131
 1894.663573436487 -7736.0435048083 -5816.58693585055 9337.125512823846 2319.631108287364
 1894.554701761723 -7736.347247549912 -5816.061605223731 9337.2499404593 2319.394041748422
 1894.555764451814 -7736.342349177852 -5816.056682373383 9337.247028625519 2319.390109767008
 1894.554701761723 -7736.347247549912 -5816.061605223731 9337.2499404593 2319.394041748422
 1894.645240821808 -7735.961530002647 -5816.469002321595 9336.985320850241 2319.589910796216
 1894.645990371309 -7735.963060366716 -5816.468427520435 9336.985549497309 2319.590264522418
 1894.554701761723 -7736.347247549912 -5816.061605223731 9337.2499404593 2319.394041748422
 1894.637027884957 -7735.996457248609 -5816.445550733404 9337.002666154485 2319.59209548783
 1894.637000552094 -7735.996459076845 -5816.445769659898 9337.002779580567 2319.591459451609
 1894.701711037437 -7735.921551375397 -5816.445666404218 9336.906157863443 2319.549062283647
 1894.637205966481 -7735.997041009339 -5816.445068929302 9337.002777603209 2319.591936130038
 1894.644548031605 -7735.961427578202 -5816.468632433778 9336.985664880287 2319.589788425563
 1894.701711037437 -7735.921551375397 -5816.445666404218 9336.906157863443 2319.549062283647
 1894.637027884957 -7735.996457248609 -5816.445550733404 9337.002666154485 2319.59209548783
 1894.554701761723 -7736.347247549912 -5816.061605223731 9337.2499404593 2319.394041748422
 1894.628728925966 -7735.973306056897 -5816.448650411541 9336.976243283214 2319.607090357161
 1894.554623030705 -7736.3472945012 -5816.061439818843 9337.249723364635 2319.394102523506
 1894.623655031893 -7735.966287921919 -5816.437679634953 9336.973637570327 2319.584588973111
 1894.554701761723 -7736.347247549912 -5816.061605223731 9337.2499404593 2319.394041748422
 1894.637027884957 -7735.996457248609 -5816.445550733404 9337.002666154485 2319.59209548783
 1894.554701761723 -7736.347247549912 -5816.061605223731 9337.2499404593 2319.394041748422
 1894.663802344918 -7736.043360105184 -5816.586875767915 9337.125591412709 2319.630989808965
 1894.637067976765 -7735.961687695717 -5816.439427566595 9336.958488675282 2319.595300764091
 1894.554701761723 -7736.347247549912 -5816.061605223731 9337.2499404593 2319.394041748422
 1894.637843710194 -7735.999218252118 -5816.444788856416 9337.002717051826 2319.592276233101
 1894.637027884957 -7735.996457248609 -5816.445550733404 9337.002666154485 2319.59209548783
 1894.554701761723 -7736.347247549912 -5816.061605223731 9337.2499404593 2319.394041748422
 1894.661613416437 -7736.046764693259 -5816.575270774887 9337.116925336297 2319.633599393506
 1894.554701761723 -7736.347247549912 -5816.061605223731 9337.2499404593 2319.394041748422
 1894.554701761723 -7736.347247549912 -5816.061605223731 9337.2499404593 2319.394041748422
 1894.644548031605 -7735.961427578202 -5816.468632433778 9336.985664880287 2319.589788425563
 1894.554701761723 -7736.347247549912 -5816.061605223731 9337.2499404593 2319.394041748422
 1894.644548031605 -7735.961427578202 -5816.468632433778 9336.985664880287 2319.589788425563
 1894.637189190639 -7735.961906494338 -5816.439346460559 9336.958142628437 2319.595481697685
 1894.637189190639 -7735.961906494338 -5816.439346460559 9336.958142628437 2319.595481697685
 1894.637205966481 -7735.997041009339 -5816.445068929302 9337.002777603209 2319.591936130038
 1894.637307856827 -7735.997089903655 -5816.446730126371 9337.001649262196 2319.594189399725
 1894.637027884957 -7735.996457248609 -5816.445550733404 9337.002666154485 2319.59209548783
 1894.630859866443 -7735.975065800178 -5816.451989482012 9336.975542140826 2319.610936864593
 1894.637303217004 -7735.966472784523 -5816.434159640815 9336.974422999472 2319.585476788945
 1894.637073785748 -7735.998255871849 -5816.444036116019 9337.002866765679 2319.592142353524
 1894.554701761723 -7736.347247549912 -5816.061605223731 9337.2499404593 2319.394041748422
 3399.546005171488 -6560.616003563374 -6212.857152978154 7876.341906010074 1496.474633972625
 1894.644548031605 -7735.961427578202 -5816.468632433778 9336.985664880287 2319.589788425563
 1894.637027884957 -7735.996457248609 -5816.445550733404 9337.002666154485 2319.59209548783
 1894.630859866443 -7735.975065800178 -5816.451989482012 9336.975542140826 2319.610936864593
 1894.554701761723 -7736.347247549912 -5816.061605223731 9337.2499404593 2319.394041748422
 1894.554701761723 -7736.347247549912 -5816.061605223731 9337.2499404593 2319.394041748422
 1894.701711037437 -7735.921551375397 -5816.445666404218 9336.906157863443 2319.549062283647
 1894.637272576216 -7735.998147847242 -5816.443724192782 9337.002656106988 2319.592285177316
