# Created by Octave 4.2.1, Mon Oct 09 18:49:40 2017 BRT <root@mosqueiro>
# name: pop
# type: matrix
# rows: 1000
# columns: 5
 9082.390749826505 -7494.345115490374 981.097854007425 -5884.396083670688 3314.557570370737
 9081.243637689218 -7533.83737053099 1009.04434513488 -5823.866127758537 3266.7218912418
 9081.243637689218 -7533.83737053099 1009.04434513488 -5823.866127758537 3266.7218912418
 9081.243637689218 -7533.83737053099 1009.04434513488 -5823.866127758537 3266.7218912418
 9081.243637689218 -7533.83737053099 1009.04434513488 -5823.866127758537 3266.7218912418
 9080.991545203173 -7533.753947175249 1008.984400092105 -5823.690635557399 3266.771916475308
 9081.243637689218 -7533.83737053099 1009.04434513488 -5823.866127758537 3266.7218912418
 9082.350469366582 -7494.353405413507 981.1450526227173 -5884.375288045928 3314.568151268998
 9081.105677516964 -7548.031871287813 1020.532916715105 -5827.00475077581 3272.730588741172
 9080.947634398453 -7533.822247098039 1008.987406755302 -5823.722177313208 3266.778007823754
 9080.995897633464 -7533.737608428928 1009.003344773448 -5823.69712264077 3266.713638023011
 9082.765933897987 -7498.378756661972 980.8182017248783 -5881.845737117307 3316.093229840315
 9081.243637689218 -7533.83737053099 1009.04434513488 -5823.866127758537 3266.7218912418
 9082.112143977089 -7533.331753113351 1007.729300876282 -5823.024230506736 3265.817427614803
 9080.991545203173 -7533.753947175249 1008.984400092105 -5823.690635557399 3266.771916475308
 9082.486312291821 -7494.340634913357 981.1041657905994 -5884.391526490437 3314.610327833103
 9081.243637689218 -7533.83737053099 1009.04434513488 -5823.866127758537 3266.7218912418
 9081.243637689218 -7533.83737053099 1009.04434513488 -5823.866127758537 3266.7218912418
 9080.991545203173 -7533.753947175249 1008.984400092105 -5823.690635557399 3266.771916475308
 9075.524793442135 -7496.547065172394 982.3962633022179 -5880.305557540834 3318.238291504811
 9075.524793442135 -7496.547065172394 982.3962633022179 -5880.305557540834 3318.238291504811
 9080.991545203173 -7533.753947175249 1008.984400092105 -5823.690635557399 3266.771916475308
 9081.926996880327 -7534.193125914137 1008.441673114951 -5823.708184043399 3266.869812548241
 9080.991545203173 -7533.753947175249 1008.984400092105 -5823.690635557399 3266.771916475308
 9083.484703242117 -7495.777937586578 980.8202325337525 -5881.172386093982 3317.711672762711
 9080.991545203173 -7533.753947175249 1008.984400092105 -5823.690635557399 3266.771916475308
 9075.524793442135 -7496.547065172394 982.3962633022179 -5880.305557540834 3318.238291504811
 9081.243637689218 -7533.83737053099 1009.04434513488 -5823.866127758537 3266.7218912418
 9080.991545203173 -7533.753947175249 1008.984400092105 -5823.690635557399 3266.771916475308
 9080.991545203173 -7533.753947175249 1008.984400092105 -5823.690635557399 3266.771916475308
 9081.105677516964 -7548.031871287813 1020.532916715105 -5827.00475077581 3272.730588741172
 9080.991545203173 -7533.753947175249 1008.984400092105 -5823.690635557399 3266.771916475308
 9082.165284569082 -7533.316468446568 1007.87850589881 -5823.048629606958 3265.693208408768
 9081.243637689218 -7533.83737053099 1009.04434513488 -5823.866127758537 3266.7218912418
 9081.243637689218 -7533.83737053099 1009.04434513488 -5823.866127758537 3266.7218912418
 9080.991545203173 -7533.753947175249 1008.984400092105 -5823.690635557399 3266.771916475308
 9080.999708373176 -7533.735936893785 1008.95758093146 -5823.67957813972 3266.810092088421
 9081.243637689218 -7533.83737053099 1009.04434513488 -5823.866127758537 3266.7218912418
 9081.243637689218 -7533.83737053099 1009.04434513488 -5823.866127758537 3266.7218912418
 9081.243637689218 -7533.83737053099 1009.04434513488 -5823.866127758537 3266.7218912418
 9082.112143977089 -7533.331753113351 1007.729300876282 -5823.024230506736 3265.817427614803
 9081.926996880327 -7534.193125914137 1008.441673114951 -5823.708184043399 3266.869812548241
 9080.991545203173 -7533.753947175249 1008.984400092105 -5823.690635557399 3266.771916475308
 9080.912533749302 -7533.56818400114 1008.970229283848 -5823.595366658737 3266.582024611242
 9080.991545203173 -7533.753947175249 1008.984400092105 -5823.690635557399 3266.771916475308
 9081.243637689218 -7533.83737053099 1009.04434513488 -5823.866127758537 3266.7218912418
 9081.168108985956 -7547.975135485852 1020.704141083183 -5826.887208268568 3272.54999282466
 9080.991545203173 -7533.753947175249 1008.984400092105 -5823.690635557399 3266.771916475308
 9080.999708373176 -7533.735936893785 1008.95758093146 -5823.67957813972 3266.810092088421
 9083.600566206445 -7498.903887512171 981.1825668009386 -5882.328669111536 3315.951837022033
 9081.882614507251 -7493.74388157386 980.8072214987847 -5884.697988248579 3315.069544042293
 9080.991545203173 -7533.753947175249 1008.984400092105 -5823.690635557399 3266.771916475308
 9081.243637689218 -7533.83737053099 1009.04434513488 -5823.866127758537 3266.7218912418
 9080.991545203173 -7533.753947175249 1008.984400092105 -5823.690635557399 3266.771916475308
 9082.350469366582 -7494.353405413507 981.1450526227173 -5884.375288045928 3314.568151268998
 9080.991545203173 -7533.753947175249 1008.984400092105 -5823.690635557399 3266.771916475308
 9080.991545203173 -7533.753947175249 1008.984400092105 -5823.690635557399 3266.771916475308
 9081.243637689218 -7533.83737053099 1009.04434513488 -5823.866127758537 3266.7218912418
 9080.991545203173 -7533.753947175249 1008.984400092105 -5823.690635557399 3266.771916475308
 9075.524793442135 -7496.547065172394 982.3962633022179 -5880.305557540834 3318.238291504811
 9075.524793442135 -7496.547065172394 982.3962633022179 -5880.305557540834 3318.238291504811
 9080.991545203173 -7533.753947175249 1008.984400092105 -5823.690635557399 3266.771916475308
 9082.091615940208 -7533.396294322104 1007.815326191669 -5823.020060139079 3265.871017357651
 9082.350469366582 -7494.353405413507 981.1450526227173 -5884.375288045928 3314.568151268998
 9080.991545203173 -7533.753947175249 1008.984400092105 -5823.690635557399 3266.771916475308
 9080.991545203173 -7533.753947175249 1008.984400092105 -5823.690635557399 3266.771916475308
 10035.60544396348 -3535.433071535764 -1173.111910711064 -6354.643419462021 1026.894691560634
 9080.991545203173 -7533.753947175249 1008.984400092105 -5823.690635557399 3266.771916475308
 9080.991545203173 -7533.753947175249 1008.984400092105 -5823.690635557399 3266.771916475308
 9082.350469366582 -7494.353405413507 981.1450526227173 -5884.375288045928 3314.568151268998
 9081.243637689218 -7533.83737053099 1009.04434513488 -5823.866127758537 3266.7218912418
 9081.243637689218 -7533.83737053099 1009.04434513488 -5823.866127758537 3266.7218912418
 9081.243637689218 -7533.83737053099 1009.04434513488 -5823.866127758537 3266.7218912418
 9080.991545203173 -7533.753947175249 1008.984400092105 -5823.690635557399 3266.771916475308
 9080.991545203173 -7533.753947175249 1008.984400092105 -5823.690635557399 3266.771916475308
 9081.243637689218 -7533.83737053099 1009.04434513488 -5823.866127758537 3266.7218912418
 9081.243637689218 -7533.83737053099 1009.04434513488 -5823.866127758537 3266.7218912418
 9082.390749826505 -7494.345115490374 981.097854007425 -5884.396083670688 3314.557570370737
 9081.105677516964 -7548.031871287813 1020.532916715105 -5827.00475077581 3272.730588741172
 9080.991545203173 -7533.753947175249 1008.984400092105 -5823.690635557399 3266.771916475308
 9080.991545203173 -7533.753947175249 1008.984400092105 -5823.690635557399 3266.771916475308
 9081.028334450622 -7533.726460532966 1008.94163998147 -5823.685055011728 3266.69688568697
 9080.991545203173 -7533.753947175249 1008.984400092105 -5823.690635557399 3266.771916475308
 9082.112143977089 -7533.331753113351 1007.729300876282 -5823.024230506736 3265.817427614803
 9081.119478594139 -7548.049139728692 1020.499054821323 -5826.96723602453 3272.754578920262
