# Created by Octave 4.2.1, Mon Oct 09 17:59:21 2017 BRT <root@mosqueiro>
# name: pop
# type: matrix
# rows: 1000
# columns: 5
 -16584.28824324533 35870.13456647299 1096.785424290624 -11943.28823917834 -8440.3669949741
 -16551.82661461685 36052.87187126886 967.8847593432466 -12216.58889065528 -8253.367572374675
 -16551.82661461685 36052.87187126886 967.8847593432466 -12216.58889065528 -8253.367572374675
 -16551.82661461685 36052.87187126886 967.8847593432466 -12216.58889065528 -8253.367572374675
 -16551.82661461685 36052.87187126886 967.8847593432466 -12216.58889065528 -8253.367572374675
 -16440.70603574662 35792.06607202841 1263.133378311612 -11961.63284470794 -8653.873355909514
 -16441.11073277978 35792.7289807994 1262.486951545777 -11961.806398661 -8653.131447905058
 -16440.86264136927 35794.729487116 1261.33842699749 -11964.52623008317 -8651.680128419544
 -16581.15486088536 35872.87550605292 1095.093916796843 -11948.12413330046 -8436.145676351405
 -16552.35502698667 36052.55529008015 968.5261133247868 -12215.53943127088 -8254.116781638757
 -16584.48122748989 35870.10627412136 1096.873183589336 -11943.15299229944 -8440.377314352869
 -16551.82661461685 36052.87187126886 967.8847593432466 -12216.58889065528 -8253.367572374675
 -16541.35189729916 35861.64367105984 1130.352668943631 -11932.17946253571 -8519.444158149401
 -16441.11073277978 35792.7289807994 1262.486951545777 -11961.806398661 -8653.131447905058
 -16440.86264136927 35794.729487116 1261.33842699749 -11964.52623008317 -8651.680128419544
 -16550.13520235777 36055.96233414535 967.7034365615169 -12220.19845211862 -8254.455667350114
 -16440.86264136927 35794.729487116 1261.33842699749 -11964.52623008317 -8651.680128419544
 -16550.5239239391 35920.71576164365 1123.342567629482 -12046.79035981431 -8434.939353918538
 -16584.48122748989 35870.10627412136 1096.873183589336 -11943.15299229944 -8440.377314352869
 -16441.43467315687 35792.75155309388 1261.613275165198 -11960.33303821402 -8653.974501745288
 -16551.82661461685 36052.87187126886 967.8847593432466 -12216.58889065528 -8253.367572374675
 -16441.11073277978 35792.7289807994 1262.486951545777 -11961.806398661 -8653.131447905058
 -16551.91179963328 36052.94502136137 967.501664747013 -12216.44978030093 -8253.236315875218
 -16584.48122748989 35870.10627412136 1096.873183589336 -11943.15299229944 -8440.377314352869
 -16584.69030426346 35870.38257207479 1097.256819745882 -11943.26129927005 -8440.19788465823
 -16440.70603574662 35792.06607202841 1263.133378311612 -11961.63284470794 -8653.873355909514
 -16584.48122748989 35870.10627412136 1096.873183589336 -11943.15299229944 -8440.377314352869
 -16441.11073277978 35792.7289807994 1262.486951545777 -11961.806398661 -8653.131447905058
 -16440.94590915664 35794.81085401756 1262.232273953581 -11964.65640022904 -8651.486288485172
 -16440.86264136927 35794.729487116 1261.33842699749 -11964.52623008317 -8651.680128419544
 -16584.48122748989 35870.10627412136 1096.873183589336 -11943.15299229944 -8440.377314352869
 -16541.35189729916 35861.64367105984 1130.352668943631 -11932.17946253571 -8519.444158149401
 -16584.48122748989 35870.10627412136 1096.873183589336 -11943.15299229944 -8440.377314352869
 -16584.48122748989 35870.10627412136 1096.873183589336 -11943.15299229944 -8440.377314352869
 -16440.70603574662 35792.06607202841 1263.133378311612 -11961.63284470794 -8653.873355909514
 -16584.48122748989 35870.10627412136 1096.873183589336 -11943.15299229944 -8440.377314352869
 -16441.11051370827 35792.77174067148 1262.154674197668 -11961.44652874271 -8653.327334970629
 -16551.82661461685 36052.87187126886 967.8847593432466 -12216.58889065528 -8253.367572374675
 -16584.48122748989 35870.10627412136 1096.873183589336 -11943.15299229944 -8440.377314352869
 -16581.81091866519 35871.62577715135 1095.106834981222 -11948.81885045915 -8436.797965222238
 -16584.48122748989 35870.10627412136 1096.873183589336 -11943.15299229944 -8440.377314352869
 -16441.11073277978 35792.7289807994 1262.486951545777 -11961.806398661 -8653.131447905058
 -16441.11073277978 35792.7289807994 1262.486951545777 -11961.806398661 -8653.131447905058
 -16541.35189729916 35861.64367105984 1130.352668943631 -11932.17946253571 -8519.444158149401
 -16584.28824324533 35870.13456647299 1096.785424290624 -11943.28823917834 -8440.3669949741
 -16440.70603574662 35792.06607202841 1263.133378311612 -11961.63284470794 -8653.873355909514
 -16441.11073277978 35792.7289807994 1262.486951545777 -11961.806398661 -8653.131447905058
 -16441.11073277978 35792.7289807994 1262.486951545777 -11961.806398661 -8653.131447905058
 -16551.82661461685 36052.87187126886 967.8847593432466 -12216.58889065528 -8253.367572374675
 -16440.70603574662 35792.06607202841 1263.133378311612 -11961.63284470794 -8653.873355909514
 -16541.59051156485 35861.38014293405 1130.561965311165 -11931.32116914522 -8519.257917968906
 -16541.1303834945 35861.39746025726 1131.382167775671 -11931.79715967376 -8520.436291675165
 -16581.81091866519 35871.62577715135 1095.106834981222 -11948.81885045915 -8436.797965222238
 -16584.48122748989 35870.10627412136 1096.873183589336 -11943.15299229944 -8440.377314352869
 -16440.70603574662 35792.06607202841 1263.133378311612 -11961.63284470794 -8653.873355909514
 -16440.86264136927 35794.729487116 1261.33842699749 -11964.52623008317 -8651.680128419544
 -16441.11073277978 35792.7289807994 1262.486951545777 -11961.806398661 -8653.131447905058
 -16584.48122748989 35870.10627412136 1096.873183589336 -11943.15299229944 -8440.377314352869
 -16551.82661461685 36052.87187126886 967.8847593432466 -12216.58889065528 -8253.367572374675
 -16551.82661461685 36052.87187126886 967.8847593432466 -12216.58889065528 -8253.367572374675
 -16584.48122748989 35870.10627412136 1096.873183589336 -11943.15299229944 -8440.377314352869
 -16441.11073277978 35792.7289807994 1262.486951545777 -11961.806398661 -8653.131447905058
 -16584.48122748989 35870.10627412136 1096.873183589336 -11943.15299229944 -8440.377314352869
 -16420.3717589422 35790.34671547999 1249.365168011284 -11955.82975080733 -8661.862809505874
 -16440.86264136927 35794.729487116 1261.33842699749 -11964.52623008317 -8651.680128419544
 -16541.35189729916 35861.64367105984 1130.352668943631 -11932.17946253571 -8519.444158149401
 -16441.11073277978 35792.7289807994 1262.486951545777 -11961.806398661 -8653.131447905058
 -16552.56620391195 36052.68058538763 968.7235154431094 -12215.93838861186 -8253.72967305826
 -16441.11073277978 35792.7289807994 1262.486951545777 -11961.806398661 -8653.131447905058
 -16584.48122748989 35870.10627412136 1096.873183589336 -11943.15299229944 -8440.377314352869
 -16440.70603574662 35792.06607202841 1263.133378311612 -11961.63284470794 -8653.873355909514
 -16479.91715887022 36108.31090110444 886.3077403863341 -12267.88991861493 -8247.323615961577
 -16440.70603574662 35792.06607202841 1263.133378311612 -11961.63284470794 -8653.873355909514
 -16441.11073277978 35792.7289807994 1262.486951545777 -11961.806398661 -8653.131447905058
 -16441.11073277978 35792.7289807994 1262.486951545777 -11961.806398661 -8653.131447905058
 -16441.23682438762 35792.40963037298 1262.801988412661 -11961.88374641534 -8652.541741283381
 -16541.35189729916 35861.64367105984 1130.352668943631 -11932.17946253571 -8519.444158149401
 -16441.5945901119 35792.88106706431 1262.381526928088 -11962.05446292271 -8653.518361237298
 -16541.35189729916 35861.64367105984 1130.352668943631 -11932.17946253571 -8519.444158149401
 -16552.56620391195 36052.68058538763 968.7235154431094 -12215.93838861186 -8253.72967305826
 -16440.70603574662 35792.06607202841 1263.133378311612 -11961.63284470794 -8653.873355909514
 -16440.70603574662 35792.06607202841 1263.133378311612 -11961.63284470794 -8653.873355909514
 -16441.22893372273 35794.69453218296 1261.394113673398 -11964.87074897524 -8651.468233858168
 -16553.40403677939 36051.40710629664 968.7323688937447 -12215.03594488576 -8252.485708497356
