# Created by Octave 4.2.1, Mon Oct 09 18:11:42 2017 BRT <root@mosqueiro>
# name: pop
# type: matrix
# rows: 1000
# columns: 5
 34437.46413953289 7651.62171098212 -26568.42522921663 1104.619293018527 -16624.31331122501
 34756.40330092981 7995.586430664207 -27046.68759611512 686.8750187560518 -16389.80441378051
 34756.40330092981 7995.586430664207 -27046.68759611512 686.8750187560518 -16389.80441378051
 34756.40330092981 7995.586430664207 -27046.68759611512 686.8750187560518 -16389.80441378051
 34756.40330092981 7995.586430664207 -27046.68759611512 686.8750187560518 -16389.80441378051
 35390.92978375206 9200.95249729942 -27275.69850733861 749.7424068957357 -16417.03809944748
 34756.40330092981 7995.586430664207 -27046.68759611512 686.8750187560518 -16389.80441378051
 33280.92233649374 8220.533370849023 -26575.17479924822 454.3297229603975 -16283.59078390649
 34756.40330092981 7995.586430664207 -27046.68759611512 686.8750187560518 -16389.80441378051
 34756.40330092981 7995.586430664207 -27046.68759611512 686.8750187560518 -16389.80441378051
 34756.40330092981 7995.586430664207 -27046.68759611512 686.8750187560518 -16389.80441378051
 35743.14496129019 9118.574485949846 -28124.39889158845 1374.169242678101 -19189.31124744983
 38989.44325647746 5363.478019478165 -34807.70039267177 722.5978648563504 -12850.02416680227
 34756.40330092981 7995.586430664207 -27046.68759611512 686.8750187560518 -16389.80441378051
 33851.04724528988 8127.737311170275 -27480.52130220124 481.8118810042229 -16213.78028767053
 34756.40330092981 7995.586430664207 -27046.68759611512 686.8750187560518 -16389.80441378051
 34756.40330092981 7995.586430664207 -27046.68759611512 686.8750187560518 -16389.80441378051
 33911.90111428165 8117.827778412465 -27747.02733491351 395.6660735470541 -16069.80017651552
 34756.40330092981 7995.586430664207 -27046.68759611512 686.8750187560518 -16389.80441378051
 34873.03319606738 6687.845403546398 -25995.84896420281 296.816336077142 -16463.81667808925
 34756.40330092981 7995.586430664207 -27046.68759611512 686.8750187560518 -16389.80441378051
 34756.40330092981 7995.586430664207 -27046.68759611512 686.8750187560518 -16389.80441378051
 33803.48225385781 9769.282621433693 -25093.03675733522 1994.7774028015 -17134.64050056038
 34756.40330092981 7995.586430664207 -27046.68759611512 686.8750187560518 -16389.80441378051
 34756.40330092981 7995.586430664207 -27046.68759611512 686.8750187560518 -16389.80441378051
 39085.71228840116 6773.665053934481 -26305.22748568257 1951.906175792313 -16163.30527930039
 34756.40330092981 7995.586430664207 -27046.68759611512 686.8750187560518 -16389.80441378051
 34756.40330092981 7995.586430664207 -27046.68759611512 686.8750187560518 -16389.80441378051
 35099.26400055755 7974.913201105192 -27187.54196069294 366.8040277635055 -16344.78416076366
 34756.40330092981 7995.586430664207 -27046.68759611512 686.8750187560518 -16389.80441378051
 33376.32168596454 9624.228612279669 -27647.71017948899 1770.772552283556 -18704.76501225803
 34756.40330092981 7995.586430664207 -27046.68759611512 686.8750187560518 -16389.80441378051
 34756.40330092981 7995.586430664207 -27046.68759611512 686.8750187560518 -16389.80441378051
 34756.40330092981 7995.586430664207 -27046.68759611512 686.8750187560518 -16389.80441378051
 34756.40330092981 7995.586430664207 -27046.68759611512 686.8750187560518 -16389.80441378051
 34756.40330092981 7995.586430664207 -27046.68759611512 686.8750187560518 -16389.80441378051
 34756.40330092981 7995.586430664207 -27046.68759611512 686.8750187560518 -16389.80441378051
 35081.80096300347 3450.908659695102 -26283.1071102752 4579.340626227632 -18446.91403192396
 34756.40330092981 7995.586430664207 -27046.68759611512 686.8750187560518 -16389.80441378051
 33340.98131008041 7024.005425659747 -26384.36960908231 1052.924588842564 -16778.4733483269
 34756.40330092981 7995.586430664207 -27046.68759611512 686.8750187560518 -16389.80441378051
 34756.40330092981 7995.586430664207 -27046.68759611512 686.8750187560518 -16389.80441378051
 34756.40330092981 7995.586430664207 -27046.68759611512 686.8750187560518 -16389.80441378051
 34756.40330092981 7995.586430664207 -27046.68759611512 686.8750187560518 -16389.80441378051
 34925.92458675666 8191.360862284226 -27067.52393332205 860.4272904505927 -16325.57439618702
 34756.40330092981 7995.586430664207 -27046.68759611512 686.8750187560518 -16389.80441378051
 31792.68493502286 6906.721292636631 -27756.28368696284 -3468.600703618536 -14815.79579790297
 34838.32966747261 8207.792488901494 -26691.18869977535 1190.264834229681 -16754.83380674708
 32583.10955570712 5850.891117071146 -28101.98835319804 870.1242672938151 -16842.97044725831
 35673.80854192413 9646.136411025118 -27643.7877762134 897.5186984293728 -15481.28813129263
 34756.40330092981 7995.586430664207 -27046.68759611512 686.8750187560518 -16389.80441378051
 34803.0579247048 7654.197959559812 -26969.86717289664 -201.2139938147262 -16433.93119147402
 34730.25993029645 7909.473695237605 -27738.83214319786 880.7806079495736 -16222.53407260302
 34756.40330092981 7995.586430664207 -27046.68759611512 686.8750187560518 -16389.80441378051
 34756.40330092981 7995.586430664207 -27046.68759611512 686.8750187560518 -16389.80441378051
 32886.30411736866 10742.8950646664 -27208.53673954385 5206.388333844931 -8863.427665984324
 34756.40330092981 7995.586430664207 -27046.68759611512 686.8750187560518 -16389.80441378051
 34384.55233082315 8022.243525126221 -26667.42079159631 266.0585574626897 -15710.27681248186
 34756.40330092981 7995.586430664207 -27046.68759611512 686.8750187560518 -16389.80441378051
 34756.40330092981 7995.586430664207 -27046.68759611512 686.8750187560518 -16389.80441378051
 34756.40330092981 7995.586430664207 -27046.68759611512 686.8750187560518 -16389.80441378051
 34756.40330092981 7995.586430664207 -27046.68759611512 686.8750187560518 -16389.80441378051
 35806.29613403739 9630.636535672056 -28022.79610363207 622.8593211927575 -16796.94113220364
 34756.40330092981 7995.586430664207 -27046.68759611512 686.8750187560518 -16389.80441378051
 32291.33427555134 3148.515275633546 -32613.44641688145 2640.911554163778 -16395.56510900639
 34756.40330092981 7995.586430664207 -27046.68759611512 686.8750187560518 -16389.80441378051
 34756.40330092981 7995.586430664207 -27046.68759611512 686.8750187560518 -16389.80441378051
 34756.40330092981 7995.586430664207 -27046.68759611512 686.8750187560518 -16389.80441378051
 34756.40330092981 7995.586430664207 -27046.68759611512 686.8750187560518 -16389.80441378051
 34756.40330092981 7995.586430664207 -27046.68759611512 686.8750187560518 -16389.80441378051
 34756.40330092981 7995.586430664207 -27046.68759611512 686.8750187560518 -16389.80441378051
 35962.43191063757 6998.826961895928 -27222.86453086324 1399.692860289648 -16863.28280975077
 35050.61738398416 7888.077947315675 -28053.28470278022 867.2959550332884 -16852.30160690166
 35267.1458744235 7546.998435746447 -26440.00971058651 976.7172661478603 -16987.96973155665
 34465.76330475347 7921.517224611951 -27295.32572906242 484.7774902506429 -16573.67026742833
 35287.685539262 9884.536121793377 -23015.57406448015 1324.886171602063 -17243.53372879679
 34673.64642774105 9568.056351491623 -22230.19139272281 -658.2389708382298 -18062.38941407888
 34756.40330092981 7995.586430664207 -27046.68759611512 686.8750187560518 -16389.80441378051
 34756.40330092981 7995.586430664207 -27046.68759611512 686.8750187560518 -16389.80441378051
 34756.40330092981 7995.586430664207 -27046.68759611512 686.8750187560518 -16389.80441378051
 34670.64226896474 8025.631589317204 -27114.29939380541 582.3082216697017 -16209.39265688176
 34756.40330092981 7995.586430664207 -27046.68759611512 686.8750187560518 -16389.80441378051
 34756.40330092981 7995.586430664207 -27046.68759611512 686.8750187560518 -16389.80441378051
 21471.03488852541 8703.215292583287 312.4938127478679 6048.46809490009 16.97688946444987
