# Created by Octave 4.2.1, Mon Oct 09 18:16:36 2017 BRT <root@mosqueiro>
# name: pop
# type: matrix
# rows: 1000
# columns: 5
 34429.25869099181 7649.169872354623 -26569.80980633259 1104.666973110555 -16614.28548156057
 34429.36647184014 7649.462374635638 -26569.67262407135 1105.259792891697 -16615.41512838323
 34429.38578766403 7649.431760944196 -26569.57828584449 1105.256884182738 -16615.49514012392
 34429.42649295976 7649.510754180742 -26569.77845797711 1105.254053393442 -16615.42124684078
 34429.35384401528 7649.467517872198 -26569.7137591494 1105.292629465928 -16615.4094973463
 34441.55302733812 7648.741622523983 -26570.67022041345 1105.936500391913 -16626.57311465304
 34426.90628278782 7650.221477700507 -26569.96918622097 1106.214674073271 -16615.01725439207
 34429.08253172714 7649.505737557735 -26569.36693719788 1105.346521563225 -16615.31097317589
 34429.35151827421 7649.471331980886 -26569.68381390464 1105.279099322235 -16615.42419491514
 34441.55302733812 7648.741622523983 -26570.67022041345 1105.936500391913 -16626.57311465304
 34429.35151827421 7649.471331980886 -26569.68381390464 1105.279099322235 -16615.42419491514
 34429.35770689175 7649.122346742107 -26569.81279893982 1104.649850554615 -16614.32420892125
 34429.55320608748 7649.05789929067 -26569.91525326313 1104.802175887377 -16614.50745082379
 34429.35770689175 7649.122346742107 -26569.81279893982 1104.649850554615 -16614.32420892125
 34429.35151827421 7649.471331980886 -26569.68381390464 1105.279099322235 -16615.42419491514
 34429.35151827421 7649.471331980886 -26569.68381390464 1105.279099322235 -16615.42419491514
 34429.35151827421 7649.471331980886 -26569.68381390464 1105.279099322235 -16615.42419491514
 34437.77199768257 7652.180525375462 -26565.46495622189 1097.915553781019 -16623.43597514583
 34441.55302733812 7648.741622523983 -26570.67022041345 1105.936500391913 -16626.57311465304
 34429.35151827421 7649.471331980886 -26569.68381390464 1105.279099322235 -16615.42419491514
 34429.35770689175 7649.122346742107 -26569.81279893982 1104.649850554615 -16614.32420892125
 34429.35151827421 7649.471331980886 -26569.68381390464 1105.279099322235 -16615.42419491514
 34429.26453938991 7649.111256967654 -26569.77958499173 1104.650270348572 -16614.46685066676
 34429.33046543309 7649.426582923848 -26569.83763450637 1105.286546493266 -16615.43354254311
 34429.35151827421 7649.471331980886 -26569.68381390464 1105.279099322235 -16615.42419491514
 34441.55302733812 7648.741622523983 -26570.67022041345 1105.936500391913 -16626.57311465304
 34449.11947216377 7684.613125801574 -26592.95141702111 1094.052654891392 -16635.02016444187
 34429.35151827421 7649.471331980886 -26569.68381390464 1105.279099322235 -16615.42419491514
 34429.35151827421 7649.471331980886 -26569.68381390464 1105.279099322235 -16615.42419491514
 34429.35151827421 7649.471331980886 -26569.68381390464 1105.279099322235 -16615.42419491514
 34437.41436319718 7650.580207769582 -26568.36507518169 1105.187932206308 -16624.55149968415
 34449.20315144223 7684.579258590577 -26592.7741034001 1094.276414567742 -16634.90568328197
 34429.53081591787 7648.941826149608 -26569.7767769964 1104.811688225361 -16614.35963639983
 34429.35151827421 7649.471331980886 -26569.68381390464 1105.279099322235 -16615.42419491514
 34441.55302733812 7648.741622523983 -26570.67022041345 1105.936500391913 -16626.57311465304
 34441.594919385 7648.728936692825 -26570.68685654144 1105.965306549373 -16626.50320302694
 34429.35151827421 7649.471331980886 -26569.68381390464 1105.279099322235 -16615.42419491514
 34429.35151827421 7649.471331980886 -26569.68381390464 1105.279099322235 -16615.42419491514
 34429.35770689175 7649.122346742107 -26569.81279893982 1104.649850554615 -16614.32420892125
 34429.9739176369 7649.473183672373 -26568.56434482248 1105.179417844017 -16614.83411837403
 34429.55320608748 7649.05789929067 -26569.91525326313 1104.802175887377 -16614.50745082379
 34429.34981446628 7649.475809794569 -26569.73026160353 1105.214666801899 -16615.41507102017
 34441.55302733812 7648.741622523983 -26570.67022041345 1105.936500391913 -16626.57311465304
 34441.45500257664 7649.116542259158 -26569.63788147625 1106.51028050327 -16626.56818636584
 34429.35770689175 7649.122346742107 -26569.81279893982 1104.649850554615 -16614.32420892125
 34441.59377957251 7648.715252422039 -26570.59476368548 1105.905257620751 -16626.52745247605
 34441.55302733812 7648.741622523983 -26570.67022041345 1105.936500391913 -16626.57311465304
 34441.55302733812 7648.741622523983 -26570.67022041345 1105.936500391913 -16626.57311465304
 34429.35770689175 7649.122346742107 -26569.81279893982 1104.649850554615 -16614.32420892125
 34441.55302733812 7648.741622523983 -26570.67022041345 1105.936500391913 -16626.57311465304
 34429.35151827421 7649.471331980886 -26569.68381390464 1105.279099322235 -16615.42419491514
 34430.03484095873 7649.594798976112 -26569.64751806789 1106.001947488724 -16614.8270820107
 34429.55320608748 7649.05789929067 -26569.91525326313 1104.802175887377 -16614.50745082379
 34429.35151827421 7649.471331980886 -26569.68381390464 1105.279099322235 -16615.42419491514
 34429.35151827421 7649.471331980886 -26569.68381390464 1105.279099322235 -16615.42419491514
 34429.3501137822 7649.488532725059 -26569.68252105535 1105.296714339396 -16615.59121049986
 34457.27251738904 7669.478626793544 -26600.23372167244 1096.602195770296 -16624.14943361391
 34429.35770689175 7649.122346742107 -26569.81279893982 1104.649850554615 -16614.32420892125
 34429.35770689175 7649.122346742107 -26569.81279893982 1104.649850554615 -16614.32420892125
 34437.77137779094 7652.251339013353 -26565.78664765626 1098.268841499622 -16623.44501535874
 34441.55302733812 7648.741622523983 -26570.67022041345 1105.936500391913 -16626.57311465304
 34429.34981446628 7649.475809794569 -26569.73026160353 1105.214666801899 -16615.41507102017
 34441.55302733812 7648.741622523983 -26570.67022041345 1105.936500391913 -16626.57311465304
 34441.32831567623 7649.032051548198 -26570.71942283888 1105.88859933747 -16626.6719037894
 34429.35151827421 7649.471331980886 -26569.68381390464 1105.279099322235 -16615.42419491514
 34429.35770689175 7649.122346742107 -26569.81279893982 1104.649850554615 -16614.32420892125
 34429.35151827421 7649.471331980886 -26569.68381390464 1105.279099322235 -16615.42419491514
 34441.55302733812 7648.741622523983 -26570.67022041345 1105.936500391913 -16626.57311465304
 34429.34539572157 7649.433470633657 -26569.68440148795 1105.220249477943 -16615.38526891034
 34441.55302733812 7648.741622523983 -26570.67022041345 1105.936500391913 -16626.57311465304
 34429.55320608748 7649.05789929067 -26569.91525326313 1104.802175887377 -16614.50745082379
 34441.55302733812 7648.741622523983 -26570.67022041345 1105.936500391913 -16626.57311465304
 34429.56946255534 7649.035939047401 -26569.84533662194 1104.839916320419 -16614.44557815674
 34441.55302733812 7648.741622523983 -26570.67022041345 1105.936500391913 -16626.57311465304
 34429.35151827421 7649.471331980886 -26569.68381390464 1105.279099322235 -16615.42419491514
 34429.35151827421 7649.471331980886 -26569.68381390464 1105.279099322235 -16615.42419491514
 34429.51408280984 7649.09576950271 -26569.85521477325 1104.891250672062 -16614.49969478264
 34429.35151827421 7649.471331980886 -26569.68381390464 1105.279099322235 -16615.42419491514
 34429.35384401528 7649.467517872198 -26569.7137591494 1105.292629465928 -16615.4094973463
 34429.49374121393 7649.048901235112 -26569.83504592867 1104.858753110109 -16614.50020961123
 34429.33971639915 7649.518145695556 -26569.60757841197 1105.294913377302 -16615.39965262996
 34429.35151827421 7649.471331980886 -26569.68381390464 1105.279099322235 -16615.42419491514
 34429.35151827421 7649.471331980886 -26569.68381390464 1105.279099322235 -16615.42419491514
 34441.55302733812 7648.741622523983 -26570.67022041345 1105.936500391913 -16626.57311465304
