# Created by Octave 4.2.1, Mon Oct 09 17:36:15 2017 BRT <root@mosqueiro>
# name: pop
# type: matrix
# rows: 1000
# columns: 5
 3069.186883280454 -6932.815978323069 -6616.08464653239 6858.316249444368 3656.422301383605
 3069.186883280454 -6932.815978323069 -6616.08464653239 6858.316249444368 3656.422301383605
 3069.186883280454 -6932.815978323069 -6616.08464653239 6858.316249444368 3656.422301383605
 3069.186883280454 -6932.815978323069 -6616.08464653239 6858.316249444368 3656.422301383605
 3069.186883280454 -6932.815978323069 -6616.08464653239 6858.316249444368 3656.422301383605
 3069.186883280454 -6932.815978323069 -6616.08464653239 6858.316249444368 3656.422301383605
 -6757.002953280095 -7250.762902791093 -2264.063238550413 10316.91098464448 22722.83905293123
 3069.186883280454 -6932.815978323069 -6616.08464653239 6858.316249444368 3656.422301383605
 3491.785070217546 -13776.55327457536 -15059.69168909246 1387.053553372317 10919.10385855113
 3069.186883280454 -6932.815978323069 -6616.08464653239 6858.316249444368 3656.422301383605
 3069.186883280454 -6932.815978323069 -6616.08464653239 6858.316249444368 3656.422301383605
 3069.186883280454 -6932.815978323069 -6616.08464653239 6858.316249444368 3656.422301383605
 1021.782926863045 669.8206616278176 2855.427687351514 8985.632546847964 13548.98679887667
 10053.98774122815 -9405.017026890901 -1787.09777460305 -1334.708380559026 3394.067458638246
 3069.186883280454 -6932.815978323069 -6616.08464653239 6858.316249444368 3656.422301383605
 3069.186883280454 -6932.815978323069 -6616.08464653239 6858.316249444368 3656.422301383605
 3069.186883280454 -6932.815978323069 -6616.08464653239 6858.316249444368 3656.422301383605
 1762.350513826279 -6087.868381585938 -6085.735876726487 4231.271572722922 7578.225056452597
 3069.186883280454 -6932.815978323069 -6616.08464653239 6858.316249444368 3656.422301383605
 2167.615867250261 -10315.02317249664 -11791.43842989819 5667.428596016758 14335.56189283216
 3069.186883280454 -6932.815978323069 -6616.08464653239 6858.316249444368 3656.422301383605
 3069.186883280454 -6932.815978323069 -6616.08464653239 6858.316249444368 3656.422301383605
 3069.186883280454 -6932.815978323069 -6616.08464653239 6858.316249444368 3656.422301383605
 3069.186883280454 -6932.815978323069 -6616.08464653239 6858.316249444368 3656.422301383605
 3069.186883280454 -6932.815978323069 -6616.08464653239 6858.316249444368 3656.422301383605
 -4521.343871170656 -13992.4425178543 10483.08885804736 3288.626949588439 -5811.529173360792
 -6324.116304168179 -526.4090865780036 1347.290201479093 10384.02094089551 8509.850439146285
 3069.186883280454 -6932.815978323069 -6616.08464653239 6858.316249444368 3656.422301383605
 2329.241911221562 -11620.86080342523 -9395.27734814042 15265.06252122478 -523.4617001416136
 -4521.343871170656 -13992.4425178543 10483.08885804736 3288.626949588439 -5811.529173360792
 12480.96177892146 -17405.01687096216 4729.003412777683 14591.65810726421 -5034.933304132166
 3069.186883280454 -6932.815978323069 -6616.08464653239 6858.316249444368 3656.422301383605
 15650.50982550079 -6657.164574250987 1818.668687690181 11044.49957463343 -347.3053639804255
 3069.186883280454 -6932.815978323069 -6616.08464653239 6858.316249444368 3656.422301383605
 3069.186883280454 -6932.815978323069 -6616.08464653239 6858.316249444368 3656.422301383605
 3069.186883280454 -6932.815978323069 -6616.08464653239 6858.316249444368 3656.422301383605
 3069.186883280454 -6932.815978323069 -6616.08464653239 6858.316249444368 3656.422301383605
 3069.186883280454 -6932.815978323069 -6616.08464653239 6858.316249444368 3656.422301383605
 3069.186883280454 -6932.815978323069 -6616.08464653239 6858.316249444368 3656.422301383605
 3069.186883280454 -6932.815978323069 -6616.08464653239 6858.316249444368 3656.422301383605
 2014.650347232556 -20292.1523409494 -12851.00233763627 -6086.430588719821 -16165.91222366438
 3069.186883280454 -6932.815978323069 -6616.08464653239 6858.316249444368 3656.422301383605
 3725.475594506648 1292.399515690024 -18582.84447139904 10470.61917327278 -3061.255437723081
 3069.186883280454 -6932.815978323069 -6616.08464653239 6858.316249444368 3656.422301383605
 3069.186883280454 -6932.815978323069 -6616.08464653239 6858.316249444368 3656.422301383605
 3069.186883280454 -6932.815978323069 -6616.08464653239 6858.316249444368 3656.422301383605
 8871.01373256956 -5052.920489846822 -9138.51766066255 6025.701925477881 417.2366507309898
 3069.186883280454 -6932.815978323069 -6616.08464653239 6858.316249444368 3656.422301383605
 -9806.270945560256 -17422.16428571675 -20356.97968465331 6554.160530764276 14831.99116041931
 10053.98774122815 -9405.017026890901 -1787.09777460305 -1334.708380559026 3394.067458638246
 2204.573541655908 -23002.28905455644 -12664.86772946367 10540.441836624 637.5196622267913
 -1855.811601953588 -2780.391090518192 -1908.123133494514 14576.58892349016 -9765.141432519706
 3069.186883280454 -6932.815978323069 -6616.08464653239 6858.316249444368 3656.422301383605
 3069.186883280454 -6932.815978323069 -6616.08464653239 6858.316249444368 3656.422301383605
 3069.186883280454 -6932.815978323069 -6616.08464653239 6858.316249444368 3656.422301383605
 3069.186883280454 -6932.815978323069 -6616.08464653239 6858.316249444368 3656.422301383605
 3069.186883280454 -6932.815978323069 -6616.08464653239 6858.316249444368 3656.422301383605
 3069.186883280454 -6932.815978323069 -6616.08464653239 6858.316249444368 3656.422301383605
 3069.186883280454 -6932.815978323069 -6616.08464653239 6858.316249444368 3656.422301383605
 3069.186883280454 -6932.815978323069 -6616.08464653239 6858.316249444368 3656.422301383605
 3069.186883280454 -6932.815978323069 -6616.08464653239 6858.316249444368 3656.422301383605
 3069.186883280454 -6932.815978323069 -6616.08464653239 6858.316249444368 3656.422301383605
 3069.186883280454 -6932.815978323069 -6616.08464653239 6858.316249444368 3656.422301383605
 8871.01373256956 -5052.920489846822 -9138.51766066255 6025.701925477881 417.2366507309898
 20733.0411878791 -9072.99223643593 11477.90467502253 -2024.960974620237 -9551.815953196561
 3069.186883280454 -6932.815978323069 -6616.08464653239 6858.316249444368 3656.422301383605
 3069.186883280454 -6932.815978323069 -6616.08464653239 6858.316249444368 3656.422301383605
 3069.186883280454 -6932.815978323069 -6616.08464653239 6858.316249444368 3656.422301383605
 -1855.811601953588 -2780.391090518192 -1908.123133494514 14576.58892349016 -9765.141432519706
 3069.186883280454 -6932.815978323069 -6616.08464653239 6858.316249444368 3656.422301383605
 3069.186883280454 -6932.815978323069 -6616.08464653239 6858.316249444368 3656.422301383605
 3069.186883280454 -6932.815978323069 -6616.08464653239 6858.316249444368 3656.422301383605
 -6573.963279139201 -25891.85765311004 4394.874141054644 7006.723720711609 -1427.99769972078
 3069.186883280454 -6932.815978323069 -6616.08464653239 6858.316249444368 3656.422301383605
 3069.186883280454 -6932.815978323069 -6616.08464653239 6858.316249444368 3656.422301383605
 3069.186883280454 -6932.815978323069 -6616.08464653239 6858.316249444368 3656.422301383605
 3069.186883280454 -6932.815978323069 -6616.08464653239 6858.316249444368 3656.422301383605
 3069.186883280454 -6932.815978323069 -6616.08464653239 6858.316249444368 3656.422301383605
 3069.186883280454 -6932.815978323069 -6616.08464653239 6858.316249444368 3656.422301383605
 3069.186883280454 -6932.815978323069 -6616.08464653239 6858.316249444368 3656.422301383605
 5153.80758158489 -8442.276623914626 -10722.94014953675 16634.78800990765 -2066.350571461433
 6300.547291770843 -11181.97382438272 911.8286409833654 1462.228036770524 3103.60224302671
 -11488.44379058442 20148.39110072203 1556.977811029348 -16405.67266460387 3786.242187040099
 -326.9371387425454 -3944.438185788046 -8345.962157635253 13112.98395334201 7554.602783432718
 3213.207345754777 -1623.207592850344 -12632.97298421353 6656.985791298544 14699.86515960759
