# Created by Octave 4.2.1, Mon Oct 09 18:16:16 2017 BRT <root@mosqueiro>
# name: pop
# type: matrix
# rows: 1000
# columns: 5
 34429.55320608748 7649.05789929067 -26569.91525326313 1104.802175887377 -16614.50745082379
 34429.35770689175 7649.122346742107 -26569.81279893982 1104.649850554615 -16614.32420892125
 34429.35770689175 7649.122346742107 -26569.81279893982 1104.649850554615 -16614.32420892125
 34429.35770689175 7649.122346742107 -26569.81279893982 1104.649850554615 -16614.32420892125
 34429.35770689175 7649.122346742107 -26569.81279893982 1104.649850554615 -16614.32420892125
 34441.55302733812 7648.741622523983 -26570.67022041345 1105.936500391913 -16626.57311465304
 34449.11947216377 7684.613125801574 -26592.95141702111 1094.052654891392 -16635.02016444187
 34429.35151827421 7649.471331980886 -26569.68381390464 1105.279099322235 -16615.42419491514
 34429.72971415215 7648.849853259116 -26569.8593155841 1104.721628919465 -16614.41155005646
 34429.35151827421 7649.471331980886 -26569.68381390464 1105.279099322235 -16615.42419491514
 34429.28870934835 7648.868120678068 -26569.61605347836 1104.50505246542 -16614.11785363017
 34429.35151827421 7649.471331980886 -26569.68381390464 1105.279099322235 -16615.42419491514
 34429.35770689175 7649.122346742107 -26569.81279893982 1104.649850554615 -16614.32420892125
 34441.55302733812 7648.741622523983 -26570.67022041345 1105.936500391913 -16626.57311465304
 34441.55302733812 7648.741622523983 -26570.67022041345 1105.936500391913 -16626.57311465304
 34437.77199768257 7652.180525375462 -26565.46495622189 1097.915553781019 -16623.43597514583
 34457.27251738904 7669.478626793544 -26600.23372167244 1096.602195770296 -16624.14943361391
 34437.35596501896 7652.068119879978 -26565.4823183205 1098.424767469419 -16623.5001757988
 34441.55302733812 7648.741622523983 -26570.67022041345 1105.936500391913 -16626.57311465304
 34429.35151827421 7649.471331980886 -26569.68381390464 1105.279099322235 -16615.42419491514
 34441.55302733812 7648.741622523983 -26570.67022041345 1105.936500391913 -16626.57311465304
 34441.55302733812 7648.741622523983 -26570.67022041345 1105.936500391913 -16626.57311465304
 34429.35151827421 7649.471331980886 -26569.68381390464 1105.279099322235 -16615.42419491514
 34441.55302733812 7648.741622523983 -26570.67022041345 1105.936500391913 -16626.57311465304
 34429.35770689175 7649.122346742107 -26569.81279893982 1104.649850554615 -16614.32420892125
 34429.35770689175 7649.122346742107 -26569.81279893982 1104.649850554615 -16614.32420892125
 34441.55302733812 7648.741622523983 -26570.67022041345 1105.936500391913 -16626.57311465304
 34429.35151827421 7649.471331980886 -26569.68381390464 1105.279099322235 -16615.42419491514
 34482.84983105706 7665.559886434756 -26633.15625440683 1157.950764676492 -16672.74170529652
 34429.35151827421 7649.471331980886 -26569.68381390464 1105.279099322235 -16615.42419491514
 34457.03167030079 7669.404320419403 -26600.36859542203 1096.699445962646 -16623.80479714853
 34441.55302733812 7648.741622523983 -26570.67022041345 1105.936500391913 -16626.57311465304
 34437.6276261948 7652.396985110949 -26565.74982805243 1097.543070176012 -16623.39128571236
 34441.60429430527 7648.631981266424 -26570.62773299695 1105.915411048609 -16626.68307658018
 34441.55302733812 7648.741622523983 -26570.67022041345 1105.936500391913 -16626.57311465304
 34437.77199768257 7652.180525375462 -26565.46495622189 1097.915553781019 -16623.43597514583
 34429.53081591787 7648.941826149608 -26569.7767769964 1104.811688225361 -16614.35963639983
 34429.35770689175 7649.122346742107 -26569.81279893982 1104.649850554615 -16614.32420892125
 34429.35770689175 7649.122346742107 -26569.81279893982 1104.649850554615 -16614.32420892125
 34438.10066146222 7652.727395963279 -26565.51731089861 1097.998054942903 -16623.52999808237
 34429.49374121393 7649.048901235112 -26569.83504592867 1104.858753110109 -16614.50020961123
 34437.30190517995 7650.528023581256 -26568.28705331411 1105.367972009586 -16624.37914757742
 34429.35151827421 7649.471331980886 -26569.68381390464 1105.279099322235 -16615.42419491514
 34429.35151827421 7649.471331980886 -26569.68381390464 1105.279099322235 -16615.42419491514
 34441.63750050633 7648.5233421039 -26570.56903200881 1105.871797397543 -16626.61508972073
 34438.35277802682 7652.052336812913 -26566.14966981036 1098.135782004676 -16623.7018383143
 34441.55302733812 7648.741622523983 -26570.67022041345 1105.936500391913 -16626.57311465304
 34429.55320608748 7649.05789929067 -26569.91525326313 1104.802175887377 -16614.50745082379
 34429.49374121393 7649.048901235112 -26569.83504592867 1104.858753110109 -16614.50020961123
 34441.55302733812 7648.741622523983 -26570.67022041345 1105.936500391913 -16626.57311465304
 34441.55302733812 7648.741622523983 -26570.67022041345 1105.936500391913 -16626.57311465304
 34441.59446454334 7648.789621623379 -26570.52704988583 1105.88734800002 -16626.54329445172
 34437.28863660513 7650.595505253694 -26568.3098722767 1105.190077542366 -16624.51020270375
 34449.56326219194 7684.688831306918 -26593.09481605632 1094.125743406879 -16635.07733746363
 34429.49374121393 7649.048901235112 -26569.83504592867 1104.858753110109 -16614.50020961123
 34429.49374121393 7649.048901235112 -26569.83504592867 1104.858753110109 -16614.50020961123
 34429.49374121393 7649.048901235112 -26569.83504592867 1104.858753110109 -16614.50020961123
 34429.35151827421 7649.471331980886 -26569.68381390464 1105.279099322235 -16615.42419491514
 34429.35151827421 7649.471331980886 -26569.68381390464 1105.279099322235 -16615.42419491514
 34428.88170856328 7648.303759478031 -26569.43424070009 1104.921909856941 -16612.97837614874
 34429.35151827421 7649.471331980886 -26569.68381390464 1105.279099322235 -16615.42419491514
 34441.4376827102 7649.238750348932 -26570.82133406427 1106.023208897357 -16626.55954441484
 34441.55302733812 7648.741622523983 -26570.67022041345 1105.936500391913 -16626.57311465304
 34441.55302733812 7648.741622523983 -26570.67022041345 1105.936500391913 -16626.57311465304
 34429.35151827421 7649.471331980886 -26569.68381390464 1105.279099322235 -16615.42419491514
 34429.43601139761 7649.831383585902 -26569.69441616127 1105.282562580041 -16615.43231717511
 34437.59219847811 7652.490254485856 -26565.23951577459 1098.299590721004 -16623.36821891217
 34429.35151827421 7649.471331980886 -26569.68381390464 1105.279099322235 -16615.42419491514
 34441.5232315863 7648.850410614784 -26570.64782389142 1105.894822652929 -16626.47524209191
 34429.35151827421 7649.471331980886 -26569.68381390464 1105.279099322235 -16615.42419491514
 34441.55302733812 7648.741622523983 -26570.67022041345 1105.936500391913 -16626.57311465304
 34450.71275308047 7685.546426223706 -26593.35840405587 1094.136220398989 -16634.67369227665
 34458.49034890876 7669.133829350259 -26600.56595241533 1096.599549138371 -16624.27935807177
 34429.35770689175 7649.122346742107 -26569.81279893982 1104.649850554615 -16614.32420892125
 34449.11005033273 7684.717508815294 -26593.15483689944 1094.044953350734 -16634.87579146111
 34429.35151827421 7649.471331980886 -26569.68381390464 1105.279099322235 -16615.42419491514
 34429.49374121393 7649.048901235112 -26569.83504592867 1104.858753110109 -16614.50020961123
 34429.35151827421 7649.471331980886 -26569.68381390464 1105.279099322235 -16615.42419491514
 34441.55302733812 7648.741622523983 -26570.67022041345 1105.936500391913 -16626.57311465304
 34429.49374121393 7649.048901235112 -26569.83504592867 1104.858753110109 -16614.50020961123
 34429.35151827421 7649.471331980886 -26569.68381390464 1105.279099322235 -16615.42419491514
 34429.49374121393 7649.048901235112 -26569.83504592867 1104.858753110109 -16614.50020961123
 34429.43087017708 7648.935243668288 -26569.81849946648 1104.726836165927 -16614.25630825341
 34429.35151827421 7649.471331980886 -26569.68381390464 1105.279099322235 -16615.42419491514
