# Created by Octave 4.2.1, Mon Oct 09 17:43:41 2017 BRT <root@mosqueiro>
# name: pop
# type: matrix
# rows: 1000
# columns: 5
 1894.666110119284 -7736.044873893816 -5816.586159437575 9337.122731371841 2319.63443955152
 1894.697398348406 -7735.927322671275 -5816.429426369902 9336.91187875045 2319.540260046622
 1894.547384573162 -7735.897652139086 -5816.454634161983 9336.988216417771 2319.609892752493
 1894.547384573162 -7735.897652139086 -5816.454634161983 9336.988216417771 2319.609892752493
 1894.547384573162 -7735.897652139086 -5816.454634161983 9336.988216417771 2319.609892752493
 3399.625339103935 -6560.45737970031 -6212.752738718777 7876.794852234663 1496.509387328435
 1894.547384573162 -7735.897652139086 -5816.454634161983 9336.988216417771 2319.609892752493
 1894.615467634389 -7736.097166072183 -5816.542375700786 9336.927690140754 2319.589695470892
 1894.547384573162 -7735.897652139086 -5816.454634161983 9336.988216417771 2319.609892752493
 1894.588700908104 -7736.046409987604 -5816.625900377256 9337.01315384774 2319.686852397277
 1894.63078678875 -7735.96570788648 -5816.43511540208 9336.979793136456 2319.586368688131
 1894.63078678875 -7735.96570788648 -5816.43511540208 9336.979793136456 2319.586368688131
 1894.344055868502 -7735.833788527527 -5816.202950947071 9337.012285438759 2318.928248930641
 1894.890380085028 -7737.205737739822 -5816.228904430262 9340.427234865439 2319.934206602965
 1894.63078678875 -7735.96570788648 -5816.43511540208 9336.979793136456 2319.586368688131
 1894.63078678875 -7735.96570788648 -5816.43511540208 9336.979793136456 2319.586368688131
 1894.63078678875 -7735.96570788648 -5816.43511540208 9336.979793136456 2319.586368688131
 1894.63078678875 -7735.96570788648 -5816.43511540208 9336.979793136456 2319.586368688131
 1895.351920121356 -7735.933476765481 -5816.46816925133 9337.188753770197 2319.829458291435
 1894.63078678875 -7735.96570788648 -5816.43511540208 9336.979793136456 2319.586368688131
 1894.63078678875 -7735.96570788648 -5816.43511540208 9336.979793136456 2319.586368688131
 1894.71656146996 -7736.512456986326 -5816.327510316672 9337.758608700762 2319.804204744321
 1894.555764451814 -7736.342349177852 -5816.056682373383 9337.247028625519 2319.390109767008
 1894.63078678875 -7735.96570788648 -5816.43511540208 9336.979793136456 2319.586368688131
 3399.546100098971 -6560.616245653812 -6212.857034115816 7876.341922951303 1496.474385920623
 1894.697398348406 -7735.927322671275 -5816.429426369902 9336.91187875045 2319.540260046622
 1894.72770464224 -7735.922390663545 -5816.472333363204 9337.037268080499 2319.537379396029
 1894.547384573162 -7735.897652139086 -5816.454634161983 9336.988216417771 2319.609892752493
 1895.858706127871 -7736.080635000854 -5816.239605907434 9336.618119497722 2318.298273229694
 1894.63078678875 -7735.96570788648 -5816.43511540208 9336.979793136456 2319.586368688131
 1894.63078678875 -7735.96570788648 -5816.43511540208 9336.979793136456 2319.586368688131
 1894.547384573162 -7735.897652139086 -5816.454634161983 9336.988216417771 2319.609892752493
 1894.63078678875 -7735.96570788648 -5816.43511540208 9336.979793136456 2319.586368688131
 1894.63078678875 -7735.96570788648 -5816.43511540208 9336.979793136456 2319.586368688131
 1894.555764451814 -7736.342349177852 -5816.056682373383 9337.247028625519 2319.390109767008
 1894.63078678875 -7735.96570788648 -5816.43511540208 9336.979793136456 2319.586368688131
 1894.646502311518 -7735.933413980376 -5816.529519379665 9336.987865936484 2319.573463608472
 1894.613311262475 -7735.99815769722 -5816.446877525352 9336.882063183684 2319.596419802411
 3399.546100098971 -6560.616245653812 -6212.857034115816 7876.341922951303 1496.474385920623
 1894.63078678875 -7735.96570788648 -5816.43511540208 9336.979793136456 2319.586368688131
 1894.63078678875 -7735.96570788648 -5816.43511540208 9336.979793136456 2319.586368688131
 1882.842984971537 -7745.348311266192 -5804.288379931874 9345.390121263135 2320.257257860578
 3422.15046335845 -6532.815356815169 -6265.417127693077 7861.634472104336 1513.321432046972
 1896.345474134411 -7734.464419229503 -5817.895089745339 9336.915366896337 2316.459110892663
 1894.906109694206 -7735.977712448571 -5816.664848034162 9337.104068775549 2319.397951606378
 3422.413130137507 -6532.688027689046 -6265.825171489349 7862.259451792208 1514.069213589526
 1894.63078678875 -7735.96570788648 -5816.43511540208 9336.979793136456 2319.586368688131
 1894.63078678875 -7735.96570788648 -5816.43511540208 9336.979793136456 2319.586368688131
 1894.63078678875 -7735.96570788648 -5816.43511540208 9336.979793136456 2319.586368688131
 1894.621964258701 -7736.038986465527 -5816.467737797292 9337.065152730647 2319.613130147861
 1894.63078678875 -7735.96570788648 -5816.43511540208 9336.979793136456 2319.586368688131
 1894.653577417632 -7735.868457779769 -5816.415702283555 9336.963632448394 2319.718605244134
 1894.63078678875 -7735.96570788648 -5816.43511540208 9336.979793136456 2319.586368688131
 1894.63078678875 -7735.96570788648 -5816.43511540208 9336.979793136456 2319.586368688131
 1894.617346270885 -7736.681204240919 -5816.388918651741 9337.068365178262 2319.392121377148
 1894.63078678875 -7735.96570788648 -5816.43511540208 9336.979793136456 2319.586368688131
 1894.115224853179 -7736.511214868225 -5816.577107261701 9336.545793018353 2318.487015369098
 1894.63078678875 -7735.96570788648 -5816.43511540208 9336.979793136456 2319.586368688131
 1894.63078678875 -7735.96570788648 -5816.43511540208 9336.979793136456 2319.586368688131
 1890.878281793944 -7749.887073745118 -5790.739502806598 9331.822294117936 2321.497172242734
 1894.555764451814 -7736.342349177852 -5816.056682373383 9337.247028625519 2319.390109767008
 1894.63078678875 -7735.96570788648 -5816.43511540208 9336.979793136456 2319.586368688131
 1894.555764451814 -7736.342349177852 -5816.056682373383 9337.247028625519 2319.390109767008
 3467.223241097998 -6526.783638963559 -6170.243087585583 7740.129279224132 1491.814254792521
 1894.63078678875 -7735.96570788648 -5816.43511540208 9336.979793136456 2319.586368688131
 1894.642165069611 -7735.999899929393 -5816.40453254364 9336.998317045061 2319.595610427823
 1894.63078678875 -7735.96570788648 -5816.43511540208 9336.979793136456 2319.586368688131
 1894.63078678875 -7735.96570788648 -5816.43511540208 9336.979793136456 2319.586368688131
 1894.63078678875 -7735.96570788648 -5816.43511540208 9336.979793136456 2319.586368688131
 1894.63078678875 -7735.96570788648 -5816.43511540208 9336.979793136456 2319.586368688131
 1894.63078678875 -7735.96570788648 -5816.43511540208 9336.979793136456 2319.586368688131
 1894.63078678875 -7735.96570788648 -5816.43511540208 9336.979793136456 2319.586368688131
 1894.63078678875 -7735.96570788648 -5816.43511540208 9336.979793136456 2319.586368688131
 1894.793704398609 -7735.732836283541 -5816.256593662455 9337.012175334208 2319.837298067678
 1894.63078678875 -7735.96570788648 -5816.43511540208 9336.979793136456 2319.586368688131
 1894.814991498248 -7735.759702503386 -5816.942908350951 9337.107529241404 2319.181942934945
 1894.697398348406 -7735.927322671275 -5816.429426369902 9336.91187875045 2319.540260046622
 1894.63078678875 -7735.96570788648 -5816.43511540208 9336.979793136456 2319.586368688131
 1894.63078678875 -7735.96570788648 -5816.43511540208 9336.979793136456 2319.586368688131
 1894.63078678875 -7735.96570788648 -5816.43511540208 9336.979793136456 2319.586368688131
 3399.546100098971 -6560.616245653812 -6212.857034115816 7876.341922951303 1496.474385920623
 1894.63078678875 -7735.96570788648 -5816.43511540208 9336.979793136456 2319.586368688131
 1894.63078678875 -7735.96570788648 -5816.43511540208 9336.979793136456 2319.586368688131
 1894.410641590676 -7736.023640778586 -5816.439844016854 9337.14260306263 2319.774658668209
 1894.555764451814 -7736.342349177852 -5816.056682373383 9337.247028625519 2319.390109767008
 1894.63078678875 -7735.96570788648 -5816.43511540208 9336.979793136456 2319.586368688131
