# Created by Octave 4.2.1, Mon Oct 09 17:50:26 2017 BRT <root@mosqueiro>
# name: pop
# type: matrix
# rows: 1000
# columns: 5
 -6656.268131236139 6353.222260248825 3061.895208913224 6774.301502112063 -9499.130554024872
 -6656.268131236139 6353.222260248825 3061.895208913224 6774.301502112063 -9499.130554024872
 -6656.268131236139 6353.222260248825 3061.895208913224 6774.301502112063 -9499.130554024872
 -6656.268131236139 6353.222260248825 3061.895208913224 6774.301502112063 -9499.130554024872
 -6656.268131236139 6353.222260248825 3061.895208913224 6774.301502112063 -9499.130554024872
 -6656.268131236139 6353.222260248825 3061.895208913224 6774.301502112063 -9499.130554024872
 -6656.268131236139 6353.222260248825 3061.895208913224 6774.301502112063 -9499.130554024872
 6364.127891700844 -240.8988692430539 -5508.290578057798 8766.757618954809 -9322.858562785259
 -24403.57203904307 -27212.41608112808 -34202.67859605423 13169.07586192266 1950.109980753728
 6364.127891700844 -240.8988692430539 -5508.290578057798 8766.757618954809 -9322.858562785259
 -6656.268131236139 6353.222260248825 3061.895208913224 6774.301502112063 -9499.130554024872
 -15312.96138643773 4307.336010691108 27986.5880793483 13361.58106386732 -13186.41860256707
 -2414.363282377113 -8218.254152526752 3604.000605923229 6664.97002484593 325.0701981889652
 -8295.561524522753 5887.469567563801 306.2575011484569 7658.432434493719 -1347.40183135539
 28795.47797317149 36501.04172411132 -26506.12096947937 -16484.85106561408 3663.436702369553
 -6656.268131236139 6353.222260248825 3061.895208913224 6774.301502112063 -9499.130554024872
 -4406.882692722758 42787.0199550168 20551.84924137295 37419.25675228242 -2479.001050591449
 -31789.76336539004 129.6098614100338 -1438.570722971624 -20352.04809839696 -24860.70279294238
 -6656.268131236139 6353.222260248825 3061.895208913224 6774.301502112063 -9499.130554024872
 -2414.363282377113 -8218.254152526752 3604.000605923229 6664.97002484593 325.0701981889652
 6455.275640666914 -3175.451342289687 -7857.515137841808 -1509.001470211337 7954.894908144335
 -37497.14578648667 -5751.044067480121 -31602.49740267764 -18503.4476301627 5910.40231367313
 11564.06786110746 33742.22699097617 -57444.63960968477 17423.98263349976 18222.06232830659
 -6656.268131236139 6353.222260248825 3061.895208913224 6774.301502112063 -9499.130554024872
 21834.2404386148 4350.121301011925 -15695.5527358168 -272.8736383077758 9058.733042044467
 -6656.268131236139 6353.222260248825 3061.895208913224 6774.301502112063 -9499.130554024872
 -6656.268131236139 6353.222260248825 3061.895208913224 6774.301502112063 -9499.130554024872
 -6656.268131236139 6353.222260248825 3061.895208913224 6774.301502112063 -9499.130554024872
 -12786.86136026093 -3330.325692280971 -1630.272887632213 2155.290127803056 9825.89949918924
 -6656.268131236139 6353.222260248825 3061.895208913224 6774.301502112063 -9499.130554024872
 6947.974172259221 -5058.583259129357 10876.72871485319 9795.84611982993 8461.442898078865
 -25869.93415918576 13878.02189158625 -28673.87677677873 23907.59519403046 18931.33662178967
 21834.2404386148 4350.121301011925 -15695.5527358168 -272.8736383077758 9058.733042044467
 -6656.268131236139 6353.222260248825 3061.895208913224 6774.301502112063 -9499.130554024872
 -6656.268131236139 6353.222260248825 3061.895208913224 6774.301502112063 -9499.130554024872
 -6656.268131236139 6353.222260248825 3061.895208913224 6774.301502112063 -9499.130554024872
 -6656.268131236139 6353.222260248825 3061.895208913224 6774.301502112063 -9499.130554024872
 -6656.268131236139 6353.222260248825 3061.895208913224 6774.301502112063 -9499.130554024872
 -6656.268131236139 6353.222260248825 3061.895208913224 6774.301502112063 -9499.130554024872
 -6656.268131236139 6353.222260248825 3061.895208913224 6774.301502112063 -9499.130554024872
 -3578.838536105712 4853.970822364015 -6392.72713764585 -5578.555953993293 -4946.352948963226
 -8945.805483637816 9709.564454548927 -3000.115049078834 -3075.731730624837 5206.641241662439
 -6656.268131236139 6353.222260248825 3061.895208913224 6774.301502112063 -9499.130554024872
 -8775.64568136645 11545.8944627483 45892.41754880962 -310.4859047897589 -38887.38916922201
 -6656.268131236139 6353.222260248825 3061.895208913224 6774.301502112063 -9499.130554024872
 -19583.01981403451 22834.33577433008 -30347.1507279068 10257.81788494485 -4771.591605043503
 24523.92429305328 -8070.970466114568 17235.19940489679 34620.0046751737 -14293.32341609779
 -6656.268131236139 6353.222260248825 3061.895208913224 6774.301502112063 -9499.130554024872
 -742.9725453395349 0.2473486346216305 -11327.66520945489 5104.5989266929 6388.376702720043
 -6656.268131236139 6353.222260248825 3061.895208913224 6774.301502112063 -9499.130554024872
 11708.53105196649 -11917.71254324569 18146.5935391652 -30586.47932390105 1843.423053304079
 -6930.886320774267 5972.410351841761 953.5141334487494 7082.275341649894 -33330.67724651033
 -8074.646740494936 4311.993894618465 7332.477663066536 7654.83688253037 -1391.243883603573
 7480.747687819814 -5375.419536921065 31263.76798017429 11727.62883135202 -22979.87686950741
 20617.39766467376 -2573.273028159661 -14217.44034933401 -20696.55225195789 3077.800856201929
 -8597.905917926833 -1570.297670306119 -16725.12336030999 15291.38389861332 -38290.24400129297
 -4711.236179003907 40523.98321068054 12186.4942709085 -6691.483649441236 -9319.279514662056
 -6656.268131236139 6353.222260248825 3061.895208913224 6774.301502112063 -9499.130554024872
 -8964.718725833603 -3519.006331547584 8842.154279737657 280.8486756372422 4492.188130364408
 3831.60702111736 10814.34275145097 -8931.868647222767 15204.78071297494 -11160.49193752501
 -24844.9580087626 25681.17405183667 42504.1753876861 21100.9147491911 16095.47991818168
 -11950.42901903519 -25270.27570349595 23930.36109592083 -64240.8015382603 26813.54571424178
 -6656.268131236139 6353.222260248825 3061.895208913224 6774.301502112063 -9499.130554024872
 -6656.268131236139 6353.222260248825 3061.895208913224 6774.301502112063 -9499.130554024872
 -6656.268131236139 6353.222260248825 3061.895208913224 6774.301502112063 -9499.130554024872
 6364.127891700844 -240.8988692430539 -5508.290578057798 8766.757618954809 -9322.858562785259
 -6656.268131236139 6353.222260248825 3061.895208913224 6774.301502112063 -9499.130554024872
 -6656.268131236139 6353.222260248825 3061.895208913224 6774.301502112063 -9499.130554024872
 -37497.14578648667 -5751.044067480121 -31602.49740267764 -18503.4476301627 5910.40231367313
 -6656.268131236139 6353.222260248825 3061.895208913224 6774.301502112063 -9499.130554024872
 -26687.81838619908 22419.73395398783 -5715.657591081093 -11520.48097777681 3827.650319158631
 33539.47377761885 -15064.80663591564 2136.213428203915 1344.791471415876 -20201.05387811792
 -6656.268131236139 6353.222260248825 3061.895208913224 6774.301502112063 -9499.130554024872
 -6656.268131236139 6353.222260248825 3061.895208913224 6774.301502112063 -9499.130554024872
 -25663.02832578565 -27371.12522251897 -17143.90419047269 4569.515264481338 -9068.390024085184
 -6656.268131236139 6353.222260248825 3061.895208913224 6774.301502112063 -9499.130554024872
 -6656.268131236139 6353.222260248825 3061.895208913224 6774.301502112063 -9499.130554024872
 -6656.268131236139 6353.222260248825 3061.895208913224 6774.301502112063 -9499.130554024872
 6364.127891700844 -240.8988692430539 -5508.290578057798 8766.757618954809 -9322.858562785259
 -6656.268131236139 6353.222260248825 3061.895208913224 6774.301502112063 -9499.130554024872
 -6656.268131236139 6353.222260248825 3061.895208913224 6774.301502112063 -9499.130554024872
 -13370.78048379505 -32309.51637642922 8091.844155364044 -1249.459547617023 10670.24641118258
 11625.05495721045 16826.79578800477 4013.13182929648 15533.19138197293 -8622.277292559011
 -6656.268131236139 6353.222260248825 3061.895208913224 6774.301502112063 -9499.130554024872
