# Created by Octave 4.2.1, Mon Oct 09 18:30:42 2017 BRT <root@mosqueiro>
# name: pop
# type: matrix
# rows: 1000
# columns: 5
 -7071.897146718115 7342.823049396987 -9915.176793900224 7560.048554095179 2083.31915077
 -7067.301801225295 7332.378776536591 -9919.050967937896 7565.752177436239 2087.43317734072
 -7067.301801225295 7332.378776536591 -9919.050967937896 7565.752177436239 2087.43317734072
 -7067.301801225295 7332.378776536591 -9919.050967937896 7565.752177436239 2087.43317734072
 -7067.301801225295 7332.378776536591 -9919.050967937896 7565.752177436239 2087.43317734072
 -8178.81860766912 7552.47145894695 -9522.556700348692 7448.607992484757 2700.966244238647
 -8128.460181654966 7581.392642790043 -9519.709897567429 7457.859308626171 2675.679994271624
 -7067.301801225295 7332.378776536591 -9919.050967937896 7565.752177436239 2087.43317734072
 -7054.632369805704 7320.960068122444 -9978.116492291645 7582.849961752342 2176.271260770053
 -7067.301801225295 7332.378776536591 -9919.050967937896 7565.752177436239 2087.43317734072
 -8153.609669504795 7449.584112469199 -9351.063575631668 7531.289751374761 2523.46445366543
 -6795.458653000116 7284.462579696532 -10143.12620066087 7560.308555344614 2102.623425415313
 -7067.301801225295 7332.378776536591 -9919.050967937896 7565.752177436239 2087.43317734072
 -7067.301801225295 7332.378776536591 -9919.050967937896 7565.752177436239 2087.43317734072
 -8187.763456337296 7555.934655380137 -9516.119031617371 7447.703430704593 2702.769648629498
 -8187.763456337296 7555.934655380137 -9516.119031617371 7447.703430704593 2702.769648629498
 -6257.414862435409 7184.484324005079 -8136.320608093626 8335.609800658969 -1124.377144824623
 -7073.38157554586 7321.658908534299 -9920.334808967922 7560.18443705049 2072.434043799931
 -8171.134492760615 7442.707659715764 -9350.94010295115 7515.103324297168 2494.453187832578
 -7067.301801225295 7332.378776536591 -9919.050967937896 7565.752177436239 2087.43317734072
 -7067.301801225295 7332.378776536591 -9919.050967937896 7565.752177436239 2087.43317734072
 -7084.175836863591 7299.612950715075 -10003.03135425397 7535.186969007497 2193.765617689614
 -7057.140898035077 7314.572424789811 -9910.842625017429 7557.544412770873 2078.092171831031
 -7067.301801225295 7332.378776536591 -9919.050967937896 7565.752177436239 2087.43317734072
 -7067.301801225295 7332.378776536591 -9919.050967937896 7565.752177436239 2087.43317734072
 -7067.301801225295 7332.378776536591 -9919.050967937896 7565.752177436239 2087.43317734072
 -8153.609669504795 7449.584112469199 -9351.063575631668 7531.289751374761 2523.46445366543
 -7067.301801225295 7332.378776536591 -9919.050967937896 7565.752177436239 2087.43317734072
 -7067.301801225295 7332.378776536591 -9919.050967937896 7565.752177436239 2087.43317734072
 -7067.301801225295 7332.378776536591 -9919.050967937896 7565.752177436239 2087.43317734072
 -7067.301801225295 7332.378776536591 -9919.050967937896 7565.752177436239 2087.43317734072
 -7067.301801225295 7332.378776536591 -9919.050967937896 7565.752177436239 2087.43317734072
 -8153.827655774926 7439.448826961699 -9350.458995579858 7499.750395899331 2525.881525636609
 -7067.301801225295 7332.378776536591 -9919.050967937896 7565.752177436239 2087.43317734072
 -7067.301801225295 7332.378776536591 -9919.050967937896 7565.752177436239 2087.43317734072
 -7065.689699929589 7326.841047967199 -9916.957196851843 7566.876176604684 2091.23809081591
 -7067.301801225295 7332.378776536591 -9919.050967937896 7565.752177436239 2087.43317734072
 -7067.301801225295 7332.378776536591 -9919.050967937896 7565.752177436239 2087.43317734072
 -7071.897146718115 7342.823049396987 -9915.176793900224 7560.048554095179 2083.31915077
 -6795.458653000116 7284.462579696532 -10143.12620066087 7560.308555344614 2102.623425415313
 -8187.763456337296 7555.934655380137 -9516.119031617371 7447.703430704593 2702.769648629498
 -7067.301801225295 7332.378776536591 -9919.050967937896 7565.752177436239 2087.43317734072
 -7067.301801225295 7332.378776536591 -9919.050967937896 7565.752177436239 2087.43317734072
 -8167.906655104764 7485.962860738019 -9327.719155594979 7547.961375521055 2534.331651543724
 -8187.83093826797 7565.530038877524 -9541.353086111294 7507.742624527508 2660.561217627976
 -7067.037595332266 7330.871606206038 -9928.260776912677 7558.829324536287 2080.940543805435
 -7067.301801225295 7332.378776536591 -9919.050967937896 7565.752177436239 2087.43317734072
 -7067.301801225295 7332.378776536591 -9919.050967937896 7565.752177436239 2087.43317734072
 -7067.301801225295 7332.378776536591 -9919.050967937896 7565.752177436239 2087.43317734072
 -8187.763456337296 7555.934655380137 -9516.119031617371 7447.703430704593 2702.769648629498
 -7067.301801225295 7332.378776536591 -9919.050967937896 7565.752177436239 2087.43317734072
 -6257.414862435409 7184.484324005079 -8136.320608093626 8335.609800658969 -1124.377144824623
 -7067.301801225295 7332.378776536591 -9919.050967937896 7565.752177436239 2087.43317734072
 -7067.301801225295 7332.378776536591 -9919.050967937896 7565.752177436239 2087.43317734072
 -6769.053737560473 7245.435918447206 -10044.41819964142 7657.145498652767 2210.540718678709
 -6257.414862435409 7184.484324005079 -8136.320608093626 8335.609800658969 -1124.377144824623
 -7067.301801225295 7332.378776536591 -9919.050967937896 7565.752177436239 2087.43317734072
 -7067.301801225295 7332.378776536591 -9919.050967937896 7565.752177436239 2087.43317734072
 -8153.609669504795 7449.584112469199 -9351.063575631668 7531.289751374761 2523.46445366543
 -7067.301801225295 7332.378776536591 -9919.050967937896 7565.752177436239 2087.43317734072
 -8144.989259599586 7460.319779635259 -9349.288674697338 7541.704039938321 2523.084566808763
 -7067.301801225295 7332.378776536591 -9919.050967937896 7565.752177436239 2087.43317734072
 -6230.241555963145 7326.852201765004 -8388.530442433021 8444.932902319537 -1199.993472259672
 -7067.301801225295 7332.378776536591 -9919.050967937896 7565.752177436239 2087.43317734072
 -7067.301801225295 7332.378776536591 -9919.050967937896 7565.752177436239 2087.43317734072
 -8187.763456337296 7555.934655380137 -9516.119031617371 7447.703430704593 2702.769648629498
 -7067.301801225295 7332.378776536591 -9919.050967937896 7565.752177436239 2087.43317734072
 -8153.609669504795 7449.584112469199 -9351.063575631668 7531.289751374761 2523.46445366543
 -6172.364142501692 7141.087101409851 -8186.260385358748 8334.626643045645 -1096.769251934545
 -7057.379544189616 7351.158468447586 -9906.850501980936 7585.965152004035 2070.749400719312
 -7067.301801225295 7332.378776536591 -9919.050967937896 7565.752177436239 2087.43317734072
 -8142.781337406943 7453.548383423731 -9364.989694115506 7561.599104566409 2553.415659054527
 -8127.057045729866 7436.690147347323 -9335.045737161608 7549.956646765771 2524.824515892863
 -7067.301801225295 7332.378776536591 -9919.050967937896 7565.752177436239 2087.43317734072
 -7067.301801225295 7332.378776536591 -9919.050967937896 7565.752177436239 2087.43317734072
 -8153.609669504795 7449.584112469199 -9351.063575631668 7531.289751374761 2523.46445366543
 -7060.726049433736 7349.197091678966 -9922.990299376757 7573.417783969269 2092.759861672992
 -7067.301801225295 7332.378776536591 -9919.050967937896 7565.752177436239 2087.43317734072
 -7067.301801225295 7332.378776536591 -9919.050967937896 7565.752177436239 2087.43317734072
 -8187.763456337296 7555.934655380137 -9516.119031617371 7447.703430704593 2702.769648629498
 -8188.943027701663 7552.174039681728 -9543.064059468599 7412.888488325912 2823.155222966378
 -8187.763456337296 7555.934655380137 -9516.119031617371 7447.703430704593 2702.769648629498
 -6277.374687149361 7187.219883448242 -8124.864016138708 8356.48144711546 -1156.289222517414
 -7067.301801225295 7332.378776536591 -9919.050967937896 7565.752177436239 2087.43317734072
 -7067.301801225295 7332.378776536591 -9919.050967937896 7565.752177436239 2087.43317734072
