# Created by Octave 4.2.1, Mon Oct 09 18:22:22 2017 BRT <root@mosqueiro>
# name: pop
# type: matrix
# rows: 1000
# columns: 5
 -8050.497224522569 7754.819000622869 -9745.174986403241 7885.809393492465 2182.906102317827
 -8050.497224522569 7754.819000622869 -9745.174986403241 7885.809393492465 2182.906102317827
 -8050.497224522569 7754.819000622869 -9745.174986403241 7885.809393492465 2182.906102317827
 -8050.497224522569 7754.819000622869 -9745.174986403241 7885.809393492465 2182.906102317827
 -8050.497224522569 7754.819000622869 -9745.174986403241 7885.809393492465 2182.906102317827
 -9760.150763546757 -595.9779027982931 7266.662228673445 9794.820478921949 -6651.640212549273
 -8050.497224522569 7754.819000622869 -9745.174986403241 7885.809393492465 2182.906102317827
 -9760.150763546757 -595.9779027982931 7266.662228673445 9794.820478921949 -6651.640212549273
 -8050.497224522569 7754.819000622869 -9745.174986403241 7885.809393492465 2182.906102317827
 4229.318402788276 6547.720639972638 -663.012487285816 6876.602661240839 -5323.209423912861
 2271.287175828425 23004.58820150346 3881.59127169674 10714.59117239316 -17239.85563432986
 -17179.79624578732 47321.87210572084 32101.63197965253 12671.89937064593 -18218.38649339303
 -8050.497224522569 7754.819000622869 -9745.174986403241 7885.809393492465 2182.906102317827
 23517.01725112577 11317.37348079576 -16740.54337792335 20067.40550535953 -9556.435186349281
 -8050.497224522569 7754.819000622869 -9745.174986403241 7885.809393492465 2182.906102317827
 -9760.150763546757 -595.9779027982931 7266.662228673445 9794.820478921949 -6651.640212549273
 -8050.497224522569 7754.819000622869 -9745.174986403241 7885.809393492465 2182.906102317827
 2377.061236130724 -17559.24528076896 -26971.14542932814 -23294.41801551114 5301.928648608566
 -8050.497224522569 7754.819000622869 -9745.174986403241 7885.809393492465 2182.906102317827
 -8012.64419762343 7840.862845858956 1649.953745259845 2477.630504796391 -4018.293338203648
 -8050.497224522569 7754.819000622869 -9745.174986403241 7885.809393492465 2182.906102317827
 -8050.497224522569 7754.819000622869 -9745.174986403241 7885.809393492465 2182.906102317827
 -1536.648993667844 -5175.308382160447 -6556.724863592024 -7404.908336947212 -2954.217370187543
 514.7385082195615 8357.871714462821 47816.30188834833 10530.06146682585 22603.28302219403
 -8012.64419762343 7840.862845858956 1649.953745259845 2477.630504796391 -4018.293338203648
 -9787.21957098008 36752.94134364126 -17064.06753818634 53466.00654122823 9071.509695176112
 8728.917603515292 -9376.389747557616 5817.779650605484 -4691.407341946416 5012.968364127843
 288.4605602535667 -8440.590460986503 -7627.101494196754 -5836.508287899954 1181.536266623771
 -8050.497224522569 7754.819000622869 -9745.174986403241 7885.809393492465 2182.906102317827
 -8050.497224522569 7754.819000622869 -9745.174986403241 7885.809393492465 2182.906102317827
 -8050.497224522569 7754.819000622869 -9745.174986403241 7885.809393492465 2182.906102317827
 -10827.1118041628 12713.26809092942 -19942.56440025188 -13912.98102068829 -22784.95197058446
 6122.250071785533 -8653.595369476876 9037.648166350551 -9509.049129221326 3138.445347356695
 1006.057890797681 28291.0926475992 19760.0253105409 -31997.70347898987 40254.12048341431
 -8050.497224522569 7754.819000622869 -9745.174986403241 7885.809393492465 2182.906102317827
 -8012.64419762343 7840.862845858956 1649.953745259845 2477.630504796391 -4018.293338203648
 687.3572848928798 3037.754527138359 -4339.091649929064 4240.465247296368 607.5380802918789
 -8050.497224522569 7754.819000622869 -9745.174986403241 7885.809393492465 2182.906102317827
 -16324.08710883328 9098.358587766696 -44850.26691421109 39673.52414331085 28047.73982913559
 -8050.497224522569 7754.819000622869 -9745.174986403241 7885.809393492465 2182.906102317827
 -5372.596514610982 6774.71465134497 611.7228819540924 -1549.573128390128 -490.8218082489184
 7195.631802954009 -1135.693626498834 8974.276118623351 -5357.133202073167 -1438.438162392498
 -7524.291179133657 252.6931922876629 1042.93380091086 8227.459585708992 -356.2590132535752
 -22851.19617213918 -5496.247865788864 24112.58761990336 13958.91794809032 8340.454685983983
 -8012.64419762343 7840.862845858956 1649.953745259845 2477.630504796391 -4018.293338203648
 14382.0912693614 -8012.796606619016 36143.86312332006 15759.92901232713 6975.831125990672
 -5372.596514610982 6774.71465134497 611.7228819540924 -1549.573128390128 -490.8218082489184
 7195.631802954009 -1135.693626498834 8974.276118623351 -5357.133202073167 -1438.438162392498
 -8012.64419762343 7840.862845858956 1649.953745259845 2477.630504796391 -4018.293338203648
 -22851.19617213918 -5496.247865788864 24112.58761990336 13958.91794809032 8340.454685983983
 536.186255267834 7932.864452635022 9054.24514092469 -6423.057963186598 -1789.832655562624
 -9760.150763546757 -595.9779027982931 7266.662228673445 9794.820478921949 -6651.640212549273
 -8050.497224522569 7754.819000622869 -9745.174986403241 7885.809393492465 2182.906102317827
 -22583.97094721195 -13454.63175062949 5360.772451382498 -5860.890195152959 25722.1429070863
 -8012.64419762343 7840.862845858956 1649.953745259845 2477.630504796391 -4018.293338203648
 5378.007534316708 4652.271360336163 -2776.695473609653 4545.650674727272 7669.757852192099
 3021.134215121812 -581.3778423049262 1524.85743858221 -6905.004020767723 3842.545277598756
 -8050.497224522569 7754.819000622869 -9745.174986403241 7885.809393492465 2182.906102317827
 -4790.395269396858 -604.6852645250183 -2721.73734168787 -418.9995241489742 9931.673500241006
 -9523.453425597223 7357.647130449182 6057.513451340901 3810.087755400164 -7252.8891483834
 -5372.596514610982 6774.71465134497 611.7228819540924 -1549.573128390128 -490.8218082489184
 -8982.068609350337 3832.901854288424 -602.0520201826621 -1936.195953473016 7910.149505656722
 -8050.497224522569 7754.819000622869 -9745.174986403241 7885.809393492465 2182.906102317827
 -8050.497224522569 7754.819000622869 -9745.174986403241 7885.809393492465 2182.906102317827
 -8050.497224522569 7754.819000622869 -9745.174986403241 7885.809393492465 2182.906102317827
 -8050.497224522569 7754.819000622869 -9745.174986403241 7885.809393492465 2182.906102317827
 -8050.497224522569 7754.819000622869 -9745.174986403241 7885.809393492465 2182.906102317827
 -39238.46970804439 -2823.437785329654 1466.975489554831 10784.49774079822 -30084.45098564371
 -8050.497224522569 7754.819000622869 -9745.174986403241 7885.809393492465 2182.906102317827
 -14229.57103089156 -8747.21261250506 -7369.91057190251 6794.032514914495 5025.497201317803
 -8050.497224522569 7754.819000622869 -9745.174986403241 7885.809393492465 2182.906102317827
 -8050.497224522569 7754.819000622869 -9745.174986403241 7885.809393492465 2182.906102317827
 -4429.355357862187 -155.9754508087735 -2897.735878658373 7226.697969308261 68.91260407075606
 -8012.64419762343 7840.862845858956 1649.953745259845 2477.630504796391 -4018.293338203648
 -5372.596514610982 6774.71465134497 611.7228819540924 -1549.573128390128 -490.8218082489184
 -8050.497224522569 7754.819000622869 -9745.174986403241 7885.809393492465 2182.906102317827
 6845.347110364326 1380.45872457865 8861.142320607225 -5618.375564063514 -36978.72761723042
 -3821.779488878473 -1234.006483303558 5879.858104417244 1876.827993465646 -2507.92747823747
 -348.8234320670381 -6445.583808039613 -595.9655863274475 1943.377334879109 482.7435259091753
 57495.06828837733 43329.94382137078 56049.73440968878 -22024.29380960988 -13134.1152242197
 -8050.497224522569 7754.819000622869 -9745.174986403241 7885.809393492465 2182.906102317827
 -8050.497224522569 7754.819000622869 -9745.174986403241 7885.809393492465 2182.906102317827
 1158.206029355886 -3417.749974453675 -3759.142700420501 3453.132671554406 2803.876159037882
 -8050.497224522569 7754.819000622869 -9745.174986403241 7885.809393492465 2182.906102317827
