# Created by Octave 4.2.1, Mon Oct 09 17:48:11 2017 BRT <root@mosqueiro>
# name: pop
# type: matrix
# rows: 1000
# columns: 5
 -8144.919525907474 3211.36256534038 9158.531522556546 4471.810425314368 9434.918416605564
 6991.272425187628 857.4117327478198 -9206.147371817904 -5428.687145816139 -3498.905793885097
 -1223.143491312598 -6552.354195811786 -3064.921836274467 -8896.290850582533 5689.400017378623
 2271.490428919164 -3991.042303567084 -7633.640606355449 -9236.796995381723 3461.888208070062
 1348.462658968663 -8126.250846727644 -7809.202201790024 3861.215593984907 7881.889301782303
 -7745.843869870925 -6354.487018096416 6271.279956754597 -9317.309648895929 5002.044386890879
 6406.768309873885 -3774.169168507628 -253.7288843228562 -6616.665649539047 -6321.108650169315
 -9598.401379860339 -4838.954215943786 2571.915639607769 -3583.420779609868 -9226.543912173025
 105.2759597201184 -9488.591090148677 -9866.502088253506 -274.6162269291399 -9821.557720120059
 -8546.508090660682 -2766.089862294175 -3085.963559699171 -5645.149342253842 -4609.313786047034
 -5579.494267520357 -8715.946545395906 -4649.594342916819 3924.038671685579 1231.953183854208
 -373.0969706034412 -6616.272073147552 1644.932173253883 8702.611151837242 6162.708582421808
 2809.255646190841 8932.109557149673 7304.124108542419 -8618.976764928362 -693.6820495682059
 8512.072447402315 2616.220120563119 -7806.796206714134 3967.815972213763 4569.455372407305
 5562.563940149399 -4634.967753562521 6646.864979642003 4441.129805322837 5183.854676968029
 1194.86756835298 9035.043237334012 -2571.091312264348 8570.71291403101 -5710.797371135484
 3741.372399528693 9061.143205594475 6141.409558313855 8610.188068303396 9284.896925530811
 -5116.529068325302 -8678.992945554321 -7262.15168238075 1994.910062484296 -9526.642968815082
 -6170.788464715881 5821.298135688139 305.5533371312049 -6656.660170358978 6149.538240544331
 9544.361974757932 9782.811046589497 5570.747405818051 2246.174282705908 -8707.540496086127
 5636.292800405879 -9359.179852768484 -912.8579149313646 -6922.956347253578 4913.850445826367
 4534.217191523134 -9982.465060923179 8203.540331961529 -7262.799746130317 5969.486710295027
 -8516.187390810876 1074.499014501194 -669.0338465517561 -5806.271441125682 3034.664580105802
 1096.996391245491 5657.765844259937 -1838.223571180832 -7851.490997501925 2383.264936992149
 2478.402463827511 8118.804062043597 -5385.915978162065 8015.555572644618 8754.00581019482
 3020.045096311513 2512.009821516622 8544.336458159429 -2206.098048053416 -6840.544306706319
 -3986.08090293194 -8298.312319589229 6716.384408355723 1186.574176996473 -8600.375756631705
 2371.481195892884 -3639.987065477151 -5383.411926138178 -6197.312587397176 -8634.548614278548
 -8933.517633382951 3882.196307760078 -1942.437669432657 -861.7740330196793 -3467.430578290597
 9525.220427397217 -5133.435722595471 -822.8934965549797 -5750.687199242374 993.2777623793882
 -4299.133941899528 -2862.550346915479 1582.146036059867 9490.690534134315 7905.387081411467
 -921.3844047582916 -4754.618409012069 3394.826673184209 1529.107785341899 4318.168093598506
 -4767.780754070993 -9773.174921235424 1918.832606389462 3590.114347400626 3919.105049852198
 -2798.028765131598 9163.882425412303 739.905876514149 9244.778252462536 2451.453304667857
 -8184.345793208608 -1357.328739143361 -7092.382982168374 -1258.402318568869 6840.234057335849
 8766.509393537937 2217.41299878172 -8100.101972391119 -9091.473493732266 2904.93123443474
 4817.463507480104 2809.682941369356 -2188.445145139487 -9450.507505117259 -9272.623033061032
 1960.798144002947 33.08711171883988 -1223.039166724398 -2350.645323351829 6510.738333379759
 5896.894603420094 -9527.628923025632 -476.2709397695889 -9663.436059774425 -883.5141707795829
 5056.996384293068 -800.0984940438047 3462.768553962214 4545.717813172676 9755.309064663415
 -3554.422049365435 3394.129753615984 5993.079558663361 -7182.934891977238 -218.1604862679669
 5534.058977350316 9079.660257586656 -2795.063541156156 2358.800122582546 -7428.107899715265
 -4497.65600186392 -6250.803507786967 9290.206812529479 -1793.31868368908 311.0180768661448
 2795.82959817582 -9865.159265881068 -9674.977535561928 -7750.15704718242 -1883.873366775813
 56.69107483494554 -1368.9722485322 -6188.127894676327 8132.972317175117 -2464.184424261547
 9264.242860633411 3721.900987015866 -5329.701425404226 3747.588112716316 7795.484875537226
 -7442.183823098268 -4889.863188398377 -2618.684965140033 677.2884809907227 347.3644503379765
 -500.0227215333216 199.0850033310107 -4626.545411629229 6118.806155990856 8978.862658191792
 3485.238972267533 -9608.358447259503 9125.716914489622 -7221.474818834147 -3311.690430986344
 3564.565373709296 -5917.470959871055 -9097.235328356241 8035.531426232792 1695.307789506767
 4931.710439104218 -1132.670131856956 -8187.797713069152 9912.685791298754 -1991.562068577261
 4599.643289236948 -9618.090760291196 -1851.419703687435 7599.4652218888 -4105.97175985849
 6495.400360907806 -5041.46013049669 -195.2750497849156 -3431.840416864575 2725.995123390825
 2883.244248817018 2440.94983924697 -2236.56317601405 -8875.562786454544 -7133.968246874549
 2886.995126179121 -1939.781332849639 1064.776842058182 -9697.885964482246 7204.497322295596
 -8517.190998535241 9019.503712885959 -1180.338608012567 -2775.577877741912 -2020.809479417515
 -2121.388783927328 -8459.377894411085 -269.5650510401665 -9461.479725089859 -6299.722284966494
 3914.572440101059 -3788.246019722922 -8364.105997179631 -4082.427468049964 -4346.986292393901
 -40.94409999310665 -7628.900545113031 8283.412185028625 -8822.149048415758 1129.673255783106
 -2259.579852200145 -4472.070685134372 -8224.218002384976 7321.860950267142 -9041.911905840385
 -1671.071490076218 4571.242384560579 -4321.180044961689 -5392.896946541678 -6760.050486009754
 197.0784074603507 6031.323021032887 -3789.639665663523 9061.726161222476 8704.521130095036
 2332.339693219976 7382.436219373692 9871.505422493206 -8488.14353254826 9324.699557681761
 495.0233477312613 2409.113637085771 -6776.411037502205 6315.33804502493 3200.025429000454
 6646.579484389542 -6070.255097136049 2905.034890858049 6035.553645675564 -8370.105010517171
 4020.431933085611 7182.465243470178 -5066.84529962464 3887.462479941831 4757.671407519589
 -4718.999694701559 3021.533747456224 9371.958246149752 -9741.468878619764 4057.659557953972
 -8773.91013771464 -9539.799774491845 -4805.187476370304 -1461.995857571685 2434.818687945828
 -8278.493258272531 855.6915526179964 -9887.252256938895 -4868.177800538843 -8749.794984523629
 -7275.139687315079 -5266.52132165068 57.23499618097776 9771.679549894776 9116.323324854562
 -9577.163835087995 3587.977694916986 8357.17720955376 -896.2418674208111 -6977.847939275069
 5464.247498982484 -709.2887887373709 -1088.093983225594 3592.990076525655 -1104.436504316367
 835.311597091084 6401.761685478803 5379.927319865641 7522.334545408317 227.8171880917744
 -6529.461271184568 -6501.857779133523 -5127.411680761952 -4583.198674269396 -4096.188843333598
 -9416.814656228727 8923.72496278019 -6296.072903888385 6649.288341595795 -73.79851748131659
 4452.342024082811 -8992.105944346391 9824.998571219305 -9390.56451966018 -8532.598727513132
 -8269.485076731931 -7532.424370395062 -6142.179501367361 -5942.854653544701 7714.846295934072
 2655.208257511875 -3146.993887660719 7636.022657319336 9210.020276184809 -8297.053300624118
 -4802.200612727886 5230.506234243812 -6042.702135638825 -7304.92471869186 6345.898374177905
 -2142.85318328509 -4218.571312351061 3449.715140547902 -8230.581515228025 6227.771702641325
 8870.907877184476 5168.234887918588 -8009.930978004681 -5328.851873385144 4593.077020069903
 -4764.411549432385 8357.921547483813 -5893.93606700905 9028.064839657643 -9417.670877977829
 -1316.623585462734 9363.984385542182 104.8382537965044 4142.74701949781 -727.8936550118506
 7502.34712999106 -9023.016420000053 9797.015459323124 -339.9381875809177 -7300.152321847558
