# Created by Octave 4.2.1, Mon Oct 09 18:52:39 2017 BRT <root@mosqueiro>
# name: pop
# type: matrix
# rows: 1000
# columns: 5
 9081.243765327323 -7533.838776781087 1009.045427328079 -5823.865998343291 3266.721178152815
 9081.243721173958 -7533.838753790435 1009.045427727798 -5823.865975463968 3266.721176108672
 9081.243428256757 -7533.838386657801 1009.04559328282 -5823.866047713861 3266.721008494223
 9081.243440062493 -7533.838398657293 1009.045598550685 -5823.8660585354 3266.721014142292
 9081.243440062493 -7533.838398657293 1009.045598550685 -5823.8660585354 3266.721014142292
 9081.243428400017 -7533.838385655003 1009.045592466201 -5823.866048824842 3266.721007039763
 9081.243767337884 -7533.838771205887 1009.045423418933 -5823.86600077927 3266.72117748597
 9081.240770206705 -7533.837047369129 1009.044604550467 -5823.86519143799 3266.722421233919
 9081.243764939318 -7533.838776263106 1009.045428323986 -5823.865997315747 3266.721178269719
 9081.243440062493 -7533.838398657293 1009.045598550685 -5823.8660585354 3266.721014142292
 9081.243764939318 -7533.838776263106 1009.045428323986 -5823.865997315747 3266.721178269719
 9081.243722001333 -7533.83875326064 1009.045427867059 -5823.865977939973 3266.721177135943
 9081.243765327323 -7533.838776781087 1009.045427328079 -5823.865998343291 3266.721178152815
 9081.243440062493 -7533.838398657293 1009.045598550685 -5823.8660585354 3266.721014142292
 9081.245109926576 -7533.834249990931 1009.046724163641 -5823.867724980106 3266.726170564759
 9081.243425953298 -7533.838385384881 1009.045594049121 -5823.866048110734 3266.721006986318
 9081.240870099527 -7533.835653038839 1009.041024628594 -5823.863840862102 3266.722218999181
 9081.24344565339 -7533.83836590068 1009.045564586999 -5823.866051989001 3266.721002981157
 9081.243722001333 -7533.83875326064 1009.045427867059 -5823.865977939973 3266.721177135943
 9081.243428400017 -7533.838385655003 1009.045592466201 -5823.866048824842 3266.721007039763
 9081.243428400017 -7533.838385655003 1009.045592466201 -5823.866048824842 3266.721007039763
 9081.243428400017 -7533.838385655003 1009.045592466201 -5823.866048824842 3266.721007039763
 9081.243440062493 -7533.838398657293 1009.045598550685 -5823.8660585354 3266.721014142292
 9081.243440062493 -7533.838398657293 1009.045598550685 -5823.8660585354 3266.721014142292
 9081.240770206705 -7533.837047369129 1009.044604550467 -5823.86519143799 3266.722421233919
 9081.243386302791 -7533.838457454943 1009.045676926126 -5823.866036113232 3266.720969479639
 9081.243765327323 -7533.838776781087 1009.045427328079 -5823.865998343291 3266.721178152815
 9081.243440062493 -7533.838398657293 1009.045598550685 -5823.8660585354 3266.721014142292
 9081.243722001333 -7533.83875326064 1009.045427867059 -5823.865977939973 3266.721177135943
 9081.243416140849 -7533.838399872338 1009.045617516789 -5823.86605407553 3266.721016979184
 9081.243428400017 -7533.838385655003 1009.045592466201 -5823.866048824842 3266.721007039763
 9081.243421454787 -7533.838383345767 1009.045595735564 -5823.866046266947 3266.721001672429
 9081.243722001333 -7533.83875326064 1009.045427867059 -5823.865977939973 3266.721177135943
 9082.391065851154 -7494.34441066679 981.0983909411108 -5884.396067364984 3314.556895477349
 9081.24343012628 -7533.83838569125 1009.045591775029 -5823.866046905966 3266.721006229248
 9082.390747165377 -7494.345080087951 981.0978563070022 -5884.396104872686 3314.557571690297
 9081.243440062493 -7533.838398657293 1009.045598550685 -5823.8660585354 3266.721014142292
 9081.243764939318 -7533.838776263106 1009.045428323986 -5823.865997315747 3266.721178269719
 9081.243428400017 -7533.838385655003 1009.045592466201 -5823.866048824842 3266.721007039763
 9081.243440062493 -7533.838398657293 1009.045598550685 -5823.8660585354 3266.721014142292
 9081.243401480539 -7533.838354888437 1009.045594688101 -5823.86605424639 3266.721007897879
 9081.24344565339 -7533.83836590068 1009.045564586999 -5823.866051989001 3266.721002981157
 9081.243764939318 -7533.838776263106 1009.045428323986 -5823.865997315747 3266.721178269719
 9081.243428256757 -7533.838386657801 1009.04559328282 -5823.866047713861 3266.721008494223
 9081.243438647125 -7533.838399418834 1009.045597798682 -5823.866057860526 3266.721013429219
 9081.243428400017 -7533.838385655003 1009.045592466201 -5823.866048824842 3266.721007039763
 9081.243469957646 -7533.838362892066 1009.045578079393 -5823.866072615816 3266.721069542543
 9081.243440062493 -7533.838398657293 1009.045598550685 -5823.8660585354 3266.721014142292
 9081.243428400017 -7533.838385655003 1009.045592466201 -5823.866048824842 3266.721007039763
 9081.243722001333 -7533.83875326064 1009.045427867059 -5823.865977939973 3266.721177135943
 9081.243441231789 -7533.838397233952 1009.045598724496 -5823.866055963746 3266.721013288167
 9081.243764939318 -7533.838776263106 1009.045428323986 -5823.865997315747 3266.721178269719
 9081.243428400017 -7533.838385655003 1009.045592466201 -5823.866048824842 3266.721007039763
 9081.243428400017 -7533.838385655003 1009.045592466201 -5823.866048824842 3266.721007039763
 9081.243425376953 -7533.838385085214 1009.04558995869 -5823.866042127832 3266.721009449119
 9081.243722001333 -7533.83875326064 1009.045427867059 -5823.865977939973 3266.721177135943
 9081.243426457488 -7533.838385515104 1009.045592541699 -5823.866048172568 3266.72100715475
 9081.243428400017 -7533.838385655003 1009.045592466201 -5823.866048824842 3266.721007039763
 9081.243764939318 -7533.838776263106 1009.045428323986 -5823.865997315747 3266.721178269719
 9081.243440062493 -7533.838398657293 1009.045598550685 -5823.8660585354 3266.721014142292
 9081.242530881831 -7533.837122223675 1009.049547153727 -5823.870660345216 3266.721495509715
 9081.243440062493 -7533.838398657293 1009.045598550685 -5823.8660585354 3266.721014142292
 9081.243440062493 -7533.838398657293 1009.045598550685 -5823.8660585354 3266.721014142292
 9081.243424630034 -7533.838383146331 1009.04559006424 -5823.866049856132 3266.721008506574
 9081.243429416501 -7533.838387773412 1009.045594420988 -5823.866055054399 3266.721013872085
 9081.243764939318 -7533.838776263106 1009.045428323986 -5823.865997315747 3266.721178269719
 9081.24344565339 -7533.83836590068 1009.045564586999 -5823.866051989001 3266.721002981157
 9081.243764939318 -7533.838776263106 1009.045428323986 -5823.865997315747 3266.721178269719
 9081.242385714402 -7533.837428944436 1009.04951186564 -5823.870451946133 3266.721579556077
 9081.243428400017 -7533.838385655003 1009.045592466201 -5823.866048824842 3266.721007039763
 9081.243428256757 -7533.838386657801 1009.04559328282 -5823.866047713861 3266.721008494223
 9081.243440062493 -7533.838398657293 1009.045598550685 -5823.8660585354 3266.721014142292
 9081.243764939318 -7533.838776263106 1009.045428323986 -5823.865997315747 3266.721178269719
 9081.243637689218 -7533.83737053099 1009.04434513488 -5823.866127758537 3266.7218912418
 9081.242079489732 -7533.836242217217 1009.043198369351 -5823.866203819488 3266.722731534468
 9081.243428400017 -7533.838385655003 1009.045592466201 -5823.866048824842 3266.721007039763
 9081.243386302791 -7533.838457454943 1009.045676926126 -5823.866036113232 3266.720969479639
 9081.243638878221 -7533.837361293311 1009.044348382067 -5823.866128051926 3266.721882509192
 9081.243440062493 -7533.838398657293 1009.045598550685 -5823.8660585354 3266.721014142292
 9081.243428400017 -7533.838385655003 1009.045592466201 -5823.866048824842 3266.721007039763
 9081.243401480539 -7533.838354888437 1009.045594688101 -5823.86605424639 3266.721007897879
 9081.243422446365 -7533.838387685541 1009.045583296215 -5823.866046303179 3266.721012880966
 9082.390749826505 -7494.345115490374 981.097854007425 -5884.396083670688 3314.557570370737
 9081.243440062493 -7533.838398657293 1009.045598550685 -5823.8660585354 3266.721014142292
 9081.243440062493 -7533.838398657293 1009.045598550685 -5823.8660585354 3266.721014142292
