# Created by Octave 4.2.1, Mon Oct 09 17:41:23 2017 BRT <root@mosqueiro>
# name: pop
# type: matrix
# rows: 1000
# columns: 5
 1894.63078678875 -7735.96570788648 -5816.43511540208 9336.979793136456 2319.586368688131
 1894.63078678875 -7735.96570788648 -5816.43511540208 9336.979793136456 2319.586368688131
 1894.63078678875 -7735.96570788648 -5816.43511540208 9336.979793136456 2319.586368688131
 1894.63078678875 -7735.96570788648 -5816.43511540208 9336.979793136456 2319.586368688131
 1894.63078678875 -7735.96570788648 -5816.43511540208 9336.979793136456 2319.586368688131
 3374.818666983977 -6537.235484691996 -6228.257975111647 7821.643767963021 1569.702417393989
 1894.63078678875 -7735.96570788648 -5816.43511540208 9336.979793136456 2319.586368688131
 3469.103303362535 -6520.559098079726 -6162.109520001335 7732.962933466963 1479.212236532696
 1894.63078678875 -7735.96570788648 -5816.43511540208 9336.979793136456 2319.586368688131
 1882.500150416381 -7744.702908769411 -5803.336519212982 9346.46465320991 2322.618783852145
 1894.63078678875 -7735.96570788648 -5816.43511540208 9336.979793136456 2319.586368688131
 3171.979630005967 -6400.740227853624 -6071.195397259441 7754.605228225731 1518.525786665416
 3432.379902240427 -6580.715559630494 -6248.604304810103 7841.666465498673 1466.105826051549
 3394.358909166916 -6559.511435074449 -6209.553242026791 7886.612052441959 1512.104937696351
 3204.485643281873 -6316.601808364054 -6068.739596027346 7674.543446885487 1512.302426132386
 3470.55255348183 -6542.62062971641 -6154.111778286094 7736.927658295299 1468.856005347355
 1894.63078678875 -7735.96570788648 -5816.43511540208 9336.979793136456 2319.586368688131
 3374.818666983977 -6537.235484691996 -6228.257975111647 7821.643767963021 1569.702417393989
 1894.63078678875 -7735.96570788648 -5816.43511540208 9336.979793136456 2319.586368688131
 1894.63078678875 -7735.96570788648 -5816.43511540208 9336.979793136456 2319.586368688131
 3204.485643281873 -6316.601808364054 -6068.739596027346 7674.543446885487 1512.302426132386
 1894.63078678875 -7735.96570788648 -5816.43511540208 9336.979793136456 2319.586368688131
 1882.500150416381 -7744.702908769411 -5803.336519212982 9346.46465320991 2322.618783852145
 1882.500150416381 -7744.702908769411 -5803.336519212982 9346.46465320991 2322.618783852145
 3403.322801987635 -6573.760609819841 -6219.384991908286 7898.474275105441 1505.170725739626
 3418.315386416953 -6555.283922935097 -6212.34730491962 7854.182825691359 1500.668982593223
 3399.546100098971 -6560.616245653812 -6212.857034115816 7876.341922951303 1496.474385920623
 1894.63078678875 -7735.96570788648 -5816.43511540208 9336.979793136456 2319.586368688131
 3374.818666983977 -6537.235484691996 -6228.257975111647 7821.643767963021 1569.702417393989
 1856.207217196204 -7735.565259042914 -5835.653991500353 9325.952576003563 2322.242796712299
 1886.559455584573 -7759.226188771968 -5777.683499707037 9324.115086478227 2324.069360119488
 3467.17408386115 -6526.791397136908 -6170.331015817408 7740.141708693415 1491.844819292112
 1883.844810201244 -7742.335509274445 -5788.511095891436 9347.681658264304 2301.170618784841
 3204.485643281873 -6316.601808364054 -6068.739596027346 7674.543446885487 1512.302426132386
 1882.500150416381 -7744.702908769411 -5803.336519212982 9346.46465320991 2322.618783852145
 3203.534903025763 -6312.434059190258 -6085.993576422077 7674.024294250721 1521.642563235046
 1882.500150416381 -7744.702908769411 -5803.336519212982 9346.46465320991 2322.618783852145
 3399.546100098971 -6560.616245653812 -6212.857034115816 7876.341922951303 1496.474385920623
 1894.63078678875 -7735.96570788648 -5816.43511540208 9336.979793136456 2319.586368688131
 3472.997072708047 -6522.257689403673 -6171.44916715808 7741.114366802771 1500.524347421487
 3467.17408386115 -6526.791397136908 -6170.331015817408 7740.141708693415 1491.844819292112
 3418.315386416953 -6555.283922935097 -6212.34730491962 7854.182825691359 1500.668982593223
 3399.546100098971 -6560.616245653812 -6212.857034115816 7876.341922951303 1496.474385920623
 1882.500150416381 -7744.702908769411 -5803.336519212982 9346.46465320991 2322.618783852145
 1894.63078678875 -7735.96570788648 -5816.43511540208 9336.979793136456 2319.586368688131
 3408.494903049035 -6546.802348570449 -6221.73870599675 7909.222145343211 1503.196915646971
 3480.725436511587 -6538.189991396373 -6154.610512360023 7746.924978840155 1494.632201236646
 1888.576390216959 -7761.679303370257 -5814.382073688963 9351.857002277877 2328.623999922487
 1894.63078678875 -7735.96570788648 -5816.43511540208 9336.979793136456 2319.586368688131
 3399.546100098971 -6560.616245653812 -6212.857034115816 7876.341922951303 1496.474385920623
 1389.097614218897 -8639.55177742452 -6443.855773281908 10265.72369784989 3454.552045647862
 3399.546100098971 -6560.616245653812 -6212.857034115816 7876.341922951303 1496.474385920623
 1894.63078678875 -7735.96570788648 -5816.43511540208 9336.979793136456 2319.586368688131
 3467.17408386115 -6526.791397136908 -6170.331015817408 7740.141708693415 1491.844819292112
 3208.032368203198 -6313.459862309248 -6087.90647366186 7637.615469926284 1514.604223796978
 1894.63078678875 -7735.96570788648 -5816.43511540208 9336.979793136456 2319.586368688131
 3401.831091668381 -6554.104605815386 -6223.754940688607 7887.016748478448 1489.89687478446
 1894.63078678875 -7735.96570788648 -5816.43511540208 9336.979793136456 2319.586368688131
 1894.63078678875 -7735.96570788648 -5816.43511540208 9336.979793136456 2319.586368688131
 1894.63078678875 -7735.96570788648 -5816.43511540208 9336.979793136456 2319.586368688131
 1894.63078678875 -7735.96570788648 -5816.43511540208 9336.979793136456 2319.586368688131
 3374.818666983977 -6537.235484691996 -6228.257975111647 7821.643767963021 1569.702417393989
 3399.546100098971 -6560.616245653812 -6212.857034115816 7876.341922951303 1496.474385920623
 3399.546100098971 -6560.616245653812 -6212.857034115816 7876.341922951303 1496.474385920623
 3422.913254995128 -6583.916505244754 -6192.668754866228 7834.444896268232 1483.229468179413
 1882.500150416381 -7744.702908769411 -5803.336519212982 9346.46465320991 2322.618783852145
 3399.546100098971 -6560.616245653812 -6212.857034115816 7876.341922951303 1496.474385920623
 3483.061670262191 -6518.992194696516 -6137.424735625837 7756.102106992626 1490.103277623989
 3098.713805638031 -6315.307881937112 -5985.176560716414 7731.181415096047 1566.165960470761
 1911.418615235162 -7767.841536492817 -5737.754449340276 9342.332314707348 2277.139152952841
 3399.546100098971 -6560.616245653812 -6212.857034115816 7876.341922951303 1496.474385920623
 1882.500150416381 -7744.702908769411 -5803.336519212982 9346.46465320991 2322.618783852145
 1875.484578965708 -7750.116667655573 -5803.156814258869 9334.534877285138 2286.61054270754
 3467.17408386115 -6526.791397136908 -6170.331015817408 7740.141708693415 1491.844819292112
 1894.63078678875 -7735.96570788648 -5816.43511540208 9336.979793136456 2319.586368688131
 3399.546100098971 -6560.616245653812 -6212.857034115816 7876.341922951303 1496.474385920623
 1894.63078678875 -7735.96570788648 -5816.43511540208 9336.979793136456 2319.586368688131
 1899.403342883599 -7757.361752643344 -5739.556537440734 9332.968427805718 2265.818204481587
 1899.403342883599 -7757.361752643344 -5739.556537440734 9332.968427805718 2265.818204481587
 3374.818666983977 -6537.235484691996 -6228.257975111647 7821.643767963021 1569.702417393989
 3365.197829238889 -6534.634378589974 -6217.461101481831 7822.13639110543 1560.05964440545
 3216.828961056706 -6303.269715839528 -6060.850685216192 7695.096166868148 1466.435170883942
 3399.546100098971 -6560.616245653812 -6212.857034115816 7876.341922951303 1496.474385920623
 3418.315386416953 -6555.283922935097 -6212.34730491962 7854.182825691359 1500.668982593223
 3399.546100098971 -6560.616245653812 -6212.857034115816 7876.341922951303 1496.474385920623
