# Created by Octave 4.2.1, Mon Oct 09 18:14:38 2017 BRT <root@mosqueiro>
# name: pop
# type: matrix
# rows: 1000
# columns: 5
 34437.77199768257 7652.180525375462 -26565.46495622189 1097.915553781019 -16623.43597514583
 34429.49374121393 7649.048901235112 -26569.83504592867 1104.858753110109 -16614.50020961123
 34429.49374121393 7649.048901235112 -26569.83504592867 1104.858753110109 -16614.50020961123
 34429.49374121393 7649.048901235112 -26569.83504592867 1104.858753110109 -16614.50020961123
 34429.49374121393 7649.048901235112 -26569.83504592867 1104.858753110109 -16614.50020961123
 34801.35236499365 7964.503287408013 -27021.00216731706 695.1031959555462 -16411.73860744603
 34429.49374121393 7649.048901235112 -26569.83504592867 1104.858753110109 -16614.50020961123
 34449.11947216377 7684.613125801574 -26592.95141702111 1094.052654891392 -16635.02016444187
 34424.19031470364 7653.1406612872 -26560.4472552162 1111.763658231203 -16629.02794900321
 34796.09892292752 7959.850028321375 -27034.65077245998 688.428187369404 -16428.39875125887
 34597.35643518817 8524.59303995548 -27311.59955581652 1037.617304277513 -16821.81376960373
 34437.46413953289 7651.62171098212 -26568.42522921663 1104.619293018527 -16624.31331122501
 34418.58538957532 7638.615789521413 -26516.27569826842 1092.826820940595 -16633.48086665622
 34802.71931685839 7970.032469631208 -27031.23017163886 686.6487558650936 -16427.68366579396
 34449.11947216377 7684.613125801574 -26592.95141702111 1094.052654891392 -16635.02016444187
 34449.11947216377 7684.613125801574 -26592.95141702111 1094.052654891392 -16635.02016444187
 34809.44026599944 7965.799011875227 -27031.38455787128 671.8578984927183 -16443.27754560332
 34449.11947216377 7684.613125801574 -26592.95141702111 1094.052654891392 -16635.02016444187
 34429.49374121393 7649.048901235112 -26569.83504592867 1104.858753110109 -16614.50020961123
 34437.46413953289 7651.62171098212 -26568.42522921663 1104.619293018527 -16624.31331122501
 34429.49374121393 7649.048901235112 -26569.83504592867 1104.858753110109 -16614.50020961123
 34449.11947216377 7684.613125801574 -26592.95141702111 1094.052654891392 -16635.02016444187
 34437.46413953289 7651.62171098212 -26568.42522921663 1104.619293018527 -16624.31331122501
 34429.49374121393 7649.048901235112 -26569.83504592867 1104.858753110109 -16614.50020961123
 34802.71931685839 7970.032469631208 -27031.23017163886 686.6487558650936 -16427.68366579396
 34802.71931685839 7970.032469631208 -27031.23017163886 686.6487558650936 -16427.68366579396
 34482.59528084112 7633.684631876896 -26519.77134748599 1133.012005945662 -16629.39948303691
 34802.71931685839 7970.032469631208 -27031.23017163886 686.6487558650936 -16427.68366579396
 34802.71931685839 7970.032469631208 -27031.23017163886 686.6487558650936 -16427.68366579396
 34802.71931685839 7970.032469631208 -27031.23017163886 686.6487558650936 -16427.68366579396
 34424.19031470364 7653.1406612872 -26560.4472552162 1111.763658231203 -16629.02794900321
 34802.71931685839 7970.032469631208 -27031.23017163886 686.6487558650936 -16427.68366579396
 34449.11947216377 7684.613125801574 -26592.95141702111 1094.052654891392 -16635.02016444187
 34437.77199768257 7652.180525375462 -26565.46495622189 1097.915553781019 -16623.43597514583
 34751.04611607714 7997.329034618318 -27039.53322576474 688.0823441199891 -16390.7588294807
 34802.71931685839 7970.032469631208 -27031.23017163886 686.6487558650936 -16427.68366579396
 34429.49374121393 7649.048901235112 -26569.83504592867 1104.858753110109 -16614.50020961123
 34802.71931685839 7970.032469631208 -27031.23017163886 686.6487558650936 -16427.68366579396
 34804.09152683858 7958.908933958818 -27027.47730855726 677.5976353879818 -16440.52043139721
 34437.46413953289 7651.62171098212 -26568.42522921663 1104.619293018527 -16624.31331122501
 34449.11947216377 7684.613125801574 -26592.95141702111 1094.052654891392 -16635.02016444187
 34442.03501812999 7646.692911046058 -26564.37661244233 1112.392896118472 -16615.17762770123
 34586.35458560059 8516.452152792843 -27313.93000646131 1035.946016318162 -16824.14199857541
 34802.71931685839 7970.032469631208 -27031.23017163886 686.6487558650936 -16427.68366579396
 34802.71931685839 7970.032469631208 -27031.23017163886 686.6487558650936 -16427.68366579396
 34449.11947216377 7684.613125801574 -26592.95141702111 1094.052654891392 -16635.02016444187
 34437.77199768257 7652.180525375462 -26565.46495622189 1097.915553781019 -16623.43597514583
 34437.77199768257 7652.180525375462 -26565.46495622189 1097.915553781019 -16623.43597514583
 34604.92347090761 8512.561932408014 -27315.86632270344 1012.852215452099 -16828.38728740857
 34437.46413953289 7651.62171098212 -26568.42522921663 1104.619293018527 -16624.31331122501
 34802.71931685839 7970.032469631208 -27031.23017163886 686.6487558650936 -16427.68366579396
 34429.49374121393 7649.048901235112 -26569.83504592867 1104.858753110109 -16614.50020961123
 34429.49374121393 7649.048901235112 -26569.83504592867 1104.858753110109 -16614.50020961123
 34429.49374121393 7649.048901235112 -26569.83504592867 1104.858753110109 -16614.50020961123
 34796.09892292752 7959.850028321375 -27034.65077245998 688.428187369404 -16428.39875125887
 34437.46413953289 7651.62171098212 -26568.42522921663 1104.619293018527 -16624.31331122501
 34429.49374121393 7649.048901235112 -26569.83504592867 1104.858753110109 -16614.50020961123
 34458.03549909464 7669.200068120684 -26598.59592589144 1096.708034703996 -16625.89138054674
 34751.20990695155 7970.97949944521 -27071.90148497509 673.6602945870488 -16419.25858859742
 34755.59798448536 7985.462713461213 -27047.56947810315 681.8074531047203 -16389.37109956079
 34802.71931685839 7970.032469631208 -27031.23017163886 686.6487558650936 -16427.68366579396
 34802.71931685839 7970.032469631208 -27031.23017163886 686.6487558650936 -16427.68366579396
 34429.49374121393 7649.048901235112 -26569.83504592867 1104.858753110109 -16614.50020961123
 34756.40330092981 7995.586430664207 -27046.68759611512 686.8750187560518 -16389.80441378051
 34425.78770573901 7662.877995700999 -26584.96863039401 1124.402850365592 -16627.96535850135
 34445.29943598545 7650.113085769406 -26577.79625322815 1102.154487532429 -16615.68363011278
 34425.78770573901 7662.877995700999 -26584.96863039401 1124.402850365592 -16627.96535850135
 34433.89648680901 7657.789279671601 -26571.84489025232 1109.744178292079 -16623.81433716609
 34802.71931685839 7970.032469631208 -27031.23017163886 686.6487558650936 -16427.68366579396
 34437.46413953289 7651.62171098212 -26568.42522921663 1104.619293018527 -16624.31331122501
 34441.97647626188 7657.93096573018 -26578.48826503463 1107.07624468945 -16628.74565011771
 34429.49374121393 7649.048901235112 -26569.83504592867 1104.858753110109 -16614.50020961123
 34437.46413953289 7651.62171098212 -26568.42522921663 1104.619293018527 -16624.31331122501
 34437.46413953289 7651.62171098212 -26568.42522921663 1104.619293018527 -16624.31331122501
 34802.71931685839 7970.032469631208 -27031.23017163886 686.6487558650936 -16427.68366579396
 34424.19031470364 7653.1406612872 -26560.4472552162 1111.763658231203 -16629.02794900321
 34449.11947216377 7684.613125801574 -26592.95141702111 1094.052654891392 -16635.02016444187
 34429.49374121393 7649.048901235112 -26569.83504592867 1104.858753110109 -16614.50020961123
 34802.71931685839 7970.032469631208 -27031.23017163886 686.6487558650936 -16427.68366579396
 34808.1544115845 7885.420438559101 -26984.47865369139 791.8714331669397 -16428.79854939589
 34805.9454687564 7973.703554819068 -27033.89833124734 689.1316696510296 -16440.45352270954
 34437.46413953289 7651.62171098212 -26568.42522921663 1104.619293018527 -16624.31331122501
 34586.35458560059 8516.452152792843 -27313.93000646131 1035.946016318162 -16824.14199857541
 34429.49374121393 7649.048901235112 -26569.83504592867 1104.858753110109 -16614.50020961123
