# Created by Octave 4.2.1, Mon Oct 09 17:50:07 2017 BRT <root@mosqueiro>
# name: pop
# type: matrix
# rows: 1000
# columns: 5
 -6656.268131236139 6353.222260248825 3061.895208913224 6774.301502112063 -9499.130554024872
 -6656.268131236139 6353.222260248825 3061.895208913224 6774.301502112063 -9499.130554024872
 -6656.268131236139 6353.222260248825 3061.895208913224 6774.301502112063 -9499.130554024872
 -6656.268131236139 6353.222260248825 3061.895208913224 6774.301502112063 -9499.130554024872
 -6656.268131236139 6353.222260248825 3061.895208913224 6774.301502112063 -9499.130554024872
 -4406.707269991872 -5087.306464850021 -979.7095238616148 -4275.811540239365 13754.42932978494
 18155.92776978443 -31366.59455982756 5911.708613249721 -9745.890198262465 51798.21645727406
 -6656.268131236139 6353.222260248825 3061.895208913224 6774.301502112063 -9499.130554024872
 -6656.268131236139 6353.222260248825 3061.895208913224 6774.301502112063 -9499.130554024872
 11708.53105196649 -11917.71254324569 18146.5935391652 -30586.47932390105 1843.423053304079
 -6656.268131236139 6353.222260248825 3061.895208913224 6774.301502112063 -9499.130554024872
 -6656.268131236139 6353.222260248825 3061.895208913224 6774.301502112063 -9499.130554024872
 -6656.268131236139 6353.222260248825 3061.895208913224 6774.301502112063 -9499.130554024872
 1566.58267220372 -968.4041710673555 1930.62301358018 -7256.275366540504 4630.538662552881
 -45985.44440788867 -3659.058880122477 16248.09292117851 39887.60843802545 33287.87511771124
 -4625.921991238505 2978.007912238041 4130.770291066068 -4271.704004716314 3414.825300334647
 40591.79499225644 31064.19468651535 35300.79175195563 -2894.967924730192 -15914.49456127546
 8504.820708747433 -3266.299039780335 -4930.563767277422 1519.835391918037 -1844.611367073909
 -6656.268131236139 6353.222260248825 3061.895208913224 6774.301502112063 -9499.130554024872
 -6656.268131236139 6353.222260248825 3061.895208913224 6774.301502112063 -9499.130554024872
 -6656.268131236139 6353.222260248825 3061.895208913224 6774.301502112063 -9499.130554024872
 6364.127891700844 -240.8988692430539 -5508.290578057798 8766.757618954809 -9322.858562785259
 -6656.268131236139 6353.222260248825 3061.895208913224 6774.301502112063 -9499.130554024872
 -6656.268131236139 6353.222260248825 3061.895208913224 6774.301502112063 -9499.130554024872
 -6656.268131236139 6353.222260248825 3061.895208913224 6774.301502112063 -9499.130554024872
 1566.58267220372 -968.4041710673555 1930.62301358018 -7256.275366540504 4630.538662552881
 -6656.268131236139 6353.222260248825 3061.895208913224 6774.301502112063 -9499.130554024872
 -20524.68633533281 -16029.61249837581 -29098.97294823269 15324.72523816089 -4405.892448918188
 -30582.1852241134 -26260.58987728661 20567.66152355776 27225.89741957363 -9296.431844222567
 1566.58267220372 -968.4041710673555 1930.62301358018 -7256.275366540504 4630.538662552881
 -6656.268131236139 6353.222260248825 3061.895208913224 6774.301502112063 -9499.130554024872
 -6656.268131236139 6353.222260248825 3061.895208913224 6774.301502112063 -9499.130554024872
 -6656.268131236139 6353.222260248825 3061.895208913224 6774.301502112063 -9499.130554024872
 -6656.268131236139 6353.222260248825 3061.895208913224 6774.301502112063 -9499.130554024872
 6364.127891700844 -240.8988692430539 -5508.290578057798 8766.757618954809 -9322.858562785259
 16157.50296573079 -26240.12022244685 -29675.78347362779 21385.82763788349 22009.60582805493
 -6656.268131236139 6353.222260248825 3061.895208913224 6774.301502112063 -9499.130554024872
 -8075.375287135585 -28597.1956014447 21487.83869467891 -19.98011427072834 17587.00440081923
 20617.39766467376 -2573.273028159661 -14217.44034933401 -20696.55225195789 3077.800856201929
 -6656.268131236139 6353.222260248825 3061.895208913224 6774.301502112063 -9499.130554024872
 6364.127891700844 -240.8988692430539 -5508.290578057798 8766.757618954809 -9322.858562785259
 25415.07169569319 12469.56416038382 11134.18535877422 -8072.327449179269 22296.43356800577
 -19583.01981403451 22834.33577433008 -30347.1507279068 10257.81788494485 -4771.591605043503
 6364.127891700844 -240.8988692430539 -5508.290578057798 8766.757618954809 -9322.858562785259
 -6656.268131236139 6353.222260248825 3061.895208913224 6774.301502112063 -9499.130554024872
 -6656.268131236139 6353.222260248825 3061.895208913224 6774.301502112063 -9499.130554024872
 -6656.268131236139 6353.222260248825 3061.895208913224 6774.301502112063 -9499.130554024872
 -2943.227524960973 9393.285554988768 -8781.118458437786 3261.108783444901 -833.4997651293234
 -918.2272202437337 -60402.10774215678 8146.35293993535 4668.711635466087 17848.590700791
 -6656.268131236139 6353.222260248825 3061.895208913224 6774.301502112063 -9499.130554024872
 -7822.202224673985 3593.260569897591 3912.064874147897 -3732.419544973027 12072.54087251215
 -6656.268131236139 6353.222260248825 3061.895208913224 6774.301502112063 -9499.130554024872
 -3130.498042393194 -7719.503642954325 -1851.061756266822 4522.213934612664 8123.091467376813
 -8964.718725833603 -3519.006331547584 8842.154279737657 280.8486756372422 4492.188130364408
 -6656.268131236139 6353.222260248825 3061.895208913224 6774.301502112063 -9499.130554024872
 -6656.268131236139 6353.222260248825 3061.895208913224 6774.301502112063 -9499.130554024872
 -6656.268131236139 6353.222260248825 3061.895208913224 6774.301502112063 -9499.130554024872
 -6656.268131236139 6353.222260248825 3061.895208913224 6774.301502112063 -9499.130554024872
 18060.62299723591 17841.62829866446 -15439.881845307 -1523.77211405681 -28144.61677726285
 -6656.268131236139 6353.222260248825 3061.895208913224 6774.301502112063 -9499.130554024872
 -6656.268131236139 6353.222260248825 3061.895208913224 6774.301502112063 -9499.130554024872
 -3406.622378985478 -6873.749708866416 -918.3351650026525 8453.820521919843 2077.540440373848
 -6656.268131236139 6353.222260248825 3061.895208913224 6774.301502112063 -9499.130554024872
 -6656.268131236139 6353.222260248825 3061.895208913224 6774.301502112063 -9499.130554024872
 -13370.78048379505 -32309.51637642922 8091.844155364044 -1249.459547617023 10670.24641118258
 -6656.268131236139 6353.222260248825 3061.895208913224 6774.301502112063 -9499.130554024872
 -6656.268131236139 6353.222260248825 3061.895208913224 6774.301502112063 -9499.130554024872
 30778.47911605315 6903.398181208674 -5427.941532194402 234.5286034773089 18167.79896422964
 6364.127891700844 -240.8988692430539 -5508.290578057798 8766.757618954809 -9322.858562785259
 8504.820708747433 -3266.299039780335 -4930.563767277422 1519.835391918037 -1844.611367073909
 -13533.78377523253 14725.68357943541 22234.69514134272 42696.41773630149 -4791.594021590887
 -6656.268131236139 6353.222260248825 3061.895208913224 6774.301502112063 -9499.130554024872
 -6656.268131236139 6353.222260248825 3061.895208913224 6774.301502112063 -9499.130554024872
 -6656.268131236139 6353.222260248825 3061.895208913224 6774.301502112063 -9499.130554024872
 -6656.268131236139 6353.222260248825 3061.895208913224 6774.301502112063 -9499.130554024872
 -6656.268131236139 6353.222260248825 3061.895208913224 6774.301502112063 -9499.130554024872
 3754.48617931744 -4148.285104880342 32171.83735899058 3890.178070179076 -9770.963163990629
 2348.346743979948 -9321.884805969396 -3507.112693630131 2853.970280813828 7314.754647293441
 6364.127891700844 -240.8988692430539 -5508.290578057798 8766.757618954809 -9322.858562785259
 -6656.268131236139 6353.222260248825 3061.895208913224 6774.301502112063 -9499.130554024872
 -36747.76154398435 -28682.62917368192 7158.729824320798 2113.746664729592 42762.01045384132
 -26296.41288540441 -9553.554091971782 -16176.72230015522 -4918.239880445451 -47567.43213168384
 -7822.202224673985 3593.260569897591 3912.064874147897 -3732.419544973027 12072.54087251215
 -6656.268131236139 6353.222260248825 3061.895208913224 6774.301502112063 -9499.130554024872
