# Created by Octave 4.2.1, Mon Oct 09 18:02:59 2017 BRT <root@mosqueiro>
# name: pop
# type: matrix
# rows: 1000
# columns: 5
 -16584.47078760979 35870.12496425817 1096.822277000645 -11943.11897602668 -8440.37939641451
 -16584.47078760979 35870.12496425817 1096.822277000645 -11943.11897602668 -8440.37939641451
 -16584.47078760979 35870.12496425817 1096.822277000645 -11943.11897602668 -8440.37939641451
 -16584.47078760979 35870.12496425817 1096.822277000645 -11943.11897602668 -8440.37939641451
 -16584.47078760979 35870.12496425817 1096.822277000645 -11943.11897602668 -8440.37939641451
 -16584.28571546481 35870.13444883947 1096.785977621936 -11943.28800118732 -8440.368610920321
 -16584.2829614961 35870.1302985501 1096.766366997267 -11943.28273612033 -8440.353167935264
 -16584.27719704318 35870.11218568305 1096.787712271514 -11943.28539404291 -8440.359225214715
 -16584.46864399864 35870.1294840391 1096.815800754172 -11943.12101737845 -8440.377553118231
 -16584.28569549507 35870.13443821126 1096.785978307274 -11943.28801461389 -8440.368625847592
 -16584.27922593789 35870.11277135542 1096.788876404562 -11943.28489367331 -8440.35933315116
 -16584.28569549507 35870.13443821126 1096.785978307274 -11943.28801461389 -8440.368625847592
 -16584.27842129463 35870.13372250045 1096.761537555886 -11943.28248616506 -8440.356299516845
 -16584.27916519217 35870.11273731478 1096.788829181914 -11943.28485745294 -8440.359391560802
 -16584.47078760979 35870.12496425817 1096.822277000645 -11943.11897602668 -8440.37939641451
 -16584.28569549507 35870.13443821126 1096.785978307274 -11943.28801461389 -8440.368625847592
 -16584.46864802408 35870.1294864544 1096.815791881887 -11943.12102098941 -8440.377550826626
 -16584.47078760979 35870.12496425817 1096.822277000645 -11943.11897602668 -8440.37939641451
 -16584.46999782145 35870.12892419271 1096.815856290295 -11943.11974367526 -8440.376953947256
 -16584.47078760979 35870.12496425817 1096.822277000645 -11943.11897602668 -8440.37939641451
 -16584.30744359302 35870.13822655372 1096.781421134523 -11943.26371362255 -8440.369642856715
 -16584.27722469319 35870.11218068418 1096.787694026414 -11943.28539055818 -8440.359183347638
 -16584.47078111337 35870.12497124844 1096.822276636629 -11943.11896452285 -8440.379400619104
 -16584.47078760979 35870.12496425817 1096.822277000645 -11943.11897602668 -8440.37939641451
 -16440.66467235164 35792.22159806747 1263.031526462961 -11961.7637018983 -8653.846786326014
 -16584.47078760979 35870.12496425817 1096.822277000645 -11943.11897602668 -8440.37939641451
 -16584.27723797011 35870.11219956891 1096.78770187118 -11943.28538839592 -8440.359172909129
 -16584.28569526965 35870.13443055115 1096.785970788042 -11943.28800740667 -8440.368617785469
 -16584.27722469319 35870.11218068418 1096.787694026414 -11943.28539055818 -8440.359183347638
 -16584.28569549507 35870.13443821126 1096.785978307274 -11943.28801461389 -8440.368625847592
 -16584.46999782145 35870.12892419271 1096.815856290295 -11943.11974367526 -8440.376953947256
 -16584.27727734931 35870.11218065581 1096.787610508705 -11943.28541391703 -8440.359220615315
 -16584.28569549507 35870.13443821126 1096.785978307274 -11943.28801461389 -8440.368625847592
 -16584.47085704733 35870.1249922801 1096.822316395505 -11943.11896557039 -8440.379445128929
 -16584.47085458487 35870.12498785162 1096.82231574917 -11943.11897464114 -8440.379439457634
 -16584.47078760979 35870.12496425817 1096.822277000645 -11943.11897602668 -8440.37939641451
 -16584.27722026945 35870.11218139927 1096.787692132595 -11943.28539195871 -8440.359182133561
 -16584.27922593789 35870.11277135542 1096.788876404562 -11943.28489367331 -8440.35933315116
 -16584.28569549507 35870.13443821126 1096.785978307274 -11943.28801461389 -8440.368625847592
 -16584.28569549507 35870.13443821126 1096.785978307274 -11943.28801461389 -8440.368625847592
 -16584.47078760979 35870.12496425817 1096.822277000645 -11943.11897602668 -8440.37939641451
 -16584.27722469319 35870.11218068418 1096.787694026414 -11943.28539055818 -8440.359183347638
 -16584.47078760979 35870.12496425817 1096.822277000645 -11943.11897602668 -8440.37939641451
 -16584.27722469319 35870.11218068418 1096.787694026414 -11943.28539055818 -8440.359183347638
 -16584.47043761341 35870.12923886412 1096.816094789492 -11943.1193747213 -8440.377297328358
 -16584.28569549507 35870.13443821126 1096.785978307274 -11943.28801461389 -8440.368625847592
 -16584.47013899904 35870.12845075755 1096.816292126071 -11943.11988780656 -8440.37619879812
 -16584.28569549507 35870.13443821126 1096.785978307274 -11943.28801461389 -8440.368625847592
 -16584.47078760979 35870.12496425817 1096.822277000645 -11943.11897602668 -8440.37939641451
 -16584.28569549507 35870.13443821126 1096.785978307274 -11943.28801461389 -8440.368625847592
 -16584.2772178491 35870.11217684246 1096.787689896044 -11943.28538755914 -8440.359188044193
 -16584.27922593789 35870.11277135542 1096.788876404562 -11943.28489367331 -8440.35933315116
 -16584.27722469319 35870.11218068418 1096.787694026414 -11943.28539055818 -8440.359183347638
 -16584.28569549507 35870.13443821126 1096.785978307274 -11943.28801461389 -8440.368625847592
 -16584.46999782145 35870.12892419271 1096.815856290295 -11943.11974367526 -8440.376953947256
 -16584.27718906774 35870.11222366724 1096.787713506827 -11943.28533019415 -8440.35924937852
 -16584.46999782145 35870.12892419271 1096.815856290295 -11943.11974367526 -8440.376953947256
 -16584.28569549507 35870.13443821126 1096.785978307274 -11943.28801461389 -8440.368625847592
 -16584.28571667469 35870.1344793925 1096.785785952358 -11943.28791673295 -8440.368543750026
 -16584.27719704318 35870.11218568305 1096.787712271514 -11943.28539404291 -8440.359225214715
 -16584.27722469319 35870.11218068418 1096.787694026414 -11943.28539055818 -8440.359183347638
 -16584.28569549507 35870.13443821126 1096.785978307274 -11943.28801461389 -8440.368625847592
 -16584.47084783427 35870.12490309487 1096.82231837605 -11943.11897449877 -8440.379354211562
 -16584.27718704062 35870.11209560543 1096.787733769332 -11943.28534496407 -8440.359218374975
 -16584.2772354609 35870.11217896144 1096.787688851459 -11943.28538639439 -8440.359171914219
 -16552.52113287022 36052.60057394792 968.7100245316669 -12215.84226346011 -8253.970093721387
 -16584.28571667469 35870.1344793925 1096.785785952358 -11943.28791673295 -8440.368543750026
 -16584.28569549507 35870.13443821126 1096.785978307274 -11943.28801461389 -8440.368625847592
 -16584.27719704318 35870.11218568305 1096.787712271514 -11943.28539404291 -8440.359225214715
 -16584.27722026945 35870.11218139927 1096.787692132595 -11943.28539195871 -8440.359182133561
 -16584.28569549507 35870.13443821126 1096.785978307274 -11943.28801461389 -8440.368625847592
 -16584.28567959269 35870.13444178777 1096.785992825198 -11943.28801802445 -8440.368608834122
 -16584.27721950106 35870.11217782609 1096.787670613363 -11943.28541314589 -8440.359183483792
 -16440.66466476779 35792.22160315639 1263.031522972161 -11961.76369661622 -8653.846781783424
 -16584.47031403668 35870.12889488583 1096.816005683022 -11943.11965679054 -8440.377026753715
 -16584.28571667469 35870.1344793925 1096.785785952358 -11943.28791673295 -8440.368543750026
 -16584.28569549507 35870.13443821126 1096.785978307274 -11943.28801461389 -8440.368625847592
 -16584.28569549507 35870.13443821126 1096.785978307274 -11943.28801461389 -8440.368625847592
 -16584.47085704733 35870.1249922801 1096.822316395505 -11943.11896557039 -8440.379445128929
 -16584.47078760979 35870.12496425817 1096.822277000645 -11943.11897602668 -8440.37939641451
 -16584.27722469319 35870.11218068418 1096.787694026414 -11943.28539055818 -8440.359183347638
 -16584.27722469319 35870.11218068418 1096.787694026414 -11943.28539055818 -8440.359183347638
 -16584.47078760979 35870.12496425817 1096.822277000645 -11943.11897602668 -8440.37939641451
 -16584.28569549507 35870.13443821126 1096.785978307274 -11943.28801461389 -8440.368625847592
