# Created by Octave 4.2.1, Mon Oct 09 18:05:09 2017 BRT <root@mosqueiro>
# name: pop
# type: matrix
# rows: 1000
# columns: 5
 8123.400507989601 3727.060677770249 681.3911912756103 -9398.71000660814 -3087.135526407579
 8123.400507989601 3727.060677770249 681.3911912756103 -9398.71000660814 -3087.135526407579
 8123.400507989601 3727.060677770249 681.3911912756103 -9398.71000660814 -3087.135526407579
 8123.400507989601 3727.060677770249 681.3911912756103 -9398.71000660814 -3087.135526407579
 8123.400507989601 3727.060677770249 681.3911912756103 -9398.71000660814 -3087.135526407579
 -2590.933553551053 3971.905774741572 607.7931363153384 9098.869011371698 -1191.619473959874
 8690.533698451392 -8473.507982981662 5115.065099197906 -2953.265048816688 -2642.866402617433
 -18031.21021243867 -21195.00589532227 38170.8652193399 9294.053365309217 39847.87710605753
 -2707.188352488435 -8466.90592945629 8612.648749797245 -3951.461692586323 7782.745435309014
 -6295.221812074531 2806.678287128745 -7971.36127081986 3042.819775715621 8260.936519905143
 7806.174088310596 -7500.2399500057 -938.8949798022786 -8933.005729104174 8639.537652440864
 5584.711816700998 -7870.811580703175 6282.549286559406 -979.2269890787247 -1009.842665221757
 7806.174088310596 -7500.2399500057 -938.8949798022786 -8933.005729104174 8639.537652440864
 -9028.652684066388 1768.134018358829 7918.277320168665 -1340.196866364286 -3447.554485645968
 310.1708360068023 9750.878583054484 -6064.262213595761 3085.660117671878 -7137.586510480238
 -34135.89169078578 -6673.218727353777 4013.100695616801 -5347.729877773692 12993.78955064846
 3638.276067682209 3516.704547963394 -6154.258322551877 -6962.785579236313 5924.83754726517
 -1068.001099319597 3733.193949229044 3180.321250827765 -4612.505477502707 -4486.745552540114
 310.1708360068023 9750.878583054484 -6064.262213595761 3085.660117671878 -7137.586510480238
 13702.48456239918 -154.0227125497242 39068.16630490359 -22726.69004056485 -21923.19887857178
 8123.400507989601 3727.060677770249 681.3911912756103 -9398.71000660814 -3087.135526407579
 -3734.575070186964 2473.494304832497 -9431.378660199491 7566.542082320084 -6217.765219013819
 9075.733085929522 -5554.041216234778 2125.673881709929 5727.289180288531 40.04027666599359
 -2146.032405734641 -5913.476114615116 -5240.823668151216 9959.926971639863 5208.362405559712
 7087.433878850279 -1563.517796936325 4476.888286291905 -6412.019501696341 -1362.621953553844
 310.1708360068023 9750.878583054484 -6064.262213595761 3085.660117671878 -7137.586510480238
 -7847.934611110002 -1361.081004685178 -51652.63321899373 15499.11756075715 -20705.95702530759
 -2237.515120455548 713.3038139764958 -3597.131198214493 -4200.132793670947 -8522.763650323588
 -4724.396944252168 -5008.995805168372 4747.792132885386 8068.69419661444 -1358.819985039599
 -52935.35961993965 41826.43632614877 -20574.78036550419 31675.05029249345 25113.4415226267
 2619.840086708458 949.0495868402631 -6388.202157893666 3784.376211926605 3241.680184987012
 -3320.285736858325 -3781.854050104417 7038.280137931786 9678.143696452982 -7561.33075680704
 -5474.363215679464 7147.413648538412 -9693.562115523031 8725.153425704018 -977.4648129759044
 8123.400507989601 3727.060677770249 681.3911912756103 -9398.71000660814 -3087.135526407579
 -2146.032405734641 -5913.476114615116 -5240.823668151216 9959.926971639863 5208.362405559712
 -7985.697654934266 6036.194430955748 8402.181736351416 -2267.476419257645 -4265.107655539161
 6036.933183613995 -5708.996419412441 -7671.907045794734 6221.515715436648 -7571.022092308001
 3638.276067682209 3516.704547963394 -6154.258322551877 -6962.785579236313 5924.83754726517
 -3560.983804459504 7258.420288146222 -2408.133757247006 2155.216432335446 -2380.412853525197
 3210.54966728024 3361.509833646467 -261.0511461636052 -4123.742845749264 150.593534612075
 310.1708360068023 9750.878583054484 -6064.262213595761 3085.660117671878 -7137.586510480238
 -3560.983804459504 7258.420288146222 -2408.133757247006 2155.216432335446 -2380.412853525197
 6834.696107885004 597.6165573662493 -9406.330015249347 -9401.40876727262 -9855.547338062648
 7960.733989946722 455.065519212505 7326.661575388593 8637.470998736535 -5836.346682839141
 -6617.495507618149 -2618.956427632039 5842.506209118801 -3670.541581531554 7437.91027614435
 -8970.506453838898 9395.72419905003 6914.390343872328 951.5411268619573 -6328.050646145474
 5953.665212353319 6574.404985120622 -4829.209162395874 -4377.653541642038 -2626.905394533342
 6793.515063557934 -2323.896674672207 8903.402118771228 9948.20641329576 3886.804681913407
 3638.276067682209 3516.704547963394 -6154.258322551877 -6962.785579236313 5924.83754726517
 -226.5104777021588 -6588.329711520255 7367.783967615749 9639.802670735593 -6717.083134153498
 -6295.221812074531 2806.678287128745 -7971.36127081986 3042.819775715621 8260.936519905143
 6392.775326242296 2324.49428813793 -2149.092844806009 4202.064054052769 -9661.973095842084
 -4148.011573717393 4331.694217312574 2115.139858195598 4322.544273755 -9887.519632738718
 310.1708360068023 9750.878583054484 -6064.262213595761 3085.660117671878 -7137.586510480238
 8123.400507989601 3727.060677770249 681.3911912756103 -9398.71000660814 -3087.135526407579
 -12398.35294146918 -2474.458679139591 3859.970864945672 4246.817589078879 19293.81122686934
 2204.062762841888 1199.902385586316 -4061.878445677426 -5763.048360451287 -2063.913072935594
 3638.276067682209 3516.704547963394 -6154.258322551877 -6962.785579236313 5924.83754726517
 1544.926259936119 210.0607498394511 -2839.955004464766 -3274.044708941691 6318.737937492559
 221.8173980500324 4719.880309737551 302.1084217060888 2977.362435115201 -7458.590725296418
 600.4913199936254 -216.4098054915648 4150.302041000641 -2192.711106587649 -332.4889372336856
 -14281.58816899727 16695.65688271195 -7083.470416222453 33660.64162161592 12869.42777844073
 1525.998004087327 5082.488359894483 -4683.847726543985 5154.077397894243 -4176.15295608614
 -3560.983804459504 7258.420288146222 -2408.133757247006 2155.216432335446 -2380.412853525197
 9815.75432570976 9526.442160942435 -5890.463998712818 -7474.049018725261 160.0994785324692
 746.5917023592301 -4008.361188214306 -2235.32843702109 4081.448838714228 3057.042688503074
 -2340.369202066467 -3411.287005960465 9400.922742367784 -5288.37253683844 5746.658141216072
 -2707.188352488435 -8466.90592945629 8612.648749797245 -3951.461692586323 7782.745435309014
 -14871.00975446303 17382.01674896848 33165.54281485212 24462.07560773094 33746.78847408628
 -8694.225857546215 -8611.407646469337 3859.5458786651 -361.992396414731 -9356.84758836831
 -274.1515753292788 -9320.976002998643 5669.182314996055 -9233.841162471877 135.0242404462169
 -2752.235512456273 5463.427114248836 -7273.841973297298 -703.4019555566629 5910.790227307863
 -200.8925464058502 -3652.032599099985 838.549306443274 8941.119267965278 -5676.383820579457
 6921.109681710826 5377.690081951119 -4355.92262729762 -9637.06988790727 -2405.78274559583
 4796.703790873793 -8356.802138948733 5277.617245628178 -2367.484437873852 2284.351119849727
 -3320.285736858325 -3781.854050104417 7038.280137931786 9678.143696452982 -7561.33075680704
 -4623.379727417672 -2051.910558663196 5680.715542623913 1091.0533598488 1914.218548192641
 4394.132180257682 8308.12141864092 -3667.428191832417 3491.031882611112 6683.555663735762
 -6617.495507618149 -2618.956427632039 5842.506209118801 -3670.541581531554 7437.91027614435
 -6295.221812074531 2806.678287128745 -7971.36127081986 3042.819775715621 8260.936519905143
 11577.27097491103 -34167.38839134747 -3976.21676870689 9326.123265349299 -1463.133505147624
 -3320.285736858325 -3781.854050104417 7038.280137931786 9678.143696452982 -7561.33075680704
 8123.400507989601 3727.060677770249 681.3911912756103 -9398.71000660814 -3087.135526407579
 -4142.559209216375 -1286.193297344778 -5622.843972287224 3747.79155589378 -4413.511418542434
