# Created by Octave 4.2.1, Mon Oct 09 18:02:39 2017 BRT <root@mosqueiro>
# name: pop
# type: matrix
# rows: 1000
# columns: 5
 -16584.47078760979 35870.12496425817 1096.822277000645 -11943.11897602668 -8440.37939641451
 -16584.47078760979 35870.12496425817 1096.822277000645 -11943.11897602668 -8440.37939641451
 -16584.47078760979 35870.12496425817 1096.822277000645 -11943.11897602668 -8440.37939641451
 -16584.47078760979 35870.12496425817 1096.822277000645 -11943.11897602668 -8440.37939641451
 -16584.47078760979 35870.12496425817 1096.822277000645 -11943.11897602668 -8440.37939641451
 -16584.46999497653 35870.12891561164 1096.815877559242 -11943.11974513726 -8440.376939072603
 -16584.2771311927 35870.11222206148 1096.787645609957 -11943.28536136512 -8440.359229853937
 -16584.27842129463 35870.13372250045 1096.761537555886 -11943.28248616506 -8440.356299516845
 -16584.47077235383 35870.12496966765 1096.822259375971 -11943.11891028383 -8440.379434290862
 -16584.28569549507 35870.13443821126 1096.785978307274 -11943.28801461389 -8440.368625847592
 -16584.28811298149 35870.1347392841 1096.785631366283 -11943.28781980902 -8440.366479694758
 -16584.28571667469 35870.1344793925 1096.785785952358 -11943.28791673295 -8440.368543750026
 -16584.27722469319 35870.11218068418 1096.787694026414 -11943.28539055818 -8440.359183347638
 -16584.47043761341 35870.12923886412 1096.816094789492 -11943.1193747213 -8440.377297328358
 -16584.27722469319 35870.11218068418 1096.787694026414 -11943.28539055818 -8440.359183347638
 -16584.28569549507 35870.13443821126 1096.785978307274 -11943.28801461389 -8440.368625847592
 -16584.27923040419 35870.11275937438 1096.788862042016 -11943.28488946923 -8440.359342844571
 -16584.47078760979 35870.12496425817 1096.822277000645 -11943.11897602668 -8440.37939641451
 -16584.28569549507 35870.13443821126 1096.785978307274 -11943.28801461389 -8440.368625847592
 -16584.28571667469 35870.1344793925 1096.785785952358 -11943.28791673295 -8440.368543750026
 -16584.27921732688 35870.112792489 1096.788763134901 -11943.28496794228 -8440.359284949191
 -16584.28569549507 35870.13443821126 1096.785978307274 -11943.28801461389 -8440.368625847592
 -16584.27922593789 35870.11277135542 1096.788876404562 -11943.28489367331 -8440.35933315116
 -16584.2772128729 35870.11220787632 1096.787843358276 -11943.28544194801 -8440.359284675862
 -16584.2772534729 35870.11190126398 1096.787696180974 -11943.28547264871 -8440.359241049488
 -16584.46999782145 35870.12892419271 1096.815856290295 -11943.11974367526 -8440.376953947256
 -16584.27722469319 35870.11218068418 1096.787694026414 -11943.28539055818 -8440.359183347638
 -16440.66466476779 35792.22160315639 1263.031522972161 -11961.76369661622 -8653.846781783424
 -16584.27922593789 35870.11277135542 1096.788876404562 -11943.28489367331 -8440.35933315116
 -16584.27722469319 35870.11218068418 1096.787694026414 -11943.28539055818 -8440.359183347638
 -16552.52191547575 36052.60071273991 968.7097404681427 -12215.84165393102 -8253.9709108107
 -16584.47031403668 35870.12889488583 1096.816005683022 -11943.11965679054 -8440.377026753715
 -16584.27922593789 35870.11277135542 1096.788876404562 -11943.28489367331 -8440.35933315116
 -16584.27719704318 35870.11218568305 1096.787712271514 -11943.28539404291 -8440.359225214715
 -16584.47031403668 35870.12889488583 1096.816005683022 -11943.11965679054 -8440.377026753715
 -16584.28571667469 35870.1344793925 1096.785785952358 -11943.28791673295 -8440.368543750026
 -16584.28571667469 35870.1344793925 1096.785785952358 -11943.28791673295 -8440.368543750026
 -16584.28584724652 35870.13449311219 1096.785668646395 -11943.28765159399 -8440.368471950138
 -16584.27722469319 35870.11218068418 1096.787694026414 -11943.28539055818 -8440.359183347638
 -16584.47031403668 35870.12889488583 1096.816005683022 -11943.11965679054 -8440.377026753715
 -16584.27722469319 35870.11218068418 1096.787694026414 -11943.28539055818 -8440.359183347638
 -16584.28569549507 35870.13443821126 1096.785978307274 -11943.28801461389 -8440.368625847592
 -16584.27922593789 35870.11277135542 1096.788876404562 -11943.28489367331 -8440.35933315116
 -16584.47056442597 35870.12488134372 1096.821381907817 -11943.11874388715 -8440.378940447516
 -16552.52473614914 36052.60144097659 968.7127467281804 -12215.84048238622 -8253.969899358302
 -16584.47087346822 35870.12720853703 1096.816973517211 -11943.11920999763 -8440.375024840139
 -16584.28571667469 35870.1344793925 1096.785785952358 -11943.28791673295 -8440.368543750026
 -16584.27922593789 35870.11277135542 1096.788876404562 -11943.28489367331 -8440.35933315116
 -16584.27722469319 35870.11218068418 1096.787694026414 -11943.28539055818 -8440.359183347638
 -16584.4700820379 35870.12896836557 1096.815869016391 -11943.11969885018 -8440.377008311532
 -16584.28569549507 35870.13443821126 1096.785978307274 -11943.28801461389 -8440.368625847592
 -16584.27722469319 35870.11218068418 1096.787694026414 -11943.28539055818 -8440.359183347638
 -16584.28569549507 35870.13443821126 1096.785978307274 -11943.28801461389 -8440.368625847592
 -16584.47085704733 35870.1249922801 1096.822316395505 -11943.11896557039 -8440.379445128929
 -16584.27722469319 35870.11218068418 1096.787694026414 -11943.28539055818 -8440.359183347638
 -16584.28569549507 35870.13443821126 1096.785978307274 -11943.28801461389 -8440.368625847592
 -16584.47084783427 35870.12490309487 1096.82231837605 -11943.11897449877 -8440.379354211562
 -16584.27722469319 35870.11218068418 1096.787694026414 -11943.28539055818 -8440.359183347638
 -16584.47078760979 35870.12496425817 1096.822277000645 -11943.11897602668 -8440.37939641451
 -16584.46999782145 35870.12892419271 1096.815856290295 -11943.11974367526 -8440.376953947256
 -16552.52101431332 36052.60105251754 968.710464414676 -12215.84259011688 -8253.97042314192
 -16584.47085704733 35870.1249922801 1096.822316395505 -11943.11896557039 -8440.379445128929
 -16584.47085704733 35870.1249922801 1096.822316395505 -11943.11896557039 -8440.379445128929
 -16584.47034090433 35870.12910585263 1096.816133037329 -11943.11950249722 -8440.3772781922
 -16440.66470357881 35792.22175536569 1263.031675327544 -11961.76381544381 -8653.846789070087
 -16584.46999782145 35870.12892419271 1096.815856290295 -11943.11974367526 -8440.376953947256
 -16552.52471665762 36052.60143786984 968.7127577104503 -12215.84047537517 -8253.969907765766
 -16584.47043761341 35870.12923886412 1096.816094789492 -11943.1193747213 -8440.377297328358
 -16584.47031403668 35870.12889488583 1096.816005683022 -11943.11965679054 -8440.377026753715
 -16584.28571667469 35870.1344793925 1096.785785952358 -11943.28791673295 -8440.368543750026
 -16584.28571667469 35870.1344793925 1096.785785952358 -11943.28791673295 -8440.368543750026
 -16584.47085704733 35870.1249922801 1096.822316395505 -11943.11896557039 -8440.379445128929
 -16584.27722469319 35870.11218068418 1096.787694026414 -11943.28539055818 -8440.359183347638
 -16584.27722469319 35870.11218068418 1096.787694026414 -11943.28539055818 -8440.359183347638
 -16584.28569549507 35870.13443821126 1096.785978307274 -11943.28801461389 -8440.368625847592
 -16440.66435273763 35792.22167929532 1263.031360883763 -11961.76389328829 -8653.846656780819
 -16584.27722469319 35870.11218068418 1096.787694026414 -11943.28539055818 -8440.359183347638
 -16584.27722367069 35870.11217422681 1096.787697352109 -11943.28539171807 -8440.359184275319
 -16584.46999782145 35870.12892419271 1096.815856290295 -11943.11974367526 -8440.376953947256
 -16584.27922593789 35870.11277135542 1096.788876404562 -11943.28489367331 -8440.35933315116
 -16584.27725814564 35870.112201117 1096.787686541855 -11943.28538009652 -8440.359213391486
 -16584.47078210359 35870.12496029714 1096.822266226847 -11943.11894347479 -8440.379409722487
 -16584.28569549507 35870.13443821126 1096.785978307274 -11943.28801461389 -8440.368625847592
 -16584.28569549507 35870.13443821126 1096.785978307274 -11943.28801461389 -8440.368625847592
