# Created by Octave 4.2.1, Mon Oct 09 18:18:35 2017 BRT <root@mosqueiro>
# name: pop
# type: matrix
# rows: 1000
# columns: 5
 34429.25824282038 7649.169993592058 -26569.8098047627 1104.666641584627 -16614.28506531879
 34429.25824282038 7649.169993592058 -26569.8098047627 1104.666641584627 -16614.28506531879
 34429.25824282038 7649.169993592058 -26569.8098047627 1104.666641584627 -16614.28506531879
 34429.25824282038 7649.169993592058 -26569.8098047627 1104.666641584627 -16614.28506531879
 34429.25824282038 7649.169993592058 -26569.8098047627 1104.666641584627 -16614.28506531879
 34429.25840510401 7649.16979005649 -26569.80975216573 1104.667037024066 -16614.28543668644
 34429.25882166903 7649.169727648074 -26569.80972097224 1104.666839798593 -16614.28564938037
 34429.55876394104 7649.066365768381 -26569.92385545887 1104.804485629504 -16614.5057035658
 34429.25824282038 7649.169993592058 -26569.8098047627 1104.666641584627 -16614.28506531879
 34429.25824282038 7649.169993592058 -26569.8098047627 1104.666641584627 -16614.28506531879
 34429.25869099181 7649.169872354623 -26569.80980633259 1104.666973110555 -16614.28548156057
 34429.55876394104 7649.066365768381 -26569.92385545887 1104.804485629504 -16614.5057035658
 34429.35727580262 7649.122356274476 -26569.81211290935 1104.649309499755 -16614.32526493057
 34429.2583252756 7649.168064414735 -26569.8096817374 1104.669343698414 -16614.28593285953
 34429.55876394104 7649.066365768381 -26569.92385545887 1104.804485629504 -16614.5057035658
 34429.55876394104 7649.066365768381 -26569.92385545887 1104.804485629504 -16614.5057035658
 34429.25824282038 7649.169993592058 -26569.8098047627 1104.666641584627 -16614.28506531879
 34429.55320608748 7649.05789929067 -26569.91525326313 1104.802175887377 -16614.50745082379
 34429.25777414332 7649.171815765225 -26569.80957592068 1104.66936700208 -16614.28591999549
 34429.25824282038 7649.169993592058 -26569.8098047627 1104.666641584627 -16614.28506531879
 34429.25882166903 7649.169727648074 -26569.80972097224 1104.666839798593 -16614.28564938037
 34429.55876394104 7649.066365768381 -26569.92385545887 1104.804485629504 -16614.5057035658
 34429.55876394104 7649.066365768381 -26569.92385545887 1104.804485629504 -16614.5057035658
 34429.25869099181 7649.169872354623 -26569.80980633259 1104.666973110555 -16614.28548156057
 34429.38578766403 7649.431760944196 -26569.57828584449 1105.256884182738 -16615.49514012392
 34429.55876394104 7649.066365768381 -26569.92385545887 1104.804485629504 -16614.5057035658
 34429.5590187134 7649.066326086247 -26569.92390635642 1104.80449956964 -16614.50590093555
 34429.25869099181 7649.169872354623 -26569.80980633259 1104.666973110555 -16614.28548156057
 34429.25869099181 7649.169872354623 -26569.80980633259 1104.666973110555 -16614.28548156057
 34429.55876394104 7649.066365768381 -26569.92385545887 1104.804485629504 -16614.5057035658
 34429.55876394104 7649.066365768381 -26569.92385545887 1104.804485629504 -16614.5057035658
 34429.34981732868 7649.469623546226 -26569.68167763664 1105.278737777568 -16615.42534286671
 34429.35784407917 7649.122239309156 -26569.81297380657 1104.649437888677 -16614.32405850323
 34429.25824282038 7649.169993592058 -26569.8098047627 1104.666641584627 -16614.28506531879
 34429.55876394104 7649.066365768381 -26569.92385545887 1104.804485629504 -16614.5057035658
 34429.25820330499 7649.171552260093 -26569.80868460128 1104.668505544187 -16614.28504639296
 34429.55876394104 7649.066365768381 -26569.92385545887 1104.804485629504 -16614.5057035658
 34429.25869099181 7649.169872354623 -26569.80980633259 1104.666973110555 -16614.28548156057
 34429.35770689175 7649.122346742107 -26569.81279893982 1104.649850554615 -16614.32420892125
 34429.55320608748 7649.05789929067 -26569.91525326313 1104.802175887377 -16614.50745082379
 34429.55876394104 7649.066365768381 -26569.92385545887 1104.804485629504 -16614.5057035658
 34429.25862558127 7649.169636607445 -26569.80938333183 1104.666927260512 -16614.28538418526
 34429.55082737017 7649.057417845505 -26569.91147454688 1104.802516903435 -16614.50821818269
 34429.55876394104 7649.066365768381 -26569.92385545887 1104.804485629504 -16614.5057035658
 34429.55876394104 7649.066365768381 -26569.92385545887 1104.804485629504 -16614.5057035658
 34429.55876394104 7649.066365768381 -26569.92385545887 1104.804485629504 -16614.5057035658
 34429.25824282038 7649.169993592058 -26569.8098047627 1104.666641584627 -16614.28506531879
 34429.55876394104 7649.066365768381 -26569.92385545887 1104.804485629504 -16614.5057035658
 34429.25869099181 7649.169872354623 -26569.80980633259 1104.666973110555 -16614.28548156057
 34429.34922544666 7649.465144902097 -26569.67709804172 1105.275593238835 -16615.42210042796
 34429.25869099181 7649.169872354623 -26569.80980633259 1104.666973110555 -16614.28548156057
 34429.25876672781 7649.170025860168 -26569.80977052948 1104.666885893132 -16614.28569607721
 34429.3532435632 7649.476884740117 -26569.68431642175 1105.269130462953 -16615.41416874185
 34429.24919807844 7649.175349459446 -26569.81233544676 1104.66698994583 -16614.28401874835
 34429.25869099181 7649.169872354623 -26569.80980633259 1104.666973110555 -16614.28548156057
 34429.55876394104 7649.066365768381 -26569.92385545887 1104.804485629504 -16614.5057035658
 34429.35155960791 7649.471648523728 -26569.68373698488 1105.279693732874 -16615.42462144836
 34429.55876394104 7649.066365768381 -26569.92385545887 1104.804485629504 -16614.5057035658
 34429.55876394104 7649.066365768381 -26569.92385545887 1104.804485629504 -16614.5057035658
 34429.55861503989 7649.066551236514 -26569.92370912642 1104.804430259795 -16614.50563859702
 34429.55876394104 7649.066365768381 -26569.92385545887 1104.804485629504 -16614.5057035658
 34429.35770689175 7649.122346742107 -26569.81279893982 1104.649850554615 -16614.32420892125
 34429.55876394104 7649.066365768381 -26569.92385545887 1104.804485629504 -16614.5057035658
 34429.55950787816 7649.067015087631 -26569.92288662059 1104.80416007006 -16614.50776080976
 34429.36368422846 7649.118612625927 -26569.80283854525 1104.637027815601 -16614.3269088638
 34429.55876394104 7649.066365768381 -26569.92385545887 1104.804485629504 -16614.5057035658
 34429.35782337634 7649.122430107455 -26569.81280828724 1104.649813585533 -16614.32397696716
 34429.35362271222 7649.139345939187 -26569.81853883736 1104.659874326423 -16614.33421781296
 34429.25882166903 7649.169727648074 -26569.80972097224 1104.666839798593 -16614.28564938037
 34429.25824282038 7649.169993592058 -26569.8098047627 1104.666641584627 -16614.28506531879
 34429.55320608748 7649.05789929067 -26569.91525326313 1104.802175887377 -16614.50745082379
 34429.55876394104 7649.066365768381 -26569.92385545887 1104.804485629504 -16614.5057035658
 34429.25869099181 7649.169872354623 -26569.80980633259 1104.666973110555 -16614.28548156057
 34429.25869099181 7649.169872354623 -26569.80980633259 1104.666973110555 -16614.28548156057
 34429.55876394104 7649.066365768381 -26569.92385545887 1104.804485629504 -16614.5057035658
 34429.25869099181 7649.169872354623 -26569.80980633259 1104.666973110555 -16614.28548156057
 34429.25869099181 7649.169872354623 -26569.80980633259 1104.666973110555 -16614.28548156057
 34429.55320608748 7649.05789929067 -26569.91525326313 1104.802175887377 -16614.50745082379
 34429.25869099181 7649.169872354623 -26569.80980633259 1104.666973110555 -16614.28548156057
 34429.25869099181 7649.169872354623 -26569.80980633259 1104.666973110555 -16614.28548156057
 34429.35362271222 7649.139345939187 -26569.81853883736 1104.659874326423 -16614.33421781296
 34429.25869099181 7649.169872354623 -26569.80980633259 1104.666973110555 -16614.28548156057
 34429.55876394104 7649.066365768381 -26569.92385545887 1104.804485629504 -16614.5057035658
 34429.55876394104 7649.066365768381 -26569.92385545887 1104.804485629504 -16614.5057035658
 34429.25876510337 7649.16974688957 -26569.80998801549 1104.666925767754 -16614.28523282546
