# Created by Octave 4.2.1, Mon Oct 09 17:51:24 2017 BRT <root@mosqueiro>
# name: pop
# type: matrix
# rows: 1000
# columns: 5
 -6656.268131236139 6353.222260248825 3061.895208913224 6774.301502112063 -9499.130554024872
 -6656.268131236139 6353.222260248825 3061.895208913224 6774.301502112063 -9499.130554024872
 -6656.268131236139 6353.222260248825 3061.895208913224 6774.301502112063 -9499.130554024872
 -6656.268131236139 6353.222260248825 3061.895208913224 6774.301502112063 -9499.130554024872
 -6656.268131236139 6353.222260248825 3061.895208913224 6774.301502112063 -9499.130554024872
 -6656.268131236139 6353.222260248825 3061.895208913224 6774.301502112063 -9499.130554024872
 -6656.268131236139 6353.222260248825 3061.895208913224 6774.301502112063 -9499.130554024872
 -6656.268131236139 6353.222260248825 3061.895208913224 6774.301502112063 -9499.130554024872
 -1017.824804678314 3123.269813496553 -10805.27395233168 1021.914268125815 -5331.269749056201
 -6656.268131236139 6353.222260248825 3061.895208913224 6774.301502112063 -9499.130554024872
 -6656.268131236139 6353.222260248825 3061.895208913224 6774.301502112063 -9499.130554024872
 6677.44513703828 6436.932261869832 -5208.372650430099 9849.986630633361 -1639.230519946311
 -366.0891523514147 -5885.832586372819 506.3353579271625 -9096.996104800497 -15438.62627375267
 4892.319889636549 2462.176433211247 13170.53986059611 3165.141637317553 -10776.14391175965
 -6656.268131236139 6353.222260248825 3061.895208913224 6774.301502112063 -9499.130554024872
 -19889.36963855359 9505.081593493005 4298.027308426326 14772.06239282192 -25744.782101009
 -6656.268131236139 6353.222260248825 3061.895208913224 6774.301502112063 -9499.130554024872
 -6656.268131236139 6353.222260248825 3061.895208913224 6774.301502112063 -9499.130554024872
 33539.47377761885 -15064.80663591564 2136.213428203915 1344.791471415876 -20201.05387811792
 -6656.268131236139 6353.222260248825 3061.895208913224 6774.301502112063 -9499.130554024872
 -6656.268131236139 6353.222260248825 3061.895208913224 6774.301502112063 -9499.130554024872
 -6656.268131236139 6353.222260248825 3061.895208913224 6774.301502112063 -9499.130554024872
 -1723.247916857563 -7214.64701386518 -5075.494482659754 -1464.16131550844 -4264.503845797158
 -6656.268131236139 6353.222260248825 3061.895208913224 6774.301502112063 -9499.130554024872
 -6656.268131236139 6353.222260248825 3061.895208913224 6774.301502112063 -9499.130554024872
 21253.26409493864 -321.0456147509112 10297.68718159419 8724.269372289404 -14092.38994177869
 -6656.268131236139 6353.222260248825 3061.895208913224 6774.301502112063 -9499.130554024872
 -6656.268131236139 6353.222260248825 3061.895208913224 6774.301502112063 -9499.130554024872
 -17287.57663174141 -8936.842386228638 -8194.173133459662 4885.802611468455 16845.97844812934
 7421.121655374729 12808.34324679579 -8741.991558413185 29245.32740040522 -14184.54773684754
 -45216.80359923623 -2656.24694979623 -12341.08672565773 -18227.51967505661 -23680.72259564409
 9948.233994852151 3594.871908692759 1357.067922055966 15701.53961895419 -8460.017285465219
 -6656.268131236139 6353.222260248825 3061.895208913224 6774.301502112063 -9499.130554024872
 -6656.268131236139 6353.222260248825 3061.895208913224 6774.301502112063 -9499.130554024872
 -4223.067298880935 -9700.836582126998 8634.265773653395 4858.965800374654 10.03373819820081
 11885.26939925361 11637.25925979525 6826.484620013132 -874.6763378018222 -1278.820900355277
 -6656.268131236139 6353.222260248825 3061.895208913224 6774.301502112063 -9499.130554024872
 -6656.268131236139 6353.222260248825 3061.895208913224 6774.301502112063 -9499.130554024872
 -4205.225834033381 19543.90897070948 -4883.57969109342 3523.342987868737 -16507.1326151853
 -6656.268131236139 6353.222260248825 3061.895208913224 6774.301502112063 -9499.130554024872
 -6656.268131236139 6353.222260248825 3061.895208913224 6774.301502112063 -9499.130554024872
 -6656.268131236139 6353.222260248825 3061.895208913224 6774.301502112063 -9499.130554024872
 -6656.268131236139 6353.222260248825 3061.895208913224 6774.301502112063 -9499.130554024872
 -6656.268131236139 6353.222260248825 3061.895208913224 6774.301502112063 -9499.130554024872
 -6656.268131236139 6353.222260248825 3061.895208913224 6774.301502112063 -9499.130554024872
 -6656.268131236139 6353.222260248825 3061.895208913224 6774.301502112063 -9499.130554024872
 2462.081317629854 30915.00503960189 -1469.662324275399 -21292.46998812662 15086.07179130759
 3902.722448588421 14966.58850867464 16384.64165193716 7224.285890580976 -7480.559122780418
 -6656.268131236139 6353.222260248825 3061.895208913224 6774.301502112063 -9499.130554024872
 -25869.93415918576 13878.02189158625 -28673.87677677873 23907.59519403046 18931.33662178967
 -6656.268131236139 6353.222260248825 3061.895208913224 6774.301502112063 -9499.130554024872
 -19531.37179640652 21339.3635259054 -8711.834740822198 17158.35987659003 1411.412514219888
 -15241.03092839719 -11858.70989697349 2214.090324056721 -7544.470694402989 251.4161763083721
 -2414.363282377113 -8218.254152526752 3604.000605923229 6664.97002484593 325.0701981889652
 -6656.268131236139 6353.222260248825 3061.895208913224 6774.301502112063 -9499.130554024872
 -6656.268131236139 6353.222260248825 3061.895208913224 6774.301502112063 -9499.130554024872
 -5030.465153890013 19788.84839948577 -2308.053540498004 13741.30531715964 -21114.44006818742
 -6656.268131236139 6353.222260248825 3061.895208913224 6774.301502112063 -9499.130554024872
 -3130.498042393194 -7719.503642954325 -1851.061756266822 4522.213934612664 8123.091467376813
 -19171.09649430811 4186.178636634534 7445.075482483035 -103.2869055592146 8175.76187260904
 6610.285972537124 -2738.339399242299 8154.313723911739 -9375.38909336508 775.8520956756583
 -2201.595100516134 -19727.05729237282 20675.99442741209 -9788.328237029426 23485.37528910351
 -41994.33207699171 11128.14701938758 5161.618902298257 18830.90051938333 -16980.82688943735
 3423.950752368917 -7955.340535646523 2578.916403269203 -7203.418873127566 6886.677190933283
 -6656.268131236139 6353.222260248825 3061.895208913224 6774.301502112063 -9499.130554024872
 -6656.268131236139 6353.222260248825 3061.895208913224 6774.301502112063 -9499.130554024872
 -55574.84455405147 -11533.49371636164 16935.16769072265 873.4791837040311 11738.59319380445
 -6656.268131236139 6353.222260248825 3061.895208913224 6774.301502112063 -9499.130554024872
 -6656.268131236139 6353.222260248825 3061.895208913224 6774.301502112063 -9499.130554024872
 -23397.7705328172 1064.758779820207 19714.89909602846 11157.93638134136 2283.942582241882
 -6656.268131236139 6353.222260248825 3061.895208913224 6774.301502112063 -9499.130554024872
 -6656.268131236139 6353.222260248825 3061.895208913224 6774.301502112063 -9499.130554024872
 -7246.965473673273 -234.4544346619787 670.1041775429981 -152.61092788112 -11499.12257462508
 -6656.268131236139 6353.222260248825 3061.895208913224 6774.301502112063 -9499.130554024872
 -6656.268131236139 6353.222260248825 3061.895208913224 6774.301502112063 -9499.130554024872
 -6656.268131236139 6353.222260248825 3061.895208913224 6774.301502112063 -9499.130554024872
 10187.79890017978 13502.1570956872 20707.20154590593 -6668.2539393713 -5009.067222814884
 -6656.268131236139 6353.222260248825 3061.895208913224 6774.301502112063 -9499.130554024872
 -6656.268131236139 6353.222260248825 3061.895208913224 6774.301502112063 -9499.130554024872
 -6656.268131236139 6353.222260248825 3061.895208913224 6774.301502112063 -9499.130554024872
 -6656.268131236139 6353.222260248825 3061.895208913224 6774.301502112063 -9499.130554024872
 -3130.498042393194 -7719.503642954325 -1851.061756266822 4522.213934612664 8123.091467376813
 -3700.182047471526 -13945.83403923347 7173.152134478167 -10480.63496849104 -25607.66969298864
 27925.73059302549 -1826.540335509879 10920.60823503558 17507.97871961565 11863.90076685522
