# Created by Octave 4.2.1, Mon Oct 09 18:07:26 2017 BRT <root@mosqueiro>
# name: pop
# type: matrix
# rows: 1000
# columns: 5
 34756.40330092981 7995.586430664207 -27046.68759611512 686.8750187560518 -16389.80441378051
 8123.400507989601 3727.060677770249 681.3911912756103 -9398.71000660814 -3087.135526407579
 8123.400507989601 3727.060677770249 681.3911912756103 -9398.71000660814 -3087.135526407579
 8123.400507989601 3727.060677770249 681.3911912756103 -9398.71000660814 -3087.135526407579
 8123.400507989601 3727.060677770249 681.3911912756103 -9398.71000660814 -3087.135526407579
 34756.40330092981 7995.586430664207 -27046.68759611512 686.8750187560518 -16389.80441378051
 3638.276067682209 3516.704547963394 -6154.258322551877 -6962.785579236313 5924.83754726517
 9496.948084817133 -59435.89928389991 3104.92646573363 -29519.63941155287 -29827.01860438543
 34756.40330092981 7995.586430664207 -27046.68759611512 686.8750187560518 -16389.80441378051
 8123.400507989601 3727.060677770249 681.3911912756103 -9398.71000660814 -3087.135526407579
 6345.181424206541 28183.16580392959 32914.8874164083 -8911.24630689496 1489.895921803632
 8123.400507989601 3727.060677770249 681.3911912756103 -9398.71000660814 -3087.135526407579
 8123.400507989601 3727.060677770249 681.3911912756103 -9398.71000660814 -3087.135526407579
 -8428.625906413636 -8169.642094305226 2294.047792191681 5733.930264002873 9104.637446971454
 16617.22350318366 17978.67948989776 -4742.524142384153 11729.2506233336 8252.410065975502
 19386.18234290697 485.4365806516657 -3966.821902131273 -26201.72296060041 10514.2705246164
 8123.400507989601 3727.060677770249 681.3911912756103 -9398.71000660814 -3087.135526407579
 8123.400507989601 3727.060677770249 681.3911912756103 -9398.71000660814 -3087.135526407579
 9185.045802016832 -19924.22728990114 1349.249524160936 1430.084916424428 -6225.318755925993
 8123.400507989601 3727.060677770249 681.3911912756103 -9398.71000660814 -3087.135526407579
 6092.693750078332 -4734.232440593259 6465.60983335333 -6756.737607229734 -978.1821931934828
 34756.40330092981 7995.586430664207 -27046.68759611512 686.8750187560518 -16389.80441378051
 -8712.084080403682 4586.25933567163 -3272.121379753034 -1270.506601915133 8448.911150736687
 24650.40115876367 -5064.386964967583 -15966.6453832108 -15038.80114073893 -6927.797901272635
 8123.400507989601 3727.060677770249 681.3911912756103 -9398.71000660814 -3087.135526407579
 -11128.3742742753 15815.71479254045 -32149.0148060454 -21441.32380289839 -14640.21222211189
 8123.400507989601 3727.060677770249 681.3911912756103 -9398.71000660814 -3087.135526407579
 8123.400507989601 3727.060677770249 681.3911912756103 -9398.71000660814 -3087.135526407579
 -2298.473858532097 14806.87143643441 -5920.319650964002 -31450.42144475032 -2458.308727804651
 -8712.084080403682 4586.25933567163 -3272.121379753034 -1270.506601915133 8448.911150736687
 1884.692752493465 17396.3229375524 23929.7432347107 -31094.01246985204 -1453.39112873543
 8123.400507989601 3727.060677770249 681.3911912756103 -9398.71000660814 -3087.135526407579
 -204.895208265938 4975.499520109287 -41086.59312141743 16467.37214801288 -26211.08044262261
 8123.400507989601 3727.060677770249 681.3911912756103 -9398.71000660814 -3087.135526407579
 -51786.1333538527 14799.40937819796 31309.48909727753 32969.95127966503 56348.49002013627
 8123.400507989601 3727.060677770249 681.3911912756103 -9398.71000660814 -3087.135526407579
 6653.645112021202 14130.06193619714 -7630.052098533703 930.0132833420957 1920.94552526706
 8123.400507989601 3727.060677770249 681.3911912756103 -9398.71000660814 -3087.135526407579
 8123.400507989601 3727.060677770249 681.3911912756103 -9398.71000660814 -3087.135526407579
 8123.400507989601 3727.060677770249 681.3911912756103 -9398.71000660814 -3087.135526407579
 8123.400507989601 3727.060677770249 681.3911912756103 -9398.71000660814 -3087.135526407579
 8123.400507989601 3727.060677770249 681.3911912756103 -9398.71000660814 -3087.135526407579
 8123.400507989601 3727.060677770249 681.3911912756103 -9398.71000660814 -3087.135526407579
 8123.400507989601 3727.060677770249 681.3911912756103 -9398.71000660814 -3087.135526407579
 9119.905186085769 21687.28244444977 14278.53422532972 -31211.00573231557 -11709.66405628124
 8123.400507989601 3727.060677770249 681.3911912756103 -9398.71000660814 -3087.135526407579
 8123.400507989601 3727.060677770249 681.3911912756103 -9398.71000660814 -3087.135526407579
 30485.45652647593 14150.7668809253 -6495.960379661241 -5457.205564898371 -12557.4815803388
 8123.400507989601 3727.060677770249 681.3911912756103 -9398.71000660814 -3087.135526407579
 3578.242530156847 -14311.13241327889 24359.74830420142 -37339.38197311921 11221.41848788951
 8123.400507989601 3727.060677770249 681.3911912756103 -9398.71000660814 -3087.135526407579
 8123.400507989601 3727.060677770249 681.3911912756103 -9398.71000660814 -3087.135526407579
 34756.40330092981 7995.586430664207 -27046.68759611512 686.8750187560518 -16389.80441378051
 -11128.3742742753 15815.71479254045 -32149.0148060454 -21441.32380289839 -14640.21222211189
 8123.400507989601 3727.060677770249 681.3911912756103 -9398.71000660814 -3087.135526407579
 8123.400507989601 3727.060677770249 681.3911912756103 -9398.71000660814 -3087.135526407579
 8123.400507989601 3727.060677770249 681.3911912756103 -9398.71000660814 -3087.135526407579
 8123.400507989601 3727.060677770249 681.3911912756103 -9398.71000660814 -3087.135526407579
 8123.400507989601 3727.060677770249 681.3911912756103 -9398.71000660814 -3087.135526407579
 8123.400507989601 3727.060677770249 681.3911912756103 -9398.71000660814 -3087.135526407579
 6498.544699627033 -8759.147917429455 8072.194198682235 1908.308047068036 -7640.721906209206
 8123.400507989601 3727.060677770249 681.3911912756103 -9398.71000660814 -3087.135526407579
 -4055.320201805549 -8776.757805989089 9382.370272865575 -13284.04796982327 -12079.77883000466
 22477.99639032043 6666.64906581993 -5617.543159092222 -6171.992002787571 -9643.446354797994
 8123.400507989601 3727.060677770249 681.3911912756103 -9398.71000660814 -3087.135526407579
 8123.400507989601 3727.060677770249 681.3911912756103 -9398.71000660814 -3087.135526407579
 8123.400507989601 3727.060677770249 681.3911912756103 -9398.71000660814 -3087.135526407579
 8123.400507989601 3727.060677770249 681.3911912756103 -9398.71000660814 -3087.135526407579
 8123.400507989601 3727.060677770249 681.3911912756103 -9398.71000660814 -3087.135526407579
 27279.80895220441 37631.2075269317 -37971.07039061983 -5623.14395902602 -4015.208070586492
 34756.40330092981 7995.586430664207 -27046.68759611512 686.8750187560518 -16389.80441378051
 16488.87267236737 -952.4489266233441 67728.76653811229 -954.6870240480835 -5050.07744721911
 28117.95183379984 -10810.00561232943 -9854.53596166892 -17234.93657807284 -24241.32903639915
 -8518.390340589183 9216.679639765134 915.1361673276892 -14331.37992568889 -9764.904522723853
 8123.400507989601 3727.060677770249 681.3911912756103 -9398.71000660814 -3087.135526407579
 8123.400507989601 3727.060677770249 681.3911912756103 -9398.71000660814 -3087.135526407579
 8123.400507989601 3727.060677770249 681.3911912756103 -9398.71000660814 -3087.135526407579
 16488.87267236737 -952.4489266233441 67728.76653811229 -954.6870240480835 -5050.07744721911
 44985.44786845731 -2984.235142395702 32622.10117001945 -10625.95431967987 -15291.44103693087
 8123.400507989601 3727.060677770249 681.3911912756103 -9398.71000660814 -3087.135526407579
 8123.400507989601 3727.060677770249 681.3911912756103 -9398.71000660814 -3087.135526407579
 -15048.29266440891 19343.36570861928 -15809.74876263801 757.9410989049247 -10439.64039154285
 8123.400507989601 3727.060677770249 681.3911912756103 -9398.71000660814 -3087.135526407579
 -1214.94007236885 31684.35075586566 -18163.7901494144 11546.95291976797 -14982.95044880647
 -15193.71040495442 10291.95204446109 -6184.408613887519 -5357.80592889469 -9044.84451559539
