# Created by Octave 4.2.1, Mon Oct 09 17:56:11 2017 BRT <root@mosqueiro>
# name: pop
# type: matrix
# rows: 1000
# columns: 5
 -16420.3717589422 35790.34671547999 1249.365168011284 -11955.82975080733 -8661.862809505874
 -16396.36562625229 36212.75881262162 747.2352936413167 -12320.28544627021 -8240.354090878864
 -16514.35909952704 36080.79851957718 891.9352554084327 -12190.15665836497 -8264.094263989922
 -16514.35909952704 36080.79851957718 891.9352554084327 -12190.15665836497 -8264.094263989922
 -16514.35909952704 36080.79851957718 891.9352554084327 -12190.15665836497 -8264.094263989922
 -16514.35909952704 36080.79851957718 891.9352554084327 -12190.15665836497 -8264.094263989922
 -17359.67585079169 35456.03962498293 418.8654080975122 -12956.36849418817 -8902.113205425927
 -16514.35909952704 36080.79851957718 891.9352554084327 -12190.15665836497 -8264.094263989922
 -16539.1205478271 35855.54960792076 1129.530066782612 -11926.45330430938 -8515.340581257255
 -15904.23045539965 35955.84087908518 1704.043626750359 -10921.44601854484 -9281.286593260587
 -16678.15764358087 35767.73800951468 1200.45680309754 -11845.81727394382 -8395.593046661043
 -16514.35909952704 36080.79851957718 891.9352554084327 -12190.15665836497 -8264.094263989922
 -16584.76510824613 35373.27656187872 1194.482451328951 -12012.6797323328 -8575.276592395887
 -16396.36562625229 36212.75881262162 747.2352936413167 -12320.28544627021 -8240.354090878864
 -16455.86956957096 36124.83365242414 1234.53455208891 -11633.76370401764 -8880.800398379479
 -16478.26579492167 35995.30509724189 1265.790005507032 -12226.02172797749 -8696.11178177462
 -16514.35909952704 36080.79851957718 891.9352554084327 -12190.15665836497 -8264.094263989922
 -16539.1205478271 35855.54960792076 1129.530066782612 -11926.45330430938 -8515.340581257255
 -16514.35909952704 36080.79851957718 891.9352554084327 -12190.15665836497 -8264.094263989922
 -16539.1205478271 35855.54960792076 1129.530066782612 -11926.45330430938 -8515.340581257255
 -16514.35909952704 36080.79851957718 891.9352554084327 -12190.15665836497 -8264.094263989922
 -16539.1205478271 35855.54960792076 1129.530066782612 -11926.45330430938 -8515.340581257255
 -16514.35909952704 36080.79851957718 891.9352554084327 -12190.15665836497 -8264.094263989922
 -16539.1205478271 35855.54960792076 1129.530066782612 -11926.45330430938 -8515.340581257255
 -16539.1205478271 35855.54960792076 1129.530066782612 -11926.45330430938 -8515.340581257255
 -11450.07878447713 35515.96865473219 2694.896924550662 -11803.56379322325 -8136.93256428951
 -16514.35909952704 36080.79851957718 891.9352554084327 -12190.15665836497 -8264.094263989922
 -16514.35909952704 36080.79851957718 891.9352554084327 -12190.15665836497 -8264.094263989922
 -16433.10396466801 36465.92875568526 806.5242074666461 -12186.4198318431 -8179.89862810554
 -16539.1205478271 35855.54960792076 1129.530066782612 -11926.45330430938 -8515.340581257255
 -16514.35909952704 36080.79851957718 891.9352554084327 -12190.15665836497 -8264.094263989922
 -16514.35909952704 36080.79851957718 891.9352554084327 -12190.15665836497 -8264.094263989922
 -16539.1205478271 35855.54960792076 1129.530066782612 -11926.45330430938 -8515.340581257255
 -6656.268131236139 6353.222260248825 3061.895208913224 6774.301502112063 -9499.130554024872
 -16539.1205478271 35855.54960792076 1129.530066782612 -11926.45330430938 -8515.340581257255
 -16539.1205478271 35855.54960792076 1129.530066782612 -11926.45330430938 -8515.340581257255
 -16826.52086619987 36017.36595674531 1432.648017931122 -11748.85532337732 -8579.853434383473
 -16514.35909952704 36080.79851957718 891.9352554084327 -12190.15665836497 -8264.094263989922
 -16607.61647428656 35637.01398552502 1237.069695664548 -11975.06354738156 -8774.43820810378
 -16514.35909952704 36080.79851957718 891.9352554084327 -12190.15665836497 -8264.094263989922
 -16514.35909952704 36080.79851957718 891.9352554084327 -12190.15665836497 -8264.094263989922
 -16514.35909952704 36080.79851957718 891.9352554084327 -12190.15665836497 -8264.094263989922
 -17000.46571845491 35694.7078947409 1181.144875471148 -11231.9782019253 -8458.17147111566
 -16539.1205478271 35855.54960792076 1129.530066782612 -11926.45330430938 -8515.340581257255
 -16539.1205478271 35855.54960792076 1129.530066782612 -11926.45330430938 -8515.340581257255
 -16539.1205478271 35855.54960792076 1129.530066782612 -11926.45330430938 -8515.340581257255
 -16514.35909952704 36080.79851957718 891.9352554084327 -12190.15665836497 -8264.094263989922
 -16539.1205478271 35855.54960792076 1129.530066782612 -11926.45330430938 -8515.340581257255
 -16539.1205478271 35855.54960792076 1129.530066782612 -11926.45330430938 -8515.340581257255
 -16539.1205478271 35855.54960792076 1129.530066782612 -11926.45330430938 -8515.340581257255
 -16717.64607936513 35960.6044825276 1050.444234725625 -11904.59685572364 -8357.188455299971
 -16539.1205478271 35855.54960792076 1129.530066782612 -11926.45330430938 -8515.340581257255
 -16433.10396466801 36465.92875568526 806.5242074666461 -12186.4198318431 -8179.89862810554
 -16539.1205478271 35855.54960792076 1129.530066782612 -11926.45330430938 -8515.340581257255
 -16512.79256503014 35989.31253101819 1192.246276066054 -12111.60686094509 -8321.440552532153
 -16539.1205478271 35855.54960792076 1129.530066782612 -11926.45330430938 -8515.340581257255
 -16514.35909952704 36080.79851957718 891.9352554084327 -12190.15665836497 -8264.094263989922
 -16514.35909952704 36080.79851957718 891.9352554084327 -12190.15665836497 -8264.094263989922
 -16514.35909952704 36080.79851957718 891.9352554084327 -12190.15665836497 -8264.094263989922
 -16577.94201315136 36001.76929575649 1095.849583686152 -12002.17090578815 -8423.187281401561
 -16539.1205478271 35855.54960792076 1129.530066782612 -11926.45330430938 -8515.340581257255
 -16539.1205478271 35855.54960792076 1129.530066782612 -11926.45330430938 -8515.340581257255
 -16514.35909952704 36080.79851957718 891.9352554084327 -12190.15665836497 -8264.094263989922
 -16539.1205478271 35855.54960792076 1129.530066782612 -11926.45330430938 -8515.340581257255
 -15904.23045539965 35955.84087908518 1704.043626750359 -10921.44601854484 -9281.286593260587
 -16337.34734758284 35987.08176369359 1069.215535537583 -12041.90399973274 -8258.707931645355
 -16514.35909952704 36080.79851957718 891.9352554084327 -12190.15665836497 -8264.094263989922
 -16514.35909952704 36080.79851957718 891.9352554084327 -12190.15665836497 -8264.094263989922
 -16539.1205478271 35855.54960792076 1129.530066782612 -11926.45330430938 -8515.340581257255
 -16482.45988282346 35974.65362665442 838.5751325610569 -11943.90059506366 -8369.834711875203
 -16577.94201315136 36001.76929575649 1095.849583686152 -12002.17090578815 -8423.187281401561
 -14174.20003739998 16605.63363598044 5543.598201965286 7010.989480928689 -13444.59566663978
 -16539.1205478271 35855.54960792076 1129.530066782612 -11926.45330430938 -8515.340581257255
 -16514.35909952704 36080.79851957718 891.9352554084327 -12190.15665836497 -8264.094263989922
 -16539.1205478271 35855.54960792076 1129.530066782612 -11926.45330430938 -8515.340581257255
 -16514.35909952704 36080.79851957718 891.9352554084327 -12190.15665836497 -8264.094263989922
 -16539.1205478271 35855.54960792076 1129.530066782612 -11926.45330430938 -8515.340581257255
 -16514.35909952704 36080.79851957718 891.9352554084327 -12190.15665836497 -8264.094263989922
 -16539.1205478271 35855.54960792076 1129.530066782612 -11926.45330430938 -8515.340581257255
 -13942.23906093641 16475.68016616379 5550.811126936442 7112.911130432989 -13441.25310488576
 -16621.72972480269 35639.8654121171 955.8070445893229 -12046.9575018529 -8749.475647263673
 -16514.35909952704 36080.79851957718 891.9352554084327 -12190.15665836497 -8264.094263989922
 -16514.35909952704 36080.79851957718 891.9352554084327 -12190.15665836497 -8264.094263989922
 -16514.35909952704 36080.79851957718 891.9352554084327 -12190.15665836497 -8264.094263989922
