# Created by Octave 4.2.1, Mon Oct 09 18:22:41 2017 BRT <root@mosqueiro>
# name: pop
# type: matrix
# rows: 1000
# columns: 5
 -8050.497224522569 7754.819000622869 -9745.174986403241 7885.809393492465 2182.906102317827
 -8050.497224522569 7754.819000622869 -9745.174986403241 7885.809393492465 2182.906102317827
 -8050.497224522569 7754.819000622869 -9745.174986403241 7885.809393492465 2182.906102317827
 -8050.497224522569 7754.819000622869 -9745.174986403241 7885.809393492465 2182.906102317827
 -8050.497224522569 7754.819000622869 -9745.174986403241 7885.809393492465 2182.906102317827
 -17815.13245654971 -8231.597921353859 50455.40837234322 -12204.26666357542 -7621.484963231556
 -9760.150763546757 -595.9779027982931 7266.662228673445 9794.820478921949 -6651.640212549273
 -8050.497224522569 7754.819000622869 -9745.174986403241 7885.809393492465 2182.906102317827
 -8050.497224522569 7754.819000622869 -9745.174986403241 7885.809393492465 2182.906102317827
 -8050.497224522569 7754.819000622869 -9745.174986403241 7885.809393492465 2182.906102317827
 -8050.497224522569 7754.819000622869 -9745.174986403241 7885.809393492465 2182.906102317827
 -9760.150763546757 -595.9779027982931 7266.662228673445 9794.820478921949 -6651.640212549273
 -22504.98158824359 14744.86281205177 -12983.06504665001 80849.5187463417 7877.203090986749
 -26105.19814878496 18965.41243974872 7200.720806426994 4114.518839344245 25055.89766250356
 -8050.497224522569 7754.819000622869 -9745.174986403241 7885.809393492465 2182.906102317827
 -8050.497224522569 7754.819000622869 -9745.174986403241 7885.809393492465 2182.906102317827
 -32523.62130307916 9890.469066318463 32940.36669297283 -5926.197247748004 15733.18344994615
 -8362.413270520097 -6709.134920894216 16584.60223774952 10177.40835030782 26984.94141469145
 -9760.150763546757 -595.9779027982931 7266.662228673445 9794.820478921949 -6651.640212549273
 4105.566592894756 -5540.632508657076 -4280.550288533906 4543.80460336473 4103.700973050232
 687.3572848928798 3037.754527138359 -4339.091649929064 4240.465247296368 607.5380802918789
 -1471.678586211287 -20146.01630870761 -15313.82427843359 -10488.51953706329 27759.34811550651
 -6910.431461808434 9675.362404967957 2907.538960171156 5688.505219576753 -9329.169368088851
 2413.047157449495 -6016.933834611039 275.307923263972 -5736.455660426784 8927.979581206779
 -8050.497224522569 7754.819000622869 -9745.174986403241 7885.809393492465 2182.906102317827
 -8050.497224522569 7754.819000622869 -9745.174986403241 7885.809393492465 2182.906102317827
 -5372.596514610982 6774.71465134497 611.7228819540924 -1549.573128390128 -490.8218082489184
 -8012.64419762343 7840.862845858956 1649.953745259845 2477.630504796391 -4018.293338203648
 6122.250071785533 -8653.595369476876 9037.648166350551 -9509.049129221326 3138.445347356695
 -5372.596514610982 6774.71465134497 611.7228819540924 -1549.573128390128 -490.8218082489184
 -8050.497224522569 7754.819000622869 -9745.174986403241 7885.809393492465 2182.906102317827
 -8050.497224522569 7754.819000622869 -9745.174986403241 7885.809393492465 2182.906102317827
 -8050.497224522569 7754.819000622869 -9745.174986403241 7885.809393492465 2182.906102317827
 -8050.497224522569 7754.819000622869 -9745.174986403241 7885.809393492465 2182.906102317827
 20386.04202829771 -1681.941006853587 -9130.509769256396 -10238.48582164944 -37471.60289777008
 687.3572848928798 3037.754527138359 -4339.091649929064 4240.465247296368 607.5380802918789
 -8050.497224522569 7754.819000622869 -9745.174986403241 7885.809393492465 2182.906102317827
 -9760.150763546757 -595.9779027982931 7266.662228673445 9794.820478921949 -6651.640212549273
 -8050.497224522569 7754.819000622869 -9745.174986403241 7885.809393492465 2182.906102317827
 -14229.57103089156 -8747.21261250506 -7369.91057190251 6794.032514914495 5025.497201317803
 -8050.497224522569 7754.819000622869 -9745.174986403241 7885.809393492465 2182.906102317827
 -8050.497224522569 7754.819000622869 -9745.174986403241 7885.809393492465 2182.906102317827
 -8050.497224522569 7754.819000622869 -9745.174986403241 7885.809393492465 2182.906102317827
 29199.94186434395 -9004.531111101212 132.6770379685731 16899.45475934526 -40990.6175628557
 -8050.497224522569 7754.819000622869 -9745.174986403241 7885.809393492465 2182.906102317827
 -3511.252218083098 331.053863613115 20247.69782642017 -15164.67263485235 7508.747498580424
 -8050.497224522569 7754.819000622869 -9745.174986403241 7885.809393492465 2182.906102317827
 -10827.1118041628 12713.26809092942 -19942.56440025188 -13912.98102068829 -22784.95197058446
 -8012.64419762343 7840.862845858956 1649.953745259845 2477.630504796391 -4018.293338203648
 -8012.64419762343 7840.862845858956 1649.953745259845 2477.630504796391 -4018.293338203648
 -8050.497224522569 7754.819000622869 -9745.174986403241 7885.809393492465 2182.906102317827
 -8050.497224522569 7754.819000622869 -9745.174986403241 7885.809393492465 2182.906102317827
 -8050.497224522569 7754.819000622869 -9745.174986403241 7885.809393492465 2182.906102317827
 19129.43746130061 1175.08178189046 -10996.19615068352 22672.7417717251 3354.421363083109
 -5372.596514610982 6774.71465134497 611.7228819540924 -1549.573128390128 -490.8218082489184
 -12268.4431443149 14716.21577053652 13804.36982087123 33106.28539961437 -19107.67800479208
 -8050.497224522569 7754.819000622869 -9745.174986403241 7885.809393492465 2182.906102317827
 -8050.497224522569 7754.819000622869 -9745.174986403241 7885.809393492465 2182.906102317827
 -8982.068609350337 3832.901854288424 -602.0520201826621 -1936.195953473016 7910.149505656722
 -8050.497224522569 7754.819000622869 -9745.174986403241 7885.809393492465 2182.906102317827
 -8050.497224522569 7754.819000622869 -9745.174986403241 7885.809393492465 2182.906102317827
 -8050.497224522569 7754.819000622869 -9745.174986403241 7885.809393492465 2182.906102317827
 53.5108747291506 2569.745633329092 4886.016813941675 348.3720802449425 -7611.246572074318
 -8050.497224522569 7754.819000622869 -9745.174986403241 7885.809393492465 2182.906102317827
 -8050.497224522569 7754.819000622869 -9745.174986403241 7885.809393492465 2182.906102317827
 -10827.1118041628 12713.26809092942 -19942.56440025188 -13912.98102068829 -22784.95197058446
 1158.206029355886 -3417.749974453675 -3759.142700420501 3453.132671554406 2803.876159037882
 -8050.497224522569 7754.819000622869 -9745.174986403241 7885.809393492465 2182.906102317827
 -38954.40564071237 -44773.86183698962 -19101.64474203768 38957.28385652305 -1132.18196722918
 -8050.497224522569 7754.819000622869 -9745.174986403241 7885.809393492465 2182.906102317827
 -8050.497224522569 7754.819000622869 -9745.174986403241 7885.809393492465 2182.906102317827
 -8050.497224522569 7754.819000622869 -9745.174986403241 7885.809393492465 2182.906102317827
 -8012.64419762343 7840.862845858956 1649.953745259845 2477.630504796391 -4018.293338203648
 8624.369120886156 -8491.051736570882 -8900.550311114468 6673.242545570229 3352.043000557025
 -8012.64419762343 7840.862845858956 1649.953745259845 2477.630504796391 -4018.293338203648
 26986.87813616955 -9145.988168000305 -10570.68609286487 -671.1554093116755 -2192.904202559597
 -8050.497224522569 7754.819000622869 -9745.174986403241 7885.809393492465 2182.906102317827
 -14436.88706398024 23565.85819017691 1170.590297415843 -13017.54875226021 6766.544095609315
 -9760.150763546757 -595.9779027982931 7266.662228673445 9794.820478921949 -6651.640212549273
 -5372.596514610982 6774.71465134497 611.7228819540924 -1549.573128390128 -490.8218082489184
 -8012.64419762343 7840.862845858956 1649.953745259845 2477.630504796391 -4018.293338203648
 3158.267581818454 -5915.122179399688 949.6329293597992 6553.457934536709 -4587.393137557279
 11287.74017703799 19448.17121584769 14509.07106764265 2279.679971500144 -11928.55634517083
 4167.208797507466 -2689.262907030346 -5511.591541231452 8720.528700120132 -5140.979752432579
