# Created by Octave 4.2.1, Mon Oct 09 18:27:50 2017 BRT <root@mosqueiro>
# name: pop
# type: matrix
# rows: 1000
# columns: 5
 -6166.509967116393 7123.382352424798 -8180.564152328401 8335.04417919104 -1095.735555210027
 -6166.509967116393 7123.382352424798 -8180.564152328401 8335.04417919104 -1095.735555210027
 -6166.509967116393 7123.382352424798 -8180.564152328401 8335.04417919104 -1095.735555210027
 -6166.509967116393 7123.382352424798 -8180.564152328401 8335.04417919104 -1095.735555210027
 -6166.509967116393 7123.382352424798 -8180.564152328401 8335.04417919104 -1095.735555210027
 -8310.675149679477 8374.214736494509 -9438.467179611089 9288.758105547458 2243.694118184908
 -8074.112748386051 7602.135664411756 -9064.9389033921 8193.132294121335 1086.186354197173
 -8050.497224522569 7754.819000622869 -9745.174986403241 7885.809393492465 2182.906102317827
 -6166.509967116393 7123.382352424798 -8180.564152328401 8335.04417919104 -1095.735555210027
 -7746.951689822786 6774.733984482582 -7837.464407786641 8389.772089244339 3297.44888706552
 2691.57879444452 -10948.14010329461 5037.501044087213 11807.49944429329 -9155.60388601713
 -8050.497224522569 7754.819000622869 -9745.174986403241 7885.809393492465 2182.906102317827
 -6166.509967116393 7123.382352424798 -8180.564152328401 8335.04417919104 -1095.735555210027
 -6166.509967116393 7123.382352424798 -8180.564152328401 8335.04417919104 -1095.735555210027
 -8050.497224522569 7754.819000622869 -9745.174986403241 7885.809393492465 2182.906102317827
 -8050.497224522569 7754.819000622869 -9745.174986403241 7885.809393492465 2182.906102317827
 -8050.497224522569 7754.819000622869 -9745.174986403241 7885.809393492465 2182.906102317827
 -7936.298680362454 7059.503999942664 -8736.997501338705 7740.058881562193 3794.968284930154
 -8541.442455876748 3850.051926297396 -9133.219006922283 8464.358489975946 980.8700857752408
 -6166.509967116393 7123.382352424798 -8180.564152328401 8335.04417919104 -1095.735555210027
 -7590.721721451619 7207.679929270609 -8447.698294941718 6752.81883714255 2346.654187758844
 -8050.497224522569 7754.819000622869 -9745.174986403241 7885.809393492465 2182.906102317827
 -9678.114573370909 7644.798063884671 -10297.40986885515 8170.857407364238 2052.301062357734
 -6166.509967116393 7123.382352424798 -8180.564152328401 8335.04417919104 -1095.735555210027
 -7548.51133996791 7962.888738226475 -9266.79293896206 8425.850878812169 2582.278482205652
 -8050.497224522569 7754.819000622869 -9745.174986403241 7885.809393492465 2182.906102317827
 -6166.509967116393 7123.382352424798 -8180.564152328401 8335.04417919104 -1095.735555210027
 -8050.497224522569 7754.819000622869 -9745.174986403241 7885.809393492465 2182.906102317827
 -8050.497224522569 7754.819000622869 -9745.174986403241 7885.809393492465 2182.906102317827
 -6356.519694008439 7490.849817829557 -9158.341630503546 8054.316932463933 422.3341484210857
 -6166.509967116393 7123.382352424798 -8180.564152328401 8335.04417919104 -1095.735555210027
 -6166.509967116393 7123.382352424798 -8180.564152328401 8335.04417919104 -1095.735555210027
 -5940.896190772266 7262.854683558169 -7804.431455441526 8523.703711031127 -1534.136702122853
 -6349.665243754164 7158.371879036035 -7782.84996138721 7927.931191377522 2116.229915526116
 -6166.509967116393 7123.382352424798 -8180.564152328401 8335.04417919104 -1095.735555210027
 -6181.64682656992 7054.184708088833 -9128.749635521495 7735.799839912624 -262.8409598426925
 -6166.509967116393 7123.382352424798 -8180.564152328401 8335.04417919104 -1095.735555210027
 -9172.544260424744 8814.460246328461 -10355.45178748901 7857.127798201717 4074.274155180541
 -8050.497224522569 7754.819000622869 -9745.174986403241 7885.809393492465 2182.906102317827
 -8458.784909661117 6929.042575590498 -9924.034109766249 7554.224733539539 226.4821982937449
 -8050.497224522569 7754.819000622869 -9745.174986403241 7885.809393492465 2182.906102317827
 -8050.497224522569 7754.819000622869 -9745.174986403241 7885.809393492465 2182.906102317827
 -7590.721721451619 7207.679929270609 -8447.698294941718 6752.81883714255 2346.654187758844
 -8050.497224522569 7754.819000622869 -9745.174986403241 7885.809393492465 2182.906102317827
 -8014.011900827096 6336.427234622106 -7963.225343767459 13140.99847882727 9362.106293014229
 -7715.682576467043 10153.29016661053 -8915.485644136139 11061.53023789984 -1043.264648857362
 -8050.497224522569 7754.819000622869 -9745.174986403241 7885.809393492465 2182.906102317827
 -8050.497224522569 7754.819000622869 -9745.174986403241 7885.809393492465 2182.906102317827
 -10376.84463920611 12632.43939778679 -11051.94932794964 6897.093716377467 -3379.36377697619
 -8050.497224522569 7754.819000622869 -9745.174986403241 7885.809393492465 2182.906102317827
 -8050.497224522569 7754.819000622869 -9745.174986403241 7885.809393492465 2182.906102317827
 -8050.497224522569 7754.819000622869 -9745.174986403241 7885.809393492465 2182.906102317827
 -8050.497224522569 7754.819000622869 -9745.174986403241 7885.809393492465 2182.906102317827
 -6166.509967116393 7123.382352424798 -8180.564152328401 8335.04417919104 -1095.735555210027
 -6166.509967116393 7123.382352424798 -8180.564152328401 8335.04417919104 -1095.735555210027
 -8050.497224522569 7754.819000622869 -9745.174986403241 7885.809393492465 2182.906102317827
 -8050.497224522569 7754.819000622869 -9745.174986403241 7885.809393492465 2182.906102317827
 -8050.497224522569 7754.819000622869 -9745.174986403241 7885.809393492465 2182.906102317827
 -6166.509967116393 7123.382352424798 -8180.564152328401 8335.04417919104 -1095.735555210027
 -7715.989770756624 8336.16066194399 -9140.93157868549 8382.753776231664 1523.915524971494
 -7561.528615980127 5596.988992469616 -10569.45773739078 9087.66867372348 2766.912645017931
 -8050.497224522569 7754.819000622869 -9745.174986403241 7885.809393492465 2182.906102317827
 -8050.497224522569 7754.819000622869 -9745.174986403241 7885.809393492465 2182.906102317827
 -9955.624739669733 10477.96154382421 -8131.333523402022 7462.032901825893 3097.829932237607
 -6166.509967116393 7123.382352424798 -8180.564152328401 8335.04417919104 -1095.735555210027
 -6166.509967116393 7123.382352424798 -8180.564152328401 8335.04417919104 -1095.735555210027
 -8050.497224522569 7754.819000622869 -9745.174986403241 7885.809393492465 2182.906102317827
 -6166.509967116393 7123.382352424798 -8180.564152328401 8335.04417919104 -1095.735555210027
 -8050.497224522569 7754.819000622869 -9745.174986403241 7885.809393492465 2182.906102317827
 -8860.067847721075 9080.94702205706 -11221.70346355831 7401.993553389172 1347.688416222786
 -6166.509967116393 7123.382352424798 -8180.564152328401 8335.04417919104 -1095.735555210027
 -7319.363371664906 8739.092347312129 -9445.573317122689 9006.127646771409 2789.024917391045
 -8090.4508388226 7159.702898401882 -9937.864397213651 7979.745352330754 1297.868996917688
 -8050.497224522569 7754.819000622869 -9745.174986403241 7885.809393492465 2182.906102317827
 -8050.497224522569 7754.819000622869 -9745.174986403241 7885.809393492465 2182.906102317827
 -8074.112748386051 7602.135664411756 -9064.9389033921 8193.132294121335 1086.186354197173
 -8050.497224522569 7754.819000622869 -9745.174986403241 7885.809393492465 2182.906102317827
 -6131.875398261615 6065.763362807305 -8554.767499876365 8901.432312391344 14.00535209663099
 -8050.497224522569 7754.819000622869 -9745.174986403241 7885.809393492465 2182.906102317827
 -8050.497224522569 7754.819000622869 -9745.174986403241 7885.809393492465 2182.906102317827
 -6166.509967116393 7123.382352424798 -8180.564152328401 8335.04417919104 -1095.735555210027
 -8371.865518039009 7629.669014020039 -8676.273476660152 7336.829317399801 1578.304858915292
 -8050.497224522569 7754.819000622869 -9745.174986403241 7885.809393492465 2182.906102317827
 -6166.509967116393 7123.382352424798 -8180.564152328401 8335.04417919104 -1095.735555210027
