# Created by Octave 4.2.1, Mon Oct 09 17:44:41 2017 BRT <root@mosqueiro>
# name: pop
# type: matrix
# rows: 1000
# columns: 5
 1894.637027884957 -7735.996457248609 -5816.445550733404 9337.002666154485 2319.59209548783
 1894.663573436487 -7736.0435048083 -5816.58693585055 9337.125512823846 2319.631108287364
 1894.537705300551 -7735.889080674979 -5816.440643004554 9336.984900538715 2319.597011062959
 1894.701711037437 -7735.921551375397 -5816.445666404218 9336.906157863443 2319.549062283647
 1894.701711037437 -7735.921551375397 -5816.445666404218 9336.906157863443 2319.549062283647
 1894.63078678875 -7735.96570788648 -5816.43511540208 9336.979793136456 2319.586368688131
 1894.546459512182 -7735.898320952389 -5816.457351705185 9336.9884625791 2319.614522802717
 1894.701711037437 -7735.921551375397 -5816.445666404218 9336.906157863443 2319.549062283647
 1894.547384573162 -7735.897652139086 -5816.454634161983 9336.988216417771 2319.609892752493
 1894.701711037437 -7735.921551375397 -5816.445666404218 9336.906157863443 2319.549062283647
 1894.63078678875 -7735.96570788648 -5816.43511540208 9336.979793136456 2319.586368688131
 1894.644548031605 -7735.961427578202 -5816.468632433778 9336.985664880287 2319.589788425563
 1894.644548031605 -7735.961427578202 -5816.468632433778 9336.985664880287 2319.589788425563
 1894.699405162068 -7735.930322681964 -5816.429645725227 9336.9081098596 2319.534727955659
 1894.621964258701 -7736.038986465527 -5816.467737797292 9337.065152730647 2319.613130147861
 1894.626349824709 -7735.97762765976 -5816.435910154908 9336.967422176676 2319.583941640666
 1894.666110119284 -7736.044873893816 -5816.586159437575 9337.122731371841 2319.63443955152
 1894.623337165466 -7735.966186182558 -5816.437533758249 9336.973596632915 2319.584611856396
 1894.666110119284 -7736.044873893816 -5816.586159437575 9337.122731371841 2319.63443955152
 1894.547384573162 -7735.897652139086 -5816.454634161983 9336.988216417771 2319.609892752493
 1894.644548031605 -7735.961427578202 -5816.468632433778 9336.985664880287 2319.589788425563
 1894.701711037437 -7735.921551375397 -5816.445666404218 9336.906157863443 2319.549062283647
 1894.668170801539 -7736.042130965207 -5816.578970083195 9337.12368579935 2319.636347259227
 1894.547384573162 -7735.897652139086 -5816.454634161983 9336.988216417771 2319.609892752493
 1894.640031947559 -7735.961678307362 -5816.440420531304 9336.957942279671 2319.595092635809
 1894.666110119284 -7736.044873893816 -5816.586159437575 9337.122731371841 2319.63443955152
 1894.649038524279 -7735.962797209003 -5816.468441118884 9336.985320610103 2319.594226601847
 1894.538490737905 -7735.973609107064 -5816.479224033036 9336.953740638271 2319.600155490687
 1894.666110119284 -7736.044873893816 -5816.586159437575 9337.122731371841 2319.63443955152
 1894.701711037437 -7735.921551375397 -5816.445666404218 9336.906157863443 2319.549062283647
 1894.644548031605 -7735.961427578202 -5816.468632433778 9336.985664880287 2319.589788425563
 1894.649986640246 -7735.962861192815 -5816.469930590893 9336.988080667355 2319.585255855883
 1894.547384573162 -7735.897652139086 -5816.454634161983 9336.988216417771 2319.609892752493
 1894.697398348406 -7735.927322671275 -5816.429426369902 9336.91187875045 2319.540260046622
 1894.661881456361 -7736.047126923183 -5816.575333500565 9337.116855754435 2319.632875765968
 1894.701711037437 -7735.921551375397 -5816.445666404218 9336.906157863443 2319.549062283647
 1894.625956565113 -7735.969752453157 -5816.438081096841 9336.993133032307 2319.601016705202
 1882.501502475561 -7744.692337391313 -5803.324114724436 9346.462139701589 2322.607604869811
 1894.701711037437 -7735.921551375397 -5816.445666404218 9336.906157863443 2319.549062283647
 1894.655362842575 -7735.965966152262 -5816.425688486221 9336.957032903128 2319.566136183149
 1894.640031947559 -7735.961678307362 -5816.440420531304 9336.957942279671 2319.595092635809
 1894.634365858273 -7735.97439760731 -5816.451637619987 9336.977254243175 2319.614891397192
 1894.644548031605 -7735.961427578202 -5816.468632433778 9336.985664880287 2319.589788425563
 1894.644548031605 -7735.961427578202 -5816.468632433778 9336.985664880287 2319.589788425563
 1894.705245347763 -7735.920592063671 -5816.432183932413 9336.914485716079 2319.540189864992
 1894.63078678875 -7735.96570788648 -5816.43511540208 9336.979793136456 2319.586368688131
 1894.644548031605 -7735.961427578202 -5816.468632433778 9336.985664880287 2319.589788425563
 3399.601390036885 -6560.552824139996 -6212.806940223954 7876.418254264756 1496.312046255939
 1894.630859866443 -7735.975065800178 -5816.451989482012 9336.975542140826 2319.610936864593
 1894.644548031605 -7735.961427578202 -5816.468632433778 9336.985664880287 2319.589788425563
 1894.644548031605 -7735.961427578202 -5816.468632433778 9336.985664880287 2319.589788425563
 1894.547384573162 -7735.897652139086 -5816.454634161983 9336.988216417771 2319.609892752493
 1894.63078678875 -7735.96570788648 -5816.43511540208 9336.979793136456 2319.586368688131
 1894.557981179836 -7735.914046559771 -5816.447705199548 9336.999667517686 2319.617593865211
 1894.644548031605 -7735.961427578202 -5816.468632433778 9336.985664880287 2319.589788425563
 1894.555764451814 -7736.342349177852 -5816.056682373383 9337.247028625519 2319.390109767008
 1894.637027884957 -7735.996457248609 -5816.445550733404 9337.002666154485 2319.59209548783
 1894.644548031605 -7735.961427578202 -5816.468632433778 9336.985664880287 2319.589788425563
 1894.701711037437 -7735.921551375397 -5816.445666404218 9336.906157863443 2319.549062283647
 1894.634365858273 -7735.97439760731 -5816.451637619987 9336.977254243175 2319.614891397192
 1894.63278122518 -7735.992635659338 -5816.435186924849 9336.952453645266 2319.607711038127
 1894.644548031605 -7735.961427578202 -5816.468632433778 9336.985664880287 2319.589788425563
 1894.697398348406 -7735.927322671275 -5816.429426369902 9336.91187875045 2319.540260046622
 1894.582490243735 -7735.880091465928 -5816.426399005499 9337.007852235507 2319.617001973148
 1894.621964258701 -7736.038986465527 -5816.467737797292 9337.065152730647 2319.613130147861
 1894.555764451814 -7736.342349177852 -5816.056682373383 9337.247028625519 2319.390109767008
 1894.701711037437 -7735.921551375397 -5816.445666404218 9336.906157863443 2319.549062283647
 1894.644548031605 -7735.961427578202 -5816.468632433778 9336.985664880287 2319.589788425563
 1894.623849861136 -7735.960863912846 -5816.439847102216 9336.978556717306 2319.577512023116
 1894.636625586871 -7735.962303510066 -5816.439490696246 9336.980002950049 2319.581953877543
 1894.630332689398 -7735.954332601362 -5816.432229679508 9336.973864557887 2319.573618096414
 1894.555764451814 -7736.342349177852 -5816.056682373383 9337.247028625519 2319.390109767008
 1894.701711037437 -7735.921551375397 -5816.445666404218 9336.906157863443 2319.549062283647
 1894.551884707855 -7735.898564858664 -5816.451189024056 9336.985506431811 2319.612560049452
 1894.637055445025 -7735.954921325132 -5816.448621790882 9336.988273304863 2319.571202748177
 1894.644548031605 -7735.961427578202 -5816.468632433778 9336.985664880287 2319.589788425563
 1894.63078678875 -7735.96570788648 -5816.43511540208 9336.979793136456 2319.586368688131
 1894.637027884957 -7735.996457248609 -5816.445550733404 9337.002666154485 2319.59209548783
 1894.631508310633 -7735.979290704005 -5816.439877635784 9336.992968193294 2319.578140584249
 1894.537705300551 -7735.889080674979 -5816.440643004554 9336.984900538715 2319.597011062959
 1894.537705300551 -7735.889080674979 -5816.440643004554 9336.984900538715 2319.597011062959
 1894.629596446445 -7735.956346532989 -5816.432021781487 9337.001854291919 2319.584499961968
 1894.642327013295 -7735.978848255641 -5816.443265756815 9337.003372730407 2319.567102685196
 1894.547384573162 -7735.897652139086 -5816.454634161983 9336.988216417771 2319.609892752493
 3399.544902256785 -6560.59078238066 -6212.823017099185 7876.361225750782 1496.466694865167
