# Created by Octave 4.2.1, Mon Oct 09 17:42:02 2017 BRT <root@mosqueiro>
# name: pop
# type: matrix
# rows: 1000
# columns: 5
 1894.63078678875 -7735.96570788648 -5816.43511540208 9336.979793136456 2319.586368688131
 1894.63078678875 -7735.96570788648 -5816.43511540208 9336.979793136456 2319.586368688131
 1894.63078678875 -7735.96570788648 -5816.43511540208 9336.979793136456 2319.586368688131
 1894.63078678875 -7735.96570788648 -5816.43511540208 9336.979793136456 2319.586368688131
 1894.63078678875 -7735.96570788648 -5816.43511540208 9336.979793136456 2319.586368688131
 1894.63078678875 -7735.96570788648 -5816.43511540208 9336.979793136456 2319.586368688131
 1894.63078678875 -7735.96570788648 -5816.43511540208 9336.979793136456 2319.586368688131
 3469.214885788452 -6521.39613565336 -6168.612313978238 7740.132514843477 1485.65369325422
 1883.799034266156 -7744.902535450571 -5803.982627170323 9346.659525198542 2320.132498496005
 3467.17408386115 -6526.791397136908 -6170.331015817408 7740.141708693415 1491.844819292112
 1894.63078678875 -7735.96570788648 -5816.43511540208 9336.979793136456 2319.586368688131
 3401.119841022058 -6558.593758785019 -6213.586540544714 7872.113845525373 1493.332186298944
 1894.63078678875 -7735.96570788648 -5816.43511540208 9336.979793136456 2319.586368688131
 1894.63078678875 -7735.96570788648 -5816.43511540208 9336.979793136456 2319.586368688131
 1894.63078678875 -7735.96570788648 -5816.43511540208 9336.979793136456 2319.586368688131
 1883.844810201244 -7742.335509274445 -5788.511095891436 9347.681658264304 2301.170618784841
 1894.63078678875 -7735.96570788648 -5816.43511540208 9336.979793136456 2319.586368688131
 3399.546100098971 -6560.616245653812 -6212.857034115816 7876.341922951303 1496.474385920623
 3799.971724358113 -8962.861525632748 -6915.73345470525 8259.618590423968 3771.000751427148
 3399.546100098971 -6560.616245653812 -6212.857034115816 7876.341922951303 1496.474385920623
 1894.63078678875 -7735.96570788648 -5816.43511540208 9336.979793136456 2319.586368688131
 1877.058180563196 -7746.593372589585 -5803.842892817525 9340.8227712076 2324.067711758056
 1894.63078678875 -7735.96570788648 -5816.43511540208 9336.979793136456 2319.586368688131
 3399.546100098971 -6560.616245653812 -6212.857034115816 7876.341922951303 1496.474385920623
 1882.500150416381 -7744.702908769411 -5803.336519212982 9346.46465320991 2322.618783852145
 3378.890937617934 -6521.358636821173 -6221.942221070806 7804.867764873412 1489.903880606323
 1894.63078678875 -7735.96570788648 -5816.43511540208 9336.979793136456 2319.586368688131
 1894.63078678875 -7735.96570788648 -5816.43511540208 9336.979793136456 2319.586368688131
 1894.63078678875 -7735.96570788648 -5816.43511540208 9336.979793136456 2319.586368688131
 3467.17408386115 -6526.791397136908 -6170.331015817408 7740.141708693415 1491.844819292112
 3467.17408386115 -6526.791397136908 -6170.331015817408 7740.141708693415 1491.844819292112
 1894.63078678875 -7735.96570788648 -5816.43511540208 9336.979793136456 2319.586368688131
 3422.913254995128 -6583.916505244754 -6192.668754866228 7834.444896268232 1483.229468179413
 1894.63078678875 -7735.96570788648 -5816.43511540208 9336.979793136456 2319.586368688131
 3465.245702527564 -6563.997148867018 -6171.685541484917 7753.867869573484 1482.959812653819
 1894.63078678875 -7735.96570788648 -5816.43511540208 9336.979793136456 2319.586368688131
 3374.526255524018 -6537.229453529618 -6227.976719479095 7815.786658561816 1570.828116686069
 3418.315386416953 -6555.283922935097 -6212.34730491962 7854.182825691359 1500.668982593223
 1894.63078678875 -7735.96570788648 -5816.43511540208 9336.979793136456 2319.586368688131
 3417.303905630507 -6555.866692221502 -6212.567408158602 7853.11561938921 1500.708995523002
 1894.63078678875 -7735.96570788648 -5816.43511540208 9336.979793136456 2319.586368688131
 1894.63078678875 -7735.96570788648 -5816.43511540208 9336.979793136456 2319.586368688131
 1894.63078678875 -7735.96570788648 -5816.43511540208 9336.979793136456 2319.586368688131
 1894.63078678875 -7735.96570788648 -5816.43511540208 9336.979793136456 2319.586368688131
 1881.207440993337 -7734.501618457937 -5803.398512490204 9350.778887521843 2331.484583576715
 1895.408002373074 -7734.323537240786 -5819.73816279897 9340.48309606461 2322.232284573389
 3416.432798833205 -6553.730159492247 -6211.139843667179 7852.690759495524 1502.607953223508
 1894.63078678875 -7735.96570788648 -5816.43511540208 9336.979793136456 2319.586368688131
 1894.63078678875 -7735.96570788648 -5816.43511540208 9336.979793136456 2319.586368688131
 3399.546100098971 -6560.616245653812 -6212.857034115816 7876.341922951303 1496.474385920623
 3402.23010480931 -6558.382904135844 -6209.861674455053 7875.214294748318 1497.982479907234
 1895.851603486724 -7737.653246215988 -5815.685030312399 9338.061802674232 2322.146511859904
 1894.63078678875 -7735.96570788648 -5816.43511540208 9336.979793136456 2319.586368688131
 3204.485643281873 -6316.601808364054 -6068.739596027346 7674.543446885487 1512.302426132386
 3399.546100098971 -6560.616245653812 -6212.857034115816 7876.341922951303 1496.474385920623
 1887.03765022654 -7756.078244843663 -5795.30557741505 9335.742154557536 2319.878166209275
 1894.63078678875 -7735.96570788648 -5816.43511540208 9336.979793136456 2319.586368688131
 1894.63078678875 -7735.96570788648 -5816.43511540208 9336.979793136456 2319.586368688131
 1882.500150416381 -7744.702908769411 -5803.336519212982 9346.46465320991 2322.618783852145
 3467.17408386115 -6526.791397136908 -6170.331015817408 7740.141708693415 1491.844819292112
 3398.847829175225 -6561.28513985571 -6210.704036330991 7877.654980672546 1496.930228800898
 1894.63078678875 -7735.96570788648 -5816.43511540208 9336.979793136456 2319.586368688131
 1894.63078678875 -7735.96570788648 -5816.43511540208 9336.979793136456 2319.586368688131
 1891.93886726532 -7737.990781589336 -5817.158139095836 9340.051412766319 2324.624925050414
 1894.63078678875 -7735.96570788648 -5816.43511540208 9336.979793136456 2319.586368688131
 1882.500150416381 -7744.702908769411 -5803.336519212982 9346.46465320991 2322.618783852145
 1894.63078678875 -7735.96570788648 -5816.43511540208 9336.979793136456 2319.586368688131
 1894.63078678875 -7735.96570788648 -5816.43511540208 9336.979793136456 2319.586368688131
 1878.295908580071 -7745.336377178391 -5805.333325958093 9347.966405321153 2320.078607977483
 1894.63078678875 -7735.96570788648 -5816.43511540208 9336.979793136456 2319.586368688131
 1894.63078678875 -7735.96570788648 -5816.43511540208 9336.979793136456 2319.586368688131
 1894.63078678875 -7735.96570788648 -5816.43511540208 9336.979793136456 2319.586368688131
 1894.63078678875 -7735.96570788648 -5816.43511540208 9336.979793136456 2319.586368688131
 1879.147347952069 -7736.856063964868 -5801.326724251669 9339.011175998005 2317.665993602192
 3399.546100098971 -6560.616245653812 -6212.857034115816 7876.341922951303 1496.474385920623
 3399.546100098971 -6560.616245653812 -6212.857034115816 7876.341922951303 1496.474385920623
 3399.671155726024 -6559.649723738553 -6209.883396847107 7880.909034271116 1498.22023357153
 3467.17408386115 -6526.791397136908 -6170.331015817408 7740.141708693415 1491.844819292112
 3399.546100098971 -6560.616245653812 -6212.857034115816 7876.341922951303 1496.474385920623
 3401.204216837377 -6561.292998617073 -6212.473569197731 7875.780709672663 1496.714210844712
 1894.63078678875 -7735.96570788648 -5816.43511540208 9336.979793136456 2319.586368688131
 1894.63078678875 -7735.96570788648 -5816.43511540208 9336.979793136456 2319.586368688131
 1894.63078678875 -7735.96570788648 -5816.43511540208 9336.979793136456 2319.586368688131
 1897.325649297229 -7733.233749495495 -5814.175491707677 9337.536152884302 2322.997530391828
 1894.63078678875 -7735.96570788648 -5816.43511540208 9336.979793136456 2319.586368688131
 3406.489413501428 -6548.730364710565 -6209.067962507697 7882.766957431504 1493.158606584924
