# Created by Octave 4.2.1, Mon Oct 09 18:41:00 2017 BRT <root@mosqueiro>
# name: pop
# type: matrix
# rows: 1000
# columns: 5
 9038.161742797551 -7898.573771228968 1150.865555485592 -5448.37831385851 3174.518999990009
 9038.161742797551 -7898.573771228968 1150.865555485592 -5448.37831385851 3174.518999990009
 9038.161742797551 -7898.573771228968 1150.865555485592 -5448.37831385851 3174.518999990009
 9038.161742797551 -7898.573771228968 1150.865555485592 -5448.37831385851 3174.518999990009
 9038.161742797551 -7898.573771228968 1150.865555485592 -5448.37831385851 3174.518999990009
 9038.161742797551 -7898.573771228968 1150.865555485592 -5448.37831385851 3174.518999990009
 9038.161742797551 -7898.573771228968 1150.865555485592 -5448.37831385851 3174.518999990009
 10688.66914093399 -1976.323800783928 -13503.55570310012 -16257.93265346343 -20200.94208195878
 13384.74218702423 -15485.20771109679 -3315.248906841804 -5306.025931081213 1930.051062335249
 9038.161742797551 -7898.573771228968 1150.865555485592 -5448.37831385851 3174.518999990009
 9038.161742797551 -7898.573771228968 1150.865555485592 -5448.37831385851 3174.518999990009
 9038.161742797551 -7898.573771228968 1150.865555485592 -5448.37831385851 3174.518999990009
 9038.161742797551 -7898.573771228968 1150.865555485592 -5448.37831385851 3174.518999990009
 9038.161742797551 -7898.573771228968 1150.865555485592 -5448.37831385851 3174.518999990009
 9038.161742797551 -7898.573771228968 1150.865555485592 -5448.37831385851 3174.518999990009
 26784.51305709175 9427.257124216132 -2480.367374523572 -894.1617662211147 9115.917060152486
 9038.161742797551 -7898.573771228968 1150.865555485592 -5448.37831385851 3174.518999990009
 9038.161742797551 -7898.573771228968 1150.865555485592 -5448.37831385851 3174.518999990009
 16024.15193656454 3700.771153543235 6090.192148187048 -29299.41265925394 -5110.645434735616
 9038.161742797551 -7898.573771228968 1150.865555485592 -5448.37831385851 3174.518999990009
 9038.161742797551 -7898.573771228968 1150.865555485592 -5448.37831385851 3174.518999990009
 15516.2995873112 -8040.721625842762 3031.396077185164 -26661.99740572802 11652.15809627182
 9038.161742797551 -7898.573771228968 1150.865555485592 -5448.37831385851 3174.518999990009
 7979.051300310186 -26740.81326072551 6743.601321898454 -7134.139792745966 53529.28834778332
 27512.30785633709 -21608.30845839313 30076.51816015612 -28826.27266320571 1053.358973034168
 -1987.318699389005 1492.73483087684 -23437.66615338012 -13524.76684586146 17234.99346611955
 9038.161742797551 -7898.573771228968 1150.865555485592 -5448.37831385851 3174.518999990009
 9038.161742797551 -7898.573771228968 1150.865555485592 -5448.37831385851 3174.518999990009
 4288.039930807521 -4530.889114816135 9498.658189912758 -8533.404208162428 -6177.350548032182
 9038.161742797551 -7898.573771228968 1150.865555485592 -5448.37831385851 3174.518999990009
 -3320.08324644904 17448.74542427138 1206.879335475116 -1076.21857791512 -12618.18748094688
 9038.161742797551 -7898.573771228968 1150.865555485592 -5448.37831385851 3174.518999990009
 6651.952627100487 10092.19030929476 5802.957251547341 2986.633853927997 5004.607488170013
 9038.161742797551 -7898.573771228968 1150.865555485592 -5448.37831385851 3174.518999990009
 9038.161742797551 -7898.573771228968 1150.865555485592 -5448.37831385851 3174.518999990009
 1145.965525058373 -6421.155008867732 8487.605586782924 615.1381623489888 -3775.963240603114
 9038.161742797551 -7898.573771228968 1150.865555485592 -5448.37831385851 3174.518999990009
 9038.161742797551 -7898.573771228968 1150.865555485592 -5448.37831385851 3174.518999990009
 9038.161742797551 -7898.573771228968 1150.865555485592 -5448.37831385851 3174.518999990009
 9038.161742797551 -7898.573771228968 1150.865555485592 -5448.37831385851 3174.518999990009
 -3711.079169971912 3054.510077297178 -22840.64116350309 12687.56287075089 14172.70604601316
 9038.161742797551 -7898.573771228968 1150.865555485592 -5448.37831385851 3174.518999990009
 7250.190321891317 -5690.201453420418 -6245.983778679703 3903.966610728985 19952.30405335355
 9038.161742797551 -7898.573771228968 1150.865555485592 -5448.37831385851 3174.518999990009
 -7344.221855570557 -16749.68579106185 -37123.87456237177 7290.013074946605 17402.9757330983
 -2347.36197754211 -4748.529586126609 -19709.28166222222 3222.599178961753 1733.267518746227
 15554.88637227989 -7687.72172957938 -11116.17009085792 -3661.944301417215 12626.46025156365
 9038.161742797551 -7898.573771228968 1150.865555485592 -5448.37831385851 3174.518999990009
 977.8774719782286 20269.92517762424 -13358.55705339397 7095.977513132391 -8116.486196102864
 9038.161742797551 -7898.573771228968 1150.865555485592 -5448.37831385851 3174.518999990009
 9038.161742797551 -7898.573771228968 1150.865555485592 -5448.37831385851 3174.518999990009
 -11354.59715725017 -19729.14055170187 7957.321321750806 -11920.08800402149 2412.209167235303
 9038.161742797551 -7898.573771228968 1150.865555485592 -5448.37831385851 3174.518999990009
 9038.161742797551 -7898.573771228968 1150.865555485592 -5448.37831385851 3174.518999990009
 -5543.598108181845 -1942.430177252156 4779.002958799421 5577.614882036776 -2158.120062175638
 9038.161742797551 -7898.573771228968 1150.865555485592 -5448.37831385851 3174.518999990009
 31387.1464259453 -12406.3336949002 -7700.997805305059 12158.34047275712 -23101.83698361881
 9038.161742797551 -7898.573771228968 1150.865555485592 -5448.37831385851 3174.518999990009
 9038.161742797551 -7898.573771228968 1150.865555485592 -5448.37831385851 3174.518999990009
 9038.161742797551 -7898.573771228968 1150.865555485592 -5448.37831385851 3174.518999990009
 9038.161742797551 -7898.573771228968 1150.865555485592 -5448.37831385851 3174.518999990009
 9038.161742797551 -7898.573771228968 1150.865555485592 -5448.37831385851 3174.518999990009
 -9670.176484145391 23911.55267397827 38007.0323472723 -46191.00257030356 -1943.84800351439
 9719.23844007218 -8592.408052372561 2954.940470952104 -22529.17123956692 1285.140487700046
 9038.161742797551 -7898.573771228968 1150.865555485592 -5448.37831385851 3174.518999990009
 9038.161742797551 -7898.573771228968 1150.865555485592 -5448.37831385851 3174.518999990009
 23427.68604529391 -15351.97158054623 18197.92346563355 -10480.43037848325 -9617.253829947758
 9038.161742797551 -7898.573771228968 1150.865555485592 -5448.37831385851 3174.518999990009
 9038.161742797551 -7898.573771228968 1150.865555485592 -5448.37831385851 3174.518999990009
 9038.161742797551 -7898.573771228968 1150.865555485592 -5448.37831385851 3174.518999990009
 9038.161742797551 -7898.573771228968 1150.865555485592 -5448.37831385851 3174.518999990009
 9038.161742797551 -7898.573771228968 1150.865555485592 -5448.37831385851 3174.518999990009
 9038.161742797551 -7898.573771228968 1150.865555485592 -5448.37831385851 3174.518999990009
 9038.161742797551 -7898.573771228968 1150.865555485592 -5448.37831385851 3174.518999990009
 9038.161742797551 -7898.573771228968 1150.865555485592 -5448.37831385851 3174.518999990009
 16960.05497841941 -15709.33325805506 15374.02475531533 -17436.01178341612 -17202.88547983183
 9038.161742797551 -7898.573771228968 1150.865555485592 -5448.37831385851 3174.518999990009
 10528.75791160221 14575.84977171554 13242.57873005417 20457.41196223801 4384.821164971505
 9038.161742797551 -7898.573771228968 1150.865555485592 -5448.37831385851 3174.518999990009
 9038.161742797551 -7898.573771228968 1150.865555485592 -5448.37831385851 3174.518999990009
 5768.037540617084 -20253.45145460319 6953.854893363735 -11650.92355632916 28098.0529842947
 26862.04508414997 -4739.031928173938 11414.45847379068 22893.7360256569 -22764.26758095044
 9038.161742797551 -7898.573771228968 1150.865555485592 -5448.37831385851 3174.518999990009
 9038.161742797551 -7898.573771228968 1150.865555485592 -5448.37831385851 3174.518999990009
 9038.161742797551 -7898.573771228968 1150.865555485592 -5448.37831385851 3174.518999990009
