# Created by Octave 4.2.1, Mon Oct 09 18:36:35 2017 BRT <root@mosqueiro>
# name: pop
# type: matrix
# rows: 1000
# columns: 5
 -8159.51832006755 7452.555828577018 -9348.332217896746 7530.916906676218 2523.377760740002
 -8159.518320244843 7452.55582809033 -9348.332217920146 7530.91690682384 2523.37776094888
 -8159.518320244843 7452.55582809033 -9348.332217920146 7530.91690682384 2523.37776094888
 -8159.518320244843 7452.55582809033 -9348.332217920146 7530.91690682384 2523.37776094888
 -8159.518320244843 7452.55582809033 -9348.332217920146 7530.91690682384 2523.37776094888
 -8159.5183077402 7452.55582638859 -9348.332221899025 7530.916900333922 2523.377754425966
 -8159.518322290257 7452.555825142668 -9348.332220016784 7530.916906140889 2523.377761384904
 -8159.518323050987 7452.555827175574 -9348.332218928143 7530.916905252933 2523.37776058815
 -8159.51831777 7452.555819743458 -9348.332225973778 7530.916911077263 2523.377758219705
 -8159.518320244843 7452.55582809033 -9348.332217920146 7530.91690682384 2523.37776094888
 -8159.716451751077 7452.657775177707 -9348.319510955631 7530.915874117691 2523.489017500238
 -8159.518322812272 7452.555827520481 -9348.33221965719 7530.91690836443 2523.377761635044
 -8159.716472747979 7452.657826101266 -9348.319574884814 7530.915947201678 2523.488975149219
 -8159.518320244843 7452.55582809033 -9348.332217920146 7530.91690682384 2523.37776094888
 -8159.518317554078 7452.555819220433 -9348.332228881423 7530.916904393301 2523.377758369469
 -8159.716472747979 7452.657826101266 -9348.319574884814 7530.915947201678 2523.488975149219
 -8159.518322668562 7452.555826746518 -9348.332218904472 7530.916905651774 2523.377760091513
 -8159.518314719518 7452.555821988615 -9348.332225725111 7530.916904114141 2523.377763882913
 -8159.51832253277 7452.555827565983 -9348.332219431886 7530.916907817556 2523.377760837849
 -8159.51832253277 7452.555827565983 -9348.332219431886 7530.916907817556 2523.377760837849
 -8159.716465173428 7452.657827014943 -9348.319576757991 7530.915945582164 2523.488976564366
 -8159.716451751077 7452.657775177707 -9348.319510955631 7530.915874117691 2523.489017500238
 -8159.716451108558 7452.657783920907 -9348.319515512925 7530.915880640181 2523.48901828449
 -8159.518313775994 7452.555813064793 -9348.332230876995 7530.916911694527 2523.377758979067
 -8159.51831777 7452.555819743458 -9348.332225973778 7530.916911077263 2523.377758219705
 -8159.518317554078 7452.555819220433 -9348.332228881423 7530.916904393301 2523.377758369469
 -8159.518317554078 7452.555819220433 -9348.332228881423 7530.916904393301 2523.377758369469
 -8159.51832006755 7452.555828577018 -9348.332217896746 7530.916906676218 2523.377760740002
 -8159.716474093871 7452.657819069153 -9348.319581328027 7530.915947133825 2523.488974135822
 -8159.716451751077 7452.657775177707 -9348.319510955631 7530.915874117691 2523.489017500238
 -8159.518317554078 7452.555819220433 -9348.332228881423 7530.916904393301 2523.377758369469
 -8159.518317554078 7452.555819220433 -9348.332228881423 7530.916904393301 2523.377758369469
 -8159.716473312994 7452.657826494519 -9348.319573858756 7530.915946239682 2523.488973655238
 -8159.518317554078 7452.555819220433 -9348.332228881423 7530.916904393301 2523.377758369469
 -8159.518324036521 7452.555827659921 -9348.332218488516 7530.916908849484 2523.377760813506
 -8159.518317554078 7452.555819220433 -9348.332228881423 7530.916904393301 2523.377758369469
 -8159.518322520105 7452.555826307599 -9348.33221937746 7530.91690800108 2523.377761665763
 -8159.518317554078 7452.555819220433 -9348.332228881423 7530.916904393301 2523.377758369469
 -8159.500853672855 7452.554704361365 -9348.314549907076 7530.913003179538 2523.375291406772
 -8159.518314399191 7452.55581269649 -9348.332231343593 7530.916912617686 2523.377758683585
 -8159.716472747979 7452.657826101266 -9348.319574884814 7530.915947201678 2523.488975149219
 -8159.716472747979 7452.657826101266 -9348.319574884814 7530.915947201678 2523.488975149219
 -8159.51831777 7452.555819743458 -9348.332225973778 7530.916911077263 2523.377758219705
 -8159.716472747979 7452.657826101266 -9348.319574884814 7530.915947201678 2523.488975149219
 -8159.518322607522 7452.555826765141 -9348.332219451342 7530.916907978808 2523.377762344759
 -8159.518310813642 7452.555815630787 -9348.332230271752 7530.916903656088 2523.377766115227
 -8159.51831777 7452.555819743458 -9348.332225973778 7530.916911077263 2523.377758219705
 -8159.51832253277 7452.555827565983 -9348.332219431886 7530.916907817556 2523.377760837849
 -8159.51832253277 7452.555827565983 -9348.332219431886 7530.916907817556 2523.377760837849
 -8159.518320364402 7452.555828331429 -9348.332217765521 7530.916906724201 2523.377760743039
 -8159.518317554078 7452.555819220433 -9348.332228881423 7530.916904393301 2523.377758369469
 -8159.51832253277 7452.555827565983 -9348.332219431886 7530.916907817556 2523.377760837849
 -8159.518310813642 7452.555815630787 -9348.332230271752 7530.916903656088 2523.377766115227
 -8159.716457963629 7452.657782947821 -9348.319513403691 7530.915876649082 2523.489017826793
 -8159.518317554078 7452.555819220433 -9348.332228881423 7530.916904393301 2523.377758369469
 -8159.51831631932 7452.555821330553 -9348.332226986076 7530.916910374157 2523.37775953728
 -8159.518317115191 7452.555819455361 -9348.332229435662 7530.916904427835 2523.377757961532
 -8159.518309431077 7452.555819767269 -9348.332230675975 7530.916898431503 2523.377752123067
 -8159.518315591225 7452.555818983245 -9348.332228790259 7530.916904118633 2523.377758358477
 -8159.518314399191 7452.55581269649 -9348.332231343593 7530.916912617686 2523.377758683585
 -8159.51831777 7452.555819743458 -9348.332225973778 7530.916911077263 2523.377758219705
 -8159.518321531394 7452.555827254168 -9348.332220135084 7530.916907817355 2523.377760845654
 -8159.518315080014 7452.555821214021 -9348.332225626007 7530.916904625293 2523.377763824149
 -8159.518320244843 7452.55582809033 -9348.332217920146 7530.91690682384 2523.37776094888
 -8159.518317554078 7452.555819220433 -9348.332228881423 7530.916904393301 2523.377758369469
 -8159.716451751077 7452.657775177707 -9348.319510955631 7530.915874117691 2523.489017500238
 -8159.518317554078 7452.555819220433 -9348.332228881423 7530.916904393301 2523.377758369469
 -8159.716464851635 7452.657825687586 -9348.319589986955 7530.915976055191 2523.488955708365
 -8159.518317554078 7452.555819220433 -9348.332228881423 7530.916904393301 2523.377758369469
 -8159.518317554078 7452.555819220433 -9348.332228881423 7530.916904393301 2523.377758369469
 -8159.716467257173 7452.657820441139 -9348.319566881564 7530.915944853602 2523.488975202539
 -8159.51832253277 7452.555827565983 -9348.332219431886 7530.916907817556 2523.377760837849
 -8159.716467835249 7452.657824321338 -9348.319577883813 7530.915936193522 2523.488981206294
 -8159.518322194246 7452.555827786623 -9348.332219541302 7530.916907970037 2523.377760478013
 -8159.716472747979 7452.657826101266 -9348.319574884814 7530.915947201678 2523.488975149219
 -8159.518313901384 7452.555812214488 -9348.332231017719 7530.91691327278 2523.377758229055
 -8159.518313268209 7452.555821248991 -9348.332226395945 7530.916907484645 2523.377763888536
 -8159.518323050987 7452.555827175574 -9348.332218928143 7530.916905252933 2523.37776058815
 -8159.518317156076 7452.555819748222 -9348.332228548932 7530.9169049349 2523.377758590497
 -8159.716466037859 7452.657858836678 -9348.319612531774 7530.915966329927 2523.488954408874
 -8159.509448931556 7452.554430269531 -9348.311810861638 7530.918541734136 2523.373977255788
 -8159.51831777 7452.555819743458 -9348.332225973778 7530.916911077263 2523.377758219705
 -8159.51832253277 7452.555827565983 -9348.332219431886 7530.916907817556 2523.377760837849
 -8159.716472747979 7452.657826101266 -9348.319574884814 7530.915947201678 2523.488975149219
 -8159.518315080014 7452.555821214021 -9348.332225626007 7530.916904625293 2523.377763824149
