# Created by Octave 4.2.1, Mon Oct 09 18:30:23 2017 BRT <root@mosqueiro>
# name: pop
# type: matrix
# rows: 1000
# columns: 5
 -7067.301801225295 7332.378776536591 -9919.050967937896 7565.752177436239 2087.43317734072
 -7067.301801225295 7332.378776536591 -9919.050967937896 7565.752177436239 2087.43317734072
 -7067.301801225295 7332.378776536591 -9919.050967937896 7565.752177436239 2087.43317734072
 -7067.301801225295 7332.378776536591 -9919.050967937896 7565.752177436239 2087.43317734072
 -7067.301801225295 7332.378776536591 -9919.050967937896 7565.752177436239 2087.43317734072
 -8187.763456337296 7555.934655380137 -9516.119031617371 7447.703430704593 2702.769648629498
 -8187.763456337296 7555.934655380137 -9516.119031617371 7447.703430704593 2702.769648629498
 -8157.980181650557 7421.471375753769 -9361.208444409709 7545.600047055814 2530.315605721665
 -8187.763456337296 7555.934655380137 -9516.119031617371 7447.703430704593 2702.769648629498
 -7067.301801225295 7332.378776536591 -9919.050967937896 7565.752177436239 2087.43317734072
 -8153.609669504795 7449.584112469199 -9351.063575631668 7531.289751374761 2523.46445366543
 -7067.301801225295 7332.378776536591 -9919.050967937896 7565.752177436239 2087.43317734072
 -8153.609669504795 7449.584112469199 -9351.063575631668 7531.289751374761 2523.46445366543
 -6477.127304627549 7462.068539517401 -8266.583866882385 8307.096502680106 -997.5744079840124
 -8156.85730483648 7426.743020178506 -9351.869810737906 7525.697675219258 2517.814286687118
 -7067.301801225295 7332.378776536591 -9919.050967937896 7565.752177436239 2087.43317734072
 -7047.131333539046 7337.684675907157 -9934.034386450467 7562.355807846759 2093.636544077093
 -5761.343647913179 6912.713121183646 -8387.344090299206 8414.29252068274 -1258.396287381389
 -8153.609669504795 7449.584112469199 -9351.063575631668 7531.289751374761 2523.46445366543
 -8187.763456337296 7555.934655380137 -9516.119031617371 7447.703430704593 2702.769648629498
 -6071.72926998427 7377.868667450351 -8258.230628430132 8484.482764696017 -1521.588431386904
 -6769.053737560473 7245.435918447206 -10044.41819964142 7657.145498652767 2210.540718678709
 -7057.38087083417 7312.190284181938 -9998.440212084271 7582.17939886567 2172.827494955338
 -7067.301801225295 7332.378776536591 -9919.050967937896 7565.752177436239 2087.43317734072
 -7067.301801225295 7332.378776536591 -9919.050967937896 7565.752177436239 2087.43317734072
 -5978.250921135827 7189.097237318481 -8131.003657456028 8458.161754356139 -1109.000620025583
 -8153.609669504795 7449.584112469199 -9351.063575631668 7531.289751374761 2523.46445366543
 -6168.596238583496 7132.024042699775 -8187.890771488793 8338.669213178609 -1083.048347093981
 -6055.704491599345 7375.138299187399 -8274.991390522124 8484.126014762944 -1524.287696166781
 -8153.609669504795 7449.584112469199 -9351.063575631668 7531.289751374761 2523.46445366543
 -7067.301801225295 7332.378776536591 -9919.050967937896 7565.752177436239 2087.43317734072
 -7067.301801225295 7332.378776536591 -9919.050967937896 7565.752177436239 2087.43317734072
 -6722.79281378321 7237.131003083231 -10092.5308300208 7520.34739297425 2129.220598326046
 -7067.301801225295 7332.378776536591 -9919.050967937896 7565.752177436239 2087.43317734072
 -8167.906655104764 7485.962860738019 -9327.719155594979 7547.961375521055 2534.331651543724
 -7067.301801225295 7332.378776536591 -9919.050967937896 7565.752177436239 2087.43317734072
 -8187.763456337296 7555.934655380137 -9516.119031617371 7447.703430704593 2702.769648629498
 -8187.763456337296 7555.934655380137 -9516.119031617371 7447.703430704593 2702.769648629498
 -7067.301801225295 7332.378776536591 -9919.050967937896 7565.752177436239 2087.43317734072
 -7067.301801225295 7332.378776536591 -9919.050967937896 7565.752177436239 2087.43317734072
 -7067.301801225295 7332.378776536591 -9919.050967937896 7565.752177436239 2087.43317734072
 -6166.509967116393 7123.382352424798 -8180.564152328401 8335.04417919104 -1095.735555210027
 -7067.301801225295 7332.378776536591 -9919.050967937896 7565.752177436239 2087.43317734072
 -6257.414862435409 7184.484324005079 -8136.320608093626 8335.609800658969 -1124.377144824623
 -8187.763456337296 7555.934655380137 -9516.119031617371 7447.703430704593 2702.769648629498
 -7067.301801225295 7332.378776536591 -9919.050967937896 7565.752177436239 2087.43317734072
 -7067.301801225295 7332.378776536591 -9919.050967937896 7565.752177436239 2087.43317734072
 -8137.251490555357 7472.411106647901 -9330.49820415475 7530.776214869148 2502.139380126078
 -8209.826222028907 7575.212445044694 -9532.565398649904 7442.858245285241 2723.19955366119
 -8153.827655774926 7439.448826961699 -9350.458995579858 7499.750395899331 2525.881525636609
 -8187.763456337296 7555.934655380137 -9516.119031617371 7447.703430704593 2702.769648629498
 -8167.240465177468 7517.190629903915 -9540.698318748291 7462.036949200429 2654.514454040396
 -7067.301801225295 7332.378776536591 -9919.050967937896 7565.752177436239 2087.43317734072
 -8153.609669504795 7449.584112469199 -9351.063575631668 7531.289751374761 2523.46445366543
 -6166.509967116393 7123.382352424798 -8180.564152328401 8335.04417919104 -1095.735555210027
 -8187.763456337296 7555.934655380137 -9516.119031617371 7447.703430704593 2702.769648629498
 -7067.301801225295 7332.378776536591 -9919.050967937896 7565.752177436239 2087.43317734072
 -6795.458653000116 7284.462579696532 -10143.12620066087 7560.308555344614 2102.623425415313
 -8153.609669504795 7449.584112469199 -9351.063575631668 7531.289751374761 2523.46445366543
 -6137.245967273725 7092.312952026338 -8161.717745116827 8330.899363967101 -1102.269760578777
 -8189.248601092467 7574.905262730337 -9502.951642942493 7469.287551070676 2710.550068981731
 -7067.301801225295 7332.378776536591 -9919.050967937896 7565.752177436239 2087.43317734072
 -8155.745340849664 7569.540405474056 -9508.845717420212 7440.090818622245 2678.121706968814
 -8187.763456337296 7555.934655380137 -9516.119031617371 7447.703430704593 2702.769648629498
 -7079.022045816245 7290.807609145878 -10037.16189713499 7549.933580226956 2121.676657195022
 -7067.301801225295 7332.378776536591 -9919.050967937896 7565.752177436239 2087.43317734072
 -8187.763456337296 7555.934655380137 -9516.119031617371 7447.703430704593 2702.769648629498
 -8153.609669504795 7449.584112469199 -9351.063575631668 7531.289751374761 2523.46445366543
 -7061.288164247434 7269.900330858186 -9982.701687784469 7547.747378883301 2153.502827088842
 -8137.474763486187 7426.607109241623 -9344.252348486898 7556.319616589263 2524.227318030762
 -6166.509967116393 7123.382352424798 -8180.564152328401 8335.04417919104 -1095.735555210027
 -8153.609669504795 7449.584112469199 -9351.063575631668 7531.289751374761 2523.46445366543
 -8153.609669504795 7449.584112469199 -9351.063575631668 7531.289751374761 2523.46445366543
 -6795.458653000116 7284.462579696532 -10143.12620066087 7560.308555344614 2102.623425415313
 -8189.870868913757 7555.144697898759 -9477.550497849616 7454.613078069065 2704.837661313943
 -6071.72926998427 7377.868667450351 -8258.230628430132 8484.482764696017 -1521.588431386904
 -8173.850741449484 7548.82482893118 -9524.937588784151 7464.883217087156 2700.549490391418
 -7057.38087083417 7312.190284181938 -9998.440212084271 7582.17939886567 2172.827494955338
 -7067.301801225295 7332.378776536591 -9919.050967937896 7565.752177436239 2087.43317734072
 -8187.763456337296 7555.934655380137 -9516.119031617371 7447.703430704593 2702.769648629498
 -8187.763456337296 7555.934655380137 -9516.119031617371 7447.703430704593 2702.769648629498
 -8153.609669504795 7449.584112469199 -9351.063575631668 7531.289751374761 2523.46445366543
 -8172.640745694489 7437.411841763093 -9353.54210611393 7547.001195453244 2534.623521008258
 -7067.301801225295 7332.378776536591 -9919.050967937896 7565.752177436239 2087.43317734072
 -7067.301801225295 7332.378776536591 -9919.050967937896 7565.752177436239 2087.43317734072
