# Created by Octave 4.2.1, Mon Oct 09 17:45:01 2017 BRT <root@mosqueiro>
# name: pop
# type: matrix
# rows: 1000
# columns: 5
 1894.554701761723 -7736.347247549912 -5816.061605223731 9337.2499404593 2319.394041748422
 1894.637073785748 -7735.998255871849 -5816.444036116019 9337.002866765679 2319.592142353524
 1894.637027884957 -7735.996457248609 -5816.445550733404 9337.002666154485 2319.59209548783
 1894.637027884957 -7735.996457248609 -5816.445550733404 9337.002666154485 2319.59209548783
 1894.637027884957 -7735.996457248609 -5816.445550733404 9337.002666154485 2319.59209548783
 1894.701711037437 -7735.921551375397 -5816.445666404218 9336.906157863443 2319.549062283647
 1894.637027884957 -7735.996457248609 -5816.445550733404 9337.002666154485 2319.59209548783
 1894.701711037437 -7735.921551375397 -5816.445666404218 9336.906157863443 2319.549062283647
 1894.660786145716 -7735.939041826102 -5816.451599177877 9336.965432515706 2319.558799370808
 1894.6410806095 -7735.969081995862 -5816.468342314573 9337.001438519719 2319.582151418316
 1894.63078678875 -7735.96570788648 -5816.43511540208 9336.979793136456 2319.586368688131
 1894.644548031605 -7735.961427578202 -5816.468632433778 9336.985664880287 2319.589788425563
 1894.555764451814 -7736.342349177852 -5816.056682373383 9337.247028625519 2319.390109767008
 1894.555764451814 -7736.342349177852 -5816.056682373383 9337.247028625519 2319.390109767008
 1894.644548031605 -7735.961427578202 -5816.468632433778 9336.985664880287 2319.589788425563
 1894.63078678875 -7735.96570788648 -5816.43511540208 9336.979793136456 2319.586368688131
 1894.660786145716 -7735.939041826102 -5816.451599177877 9336.965432515706 2319.558799370808
 1894.644548031605 -7735.961427578202 -5816.468632433778 9336.985664880287 2319.589788425563
 1894.539729873707 -7735.890759277988 -5816.437190085638 9336.985344902367 2319.59802568183
 1894.637027884957 -7735.996457248609 -5816.445550733404 9337.002666154485 2319.59209548783
 1894.699961698574 -7735.927507401404 -5816.424568130805 9336.917346784965 2319.528208536468
 1894.621964258701 -7736.038986465527 -5816.467737797292 9337.065152730647 2319.613130147861
 1894.55289098723 -7736.345583089287 -5816.049912999149 9337.250271650997 2319.400591760334
 1894.547384573162 -7735.897652139086 -5816.454634161983 9336.988216417771 2319.609892752493
 1894.547384573162 -7735.897652139086 -5816.454634161983 9336.988216417771 2319.609892752493
 1894.644548031605 -7735.961427578202 -5816.468632433778 9336.985664880287 2319.589788425563
 1894.614648862027 -7735.954077399811 -5816.4340369991 9336.984915129955 2319.5843044578
 1894.701711037437 -7735.921551375397 -5816.445666404218 9336.906157863443 2319.549062283647
 1894.554701761723 -7736.347247549912 -5816.061605223731 9337.2499404593 2319.394041748422
 1894.637073785748 -7735.998255871849 -5816.444036116019 9337.002866765679 2319.592142353524
 1894.644548031605 -7735.961427578202 -5816.468632433778 9336.985664880287 2319.589788425563
 1894.554701761723 -7736.347247549912 -5816.061605223731 9337.2499404593 2319.394041748422
 1894.547384573162 -7735.897652139086 -5816.454634161983 9336.988216417771 2319.609892752493
 3399.524773519215 -6560.58065632453 -6212.878951604633 7876.340911105707 1496.379600425973
 1894.630859866443 -7735.975065800178 -5816.451989482012 9336.975542140826 2319.610936864593
 1894.537705300551 -7735.889080674979 -5816.440643004554 9336.984900538715 2319.597011062959
 1894.644548031605 -7735.961427578202 -5816.468632433778 9336.985664880287 2319.589788425563
 1894.640892191446 -7735.961248261704 -5816.448721181952 9336.976605174557 2319.580123493712
 1894.644548031605 -7735.961427578202 -5816.468632433778 9336.985664880287 2319.589788425563
 3399.532428768446 -6560.600737390647 -6212.820110083324 7876.383362495529 1496.45599293062
 1894.684049400278 -7736.060174458781 -5816.591091929859 9337.142313360335 2319.615057511728
 1894.666110119284 -7736.044873893816 -5816.586159437575 9337.122731371841 2319.63443955152
 1894.60819067306 -7735.98040876825 -5816.472038986851 9336.970816129226 2319.60813202804
 1894.6410806095 -7735.969081995862 -5816.468342314573 9337.001438519719 2319.582151418316
 1894.644548031605 -7735.961427578202 -5816.468632433778 9336.985664880287 2319.589788425563
 1894.554701761723 -7736.347247549912 -5816.061605223731 9337.2499404593 2319.394041748422
 1894.630125985406 -7735.96711987419 -5816.435078099624 9336.979145705825 2319.58834363995
 1894.63078678875 -7735.96570788648 -5816.43511540208 9336.979793136456 2319.586368688131
 1894.644548031605 -7735.961427578202 -5816.468632433778 9336.985664880287 2319.589788425563
 1894.701711037437 -7735.921551375397 -5816.445666404218 9336.906157863443 2319.549062283647
 1894.644548031605 -7735.961427578202 -5816.468632433778 9336.985664880287 2319.589788425563
 1894.701711037437 -7735.921551375397 -5816.445666404218 9336.906157863443 2319.549062283647
 1894.63016132401 -7735.96675190477 -5816.421122490788 9336.985178336035 2319.581843166265
 1894.701711037437 -7735.921551375397 -5816.445666404218 9336.906157863443 2319.549062283647
 1894.537705300551 -7735.889080674979 -5816.440643004554 9336.984900538715 2319.597011062959
 3399.523951227506 -6560.580519976428 -6212.878574295852 7876.340965895132 1496.379099030236
 1894.701711037437 -7735.921551375397 -5816.445666404218 9336.906157863443 2319.549062283647
 1894.537705300551 -7735.889080674979 -5816.440643004554 9336.984900538715 2319.597011062959
 1894.666110119284 -7736.044873893816 -5816.586159437575 9337.122731371841 2319.63443955152
 1894.701711037437 -7735.921551375397 -5816.445666404218 9336.906157863443 2319.549062283647
 1894.701711037437 -7735.921551375397 -5816.445666404218 9336.906157863443 2319.549062283647
 1894.623337165466 -7735.966186182558 -5816.437533758249 9336.973596632915 2319.584611856396
 1894.641582167634 -7735.951956718613 -5816.44265790516 9336.960095356164 2319.581812010071
 1894.666110119284 -7736.044873893816 -5816.586159437575 9337.122731371841 2319.63443955152
 1894.648763218932 -7735.946742674277 -5816.44576490932 9336.978212181541 2319.558770617133
 1894.666110119284 -7736.044873893816 -5816.586159437575 9337.122731371841 2319.63443955152
 1894.638472383184 -7735.988207863681 -5816.449910551531 9337.0044771014 2319.590276194817
 1894.631187437191 -7735.966629364502 -5816.434764873157 9336.978836860335 2319.58628412476
 1895.325093466417 -7735.950401453449 -5816.471261894289 9337.194456624993 2319.798199624058
 1894.701711037437 -7735.921551375397 -5816.445666404218 9336.906157863443 2319.549062283647
 1894.547384573162 -7735.897652139086 -5816.454634161983 9336.988216417771 2319.609892752493
 1894.629995474932 -7735.968933745354 -5816.447980816502 9336.971625145201 2319.580866785996
 1894.666110119284 -7736.044873893816 -5816.586159437575 9337.122731371841 2319.63443955152
 1894.644548031605 -7735.961427578202 -5816.468632433778 9336.985664880287 2319.589788425563
 1894.630859866443 -7735.975065800178 -5816.451989482012 9336.975542140826 2319.610936864593
 1894.640892191446 -7735.961248261704 -5816.448721181952 9336.976605174557 2319.580123493712
 1894.697398348406 -7735.927322671275 -5816.429426369902 9336.91187875045 2319.540260046622
 1894.701711037437 -7735.921551375397 -5816.445666404218 9336.906157863443 2319.549062283647
 1894.616832928983 -7735.949184341101 -5816.445460233163 9336.976683620926 2319.593710094598
 1894.635196206125 -7735.974261560528 -5816.430431457984 9336.985939015238 2319.602755577082
 1894.698269076196 -7735.963307927182 -5816.409666801406 9336.944963778002 2319.552466209203
 1894.641712673907 -7735.956320647563 -5816.408927002859 9336.950115458369 2319.57146877936
 1894.63078678875 -7735.96570788648 -5816.43511540208 9336.979793136456 2319.586368688131
 1894.644548031605 -7735.961427578202 -5816.468632433778 9336.985664880287 2319.589788425563
 1894.63078678875 -7735.96570788648 -5816.43511540208 9336.979793136456 2319.586368688131
