# Created by Octave 4.2.1, Mon Oct 09 17:51:05 2017 BRT <root@mosqueiro>
# name: pop
# type: matrix
# rows: 1000
# columns: 5
 -6656.268131236139 6353.222260248825 3061.895208913224 6774.301502112063 -9499.130554024872
 -6656.268131236139 6353.222260248825 3061.895208913224 6774.301502112063 -9499.130554024872
 -6656.268131236139 6353.222260248825 3061.895208913224 6774.301502112063 -9499.130554024872
 -6656.268131236139 6353.222260248825 3061.895208913224 6774.301502112063 -9499.130554024872
 -6656.268131236139 6353.222260248825 3061.895208913224 6774.301502112063 -9499.130554024872
 -49407.84831957505 -22338.67386923678 5138.290289432761 30159.78986885625 -12217.12548913243
 -6656.268131236139 6353.222260248825 3061.895208913224 6774.301502112063 -9499.130554024872
 -6656.268131236139 6353.222260248825 3061.895208913224 6774.301502112063 -9499.130554024872
 -6656.268131236139 6353.222260248825 3061.895208913224 6774.301502112063 -9499.130554024872
 -17287.57663174141 -8936.842386228638 -8194.173133459662 4885.802611468455 16845.97844812934
 -6656.268131236139 6353.222260248825 3061.895208913224 6774.301502112063 -9499.130554024872
 -6656.268131236139 6353.222260248825 3061.895208913224 6774.301502112063 -9499.130554024872
 -6656.268131236139 6353.222260248825 3061.895208913224 6774.301502112063 -9499.130554024872
 2462.081317629854 30915.00503960189 -1469.662324275399 -21292.46998812662 15086.07179130759
 6364.127891700844 -240.8988692430539 -5508.290578057798 8766.757618954809 -9322.858562785259
 -6656.268131236139 6353.222260248825 3061.895208913224 6774.301502112063 -9499.130554024872
 -6656.268131236139 6353.222260248825 3061.895208913224 6774.301502112063 -9499.130554024872
 -28483.02803646339 -21383.1201357506 14183.68249438944 8853.705217478469 -9363.061608998245
 -6656.268131236139 6353.222260248825 3061.895208913224 6774.301502112063 -9499.130554024872
 -18811.88889711173 14301.14539880798 42951.87956574029 13238.4087088563 -11856.21450671639
 -10555.82600642622 -3738.164916635531 -1815.918767907205 8907.284556473884 -22587.90950780345
 -6656.268131236139 6353.222260248825 3061.895208913224 6774.301502112063 -9499.130554024872
 16536.02066299948 3059.082744915464 4958.876194771598 12465.99061051765 -16495.92005387404
 3281.935241992552 -5371.364932840433 176.56010220556 -39527.11407205027 -19166.14495117584
 -19171.09649430811 4186.178636634534 7445.075482483035 -103.2869055592146 8175.76187260904
 -6656.268131236139 6353.222260248825 3061.895208913224 6774.301502112063 -9499.130554024872
 -6656.268131236139 6353.222260248825 3061.895208913224 6774.301502112063 -9499.130554024872
 -6656.268131236139 6353.222260248825 3061.895208913224 6774.301502112063 -9499.130554024872
 -366.0891523514147 -5885.832586372819 506.3353579271625 -9096.996104800497 -15438.62627375267
 -6656.268131236139 6353.222260248825 3061.895208913224 6774.301502112063 -9499.130554024872
 -6656.268131236139 6353.222260248825 3061.895208913224 6774.301502112063 -9499.130554024872
 -6656.268131236139 6353.222260248825 3061.895208913224 6774.301502112063 -9499.130554024872
 -6656.268131236139 6353.222260248825 3061.895208913224 6774.301502112063 -9499.130554024872
 -6656.268131236139 6353.222260248825 3061.895208913224 6774.301502112063 -9499.130554024872
 18060.62299723591 17841.62829866446 -15439.881845307 -1523.77211405681 -28144.61677726285
 -6656.268131236139 6353.222260248825 3061.895208913224 6774.301502112063 -9499.130554024872
 -6656.268131236139 6353.222260248825 3061.895208913224 6774.301502112063 -9499.130554024872
 -19171.09649430811 4186.178636634534 7445.075482483035 -103.2869055592146 8175.76187260904
 -6656.268131236139 6353.222260248825 3061.895208913224 6774.301502112063 -9499.130554024872
 -6656.268131236139 6353.222260248825 3061.895208913224 6774.301502112063 -9499.130554024872
 -6656.268131236139 6353.222260248825 3061.895208913224 6774.301502112063 -9499.130554024872
 34609.73223691287 -960.0614453330945 30725.33155891537 10032.5010622084 13525.57861601817
 -3130.498042393194 -7719.503642954325 -1851.061756266822 4522.213934612664 8123.091467376813
 -6656.268131236139 6353.222260248825 3061.895208913224 6774.301502112063 -9499.130554024872
 -6656.268131236139 6353.222260248825 3061.895208913224 6774.301502112063 -9499.130554024872
 -6656.268131236139 6353.222260248825 3061.895208913224 6774.301502112063 -9499.130554024872
 -35326.43568997326 11892.79371088667 9364.08208919589 12567.53585697914 1282.491823259203
 -6656.268131236139 6353.222260248825 3061.895208913224 6774.301502112063 -9499.130554024872
 -6656.268131236139 6353.222260248825 3061.895208913224 6774.301502112063 -9499.130554024872
 6364.127891700844 -240.8988692430539 -5508.290578057798 8766.757618954809 -9322.858562785259
 6248.355997132909 5838.665734978758 -7042.250195374041 -2588.612168040566 8431.74833870546
 -6656.268131236139 6353.222260248825 3061.895208913224 6774.301502112063 -9499.130554024872
 -6656.268131236139 6353.222260248825 3061.895208913224 6774.301502112063 -9499.130554024872
 -35326.43568997326 11892.79371088667 9364.08208919589 12567.53585697914 1282.491823259203
 6364.127891700844 -240.8988692430539 -5508.290578057798 8766.757618954809 -9322.858562785259
 -6656.268131236139 6353.222260248825 3061.895208913224 6774.301502112063 -9499.130554024872
 16157.50296573079 -26240.12022244685 -29675.78347362779 21385.82763788349 22009.60582805493
 -9723.816384075311 -15495.52804439321 -7196.458609805033 12042.93155267421 1692.394730175578
 -6656.268131236139 6353.222260248825 3061.895208913224 6774.301502112063 -9499.130554024872
 -5529.500150601006 5831.507668466984 -16798.17326898694 5321.982222949881 -16295.23805823527
 -1723.247916857563 -7214.64701386518 -5075.494482659754 -1464.16131550844 -4264.503845797158
 -6656.268131236139 6353.222260248825 3061.895208913224 6774.301502112063 -9499.130554024872
 -6656.268131236139 6353.222260248825 3061.895208913224 6774.301502112063 -9499.130554024872
 -6656.268131236139 6353.222260248825 3061.895208913224 6774.301502112063 -9499.130554024872
 -6656.268131236139 6353.222260248825 3061.895208913224 6774.301502112063 -9499.130554024872
 -20858.6132258311 -2869.159155044244 7613.170348264925 5859.165583327037 -18147.28686549859
 -6656.268131236139 6353.222260248825 3061.895208913224 6774.301502112063 -9499.130554024872
 2462.081317629854 30915.00503960189 -1469.662324275399 -21292.46998812662 15086.07179130759
 -23397.7705328172 1064.758779820207 19714.89909602846 11157.93638134136 2283.942582241882
 -6656.268131236139 6353.222260248825 3061.895208913224 6774.301502112063 -9499.130554024872
 -6656.268131236139 6353.222260248825 3061.895208913224 6774.301502112063 -9499.130554024872
 -6656.268131236139 6353.222260248825 3061.895208913224 6774.301502112063 -9499.130554024872
 4561.9505204677 -27378.77354981333 19568.08240557333 11433.70620826295 -9296.323854732511
 -8915.91142420187 11455.53612464029 21300.30270867135 20422.12231426556 -17708.57479035937
 4540.548182348429 -24048.05244852826 267.0500548113182 4497.849185184396 -35592.49501605863
 -8983.083091088669 4603.662331313715 17712.62960128253 -14833.06134872483 -20064.05042823036
 -6656.268131236139 6353.222260248825 3061.895208913224 6774.301502112063 -9499.130554024872
 -6656.268131236139 6353.222260248825 3061.895208913224 6774.301502112063 -9499.130554024872
 -6656.268131236139 6353.222260248825 3061.895208913224 6774.301502112063 -9499.130554024872
 -6656.268131236139 6353.222260248825 3061.895208913224 6774.301502112063 -9499.130554024872
 -18507.88805232456 -15529.51514455931 -55398.31336496612 -6090.083987847282 -8833.890541294011
 -6656.268131236139 6353.222260248825 3061.895208913224 6774.301502112063 -9499.130554024872
 -6656.268131236139 6353.222260248825 3061.895208913224 6774.301502112063 -9499.130554024872
 21834.2404386148 4350.121301011925 -15695.5527358168 -272.8736383077758 9058.733042044467
