# Created by Octave 4.2.1, Mon Oct 09 17:46:21 2017 BRT <root@mosqueiro>
# name: pop
# type: matrix
# rows: 1000
# columns: 5
 1894.701559433615 -7735.921233139703 -5816.445618339862 9336.905975985448 2319.549134406272
 1894.701559433615 -7735.921233139703 -5816.445618339862 9336.905975985448 2319.549134406272
 1894.701559433615 -7735.921233139703 -5816.445618339862 9336.905975985448 2319.549134406272
 1894.701559433615 -7735.921233139703 -5816.445618339862 9336.905975985448 2319.549134406272
 1894.701559433615 -7735.921233139703 -5816.445618339862 9336.905975985448 2319.549134406272
 1894.637027884957 -7735.996457248609 -5816.445550733404 9337.002666154485 2319.59209548783
 1894.637205966481 -7735.997041009339 -5816.445068929302 9337.002777603209 2319.591936130038
 1894.554696518181 -7736.34725221286 -5816.061583315615 9337.249963065826 2319.39398645956
 1894.637205966481 -7735.997041009339 -5816.445068929302 9337.002777603209 2319.591936130038
 1894.644064158419 -7735.962189857588 -5816.467650774064 9336.985465688189 2319.589688958171
 1894.554701761723 -7736.347247549912 -5816.061605223731 9337.2499404593 2319.394041748422
 1894.554680488103 -7736.347295125612 -5816.061556746889 9337.249923733038 2319.393985688539
 1894.637205966481 -7735.997041009339 -5816.445068929302 9337.002777603209 2319.591936130038
 1894.637189559104 -7735.996182998269 -5816.445800590485 9337.00262175217 2319.591984772953
 1894.701559433615 -7735.921233139703 -5816.445618339862 9336.905975985448 2319.549134406272
 1894.637057058591 -7735.996478305585 -5816.44552248503 9337.002665019309 2319.592096003833
 1894.637057058591 -7735.996478305585 -5816.44552248503 9337.002665019309 2319.592096003833
 1894.637095688063 -7735.998354604624 -5816.444142761983 9337.00317958141 2319.592035070899
 1894.537767386009 -7735.888896853215 -5816.440546026981 9336.984715950755 2319.596837865618
 1894.663573436487 -7736.0435048083 -5816.58693585055 9337.125512823846 2319.631108287364
 1894.537705300551 -7735.889080674979 -5816.440643004554 9336.984900538715 2319.597011062959
 1894.554656388676 -7736.347243913965 -5816.06154731698 9337.249941859776 2319.394017288911
 1894.636529892691 -7735.996307585145 -5816.445759048012 9337.002468382067 2319.592883188961
 1894.701711037437 -7735.921551375397 -5816.445666404218 9336.906157863443 2319.549062283647
 1894.637032547237 -7735.996507353725 -5816.445563083196 9337.00259426983 2319.592120419627
 1894.637073785748 -7735.998255871849 -5816.444036116019 9337.002866765679 2319.592142353524
 1894.637205966481 -7735.997041009339 -5816.445068929302 9337.002777603209 2319.591936130038
 1894.637205966481 -7735.997041009339 -5816.445068929302 9337.002777603209 2319.591936130038
 1894.644607204813 -7735.96142142165 -5816.468580383568 9336.98567475587 2319.589783412102
 1894.637095688063 -7735.998354604624 -5816.444142761983 9337.00317958141 2319.592035070899
 1894.637197813579 -7735.996195875987 -5816.445808694685 9337.002617264841 2319.592009864986
 1894.701559433615 -7735.921233139703 -5816.445618339862 9336.905975985448 2319.549134406272
 1894.55470089282 -7736.347283058959 -5816.061524736294 9337.249916589955 2319.394006147054
 1894.640076916281 -7735.961663183443 -5816.441088525124 9336.95775749584 2319.594761017204
 1894.637034282938 -7735.996447277325 -5816.445551244517 9337.002688655632 2319.592091243821
 1894.637073785748 -7735.998255871849 -5816.444036116019 9337.002866765679 2319.592142353524
 1894.637095688063 -7735.998354604624 -5816.444142761983 9337.00317958141 2319.592035070899
 1894.636529892691 -7735.996307585145 -5816.445759048012 9337.002468382067 2319.592883188961
 1894.554701761723 -7736.347247549912 -5816.061605223731 9337.2499404593 2319.394041748422
 1894.637027884957 -7735.996457248609 -5816.445550733404 9337.002666154485 2319.59209548783
 1894.642327013295 -7735.978848255641 -5816.443265756815 9337.003372730407 2319.567102685196
 1894.554657120563 -7736.347239070215 -5816.061547873779 9337.249915742554 2319.394051245985
 1894.637095688063 -7735.998354604624 -5816.444142761983 9337.00317958141 2319.592035070899
 1894.637095688063 -7735.998354604624 -5816.444142761983 9337.00317958141 2319.592035070899
 1894.702206423046 -7735.921015967851 -5816.446166263114 9336.906183520821 2319.548908303693
 1894.640076916281 -7735.961663183443 -5816.441088525124 9336.95775749584 2319.594761017204
 1894.701559433615 -7735.921233139703 -5816.445618339862 9336.905975985448 2319.549134406272
 1894.701559433615 -7735.921233139703 -5816.445618339862 9336.905975985448 2319.549134406272
 1894.554701761723 -7736.347247549912 -5816.061605223731 9337.2499404593 2319.394041748422
 1894.554701761723 -7736.347247549912 -5816.061605223731 9337.2499404593 2319.394041748422
 1894.637205966481 -7735.997041009339 -5816.445068929302 9337.002777603209 2319.591936130038
 1894.637253403416 -7735.997061702485 -5816.445057272494 9337.002774908238 2319.591926158854
 1894.637095688063 -7735.998354604624 -5816.444142761983 9337.00317958141 2319.592035070899
 1894.701559433615 -7735.921233139703 -5816.445618339862 9336.905975985448 2319.549134406272
 1894.701561405149 -7735.921882280278 -5816.445654885485 9336.90570412713 2319.549071470877
 1894.701559433615 -7735.921233139703 -5816.445618339862 9336.905975985448 2319.549134406272
 1894.701559433615 -7735.921233139703 -5816.445618339862 9336.905975985448 2319.549134406272
 1894.701559433615 -7735.921233139703 -5816.445618339862 9336.905975985448 2319.549134406272
 1894.701559433615 -7735.921233139703 -5816.445618339862 9336.905975985448 2319.549134406272
 1894.637205966481 -7735.997041009339 -5816.445068929302 9337.002777603209 2319.591936130038
 1894.644548031605 -7735.961427578202 -5816.468632433778 9336.985664880287 2319.589788425563
 1894.630859866443 -7735.975065800178 -5816.451989482012 9336.975542140826 2319.610936864593
 1894.644548031605 -7735.961427578202 -5816.468632433778 9336.985664880287 2319.589788425563
 1894.63741220487 -7735.996683841778 -5816.444983585704 9337.002609428406 2319.591477924198
 1894.663573436487 -7736.0435048083 -5816.58693585055 9337.125512823846 2319.631108287364
 1894.636529892691 -7735.996307585145 -5816.445759048012 9337.002468382067 2319.592883188961
 1894.701559433615 -7735.921233139703 -5816.445618339862 9336.905975985448 2319.549134406272
 1894.637406045381 -7735.998092780066 -5816.443980866179 9337.00309920889 2319.592124150097
 1894.554701761723 -7736.347247549912 -5816.061605223731 9337.2499404593 2319.394041748422
 1894.554701761723 -7736.347247549912 -5816.061605223731 9337.2499404593 2319.394041748422
 1894.636529892691 -7735.996307585145 -5816.445759048012 9337.002468382067 2319.592883188961
 1894.554701761723 -7736.347247549912 -5816.061605223731 9337.2499404593 2319.394041748422
 1894.554696518181 -7736.34725221286 -5816.061583315615 9337.249963065826 2319.39398645956
 1894.637029478439 -7735.996483719515 -5816.445470766657 9337.002646933486 2319.592079673415
 1894.701559433615 -7735.921233139703 -5816.445618339862 9336.905975985448 2319.549134406272
 1894.637008401369 -7735.996443084359 -5816.44554606846 9337.002664726755 2319.592090481305
 1894.637205966481 -7735.997041009339 -5816.445068929302 9337.002777603209 2319.591936130038
 1894.642917919376 -7735.96452450067 -5816.469488747486 9336.986233754778 2319.593327170022
 1894.637095688063 -7735.998354604624 -5816.444142761983 9337.00317958141 2319.592035070899
 1894.637208551262 -7735.997039142345 -5816.44505542674 9337.002780501811 2319.59191771462
 1894.636529892691 -7735.996307585145 -5816.445759048012 9337.002468382067 2319.592883188961
 1894.637095688063 -7735.998354604624 -5816.444142761983 9337.00317958141 2319.592035070899
 1894.636529892691 -7735.996307585145 -5816.445759048012 9337.002468382067 2319.592883188961
 1894.701559433615 -7735.921233139703 -5816.445618339862 9336.905975985448 2319.549134406272
 1894.637205966481 -7735.997041009339 -5816.445068929302 9337.002777603209 2319.591936130038
