# Created by Octave 4.2.1, Mon Oct 09 18:41:39 2017 BRT <root@mosqueiro>
# name: pop
# type: matrix
# rows: 1000
# columns: 5
 9038.161742797551 -7898.573771228968 1150.865555485592 -5448.37831385851 3174.518999990009
 9038.161742797551 -7898.573771228968 1150.865555485592 -5448.37831385851 3174.518999990009
 9038.161742797551 -7898.573771228968 1150.865555485592 -5448.37831385851 3174.518999990009
 9038.161742797551 -7898.573771228968 1150.865555485592 -5448.37831385851 3174.518999990009
 9038.161742797551 -7898.573771228968 1150.865555485592 -5448.37831385851 3174.518999990009
 9038.161742797551 -7898.573771228968 1150.865555485592 -5448.37831385851 3174.518999990009
 42668.16094423637 -19583.56415160263 9531.035312040685 -4146.930350089791 30749.90670767058
 9038.161742797551 -7898.573771228968 1150.865555485592 -5448.37831385851 3174.518999990009
 9038.161742797551 -7898.573771228968 1150.865555485592 -5448.37831385851 3174.518999990009
 9038.161742797551 -7898.573771228968 1150.865555485592 -5448.37831385851 3174.518999990009
 9557.534848103027 -11211.30019418718 15716.01153635973 -1742.754568296836 13659.15061214206
 9038.161742797551 -7898.573771228968 1150.865555485592 -5448.37831385851 3174.518999990009
 21835.13967124416 3973.663037722798 5605.248453675508 4251.089843362672 -6856.159988552563
 9038.161742797551 -7898.573771228968 1150.865555485592 -5448.37831385851 3174.518999990009
 23226.2126798335 -7237.136304673997 -21909.70909524974 15860.48162365591 31447.43867076944
 9038.161742797551 -7898.573771228968 1150.865555485592 -5448.37831385851 3174.518999990009
 9038.161742797551 -7898.573771228968 1150.865555485592 -5448.37831385851 3174.518999990009
 3096.241191416855 1351.858797264727 -1491.088652320917 -3720.554212371319 7270.109933738233
 11218.91536512563 1283.446224794962 -7568.108915033665 -11882.37070908629 8223.185711523209
 14358.78015766664 -2530.854634106932 -8498.714825485882 -12901.58757569239 2856.529419964138
 9038.161742797551 -7898.573771228968 1150.865555485592 -5448.37831385851 3174.518999990009
 -2108.087152539143 -5004.978585555986 -6356.881932158029 -2111.773412000302 -462.7847548705527
 2073.790241463708 -9055.956567002559 2491.661046380489 -12688.26095024263 8433.344863648297
 -9670.176484145391 23911.55267397827 38007.0323472723 -46191.00257030356 -1943.84800351439
 9038.161742797551 -7898.573771228968 1150.865555485592 -5448.37831385851 3174.518999990009
 9038.161742797551 -7898.573771228968 1150.865555485592 -5448.37831385851 3174.518999990009
 -3408.618266055728 -22640.23402016116 -11509.1497574317 -14556.40854964024 13139.47934377821
 2830.169266249976 -19669.015830673 -28034.76053145992 -27339.40497323675 -2451.909771499526
 9038.161742797551 -7898.573771228968 1150.865555485592 -5448.37831385851 3174.518999990009
 21835.13967124416 3973.663037722798 5605.248453675508 4251.089843362672 -6856.159988552563
 18880.14588810468 -8369.41829054858 9720.128592791641 -13414.62933967091 8782.08248572726
 9557.534848103027 -11211.30019418718 15716.01153635973 -1742.754568296836 13659.15061214206
 -89.08948591276203 -476.5832581491404 -1911.170010571192 -15778.51281228578 17896.62351310068
 23219.09540682319 9012.660552851845 -12906.45800892645 -19633.22325871744 1867.929165914293
 9038.161742797551 -7898.573771228968 1150.865555485592 -5448.37831385851 3174.518999990009
 9038.161742797551 -7898.573771228968 1150.865555485592 -5448.37831385851 3174.518999990009
 9038.161742797551 -7898.573771228968 1150.865555485592 -5448.37831385851 3174.518999990009
 10841.64606741239 -1291.268340161116 6294.109090758882 -3750.790208572784 1610.167542497893
 10764.81270055773 -15630.9844435554 7818.810444130996 3493.468952033114 -5449.729839773589
 6229.024221164718 -4672.07440103358 2610.102427991555 11675.07825611147 1218.366565572634
 9038.161742797551 -7898.573771228968 1150.865555485592 -5448.37831385851 3174.518999990009
 9038.161742797551 -7898.573771228968 1150.865555485592 -5448.37831385851 3174.518999990009
 9038.161742797551 -7898.573771228968 1150.865555485592 -5448.37831385851 3174.518999990009
 9038.161742797551 -7898.573771228968 1150.865555485592 -5448.37831385851 3174.518999990009
 -4693.471887515063 897.4835150262952 741.5329673238132 -10592.73667381697 -3825.239106310225
 9038.161742797551 -7898.573771228968 1150.865555485592 -5448.37831385851 3174.518999990009
 9038.161742797551 -7898.573771228968 1150.865555485592 -5448.37831385851 3174.518999990009
 9038.161742797551 -7898.573771228968 1150.865555485592 -5448.37831385851 3174.518999990009
 9038.161742797551 -7898.573771228968 1150.865555485592 -5448.37831385851 3174.518999990009
 15868.59423215847 -19526.38654318486 -378.2753699195327 449.2763590027212 -9398.164829690844
 9038.161742797551 -7898.573771228968 1150.865555485592 -5448.37831385851 3174.518999990009
 9038.161742797551 -7898.573771228968 1150.865555485592 -5448.37831385851 3174.518999990009
 9038.161742797551 -7898.573771228968 1150.865555485592 -5448.37831385851 3174.518999990009
 9038.161742797551 -7898.573771228968 1150.865555485592 -5448.37831385851 3174.518999990009
 9038.161742797551 -7898.573771228968 1150.865555485592 -5448.37831385851 3174.518999990009
 9038.161742797551 -7898.573771228968 1150.865555485592 -5448.37831385851 3174.518999990009
 15436.50333039519 -1640.130215136828 3383.983443525098 -4441.618348339042 3158.645618417837
 -25035.60340568898 -15533.68270109039 1775.042480298074 -4097.883332556714 16921.45146582331
 9038.161742797551 -7898.573771228968 1150.865555485592 -5448.37831385851 3174.518999990009
 9038.161742797551 -7898.573771228968 1150.865555485592 -5448.37831385851 3174.518999990009
 9038.161742797551 -7898.573771228968 1150.865555485592 -5448.37831385851 3174.518999990009
 9038.161742797551 -7898.573771228968 1150.865555485592 -5448.37831385851 3174.518999990009
 9038.161742797551 -7898.573771228968 1150.865555485592 -5448.37831385851 3174.518999990009
 9038.161742797551 -7898.573771228968 1150.865555485592 -5448.37831385851 3174.518999990009
 9038.161742797551 -7898.573771228968 1150.865555485592 -5448.37831385851 3174.518999990009
 9038.161742797551 -7898.573771228968 1150.865555485592 -5448.37831385851 3174.518999990009
 9038.161742797551 -7898.573771228968 1150.865555485592 -5448.37831385851 3174.518999990009
 9038.161742797551 -7898.573771228968 1150.865555485592 -5448.37831385851 3174.518999990009
 9038.161742797551 -7898.573771228968 1150.865555485592 -5448.37831385851 3174.518999990009
 9038.161742797551 -7898.573771228968 1150.865555485592 -5448.37831385851 3174.518999990009
 24341.44204891099 8431.676638633629 -14817.73572565411 -20069.77874082436 3540.569132085368
 15789.15152435861 1889.117233547193 2062.725708056088 -961.6246325099501 -10233.15752605634
 -954.6974305082458 -15158.60055162037 -2636.249048723674 -13767.56008443673 1329.087854147264
 9038.161742797551 -7898.573771228968 1150.865555485592 -5448.37831385851 3174.518999990009
 9038.161742797551 -7898.573771228968 1150.865555485592 -5448.37831385851 3174.518999990009
 9038.161742797551 -7898.573771228968 1150.865555485592 -5448.37831385851 3174.518999990009
 9038.161742797551 -7898.573771228968 1150.865555485592 -5448.37831385851 3174.518999990009
 11556.98066553465 3396.41330616839 6447.252054701801 -292.9102972144585 58009.82189905685
 9038.161742797551 -7898.573771228968 1150.865555485592 -5448.37831385851 3174.518999990009
 9038.161742797551 -7898.573771228968 1150.865555485592 -5448.37831385851 3174.518999990009
 18880.14588810468 -8369.41829054858 9720.128592791641 -13414.62933967091 8782.08248572726
 9038.161742797551 -7898.573771228968 1150.865555485592 -5448.37831385851 3174.518999990009
 9038.161742797551 -7898.573771228968 1150.865555485592 -5448.37831385851 3174.518999990009
 9038.161742797551 -7898.573771228968 1150.865555485592 -5448.37831385851 3174.518999990009
 9038.161742797551 -7898.573771228968 1150.865555485592 -5448.37831385851 3174.518999990009
