# Created by Octave 4.2.1, Mon Oct 09 18:29:26 2017 BRT <root@mosqueiro>
# name: pop
# type: matrix
# rows: 1000
# columns: 5
 -7067.301801225295 7332.378776536591 -9919.050967937896 7565.752177436239 2087.43317734072
 -8153.609669504795 7449.584112469199 -9351.063575631668 7531.289751374761 2523.46445366543
 -6257.414862435409 7184.484324005079 -8136.320608093626 8335.609800658969 -1124.377144824623
 -6410.773547524677 7347.892770713389 -8215.363111912822 8254.696498877012 -974.0178711158256
 -8187.763456337296 7555.934655380137 -9516.119031617371 7447.703430704593 2702.769648629498
 -8150.761661914906 7721.47917009378 -9745.066014957858 7858.725624636474 2077.595606079212
 -8117.933900526444 7575.154965872288 -9475.838660208528 7423.323150585243 2694.224357858218
 -6365.145687503609 7165.465149642485 -8021.995891661219 8145.118989958963 -1176.741823118226
 -6092.65373619125 7356.400268314161 -8452.293054997283 8660.928330900149 -1733.451267785281
 -7057.38087083417 7312.190284181938 -9998.440212084271 7582.17939886567 2172.827494955338
 -8187.763456337296 7555.934655380137 -9516.119031617371 7447.703430704593 2702.769648629498
 -8187.763456337296 7555.934655380137 -9516.119031617371 7447.703430704593 2702.769648629498
 -8187.763456337296 7555.934655380137 -9516.119031617371 7447.703430704593 2702.769648629498
 -6166.509967116393 7123.382352424798 -8180.564152328401 8335.04417919104 -1095.735555210027
 -8187.763456337296 7555.934655380137 -9516.119031617371 7447.703430704593 2702.769648629498
 -8187.763456337296 7555.934655380137 -9516.119031617371 7447.703430704593 2702.769648629498
 -8187.763456337296 7555.934655380137 -9516.119031617371 7447.703430704593 2702.769648629498
 -7057.38087083417 7312.190284181938 -9998.440212084271 7582.17939886567 2172.827494955338
 -6166.509967116393 7123.382352424798 -8180.564152328401 8335.04417919104 -1095.735555210027
 -8187.763456337296 7555.934655380137 -9516.119031617371 7447.703430704593 2702.769648629498
 -6166.509967116393 7123.382352424798 -8180.564152328401 8335.04417919104 -1095.735555210027
 -8187.763456337296 7555.934655380137 -9516.119031617371 7447.703430704593 2702.769648629498
 -6166.509967116393 7123.382352424798 -8180.564152328401 8335.04417919104 -1095.735555210027
 -7057.38087083417 7312.190284181938 -9998.440212084271 7582.17939886567 2172.827494955338
 -6166.509967116393 7123.382352424798 -8180.564152328401 8335.04417919104 -1095.735555210027
 -6166.509967116393 7123.382352424798 -8180.564152328401 8335.04417919104 -1095.735555210027
 -6166.509967116393 7123.382352424798 -8180.564152328401 8335.04417919104 -1095.735555210027
 -6939.826530651801 7490.652332942834 -10184.44848486511 7532.816990744773 2048.447775140076
 -6232.319533425692 7315.114428550336 -8164.848844412079 8535.430150776096 -710.9600993023721
 -8050.497224522569 7754.819000622869 -9745.174986403241 7885.809393492465 2182.906102317827
 -6166.509967116393 7123.382352424798 -8180.564152328401 8335.04417919104 -1095.735555210027
 -8187.763456337296 7555.934655380137 -9516.119031617371 7447.703430704593 2702.769648629498
 -6071.72926998427 7377.868667450351 -8258.230628430132 8484.482764696017 -1521.588431386904
 -7057.38087083417 7312.190284181938 -9998.440212084271 7582.17939886567 2172.827494955338
 -8187.763456337296 7555.934655380137 -9516.119031617371 7447.703430704593 2702.769648629498
 -7057.38087083417 7312.190284181938 -9998.440212084271 7582.17939886567 2172.827494955338
 -5978.250921135827 7189.097237318481 -8131.003657456028 8458.161754356139 -1109.000620025583
 -8187.763456337296 7555.934655380137 -9516.119031617371 7447.703430704593 2702.769648629498
 -8187.763456337296 7555.934655380137 -9516.119031617371 7447.703430704593 2702.769648629498
 -8187.763456337296 7555.934655380137 -9516.119031617371 7447.703430704593 2702.769648629498
 -7067.301801225295 7332.378776536591 -9919.050967937896 7565.752177436239 2087.43317734072
 -6157.261099213511 7156.178387254135 -8056.495236856519 8396.039664576379 -1307.2571037783
 -6045.134033071048 7016.516611932469 -8266.942417576993 8490.166950622704 -1112.505787142676
 -6117.107009089013 7135.74807917127 -7919.951907453574 8538.095545114755 -1008.6841380839
 -8187.763456337296 7555.934655380137 -9516.119031617371 7447.703430704593 2702.769648629498
 -8187.763456337296 7555.934655380137 -9516.119031617371 7447.703430704593 2702.769648629498
 -8187.763456337296 7555.934655380137 -9516.119031617371 7447.703430704593 2702.769648629498
 -6166.509967116393 7123.382352424798 -8180.564152328401 8335.04417919104 -1095.735555210027
 -7048.293424362353 7241.684057760782 -9985.393199266609 7512.254097638181 2175.438703564261
 -8187.763456337296 7555.934655380137 -9516.119031617371 7447.703430704593 2702.769648629498
 -8187.763456337296 7555.934655380137 -9516.119031617371 7447.703430704593 2702.769648629498
 -6166.509967116393 7123.382352424798 -8180.564152328401 8335.04417919104 -1095.735555210027
 -8128.312754389661 7790.007193860872 -9806.645852838112 7642.868337963901 2687.305571167303
 -8566.770107953525 5093.893422321628 -8016.316589536156 12430.45964254153 8325.414927034333
 -6166.509967116393 7123.382352424798 -8180.564152328401 8335.04417919104 -1095.735555210027
 -6166.509967116393 7123.382352424798 -8180.564152328401 8335.04417919104 -1095.735555210027
 -6166.509967116393 7123.382352424798 -8180.564152328401 8335.04417919104 -1095.735555210027
 -6318.712973401848 7121.411980130641 -8191.11949096252 8325.893080675496 -1056.101527463749
 -5905.235366706029 7118.135379641135 -8501.461474494408 8457.327176540553 -1300.705270846222
 -7057.38087083417 7312.190284181938 -9998.440212084271 7582.17939886567 2172.827494955338
 -8187.763456337296 7555.934655380137 -9516.119031617371 7447.703430704593 2702.769648629498
 -8153.609669504795 7449.584112469199 -9351.063575631668 7531.289751374761 2523.46445366543
 -6164.041714075564 7224.720816070509 -8219.902172010919 8238.553824185326 -1230.839128092438
 -8187.763456337296 7555.934655380137 -9516.119031617371 7447.703430704593 2702.769648629498
 -8187.763456337296 7555.934655380137 -9516.119031617371 7447.703430704593 2702.769648629498
 -8187.763456337296 7555.934655380137 -9516.119031617371 7447.703430704593 2702.769648629498
 -8187.763456337296 7555.934655380137 -9516.119031617371 7447.703430704593 2702.769648629498
 -8153.609669504795 7449.584112469199 -9351.063575631668 7531.289751374761 2523.46445366543
 -5944.528854304205 7359.87976391134 -8170.258480609781 8617.869111677177 -1477.299921813659
 -8187.763456337296 7555.934655380137 -9516.119031617371 7447.703430704593 2702.769648629498
 -6166.509967116393 7123.382352424798 -8180.564152328401 8335.04417919104 -1095.735555210027
 -6071.72926998427 7377.868667450351 -8258.230628430132 8484.482764696017 -1521.588431386904
 -10376.84463920611 12632.43939778679 -11051.94932794964 6897.093716377467 -3379.36377697619
 -6144.104887252255 7215.487053543085 -8231.408801099584 8359.42074387373 -1245.215088768539
 -8187.763456337296 7555.934655380137 -9516.119031617371 7447.703430704593 2702.769648629498
 -8187.763456337296 7555.934655380137 -9516.119031617371 7447.703430704593 2702.769648629498
 -7067.301801225295 7332.378776536591 -9919.050967937896 7565.752177436239 2087.43317734072
 -7057.38087083417 7312.190284181938 -9998.440212084271 7582.17939886567 2172.827494955338
 -8064.142956569069 7856.542750311 -9768.178609749057 7972.008762894357 2104.244364835691
 -8187.763456337296 7555.934655380137 -9516.119031617371 7447.703430704593 2702.769648629498
 -6275.55184282233 6807.192751041558 -8679.914704622344 8582.165002357815 -1087.242478041184
 -8187.763456337296 7555.934655380137 -9516.119031617371 7447.703430704593 2702.769648629498
 -7057.38087083417 7312.190284181938 -9998.440212084271 7582.17939886567 2172.827494955338
 -7067.301801225295 7332.378776536591 -9919.050967937896 7565.752177436239 2087.43317734072
