# Created by Octave 4.2.1, Mon Oct 09 17:44:01 2017 BRT <root@mosqueiro>
# name: pop
# type: matrix
# rows: 1000
# columns: 5
 1894.644548031605 -7735.961427578202 -5816.468632433778 9336.985664880287 2319.589788425563
 1894.630859866443 -7735.975065800178 -5816.451989482012 9336.975542140826 2319.610936864593
 1894.642327013295 -7735.978848255641 -5816.443265756815 9337.003372730407 2319.567102685196
 1894.641582167634 -7735.951956718613 -5816.44265790516 9336.960095356164 2319.581812010071
 1894.640031947559 -7735.961678307362 -5816.440420531304 9336.957942279671 2319.595092635809
 1894.645049463604 -7735.96131043567 -5816.488157748028 9336.98806377781 2319.661332384478
 1894.63078678875 -7735.96570788648 -5816.43511540208 9336.979793136456 2319.586368688131
 1894.71656146996 -7736.512456986326 -5816.327510316672 9337.758608700762 2319.804204744321
 1894.63078678875 -7735.96570788648 -5816.43511540208 9336.979793136456 2319.586368688131
 1894.63078678875 -7735.96570788648 -5816.43511540208 9336.979793136456 2319.586368688131
 1894.63078678875 -7735.96570788648 -5816.43511540208 9336.979793136456 2319.586368688131
 1894.495337320691 -7736.096126312141 -5816.439095944682 9337.169655141528 2319.639722111099
 1894.793704398609 -7735.732836283541 -5816.256593662455 9337.012175334208 2319.837298067678
 1894.555764451814 -7736.342349177852 -5816.056682373383 9337.247028625519 2319.390109767008
 1894.62192622857 -7735.972974960789 -5816.44042015545 9336.938333914492 2319.56963229269
 1894.547384573162 -7735.897652139086 -5816.454634161983 9336.988216417771 2319.609892752493
 1894.630859866443 -7735.975065800178 -5816.451989482012 9336.975542140826 2319.610936864593
 3399.523951227506 -6560.580519976428 -6212.878574295852 7876.340965895132 1496.379099030236
 1894.6506727284 -7735.949317118439 -5816.427895635673 9337.015690898799 2319.584297865692
 1894.63078678875 -7735.96570788648 -5816.43511540208 9336.979793136456 2319.586368688131
 1894.605784609247 -7735.964920700586 -5816.445471144288 9337.001940939297 2319.570340906111
 1894.63078678875 -7735.96570788648 -5816.43511540208 9336.979793136456 2319.586368688131
 1894.555764451814 -7736.342349177852 -5816.056682373383 9337.247028625519 2319.390109767008
 1894.63078678875 -7735.96570788648 -5816.43511540208 9336.979793136456 2319.586368688131
 1894.63078678875 -7735.96570788648 -5816.43511540208 9336.979793136456 2319.586368688131
 1894.555764451814 -7736.342349177852 -5816.056682373383 9337.247028625519 2319.390109767008
 1894.621964258701 -7736.038986465527 -5816.467737797292 9337.065152730647 2319.613130147861
 1894.640031947559 -7735.961678307362 -5816.440420531304 9336.957942279671 2319.595092635809
 1894.63078678875 -7735.96570788648 -5816.43511540208 9336.979793136456 2319.586368688131
 1894.547384573162 -7735.897652139086 -5816.454634161983 9336.988216417771 2319.609892752493
 1894.63078678875 -7735.96570788648 -5816.43511540208 9336.979793136456 2319.586368688131
 1894.644548031605 -7735.961427578202 -5816.468632433778 9336.985664880287 2319.589788425563
 1894.63078678875 -7735.96570788648 -5816.43511540208 9336.979793136456 2319.586368688131
 1894.547384573162 -7735.897652139086 -5816.454634161983 9336.988216417771 2319.609892752493
 1882.523655639625 -7744.73188999543 -5803.336956106159 9346.43644542326 2322.555462962568
 1894.648179740376 -7735.96200627396 -5816.409886487746 9336.979509087985 2319.582237742948
 1894.697398348406 -7735.927322671275 -5816.429426369902 9336.91187875045 2319.540260046622
 1894.697398348406 -7735.927322671275 -5816.429426369902 9336.91187875045 2319.540260046622
 1894.697398348406 -7735.927322671275 -5816.429426369902 9336.91187875045 2319.540260046622
 3207.437620407274 -6324.853004378567 -6069.419083154433 7670.138203361385 1517.992968036129
 1894.63078678875 -7735.96570788648 -5816.43511540208 9336.979793136456 2319.586368688131
 1894.535665664531 -7736.344833677468 -5816.047702375127 9337.228934471057 2319.384102050289
 1894.555764451814 -7736.342349177852 -5816.056682373383 9337.247028625519 2319.390109767008
 1894.547384573162 -7735.897652139086 -5816.454634161983 9336.988216417771 2319.609892752493
 1894.63078678875 -7735.96570788648 -5816.43511540208 9336.979793136456 2319.586368688131
 1894.63078678875 -7735.96570788648 -5816.43511540208 9336.979793136456 2319.586368688131
 1894.63078678875 -7735.96570788648 -5816.43511540208 9336.979793136456 2319.586368688131
 1894.666110119284 -7736.044873893816 -5816.586159437575 9337.122731371841 2319.63443955152
 1894.63078678875 -7735.96570788648 -5816.43511540208 9336.979793136456 2319.586368688131
 1894.547384573162 -7735.897652139086 -5816.454634161983 9336.988216417771 2319.609892752493
 3399.520909818305 -6560.59953222792 -6212.86409598768 7876.356935168917 1496.504296468441
 1894.646502311518 -7735.933413980376 -5816.529519379665 9336.987865936484 2319.573463608472
 1894.63078678875 -7735.96570788648 -5816.43511540208 9336.979793136456 2319.586368688131
 1894.610345753588 -7735.959852177224 -5816.406565274053 9336.984139724687 2319.558311093723
 1894.641582167634 -7735.951956718613 -5816.44265790516 9336.960095356164 2319.581812010071
 1894.624895326766 -7735.978958050391 -5816.429038770832 9336.967067398384 2319.562693013193
 1894.63078678875 -7735.96570788648 -5816.43511540208 9336.979793136456 2319.586368688131
 1894.642745268633 -7735.898277865424 -5816.411892203685 9336.978762461975 2319.598106370997
 1894.63078678875 -7735.96570788648 -5816.43511540208 9336.979793136456 2319.586368688131
 3399.512022870258 -6560.575516463045 -6212.846793358783 7876.319892960231 1496.47857703071
 1894.555764451814 -7736.342349177852 -5816.056682373383 9337.247028625519 2319.390109767008
 1894.63078678875 -7735.96570788648 -5816.43511540208 9336.979793136456 2319.586368688131
 1894.95815589942 -7735.593268734208 -5816.451372345289 9337.113379706805 2319.413166247279
 1894.642327013295 -7735.978848255641 -5816.443265756815 9337.003372730407 2319.567102685196
 1894.555764451814 -7736.342349177852 -5816.056682373383 9337.247028625519 2319.390109767008
 1894.63078678875 -7735.96570788648 -5816.43511540208 9336.979793136456 2319.586368688131
 1894.697398348406 -7735.927322671275 -5816.429426369902 9336.91187875045 2319.540260046622
 1894.666110119284 -7736.044873893816 -5816.586159437575 9337.122731371841 2319.63443955152
 1894.547384573162 -7735.897652139086 -5816.454634161983 9336.988216417771 2319.609892752493
 1894.6712903765 -7735.990985086512 -5816.422464290832 9337.009440865942 2319.607603720771
 1894.63078678875 -7735.96570788648 -5816.43511540208 9336.979793136456 2319.586368688131
 1894.63078678875 -7735.96570788648 -5816.43511540208 9336.979793136456 2319.586368688131
 1894.697398348406 -7735.927322671275 -5816.429426369902 9336.91187875045 2319.540260046622
 1894.649502621841 -7735.941807252848 -5816.447991026742 9336.97577989916 2319.556319094114
 1894.63078678875 -7735.96570788648 -5816.43511540208 9336.979793136456 2319.586368688131
 1894.63078678875 -7735.96570788648 -5816.43511540208 9336.979793136456 2319.586368688131
 1894.649502621841 -7735.941807252848 -5816.447991026742 9336.97577989916 2319.556319094114
 1894.638472383184 -7735.988207863681 -5816.449910551531 9337.0044771014 2319.590276194817
 1895.323869932655 -7735.949404815129 -5816.46991061804 9337.191763122157 2319.797002903955
 1894.547384573162 -7735.897652139086 -5816.454634161983 9336.988216417771 2319.609892752493
 1894.697398348406 -7735.927322671275 -5816.429426369902 9336.91187875045 2319.540260046622
 1894.644548031605 -7735.961427578202 -5816.468632433778 9336.985664880287 2319.589788425563
 1894.63078678875 -7735.96570788648 -5816.43511540208 9336.979793136456 2319.586368688131
 1894.672832664453 -7735.908447404281 -5816.451031527369 9336.973527143351 2319.650591621355
 3458.935171108615 -6447.343923097275 -6328.18957976303 7895.008901508261 1479.529699622491
