# Created by Octave 4.2.1, Mon Oct 09 18:30:03 2017 BRT <root@mosqueiro>
# name: pop
# type: matrix
# rows: 1000
# columns: 5
 -7067.301801225295 7332.378776536591 -9919.050967937896 7565.752177436239 2087.43317734072
 -7067.301801225295 7332.378776536591 -9919.050967937896 7565.752177436239 2087.43317734072
 -7067.301801225295 7332.378776536591 -9919.050967937896 7565.752177436239 2087.43317734072
 -7067.301801225295 7332.378776536591 -9919.050967937896 7565.752177436239 2087.43317734072
 -7067.301801225295 7332.378776536591 -9919.050967937896 7565.752177436239 2087.43317734072
 -7067.301801225295 7332.378776536591 -9919.050967937896 7565.752177436239 2087.43317734072
 -8187.763456337296 7555.934655380137 -9516.119031617371 7447.703430704593 2702.769648629498
 -7057.38087083417 7312.190284181938 -9998.440212084271 7582.17939886567 2172.827494955338
 -7067.301801225295 7332.378776536591 -9919.050967937896 7565.752177436239 2087.43317734072
 -8050.497224522569 7754.819000622869 -9745.174986403241 7885.809393492465 2182.906102317827
 -6990.313822663176 7265.353444259897 -10005.29675977149 7514.598927203553 1977.795519357618
 -7067.301801225295 7332.378776536591 -9919.050967937896 7565.752177436239 2087.43317734072
 -6177.049436761976 7107.55116036791 -8184.706278429708 8319.487008411645 -1144.973915725641
 -6071.72926998427 7377.868667450351 -8258.230628430132 8484.482764696017 -1521.588431386904
 -7067.301801225295 7332.378776536591 -9919.050967937896 7565.752177436239 2087.43317734072
 -8153.609669504795 7449.584112469199 -9351.063575631668 7531.289751374761 2523.46445366543
 -8187.763456337296 7555.934655380137 -9516.119031617371 7447.703430704593 2702.769648629498
 -8153.609669504795 7449.584112469199 -9351.063575631668 7531.289751374761 2523.46445366543
 -7057.38087083417 7312.190284181938 -9998.440212084271 7582.17939886567 2172.827494955338
 -8187.763456337296 7555.934655380137 -9516.119031617371 7447.703430704593 2702.769648629498
 -7067.301801225295 7332.378776536591 -9919.050967937896 7565.752177436239 2087.43317734072
 -7067.301801225295 7332.378776536591 -9919.050967937896 7565.752177436239 2087.43317734072
 -7067.301801225295 7332.378776536591 -9919.050967937896 7565.752177436239 2087.43317734072
 -8187.763456337296 7555.934655380137 -9516.119031617371 7447.703430704593 2702.769648629498
 -8153.609669504795 7449.584112469199 -9351.063575631668 7531.289751374761 2523.46445366543
 -7057.38087083417 7312.190284181938 -9998.440212084271 7582.17939886567 2172.827494955338
 -6795.458653000116 7284.462579696532 -10143.12620066087 7560.308555344614 2102.623425415313
 -5978.250921135827 7189.097237318481 -8131.003657456028 8458.161754356139 -1109.000620025583
 -7067.301801225295 7332.378776536591 -9919.050967937896 7565.752177436239 2087.43317734072
 -7067.301801225295 7332.378776536591 -9919.050967937896 7565.752177436239 2087.43317734072
 -8153.609669504795 7449.584112469199 -9351.063575631668 7531.289751374761 2523.46445366543
 -6795.458653000116 7284.462579696532 -10143.12620066087 7560.308555344614 2102.623425415313
 -8187.763456337296 7555.934655380137 -9516.119031617371 7447.703430704593 2702.769648629498
 -6166.509967116393 7123.382352424798 -8180.564152328401 8335.04417919104 -1095.735555210027
 -8254.95313463974 7618.100636857067 -9594.57661222479 7426.335094177702 2592.563241811272
 -8153.609669504795 7449.584112469199 -9351.063575631668 7531.289751374761 2523.46445366543
 -6406.104830649781 7271.14938231271 -8216.331185226269 8232.780130628393 -926.8015998619259
 -8167.240465177468 7517.190629903915 -9540.698318748291 7462.036949200429 2654.514454040396
 -8187.763456337296 7555.934655380137 -9516.119031617371 7447.703430704593 2702.769648629498
 -8187.763456337296 7555.934655380137 -9516.119031617371 7447.703430704593 2702.769648629498
 -8187.763456337296 7555.934655380137 -9516.119031617371 7447.703430704593 2702.769648629498
 -8187.763456337296 7555.934655380137 -9516.119031617371 7447.703430704593 2702.769648629498
 -6230.241555963145 7326.852201765004 -8388.530442433021 8444.932902319537 -1199.993472259672
 -7001.553335815257 7299.612878248138 -10049.64984715353 7598.479496382457 2172.93882515319
 -7944.43568120018 8495.404666203667 -8321.590795071115 5663.502463417924 4357.449814055371
 -8153.609669504795 7449.584112469199 -9351.063575631668 7531.289751374761 2523.46445366543
 -8153.609669504795 7449.584112469199 -9351.063575631668 7531.289751374761 2523.46445366543
 -7057.38087083417 7312.190284181938 -9998.440212084271 7582.17939886567 2172.827494955338
 -8187.763456337296 7555.934655380137 -9516.119031617371 7447.703430704593 2702.769648629498
 -8153.609669504795 7449.584112469199 -9351.063575631668 7531.289751374761 2523.46445366543
 -7057.38087083417 7312.190284181938 -9998.440212084271 7582.17939886567 2172.827494955338
 -8187.763456337296 7555.934655380137 -9516.119031617371 7447.703430704593 2702.769648629498
 -7067.301801225295 7332.378776536591 -9919.050967937896 7565.752177436239 2087.43317734072
 -7105.415708259506 7283.951851971539 -9977.9327938924 7566.065954666073 2276.384091384848
 -6071.72926998427 7377.868667450351 -8258.230628430132 8484.482764696017 -1521.588431386904
 -8187.763456337296 7555.934655380137 -9516.119031617371 7447.703430704593 2702.769648629498
 -8187.763456337296 7555.934655380137 -9516.119031617371 7447.703430704593 2702.769648629498
 -6404.666836611022 7345.225936744643 -8212.435695592701 8289.717769968778 -962.4028465100506
 -8050.497224522569 7754.819000622869 -9745.174986403241 7885.809393492465 2182.906102317827
 -7067.301801225295 7332.378776536591 -9919.050967937896 7565.752177436239 2087.43317734072
 -6184.873254325001 7116.028528605904 -8121.852517757774 8343.441942489872 -1111.919947771039
 -6071.72926998427 7377.868667450351 -8258.230628430132 8484.482764696017 -1521.588431386904
 -7067.301801225295 7332.378776536591 -9919.050967937896 7565.752177436239 2087.43317734072
 -7067.301801225295 7332.378776536591 -9919.050967937896 7565.752177436239 2087.43317734072
 -8173.265828408433 7506.966206871339 -9519.503111205291 7478.38830012335 2697.897475426394
 -6257.414862435409 7184.484324005079 -8136.320608093626 8335.609800658969 -1124.377144824623
 -8187.763456337296 7555.934655380137 -9516.119031617371 7447.703430704593 2702.769648629498
 -6071.72926998427 7377.868667450351 -8258.230628430132 8484.482764696017 -1521.588431386904
 -8153.609669504795 7449.584112469199 -9351.063575631668 7531.289751374761 2523.46445366543
 -7067.301801225295 7332.378776536591 -9919.050967937896 7565.752177436239 2087.43317734072
 -7831.072880110163 7562.40388228322 -9570.203640225369 7943.541045787993 2704.217629684013
 -8153.609669504795 7449.584112469199 -9351.063575631668 7531.289751374761 2523.46445366543
 -5978.94696903112 7099.254110041358 -8419.220350551199 8360.120101730363 -1056.71990182542
 -6071.72926998427 7377.868667450351 -8258.230628430132 8484.482764696017 -1521.588431386904
 -8153.609669504795 7449.584112469199 -9351.063575631668 7531.289751374761 2523.46445366543
 -7057.38087083417 7312.190284181938 -9998.440212084271 7582.17939886567 2172.827494955338
 -7067.301801225295 7332.378776536591 -9919.050967937896 7565.752177436239 2087.43317734072
 -8153.609669504795 7449.584112469199 -9351.063575631668 7531.289751374761 2523.46445366543
 -8187.763456337296 7555.934655380137 -9516.119031617371 7447.703430704593 2702.769648629498
 -6166.509967116393 7123.382352424798 -8180.564152328401 8335.04417919104 -1095.735555210027
 -8187.763456337296 7555.934655380137 -9516.119031617371 7447.703430704593 2702.769648629498
 -8187.763456337296 7555.934655380137 -9516.119031617371 7447.703430704593 2702.769648629498
 -7016.719428544138 7275.342131733369 -10022.37562639572 7569.130061624407 2215.945756143768
 -6131.300945675723 7125.493389855366 -8131.667051116749 8323.281368923579 -1029.995052210294
 -8187.763456337296 7555.934655380137 -9516.119031617371 7447.703430704593 2702.769648629498
