# Created by Octave 4.2.1, Mon Oct 09 18:14:19 2017 BRT <root@mosqueiro>
# name: pop
# type: matrix
# rows: 1000
# columns: 5
 34429.49374121393 7649.048901235112 -26569.83504592867 1104.858753110109 -16614.50020961123
 34429.49374121393 7649.048901235112 -26569.83504592867 1104.858753110109 -16614.50020961123
 34429.49374121393 7649.048901235112 -26569.83504592867 1104.858753110109 -16614.50020961123
 34429.49374121393 7649.048901235112 -26569.83504592867 1104.858753110109 -16614.50020961123
 34429.49374121393 7649.048901235112 -26569.83504592867 1104.858753110109 -16614.50020961123
 34449.11947216377 7684.613125801574 -26592.95141702111 1094.052654891392 -16635.02016444187
 34437.46413953289 7651.62171098212 -26568.42522921663 1104.619293018527 -16624.31331122501
 34454.86308822096 7634.843796470234 -26567.25529189406 1121.685737273865 -16654.11351563584
 34802.71931685839 7970.032469631208 -27031.23017163886 686.6487558650936 -16427.68366579396
 34756.40330092981 7995.586430664207 -27046.68759611512 686.8750187560518 -16389.80441378051
 34437.00888693407 7650.885271213113 -26571.32371055783 1094.493813465095 -16616.4987221678
 34394.54361065094 7619.279060958454 -26547.62225339214 1055.793070286481 -16610.44598226481
 34803.94493981302 8273.522162963583 -27381.72838620854 711.6844402387236 -16774.97283539611
 34802.71931685839 7970.032469631208 -27031.23017163886 686.6487558650936 -16427.68366579396
 34437.46413953289 7651.62171098212 -26568.42522921663 1104.619293018527 -16624.31331122501
 34429.49374121393 7649.048901235112 -26569.83504592867 1104.858753110109 -16614.50020961123
 34449.11947216377 7684.613125801574 -26592.95141702111 1094.052654891392 -16635.02016444187
 34449.11947216377 7684.613125801574 -26592.95141702111 1094.052654891392 -16635.02016444187
 34449.11947216377 7684.613125801574 -26592.95141702111 1094.052654891392 -16635.02016444187
 34458.03549909464 7669.200068120684 -26598.59592589144 1096.708034703996 -16625.89138054674
 34437.46413953289 7651.62171098212 -26568.42522921663 1104.619293018527 -16624.31331122501
 34429.49374121393 7649.048901235112 -26569.83504592867 1104.858753110109 -16614.50020961123
 34449.11947216377 7684.613125801574 -26592.95141702111 1094.052654891392 -16635.02016444187
 34437.46413953289 7651.62171098212 -26568.42522921663 1104.619293018527 -16624.31331122501
 34436.6110500146 7654.834416656739 -26557.35983088893 1107.555658355316 -16631.06727715909
 34434.97913812746 7686.728912499349 -26500.30838174485 1040.226193546983 -16619.45493175233
 34437.46413953289 7651.62171098212 -26568.42522921663 1104.619293018527 -16624.31331122501
 34791.81771408909 7975.603558594654 -27028.24131156748 695.7586376615051 -16434.44506610318
 34449.11947216377 7684.613125801574 -26592.95141702111 1094.052654891392 -16635.02016444187
 34437.46413953289 7651.62171098212 -26568.42522921663 1104.619293018527 -16624.31331122501
 34437.46413953289 7651.62171098212 -26568.42522921663 1104.619293018527 -16624.31331122501
 34764.40539789541 7985.885801152084 -27047.11875112151 691.3961958627787 -16397.76016509361
 34437.46413953289 7651.62171098212 -26568.42522921663 1104.619293018527 -16624.31331122501
 34579.45743120338 8514.545300546681 -27314.106341271 1028.744746285049 -16825.54681243726
 34437.46413953289 7651.62171098212 -26568.42522921663 1104.619293018527 -16624.31331122501
 34443.32118797497 7678.915499433354 -26603.03628244509 1087.697119575504 -16633.91317222158
 34437.46413953289 7651.62171098212 -26568.42522921663 1104.619293018527 -16624.31331122501
 34802.71931685839 7970.032469631208 -27031.23017163886 686.6487558650936 -16427.68366579396
 34802.71931685839 7970.032469631208 -27031.23017163886 686.6487558650936 -16427.68366579396
 34449.11947216377 7684.613125801574 -26592.95141702111 1094.052654891392 -16635.02016444187
 34425.78770573901 7662.877995700999 -26584.96863039401 1124.402850365592 -16627.96535850135
 34429.49374121393 7649.048901235112 -26569.83504592867 1104.858753110109 -16614.50020961123
 34759.98386190975 7970.434386893838 -27066.81297062523 681.1267414398374 -16401.91094562821
 34429.49374121393 7649.048901235112 -26569.83504592867 1104.858753110109 -16614.50020961123
 34449.11947216377 7684.613125801574 -26592.95141702111 1094.052654891392 -16635.02016444187
 34802.71931685839 7970.032469631208 -27031.23017163886 686.6487558650936 -16427.68366579396
 34437.46413953289 7651.62171098212 -26568.42522921663 1104.619293018527 -16624.31331122501
 34802.71931685839 7970.032469631208 -27031.23017163886 686.6487558650936 -16427.68366579396
 34437.46413953289 7651.62171098212 -26568.42522921663 1104.619293018527 -16624.31331122501
 34424.19031470364 7653.1406612872 -26560.4472552162 1111.763658231203 -16629.02794900321
 34443.48288393527 7598.354527359634 -26654.32451725037 1070.652497041336 -16594.42008554002
 34412.09807089733 7645.687359471295 -26564.71807758369 1107.11051641392 -16629.14194617414
 34427.99291842 7641.574013892502 -26561.92156261162 1109.743879508242 -16616.53966599703
 34442.46978599246 7640.1430920436 -26562.51758302501 1102.335635360791 -16631.81904935728
 34429.49374121393 7649.048901235112 -26569.83504592867 1104.858753110109 -16614.50020961123
 34735.16670803912 8031.1961129796 -27046.7009685024 776.028251073887 -16425.18399034668
 34802.71931685839 7970.032469631208 -27031.23017163886 686.6487558650936 -16427.68366579396
 34802.71931685839 7970.032469631208 -27031.23017163886 686.6487558650936 -16427.68366579396
 34449.11947216377 7684.613125801574 -26592.95141702111 1094.052654891392 -16635.02016444187
 34586.35458560059 8516.452152792843 -27313.93000646131 1035.946016318162 -16824.14199857541
 34439.03637981804 7643.994112795803 -26566.83707663693 1116.21322823839 -16625.80039198953
 34437.46413953289 7651.62171098212 -26568.42522921663 1104.619293018527 -16624.31331122501
 34756.40330092981 7995.586430664207 -27046.68759611512 686.8750187560518 -16389.80441378051
 34802.71931685839 7970.032469631208 -27031.23017163886 686.6487558650936 -16427.68366579396
 34802.71931685839 7970.032469631208 -27031.23017163886 686.6487558650936 -16427.68366579396
 34586.35458560059 8516.452152792843 -27313.93000646131 1035.946016318162 -16824.14199857541
 34586.35458560059 8516.452152792843 -27313.93000646131 1035.946016318162 -16824.14199857541
 34429.49374121393 7649.048901235112 -26569.83504592867 1104.858753110109 -16614.50020961123
 34586.35458560059 8516.452152792843 -27313.93000646131 1035.946016318162 -16824.14199857541
 34449.11947216377 7684.613125801574 -26592.95141702111 1094.052654891392 -16635.02016444187
 34802.71931685839 7970.032469631208 -27031.23017163886 686.6487558650936 -16427.68366579396
 34802.71931685839 7970.032469631208 -27031.23017163886 686.6487558650936 -16427.68366579396
 34449.11947216377 7684.613125801574 -26592.95141702111 1094.052654891392 -16635.02016444187
 34802.71931685839 7970.032469631208 -27031.23017163886 686.6487558650936 -16427.68366579396
 34437.46413953289 7651.62171098212 -26568.42522921663 1104.619293018527 -16624.31331122501
 34482.84983105706 7665.559886434756 -26633.15625440683 1157.950764676492 -16672.74170529652
 34449.11947216377 7684.613125801574 -26592.95141702111 1094.052654891392 -16635.02016444187
 34701.9796617012 8146.087545070875 -27061.9416551588 666.2849177294497 -16630.44521613441
 34449.11947216377 7684.613125801574 -26592.95141702111 1094.052654891392 -16635.02016444187
 34429.49374121393 7649.048901235112 -26569.83504592867 1104.858753110109 -16614.50020961123
 34802.71931685839 7970.032469631208 -27031.23017163886 686.6487558650936 -16427.68366579396
 34802.71931685839 7970.032469631208 -27031.23017163886 686.6487558650936 -16427.68366579396
 34449.11947216377 7684.613125801574 -26592.95141702111 1094.052654891392 -16635.02016444187
 34425.78770573901 7662.877995700999 -26584.96863039401 1124.402850365592 -16627.96535850135
 34387.60082044428 7677.666552661476 -26590.36756663432 1073.531075641837 -16533.63009748131
