# Created by Octave 4.2.1, Mon Oct 09 18:53:20 2017 BRT <root@mosqueiro>
# name: pop
# type: matrix
# rows: 1000
# columns: 5
 9081.243440065078 -7533.838398790944 1009.045598589468 -5823.8660584045 3266.721014174419
 9081.243765413257 -7533.838776784357 1009.045427258263 -5823.865998293954 3266.721178145423
 9081.24344023853 -7533.8383986373 1009.045598571101 -5823.866058505928 3266.721014260866
 9081.243428354284 -7533.83838670273 1009.045593287078 -5823.866047950413 3266.721008493871
 9081.243765319592 -7533.838776742919 1009.045427273095 -5823.865998247244 3266.721178145514
 9081.243765327323 -7533.838776781087 1009.045427328079 -5823.865998343291 3266.721178152815
 9081.243440062493 -7533.838398657293 1009.045598550685 -5823.8660585354 3266.721014142292
 9081.243424250501 -7533.838384650537 1009.045590037392 -5823.866042583415 3266.721010853262
 9081.243440062493 -7533.838398657293 1009.045598550685 -5823.8660585354 3266.721014142292
 9081.243428892962 -7533.838384846216 1009.045592386053 -5823.866049449894 3266.721008970499
 9081.243428400017 -7533.838385655003 1009.045592466201 -5823.866048824842 3266.721007039763
 9081.243401480539 -7533.838354888437 1009.045594688101 -5823.86605424639 3266.721007897879
 9081.243429670667 -7533.838383830062 1009.045590968264 -5823.866046796369 3266.72100701494
 9081.243440053469 -7533.838398468667 1009.045598520086 -5823.866058482447 3266.721014231472
 9081.243428892962 -7533.838384846216 1009.045592386053 -5823.866049449894 3266.721008970499
 9081.243440062493 -7533.838398657293 1009.045598550685 -5823.8660585354 3266.721014142292
 9081.243721173958 -7533.838753790435 1009.045427727798 -5823.865975463968 3266.721176108672
 9081.243440439435 -7533.838398863161 1009.045598393104 -5823.866058941719 3266.721014537322
 9081.243637689218 -7533.83737053099 1009.04434513488 -5823.866127758537 3266.7218912418
 9081.243440062493 -7533.838398657293 1009.045598550685 -5823.8660585354 3266.721014142292
 9081.243440062493 -7533.838398657293 1009.045598550685 -5823.8660585354 3266.721014142292
 9081.243722001333 -7533.83875326064 1009.045427867059 -5823.865977939973 3266.721177135943
 9081.243765327323 -7533.838776781087 1009.045427328079 -5823.865998343291 3266.721178152815
 9081.243428354284 -7533.83838670273 1009.045593287078 -5823.866047950413 3266.721008493871
 9081.243765327323 -7533.838776781087 1009.045427328079 -5823.865998343291 3266.721178152815
 9081.243440149467 -7533.838398614947 1009.045598503162 -5823.866057920484 3266.721013488884
 9081.243440062493 -7533.838398657293 1009.045598550685 -5823.8660585354 3266.721014142292
 9081.243440062493 -7533.838398657293 1009.045598550685 -5823.8660585354 3266.721014142292
 9081.242385816604 -7533.837428905309 1009.049511984175 -5823.870452031326 3266.721579662821
 9081.098572517343 -7548.025742011394 1020.51542090064 -5826.998672826051 3272.716347959155
 9081.243440062493 -7533.838398657293 1009.045598550685 -5823.8660585354 3266.721014142292
 9081.243440062493 -7533.838398657293 1009.045598550685 -5823.8660585354 3266.721014142292
 9081.243428892962 -7533.838384846216 1009.045592386053 -5823.866049449894 3266.721008970499
 9081.243765327323 -7533.838776781087 1009.045427328079 -5823.865998343291 3266.721178152815
 9081.243440062493 -7533.838398657293 1009.045598550685 -5823.8660585354 3266.721014142292
 9081.243416144534 -7533.838399926812 1009.045617501637 -5823.86605406016 3266.721016774507
 9081.243765327323 -7533.838776781087 1009.045427328079 -5823.865998343291 3266.721178152815
 9081.243765155536 -7533.838776532919 1009.04542892087 -5823.865996981224 3266.721178664033
 9081.243440062493 -7533.838398657293 1009.045598550685 -5823.8660585354 3266.721014142292
 9081.243401084303 -7533.838354816483 1009.045594687904 -5823.866054493668 3266.721008516727
 9081.243765327323 -7533.838776781087 1009.045427328079 -5823.865998343291 3266.721178152815
 9081.243428892962 -7533.838384846216 1009.045592386053 -5823.866049449894 3266.721008970499
 9081.243767337884 -7533.838771205887 1009.045423418933 -5823.86600077927 3266.72117748597
 9081.243440062493 -7533.838398657293 1009.045598550685 -5823.8660585354 3266.721014142292
 9081.243415956831 -7533.838399863273 1009.045617592426 -5823.866054065113 3266.721016860185
 9081.243428256757 -7533.838386657801 1009.04559328282 -5823.866047713861 3266.721008494223
 9081.243764939318 -7533.838776263106 1009.045428323986 -5823.865997315747 3266.721178269719
 9081.243445756558 -7533.838365925337 1009.045564470502 -5823.866051871974 3266.721002836214
 9081.243447015979 -7533.83836612266 1009.045565251759 -5823.866054098496 3266.72100277116
 9081.243721173958 -7533.838753790435 1009.045427727798 -5823.865975463968 3266.721176108672
 9081.243440062493 -7533.838398657293 1009.045598550685 -5823.8660585354 3266.721014142292
 9081.243428256757 -7533.838386657801 1009.04559328282 -5823.866047713861 3266.721008494223
 9081.243430925339 -7533.838383692848 1009.045593916642 -5823.866051087253 3266.721006456401
 9081.243440062493 -7533.838398657293 1009.045598550685 -5823.8660585354 3266.721014142292
 9081.243440062493 -7533.838398657293 1009.045598550685 -5823.8660585354 3266.721014142292
 9081.243764980431 -7533.838776249127 1009.045428614678 -5823.865997319185 3266.721177870658
 9081.243428400017 -7533.838385655003 1009.045592466201 -5823.866048824842 3266.721007039763
 9081.243722001333 -7533.83875326064 1009.045427867059 -5823.865977939973 3266.721177135943
 9081.243440062493 -7533.838398657293 1009.045598550685 -5823.8660585354 3266.721014142292
 9081.243440062493 -7533.838398657293 1009.045598550685 -5823.8660585354 3266.721014142292
 9081.243758887762 -7533.838778769043 1009.045429906761 -5823.865982312932 3266.721170088809
 9081.24344458926 -7533.838364953293 1009.045567006836 -5823.866054364918 3266.721002596709
 9081.242408521524 -7533.837361803073 1009.049562056183 -5823.870439174169 3266.721574843967
 9081.243440062493 -7533.838398657293 1009.045598550685 -5823.8660585354 3266.721014142292
 9081.243445587485 -7533.838365808082 1009.045564590752 -5823.866051853767 3266.721003054003
 9081.243440281636 -7533.838398663387 1009.045598392722 -5823.866058696591 3266.721014473413
 9081.243765327323 -7533.838776781087 1009.045427328079 -5823.865998343291 3266.721178152815
 9081.243440731409 -7533.838398882436 1009.045598816713 -5823.866058731408 3266.721013805438
 9081.24344023853 -7533.8383986373 1009.045598571101 -5823.866058505928 3266.721014260866
 9081.243428892962 -7533.838384846216 1009.045592386053 -5823.866049449894 3266.721008970499
 9081.243402148912 -7533.838355271183 1009.045594745847 -5823.866054037647 3266.721007669642
 9081.243721790244 -7533.83875391906 1009.045427586615 -5823.865978068176 3266.721177644236
 9081.243664450712 -7533.838690563206 1009.045391559574 -5823.865981495839 3266.721191062493
 9081.243428400017 -7533.838385655003 1009.045592466201 -5823.866048824842 3266.721007039763
 9081.243416144534 -7533.838399926812 1009.045617501637 -5823.86605406016 3266.721016774507
 9081.243401480539 -7533.838354888437 1009.045594688101 -5823.86605424639 3266.721007897879
 9081.243765327323 -7533.838776781087 1009.045427328079 -5823.865998343291 3266.721178152815
 9081.243765327323 -7533.838776781087 1009.045427328079 -5823.865998343291 3266.721178152815
 9081.243428256757 -7533.838386657801 1009.04559328282 -5823.866047713861 3266.721008494223
 9081.243440255232 -7533.838398583486 1009.045598134334 -5823.866058523652 3266.721014328653
 9081.243428400017 -7533.838385655003 1009.045592466201 -5823.866048824842 3266.721007039763
 9081.24342840423 -7533.83838575602 1009.045592445257 -5823.866048789454 3266.72100708161
 9081.243440065078 -7533.838398790944 1009.045598589468 -5823.8660584045 3266.721014174419
 9081.243428256757 -7533.838386657801 1009.04559328282 -5823.866047713861 3266.721008494223
 9081.243765327323 -7533.838776781087 1009.045427328079 -5823.865998343291 3266.721178152815
