# Created by Octave 4.2.1, Mon Oct 09 18:50:40 2017 BRT <root@mosqueiro>
# name: pop
# type: matrix
# rows: 1000
# columns: 5
 9081.243428400017 -7533.838385655003 1009.045592466201 -5823.866048824842 3266.721007039763
 9080.993135278142 -7533.754400991744 1008.983966230686 -5823.690400773156 3266.773282950066
 9081.243664415686 -7533.838690696349 1009.045391595935 -5823.86598145166 3266.721191175862
 9081.240770206705 -7533.837047369129 1009.044604550467 -5823.86519143799 3266.722421233919
 9080.991670671308 -7533.752653035869 1008.985047357564 -5823.691822533462 3266.773293897521
 9081.242393361788 -7533.837378680795 1009.049512125731 -5823.870460274391 3266.721591451996
 9081.099797946581 -7548.026247321548 1020.514899222176 -5826.998959415396 3272.719031076131
 9082.100584992522 -7533.309508499571 1007.733044520812 -5823.026817777964 3265.832249882158
 9081.244328129842 -7533.838480393977 1009.045193778933 -5823.866982514046 3266.722033966443
 9082.10258538876 -7533.331668275463 1007.726731263289 -5823.018420877391 3265.825705045161
 9081.243637689218 -7533.83737053099 1009.04434513488 -5823.866127758537 3266.7218912418
 9081.244511657493 -7533.838465633829 1009.043714865867 -5823.866911697996 3266.720564467152
 9080.993197348207 -7533.747893645624 1008.982564676597 -5823.693541062542 3266.766888973289
 9081.242393361788 -7533.837378680795 1009.049512125731 -5823.870460274391 3266.721591451996
 9081.243637689218 -7533.83737053099 1009.04434513488 -5823.866127758537 3266.7218912418
 9082.390749826505 -7494.345115490374 981.097854007425 -5884.396083670688 3314.557570370737
 9075.524666972482 -7496.549270265364 982.3935015911068 -5880.305628526638 3318.239153676368
 9082.390749826505 -7494.345115490374 981.097854007425 -5884.396083670688 3314.557570370737
 9081.242393361788 -7533.837378680795 1009.049512125731 -5823.870460274391 3266.721591451996
 9081.243637689218 -7533.83737053099 1009.04434513488 -5823.866127758537 3266.7218912418
 9082.391067089382 -7494.344410703979 981.0983900868953 -5884.396066120496 3314.55689426257
 9081.098236128029 -7548.026380728488 1020.51563543636 -5826.999803111743 3272.717392099325
 9080.991545203173 -7533.753947175249 1008.984400092105 -5823.690635557399 3266.771916475308
 9082.390749826505 -7494.345115490374 981.097854007425 -5884.396083670688 3314.557570370737
 9080.991545203173 -7533.753947175249 1008.984400092105 -5823.690635557399 3266.771916475308
 9075.709893051453 -7496.630688880346 982.3814039789023 -5880.212269758089 3318.153782918806
 9082.350469366582 -7494.353405413507 981.1450526227173 -5884.375288045928 3314.568151268998
 10035.60400314336 -3535.469513875429 -1173.073064309499 -6354.668867760055 1026.912040770855
 9081.098236128029 -7548.026380728488 1020.51563543636 -5826.999803111743 3272.717392099325
 9081.243637689218 -7533.83737053099 1009.04434513488 -5823.866127758537 3266.7218912418
 9081.098236128029 -7548.026380728488 1020.51563543636 -5826.999803111743 3272.717392099325
 9081.241387591401 -7533.835540732657 1009.040991506879 -5823.863793378126 3266.72209409358
 9081.243637689218 -7533.83737053099 1009.04434513488 -5823.866127758537 3266.7218912418
 9081.242393361788 -7533.837378680795 1009.049512125731 -5823.870460274391 3266.721591451996
 10035.60394523054 -3535.471765784428 -1173.072652260446 -6354.670390706754 1026.912552928579
 9081.244330400943 -7533.839383322391 1009.051645771188 -5823.868144271156 3266.727647774386
 9081.243637689218 -7533.83737053099 1009.04434513488 -5823.866127758537 3266.7218912418
 9081.243637689218 -7533.83737053099 1009.04434513488 -5823.866127758537 3266.7218912418
 10035.60337812377 -3535.42858698762 -1173.098078239951 -6354.624633115383 1026.894207664815
 9081.242393361788 -7533.837378680795 1009.049512125731 -5823.870460274391 3266.721591451996
 9081.243637689218 -7533.83737053099 1009.04434513488 -5823.866127758537 3266.7218912418
 9082.390749826505 -7494.345115490374 981.097854007425 -5884.396083670688 3314.557570370737
 9081.098236128029 -7548.026380728488 1020.51563543636 -5826.999803111743 3272.717392099325
 9075.524793442135 -7496.547065172394 982.3962633022179 -5880.305557540834 3318.238291504811
 9081.243637689218 -7533.83737053099 1009.04434513488 -5823.866127758537 3266.7218912418
 9081.240770206705 -7533.837047369129 1009.044604550467 -5823.86519143799 3266.722421233919
 9075.523738421452 -7496.545509644538 982.3925817508341 -5880.303645710972 3318.238993063396
 9080.991545203173 -7533.753947175249 1008.984400092105 -5823.690635557399 3266.771916475308
 9081.242393361788 -7533.837378680795 1009.049512125731 -5823.870460274391 3266.721591451996
 9080.991545203173 -7533.753947175249 1008.984400092105 -5823.690635557399 3266.771916475308
 9080.985330782836 -7533.801540945366 1008.992715083841 -5823.675332259436 3266.727721832394
 9080.994027479775 -7533.753779001827 1008.982552147913 -5823.689833316183 3266.772302011272
 9082.39012459647 -7494.345564229178 981.097516407119 -5884.397174931393 3314.556197692752
 9081.242393361788 -7533.837378680795 1009.049512125731 -5823.870460274391 3266.721591451996
 9081.244668188125 -7533.835679020691 1009.0445128279 -5823.868878385928 3266.721232802809
 9081.098236128029 -7548.026380728488 1020.51563543636 -5826.999803111743 3272.717392099325
 9082.390749826505 -7494.345115490374 981.097854007425 -5884.396083670688 3314.557570370737
 9081.098236128029 -7548.026380728488 1020.51563543636 -5826.999803111743 3272.717392099325
 9081.242152970892 -7533.836258894128 1009.04323073159 -5823.866213273444 3266.722770239203
 9081.240770206705 -7533.837047369129 1009.044604550467 -5823.86519143799 3266.722421233919
 9080.993510751354 -7533.75291645619 1008.986818279989 -5823.693381027124 3266.771157320053
 9081.098236128029 -7548.026380728488 1020.51563543636 -5826.999803111743 3272.717392099325
 9082.390749826505 -7494.345115490374 981.097854007425 -5884.396083670688 3314.557570370737
 9081.098236128029 -7548.026380728488 1020.51563543636 -5826.999803111743 3272.717392099325
 9082.390749826505 -7494.345115490374 981.097854007425 -5884.396083670688 3314.557570370737
 9081.243637689218 -7533.83737053099 1009.04434513488 -5823.866127758537 3266.7218912418
 9081.243637689218 -7533.83737053099 1009.04434513488 -5823.866127758537 3266.7218912418
 9081.243637689218 -7533.83737053099 1009.04434513488 -5823.866127758537 3266.7218912418
 9081.90522907647 -7534.198431167381 1008.429234349241 -5823.694680547311 3266.86088453923
 9081.24391471641 -7533.840782775913 1009.036825534198 -5823.861914495646 3266.728418687509
 9080.991670671308 -7533.752653035869 1008.985047357564 -5823.691822533462 3266.773293897521
 9082.10258538876 -7533.331668275463 1007.726731263289 -5823.018420877391 3265.825705045161
 9081.243637689218 -7533.83737053099 1009.04434513488 -5823.866127758537 3266.7218912418
 9081.243637689218 -7533.83737053099 1009.04434513488 -5823.866127758537 3266.7218912418
 9081.243428400017 -7533.838385655003 1009.045592466201 -5823.866048824842 3266.721007039763
 9081.241387591401 -7533.835540732657 1009.040991506879 -5823.863793378126 3266.72209409358
 9075.528532893562 -7496.545164246049 982.3983814056839 -5880.304614763032 3318.236469841058
 9081.242393361788 -7533.837378680795 1009.049512125731 -5823.870460274391 3266.721591451996
 9080.991545203173 -7533.753947175249 1008.984400092105 -5823.690635557399 3266.771916475308
 9075.523738421452 -7496.545509644538 982.3925817508341 -5880.303645710972 3318.238993063396
 9081.240339793014 -7533.836903960219 1009.044521285963 -5823.864307793373 3266.721766907285
 9082.302472925689 -7494.282955652419 981.1829713210141 -5884.358050712442 3314.465878459931
 9080.991545203173 -7533.753947175249 1008.984400092105 -5823.690635557399 3266.771916475308
 9082.349923531046 -7494.380966672507 981.1834935775707 -5884.330246869544 3314.584019855256
 9081.242393361788 -7533.837378680795 1009.049512125731 -5823.870460274391 3266.721591451996
