# Created by Octave 4.2.1, Mon Oct 09 18:25:16 2017 BRT <root@mosqueiro>
# name: pop
# type: matrix
# rows: 1000
# columns: 5
 -8050.497224522569 7754.819000622869 -9745.174986403241 7885.809393492465 2182.906102317827
 -8050.497224522569 7754.819000622869 -9745.174986403241 7885.809393492465 2182.906102317827
 -8050.497224522569 7754.819000622869 -9745.174986403241 7885.809393492465 2182.906102317827
 -8050.497224522569 7754.819000622869 -9745.174986403241 7885.809393492465 2182.906102317827
 -8050.497224522569 7754.819000622869 -9745.174986403241 7885.809393492465 2182.906102317827
 -8050.497224522569 7754.819000622869 -9745.174986403241 7885.809393492465 2182.906102317827
 -8050.497224522569 7754.819000622869 -9745.174986403241 7885.809393492465 2182.906102317827
 14607.46586635682 169.2638416758 15397.33079247693 -23461.07369491458 8415.830898571132
 -8050.497224522569 7754.819000622869 -9745.174986403241 7885.809393492465 2182.906102317827
 -8050.497224522569 7754.819000622869 -9745.174986403241 7885.809393492465 2182.906102317827
 -8050.497224522569 7754.819000622869 -9745.174986403241 7885.809393492465 2182.906102317827
 -8050.497224522569 7754.819000622869 -9745.174986403241 7885.809393492465 2182.906102317827
 -8050.497224522569 7754.819000622869 -9745.174986403241 7885.809393492465 2182.906102317827
 -8050.497224522569 7754.819000622869 -9745.174986403241 7885.809393492465 2182.906102317827
 5077.634401818008 12439.8793777692 -25966.20114160073 24711.70095207312 -4602.079131338095
 -8050.497224522569 7754.819000622869 -9745.174986403241 7885.809393492465 2182.906102317827
 -8050.497224522569 7754.819000622869 -9745.174986403241 7885.809393492465 2182.906102317827
 -8050.497224522569 7754.819000622869 -9745.174986403241 7885.809393492465 2182.906102317827
 -8050.497224522569 7754.819000622869 -9745.174986403241 7885.809393492465 2182.906102317827
 -16713.72125087699 7732.928987163639 -7823.105660049633 15481.96361334403 -8572.82642381255
 -8050.497224522569 7754.819000622869 -9745.174986403241 7885.809393492465 2182.906102317827
 -8050.497224522569 7754.819000622869 -9745.174986403241 7885.809393492465 2182.906102317827
 -4584.599096924596 -13915.78553553002 1048.482427462279 9583.150856571418 14705.56789512986
 -8050.497224522569 7754.819000622869 -9745.174986403241 7885.809393492465 2182.906102317827
 5932.164391298256 -15159.50094227652 -18791.48755251023 7438.961687175332 1712.120559769297
 6973.184104093534 -18938.79586280389 24168.56771635204 12435.38379005116 -27216.50878065748
 -8050.497224522569 7754.819000622869 -9745.174986403241 7885.809393492465 2182.906102317827
 -206.5243867329655 8372.487934297013 -10609.39588634215 -501.9741884458326 8062.443033835828
 -8050.497224522569 7754.819000622869 -9745.174986403241 7885.809393492465 2182.906102317827
 -8050.497224522569 7754.819000622869 -9745.174986403241 7885.809393492465 2182.906102317827
 -8050.497224522569 7754.819000622869 -9745.174986403241 7885.809393492465 2182.906102317827
 -8050.497224522569 7754.819000622869 -9745.174986403241 7885.809393492465 2182.906102317827
 -8050.497224522569 7754.819000622869 -9745.174986403241 7885.809393492465 2182.906102317827
 -8050.497224522569 7754.819000622869 -9745.174986403241 7885.809393492465 2182.906102317827
 -8050.497224522569 7754.819000622869 -9745.174986403241 7885.809393492465 2182.906102317827
 -1906.257372771282 357.0810397924652 -6427.865795261193 8529.692210998308 15240.04188943827
 -8050.497224522569 7754.819000622869 -9745.174986403241 7885.809393492465 2182.906102317827
 -8050.497224522569 7754.819000622869 -9745.174986403241 7885.809393492465 2182.906102317827
 -8050.497224522569 7754.819000622869 -9745.174986403241 7885.809393492465 2182.906102317827
 -8050.497224522569 7754.819000622869 -9745.174986403241 7885.809393492465 2182.906102317827
 -8050.497224522569 7754.819000622869 -9745.174986403241 7885.809393492465 2182.906102317827
 10661.31283396245 -4986.580923215612 -19592.18037373584 12101.4771433972 -745.9479876795567
 -8050.497224522569 7754.819000622869 -9745.174986403241 7885.809393492465 2182.906102317827
 -8050.497224522569 7754.819000622869 -9745.174986403241 7885.809393492465 2182.906102317827
 -3812.412434600387 2485.066945058599 -3990.031305864926 7069.349956462983 10511.26119403651
 18381.94900187667 -15840.72294550455 -9985.526739711033 -3213.003440912791 -25867.32789086377
 1851.757095479732 14665.995661947 -5295.044777929439 15040.71143781017 -5332.172917553923
 -8050.497224522569 7754.819000622869 -9745.174986403241 7885.809393492465 2182.906102317827
 18102.51785777997 10185.32153641465 21744.71996163025 5875.193912187066 6412.267197256448
 -8050.497224522569 7754.819000622869 -9745.174986403241 7885.809393492465 2182.906102317827
 -9760.150763546757 -595.9779027982931 7266.662228673445 9794.820478921949 -6651.640212549273
 -8576.578208359901 7714.11568315408 -9037.945526634649 17939.81117576345 -1970.577966737478
 -12171.91691341087 1545.537808642163 -11270.74810568718 11913.34639782719 -6925.066216339026
 -8050.497224522569 7754.819000622869 -9745.174986403241 7885.809393492465 2182.906102317827
 -11775.77235986235 5231.712717577336 -4926.828793263529 14855.08734375213 4470.237483109092
 -8050.497224522569 7754.819000622869 -9745.174986403241 7885.809393492465 2182.906102317827
 4134.256208738986 12726.68245919638 -4223.735158942235 45594.75315945168 22627.78322844207
 -8050.497224522569 7754.819000622869 -9745.174986403241 7885.809393492465 2182.906102317827
 -8050.497224522569 7754.819000622869 -9745.174986403241 7885.809393492465 2182.906102317827
 -1322.03983489609 27939.84755349773 -6653.31569874108 6693.954491250483 9809.826830819633
 -8050.497224522569 7754.819000622869 -9745.174986403241 7885.809393492465 2182.906102317827
 -8050.497224522569 7754.819000622869 -9745.174986403241 7885.809393492465 2182.906102317827
 6381.3278246009 -12507.89953596685 1120.659628900365 15506.43049402658 35311.30383981006
 -3645.517772808443 7981.877596478092 -9386.139094943737 16485.76959182566 1362.475566140325
 -8790.717142789335 18895.85127009717 -12792.51652317335 10507.55769580669 5033.325273952968
 -8050.497224522569 7754.819000622869 -9745.174986403241 7885.809393492465 2182.906102317827
 -26858.35208502691 -8453.184779695495 -12826.201541807 6879.475689522569 4392.24127076639
 -12025.46711896048 -1369.560060690141 -11826.23056941406 1931.454384520836 -6554.165970977929
 1688.977496723061 7877.145588200843 -2675.401674811467 3830.781365531902 1478.711254055845
 -8050.497224522569 7754.819000622869 -9745.174986403241 7885.809393492465 2182.906102317827
 -8050.497224522569 7754.819000622869 -9745.174986403241 7885.809393492465 2182.906102317827
 -8050.497224522569 7754.819000622869 -9745.174986403241 7885.809393492465 2182.906102317827
 -8050.497224522569 7754.819000622869 -9745.174986403241 7885.809393492465 2182.906102317827
 -8050.497224522569 7754.819000622869 -9745.174986403241 7885.809393492465 2182.906102317827
 -4098.96053939556 24937.57319642562 -3914.275733046933 10216.62616103847 -8194.417130419759
 -5247.629490955898 18257.85416736873 -17763.04902031572 13981.59255018631 2331.928321490925
 9682.231729446336 -8799.129991114132 -27053.16799619364 22196.31538666791 -4743.492322790133
 -8050.497224522569 7754.819000622869 -9745.174986403241 7885.809393492465 2182.906102317827
 -8050.497224522569 7754.819000622869 -9745.174986403241 7885.809393492465 2182.906102317827
 -8050.497224522569 7754.819000622869 -9745.174986403241 7885.809393492465 2182.906102317827
 468.8454135315642 9007.44287112985 -7146.929974339711 -852.935937376642 76.3304816974387
 -8050.497224522569 7754.819000622869 -9745.174986403241 7885.809393492465 2182.906102317827
 -12650.69103554776 12902.25013476784 -856.151315757359 23380.99812227001 -7789.165023709599
 -8050.497224522569 7754.819000622869 -9745.174986403241 7885.809393492465 2182.906102317827
