# Created by Octave 4.2.1, Mon Oct 09 17:47:22 2017 BRT <root@mosqueiro>
# name: pop
# type: matrix
# rows: 1000
# columns: 5
 1894.701559323562 -7735.921233205526 -5816.445618523493 9336.905975880913 2319.549134604057
 1894.701559796456 -7735.921233458374 -5816.445618388885 9336.905976045178 2319.549134208515
 1894.637213712653 -7735.997039768279 -5816.445070082795 9337.00277582427 2319.591938391826
 1894.637213712653 -7735.997039768279 -5816.445070082795 9337.00277582427 2319.591938391826
 1894.637213712653 -7735.997039768279 -5816.445070082795 9337.00277582427 2319.591938391826
 1894.701559433615 -7735.921233139703 -5816.445618339862 9336.905975985448 2319.549134406272
 1894.637099117529 -7735.998358732921 -5816.444134829037 9337.003186367527 2319.592026253327
 1894.554708805357 -7736.347253635619 -5816.061613962531 9337.249942521534 2319.394049971446
 1894.637099117529 -7735.998358732921 -5816.444134829037 9337.003186367527 2319.592026253327
 1894.637213712653 -7735.997039768279 -5816.445070082795 9337.00277582427 2319.591938391826
 1894.637205966481 -7735.997041009339 -5816.445068929302 9337.002777603209 2319.591936130038
 1894.55470089282 -7736.347283058959 -5816.061524736294 9337.249916589955 2319.394006147054
 1894.701559433615 -7735.921233139703 -5816.445618339862 9336.905975985448 2319.549134406272
 1894.701559433615 -7735.921233139703 -5816.445618339862 9336.905975985448 2319.549134406272
 1894.701559737449 -7735.921232573768 -5816.445618225513 9336.905975945378 2319.549134509208
 1894.637095688063 -7735.998354604624 -5816.444142761983 9337.00317958141 2319.592035070899
 1894.701559433615 -7735.921233139703 -5816.445618339862 9336.905975985448 2319.549134406272
 1894.640076916281 -7735.961663183443 -5816.441088525124 9336.95775749584 2319.594761017204
 1894.640089991287 -7735.961658325403 -5816.441094443157 9336.957744951951 2319.594765591538
 1894.637213712653 -7735.997039768279 -5816.445070082795 9337.00277582427 2319.591938391826
 1894.637099117529 -7735.998358732921 -5816.444134829037 9337.003186367527 2319.592026253327
 1894.637197813579 -7735.996195875987 -5816.445808694685 9337.002617264841 2319.592009864986
 1894.637096791686 -7735.998353104948 -5816.444143286609 9337.003178713676 2319.592033918605
 1894.701559433615 -7735.921233139703 -5816.445618339862 9336.905975985448 2319.549134406272
 1894.701559433615 -7735.921233139703 -5816.445618339862 9336.905975985448 2319.549134406272
 1894.701559433615 -7735.921233139703 -5816.445618339862 9336.905975985448 2319.549134406272
 1894.701559433615 -7735.921233139703 -5816.445618339862 9336.905975985448 2319.549134406272
 1894.70155956866 -7735.921232650046 -5816.445618770626 9336.905976186772 2319.549134092571
 1894.701559754009 -7735.921233566115 -5816.445619110557 9336.90597603308 2319.549134822189
 1894.637095688063 -7735.998354604624 -5816.444142761983 9337.00317958141 2319.592035070899
 1894.637099117529 -7735.998358732921 -5816.444134829037 9337.003186367527 2319.592026253327
 1894.637205966481 -7735.997041009339 -5816.445068929302 9337.002777603209 2319.591936130038
 1894.637099117529 -7735.998358732921 -5816.444134829037 9337.003186367527 2319.592026253327
 1894.636529892691 -7735.996307585145 -5816.445759048012 9337.002468382067 2319.592883188961
 1894.701559433615 -7735.921233139703 -5816.445618339862 9336.905975985448 2319.549134406272
 1894.537705300551 -7735.889080674979 -5816.440643004554 9336.984900538715 2319.597011062959
 1894.637099117529 -7735.998358732921 -5816.444134829037 9337.003186367527 2319.592026253327
 1894.637213712653 -7735.997039768279 -5816.445070082795 9337.00277582427 2319.591938391826
 1894.637099117529 -7735.998358732921 -5816.444134829037 9337.003186367527 2319.592026253327
 1894.63717883625 -7735.997017435718 -5816.445132919689 9337.002921153537 2319.59186294103
 1894.637184395348 -7735.99618380992 -5816.445801473806 9337.002625771505 2319.591993360687
 1894.701559433615 -7735.921233139703 -5816.445618339862 9336.905975985448 2319.549134406272
 1894.637213712653 -7735.997039768279 -5816.445070082795 9337.00277582427 2319.591938391826
 1894.701559433615 -7735.921233139703 -5816.445618339862 9336.905975985448 2319.549134406272
 1894.701559433615 -7735.921233139703 -5816.445618339862 9336.905975985448 2319.549134406272
 1894.701560030319 -7735.921232646633 -5816.445618890027 9336.905975995362 2319.549134410608
 1894.701535533377 -7735.921249624374 -5816.445612305163 9336.905964369162 2319.549139585157
 1894.637099117529 -7735.998358732921 -5816.444134829037 9337.003186367527 2319.592026253327
 1894.637099117529 -7735.998358732921 -5816.444134829037 9337.003186367527 2319.592026253327
 1894.637027884957 -7735.996457248609 -5816.445550733404 9337.002666154485 2319.59209548783
 1894.554687654879 -7736.347233625571 -5816.0615908875 9337.249910212611 2319.394070850031
 1894.701559433615 -7735.921233139703 -5816.445618339862 9336.905975985448 2319.549134406272
 1894.637099117529 -7735.998358732921 -5816.444134829037 9337.003186367527 2319.592026253327
 1894.701559228801 -7735.921233681123 -5816.445618020549 9336.905976208571 2319.549134185379
 1894.637206757255 -7735.997042072367 -5816.445073518818 9337.002776507637 2319.59193929014
 1894.637095688063 -7735.998354604624 -5816.444142761983 9337.00317958141 2319.592035070899
 1894.701559796456 -7735.921233458374 -5816.445618388885 9336.905976045178 2319.549134208515
 1894.701559433615 -7735.921233139703 -5816.445618339862 9336.905975985448 2319.549134406272
 1894.637201414172 -7735.9970137924 -5816.445081662269 9337.002756087639 2319.591947851325
 1894.637205966481 -7735.997041009339 -5816.445068929302 9337.002777603209 2319.591936130038
 1894.637099117529 -7735.998358732921 -5816.444134829037 9337.003186367527 2319.592026253327
 1894.701559433615 -7735.921233139703 -5816.445618339862 9336.905975985448 2319.549134406272
 1894.637213616444 -7735.997039824012 -5816.445069826466 9337.002775161756 2319.591938994737
 1894.637095688063 -7735.998354604624 -5816.444142761983 9337.00317958141 2319.592035070899
 1894.637205966481 -7735.997041009339 -5816.445068929302 9337.002777603209 2319.591936130038
 1894.637190506033 -7735.996180863751 -5816.445801584299 9337.002622015365 2319.591988301046
 1894.701559433615 -7735.921233139703 -5816.445618339862 9336.905975985448 2319.549134406272
 1894.701562935265 -7735.921232201862 -5816.445620666703 9336.905976187234 2319.54913316127
 1894.554703849616 -7736.347248378722 -5816.061603397901 9337.249941959746 2319.39404101525
 1894.637095688063 -7735.998354604624 -5816.444142761983 9337.00317958141 2319.592035070899
 1894.637099117529 -7735.998358732921 -5816.444134829037 9337.003186367527 2319.592026253327
 1894.701559433615 -7735.921233139703 -5816.445618339862 9336.905975985448 2319.549134406272
 1894.701559433615 -7735.921233139703 -5816.445618339862 9336.905975985448 2319.549134406272
 1894.55470089282 -7736.347283058959 -5816.061524736294 9337.249916589955 2319.394006147054
 1894.701559433615 -7735.921233139703 -5816.445618339862 9336.905975985448 2319.549134406272
 1894.636529892691 -7735.996307585145 -5816.445759048012 9337.002468382067 2319.592883188961
 1894.701559433615 -7735.921233139703 -5816.445618339862 9336.905975985448 2319.549134406272
 1894.70155956866 -7735.921232650046 -5816.445618770626 9336.905976186772 2319.549134092571
 1894.637197813579 -7735.996195875987 -5816.445808694685 9337.002617264841 2319.592009864986
 1894.701559433615 -7735.921233139703 -5816.445618339862 9336.905975985448 2319.549134406272
 1894.701559433615 -7735.921233139703 -5816.445618339862 9336.905975985448 2319.549134406272
 1894.554701761723 -7736.347247549912 -5816.061605223731 9337.2499404593 2319.394041748422
 1894.701559433615 -7735.921233139703 -5816.445618339862 9336.905975985448 2319.549134406272
 1894.637213712653 -7735.997039768279 -5816.445070082795 9337.00277582427 2319.591938391826
 1894.636529892691 -7735.996307585145 -5816.445759048012 9337.002468382067 2319.592883188961
