# Created by Octave 4.2.1, Mon Oct 09 18:05:28 2017 BRT <root@mosqueiro>
# name: pop
# type: matrix
# rows: 1000
# columns: 5
 8123.400507989601 3727.060677770249 681.3911912756103 -9398.71000660814 -3087.135526407579
 8123.400507989601 3727.060677770249 681.3911912756103 -9398.71000660814 -3087.135526407579
 8123.400507989601 3727.060677770249 681.3911912756103 -9398.71000660814 -3087.135526407579
 8123.400507989601 3727.060677770249 681.3911912756103 -9398.71000660814 -3087.135526407579
 8123.400507989601 3727.060677770249 681.3911912756103 -9398.71000660814 -3087.135526407579
 310.1708360068023 9750.878583054484 -6064.262213595761 3085.660117671878 -7137.586510480238
 -1440.335010710064 -3890.37023830163 30860.42168873861 4379.381590385273 27835.96678460261
 7861.316469852467 -3683.074152386133 4724.326406430402 -4747.033264899697 -4410.478044794356
 -7985.697654934266 6036.194430955748 8402.181736351416 -2267.476419257645 -4265.107655539161
 3638.276067682209 3516.704547963394 -6154.258322551877 -6962.785579236313 5924.83754726517
 8123.400507989601 3727.060677770249 681.3911912756103 -9398.71000660814 -3087.135526407579
 5162.74529180836 5235.3202489665 -3456.854558931027 -9916.565502467976 3096.332344487431
 8123.400507989601 3727.060677770249 681.3911912756103 -9398.71000660814 -3087.135526407579
 310.1708360068023 9750.878583054484 -6064.262213595761 3085.660117671878 -7137.586510480238
 -6617.495507618149 -2618.956427632039 5842.506209118801 -3670.541581531554 7437.91027614435
 -2205.730834148056 5303.758530315286 6579.813481559475 -2321.582149389895 -7580.454536183493
 -126.6761339414043 1496.039007672236 -529.4506209572446 7931.722821452971 -8935.400386322135
 8123.400507989601 3727.060677770249 681.3911912756103 -9398.71000660814 -3087.135526407579
 3796.831719420109 15829.3505698868 -39921.19838092302 -6121.028934078922 18533.59338447024
 -7985.697654934266 6036.194430955748 8402.181736351416 -2267.476419257645 -4265.107655539161
 8123.400507989601 3727.060677770249 681.3911912756103 -9398.71000660814 -3087.135526407579
 8123.400507989601 3727.060677770249 681.3911912756103 -9398.71000660814 -3087.135526407579
 7333.55653031731 1794.105834918188 8055.594999975823 8159.589695419323 1624.861387059071
 3638.276067682209 3516.704547963394 -6154.258322551877 -6962.785579236313 5924.83754726517
 -28336.01421208138 -16301.93377058293 -27705.92628118649 3763.00539220362 -3602.80805295221
 4245.30195580661 7083.445268817555 8539.66496026481 -3023.613389977872 906.269323462122
 -1269.180261102869 629.7813718520702 6226.909292924558 -2581.463409211871 -1441.262288876793
 3929.922594093347 -8649.351758572157 3012.17202452347 -2877.491656706118 4813.560925012
 -4892.897166946805 2618.84463051326 -1298.61785443933 9281.857398767192 -5523.368742996569
 -10181.60424102149 -9431.367599354628 11821.35664567568 -2470.292817870429 -36390.30974193359
 8123.400507989601 3727.060677770249 681.3911912756103 -9398.71000660814 -3087.135526407579
 3210.54966728024 3361.509833646467 -261.0511461636052 -4123.742845749264 150.593534612075
 8123.400507989601 3727.060677770249 681.3911912756103 -9398.71000660814 -3087.135526407579
 -2323.561865070852 -15642.07272849838 -10175.0466509167 -19809.70167824892 -12585.09490129163
 -2340.369202066467 -3411.287005960465 9400.922742367784 -5288.37253683844 5746.658141216072
 35746.59420515734 -47446.98896138278 -14450.44695839444 -35902.86353562253 -38440.86262426686
 8123.400507989601 3727.060677770249 681.3911912756103 -9398.71000660814 -3087.135526407579
 32061.42083140325 -25343.52089453179 -38092.79599736384 -452.7659565481808 4319.586121389812
 6392.775326242296 2324.49428813793 -2149.092844806009 4202.064054052769 -9661.973095842084
 -4143.078325248787 -28211.28377025343 18808.64627700946 -1924.832463895262 -36782.42355460687
 1241.455199310991 -4540.226218814506 -2481.453396189658 6523.103394184083 -1585.700950077638
 1239.422956592669 39.65092481068314 2724.386738864911 7656.654609150271 -6734.651845503338
 310.1708360068023 9750.878583054484 -6064.262213595761 3085.660117671878 -7137.586510480238
 -26728.49966057917 -29290.07794497539 32562.86537013907 -8530.570811505288 57088.74667872791
 -16863.67102027599 -21718.3395913913 -23574.4654266893 -29157.90432646158 -44711.80623558693
 8123.400507989601 3727.060677770249 681.3911912756103 -9398.71000660814 -3087.135526407579
 -18491.53846683201 13171.61888103426 558.884162199598 -10655.10697511716 32674.54911372784
 8123.400507989601 3727.060677770249 681.3911912756103 -9398.71000660814 -3087.135526407579
 -2897.617665026328 -5519.333774459502 8268.990577486129 -3303.516766528115 9662.449657888759
 22136.46491826608 -25917.74697668155 9921.05494140239 33628.78236332978 -21393.84917909345
 -6295.221812074531 2806.678287128745 -7971.36127081986 3042.819775715621 8260.936519905143
 746.5917023592301 -4008.361188214306 -2235.32843702109 4081.448838714228 3057.042688503074
 8123.400507989601 3727.060677770249 681.3911912756103 -9398.71000660814 -3087.135526407579
 -4148.011573717393 4331.694217312574 2115.139858195598 4322.544273755 -9887.519632738718
 -8100.154084200197 4836.782568453276 -8004.043340136297 -7466.435814221362 -18068.30045944388
 -19293.6908326147 37033.44383095666 20814.72564728343 -9601.359740378435 25362.41901330843
 -2158.643339766192 -7648.694301449905 -1970.453362687098 4404.808147046668 -16483.08550309845
 23280.33868828482 14936.39178229183 4590.186247707442 -24436.49854420218 -4069.857240469251
 -5784.421321601219 3587.52394916646 5002.840512078057 -2555.876505954175 5295.141449311059
 8123.400507989601 3727.060677770249 681.3911912756103 -9398.71000660814 -3087.135526407579
 8123.400507989601 3727.060677770249 681.3911912756103 -9398.71000660814 -3087.135526407579
 8123.400507989601 3727.060677770249 681.3911912756103 -9398.71000660814 -3087.135526407579
 9996.5767993392 8148.609821527345 1522.973218382238 71.95685460936875 9616.052824605067
 1809.244409198054 -6100.413271830566 269.4161221020113 6661.960276086254 7878.876918491707
 6542.558782947939 -4024.982564627018 1933.711792750431 14718.93867608902 -4870.245157556699
 310.1708360068023 9750.878583054484 -6064.262213595761 3085.660117671878 -7137.586510480238
 -1942.008802784253 -2421.464842598472 7410.328111212209 2199.070439887028 -4200.555662696675
 21765.57591410251 4527.498463821823 10237.7202315758 22936.15985319187 -10379.43987460967
 8123.400507989601 3727.060677770249 681.3911912756103 -9398.71000660814 -3087.135526407579
 8123.400507989601 3727.060677770249 681.3911912756103 -9398.71000660814 -3087.135526407579
 6092.693750078332 -4734.232440593259 6465.60983335333 -6756.737607229734 -978.1821931934828
 -8121.52729745641 -6464.584857324211 -5024.015948265213 -6129.042883006614 -290.2553110114586
 310.1708360068023 9750.878583054484 -6064.262213595761 3085.660117671878 -7137.586510480238
 310.1708360068023 9750.878583054484 -6064.262213595761 3085.660117671878 -7137.586510480238
 746.5917023592301 -4008.361188214306 -2235.32843702109 4081.448838714228 3057.042688503074
 4796.703790873793 -8356.802138948733 5277.617245628178 -2367.484437873852 2284.351119849727
 3796.831719420109 15829.3505698868 -39921.19838092302 -6121.028934078922 18533.59338447024
 8123.400507989601 3727.060677770249 681.3911912756103 -9398.71000660814 -3087.135526407579
 7392.921799280128 -5149.458549882683 8067.026181032088 -1537.702965750772 -664.759542491609
 -69.46361271790556 -4673.376040489664 14869.89378017091 -11244.13140804003 1470.009294420583
 -126.6761339414043 1496.039007672236 -529.4506209572446 7931.722821452971 -8935.400386322135
 -509.1504772187764 2233.856310498923 -498.4980736361886 1772.522103133786 -3335.471838193095
 3638.276067682209 3516.704547963394 -6154.258322551877 -6962.785579236313 5924.83754726517
 -29596.17058806093 5379.723314340795 -388.836360156 19662.60304762524 2130.740162189472
 5953.665212353319 6574.404985120622 -4829.209162395874 -4377.653541642038 -2626.905394533342
