# Created by Octave 4.2.1, Mon Oct 09 17:34:56 2017 BRT <root@mosqueiro>
# name: pop
# type: matrix
# rows: 1000
# columns: 5
 3069.186883280454 -6932.815978323069 -6616.08464653239 6858.316249444368 3656.422301383605
 3069.186883280454 -6932.815978323069 -6616.08464653239 6858.316249444368 3656.422301383605
 3069.186883280454 -6932.815978323069 -6616.08464653239 6858.316249444368 3656.422301383605
 3069.186883280454 -6932.815978323069 -6616.08464653239 6858.316249444368 3656.422301383605
 3069.186883280454 -6932.815978323069 -6616.08464653239 6858.316249444368 3656.422301383605
 3069.186883280454 -6932.815978323069 -6616.08464653239 6858.316249444368 3656.422301383605
 3069.186883280454 -6932.815978323069 -6616.08464653239 6858.316249444368 3656.422301383605
 3069.186883280454 -6932.815978323069 -6616.08464653239 6858.316249444368 3656.422301383605
 5441.043984813921 19887.81087631655 -1706.140737695751 19331.51075087095 11134.67455528069
 3069.186883280454 -6932.815978323069 -6616.08464653239 6858.316249444368 3656.422301383605
 3069.186883280454 -6932.815978323069 -6616.08464653239 6858.316249444368 3656.422301383605
 3069.186883280454 -6932.815978323069 -6616.08464653239 6858.316249444368 3656.422301383605
 3069.186883280454 -6932.815978323069 -6616.08464653239 6858.316249444368 3656.422301383605
 3069.186883280454 -6932.815978323069 -6616.08464653239 6858.316249444368 3656.422301383605
 -2971.723798790315 -4816.144515811079 7727.078368617629 9859.721080296687 -9951.905914095796
 3069.186883280454 -6932.815978323069 -6616.08464653239 6858.316249444368 3656.422301383605
 3069.186883280454 -6932.815978323069 -6616.08464653239 6858.316249444368 3656.422301383605
 -4856.701302416412 4389.394661333448 9609.300481995218 -9121.218445781444 4080.064398110857
 -5791.145934413433 -16710.39681917121 -29987.85070176141 6665.581797273102 17570.78319573122
 3069.186883280454 -6932.815978323069 -6616.08464653239 6858.316249444368 3656.422301383605
 3069.186883280454 -6932.815978323069 -6616.08464653239 6858.316249444368 3656.422301383605
 3069.186883280454 -6932.815978323069 -6616.08464653239 6858.316249444368 3656.422301383605
 73141.96475108001 41280.66396618451 -20490.29535013789 -14782.87658878029 -2822.273055579732
 -16229.28337401756 -13859.76504686247 -1886.524862638383 18732.53278727132 -3084.083095133622
 3069.186883280454 -6932.815978323069 -6616.08464653239 6858.316249444368 3656.422301383605
 7399.777834447399 -7826.825007069257 -21732.99795972248 18816.35045506469 14356.43677646567
 3069.186883280454 -6932.815978323069 -6616.08464653239 6858.316249444368 3656.422301383605
 -7743.911668802111 -13604.07317482204 -25836.85794752155 30630.56489696469 -5074.770466510063
 3069.186883280454 -6932.815978323069 -6616.08464653239 6858.316249444368 3656.422301383605
 3069.186883280454 -6932.815978323069 -6616.08464653239 6858.316249444368 3656.422301383605
 28907.08962175286 11283.81657044316 -14163.41849361175 4161.068183546449 -5175.974166452042
 3069.186883280454 -6932.815978323069 -6616.08464653239 6858.316249444368 3656.422301383605
 3069.186883280454 -6932.815978323069 -6616.08464653239 6858.316249444368 3656.422301383605
 3069.186883280454 -6932.815978323069 -6616.08464653239 6858.316249444368 3656.422301383605
 3069.186883280454 -6932.815978323069 -6616.08464653239 6858.316249444368 3656.422301383605
 3069.186883280454 -6932.815978323069 -6616.08464653239 6858.316249444368 3656.422301383605
 3747.235448509737 -8078.317132138539 -3522.306192054839 6993.369560702668 1344.75589178948
 24143.10736660231 -15215.22295220992 -8598.1877507516 9565.765401927296 2480.553784784166
 3069.186883280454 -6932.815978323069 -6616.08464653239 6858.316249444368 3656.422301383605
 3069.186883280454 -6932.815978323069 -6616.08464653239 6858.316249444368 3656.422301383605
 -9572.83542159743 -17818.23533789187 -15410.61703914051 15828.60736465136 5384.670436852345
 3069.186883280454 -6932.815978323069 -6616.08464653239 6858.316249444368 3656.422301383605
 3069.186883280454 -6932.815978323069 -6616.08464653239 6858.316249444368 3656.422301383605
 3069.186883280454 -6932.815978323069 -6616.08464653239 6858.316249444368 3656.422301383605
 3069.186883280454 -6932.815978323069 -6616.08464653239 6858.316249444368 3656.422301383605
 -2278.403313945872 -25729.53610543992 -6316.967061107342 -12093.91317876246 15553.82546610681
 3069.186883280454 -6932.815978323069 -6616.08464653239 6858.316249444368 3656.422301383605
 3069.186883280454 -6932.815978323069 -6616.08464653239 6858.316249444368 3656.422301383605
 3069.186883280454 -6932.815978323069 -6616.08464653239 6858.316249444368 3656.422301383605
 14296.04407959741 19398.03519579624 -8600.33218033201 4226.800311296123 -1789.517251543458
 12059.37162788605 4459.876600741565 -16274.6678043484 23094.02377637415 -21981.49856942963
 3069.186883280454 -6932.815978323069 -6616.08464653239 6858.316249444368 3656.422301383605
 -16246.69785500425 20804.16774104168 2069.893468456081 -76600.35694103845 -14424.4102555018
 3069.186883280454 -6932.815978323069 -6616.08464653239 6858.316249444368 3656.422301383605
 34283.56817361256 -8824.045785958639 -12247.67566969321 34326.73583452772 -5175.951826041053
 11629.7359991713 -5995.696209448881 17744.11114713125 -20421.80829152016 -24292.05804620684
 3069.186883280454 -6932.815978323069 -6616.08464653239 6858.316249444368 3656.422301383605
 19768.31993986609 -6721.53888769959 -17105.98048648955 29106.56597469725 9571.77780985868
 3069.186883280454 -6932.815978323069 -6616.08464653239 6858.316249444368 3656.422301383605
 3069.186883280454 -6932.815978323069 -6616.08464653239 6858.316249444368 3656.422301383605
 3069.186883280454 -6932.815978323069 -6616.08464653239 6858.316249444368 3656.422301383605
 15495.47587672628 42422.87563534465 -33000.85104178576 -14504.61543598618 44552.2881325745
 8485.323019467411 -27788.08634399378 -17197.51283661227 -19299.92671787687 -16704.9979828424
 3069.186883280454 -6932.815978323069 -6616.08464653239 6858.316249444368 3656.422301383605
 3069.186883280454 -6932.815978323069 -6616.08464653239 6858.316249444368 3656.422301383605
 10559.03830991568 -30910.5432303439 -12951.50641352222 33364.49409579723 12130.85246638464
 24913.80497852662 2313.65113966132 -4719.052197739998 -13328.60696241432 -5101.271104217893
 3069.186883280454 -6932.815978323069 -6616.08464653239 6858.316249444368 3656.422301383605
 490.6021115214485 -4603.824117630735 -6609.375838976671 -17875.46476408672 3194.012028169155
 5122.933969656249 9681.41650856211 -3660.123076316554 43.74593931394884 250.6672541984408
 3069.186883280454 -6932.815978323069 -6616.08464653239 6858.316249444368 3656.422301383605
 3069.186883280454 -6932.815978323069 -6616.08464653239 6858.316249444368 3656.422301383605
 3069.186883280454 -6932.815978323069 -6616.08464653239 6858.316249444368 3656.422301383605
 3069.186883280454 -6932.815978323069 -6616.08464653239 6858.316249444368 3656.422301383605
 -14164.09104383454 -28843.16879479769 13843.08416674438 9278.126135860219 377.9433059111352
 3069.186883280454 -6932.815978323069 -6616.08464653239 6858.316249444368 3656.422301383605
 490.6021115214485 -4603.824117630735 -6609.375838976671 -17875.46476408672 3194.012028169155
 3069.186883280454 -6932.815978323069 -6616.08464653239 6858.316249444368 3656.422301383605
 3069.186883280454 -6932.815978323069 -6616.08464653239 6858.316249444368 3656.422301383605
 3069.186883280454 -6932.815978323069 -6616.08464653239 6858.316249444368 3656.422301383605
 3069.186883280454 -6932.815978323069 -6616.08464653239 6858.316249444368 3656.422301383605
 3069.186883280454 -6932.815978323069 -6616.08464653239 6858.316249444368 3656.422301383605
 3069.186883280454 -6932.815978323069 -6616.08464653239 6858.316249444368 3656.422301383605
 20097.59130455204 -4858.702396135082 -21958.81655778902 7310.140329020704 -4432.603100927164
 3069.186883280454 -6932.815978323069 -6616.08464653239 6858.316249444368 3656.422301383605
