# Created by Octave 4.2.1, Mon Oct 09 18:33:37 2017 BRT <root@mosqueiro>
# name: pop
# type: matrix
# rows: 1000
# columns: 5
 -8159.503320999906 7452.550262570833 -9348.319351788861 7530.916463175695 2523.382933184041
 -8159.502195161221 7452.55621422796 -9348.314777806763 7530.919783792398 2523.36797742646
 -8159.719707918466 7452.668946026674 -9348.310053630652 7530.903934796901 2523.483885525389
 -8159.458965179448 7452.573753003967 -9348.304634990787 7530.870664363008 2523.345566355419
 -8159.717258996163 7452.669018395067 -9348.327933682269 7530.907477076157 2523.495847796848
 -8159.461190835644 7452.569612037601 -9348.31451726082 7530.88332085151 2523.33336916582
 -8159.488288556285 7452.574614893148 -9348.298803830025 7530.886131252041 2523.353762760844
 -8159.500704474723 7452.554418952471 -9348.315075868928 7530.912223615664 2523.374393324208
 -8159.500704474723 7452.554418952471 -9348.315075868928 7530.912223615664 2523.374393324208
 -8159.726658239339 7452.675582947621 -9348.301937884329 7530.878238057283 2523.502508315878
 -8159.716528202689 7452.656191638046 -9348.319113303191 7530.917080187511 2523.487818462062
 -8159.500704474723 7452.554418952471 -9348.315075868928 7530.912223615664 2523.374393324208
 -7067.301801225295 7332.378776536591 -9919.050967937896 7565.752177436239 2087.43317734072
 -8159.727688591656 7452.651677580938 -9348.311683167878 7530.925702053839 2523.482917645039
 -8159.500704474723 7452.554418952471 -9348.315075868928 7530.912223615664 2523.374393324208
 -8159.503508383131 7452.55241406176 -9348.306705505787 7530.91512116221 2523.384028263247
 -8159.488288556285 7452.574614893148 -9348.298803830025 7530.886131252041 2523.353762760844
 -8159.716528202689 7452.656191638046 -9348.319113303191 7530.917080187511 2523.487818462062
 -8159.500704474723 7452.554418952471 -9348.315075868928 7530.912223615664 2523.374393324208
 -8159.425379530951 7452.553068726208 -9348.292017867569 7530.903092688758 2523.288980936046
 -8159.503320999906 7452.550262570833 -9348.319351788861 7530.916463175695 2523.382933184041
 -8159.500704474723 7452.554418952471 -9348.315075868928 7530.912223615664 2523.374393324208
 -8159.500704474723 7452.554418952471 -9348.315075868928 7530.912223615664 2523.374393324208
 -8159.502195161221 7452.55621422796 -9348.314777806763 7530.919783792398 2523.36797742646
 -7071.890219677754 7342.830779703081 -9915.187810084411 7560.040627583698 2083.320503910807
 -8159.500704474723 7452.554418952471 -9348.315075868928 7530.912223615664 2523.374393324208
 -8159.719707918466 7452.668946026674 -9348.310053630652 7530.903934796901 2523.483885525389
 -8159.458250395956 7452.575371880208 -9348.310318219474 7530.87972367268 2523.34089925827
 -7073.805499374424 7344.062963887714 -9917.806257792981 7562.0390041739 2084.565051397746
 -8159.715257828497 7452.64864547615 -9348.354054425181 7530.922022740759 2523.51792394848
 -8159.500704474723 7452.554418952471 -9348.315075868928 7530.912223615664 2523.374393324208
 -8159.716528202689 7452.656191638046 -9348.319113303191 7530.917080187511 2523.487818462062
 -8159.458250395956 7452.575371880208 -9348.310318219474 7530.87972367268 2523.34089925827
 -8159.500704474723 7452.554418952471 -9348.315075868928 7530.912223615664 2523.374393324208
 -8159.726658239339 7452.675582947621 -9348.301937884329 7530.878238057283 2523.502508315878
 -8159.500704474723 7452.554418952471 -9348.315075868928 7530.912223615664 2523.374393324208
 -8159.500704474723 7452.554418952471 -9348.315075868928 7530.912223615664 2523.374393324208
 -8159.500704474723 7452.554418952471 -9348.315075868928 7530.912223615664 2523.374393324208
 -8159.480060726898 7452.548881658373 -9348.321222096329 7530.933751241909 2523.370422946416
 -8159.425379530951 7452.553068726208 -9348.292017867569 7530.903092688758 2523.288980936046
 -8159.500704474723 7452.554418952471 -9348.315075868928 7530.912223615664 2523.374393324208
 -8159.500704474723 7452.554418952471 -9348.315075868928 7530.912223615664 2523.374393324208
 -8159.726658239339 7452.675582947621 -9348.301937884329 7530.878238057283 2523.502508315878
 -8159.500704474723 7452.554418952471 -9348.315075868928 7530.912223615664 2523.374393324208
 -8159.500704474723 7452.554418952471 -9348.315075868928 7530.912223615664 2523.374393324208
 -8159.458250395956 7452.575371880208 -9348.310318219474 7530.87972367268 2523.34089925827
 -8159.504948851946 7452.577308948726 -9348.324224353068 7530.915046826777 2523.358182634161
 -8159.458250395956 7452.575371880208 -9348.310318219474 7530.87972367268 2523.34089925827
 -8159.458250395956 7452.575371880208 -9348.310318219474 7530.87972367268 2523.34089925827
 -8159.458250395956 7452.575371880208 -9348.310318219474 7530.87972367268 2523.34089925827
 -8159.716528202689 7452.656191638046 -9348.319113303191 7530.917080187511 2523.487818462062
 -8159.482984620491 7452.552855386531 -9348.304309814319 7530.906436786493 2523.378109449073
 -8159.732371748129 7452.645227076025 -9348.260194254122 7530.849934826944 2523.487612299715
 -8159.4943080467 7452.56963535186 -9348.324367140767 7530.932338815855 2523.386881448521
 -8159.500704474723 7452.554418952471 -9348.315075868928 7530.912223615664 2523.374393324208
 -8159.458250395956 7452.575371880208 -9348.310318219474 7530.87972367268 2523.34089925827
 -8159.500704474723 7452.554418952471 -9348.315075868928 7530.912223615664 2523.374393324208
 -8159.425379530951 7452.553068726208 -9348.292017867569 7530.903092688758 2523.288980936046
 -8159.4943080467 7452.56963535186 -9348.324367140767 7530.932338815855 2523.386881448521
 -8159.504418167485 7452.537133770569 -9348.344713917502 7530.914791149617 2523.370558160768
 -8159.726658239339 7452.675582947621 -9348.301937884329 7530.878238057283 2523.502508315878
 -7071.655328910121 7342.426004878964 -9915.01996889305 7560.441815657196 2082.788228173758
 -8159.500704474723 7452.554418952471 -9348.315075868928 7530.912223615664 2523.374393324208
 -8159.726658239339 7452.675582947621 -9348.301937884329 7530.878238057283 2523.502508315878
 -8159.488288556285 7452.574614893148 -9348.298803830025 7530.886131252041 2523.353762760844
 -8159.458965179448 7452.573753003967 -9348.304634990787 7530.870664363008 2523.345566355419
 -8159.726658239339 7452.675582947621 -9348.301937884329 7530.878238057283 2523.502508315878
 -8159.500704474723 7452.554418952471 -9348.315075868928 7530.912223615664 2523.374393324208
 -8159.506151441584 7452.564921041992 -9348.321590313375 7530.90597757209 2523.383095869476
 -8159.458250395956 7452.575371880208 -9348.310318219474 7530.87972367268 2523.34089925827
 -8159.726658239339 7452.675582947621 -9348.301937884329 7530.878238057283 2523.502508315878
 -8159.458250395956 7452.575371880208 -9348.310318219474 7530.87972367268 2523.34089925827
 -8159.506151441584 7452.564921041992 -9348.321590313375 7530.90597757209 2523.383095869476
 -8159.458250395956 7452.575371880208 -9348.310318219474 7530.87972367268 2523.34089925827
 -8159.44833946846 7452.63811981208 -9348.244215797504 7530.881446637539 2523.459990859987
 -8159.488288556285 7452.574614893148 -9348.298803830025 7530.886131252041 2523.353762760844
 -8159.526029347104 7452.554430752022 -9348.329512618846 7530.919157915691 2523.362576304151
 -8159.425379530951 7452.553068726208 -9348.292017867569 7530.903092688758 2523.288980936046
 -8159.506151441584 7452.564921041992 -9348.321590313375 7530.90597757209 2523.383095869476
 -8159.500704474723 7452.554418952471 -9348.315075868928 7530.912223615664 2523.374393324208
 -8159.716528202689 7452.656191638046 -9348.319113303191 7530.917080187511 2523.487818462062
 -8159.500704474723 7452.554418952471 -9348.315075868928 7530.912223615664 2523.374393324208
 -8159.716528202689 7452.656191638046 -9348.319113303191 7530.917080187511 2523.487818462062
 -8159.500704474723 7452.554418952471 -9348.315075868928 7530.912223615664 2523.374393324208
 -8159.716528202689 7452.656191638046 -9348.319113303191 7530.917080187511 2523.487818462062
