# Created by Octave 4.2.1, Mon Oct 09 17:39:29 2017 BRT <root@mosqueiro>
# name: pop
# type: matrix
# rows: 1000
# columns: 5
 1882.500150416381 -7744.702908769411 -5803.336519212982 9346.46465320991 2322.618783852145
 3418.315386416953 -6555.283922935097 -6212.34730491962 7854.182825691359 1500.668982593223
 3418.315386416953 -6555.283922935097 -6212.34730491962 7854.182825691359 1500.668982593223
 3418.315386416953 -6555.283922935097 -6212.34730491962 7854.182825691359 1500.668982593223
 3418.315386416953 -6555.283922935097 -6212.34730491962 7854.182825691359 1500.668982593223
 3204.485643281873 -6316.601808364054 -6068.739596027346 7674.543446885487 1512.302426132386
 3112.578337292984 -6702.921192096118 -5980.270237413937 7387.368696028996 1764.681708601864
 3204.485643281873 -6316.601808364054 -6068.739596027346 7674.543446885487 1512.302426132386
 3825.019710581123 -8927.399175058354 -6906.560724857734 8260.717712468737 3761.116614656092
 1389.097614218897 -8639.55177742452 -6443.855773281908 10265.72369784989 3454.552045647862
 3204.485643281873 -6316.601808364054 -6068.739596027346 7674.543446885487 1512.302426132386
 2413.361345675178 -6402.624335826269 -7444.5269090966 7085.600180938866 4278.20620264918
 3204.485643281873 -6316.601808364054 -6068.739596027346 7674.543446885487 1512.302426132386
 1568.812753123484 -8499.198236394379 -6696.894601456025 10277.11060119267 3447.650951196375
 3342.06642283917 -5295.356288035252 -6451.537209236292 8196.305964543162 1284.671786039677
 3204.485643281873 -6316.601808364054 -6068.739596027346 7674.543446885487 1512.302426132386
 3418.315386416953 -6555.283922935097 -6212.34730491962 7854.182825691359 1500.668982593223
 3418.315386416953 -6555.283922935097 -6212.34730491962 7854.182825691359 1500.668982593223
 1439.16095106316 -8435.698514930202 -6647.986514159106 10494.47346995869 3205.705025956396
 3204.485643281873 -6316.601808364054 -6068.739596027346 7674.543446885487 1512.302426132386
 1389.097614218897 -8639.55177742452 -6443.855773281908 10265.72369784989 3454.552045647862
 2779.042689259514 -6974.584856139407 -5440.471861248222 5839.650123519417 3807.089287359832
 3825.019710581123 -8927.399175058354 -6906.560724857734 8260.717712468737 3761.116614656092
 3204.485643281873 -6316.601808364054 -6068.739596027346 7674.543446885487 1512.302426132386
 3708.483075808658 -8571.347244725213 -6216.455022882419 7833.088944448727 3257.01384838739
 3418.315386416953 -6555.283922935097 -6212.34730491962 7854.182825691359 1500.668982593223
 5180.06357879254 -3276.942608693347 -10096.87470838319 11958.95487601607 6758.23990332977
 2935.178963537001 -6687.264799762091 -6422.628257720567 7643.406874739896 1797.131497517013
 2979.190428052167 -7240.695138301128 -5257.513975318507 5603.63110717123 3392.475621871973
 3204.485643281873 -6316.601808364054 -6068.739596027346 7674.543446885487 1512.302426132386
 2601.927506594108 -6715.635513145431 -5083.216557272588 5860.788427026919 3964.835386421805
 2779.042689259514 -6974.584856139407 -5440.471861248222 5839.650123519417 3807.089287359832
 3204.485643281873 -6316.601808364054 -6068.739596027346 7674.543446885487 1512.302426132386
 3825.019710581123 -8927.399175058354 -6906.560724857734 8260.717712468737 3761.116614656092
 3069.186883280454 -6932.815978323069 -6616.08464653239 6858.316249444368 3656.422301383605
 3204.485643281873 -6316.601808364054 -6068.739596027346 7674.543446885487 1512.302426132386
 1882.500150416381 -7744.702908769411 -5803.336519212982 9346.46465320991 2322.618783852145
 3204.485643281873 -6316.601808364054 -6068.739596027346 7674.543446885487 1512.302426132386
 3204.485643281873 -6316.601808364054 -6068.739596027346 7674.543446885487 1512.302426132386
 1882.500150416381 -7744.702908769411 -5803.336519212982 9346.46465320991 2322.618783852145
 3204.485643281873 -6316.601808364054 -6068.739596027346 7674.543446885487 1512.302426132386
 3825.019710581123 -8927.399175058354 -6906.560724857734 8260.717712468737 3761.116614656092
 3204.485643281873 -6316.601808364054 -6068.739596027346 7674.543446885487 1512.302426132386
 3204.485643281873 -6316.601808364054 -6068.739596027346 7674.543446885487 1512.302426132386
 3204.485643281873 -6316.601808364054 -6068.739596027346 7674.543446885487 1512.302426132386
 1996.256036553578 -8508.744361281788 -6203.878418911489 10050.94239359222 3167.434322665545
 3204.485643281873 -6316.601808364054 -6068.739596027346 7674.543446885487 1512.302426132386
 3204.485643281873 -6316.601808364054 -6068.739596027346 7674.543446885487 1512.302426132386
 3204.485643281873 -6316.601808364054 -6068.739596027346 7674.543446885487 1512.302426132386
 3204.485643281873 -6316.601808364054 -6068.739596027346 7674.543446885487 1512.302426132386
 3204.485643281873 -6316.601808364054 -6068.739596027346 7674.543446885487 1512.302426132386
 2042.010196454714 -12926.71883145415 -6089.737819870684 10807.632557303 6177.073120111598
 3131.082083436799 -6356.275180740699 -6333.146078686031 7390.895509943331 1475.621755392081
 3204.485643281873 -6316.601808364054 -6068.739596027346 7674.543446885487 1512.302426132386
 3708.483075808658 -8571.347244725213 -6216.455022882419 7833.088944448727 3257.01384838739
 3204.485643281873 -6316.601808364054 -6068.739596027346 7674.543446885487 1512.302426132386
 2779.042689259514 -6974.584856139407 -5440.471861248222 5839.650123519417 3807.089287359832
 3204.485643281873 -6316.601808364054 -6068.739596027346 7674.543446885487 1512.302426132386
 3825.019710581123 -8927.399175058354 -6906.560724857734 8260.717712468737 3761.116614656092
 1389.097614218897 -8639.55177742452 -6443.855773281908 10265.72369784989 3454.552045647862
 3204.485643281873 -6316.601808364054 -6068.739596027346 7674.543446885487 1512.302426132386
 2725.523938086864 -6921.999630218005 -5658.198735678887 5890.465529289017 4029.122062424572
 3204.485643281873 -6316.601808364054 -6068.739596027346 7674.543446885487 1512.302426132386
 4087.373618843198 -9253.316034473955 -7114.559949118444 8349.017605115179 3710.142816102592
 3025.973610461709 -6524.484111038142 -5968.839630639717 7823.752546183724 1422.909344373726
 1389.097614218897 -8639.55177742452 -6443.855773281908 10265.72369784989 3454.552045647862
 1389.097614218897 -8639.55177742452 -6443.855773281908 10265.72369784989 3454.552045647862
 3204.485643281873 -6316.601808364054 -6068.739596027346 7674.543446885487 1512.302426132386
 3204.485643281873 -6316.601808364054 -6068.739596027346 7674.543446885487 1512.302426132386
 3204.485643281873 -6316.601808364054 -6068.739596027346 7674.543446885487 1512.302426132386
 3204.485643281873 -6316.601808364054 -6068.739596027346 7674.543446885487 1512.302426132386
 3418.315386416953 -6555.283922935097 -6212.34730491962 7854.182825691359 1500.668982593223
 3277.502053672458 -6469.339729622425 -5751.205595805783 7616.251494690523 1340.290760067788
 3204.485643281873 -6316.601808364054 -6068.739596027346 7674.543446885487 1512.302426132386
 3418.315386416953 -6555.283922935097 -6212.34730491962 7854.182825691359 1500.668982593223
 3204.485643281873 -6316.601808364054 -6068.739596027346 7674.543446885487 1512.302426132386
 3161.705657916723 -6365.156183232432 -6264.683301660968 7462.604227058005 1514.599799109063
 3418.315386416953 -6555.283922935097 -6212.34730491962 7854.182825691359 1500.668982593223
 1336.093742096607 -7942.641938210166 -4274.158818846636 6860.351262952542 5502.964972703264
 3204.485643281873 -6316.601808364054 -6068.739596027346 7674.543446885487 1512.302426132386
 3204.485643281873 -6316.601808364054 -6068.739596027346 7674.543446885487 1512.302426132386
 3179.849642232502 -6723.563533974899 -6507.806700898083 6482.760842550668 3834.65842202027
 3204.485643281873 -6316.601808364054 -6068.739596027346 7674.543446885487 1512.302426132386
 3204.485643281873 -6316.601808364054 -6068.739596027346 7674.543446885487 1512.302426132386
 3418.315386416953 -6555.283922935097 -6212.34730491962 7854.182825691359 1500.668982593223
