# Created by Octave 4.2.1, Mon Oct 09 17:49:10 2017 BRT <root@mosqueiro>
# name: pop
# type: matrix
# rows: 1000
# columns: 5
 -6656.268131236139 6353.222260248825 3061.895208913224 6774.301502112063 -9499.130554024872
 -6656.268131236139 6353.222260248825 3061.895208913224 6774.301502112063 -9499.130554024872
 -6656.268131236139 6353.222260248825 3061.895208913224 6774.301502112063 -9499.130554024872
 -6656.268131236139 6353.222260248825 3061.895208913224 6774.301502112063 -9499.130554024872
 -6656.268131236139 6353.222260248825 3061.895208913224 6774.301502112063 -9499.130554024872
 -4223.067298880935 -9700.836582126998 8634.265773653395 4858.965800374654 10.03373819820081
 3021.586927974906 2516.652198427028 -1129.845325948412 2152.421784808887 -6692.850509383192
 6364.127891700844 -240.8988692430539 -5508.290578057798 8766.757618954809 -9322.858562785259
 -9491.585053496508 2230.555936229504 232.973522682456 8084.454098665799 3708.589165250929
 5709.31514652558 -10329.06447754574 20794.84734534924 -3861.780960583651 8998.196578611612
 6364.127891700844 -240.8988692430539 -5508.290578057798 8766.757618954809 -9322.858562785259
 -6656.268131236139 6353.222260248825 3061.895208913224 6774.301502112063 -9499.130554024872
 -6656.268131236139 6353.222260248825 3061.895208913224 6774.301502112063 -9499.130554024872
 -6656.268131236139 6353.222260248825 3061.895208913224 6774.301502112063 -9499.130554024872
 2189.275698450754 7486.643707972991 -7553.725904363424 -7579.595443678952 5364.551351861375
 5614.702963097383 4449.512954843085 -5397.409262292986 -7665.982554150118 -4936.776629100871
 2189.275698450754 7486.643707972991 -7553.725904363424 -7579.595443678952 5364.551351861375
 -17511.34958259878 -2372.079935896171 -21544.14564365691 -2939.779691068953 9741.44127451567
 14435.67017172824 17963.09135980545 -10712.12606027536 27538.66141905038 -19432.00194418357
 -2414.363282377113 -8218.254152526752 3604.000605923229 6664.97002484593 325.0701981889652
 -2943.227524960973 9393.285554988768 -8781.118458437786 3261.108783444901 -833.4997651293234
 2189.275698450754 7486.643707972991 -7553.725904363424 -7579.595443678952 5364.551351861375
 19736.5859747828 -13600.62043462488 -12265.38580646917 -1587.43161679716 15417.15911163892
 5298.025141654018 -19922.07623639776 -9466.513238247626 13246.3048165391 22553.20650828552
 -6656.268131236139 6353.222260248825 3061.895208913224 6774.301502112063 -9499.130554024872
 3933.225084888488 -24615.11060568447 -42191.60200224459 28781.53201194514 21467.88228177087
 21469.29761040599 -28893.61770474923 -23474.27916211778 16940.55454652716 12929.0048027517
 7980.28689445178 -164.6890344898457 7547.028088441159 -9966.138420240342 -5733.403386589674
 6364.127891700844 -240.8988692430539 -5508.290578057798 8766.757618954809 -9322.858562785259
 -6656.268131236139 6353.222260248825 3061.895208913224 6774.301502112063 -9499.130554024872
 -8150.092629568082 25694.78297382533 -461.5787526297245 -35702.99089078897 7792.52185117909
 -2414.363282377113 -8218.254152526752 3604.000605923229 6664.97002484593 325.0701981889652
 8826.476381092412 9559.715611103165 9579.972893807764 1152.17685810436 -1759.252035191323
 -9742.177575734479 2613.502148915741 3932.274561087814 -76.4583381180073 3940.446146528911
 1566.58267220372 -968.4041710673555 1930.62301358018 -7256.275366540504 4630.538662552881
 6248.355997132909 5838.665734978758 -7042.250195374041 -2588.612168040566 8431.74833870546
 3867.528299911262 -3952.663094250754 -8018.065987306783 -1939.741628765253 -7333.872219484387
 -6656.268131236139 6353.222260248825 3061.895208913224 6774.301502112063 -9499.130554024872
 -2943.227524960973 9393.285554988768 -8781.118458437786 3261.108783444901 -833.4997651293234
 5972.577366862426 1039.190462573833 9310.788342333588 -7284.672154665558 -8455.08610448027
 6364.127891700844 -240.8988692430539 -5508.290578057798 8766.757618954809 -9322.858562785259
 40680.25919419031 -29339.47227122766 18227.11323803378 38602.79384747336 3151.207081054705
 -6656.268131236139 6353.222260248825 3061.895208913224 6774.301502112063 -9499.130554024872
 -308.3261151130318 -8232.34596527656 6832.103510423574 -1533.934056194883 7920.957959361836
 -6656.268131236139 6353.222260248825 3061.895208913224 6774.301502112063 -9499.130554024872
 -6656.268131236139 6353.222260248825 3061.895208913224 6774.301502112063 -9499.130554024872
 -9742.177575734479 2613.502148915741 3932.274561087814 -76.4583381180073 3940.446146528911
 4796.582120383227 -8525.658933589761 3777.993606481808 -9354.931087468374 9836.711941878144
 -5808.434348575814 -1713.071630695589 -3090.901980578113 8858.37419516626 6946.391670639539
 2740.034468223808 -4607.757765081554 3829.725030343221 6780.988582220078 -9437.018945848102
 -9365.170408079392 5051.656791962134 5204.431334243607 9718.97481004459 -9041.989731527243
 4658.696665490501 -1407.885966725345 -7366.688695278848 6292.243542708147 -2340.274052249169
 6364.127891700844 -240.8988692430539 -5508.290578057798 8766.757618954809 -9322.858562785259
 -5807.182206667604 -1931.296927743126 4624.484331034724 -5107.296242684873 9463.55255126351
 -9416.814656228727 8923.72496278019 -6296.072903888385 6649.288341595795 -73.79851748131659
 214.9462185467964 -11626.11147992972 -20116.79494290815 -1934.851768651884 33503.74188884325
 3485.238972267533 -9608.358447259503 9125.716914489622 -7221.474818834147 -3311.690430986344
 -2414.363282377113 -8218.254152526752 3604.000605923229 6664.97002484593 325.0701981889652
 783.0430501585324 365.0192377468338 4248.734717530544 -4574.141397899566 9751.669151178146
 -8945.805483637816 9709.564454548927 -3000.115049078834 -3075.731730624837 5206.641241662439
 -3130.498042393194 -7719.503642954325 -1851.061756266822 4522.213934612664 8123.091467376813
 -3130.498042393194 -7719.503642954325 -1851.061756266822 4522.213934612664 8123.091467376813
 -6656.268131236139 6353.222260248825 3061.895208913224 6774.301502112063 -9499.130554024872
 8504.820708747433 -3266.299039780335 -4930.563767277422 1519.835391918037 -1844.611367073909
 8398.348920149368 -4521.467968139773 7074.011772812777 1018.026898463919 -4298.668369367514
 -6656.268131236139 6353.222260248825 3061.895208913224 6774.301502112063 -9499.130554024872
 -3130.498042393194 -7719.503642954325 -1851.061756266822 4522.213934612664 8123.091467376813
 -2943.227524960973 9393.285554988768 -8781.118458437786 3261.108783444901 -833.4997651293234
 30056.27642595868 4739.614779587157 -11801.73877991965 -17447.15771007744 -12856.74208283446
 -6656.268131236139 6353.222260248825 3061.895208913224 6774.301502112063 -9499.130554024872
 -4566.386809025837 7337.942335288379 2637.982578587635 -932.5737835375476 -3568.257959574757
 1566.58267220372 -968.4041710673555 1930.62301358018 -7256.275366540504 4630.538662552881
 -6656.268131236139 6353.222260248825 3061.895208913224 6774.301502112063 -9499.130554024872
 -23839.67759912091 -6477.58127677327 -6262.480480633611 20825.3604959188 -16710.38949299857
 -6656.268131236139 6353.222260248825 3061.895208913224 6774.301502112063 -9499.130554024872
 6495.400360907806 -5041.46013049669 -195.2750497849156 -3431.840416864575 2725.995123390825
 -3477.240447318119 6300.967868649155 4698.016286514126 -7440.812094211312 3195.791106764043
 -14207.31206259914 21905.59461769159 16579.06530470209 2213.930869347009 -1318.113407900474
 -20640.22475090404 2335.536865962088 -1832.689606469438 389.080604794799 29755.9840495226
 -6656.268131236139 6353.222260248825 3061.895208913224 6774.301502112063 -9499.130554024872
 -2414.363282377113 -8218.254152526752 3604.000605923229 6664.97002484593 325.0701981889652
 -6656.268131236139 6353.222260248825 3061.895208913224 6774.301502112063 -9499.130554024872
 -2414.363282377113 -8218.254152526752 3604.000605923229 6664.97002484593 325.0701981889652
 503.1571438308802 -42707.49619713522 28905.45427432112 1302.128914291889 27504.83334428552
