# Created by Octave 4.2.1, Mon Oct 09 17:37:13 2017 BRT <root@mosqueiro>
# name: pop
# type: matrix
# rows: 1000
# columns: 5
 1389.097614218897 -8639.55177742452 -6443.855773281908 10265.72369784989 3454.552045647862
 1389.097614218897 -8639.55177742452 -6443.855773281908 10265.72369784989 3454.552045647862
 1389.097614218897 -8639.55177742452 -6443.855773281908 10265.72369784989 3454.552045647862
 1389.097614218897 -8639.55177742452 -6443.855773281908 10265.72369784989 3454.552045647862
 1389.097614218897 -8639.55177742452 -6443.855773281908 10265.72369784989 3454.552045647862
 10814.09228640785 -5776.628792306414 -8197.745323323463 12492.44527360509 -5501.814339959747
 5683.268527080751 -5451.938868865103 -7631.749557940065 8725.463484760568 4310.639805813679
 3069.186883280454 -6932.815978323069 -6616.08464653239 6858.316249444368 3656.422301383605
 3069.186883280454 -6932.815978323069 -6616.08464653239 6858.316249444368 3656.422301383605
 3069.186883280454 -6932.815978323069 -6616.08464653239 6858.316249444368 3656.422301383605
 7399.777834447399 -7826.825007069257 -21732.99795972248 18816.35045506469 14356.43677646567
 2571.301362302684 -9482.616224744061 -8891.914814282476 1546.477756648374 3598.836670284135
 7399.777834447399 -7826.825007069257 -21732.99795972248 18816.35045506469 14356.43677646567
 2895.517311391296 -12441.82324200846 -5407.598689049248 9762.566158309141 -4088.028704214404
 20733.0411878791 -9072.99223643593 11477.90467502253 -2024.960974620237 -9551.815953196561
 8456.23381114284 -7017.679110956403 -15891.8754104567 6925.446633800906 316.3922476395551
 5586.007266113797 -5174.986071653169 -8842.571347043136 5924.045659269569 1238.000911366589
 1504.578641417051 -6500.763013423284 -9246.232610166957 8743.293970127243 9407.174469613776
 3069.186883280454 -6932.815978323069 -6616.08464653239 6858.316249444368 3656.422301383605
 1389.097614218897 -8639.55177742452 -6443.855773281908 10265.72369784989 3454.552045647862
 3069.186883280454 -6932.815978323069 -6616.08464653239 6858.316249444368 3656.422301383605
 3069.186883280454 -6932.815978323069 -6616.08464653239 6858.316249444368 3656.422301383605
 2267.47005394495 -8459.649253637468 -11202.63076890036 2183.786567839795 1707.285430608096
 1389.097614218897 -8639.55177742452 -6443.855773281908 10265.72369784989 3454.552045647862
 6022.058348430746 -7789.806772785691 -7461.280734238606 6851.954033434306 2162.603618061542
 3069.186883280454 -6932.815978323069 -6616.08464653239 6858.316249444368 3656.422301383605
 3069.186883280454 -6932.815978323069 -6616.08464653239 6858.316249444368 3656.422301383605
 1389.097614218897 -8639.55177742452 -6443.855773281908 10265.72369784989 3454.552045647862
 9007.237162970036 -11600.93160873654 -6897.185543530791 287.8339834872122 -290.0379592463532
 3069.186883280454 -6932.815978323069 -6616.08464653239 6858.316249444368 3656.422301383605
 3069.186883280454 -6932.815978323069 -6616.08464653239 6858.316249444368 3656.422301383605
 2392.075104283066 -4513.713358600711 -12059.16255020736 4823.331249947607 3249.118046560238
 3069.186883280454 -6932.815978323069 -6616.08464653239 6858.316249444368 3656.422301383605
 12112.8914494405 -501.6665899119323 -14661.79382575057 8046.643896844412 -3825.431614253389
 2485.544130462288 8766.159067612985 -17241.75567648017 13489.20554500889 4179.762690794532
 1389.097614218897 -8639.55177742452 -6443.855773281908 10265.72369784989 3454.552045647862
 3069.186883280454 -6932.815978323069 -6616.08464653239 6858.316249444368 3656.422301383605
 3069.186883280454 -6932.815978323069 -6616.08464653239 6858.316249444368 3656.422301383605
 3069.186883280454 -6932.815978323069 -6616.08464653239 6858.316249444368 3656.422301383605
 3069.186883280454 -6932.815978323069 -6616.08464653239 6858.316249444368 3656.422301383605
 3069.186883280454 -6932.815978323069 -6616.08464653239 6858.316249444368 3656.422301383605
 3069.186883280454 -6932.815978323069 -6616.08464653239 6858.316249444368 3656.422301383605
 1389.097614218897 -8639.55177742452 -6443.855773281908 10265.72369784989 3454.552045647862
 2643.669735646685 -9719.232682870934 -3959.11767218938 8767.449714406026 4561.799768550312
 3491.785070217546 -13776.55327457536 -15059.69168909246 1387.053553372317 10919.10385855113
 3069.186883280454 -6932.815978323069 -6616.08464653239 6858.316249444368 3656.422301383605
 3069.186883280454 -6932.815978323069 -6616.08464653239 6858.316249444368 3656.422301383605
 2485.544130462288 8766.159067612985 -17241.75567648017 13489.20554500889 4179.762690794532
 3069.186883280454 -6932.815978323069 -6616.08464653239 6858.316249444368 3656.422301383605
 3491.785070217546 -13776.55327457536 -15059.69168909246 1387.053553372317 10919.10385855113
 3069.186883280454 -6932.815978323069 -6616.08464653239 6858.316249444368 3656.422301383605
 3069.186883280454 -6932.815978323069 -6616.08464653239 6858.316249444368 3656.422301383605
 3313.61151151936 -5147.866379960182 -9611.653545510904 14252.8280718725 3313.13379805298
 3069.186883280454 -6932.815978323069 -6616.08464653239 6858.316249444368 3656.422301383605
 1389.097614218897 -8639.55177742452 -6443.855773281908 10265.72369784989 3454.552045647862
 -3483.219905118237 -4060.893895967567 -5415.731011176475 1205.336424783399 26596.78041346801
 3069.186883280454 -6932.815978323069 -6616.08464653239 6858.316249444368 3656.422301383605
 3069.186883280454 -6932.815978323069 -6616.08464653239 6858.316249444368 3656.422301383605
 22678.64071567051 2818.195864258965 1597.42563079244 -1391.651733082863 -14201.7406410756
 3069.186883280454 -6932.815978323069 -6616.08464653239 6858.316249444368 3656.422301383605
 6840.529231263892 -2388.074759974955 -9456.539017666913 9358.965258572865 5622.271980260726
 24735.41842589202 -39157.46719845622 15219.96177058333 5013.124415042648 3924.777568742251
 28980.95168938814 -13199.44787794001 -365.4812671156442 5160.882362045389 395.0132777445961
 123.6159967978876 -14740.34221777381 -2559.460835879529 5628.304464797524 -2311.644790818681
 3069.186883280454 -6932.815978323069 -6616.08464653239 6858.316249444368 3656.422301383605
 5561.889650529836 -7461.480672238732 -1331.985028334401 4528.010567983905 3026.180946472623
 2658.78277439729 -9850.799716142134 -9443.155167982144 6803.57586989463 7893.398054183815
 3069.186883280454 -6932.815978323069 -6616.08464653239 6858.316249444368 3656.422301383605
 1389.097614218897 -8639.55177742452 -6443.855773281908 10265.72369784989 3454.552045647862
 3069.186883280454 -6932.815978323069 -6616.08464653239 6858.316249444368 3656.422301383605
 3491.785070217546 -13776.55327457536 -15059.69168909246 1387.053553372317 10919.10385855113
 3069.186883280454 -6932.815978323069 -6616.08464653239 6858.316249444368 3656.422301383605
 1389.097614218897 -8639.55177742452 -6443.855773281908 10265.72369784989 3454.552045647862
 3069.186883280454 -6932.815978323069 -6616.08464653239 6858.316249444368 3656.422301383605
 3069.186883280454 -6932.815978323069 -6616.08464653239 6858.316249444368 3656.422301383605
 3069.186883280454 -6932.815978323069 -6616.08464653239 6858.316249444368 3656.422301383605
 3069.186883280454 -6932.815978323069 -6616.08464653239 6858.316249444368 3656.422301383605
 3069.186883280454 -6932.815978323069 -6616.08464653239 6858.316249444368 3656.422301383605
 1389.097614218897 -8639.55177742452 -6443.855773281908 10265.72369784989 3454.552045647862
 -1670.556125553475 -5348.710644433226 -14087.49211586411 8613.513033140789 3237.657046669453
 1389.097614218897 -8639.55177742452 -6443.855773281908 10265.72369784989 3454.552045647862
 3069.186883280454 -6932.815978323069 -6616.08464653239 6858.316249444368 3656.422301383605
 3069.186883280454 -6932.815978323069 -6616.08464653239 6858.316249444368 3656.422301383605
 3069.186883280454 -6932.815978323069 -6616.08464653239 6858.316249444368 3656.422301383605
 3581.327981774789 -8854.794435000229 -10882.12144417244 6251.415905917638 4253.419607439332
