# Created by Octave 4.2.1, Mon Oct 09 17:45:21 2017 BRT <root@mosqueiro>
# name: pop
# type: matrix
# rows: 1000
# columns: 5
 1894.637205966481 -7735.997041009339 -5816.445068929302 9337.002777603209 2319.591936130038
 1894.554701761723 -7736.347247549912 -5816.061605223731 9337.2499404593 2319.394041748422
 1894.554701761723 -7736.347247549912 -5816.061605223731 9337.2499404593 2319.394041748422
 1894.554701761723 -7736.347247549912 -5816.061605223731 9337.2499404593 2319.394041748422
 1894.554701761723 -7736.347247549912 -5816.061605223731 9337.2499404593 2319.394041748422
 1894.644548031605 -7735.961427578202 -5816.468632433778 9336.985664880287 2319.589788425563
 1894.644548031605 -7735.961427578202 -5816.468632433778 9336.985664880287 2319.589788425563
 1894.5401324838 -7736.342679888298 -5816.056855198106 9337.244155856519 2319.371002129494
 1894.63078678875 -7735.96570788648 -5816.43511540208 9336.979793136456 2319.586368688131
 1894.637027884957 -7735.996457248609 -5816.445550733404 9337.002666154485 2319.59209548783
 1894.642327013295 -7735.978848255641 -5816.443265756815 9337.003372730407 2319.567102685196
 1894.644548031605 -7735.961427578202 -5816.468632433778 9336.985664880287 2319.589788425563
 1894.644548031605 -7735.961427578202 -5816.468632433778 9336.985664880287 2319.589788425563
 1894.554701761723 -7736.347247549912 -5816.061605223731 9337.2499404593 2319.394041748422
 1894.637205966481 -7735.997041009339 -5816.445068929302 9337.002777603209 2319.591936130038
 1894.630859866443 -7735.975065800178 -5816.451989482012 9336.975542140826 2319.610936864593
 1894.637027884957 -7735.996457248609 -5816.445550733404 9337.002666154485 2319.59209548783
 1894.637073785748 -7735.998255871849 -5816.444036116019 9337.002866765679 2319.592142353524
 1894.644548031605 -7735.961427578202 -5816.468632433778 9336.985664880287 2319.589788425563
 1894.701711037437 -7735.921551375397 -5816.445666404218 9336.906157863443 2319.549062283647
 1894.640551734718 -7735.977767072672 -5816.444459297644 9337.004613883333 2319.567375928607
 1894.637027884957 -7735.996457248609 -5816.445550733404 9337.002666154485 2319.59209548783
 1894.547384573162 -7735.897652139086 -5816.454634161983 9336.988216417771 2319.609892752493
 1894.637067976765 -7735.961687695717 -5816.439427566595 9336.958488675282 2319.595300764091
 1894.663573436487 -7736.0435048083 -5816.58693585055 9337.125512823846 2319.631108287364
 1894.644548031605 -7735.961427578202 -5816.468632433778 9336.985664880287 2319.589788425563
 1894.63078678875 -7735.96570788648 -5816.43511540208 9336.979793136456 2319.586368688131
 1894.644332565458 -7735.961501275193 -5816.469630053142 9336.98545839799 2319.590001420346
 1894.637027884957 -7735.996457248609 -5816.445550733404 9337.002666154485 2319.59209548783
 1894.663533914607 -7736.045601014453 -5816.563163221282 9337.114286202563 2319.638539407296
 1894.701711037437 -7735.921551375397 -5816.445666404218 9336.906157863443 2319.549062283647
 1894.701138630887 -7735.921926555377 -5816.445495345105 9336.906590912351 2319.549454877986
 1894.644064158419 -7735.962189857588 -5816.467650774064 9336.985465688189 2319.589688958171
 1894.643989464273 -7735.963446851152 -5816.46908447162 9336.986107904229 2319.58822528567
 1894.637027884957 -7735.996457248609 -5816.445550733404 9337.002666154485 2319.59209548783
 1894.640502467206 -7735.978689383664 -5816.445505143249 9337.007276211116 2319.558137769868
 1894.637073785748 -7735.998255871849 -5816.444036116019 9337.002866765679 2319.592142353524
 1894.644548031605 -7735.961427578202 -5816.468632433778 9336.985664880287 2319.589788425563
 1894.663573436487 -7736.0435048083 -5816.58693585055 9337.125512823846 2319.631108287364
 1894.555764451814 -7736.342349177852 -5816.056682373383 9337.247028625519 2319.390109767008
 1894.663573436487 -7736.0435048083 -5816.58693585055 9337.125512823846 2319.631108287364
 1894.644548031605 -7735.961427578202 -5816.468632433778 9336.985664880287 2319.589788425563
 1894.630859866443 -7735.975065800178 -5816.451989482012 9336.975542140826 2319.610936864593
 1894.644548031605 -7735.961427578202 -5816.468632433778 9336.985664880287 2319.589788425563
 1894.555764451814 -7736.342349177852 -5816.056682373383 9337.247028625519 2319.390109767008
 1894.637027884957 -7735.996457248609 -5816.445550733404 9337.002666154485 2319.59209548783
 1894.637027884957 -7735.996457248609 -5816.445550733404 9337.002666154485 2319.59209548783
 1894.701711037437 -7735.921551375397 -5816.445666404218 9336.906157863443 2319.549062283647
 1894.630859866443 -7735.975065800178 -5816.451989482012 9336.975542140826 2319.610936864593
 1894.637073785748 -7735.998255871849 -5816.444036116019 9337.002866765679 2319.592142353524
 1894.644020067068 -7735.961038891198 -5816.467907313796 9336.984985463629 2319.59003791361
 1894.643847664542 -7735.961774711571 -5816.468501650249 9336.986568163615 2319.590055094912
 1894.631521251646 -7735.965247404313 -5816.434750378497 9336.979699008732 2319.586638209871
 1894.64567164786 -7735.961804582906 -5816.467551999796 9336.985927095355 2319.58900498569
 1894.537705300551 -7735.889080674979 -5816.440643004554 9336.984900538715 2319.597011062959
 1894.644548031605 -7735.961427578202 -5816.468632433778 9336.985664880287 2319.589788425563
 1894.663573436487 -7736.0435048083 -5816.58693585055 9337.125512823846 2319.631108287364
 1894.554701761723 -7736.347247549912 -5816.061605223731 9337.2499404593 2319.394041748422
 1894.637472315257 -7735.995938863492 -5816.445264203184 9337.001549784898 2319.592034672653
 1882.522927499305 -7744.731651353686 -5803.337015596947 9346.436055272778 2322.55493406673
 1894.63635199605 -7735.996798074773 -5816.445569083785 9337.002047038888 2319.592158314113
 1894.644548031605 -7735.961427578202 -5816.468632433778 9336.985664880287 2319.589788425563
 1894.554701761723 -7736.347247549912 -5816.061605223731 9337.2499404593 2319.394041748422
 1894.644548031605 -7735.961427578202 -5816.468632433778 9336.985664880287 2319.589788425563
 1894.701711037437 -7735.921551375397 -5816.445666404218 9336.906157863443 2319.549062283647
 1894.701711037437 -7735.921551375397 -5816.445666404218 9336.906157863443 2319.549062283647
 1894.644548031605 -7735.961427578202 -5816.468632433778 9336.985664880287 2319.589788425563
 1894.630859866443 -7735.975065800178 -5816.451989482012 9336.975542140826 2319.610936864593
 1894.636763213652 -7735.996632383902 -5816.445834372837 9337.002285746657 2319.59235698051
 1894.701711037437 -7735.921551375397 -5816.445666404218 9336.906157863443 2319.549062283647
 1894.701711037437 -7735.921551375397 -5816.445666404218 9336.906157863443 2319.549062283647
 1894.644548031605 -7735.961427578202 -5816.468632433778 9336.985664880287 2319.589788425563
 1894.637027884957 -7735.996457248609 -5816.445550733404 9337.002666154485 2319.59209548783
 1894.701711037437 -7735.921551375397 -5816.445666404218 9336.906157863443 2319.549062283647
 1894.701711037437 -7735.921551375397 -5816.445666404218 9336.906157863443 2319.549062283647
 1894.554701761723 -7736.347247549912 -5816.061605223731 9337.2499404593 2319.394041748422
 1894.660786145716 -7735.939041826102 -5816.451599177877 9336.965432515706 2319.558799370808
 1894.537705300551 -7735.889080674979 -5816.440643004554 9336.984900538715 2319.597011062959
 1894.637205966481 -7735.997041009339 -5816.445068929302 9337.002777603209 2319.591936130038
 1894.701711037437 -7735.921551375397 -5816.445666404218 9336.906157863443 2319.549062283647
 1894.644797683977 -7735.961731444711 -5816.468574257105 9336.985386101744 2319.589906392803
 1894.644020067068 -7735.961038891198 -5816.467907313796 9336.984985463629 2319.59003791361
 1894.701711037437 -7735.921551375397 -5816.445666404218 9336.906157863443 2319.549062283647
 1894.663639480604 -7736.04304317551 -5816.586867751626 9337.1249288412 2319.630517140849
 1894.637027884957 -7735.996457248609 -5816.445550733404 9337.002666154485 2319.59209548783
