# Created by Octave 4.2.1, Mon Oct 09 18:49:21 2017 BRT <root@mosqueiro>
# name: pop
# type: matrix
# rows: 1000
# columns: 5
 9081.243637689218 -7533.83737053099 1009.04434513488 -5823.866127758537 3266.7218912418
 9081.243637689218 -7533.83737053099 1009.04434513488 -5823.866127758537 3266.7218912418
 9081.243637689218 -7533.83737053099 1009.04434513488 -5823.866127758537 3266.7218912418
 9081.243637689218 -7533.83737053099 1009.04434513488 -5823.866127758537 3266.7218912418
 9081.243637689218 -7533.83737053099 1009.04434513488 -5823.866127758537 3266.7218912418
 9081.926996880327 -7534.193125914137 1008.441673114951 -5823.708184043399 3266.869812548241
 9082.112143977089 -7533.331753113351 1007.729300876282 -5823.024230506736 3265.817427614803
 9082.350469366582 -7494.353405413507 981.1450526227173 -5884.375288045928 3314.568151268998
 9082.112143977089 -7533.331753113351 1007.729300876282 -5823.024230506736 3265.817427614803
 9075.840315288797 -7496.111342909548 981.8857190154594 -5880.513654528233 3318.393803008174
 9080.991545203173 -7533.753947175249 1008.984400092105 -5823.690635557399 3266.771916475308
 9080.991545203173 -7533.753947175249 1008.984400092105 -5823.690635557399 3266.771916475308
 9082.112143977089 -7533.331753113351 1007.729300876282 -5823.024230506736 3265.817427614803
 9082.765933897987 -7498.378756661972 980.8182017248783 -5881.845737117307 3316.093229840315
 9081.926996880327 -7534.193125914137 1008.441673114951 -5823.708184043399 3266.869812548241
 9075.524793442135 -7496.547065172394 982.3962633022179 -5880.305557540834 3318.238291504811
 9946.70162238836 -3713.590965074484 -996.1899419343279 -6321.324048589333 1084.425364041522
 9081.105677516964 -7548.031871287813 1020.532916715105 -5827.00475077581 3272.730588741172
 9080.991545203173 -7533.753947175249 1008.984400092105 -5823.690635557399 3266.771916475308
 9081.243637689218 -7533.83737053099 1009.04434513488 -5823.866127758537 3266.7218912418
 9082.350469366582 -7494.353405413507 981.1450526227173 -5884.375288045928 3314.568151268998
 9080.991545203173 -7533.753947175249 1008.984400092105 -5823.690635557399 3266.771916475308
 9082.112143977089 -7533.331753113351 1007.729300876282 -5823.024230506736 3265.817427614803
 9082.684238642139 -7498.315296360376 980.6459591449308 -5881.557128849217 3315.841195368849
 9081.926996880327 -7534.193125914137 1008.441673114951 -5823.708184043399 3266.869812548241
 9080.991545203173 -7533.753947175249 1008.984400092105 -5823.690635557399 3266.771916475308
 9080.991545203173 -7533.753947175249 1008.984400092105 -5823.690635557399 3266.771916475308
 9082.112143977089 -7533.331753113351 1007.729300876282 -5823.024230506736 3265.817427614803
 9082.350469366582 -7494.353405413507 981.1450526227173 -5884.375288045928 3314.568151268998
 9080.991545203173 -7533.753947175249 1008.984400092105 -5823.690635557399 3266.771916475308
 9081.72046337248 -7534.900053318904 1008.29586966893 -5823.342995700173 3266.90425006941
 9081.243637689218 -7533.83737053099 1009.04434513488 -5823.866127758537 3266.7218912418
 9082.066741101307 -7534.018187049983 1008.585116685446 -5823.583018747847 3266.752334480538
 9080.737468126259 -7533.870938316468 1008.938858774076 -5823.698625001733 3266.721378610928
 9946.525778462194 -3713.734054400839 -996.2225714365965 -6320.408455587656 1083.704987600093
 9080.991545203173 -7533.753947175249 1008.984400092105 -5823.690635557399 3266.771916475308
 9082.350469366582 -7494.353405413507 981.1450526227173 -5884.375288045928 3314.568151268998
 9080.912533749302 -7533.56818400114 1008.970229283848 -5823.595366658737 3266.582024611242
 9082.350469366582 -7494.353405413507 981.1450526227173 -5884.375288045928 3314.568151268998
 9081.243637689218 -7533.83737053099 1009.04434513488 -5823.866127758537 3266.7218912418
 9081.243637689218 -7533.83737053099 1009.04434513488 -5823.866127758537 3266.7218912418
 9081.105677516964 -7548.031871287813 1020.532916715105 -5827.00475077581 3272.730588741172
 9075.643027909216 -7496.014589467673 981.9063505661379 -5880.564896289 3318.329072356384
 9082.47792228443 -7494.197002364221 981.1454144383421 -5884.33675681225 3314.71061652248
 9081.162836652209 -7547.931575608926 1020.544529127768 -5826.95236497625 3272.758655383938
 9081.926996880327 -7534.193125914137 1008.441673114951 -5823.708184043399 3266.869812548241
 9081.020254236109 -7533.811136129467 1008.940607623964 -5823.593219039928 3266.734033001779
 9082.112143977089 -7533.331753113351 1007.729300876282 -5823.024230506736 3265.817427614803
 9082.765933897987 -7498.378756661972 980.8182017248783 -5881.845737117307 3316.093229840315
 9082.112143977089 -7533.331753113351 1007.729300876282 -5823.024230506736 3265.817427614803
 9080.991545203173 -7533.753947175249 1008.984400092105 -5823.690635557399 3266.771916475308
 9081.243637689218 -7533.83737053099 1009.04434513488 -5823.866127758537 3266.7218912418
 9081.243637689218 -7533.83737053099 1009.04434513488 -5823.866127758537 3266.7218912418
 9082.112143977089 -7533.331753113351 1007.729300876282 -5823.024230506736 3265.817427614803
 9075.524793442135 -7496.547065172394 982.3962633022179 -5880.305557540834 3318.238291504811
 9080.991545203173 -7533.753947175249 1008.984400092105 -5823.690635557399 3266.771916475308
 9081.869044433235 -7493.772828505986 980.7834641712903 -5884.685762858599 3315.003948907977
 9082.350469366582 -7494.353405413507 981.1450526227173 -5884.375288045928 3314.568151268998
 9081.243637689218 -7533.83737053099 1009.04434513488 -5823.866127758537 3266.7218912418
 9081.882614507251 -7493.74388157386 980.8072214987847 -5884.697988248579 3315.069544042293
 9082.290286527743 -7534.656823762611 1008.387831524035 -5823.685370587947 3267.088957298441
 9081.285646913044 -7547.842779711208 1020.458058429283 -5827.106138395592 3272.296063878503
 9081.826905929976 -7495.533697558923 973.7737481486064 -5877.094469542196 3316.255136089564
 9081.105677516964 -7548.031871287813 1020.532916715105 -5827.00475077581 3272.730588741172
 9082.350469366582 -7494.353405413507 981.1450526227173 -5884.375288045928 3314.568151268998
 9082.112143977089 -7533.331753113351 1007.729300876282 -5823.024230506736 3265.817427614803
 9075.524793442135 -7496.547065172394 982.3962633022179 -5880.305557540834 3318.238291504811
 9081.653339359516 -7533.888040764513 1008.426769514867 -5823.611042934827 3266.825761181526
 9075.524793442135 -7496.547065172394 982.3962633022179 -5880.305557540834 3318.238291504811
 9080.991545203173 -7533.753947175249 1008.984400092105 -5823.690635557399 3266.771916475308
 9080.983234077412 -7533.752977838664 1008.990834240064 -5823.697021528335 3266.818740027455
 9082.112143977089 -7533.331753113351 1007.729300876282 -5823.024230506736 3265.817427614803
 9081.926996880327 -7534.193125914137 1008.441673114951 -5823.708184043399 3266.869812548241
 9080.991545203173 -7533.753947175249 1008.984400092105 -5823.690635557399 3266.771916475308
 9080.991545203173 -7533.753947175249 1008.984400092105 -5823.690635557399 3266.771916475308
 9081.243637689218 -7533.83737053099 1009.04434513488 -5823.866127758537 3266.7218912418
 9083.298054824492 -7498.244292225915 981.0326529889818 -5882.504748467146 3315.701745671994
 9080.991545203173 -7533.753947175249 1008.984400092105 -5823.690635557399 3266.771916475308
 9075.608202444577 -7496.719111126255 982.3712355178435 -5880.24721320879 3318.244409368437
 9081.243637689218 -7533.83737053099 1009.04434513488 -5823.866127758537 3266.7218912418
 9081.927441245562 -7534.228321157128 1008.415030836329 -5823.638947404923 3266.912853174645
 9081.701575496032 -7533.908873204612 1008.378502870141 -5823.691384425715 3266.823220689828
 9082.350469366582 -7494.353405413507 981.1450526227173 -5884.375288045928 3314.568151268998
 9075.768210846894 -7496.079630946848 981.7990331557778 -5880.496617976005 3318.323692849943
 9082.823283350495 -7498.317887448368 980.6961940608772 -5881.964003055641 3315.959838289662
