# Created by Octave 4.2.1, Mon Oct 09 17:47:43 2017 BRT <root@mosqueiro>
# name: pop
# type: matrix
# rows: 1000
# columns: 5
 1894.701559579976 -7735.921233251446 -5816.445618448593 9336.905975947702 2319.54913430743
 1894.637099122143 -7735.998358732291 -5816.444134901815 9337.003186544742 2319.592026129777
 1894.637099116228 -7735.998358765341 -5816.444134883469 9337.003186351449 2319.592026309155
 1894.637184313818 -7735.99618391132 -5816.445801344513 9337.002625583886 2319.591993501715
 1894.637213735282 -7735.997039875018 -5816.445070137809 9337.002775962477 2319.591938464169
 1894.637213712653 -7735.997039768279 -5816.445070082795 9337.00277582427 2319.591938391826
 1894.637099044093 -7735.99835868242 -5816.444134826878 9337.003186298554 2319.592026314109
 1894.637099117529 -7735.998358732921 -5816.444134829037 9337.003186367527 2319.592026253327
 1894.637201414172 -7735.9970137924 -5816.445081662269 9337.002756087639 2319.591947851325
 1894.637201414172 -7735.9970137924 -5816.445081662269 9337.002756087639 2319.591947851325
 1894.637099117529 -7735.998358732921 -5816.444134829037 9337.003186367527 2319.592026253327
 1894.554702137667 -7736.347286259854 -5816.061525408671 9337.249916395129 2319.394006451981
 1894.637099117529 -7735.998358732921 -5816.444134829037 9337.003186367527 2319.592026253327
 1894.701559323562 -7735.921233205526 -5816.445618523493 9336.905975880913 2319.549134604057
 1894.701559433615 -7735.921233139703 -5816.445618339862 9336.905975985448 2319.549134406272
 1894.701561083816 -7735.92123120328 -5816.44561854294 9336.905977399505 2319.549133417795
 1894.637213712653 -7735.997039768279 -5816.445070082795 9337.00277582427 2319.591938391826
 1894.701559323562 -7735.921233205526 -5816.445618523493 9336.905975880913 2319.549134604057
 1894.701559323562 -7735.921233205526 -5816.445618523493 9336.905975880913 2319.549134604057
 1894.701559433615 -7735.921233139703 -5816.445618339862 9336.905975985448 2319.549134406272
 1894.637099117529 -7735.998358732921 -5816.444134829037 9337.003186367527 2319.592026253327
 1894.637099117529 -7735.998358732921 -5816.444134829037 9337.003186367527 2319.592026253327
 1894.701559433615 -7735.921233139703 -5816.445618339862 9336.905975985448 2319.549134406272
 1894.701559323562 -7735.921233205526 -5816.445618523493 9336.905975880913 2319.549134604057
 1894.637099117529 -7735.998358732921 -5816.444134829037 9337.003186367527 2319.592026253327
 1894.701559433615 -7735.921233139703 -5816.445618339862 9336.905975985448 2319.549134406272
 1894.637213712653 -7735.997039768279 -5816.445070082795 9337.00277582427 2319.591938391826
 1894.701559342284 -7735.921233050686 -5816.445618280992 9336.905975974472 2319.549134470098
 1894.701559433615 -7735.921233139703 -5816.445618339862 9336.905975985448 2319.549134406272
 1894.701559323562 -7735.921233205526 -5816.445618523493 9336.905975880913 2319.549134604057
 1894.701559323562 -7735.921233205526 -5816.445618523493 9336.905975880913 2319.549134604057
 1894.55470089282 -7736.347283058959 -5816.061524736294 9337.249916589955 2319.394006147054
 1894.701559433615 -7735.921233139703 -5816.445618339862 9336.905975985448 2319.549134406272
 1894.554701761723 -7736.347247549912 -5816.061605223731 9337.2499404593 2319.394041748422
 1894.701559433615 -7735.921233139703 -5816.445618339862 9336.905975985448 2319.549134406272
 1894.637099117529 -7735.998358732921 -5816.444134829037 9337.003186367527 2319.592026253327
 1894.637213712653 -7735.997039768279 -5816.445070082795 9337.00277582427 2319.591938391826
 1894.637099116228 -7735.998358765341 -5816.444134883469 9337.003186351449 2319.592026309155
 1894.701559282757 -7735.921233648225 -5816.445619022677 9336.905976743577 2319.549134437238
 1894.637235850749 -7735.996982809176 -5816.445096707522 9337.002779298715 2319.591922874375
 1894.701559433615 -7735.921233139703 -5816.445618339862 9336.905975985448 2319.549134406272
 1894.701559486876 -7735.921233192741 -5816.445618539663 9336.905975931293 2319.549134331819
 1894.701559598 -7735.921233266258 -5816.445618269232 9336.905975957319 2319.549134481198
 1894.701559433615 -7735.921233139703 -5816.445618339862 9336.905975985448 2319.549134406272
 1894.701559433615 -7735.921233139703 -5816.445618339862 9336.905975985448 2319.549134406272
 1894.701559323562 -7735.921233205526 -5816.445618523493 9336.905975880913 2319.549134604057
 1894.637020188879 -7735.99643324405 -5816.445572636525 9337.002691096781 2319.592112291199
 1894.701559323562 -7735.921233205526 -5816.445618523493 9336.905975880913 2319.549134604057
 1894.70155956866 -7735.921232650046 -5816.445618770626 9336.905976186772 2319.549134092571
 1894.701559323562 -7735.921233205526 -5816.445618523493 9336.905975880913 2319.549134604057
 1894.701559323562 -7735.921233205526 -5816.445618523493 9336.905975880913 2319.549134604057
 1894.701559380302 -7735.921232965495 -5816.445618984908 9336.905976090797 2319.549134664705
 1894.701559403842 -7735.921233258371 -5816.445618447398 9336.905976112224 2319.549134424509
 1894.637189559104 -7735.996182998269 -5816.445800590485 9337.00262175217 2319.591984772953
 1894.637099117529 -7735.998358732921 -5816.444134829037 9337.003186367527 2319.592026253327
 1894.701559230023 -7735.921233190009 -5816.445619486862 9336.905978338036 2319.549133137203
 1894.666113471576 -7736.044870234703 -5816.586181518089 9337.122750785928 2319.634439427872
 1894.701559323562 -7735.921233205526 -5816.445618523493 9336.905975880913 2319.549134604057
 1894.554701761723 -7736.347247549912 -5816.061605223731 9337.2499404593 2319.394041748422
 1894.701559969855 -7735.921232758732 -5816.445618565336 9336.905975125717 2319.549134472109
 1894.554656388676 -7736.347243913965 -5816.06154731698 9337.249941859776 2319.394017288911
 1894.701559323562 -7735.921233205526 -5816.445618523493 9336.905975880913 2319.549134604057
 1894.637213712653 -7735.997039768279 -5816.445070082795 9337.00277582427 2319.591938391826
 1894.637099181627 -7735.998358696716 -5816.444134900386 9337.00318637728 2319.592026222325
 1894.637213712653 -7735.997039768279 -5816.445070082795 9337.00277582427 2319.591938391826
 1894.637099117529 -7735.998358732921 -5816.444134829037 9337.003186367527 2319.592026253327
 1894.63709898977 -7735.998358710576 -5816.444134984329 9337.003186355569 2319.592026100362
 1894.637099117529 -7735.998358732921 -5816.444134829037 9337.003186367527 2319.592026253327
 1894.637027884957 -7735.996457248609 -5816.445550733404 9337.002666154485 2319.59209548783
 1894.701559433615 -7735.921233139703 -5816.445618339862 9336.905975985448 2319.549134406272
 1894.701559323562 -7735.921233205526 -5816.445618523493 9336.905975880913 2319.549134604057
 1894.701559323562 -7735.921233205526 -5816.445618523493 9336.905975880913 2319.549134604057
 1894.637213712653 -7735.997039768279 -5816.445070082795 9337.00277582427 2319.591938391826
 1894.701559323562 -7735.921233205526 -5816.445618523493 9336.905975880913 2319.549134604057
 1894.637203593291 -7735.997010343346 -5816.445079177178 9337.002761309226 2319.591951640492
 1894.701559433615 -7735.921233139703 -5816.445618339862 9336.905975985448 2319.549134406272
 1894.701559433615 -7735.921233139703 -5816.445618339862 9336.905975985448 2319.549134406272
 1894.637103707921 -7735.998356044802 -5816.444139084719 9337.00317434482 2319.592033122416
 1894.701559433615 -7735.921233139703 -5816.445618339862 9336.905975985448 2319.549134406272
 1894.637099117529 -7735.998358732921 -5816.444134829037 9337.003186367527 2319.592026253327
 1894.701561087868 -7735.921232593712 -5816.445618632822 9336.905974726409 2319.54913394447
 1894.637099117529 -7735.998358732921 -5816.444134829037 9337.003186367527 2319.592026253327
 1894.701559433615 -7735.921233139703 -5816.445618339862 9336.905975985448 2319.549134406272
 1894.701559433615 -7735.921233139703 -5816.445618339862 9336.905975985448 2319.549134406272
 1894.701559323562 -7735.921233205526 -5816.445618523493 9336.905975880913 2319.549134604057
