# Created by Octave 4.2.1, Mon Oct 09 18:28:10 2017 BRT <root@mosqueiro>
# name: pop
# type: matrix
# rows: 1000
# columns: 5
 -7057.38087083417 7312.190284181938 -9998.440212084271 7582.17939886567 2172.827494955338
 -6166.509967116393 7123.382352424798 -8180.564152328401 8335.04417919104 -1095.735555210027
 -6166.509967116393 7123.382352424798 -8180.564152328401 8335.04417919104 -1095.735555210027
 -6166.509967116393 7123.382352424798 -8180.564152328401 8335.04417919104 -1095.735555210027
 -6166.509967116393 7123.382352424798 -8180.564152328401 8335.04417919104 -1095.735555210027
 -5790.572510128058 7413.578040869181 -8426.888801951203 8809.941983962033 -1162.458798724401
 -8050.497224522569 7754.819000622869 -9745.174986403241 7885.809393492465 2182.906102317827
 -6166.509967116393 7123.382352424798 -8180.564152328401 8335.04417919104 -1095.735555210027
 -6166.509967116393 7123.382352424798 -8180.564152328401 8335.04417919104 -1095.735555210027
 -7440.763368852343 8657.42291489327 -8836.288936777508 6732.003118130408 564.2002163047073
 -7548.51133996791 7962.888738226475 -9266.79293896206 8425.850878812169 2582.278482205652
 -6591.146510406258 6794.559900726459 -7663.630461349017 8682.291022685635 -916.1435281825583
 -7181.787589385924 7224.156149688815 -8936.565862166466 8963.182582018135 2314.828220782338
 -6166.509967116393 7123.382352424798 -8180.564152328401 8335.04417919104 -1095.735555210027
 -8050.497224522569 7754.819000622869 -9745.174986403241 7885.809393492465 2182.906102317827
 -6166.509967116393 7123.382352424798 -8180.564152328401 8335.04417919104 -1095.735555210027
 -8050.497224522569 7754.819000622869 -9745.174986403241 7885.809393492465 2182.906102317827
 -6166.509967116393 7123.382352424798 -8180.564152328401 8335.04417919104 -1095.735555210027
 -9757.616635289698 8329.758610302542 -10406.01389077079 7835.485288812745 2785.494201698003
 -6592.172629301861 6992.319259107934 -8155.682059078898 8553.145595711288 -237.6971690282711
 -8050.497224522569 7754.819000622869 -9745.174986403241 7885.809393492465 2182.906102317827
 -7399.657412108941 7214.727225996668 -9524.990210751668 8396.891754823457 4156.698339428171
 -8050.497224522569 7754.819000622869 -9745.174986403241 7885.809393492465 2182.906102317827
 -6915.344736739364 7453.711128317604 -8062.619984449972 8848.798995274896 -759.8131877626709
 -8050.497224522569 7754.819000622869 -9745.174986403241 7885.809393492465 2182.906102317827
 -6166.509967116393 7123.382352424798 -8180.564152328401 8335.04417919104 -1095.735555210027
 -7936.298680362454 7059.503999942664 -8736.997501338705 7740.058881562193 3794.968284930154
 -6166.509967116393 7123.382352424798 -8180.564152328401 8335.04417919104 -1095.735555210027
 -6166.509967116393 7123.382352424798 -8180.564152328401 8335.04417919104 -1095.735555210027
 -7073.456926421512 7245.961542783592 -8744.536273253452 8654.901476814697 3520.680008693279
 -6166.509967116393 7123.382352424798 -8180.564152328401 8335.04417919104 -1095.735555210027
 -8050.497224522569 7754.819000622869 -9745.174986403241 7885.809393492465 2182.906102317827
 -8541.442455876748 3850.051926297396 -9133.219006922283 8464.358489975946 980.8700857752408
 -6166.509967116393 7123.382352424798 -8180.564152328401 8335.04417919104 -1095.735555210027
 -7941.283791682045 5342.846299170858 -12224.15655873548 7199.36812607067 5627.715770844822
 -11127.73633648365 14085.91109019325 3948.208334053563 5057.825810269826 -4745.064075016627
 -8050.497224522569 7754.819000622869 -9745.174986403241 7885.809393492465 2182.906102317827
 -8050.497224522569 7754.819000622869 -9745.174986403241 7885.809393492465 2182.906102317827
 -6166.509967116393 7123.382352424798 -8180.564152328401 8335.04417919104 -1095.735555210027
 -8050.497224522569 7754.819000622869 -9745.174986403241 7885.809393492465 2182.906102317827
 -8050.497224522569 7754.819000622869 -9745.174986403241 7885.809393492465 2182.906102317827
 -7729.816627637323 7236.146542596194 -10344.86208539127 7552.06209181046 2561.061263880913
 -8050.497224522569 7754.819000622869 -9745.174986403241 7885.809393492465 2182.906102317827
 -966.7834271012117 4790.839003321116 -10444.08803941431 6497.456878914848 21278.74439439396
 -8050.497224522569 7754.819000622869 -9745.174986403241 7885.809393492465 2182.906102317827
 -6166.509967116393 7123.382352424798 -8180.564152328401 8335.04417919104 -1095.735555210027
 -8219.924389081314 7513.561365099749 -10252.78194994215 7752.453609927638 1847.115512549722
 -6166.509967116393 7123.382352424798 -8180.564152328401 8335.04417919104 -1095.735555210027
 -8050.497224522569 7754.819000622869 -9745.174986403241 7885.809393492465 2182.906102317827
 -6085.972498425621 7009.095387704663 -8825.72181091458 7685.855575434674 -515.6611536673461
 -6166.509967116393 7123.382352424798 -8180.564152328401 8335.04417919104 -1095.735555210027
 -6166.509967116393 7123.382352424798 -8180.564152328401 8335.04417919104 -1095.735555210027
 -8050.497224522569 7754.819000622869 -9745.174986403241 7885.809393492465 2182.906102317827
 -6166.509967116393 7123.382352424798 -8180.564152328401 8335.04417919104 -1095.735555210027
 -10665.96125173138 5940.655849256806 -3117.822879844391 6504.158227641943 3534.750057102175
 -6166.509967116393 7123.382352424798 -8180.564152328401 8335.04417919104 -1095.735555210027
 -5159.334840117062 7453.834810810348 -8808.224535585261 8589.799441812955 -1276.503288644181
 -6166.509967116393 7123.382352424798 -8180.564152328401 8335.04417919104 -1095.735555210027
 -8050.497224522569 7754.819000622869 -9745.174986403241 7885.809393492465 2182.906102317827
 -8050.497224522569 7754.819000622869 -9745.174986403241 7885.809393492465 2182.906102317827
 -8050.497224522569 7754.819000622869 -9745.174986403241 7885.809393492465 2182.906102317827
 -8050.497224522569 7754.819000622869 -9745.174986403241 7885.809393492465 2182.906102317827
 -8050.497224522569 7754.819000622869 -9745.174986403241 7885.809393492465 2182.906102317827
 -8050.497224522569 7754.819000622869 -9745.174986403241 7885.809393492465 2182.906102317827
 -8050.497224522569 7754.819000622869 -9745.174986403241 7885.809393492465 2182.906102317827
 -8050.497224522569 7754.819000622869 -9745.174986403241 7885.809393492465 2182.906102317827
 -8476.846178196603 7815.463989184101 -9211.849092715325 7885.399406025496 2566.938684142944
 -7864.056843584947 8187.583551496698 -9820.640776113092 7217.608644615279 1113.389607218265
 -8050.497224522569 7754.819000622869 -9745.174986403241 7885.809393492465 2182.906102317827
 -7715.989770756624 8336.16066194399 -9140.93157868549 8382.753776231664 1523.915524971494
 -6166.509967116393 7123.382352424798 -8180.564152328401 8335.04417919104 -1095.735555210027
 -8050.497224522569 7754.819000622869 -9745.174986403241 7885.809393492465 2182.906102317827
 -6166.509967116393 7123.382352424798 -8180.564152328401 8335.04417919104 -1095.735555210027
 -5895.288259970084 6655.11243637244 -8154.759176093444 8381.325750066821 -1606.433064713154
 -6166.509967116393 7123.382352424798 -8180.564152328401 8335.04417919104 -1095.735555210027
 -6166.509967116393 7123.382352424798 -8180.564152328401 8335.04417919104 -1095.735555210027
 -8458.784909661117 6929.042575590498 -9924.034109766249 7554.224733539539 226.4821982937449
 -8050.497224522569 7754.819000622869 -9745.174986403241 7885.809393492465 2182.906102317827
 -6166.509967116393 7123.382352424798 -8180.564152328401 8335.04417919104 -1095.735555210027
 -6166.509967116393 7123.382352424798 -8180.564152328401 8335.04417919104 -1095.735555210027
 -9130.055419104665 14467.02963748174 2715.607495013801 5067.525146498534 -5963.360732880104
 -8050.497224522569 7754.819000622869 -9745.174986403241 7885.809393492465 2182.906102317827
 -6166.509967116393 7123.382352424798 -8180.564152328401 8335.04417919104 -1095.735555210027
 -6166.509967116393 7123.382352424798 -8180.564152328401 8335.04417919104 -1095.735555210027
