# Created by Octave 4.2.1, Mon Oct 09 18:12:41 2017 BRT <root@mosqueiro>
# name: pop
# type: matrix
# rows: 1000
# columns: 5
 34437.46413953289 7651.62171098212 -26568.42522921663 1104.619293018527 -16624.31331122501
 34437.46413953289 7651.62171098212 -26568.42522921663 1104.619293018527 -16624.31331122501
 34437.46413953289 7651.62171098212 -26568.42522921663 1104.619293018527 -16624.31331122501
 34437.46413953289 7651.62171098212 -26568.42522921663 1104.619293018527 -16624.31331122501
 34437.46413953289 7651.62171098212 -26568.42522921663 1104.619293018527 -16624.31331122501
 34756.40330092981 7995.586430664207 -27046.68759611512 686.8750187560518 -16389.80441378051
 34873.41855045639 7876.444064807783 -27412.57302254572 774.0464925908808 -16416.67422453909
 34756.40330092981 7995.586430664207 -27046.68759611512 686.8750187560518 -16389.80441378051
 34437.46413953289 7651.62171098212 -26568.42522921663 1104.619293018527 -16624.31331122501
 34756.40330092981 7995.586430664207 -27046.68759611512 686.8750187560518 -16389.80441378051
 34819.20968345209 8072.208617679338 -27191.88450095537 615.8122089720165 -16245.14446963592
 34670.58638273628 7923.857751419193 -27043.46456376341 1110.723312695157 -16872.61631317087
 34756.40330092981 7995.586430664207 -27046.68759611512 686.8750187560518 -16389.80441378051
 34437.46413953289 7651.62171098212 -26568.42522921663 1104.619293018527 -16624.31331122501
 34756.40330092981 7995.586430664207 -27046.68759611512 686.8750187560518 -16389.80441378051
 34756.40330092981 7995.586430664207 -27046.68759611512 686.8750187560518 -16389.80441378051
 34437.46413953289 7651.62171098212 -26568.42522921663 1104.619293018527 -16624.31331122501
 34437.46413953289 7651.62171098212 -26568.42522921663 1104.619293018527 -16624.31331122501
 34756.40330092981 7995.586430664207 -27046.68759611512 686.8750187560518 -16389.80441378051
 34756.40330092981 7995.586430664207 -27046.68759611512 686.8750187560518 -16389.80441378051
 34756.40330092981 7995.586430664207 -27046.68759611512 686.8750187560518 -16389.80441378051
 34437.46413953289 7651.62171098212 -26568.42522921663 1104.619293018527 -16624.31331122501
 34379.40727270402 7638.260378217155 -26575.40167601837 897.1647071169248 -16420.93368239749
 34437.46413953289 7651.62171098212 -26568.42522921663 1104.619293018527 -16624.31331122501
 34513.72637084209 7975.500105108817 -27141.60107426441 462.6725854626246 -16381.76881469539
 34751.59905270793 7831.265736196246 -27180.0508486652 670.9197584867978 -16477.63003378119
 34756.40330092981 7995.586430664207 -27046.68759611512 686.8750187560518 -16389.80441378051
 34756.40330092981 7995.586430664207 -27046.68759611512 686.8750187560518 -16389.80441378051
 34437.46413953289 7651.62171098212 -26568.42522921663 1104.619293018527 -16624.31331122501
 35853.86959705737 6848.614121420641 -26940.92331011361 1300.708214222881 -16846.97701465289
 34421.96982646453 8659.781498066139 -27146.07016639937 369.1779564799038 -16170.06581192182
 35117.4400734611 8191.164334345663 -27278.77364740513 698.2653411537019 -16667.25345523471
 34756.40330092981 7995.586430664207 -27046.68759611512 686.8750187560518 -16389.80441378051
 34437.46413953289 7651.62171098212 -26568.42522921663 1104.619293018527 -16624.31331122501
 34756.40330092981 7995.586430664207 -27046.68759611512 686.8750187560518 -16389.80441378051
 34437.46413953289 7651.62171098212 -26568.42522921663 1104.619293018527 -16624.31331122501
 36228.71998450992 8280.849387154396 -27372.52796705201 902.3105996342117 -16820.86329383801
 34756.40330092981 7995.586430664207 -27046.68759611512 686.8750187560518 -16389.80441378051
 34437.46413953289 7651.62171098212 -26568.42522921663 1104.619293018527 -16624.31331122501
 34644.27767026753 8047.158238306663 -27173.19317872136 480.4145542263444 -16350.23058021993
 34308.29887258432 7420.187512776195 -26626.12902770486 1328.344866668112 -16257.92100588885
 34756.40330092981 7995.586430664207 -27046.68759611512 686.8750187560518 -16389.80441378051
 34437.46413953289 7651.62171098212 -26568.42522921663 1104.619293018527 -16624.31331122501
 37367.94360006994 7190.793252813733 -27466.98731122729 130.8865624855881 -17802.45384885041
 34437.46413953289 7651.62171098212 -26568.42522921663 1104.619293018527 -16624.31331122501
 34437.46413953289 7651.62171098212 -26568.42522921663 1104.619293018527 -16624.31331122501
 34756.40330092981 7995.586430664207 -27046.68759611512 686.8750187560518 -16389.80441378051
 35016.03177152952 7939.963486314801 -26971.95768674308 731.8838706021832 -16576.94403124431
 34756.40330092981 7995.586430664207 -27046.68759611512 686.8750187560518 -16389.80441378051
 34756.40330092981 7995.586430664207 -27046.68759611512 686.8750187560518 -16389.80441378051
 34437.46413953289 7651.62171098212 -26568.42522921663 1104.619293018527 -16624.31331122501
 35068.24337110462 7844.456348640721 -26724.45637737481 760.8534598162905 -15923.1250367328
 34902.78254822052 7926.434170982157 -27237.26611883983 956.4719821056212 -16560.27237756689
 34756.40330092981 7995.586430664207 -27046.68759611512 686.8750187560518 -16389.80441378051
 34437.46413953289 7651.62171098212 -26568.42522921663 1104.619293018527 -16624.31331122501
 34756.40330092981 7995.586430664207 -27046.68759611512 686.8750187560518 -16389.80441378051
 34482.60572776825 8402.10312927437 -27205.25590930846 974.7369739298865 -16664.27775788004
 34567.75318397434 7792.854007451911 -26578.51591302773 1255.621593501435 -16377.67625325624
 34437.46413953289 7651.62171098212 -26568.42522921663 1104.619293018527 -16624.31331122501
 34437.46413953289 7651.62171098212 -26568.42522921663 1104.619293018527 -16624.31331122501
 36228.71998450992 8280.849387154396 -27372.52796705201 902.3105996342117 -16820.86329383801
 34437.46413953289 7651.62171098212 -26568.42522921663 1104.619293018527 -16624.31331122501
 34751.59905270793 7831.265736196246 -27180.0508486652 670.9197584867978 -16477.63003378119
 34437.46413953289 7651.62171098212 -26568.42522921663 1104.619293018527 -16624.31331122501
 35518.99601290499 9592.438524310674 -28620.26196103733 -905.4724555343741 -15037.1126524723
 34437.46413953289 7651.62171098212 -26568.42522921663 1104.619293018527 -16624.31331122501
 34437.46413953289 7651.62171098212 -26568.42522921663 1104.619293018527 -16624.31331122501
 34751.59905270793 7831.265736196246 -27180.0508486652 670.9197584867978 -16477.63003378119
 34756.40330092981 7995.586430664207 -27046.68759611512 686.8750187560518 -16389.80441378051
 34437.46413953289 7651.62171098212 -26568.42522921663 1104.619293018527 -16624.31331122501
 34072.70466359948 7732.844257451892 -26555.04942950979 1312.025918211236 -16837.11544191553
 34756.40330092981 7995.586430664207 -27046.68759611512 686.8750187560518 -16389.80441378051
 34437.46413953289 7651.62171098212 -26568.42522921663 1104.619293018527 -16624.31331122501
 34437.46413953289 7651.62171098212 -26568.42522921663 1104.619293018527 -16624.31331122501
 35006.35774891074 7651.204859169482 -26581.57598423272 937.8794678426609 -16746.65077498914
 34840.25391983912 8174.156183595325 -27078.68178268643 941.3776833668117 -16511.22145938759
 34437.46413953289 7651.62171098212 -26568.42522921663 1104.619293018527 -16624.31331122501
 34805.00536534098 8075.569448011846 -26929.00237976894 807.6816565056282 -16275.73529584309
 34756.40330092981 7995.586430664207 -27046.68759611512 686.8750187560518 -16389.80441378051
 34756.40330092981 7995.586430664207 -27046.68759611512 686.8750187560518 -16389.80441378051
 34756.40330092981 7995.586430664207 -27046.68759611512 686.8750187560518 -16389.80441378051
 34619.81285726131 8250.654692327342 -26807.17269639483 571.1150080034857 -16126.33835438691
 35025.94033709881 8125.126249475694 -27130.31576021789 829.4448590102317 -16260.47955888616
 34756.40330092981 7995.586430664207 -27046.68759611512 686.8750187560518 -16389.80441378051
 34435.34953744682 7986.785875234062 -27292.13716302191 814.6488110430602 -16367.26972513498
