# Created by Octave 4.2.1, Mon Oct 09 18:23:39 2017 BRT <root@mosqueiro>
# name: pop
# type: matrix
# rows: 1000
# columns: 5
 -8050.497224522569 7754.819000622869 -9745.174986403241 7885.809393492465 2182.906102317827
 -8050.497224522569 7754.819000622869 -9745.174986403241 7885.809393492465 2182.906102317827
 -8050.497224522569 7754.819000622869 -9745.174986403241 7885.809393492465 2182.906102317827
 -8050.497224522569 7754.819000622869 -9745.174986403241 7885.809393492465 2182.906102317827
 -8050.497224522569 7754.819000622869 -9745.174986403241 7885.809393492465 2182.906102317827
 92.28410322969103 8339.945619444936 -19189.19845460943 27275.50771686755 25349.91283144164
 -8050.497224522569 7754.819000622869 -9745.174986403241 7885.809393492465 2182.906102317827
 -7870.186084244835 11822.96738699924 -17240.71570829368 -14151.08712501207 -28083.43857947624
 -8050.497224522569 7754.819000622869 -9745.174986403241 7885.809393492465 2182.906102317827
 -8050.497224522569 7754.819000622869 -9745.174986403241 7885.809393492465 2182.906102317827
 -8050.497224522569 7754.819000622869 -9745.174986403241 7885.809393492465 2182.906102317827
 -8012.64419762343 7840.862845858956 1649.953745259845 2477.630504796391 -4018.293338203648
 -2417.735894350189 29481.82373404529 12149.43462889322 -11012.65950264367 -4793.629891437865
 -10466.32764421025 -1106.943885634716 -2114.280478971057 22471.56674675853 -25233.58265127895
 -16521.19737510743 32951.48827590451 -39746.64573633214 20928.65389386715 8352.887060340468
 10540.37114064479 19673.38278152277 -11605.21487780523 -1210.360163850482 -21393.6547037226
 -8050.497224522569 7754.819000622869 -9745.174986403241 7885.809393492465 2182.906102317827
 -8050.497224522569 7754.819000622869 -9745.174986403241 7885.809393492465 2182.906102317827
 -16489.97745510541 15140.06922375347 -41792.8545454585 -21821.08825211511 -37899.96091630319
 12680.04354017925 12570.71268710023 2121.749178253195 -15110.96827859692 31951.24302053209
 -8050.497224522569 7754.819000622869 -9745.174986403241 7885.809393492465 2182.906102317827
 -8050.497224522569 7754.819000622869 -9745.174986403241 7885.809393492465 2182.906102317827
 15110.76035711097 4188.203094956491 1869.52735807221 46295.04844648658 15214.8471212863
 -22583.97094721195 -13454.63175062949 5360.772451382498 -5860.890195152959 25722.1429070863
 35561.04057149062 -28728.87972429523 -38438.18504379664 -14353.49046061863 45564.78377638476
 -8050.497224522569 7754.819000622869 -9745.174986403241 7885.809393492465 2182.906102317827
 20217.10291144886 22978.24181626834 107.2873199571895 25977.94880437249 -12872.14669434146
 -8050.497224522569 7754.819000622869 -9745.174986403241 7885.809393492465 2182.906102317827
 -892.3677881374497 -431.4567410803957 4833.853929165922 -8369.888330568774 4160.067845149535
 -8050.497224522569 7754.819000622869 -9745.174986403241 7885.809393492465 2182.906102317827
 -895.8919708370122 6895.199225698868 11213.15551035259 183.3115550935581 -4477.469935247393
 3158.267581818454 -5915.122179399688 949.6329293597992 6553.457934536709 -4587.393137557279
 29218.42069672905 -27464.74102890841 1935.651548520684 3612.666520079144 -6359.075795046779
 -8050.497224522569 7754.819000622869 -9745.174986403241 7885.809393492465 2182.906102317827
 -8050.497224522569 7754.819000622869 -9745.174986403241 7885.809393492465 2182.906102317827
 -8050.497224522569 7754.819000622869 -9745.174986403241 7885.809393492465 2182.906102317827
 -16975.57555000656 1790.689231570772 -44504.83848978357 -3063.209898188445 5044.72028856641
 -892.3677881374497 -431.4567410803957 4833.853929165922 -8369.888330568774 4160.067845149535
 -8050.497224522569 7754.819000622869 -9745.174986403241 7885.809393492465 2182.906102317827
 -8050.497224522569 7754.819000622869 -9745.174986403241 7885.809393492465 2182.906102317827
 -8050.497224522569 7754.819000622869 -9745.174986403241 7885.809393492465 2182.906102317827
 11790.16045660363 18274.4417443053 -4025.155839725022 -22269.04292915893 5463.331031319829
 -8050.497224522569 7754.819000622869 -9745.174986403241 7885.809393492465 2182.906102317827
 -9760.150763546757 -595.9779027982931 7266.662228673445 9794.820478921949 -6651.640212549273
 -8050.497224522569 7754.819000622869 -9745.174986403241 7885.809393492465 2182.906102317827
 -228.1011557389575 -5420.821349395061 -23854.63716765833 5675.205357378164 -19266.84153250468
 -8050.497224522569 7754.819000622869 -9745.174986403241 7885.809393492465 2182.906102317827
 -8050.497224522569 7754.819000622869 -9745.174986403241 7885.809393492465 2182.906102317827
 7330.773289016091 -7887.983057621082 21694.35113070482 3372.736487519434 -5924.617570759327
 -8050.497224522569 7754.819000622869 -9745.174986403241 7885.809393492465 2182.906102317827
 3246.601665997332 33873.73950860595 -18472.44094309272 9989.665189043832 -25712.40454512303
 -22504.98158824359 14744.86281205177 -12983.06504665001 80849.5187463417 7877.203090986749
 -8050.497224522569 7754.819000622869 -9745.174986403241 7885.809393492465 2182.906102317827
 3158.267581818454 -5915.122179399688 949.6329293597992 6553.457934536709 -4587.393137557279
 -8050.497224522569 7754.819000622869 -9745.174986403241 7885.809393492465 2182.906102317827
 -8050.497224522569 7754.819000622869 -9745.174986403241 7885.809393492465 2182.906102317827
 11287.74017703799 19448.17121584769 14509.07106764265 2279.679971500144 -11928.55634517083
 17577.68863284731 1528.105467120592 -25786.09771062036 4542.917821926942 3908.35450097703
 8393.444905855009 26269.70329524744 -32907.13244176492 3277.606071533496 -5259.042024450397
 -8050.497224522569 7754.819000622869 -9745.174986403241 7885.809393492465 2182.906102317827
 1323.188087533134 23895.27549016837 2796.753313425917 -3942.394097126053 5256.545980241257
 -8050.497224522569 7754.819000622869 -9745.174986403241 7885.809393492465 2182.906102317827
 -8050.497224522569 7754.819000622869 -9745.174986403241 7885.809393492465 2182.906102317827
 -6602.712161556035 10265.38035991972 -531.4958048829521 11851.56290970315 -10629.67716461944
 -25153.06392404638 22801.19575083534 -19483.17619463067 7347.165119762589 -541.260151518105
 -8050.497224522569 7754.819000622869 -9745.174986403241 7885.809393492465 2182.906102317827
 -8050.497224522569 7754.819000622869 -9745.174986403241 7885.809393492465 2182.906102317827
 -8050.497224522569 7754.819000622869 -9745.174986403241 7885.809393492465 2182.906102317827
 -681.2643970777026 56962.34399600577 13036.33619891384 35478.69035273321 26513.35352054305
 -8050.497224522569 7754.819000622869 -9745.174986403241 7885.809393492465 2182.906102317827
 13053.95083541179 -15555.79454383142 17204.07870379857 20433.11114619529 -19927.08991491773
 -12161.49708839741 28149.08136551014 -18996.45754155896 -4675.771864835635 -6726.332027861439
 7195.631802954009 -1135.693626498834 8974.276118623351 -5357.133202073167 -1438.438162392498
 -8050.497224522569 7754.819000622869 -9745.174986403241 7885.809393492465 2182.906102317827
 20217.10291144886 22978.24181626834 107.2873199571895 25977.94880437249 -12872.14669434146
 -8050.497224522569 7754.819000622869 -9745.174986403241 7885.809393492465 2182.906102317827
 -8050.497224522569 7754.819000622869 -9745.174986403241 7885.809393492465 2182.906102317827
 -8050.497224522569 7754.819000622869 -9745.174986403241 7885.809393492465 2182.906102317827
 -8050.497224522569 7754.819000622869 -9745.174986403241 7885.809393492465 2182.906102317827
 -25976.78128125202 -12045.64865926182 -4068.951938305846 3144.080296501485 -15516.67451137132
 -8050.497224522569 7754.819000622869 -9745.174986403241 7885.809393492465 2182.906102317827
 -8050.497224522569 7754.819000622869 -9745.174986403241 7885.809393492465 2182.906102317827
 -8050.497224522569 7754.819000622869 -9745.174986403241 7885.809393492465 2182.906102317827
 -8050.497224522569 7754.819000622869 -9745.174986403241 7885.809393492465 2182.906102317827
