# Created by Octave 4.2.1, Mon Oct 09 17:41:42 2017 BRT <root@mosqueiro>
# name: pop
# type: matrix
# rows: 1000
# columns: 5
 1894.63078678875 -7735.96570788648 -5816.43511540208 9336.979793136456 2319.586368688131
 1894.63078678875 -7735.96570788648 -5816.43511540208 9336.979793136456 2319.586368688131
 1894.63078678875 -7735.96570788648 -5816.43511540208 9336.979793136456 2319.586368688131
 1894.63078678875 -7735.96570788648 -5816.43511540208 9336.979793136456 2319.586368688131
 1894.63078678875 -7735.96570788648 -5816.43511540208 9336.979793136456 2319.586368688131
 1894.63078678875 -7735.96570788648 -5816.43511540208 9336.979793136456 2319.586368688131
 1895.542627151822 -7735.67890514348 -5816.495374352596 9335.82176173414 2315.976887216638
 3399.546100098971 -6560.616245653812 -6212.857034115816 7876.341922951303 1496.474385920623
 3408.377119882143 -6561.033975369346 -6212.399528712982 7879.408654169285 1504.543989770248
 1894.63078678875 -7735.96570788648 -5816.43511540208 9336.979793136456 2319.586368688131
 3383.800472219842 -6538.593846275934 -6224.212301180115 7875.356959191151 1504.199585704632
 1894.63078678875 -7735.96570788648 -5816.43511540208 9336.979793136456 2319.586368688131
 1882.500150416381 -7744.702908769411 -5803.336519212982 9346.46465320991 2322.618783852145
 3467.17408386115 -6526.791397136908 -6170.331015817408 7740.141708693415 1491.844819292112
 1881.564214796499 -7736.039935391657 -5807.588293540445 9348.482287632483 2322.566941277152
 1894.63078678875 -7735.96570788648 -5816.43511540208 9336.979793136456 2319.586368688131
 1894.63078678875 -7735.96570788648 -5816.43511540208 9336.979793136456 2319.586368688131
 3399.546100098971 -6560.616245653812 -6212.857034115816 7876.341922951303 1496.474385920623
 1894.63078678875 -7735.96570788648 -5816.43511540208 9336.979793136456 2319.586368688131
 1894.63078678875 -7735.96570788648 -5816.43511540208 9336.979793136456 2319.586368688131
 1894.63078678875 -7735.96570788648 -5816.43511540208 9336.979793136456 2319.586368688131
 3399.546100098971 -6560.616245653812 -6212.857034115816 7876.341922951303 1496.474385920623
 1898.252913319915 -7740.986377704906 -5816.485410885632 9336.668928829336 2319.836765341092
 3171.979630005967 -6400.740227853624 -6071.195397259441 7754.605228225731 1518.525786665416
 1894.63078678875 -7735.96570788648 -5816.43511540208 9336.979793136456 2319.586368688131
 1894.63078678875 -7735.96570788648 -5816.43511540208 9336.979793136456 2319.586368688131
 1894.63078678875 -7735.96570788648 -5816.43511540208 9336.979793136456 2319.586368688131
 1894.63078678875 -7735.96570788648 -5816.43511540208 9336.979793136456 2319.586368688131
 1894.249740322744 -7759.023828022837 -5766.072544738055 9381.039051835716 2363.274112717073
 1898.822048278782 -7739.283741479137 -5820.381229976313 9332.595516641455 2318.597838208988
 3446.332040337797 -6607.417067309537 -6255.508464076142 7828.328849017737 1475.448764711924
 1898.822048278782 -7739.283741479137 -5820.381229976313 9332.595516641455 2318.597838208988
 3418.315386416953 -6555.283922935097 -6212.34730491962 7854.182825691359 1500.668982593223
 1885.091059091381 -7745.656010184482 -5797.004208704514 9354.893263676197 2317.936955605167
 1894.63078678875 -7735.96570788648 -5816.43511540208 9336.979793136456 2319.586368688131
 1894.63078678875 -7735.96570788648 -5816.43511540208 9336.979793136456 2319.586368688131
 3413.542084396241 -6551.240968672164 -6210.003898999043 7857.429545003997 1500.190855011198
 3418.315386416953 -6555.283922935097 -6212.34730491962 7854.182825691359 1500.668982593223
 3204.485643281873 -6316.601808364054 -6068.739596027346 7674.543446885487 1512.302426132386
 1894.63078678875 -7735.96570788648 -5816.43511540208 9336.979793136456 2319.586368688131
 1877.058180563196 -7746.593372589585 -5803.842892817525 9340.8227712076 2324.067711758056
 3399.546100098971 -6560.616245653812 -6212.857034115816 7876.341922951303 1496.474385920623
 1894.63078678875 -7735.96570788648 -5816.43511540208 9336.979793136456 2319.586368688131
 3399.546100098971 -6560.616245653812 -6212.857034115816 7876.341922951303 1496.474385920623
 1894.63078678875 -7735.96570788648 -5816.43511540208 9336.979793136456 2319.586368688131
 3399.546100098971 -6560.616245653812 -6212.857034115816 7876.341922951303 1496.474385920623
 3374.818666983977 -6537.235484691996 -6228.257975111647 7821.643767963021 1569.702417393989
 1894.63078678875 -7735.96570788648 -5816.43511540208 9336.979793136456 2319.586368688131
 3467.17408386115 -6526.791397136908 -6170.331015817408 7740.141708693415 1491.844819292112
 3416.479307608011 -6549.99987231395 -6224.224212658633 7867.348623420048 1518.960751338904
 3399.546100098971 -6560.616245653812 -6212.857034115816 7876.341922951303 1496.474385920623
 3399.546100098971 -6560.616245653812 -6212.857034115816 7876.341922951303 1496.474385920623
 3204.485643281873 -6316.601808364054 -6068.739596027346 7674.543446885487 1512.302426132386
 1881.207440993337 -7734.501618457937 -5803.398512490204 9350.778887521843 2331.484583576715
 3399.546100098971 -6560.616245653812 -6212.857034115816 7876.341922951303 1496.474385920623
 3211.978509642641 -6302.885358576875 -6058.637208032905 7686.771323758204 1468.299578296254
 3399.546100098971 -6560.616245653812 -6212.857034115816 7876.341922951303 1496.474385920623
 3418.315386416953 -6555.283922935097 -6212.34730491962 7854.182825691359 1500.668982593223
 1894.63078678875 -7735.96570788648 -5816.43511540208 9336.979793136456 2319.586368688131
 3399.546100098971 -6560.616245653812 -6212.857034115816 7876.341922951303 1496.474385920623
 1893.240265132766 -7735.532660130894 -5816.109184831444 9334.862063150706 2320.450579573353
 1894.63078678875 -7735.96570788648 -5816.43511540208 9336.979793136456 2319.586368688131
 1894.63078678875 -7735.96570788648 -5816.43511540208 9336.979793136456 2319.586368688131
 3203.022746840928 -6318.77212396174 -6078.367284869224 7683.686628217642 1537.776996037892
 3399.546100098971 -6560.616245653812 -6212.857034115816 7876.341922951303 1496.474385920623
 3208.032368203198 -6313.459862309248 -6087.90647366186 7637.615469926284 1514.604223796978
 1894.63078678875 -7735.96570788648 -5816.43511540208 9336.979793136456 2319.586368688131
 3807.833664316395 -9075.493087436438 -6970.092383693212 8348.022857847407 3871.420044219226
 3465.346458423658 -6532.689581992154 -6170.501633522062 7738.40014772478 1488.836494653129
 1894.63078678875 -7735.96570788648 -5816.43511540208 9336.979793136456 2319.586368688131
 3467.17408386115 -6526.791397136908 -6170.331015817408 7740.141708693415 1491.844819292112
 1879.147347952069 -7736.856063964868 -5801.326724251669 9339.011175998005 2317.665993602192
 3399.546100098971 -6560.616245653812 -6212.857034115816 7876.341922951303 1496.474385920623
 3399.546100098971 -6560.616245653812 -6212.857034115816 7876.341922951303 1496.474385920623
 3399.546100098971 -6560.616245653812 -6212.857034115816 7876.341922951303 1496.474385920623
 1894.63078678875 -7735.96570788648 -5816.43511540208 9336.979793136456 2319.586368688131
 1894.63078678875 -7735.96570788648 -5816.43511540208 9336.979793136456 2319.586368688131
 1894.63078678875 -7735.96570788648 -5816.43511540208 9336.979793136456 2319.586368688131
 1894.63078678875 -7735.96570788648 -5816.43511540208 9336.979793136456 2319.586368688131
 1894.63078678875 -7735.96570788648 -5816.43511540208 9336.979793136456 2319.586368688131
 3467.17408386115 -6526.791397136908 -6170.331015817408 7740.141708693415 1491.844819292112
 3399.546100098971 -6560.616245653812 -6212.857034115816 7876.341922951303 1496.474385920623
 3399.546100098971 -6560.616245653812 -6212.857034115816 7876.341922951303 1496.474385920623
 1894.63078678875 -7735.96570788648 -5816.43511540208 9336.979793136456 2319.586368688131
 1881.207440993337 -7734.501618457937 -5803.398512490204 9350.778887521843 2331.484583576715
