# Created by Octave 4.2.1, Mon Oct 09 18:39:04 2017 BRT <root@mosqueiro>
# name: pop
# type: matrix
# rows: 1000
# columns: 5
 9038.161742797551 -7898.573771228968 1150.865555485592 -5448.37831385851 3174.518999990009
 9038.161742797551 -7898.573771228968 1150.865555485592 -5448.37831385851 3174.518999990009
 9038.161742797551 -7898.573771228968 1150.865555485592 -5448.37831385851 3174.518999990009
 9038.161742797551 -7898.573771228968 1150.865555485592 -5448.37831385851 3174.518999990009
 9038.161742797551 -7898.573771228968 1150.865555485592 -5448.37831385851 3174.518999990009
 9038.161742797551 -7898.573771228968 1150.865555485592 -5448.37831385851 3174.518999990009
 9038.161742797551 -7898.573771228968 1150.865555485592 -5448.37831385851 3174.518999990009
 -904.3531676327439 168.207190645946 2830.365327821339 -7591.5777010573 8841.735971221628
 -2817.753448040733 461.1806818993937 -9911.000495467833 1751.654435170678 -7805.197837625903
 7338.36769043397 -2742.09690047435 -1045.937566625404 3718.267727837918 -6968.928524833005
 9038.161742797551 -7898.573771228968 1150.865555485592 -5448.37831385851 3174.518999990009
 -4947.828597365275 6799.634575334527 -4213.203794314194 8209.92330335889 -6010.870248269914
 -9873.206007575463 -8091.208452145222 -4244.088144366068 2196.92427013186 -6168.567784341491
 -9260.134928525953 9035.179050281055 4049.912661863891 -6193.163959635647 2315.412433480027
 31031.18480906673 3236.846620334715 -7974.093608163813 -2042.049080352822 5083.808162447169
 9038.161742797551 -7898.573771228968 1150.865555485592 -5448.37831385851 3174.518999990009
 9038.161742797551 -7898.573771228968 1150.865555485592 -5448.37831385851 3174.518999990009
 17800.96277329134 4234.98701255675 3075.877003679124 -12848.4205312182 19625.52150090983
 9038.161742797551 -7898.573771228968 1150.865555485592 -5448.37831385851 3174.518999990009
 -5543.598108181845 -1942.430177252156 4779.002958799421 5577.614882036776 -2158.120062175638
 6683.984311843429 2791.478647793318 -7837.158764179543 4998.403510361788 -6556.149904026508
 6272.00398593269 -36681.16080286256 23240.22897981484 -33685.65839541034 -1394.615792944157
 -52630.26469796232 -6654.952975760859 -56439.26705413362 69028.34853215422 16737.12822524318
 9038.161742797551 -7898.573771228968 1150.865555485592 -5448.37831385851 3174.518999990009
 -3859.369178657304 1297.170907682064 9955.071428625164 2425.660874621646 -7290.076185909153
 -17949.86341820408 -34588.80246281278 2515.381925285173 12320.64746419251 -23518.08225796189
 9038.161742797551 -7898.573771228968 1150.865555485592 -5448.37831385851 3174.518999990009
 9038.161742797551 -7898.573771228968 1150.865555485592 -5448.37831385851 3174.518999990009
 825.9826996237061 806.9525220350279 1466.371966137014 7705.496984869318 -8591.185980232267
 8769.193121210574 -1325.267430063763 9083.878796015098 2363.63255238748 -7056.079772116354
 6683.984311843429 2791.478647793318 -7837.158764179543 4998.403510361788 -6556.149904026508
 1145.965525058373 -6421.155008867732 8487.605586782924 615.1381623489888 -3775.963240603114
 9038.161742797551 -7898.573771228968 1150.865555485592 -5448.37831385851 3174.518999990009
 9038.161742797551 -7898.573771228968 1150.865555485592 -5448.37831385851 3174.518999990009
 9038.161742797551 -7898.573771228968 1150.865555485592 -5448.37831385851 3174.518999990009
 9038.161742797551 -7898.573771228968 1150.865555485592 -5448.37831385851 3174.518999990009
 2954.255344987889 8514.011474036328 7332.275664124496 -3358.022763667631 -8100.736482805328
 -27003.47819126574 -11260.09369406224 9257.375931042261 48390.02052057787 5365.819366794285
 25857.10859822833 5397.872977654901 9804.099473729319 -37408.80466062446 -6195.100085620914
 9038.161742797551 -7898.573771228968 1150.865555485592 -5448.37831385851 3174.518999990009
 9038.161742797551 -7898.573771228968 1150.865555485592 -5448.37831385851 3174.518999990009
 14313.37035905493 -14799.67609650589 6285.978362804239 -11776.02829086738 31647.25420806034
 -3071.652260138625 7869.746345379579 -1403.584138079264 -6995.787750886639 3375.299878702872
 1145.965525058373 -6421.155008867732 8487.605586782924 615.1381623489888 -3775.963240603114
 -6766.582736284027 -24950.49808761997 35466.16921147186 21479.65063910092 -14658.92650571933
 9038.161742797551 -7898.573771228968 1150.865555485592 -5448.37831385851 3174.518999990009
 1145.965525058373 -6421.155008867732 8487.605586782924 615.1381623489888 -3775.963240603114
 1145.965525058373 -6421.155008867732 8487.605586782924 615.1381623489888 -3775.963240603114
 9038.161742797551 -7898.573771228968 1150.865555485592 -5448.37831385851 3174.518999990009
 -6841.741806781549 1955.426305825189 -995.9104942788472 9818.498226382435 -1774.130872949789
 9038.161742797551 -7898.573771228968 1150.865555485592 -5448.37831385851 3174.518999990009
 9038.161742797551 -7898.573771228968 1150.865555485592 -5448.37831385851 3174.518999990009
 -3583.210885367384 -6653.048601791368 9001.780435194643 419.9496615725111 1222.970420638563
 1688.446353130701 8276.269225600776 -7193.267386794077 8381.5567653951 6716.902839192586
 9038.161742797551 -7898.573771228968 1150.865555485592 -5448.37831385851 3174.518999990009
 8552.36257265809 -36671.24706821453 22047.17276270944 -42696.08274682664 -11530.94793534533
 9038.161742797551 -7898.573771228968 1150.865555485592 -5448.37831385851 3174.518999990009
 9038.161742797551 -7898.573771228968 1150.865555485592 -5448.37831385851 3174.518999990009
 -5543.598108181845 -1942.430177252156 4779.002958799421 5577.614882036776 -2158.120062175638
 1145.965525058373 -6421.155008867732 8487.605586782924 615.1381623489888 -3775.963240603114
 -3252.681474579612 9267.202830332884 -7218.812013251405 3835.423789522756 -1405.446044539856
 9038.161742797551 -7898.573771228968 1150.865555485592 -5448.37831385851 3174.518999990009
 -6784.36573313823 6675.23033902896 -8529.120723106738 104.2440763375253 9197.476350151675
 9038.161742797551 -7898.573771228968 1150.865555485592 -5448.37831385851 3174.518999990009
 -7451.428062998682 1557.577376603742 -823.7257409946815 1756.061270780827 5203.00946782509
 9038.161742797551 -7898.573771228968 1150.865555485592 -5448.37831385851 3174.518999990009
 -9260.134928525953 9035.179050281055 4049.912661863891 -6193.163959635647 2315.412433480027
 9038.161742797551 -7898.573771228968 1150.865555485592 -5448.37831385851 3174.518999990009
 9038.161742797551 -7898.573771228968 1150.865555485592 -5448.37831385851 3174.518999990009
 -7451.428062998682 1557.577376603742 -823.7257409946815 1756.061270780827 5203.00946782509
 60637.55870043847 20535.75182896433 -23847.70448317954 -21958.58330419878 11466.89040501712
 -14146.48606036974 -5425.110174583218 -5065.17225202514 -14976.33955492778 14693.90298558334
 9038.161742797551 -7898.573771228968 1150.865555485592 -5448.37831385851 3174.518999990009
 9038.161742797551 -7898.573771228968 1150.865555485592 -5448.37831385851 3174.518999990009
 9038.161742797551 -7898.573771228968 1150.865555485592 -5448.37831385851 3174.518999990009
 -3080.299510117793 733.9241335248898 -28.71194546002334 6265.07356952695 2694.983203343114
 9038.161742797551 -7898.573771228968 1150.865555485592 -5448.37831385851 3174.518999990009
 9038.161742797551 -7898.573771228968 1150.865555485592 -5448.37831385851 3174.518999990009
 5101.044312372049 -9860.914901000891 1123.781296178258 2986.178004442703 566.0900324170525
 -1081.807770924794 953.8560289740508 -1661.298349480572 5196.99163737932 -3308.468078923364
 9038.161742797551 -7898.573771228968 1150.865555485592 -5448.37831385851 3174.518999990009
 -904.3531676327439 168.207190645946 2830.365327821339 -7591.5777010573 8841.735971221628
 -13439.0971434631 -17074.03869120173 10242.92865667384 -5689.131006678084 652.3225325076619
 9038.161742797551 -7898.573771228968 1150.865555485592 -5448.37831385851 3174.518999990009
 -3791.073273845075 3044.213090940291 151.5998074691688 -1277.6215744497 2161.034491937626
