# Created by Octave 4.2.1, Mon Oct 09 18:42:57 2017 BRT <root@mosqueiro>
# name: pop
# type: matrix
# rows: 1000
# columns: 5
 9496.920714901898 -4229.597863880119 -1272.252990961073 -6028.321746125229 2045.091040147088
 9496.920714901898 -4229.597863880119 -1272.252990961073 -6028.321746125229 2045.091040147088
 9496.920714901898 -4229.597863880119 -1272.252990961073 -6028.321746125229 2045.091040147088
 9496.920714901898 -4229.597863880119 -1272.252990961073 -6028.321746125229 2045.091040147088
 9496.920714901898 -4229.597863880119 -1272.252990961073 -6028.321746125229 2045.091040147088
 9496.920714901898 -4229.597863880119 -1272.252990961073 -6028.321746125229 2045.091040147088
 9038.161742797551 -7898.573771228968 1150.865555485592 -5448.37831385851 3174.518999990009
 21835.13967124416 3973.663037722798 5605.248453675508 4251.089843362672 -6856.159988552563
 9496.920714901898 -4229.597863880119 -1272.252990961073 -6028.321746125229 2045.091040147088
 9038.161742797551 -7898.573771228968 1150.865555485592 -5448.37831385851 3174.518999990009
 9038.161742797551 -7898.573771228968 1150.865555485592 -5448.37831385851 3174.518999990009
 6745.707455479893 -3572.815234073982 6123.272550083308 -7291.618761091449 1784.730069411642
 10162.94278788556 -10148.56173575307 -3726.50345890679 -11683.39229624792 -4053.753200363122
 21805.25372792542 -11365.24858264372 -8376.944469730559 -5996.009635652798 7574.465039279856
 8198.097402368485 -6880.564468345277 -1787.955715655765 -2702.805763611804 2957.552674587512
 2420.3618991046 -16166.43926227863 13669.79335772031 -7715.325556364568 8979.549955277771
 9038.161742797551 -7898.573771228968 1150.865555485592 -5448.37831385851 3174.518999990009
 9038.161742797551 -7898.573771228968 1150.865555485592 -5448.37831385851 3174.518999990009
 9038.161742797551 -7898.573771228968 1150.865555485592 -5448.37831385851 3174.518999990009
 9038.161742797551 -7898.573771228968 1150.865555485592 -5448.37831385851 3174.518999990009
 9038.161742797551 -7898.573771228968 1150.865555485592 -5448.37831385851 3174.518999990009
 9038.161742797551 -7898.573771228968 1150.865555485592 -5448.37831385851 3174.518999990009
 9038.161742797551 -7898.573771228968 1150.865555485592 -5448.37831385851 3174.518999990009
 9496.920714901898 -4229.597863880119 -1272.252990961073 -6028.321746125229 2045.091040147088
 10816.1612347736 -10926.23661155999 65.43551582255986 -1470.238871285371 3201.039288256438
 11121.07654890335 -8284.645686734351 3990.119228082457 -6400.148094172167 5415.434519893095
 9038.161742797551 -7898.573771228968 1150.865555485592 -5448.37831385851 3174.518999990009
 12523.52461407101 -3038.747687821625 1398.418464531164 -6957.104014966972 9459.233395694782
 9038.161742797551 -7898.573771228968 1150.865555485592 -5448.37831385851 3174.518999990009
 9038.161742797551 -7898.573771228968 1150.865555485592 -5448.37831385851 3174.518999990009
 9038.161742797551 -7898.573771228968 1150.865555485592 -5448.37831385851 3174.518999990009
 8102.949590566986 6877.657815338667 -2328.204855066208 -6359.239164429519 -556.9021879773208
 9038.161742797551 -7898.573771228968 1150.865555485592 -5448.37831385851 3174.518999990009
 9038.161742797551 -7898.573771228968 1150.865555485592 -5448.37831385851 3174.518999990009
 9038.161742797551 -7898.573771228968 1150.865555485592 -5448.37831385851 3174.518999990009
 9038.161742797551 -7898.573771228968 1150.865555485592 -5448.37831385851 3174.518999990009
 9038.161742797551 -7898.573771228968 1150.865555485592 -5448.37831385851 3174.518999990009
 9038.161742797551 -7898.573771228968 1150.865555485592 -5448.37831385851 3174.518999990009
 9038.161742797551 -7898.573771228968 1150.865555485592 -5448.37831385851 3174.518999990009
 9038.161742797551 -7898.573771228968 1150.865555485592 -5448.37831385851 3174.518999990009
 9038.161742797551 -7898.573771228968 1150.865555485592 -5448.37831385851 3174.518999990009
 8644.493420481389 -8603.766945816589 9196.291955273336 -3647.336459831812 -624.8725488939453
 -1251.220231255301 -10487.41603161983 18737.36133853205 1463.57111259086 7131.716280791605
 9223.911448861547 -11052.82987745231 -182.391744295023 -3622.010601345638 3713.388601083414
 9496.920714901898 -4229.597863880119 -1272.252990961073 -6028.321746125229 2045.091040147088
 9038.161742797551 -7898.573771228968 1150.865555485592 -5448.37831385851 3174.518999990009
 9496.920714901898 -4229.597863880119 -1272.252990961073 -6028.321746125229 2045.091040147088
 7388.897582151485 -10474.89991308793 3737.367628202254 -2695.358304450353 1775.04335915913
 851.2661118154874 -3108.314178807947 4509.164019583362 5605.892214234913 7215.78792762671
 9038.161742797551 -7898.573771228968 1150.865555485592 -5448.37831385851 3174.518999990009
 9496.920714901898 -4229.597863880119 -1272.252990961073 -6028.321746125229 2045.091040147088
 9038.161742797551 -7898.573771228968 1150.865555485592 -5448.37831385851 3174.518999990009
 9496.920714901898 -4229.597863880119 -1272.252990961073 -6028.321746125229 2045.091040147088
 21494.48739005594 -7970.034625091808 -11616.41399059409 -10129.58479600877 1738.596546762442
 851.2661118154874 -3108.314178807947 4509.164019583362 5605.892214234913 7215.78792762671
 9038.161742797551 -7898.573771228968 1150.865555485592 -5448.37831385851 3174.518999990009
 9038.161742797551 -7898.573771228968 1150.865555485592 -5448.37831385851 3174.518999990009
 9038.161742797551 -7898.573771228968 1150.865555485592 -5448.37831385851 3174.518999990009
 9496.920714901898 -4229.597863880119 -1272.252990961073 -6028.321746125229 2045.091040147088
 9038.161742797551 -7898.573771228968 1150.865555485592 -5448.37831385851 3174.518999990009
 12446.00480105954 -7270.599199466052 -3600.473729634311 -7909.268823617779 4624.334729900562
 15602.57051982691 -10683.9527766654 -68.72094124864577 -3619.663383141228 3387.216855322599
 9038.161742797551 -7898.573771228968 1150.865555485592 -5448.37831385851 3174.518999990009
 9038.161742797551 -7898.573771228968 1150.865555485592 -5448.37831385851 3174.518999990009
 9038.161742797551 -7898.573771228968 1150.865555485592 -5448.37831385851 3174.518999990009
 9038.161742797551 -7898.573771228968 1150.865555485592 -5448.37831385851 3174.518999990009
 9038.161742797551 -7898.573771228968 1150.865555485592 -5448.37831385851 3174.518999990009
 9038.161742797551 -7898.573771228968 1150.865555485592 -5448.37831385851 3174.518999990009
 15106.8345943498 3829.371841639886 -1757.408949085357 -4395.802789370342 -3055.798904857559
 14508.04860807256 -914.4373579337152 4554.572704583789 -6917.1161549976 7036.423808587922
 9038.161742797551 -7898.573771228968 1150.865555485592 -5448.37831385851 3174.518999990009
 9038.161742797551 -7898.573771228968 1150.865555485592 -5448.37831385851 3174.518999990009
 9496.920714901898 -4229.597863880119 -1272.252990961073 -6028.321746125229 2045.091040147088
 10414.62517945498 -6079.361199995928 4364.787092086609 -5895.198496280185 3467.679336395943
 9038.161742797551 -7898.573771228968 1150.865555485592 -5448.37831385851 3174.518999990009
 17166.57055605304 -7844.387458700882 -7933.803604945935 -938.2723689473614 2292.0485000692
 18133.16569609622 -1789.820960486767 3564.964147016803 -12120.82138893912 3002.182584262805
 9038.161742797551 -7898.573771228968 1150.865555485592 -5448.37831385851 3174.518999990009
 9038.161742797551 -7898.573771228968 1150.865555485592 -5448.37831385851 3174.518999990009
 9038.161742797551 -7898.573771228968 1150.865555485592 -5448.37831385851 3174.518999990009
 9038.161742797551 -7898.573771228968 1150.865555485592 -5448.37831385851 3174.518999990009
 19576.43037275918 -9628.437411627528 -1264.406625979751 9292.230955384332 1114.805877297763
 9038.161742797551 -7898.573771228968 1150.865555485592 -5448.37831385851 3174.518999990009
 12007.54450256767 -9134.915982487017 2552.998348521139 -1154.567082475194 2554.175202761201
 12758.50363619683 -7434.633940283077 828.8324309940949 -6641.957852451096 2468.582093605534
