# Created by Octave 4.2.1, Mon Oct 09 18:47:06 2017 BRT <root@mosqueiro>
# name: pop
# type: matrix
# rows: 1000
# columns: 5
 9082.765933897987 -7498.378756661972 980.8182017248783 -5881.845737117307 3316.093229840315
 9082.765933897987 -7498.378756661972 980.8182017248783 -5881.845737117307 3316.093229840315
 9082.765933897987 -7498.378756661972 980.8182017248783 -5881.845737117307 3316.093229840315
 9082.765933897987 -7498.378756661972 980.8182017248783 -5881.845737117307 3316.093229840315
 9082.765933897987 -7498.378756661972 980.8182017248783 -5881.845737117307 3316.093229840315
 9082.765933897987 -7498.378756661972 980.8182017248783 -5881.845737117307 3316.093229840315
 8834.819086484587 -7507.648052917444 906.5118334791382 -5707.662934782681 3481.084394237243
 9082.765933897987 -7498.378756661972 980.8182017248783 -5881.845737117307 3316.093229840315
 8881.753529978805 -7468.513051931278 883.2332548350349 -5697.499543229148 3394.437326277925
 8878.490280653166 -7481.251636722786 901.8523351525404 -5700.708049618951 3403.428086171573
 9082.765933897987 -7498.378756661972 980.8182017248783 -5881.845737117307 3316.093229840315
 9082.765933897987 -7498.378756661972 980.8182017248783 -5881.845737117307 3316.093229840315
 8878.490280653166 -7481.251636722786 901.8523351525404 -5700.708049618951 3403.428086171573
 10020.69659662015 -3534.953701622277 -1181.064380536687 -6337.435742375596 1037.612916455149
 9082.765933897987 -7498.378756661972 980.8182017248783 -5881.845737117307 3316.093229840315
 9082.765933897987 -7498.378756661972 980.8182017248783 -5881.845737117307 3316.093229840315
 10075.83145092924 -3495.921071989399 -1229.08064039201 -6371.09417128661 1020.493758886165
 10017.84815594147 -3510.446467198795 -1170.725832681028 -6348.676987082398 1017.658879763471
 9082.765933897987 -7498.378756661972 980.8182017248783 -5881.845737117307 3316.093229840315
 8878.490280653166 -7481.251636722786 901.8523351525404 -5700.708049618951 3403.428086171573
 9082.765933897987 -7498.378756661972 980.8182017248783 -5881.845737117307 3316.093229840315
 8839.95372414291 -7553.813466628058 898.3109395806396 -5658.238274426871 3334.778989066732
 9082.765933897987 -7498.378756661972 980.8182017248783 -5881.845737117307 3316.093229840315
 9082.765933897987 -7498.378756661972 980.8182017248783 -5881.845737117307 3316.093229840315
 9946.710986178246 -3713.372022847215 -996.4070855104468 -6321.183563679647 1084.298594965864
 8878.490280653166 -7481.251636722786 901.8523351525404 -5700.708049618951 3403.428086171573
 9082.765933897987 -7498.378756661972 980.8182017248783 -5881.845737117307 3316.093229840315
 9076.38850936006 -7538.068005398149 1010.506486489939 -5819.122642229347 3270.641809113035
 9082.765933897987 -7498.378756661972 980.8182017248783 -5881.845737117307 3316.093229840315
 8872.641951647685 -7445.641321008781 896.4730030835265 -5701.648114996171 3403.920938297807
 9946.710986178246 -3713.372022847215 -996.4070855104468 -6321.183563679647 1084.298594965864
 10004.60997640431 -3514.809902117871 -1195.41748778245 -6396.890920823605 1055.452385087183
 10020.69659662015 -3534.953701622277 -1181.064380536687 -6337.435742375596 1037.612916455149
 9082.765933897987 -7498.378756661972 980.8182017248783 -5881.845737117307 3316.093229840315
 8878.490280653166 -7481.251636722786 901.8523351525404 -5700.708049618951 3403.428086171573
 9081.344953178672 -7525.793549846636 998.2083555296218 -5805.856942919838 3273.992450135566
 9082.765933897987 -7498.378756661972 980.8182017248783 -5881.845737117307 3316.093229840315
 10102.12137170758 -3524.612463871074 -1231.528319854512 -6364.940842164296 1033.102855993347
 9601.477783266293 -4112.413111565701 -1548.822122480117 -6028.242378668704 2144.035099274695
 8878.490280653166 -7481.251636722786 901.8523351525404 -5700.708049618951 3403.428086171573
 10075.83145092924 -3495.921071989399 -1229.08064039201 -6371.09417128661 1020.493758886165
 9082.765933897987 -7498.378756661972 980.8182017248783 -5881.845737117307 3316.093229840315
 8908.626954994827 -7444.707989988651 917.4288342683454 -5712.442251470829 3403.897158829443
 9082.765933897987 -7498.378756661972 980.8182017248783 -5881.845737117307 3316.093229840315
 9082.82804657932 -7495.860799757944 999.1526310518016 -5879.315233691445 3316.993428257509
 9082.765933897987 -7498.378756661972 980.8182017248783 -5881.845737117307 3316.093229840315
 10035.25054310659 -3534.951076380134 -1172.753563447459 -6354.865695934933 1027.326295033131
 9946.710986178246 -3713.372022847215 -996.4070855104468 -6321.183563679647 1084.298594965864
 9076.38850936006 -7538.068005398149 1010.506486489939 -5819.122642229347 3270.641809113035
 9082.765933897987 -7498.378756661972 980.8182017248783 -5881.845737117307 3316.093229840315
 10035.25054310659 -3534.951076380134 -1172.753563447459 -6354.865695934933 1027.326295033131
 9946.569489521928 -3719.098248126764 -996.2305221220179 -6316.782835816478 1074.543367354165
 9082.765933897987 -7498.378756661972 980.8182017248783 -5881.845737117307 3316.093229840315
 9082.765933897987 -7498.378756661972 980.8182017248783 -5881.845737117307 3316.093229840315
 8912.227811887955 -7494.512781545806 902.1878574718254 -5699.251372855883 3400.31023661975
 9496.920714901898 -4229.597863880119 -1272.252990961073 -6028.321746125229 2045.091040147088
 9076.38850936006 -7538.068005398149 1010.506486489939 -5819.122642229347 3270.641809113035
 9713.669867486635 -3624.833880297175 -1501.805438706623 -6318.957941223893 2234.32531284715
 9082.765933897987 -7498.378756661972 980.8182017248783 -5881.845737117307 3316.093229840315
 9082.765933897987 -7498.378756661972 980.8182017248783 -5881.845737117307 3316.093229840315
 9063.669800477388 -7493.2331574467 989.97702682958 -5895.318690188886 3306.725561774952
 9073.175206622655 -7534.240523848538 1015.822556955539 -5804.269827394669 3264.813731014231
 9076.38850936006 -7538.068005398149 1010.506486489939 -5819.122642229347 3270.641809113035
 9076.38850936006 -7538.068005398149 1010.506486489939 -5819.122642229347 3270.641809113035
 9082.765933897987 -7498.378756661972 980.8182017248783 -5881.845737117307 3316.093229840315
 10054.50061080544 -3545.036391363537 -1176.997154727851 -6357.727720817393 1024.902469104499
 9080.14320795512 -7549.129751084871 1021.246783121311 -5824.811709867534 3272.97533593781
 8878.490280653166 -7481.251636722786 901.8523351525404 -5700.708049618951 3403.428086171573
 8888.778731567874 -7477.166512624623 916.1162357521615 -5728.02545024165 3403.634766992361
 10075.83145092924 -3495.921071989399 -1229.08064039201 -6371.09417128661 1020.493758886165
 9082.765933897987 -7498.378756661972 980.8182017248783 -5881.845737117307 3316.093229840315
 9082.765933897987 -7498.378756661972 980.8182017248783 -5881.845737117307 3316.093229840315
 9076.38850936006 -7538.068005398149 1010.506486489939 -5819.122642229347 3270.641809113035
 9076.38850936006 -7538.068005398149 1010.506486489939 -5819.122642229347 3270.641809113035
 8878.490280653166 -7481.251636722786 901.8523351525404 -5700.708049618951 3403.428086171573
 10075.83145092924 -3495.921071989399 -1229.08064039201 -6371.09417128661 1020.493758886165
 9082.765933897987 -7498.378756661972 980.8182017248783 -5881.845737117307 3316.093229840315
 9076.38850936006 -7538.068005398149 1010.506486489939 -5819.122642229347 3270.641809113035
 10071.5682411048 -3482.309401517195 -1128.147856239513 -6408.386502676372 998.9556960356817
 9082.765933897987 -7498.378756661972 980.8182017248783 -5881.845737117307 3316.093229840315
 9082.765933897987 -7498.378756661972 980.8182017248783 -5881.845737117307 3316.093229840315
 8878.27200632562 -7484.806898337006 894.0909692093868 -5696.791867404339 3409.766635865478
 8878.490280653166 -7481.251636722786 901.8523351525404 -5700.708049618951 3403.428086171573
 10022.53723806063 -3542.399341367372 -1183.177361930854 -6336.310096598846 1040.837887371909
