# Created by Octave 4.2.1, Mon Oct 09 17:37:53 2017 BRT <root@mosqueiro>
# name: pop
# type: matrix
# rows: 1000
# columns: 5
 3204.485643281873 -6316.601808364054 -6068.739596027346 7674.543446885487 1512.302426132386
 2779.042689259514 -6974.584856139407 -5440.471861248222 5839.650123519417 3807.089287359832
 3825.019710581123 -8927.399175058354 -6906.560724857734 8260.717712468737 3761.116614656092
 3825.019710581123 -8927.399175058354 -6906.560724857734 8260.717712468737 3761.116614656092
 3825.019710581123 -8927.399175058354 -6906.560724857734 8260.717712468737 3761.116614656092
 3825.019710581123 -8927.399175058354 -6906.560724857734 8260.717712468737 3761.116614656092
 1389.097614218897 -8639.55177742452 -6443.855773281908 10265.72369784989 3454.552045647862
 3069.186883280454 -6932.815978323069 -6616.08464653239 6858.316249444368 3656.422301383605
 4268.271457229334 -7327.619384299371 -6563.881375147548 5701.626479809405 5143.311457190153
 3708.000623604864 -7508.532553624562 -9948.550847098881 6539.141046809294 2580.858511862109
 3069.186883280454 -6932.815978323069 -6616.08464653239 6858.316249444368 3656.422301383605
 3832.027315982381 -816.0708394159152 -5408.843943688793 4011.676378504779 4429.915354739725
 1389.097614218897 -8639.55177742452 -6443.855773281908 10265.72369784989 3454.552045647862
 1389.097614218897 -8639.55177742452 -6443.855773281908 10265.72369784989 3454.552045647862
 3069.186883280454 -6932.815978323069 -6616.08464653239 6858.316249444368 3656.422301383605
 3153.317594543021 -8460.393655308382 -5445.307169598987 8624.297309391181 2270.19887160405
 2742.41936774481 -6511.461173280261 -5219.785290109999 4547.88100363409 5585.841330748095
 3069.186883280454 -6932.815978323069 -6616.08464653239 6858.316249444368 3656.422301383605
 3825.019710581123 -8927.399175058354 -6906.560724857734 8260.717712468737 3761.116614656092
 3069.186883280454 -6932.815978323069 -6616.08464653239 6858.316249444368 3656.422301383605
 4114.591813619171 -7580.461423650252 -8575.25307202648 6733.718357548312 6302.458062814791
 3491.785070217546 -13776.55327457536 -15059.69168909246 1387.053553372317 10919.10385855113
 1389.097614218897 -8639.55177742452 -6443.855773281908 10265.72369784989 3454.552045647862
 3825.019710581123 -8927.399175058354 -6906.560724857734 8260.717712468737 3761.116614656092
 2951.732989177232 -7367.581236408574 -6673.577079274823 8697.408379970815 3468.624133712409
 1389.097614218897 -8639.55177742452 -6443.855773281908 10265.72369784989 3454.552045647862
 1389.097614218897 -8639.55177742452 -6443.855773281908 10265.72369784989 3454.552045647862
 3214.123710128724 -6063.632352056311 -6402.06835830897 7277.887620572013 3087.082744982775
 2296.649552824573 -7644.978862624801 -7339.662647146339 10365.9073875648 4508.367546306755
 1389.097614218897 -8639.55177742452 -6443.855773281908 10265.72369784989 3454.552045647862
 3069.186883280454 -6932.815978323069 -6616.08464653239 6858.316249444368 3656.422301383605
 10814.09228640785 -5776.628792306414 -8197.745323323463 12492.44527360509 -5501.814339959747
 3825.019710581123 -8927.399175058354 -6906.560724857734 8260.717712468737 3761.116614656092
 3069.186883280454 -6932.815978323069 -6616.08464653239 6858.316249444368 3656.422301383605
 2742.41936774481 -6511.461173280261 -5219.785290109999 4547.88100363409 5585.841330748095
 5180.06357879254 -3276.942608693347 -10096.87470838319 11958.95487601607 6758.23990332977
 1389.097614218897 -8639.55177742452 -6443.855773281908 10265.72369784989 3454.552045647862
 1389.097614218897 -8639.55177742452 -6443.855773281908 10265.72369784989 3454.552045647862
 1389.097614218897 -8639.55177742452 -6443.855773281908 10265.72369784989 3454.552045647862
 -3794.173894889245 -11969.5790017747 -2904.206751331982 5411.411090897804 5033.772089578092
 1389.097614218897 -8639.55177742452 -6443.855773281908 10265.72369784989 3454.552045647862
 1389.097614218897 -8639.55177742452 -6443.855773281908 10265.72369784989 3454.552045647862
 2272.939021745503 -5246.588374606504 -5794.252023437558 8082.294100544943 1808.861185471254
 3069.186883280454 -6932.815978323069 -6616.08464653239 6858.316249444368 3656.422301383605
 3069.186883280454 -6932.815978323069 -6616.08464653239 6858.316249444368 3656.422301383605
 1389.097614218897 -8639.55177742452 -6443.855773281908 10265.72369784989 3454.552045647862
 3069.186883280454 -6932.815978323069 -6616.08464653239 6858.316249444368 3656.422301383605
 3069.186883280454 -6932.815978323069 -6616.08464653239 6858.316249444368 3656.422301383605
 1389.097614218897 -8639.55177742452 -6443.855773281908 10265.72369784989 3454.552045647862
 3825.019710581123 -8927.399175058354 -6906.560724857734 8260.717712468737 3761.116614656092
 3069.186883280454 -6932.815978323069 -6616.08464653239 6858.316249444368 3656.422301383605
 3069.186883280454 -6932.815978323069 -6616.08464653239 6858.316249444368 3656.422301383605
 3313.827075270189 -6023.304406309401 -7341.71329039695 6711.059568074434 3529.129041086343
 7616.713825282813 -9943.766263155616 -15088.42032303268 11037.41750536833 4559.625780561979
 -7988.379803976739 -3131.724020677657 2993.895782153042 7796.749625650636 13073.47368240074
 -4681.991652925385 -7940.268311791085 -11073.4652495579 8842.205408015265 358.332163255229
 3069.186883280454 -6932.815978323069 -6616.08464653239 6858.316249444368 3656.422301383605
 1238.729174053173 -4593.716559527025 -3065.206220843239 5642.782943236674 6945.682297304096
 -3409.960659330462 -8959.079550138933 -12873.97005236551 6781.366041466226 606.066804308678
 1389.097614218897 -8639.55177742452 -6443.855773281908 10265.72369784989 3454.552045647862
 1389.097614218897 -8639.55177742452 -6443.855773281908 10265.72369784989 3454.552045647862
 1389.097614218897 -8639.55177742452 -6443.855773281908 10265.72369784989 3454.552045647862
 3069.186883280454 -6932.815978323069 -6616.08464653239 6858.316249444368 3656.422301383605
 3146.951156571073 -7548.384095729747 -6460.537592408285 7091.523580956887 4674.983972162256
 1389.097614218897 -8639.55177742452 -6443.855773281908 10265.72369784989 3454.552045647862
 3069.186883280454 -6932.815978323069 -6616.08464653239 6858.316249444368 3656.422301383605
 1389.097614218897 -8639.55177742452 -6443.855773281908 10265.72369784989 3454.552045647862
 1389.097614218897 -8639.55177742452 -6443.855773281908 10265.72369784989 3454.552045647862
 3825.019710581123 -8927.399175058354 -6906.560724857734 8260.717712468737 3761.116614656092
 3825.019710581123 -8927.399175058354 -6906.560724857734 8260.717712468737 3761.116614656092
 -3483.219905118237 -4060.893895967567 -5415.731011176475 1205.336424783399 26596.78041346801
 3069.186883280454 -6932.815978323069 -6616.08464653239 6858.316249444368 3656.422301383605
 1389.097614218897 -8639.55177742452 -6443.855773281908 10265.72369784989 3454.552045647862
 1389.097614218897 -8639.55177742452 -6443.855773281908 10265.72369784989 3454.552045647862
 -4493.81508408259 -9341.452518321472 -12278.87147583768 7559.506225940977 556.7707861006863
 8584.997876352219 -1207.234489286825 -9443.418097887163 8102.546200130043 444.0759038609023
 3069.186883280454 -6932.815978323069 -6616.08464653239 6858.316249444368 3656.422301383605
 882.6362177840573 -4587.060477923371 -8967.576682933495 11076.36549178672 -7511.22468778749
 -1128.316085111051 -3131.058814356444 -9868.637527191273 -4301.119476028483 5325.261526964494
 1389.097614218897 -8639.55177742452 -6443.855773281908 10265.72369784989 3454.552045647862
 1947.747903275049 -6293.257637863797 -5876.980512558822 10914.16638824503 1817.224830090873
 3069.186883280454 -6932.815978323069 -6616.08464653239 6858.316249444368 3656.422301383605
 1389.097614218897 -8639.55177742452 -6443.855773281908 10265.72369784989 3454.552045647862
 1389.097614218897 -8639.55177742452 -6443.855773281908 10265.72369784989 3454.552045647862
 1389.097614218897 -8639.55177742452 -6443.855773281908 10265.72369784989 3454.552045647862
