# Created by Octave 4.2.1, Mon Oct 09 17:52:41 2017 BRT <root@mosqueiro>
# name: pop
# type: matrix
# rows: 1000
# columns: 5
 -16539.1205478271 35855.54960792076 1129.530066782612 -11926.45330430938 -8515.340581257255
 -16539.1205478271 35855.54960792076 1129.530066782612 -11926.45330430938 -8515.340581257255
 -16539.1205478271 35855.54960792076 1129.530066782612 -11926.45330430938 -8515.340581257255
 -16539.1205478271 35855.54960792076 1129.530066782612 -11926.45330430938 -8515.340581257255
 -16539.1205478271 35855.54960792076 1129.530066782612 -11926.45330430938 -8515.340581257255
 -16539.1205478271 35855.54960792076 1129.530066782612 -11926.45330430938 -8515.340581257255
 -16539.1205478271 35855.54960792076 1129.530066782612 -11926.45330430938 -8515.340581257255
 8674.154756951379 -308.7547093495407 -8121.343381037595 9339.184336990291 -7830.694969574543
 -16539.1205478271 35855.54960792076 1129.530066782612 -11926.45330430938 -8515.340581257255
 -10518.59659998697 10199.41657043544 1458.814388900316 2190.509689057604 -178.8153670057527
 -29617.18727631401 43663.37107510205 2251.880744717565 -13766.28579762191 -5214.589276070285
 -6656.268131236139 6353.222260248825 3061.895208913224 6774.301502112063 -9499.130554024872
 10752.26862684357 1930.361531273858 -8607.605765885302 -4164.297739517539 -16125.72674331234
 -6656.268131236139 6353.222260248825 3061.895208913224 6774.301502112063 -9499.130554024872
 -16539.1205478271 35855.54960792076 1129.530066782612 -11926.45330430938 -8515.340581257255
 892.275275171723 -3387.370165838068 6944.225958619488 4761.756210334675 7669.880974676536
 -18304.44631254156 38539.00449296244 -3977.296504439296 -16088.13774164206 8674.983352776453
 -6656.268131236139 6353.222260248825 3061.895208913224 6774.301502112063 -9499.130554024872
 -16539.1205478271 35855.54960792076 1129.530066782612 -11926.45330430938 -8515.340581257255
 -16539.1205478271 35855.54960792076 1129.530066782612 -11926.45330430938 -8515.340581257255
 -16539.1205478271 35855.54960792076 1129.530066782612 -11926.45330430938 -8515.340581257255
 -6656.268131236139 6353.222260248825 3061.895208913224 6774.301502112063 -9499.130554024872
 -16539.1205478271 35855.54960792076 1129.530066782612 -11926.45330430938 -8515.340581257255
 -6656.268131236139 6353.222260248825 3061.895208913224 6774.301502112063 -9499.130554024872
 -6656.268131236139 6353.222260248825 3061.895208913224 6774.301502112063 -9499.130554024872
 -16539.1205478271 35855.54960792076 1129.530066782612 -11926.45330430938 -8515.340581257255
 -16539.1205478271 35855.54960792076 1129.530066782612 -11926.45330430938 -8515.340581257255
 -16539.1205478271 35855.54960792076 1129.530066782612 -11926.45330430938 -8515.340581257255
 4308.547105268301 7911.735107472805 -3325.961261126429 11525.43336459683 -11781.9097976624
 -16539.1205478271 35855.54960792076 1129.530066782612 -11926.45330430938 -8515.340581257255
 -213.3443645662919 10671.67340479299 3631.112417751132 7547.207534751508 -9087.163170647207
 -6656.268131236139 6353.222260248825 3061.895208913224 6774.301502112063 -9499.130554024872
 -16539.1205478271 35855.54960792076 1129.530066782612 -11926.45330430938 -8515.340581257255
 -16539.1205478271 35855.54960792076 1129.530066782612 -11926.45330430938 -8515.340581257255
 -16869.32058125821 -17243.4790868065 6514.048286157176 28158.56387726945 2347.931810063386
 -16539.1205478271 35855.54960792076 1129.530066782612 -11926.45330430938 -8515.340581257255
 10482.55473035073 -2024.184918140611 16217.50579167867 3028.692688066581 4126.391017605568
 -6656.268131236139 6353.222260248825 3061.895208913224 6774.301502112063 -9499.130554024872
 -3130.498042393194 -7719.503642954325 -1851.061756266822 4522.213934612664 8123.091467376813
 -16539.1205478271 35855.54960792076 1129.530066782612 -11926.45330430938 -8515.340581257255
 -16539.1205478271 35855.54960792076 1129.530066782612 -11926.45330430938 -8515.340581257255
 -6656.268131236139 6353.222260248825 3061.895208913224 6774.301502112063 -9499.130554024872
 -16539.1205478271 35855.54960792076 1129.530066782612 -11926.45330430938 -8515.340581257255
 -16539.1205478271 35855.54960792076 1129.530066782612 -11926.45330430938 -8515.340581257255
 -5554.292227840827 -4367.671107229882 1874.945973232329 18406.30416917953 -8067.869157002807
 -20398.4718237435 30797.83368383794 9037.361810046898 -9343.772446962867 -17485.38871825908
 -16539.1205478271 35855.54960792076 1129.530066782612 -11926.45330430938 -8515.340581257255
 -6656.268131236139 6353.222260248825 3061.895208913224 6774.301502112063 -9499.130554024872
 -16539.1205478271 35855.54960792076 1129.530066782612 -11926.45330430938 -8515.340581257255
 3846.59169118085 12183.34428032151 242.9454037992136 4941.024423036499 -10690.09530027134
 -2473.244561909922 -916.1770619072249 -1349.008095605321 8731.177545592031 -4452.572209332415
 -16539.1205478271 35855.54960792076 1129.530066782612 -11926.45330430938 -8515.340581257255
 -6656.268131236139 6353.222260248825 3061.895208913224 6774.301502112063 -9499.130554024872
 -16539.1205478271 35855.54960792076 1129.530066782612 -11926.45330430938 -8515.340581257255
 -16539.1205478271 35855.54960792076 1129.530066782612 -11926.45330430938 -8515.340581257255
 -6656.268131236139 6353.222260248825 3061.895208913224 6774.301502112063 -9499.130554024872
 -16539.1205478271 35855.54960792076 1129.530066782612 -11926.45330430938 -8515.340581257255
 -8546.422822609151 6206.596147947563 8842.254070403385 7438.802122009844 -8507.236986059479
 -32941.88798422081 1680.022253645661 4494.513386883286 678.5012509200105 -5152.203905319166
 -6656.268131236139 6353.222260248825 3061.895208913224 6774.301502112063 -9499.130554024872
 -30455.89853025695 3187.228175333563 -816.4120773788354 4981.365602900323 -2973.969726458788
 -16539.1205478271 35855.54960792076 1129.530066782612 -11926.45330430938 -8515.340581257255
 -6656.268131236139 6353.222260248825 3061.895208913224 6774.301502112063 -9499.130554024872
 -6656.268131236139 6353.222260248825 3061.895208913224 6774.301502112063 -9499.130554024872
 -16539.1205478271 35855.54960792076 1129.530066782612 -11926.45330430938 -8515.340581257255
 -14308.02396922632 43945.11515864541 1660.413620976865 -5661.256617044591 -9087.900555897291
 -14431.76498217364 5729.357807894525 -1345.553612905511 10713.72685565501 -1940.927544584982
 -20728.61004729638 24203.81871443907 541.6695864927672 -14969.37699513486 -4824.024321210948
 -6656.268131236139 6353.222260248825 3061.895208913224 6774.301502112063 -9499.130554024872
 -16539.1205478271 35855.54960792076 1129.530066782612 -11926.45330430938 -8515.340581257255
 -21657.75632017683 29760.14247953887 -13670.84039148527 -9388.816863563365 -7265.176412778203
 -6656.268131236139 6353.222260248825 3061.895208913224 6774.301502112063 -9499.130554024872
 -6656.268131236139 6353.222260248825 3061.895208913224 6774.301502112063 -9499.130554024872
 -5374.325433212546 12846.59592127727 19646.0841919644 20569.54467754223 -33313.60904110431
 -16539.1205478271 35855.54960792076 1129.530066782612 -11926.45330430938 -8515.340581257255
 -15559.44770203944 15252.78509846645 -2811.061560308109 5779.729311172948 -23445.57079342382
 -6656.268131236139 6353.222260248825 3061.895208913224 6774.301502112063 -9499.130554024872
 -11234.56587758996 8121.870143727858 21302.03520944059 -3609.642014170991 -7767.241145997798
 -6656.268131236139 6353.222260248825 3061.895208913224 6774.301502112063 -9499.130554024872
 -6656.268131236139 6353.222260248825 3061.895208913224 6774.301502112063 -9499.130554024872
 -16539.1205478271 35855.54960792076 1129.530066782612 -11926.45330430938 -8515.340581257255
 -16539.1205478271 35855.54960792076 1129.530066782612 -11926.45330430938 -8515.340581257255
 -17962.28247189862 2375.993187249974 943.9855963078567 597.4541995485694 -11757.83699569916
 -9010.982252253407 16175.69839407553 -4243.990595743009 7409.9846357141 -10650.01609815082
