# Created by Octave 4.2.1, Mon Oct 09 18:33:57 2017 BRT <root@mosqueiro>
# name: pop
# type: matrix
# rows: 1000
# columns: 5
 -8159.716472747979 7452.657826101266 -9348.319574884814 7530.915947201678 2523.488975149219
 -8159.625764849092 7452.580447525248 -9348.203725018417 7531.063703529334 2523.21216300934
 -8159.503861263249 7452.549795082256 -9348.322395400319 7530.917046351314 2523.385964879159
 -8159.456223949796 7452.576581065644 -9348.310485131704 7530.880698863009 2523.336311070571
 -8159.503320999906 7452.550262570833 -9348.319351788861 7530.916463175695 2523.382933184041
 -8159.716472747979 7452.657826101266 -9348.319574884814 7530.915947201678 2523.488975149219
 -8159.625764849092 7452.580447525248 -9348.203725018417 7531.063703529334 2523.21216300934
 -8159.726658239339 7452.675582947621 -9348.301937884329 7530.878238057283 2523.502508315878
 -8159.500704474723 7452.554418952471 -9348.315075868928 7530.912223615664 2523.374393324208
 -7071.986600215708 7342.847849064104 -9915.285092688686 7560.144854642805 2083.227567267753
 -8159.506151441584 7452.564921041992 -9348.321590313375 7530.90597757209 2523.383095869476
 -8159.504981903771 7452.573273212014 -9348.282407879205 7530.880775191844 2523.358487737622
 -8159.506151441584 7452.564921041992 -9348.321590313375 7530.90597757209 2523.383095869476
 -8159.458250395956 7452.575371880208 -9348.310318219474 7530.87972367268 2523.34089925827
 -8159.456961363826 7452.572832340891 -9348.312114975419 7530.883962030822 2523.344169545764
 -8159.506151441584 7452.564921041992 -9348.321590313375 7530.90597757209 2523.383095869476
 -8159.498276239335 7452.554906351062 -9348.314836026308 7530.913257290297 2523.373284364656
 -8159.717258996163 7452.669018395067 -9348.327933682269 7530.907477076157 2523.495847796848
 -8159.716528202689 7452.656191638046 -9348.319113303191 7530.917080187511 2523.487818462062
 -8159.716472747979 7452.657826101266 -9348.319574884814 7530.915947201678 2523.488975149219
 -8159.515737908325 7452.558268712983 -9348.32839488947 7530.91118008765 2523.350968947567
 -8159.503320999906 7452.550262570833 -9348.319351788861 7530.916463175695 2523.382933184041
 -8159.502195161221 7452.55621422796 -9348.314777806763 7530.919783792398 2523.36797742646
 -8159.716528202689 7452.656191638046 -9348.319113303191 7530.917080187511 2523.487818462062
 -8159.456223949796 7452.576581065644 -9348.310485131704 7530.880698863009 2523.336311070571
 -8159.716528202689 7452.656191638046 -9348.319113303191 7530.917080187511 2523.487818462062
 -8159.488288556285 7452.574614893148 -9348.298803830025 7530.886131252041 2523.353762760844
 -8159.503320999906 7452.550262570833 -9348.319351788861 7530.916463175695 2523.382933184041
 -8159.488288556285 7452.574614893148 -9348.298803830025 7530.886131252041 2523.353762760844
 -7070.719802029496 7345.370360010086 -9917.765140351774 7559.639984767621 2082.531881985522
 -8159.458250395956 7452.575371880208 -9348.310318219474 7530.87972367268 2523.34089925827
 -8159.458250395956 7452.575371880208 -9348.310318219474 7530.87972367268 2523.34089925827
 -8159.523996991027 7452.522916427364 -9348.328001809175 7530.890050677459 2523.330929491266
 -7070.71929984197 7345.37372352967 -9917.77451716462 7559.632649381782 2082.534362908037
 -8159.728214393119 7452.679612779236 -9348.300136665532 7530.880118608408 2523.497551971514
 -8159.506151441584 7452.564921041992 -9348.321590313375 7530.90597757209 2523.383095869476
 -8159.458250395956 7452.575371880208 -9348.310318219474 7530.87972367268 2523.34089925827
 -8159.716528202689 7452.656191638046 -9348.319113303191 7530.917080187511 2523.487818462062
 -8159.458250395956 7452.575371880208 -9348.310318219474 7530.87972367268 2523.34089925827
 -8159.425379530951 7452.553068726208 -9348.292017867569 7530.903092688758 2523.288980936046
 -8159.500704474723 7452.554418952471 -9348.315075868928 7530.912223615664 2523.374393324208
 -8159.506151441584 7452.564921041992 -9348.321590313375 7530.90597757209 2523.383095869476
 -8159.591925457175 7452.699889472121 -9348.355443220402 7530.907356554819 2523.380766719468
 -7065.838625955412 7334.566864559608 -9919.472476345334 7563.907488964259 2085.853222792061
 -8159.458250395956 7452.575371880208 -9348.310318219474 7530.87972367268 2523.34089925827
 -8159.716528202689 7452.656191638046 -9348.319113303191 7530.917080187511 2523.487818462062
 -8159.500704474723 7452.554418952471 -9348.315075868928 7530.912223615664 2523.374393324208
 -8159.625764849092 7452.580447525248 -9348.203725018417 7531.063703529334 2523.21216300934
 -8159.465546924833 7452.553974245717 -9348.335894318136 7530.908329148227 2523.334862901701
 -8159.503861263249 7452.549795082256 -9348.322395400319 7530.917046351314 2523.385964879159
 -7066.505254421139 7332.73489906914 -9919.881529001856 7565.091351776999 2086.492893176199
 -8159.503861263249 7452.549795082256 -9348.322395400319 7530.917046351314 2523.385964879159
 -8159.425379530951 7452.553068726208 -9348.292017867569 7530.903092688758 2523.288980936046
 -8159.506151441584 7452.564921041992 -9348.321590313375 7530.90597757209 2523.383095869476
 -8159.458250395956 7452.575371880208 -9348.310318219474 7530.87972367268 2523.34089925827
 -8159.503320999906 7452.550262570833 -9348.319351788861 7530.916463175695 2523.382933184041
 -8159.503861263249 7452.549795082256 -9348.322395400319 7530.917046351314 2523.385964879159
 -8159.500704474723 7452.554418952471 -9348.315075868928 7530.912223615664 2523.374393324208
 -8159.500704474723 7452.554418952471 -9348.315075868928 7530.912223615664 2523.374393324208
 -8159.458250395956 7452.575371880208 -9348.310318219474 7530.87972367268 2523.34089925827
 -8159.500704474723 7452.554418952471 -9348.315075868928 7530.912223615664 2523.374393324208
 -8159.458250395956 7452.575371880208 -9348.310318219474 7530.87972367268 2523.34089925827
 -8159.458250395956 7452.575371880208 -9348.310318219474 7530.87972367268 2523.34089925827
 -8159.500704474723 7452.554418952471 -9348.315075868928 7530.912223615664 2523.374393324208
 -8159.497837379237 7452.556675163131 -9348.31444570333 7530.91199299586 2523.371286922267
 -8159.500704474723 7452.554418952471 -9348.315075868928 7530.912223615664 2523.374393324208
 -8159.458965179448 7452.573753003967 -9348.304634990787 7530.870664363008 2523.345566355419
 -8159.458250395956 7452.575371880208 -9348.310318219474 7530.87972367268 2523.34089925827
 -8159.502195161221 7452.55621422796 -9348.314777806763 7530.919783792398 2523.36797742646
 -8159.503861263249 7452.549795082256 -9348.322395400319 7530.917046351314 2523.385964879159
 -8159.503925598598 7452.57726984055 -9348.305368830454 7530.87140438715 2523.35254155793
 -8159.458250395956 7452.575371880208 -9348.310318219474 7530.87972367268 2523.34089925827
 -8159.458250395956 7452.575371880208 -9348.310318219474 7530.87972367268 2523.34089925827
 -8159.722314145814 7452.670514862518 -9348.302728944429 7530.8761957998 2523.509123043141
 -8159.458250395956 7452.575371880208 -9348.310318219474 7530.87972367268 2523.34089925827
 -8159.500704474723 7452.554418952471 -9348.315075868928 7530.912223615664 2523.374393324208
 -8159.458250395956 7452.575371880208 -9348.310318219474 7530.87972367268 2523.34089925827
 -8159.506151441584 7452.564921041992 -9348.321590313375 7530.90597757209 2523.383095869476
 -8159.506151441584 7452.564921041992 -9348.321590313375 7530.90597757209 2523.383095869476
 -8159.458250395956 7452.575371880208 -9348.310318219474 7530.87972367268 2523.34089925827
 -8159.506151441584 7452.564921041992 -9348.321590313375 7530.90597757209 2523.383095869476
 -8159.458250395956 7452.575371880208 -9348.310318219474 7530.87972367268 2523.34089925827
 -8159.503861263249 7452.549795082256 -9348.322395400319 7530.917046351314 2523.385964879159
 -8159.458250395956 7452.575371880208 -9348.310318219474 7530.87972367268 2523.34089925827
 -8159.500704474723 7452.554418952471 -9348.315075868928 7530.912223615664 2523.374393324208
