# Created by Octave 4.2.1, Mon Oct 09 18:31:02 2017 BRT <root@mosqueiro>
# name: pop
# type: matrix
# rows: 1000
# columns: 5
 -8159.500704474723 7452.554418952471 -9348.315075868928 7530.912223615664 2523.374393324208
 -7070.71929984197 7345.37372352967 -9917.77451716462 7559.632649381782 2082.534362908037
 -7071.897146718115 7342.823049396987 -9915.176793900224 7560.048554095179 2083.31915077
 -7071.897146718115 7342.823049396987 -9915.176793900224 7560.048554095179 2083.31915077
 -7071.897146718115 7342.823049396987 -9915.176793900224 7560.048554095179 2083.31915077
 -7052.972058020783 7314.271853144757 -9940.641421676675 7576.986711490923 2110.101794589496
 -8187.61140824251 7554.398574464092 -9513.459586795567 7448.077689686638 2707.661395432171
 -7067.301801225295 7332.378776536591 -9919.050967937896 7565.752177436239 2087.43317734072
 -7067.301801225295 7332.378776536591 -9919.050967937896 7565.752177436239 2087.43317734072
 -7093.57551067644 7326.990861563705 -9888.611962901114 7566.901520405665 2087.74198637257
 -7067.301801225295 7332.378776536591 -9919.050967937896 7565.752177436239 2087.43317734072
 -8153.609669504795 7449.584112469199 -9351.063575631668 7531.289751374761 2523.46445366543
 -8189.870868913757 7555.144697898759 -9477.550497849616 7454.613078069065 2704.837661313943
 -7067.301801225295 7332.378776536591 -9919.050967937896 7565.752177436239 2087.43317734072
 -7060.227604550896 7333.116457494644 -9904.064279358732 7556.79828593088 2092.34103380479
 -8187.763456337296 7555.934655380137 -9516.119031617371 7447.703430704593 2702.769648629498
 -7067.301801225295 7332.378776536591 -9919.050967937896 7565.752177436239 2087.43317734072
 -7067.301801225295 7332.378776536591 -9919.050967937896 7565.752177436239 2087.43317734072
 -7067.301801225295 7332.378776536591 -9919.050967937896 7565.752177436239 2087.43317734072
 -6405.335000774522 7331.763740893108 -8215.94862780008 8265.844192487433 -961.7219789349517
 -7071.897146718115 7342.823049396987 -9915.176793900224 7560.048554095179 2083.31915077
 -7071.897146718115 7342.823049396987 -9915.176793900224 7560.048554095179 2083.31915077
 -7067.301801225295 7332.378776536591 -9919.050967937896 7565.752177436239 2087.43317734072
 -7067.301801225295 7332.378776536591 -9919.050967937896 7565.752177436239 2087.43317734072
 -8153.609669504795 7449.584112469199 -9351.063575631668 7531.289751374761 2523.46445366543
 -8153.609669504795 7449.584112469199 -9351.063575631668 7531.289751374761 2523.46445366543
 -8187.763456337296 7555.934655380137 -9516.119031617371 7447.703430704593 2702.769648629498
 -7067.301801225295 7332.378776536591 -9919.050967937896 7565.752177436239 2087.43317734072
 -7067.301801225295 7332.378776536591 -9919.050967937896 7565.752177436239 2087.43317734072
 -7067.301801225295 7332.378776536591 -9919.050967937896 7565.752177436239 2087.43317734072
 -7067.301801225295 7332.378776536591 -9919.050967937896 7565.752177436239 2087.43317734072
 -7071.897146718115 7342.823049396987 -9915.176793900224 7560.048554095179 2083.31915077
 -6424.243756086876 7310.769909631016 -8197.019599831199 8305.41195938608 -992.1813634003038
 -7071.897146718115 7342.823049396987 -9915.176793900224 7560.048554095179 2083.31915077
 -7071.502081171984 7321.899451765042 -9921.978632763035 7580.198571219514 2093.215091721479
 -7067.301801225295 7332.378776536591 -9919.050967937896 7565.752177436239 2087.43317734072
 -7070.71929984197 7345.37372352967 -9917.77451716462 7559.632649381782 2082.534362908037
 -7067.301801225295 7332.378776536591 -9919.050967937896 7565.752177436239 2087.43317734072
 -8153.609669504795 7449.584112469199 -9351.063575631668 7531.289751374761 2523.46445366543
 -7067.301801225295 7332.378776536591 -9919.050967937896 7565.752177436239 2087.43317734072
 -7067.301801225295 7332.378776536591 -9919.050967937896 7565.752177436239 2087.43317734072
 -7071.897146718115 7342.823049396987 -9915.176793900224 7560.048554095179 2083.31915077
 -8154.323139272322 7593.77459366567 -9514.640234948849 7464.923212530083 2682.263646209703
 -7067.301801225295 7332.378776536591 -9919.050967937896 7565.752177436239 2087.43317734072
 -8180.650777816255 7559.603037289891 -9512.5830352352 7442.933986609592 2684.947326567052
 -7058.686355726851 7319.670023603182 -10000.36585856781 7581.712721140591 2169.43647182098
 -7067.301801225295 7332.378776536591 -9919.050967937896 7565.752177436239 2087.43317734072
 -7067.301801225295 7332.378776536591 -9919.050967937896 7565.752177436239 2087.43317734072
 -7070.71929984197 7345.37372352967 -9917.77451716462 7559.632649381782 2082.534362908037
 -7067.301801225295 7332.378776536591 -9919.050967937896 7565.752177436239 2087.43317734072
 -6166.509967116393 7123.382352424798 -8180.564152328401 8335.04417919104 -1095.735555210027
 -8187.763456337296 7555.934655380137 -9516.119031617371 7447.703430704593 2702.769648629498
 -7067.301801225295 7332.378776536591 -9919.050967937896 7565.752177436239 2087.43317734072
 -7067.301801225295 7332.378776536591 -9919.050967937896 7565.752177436239 2087.43317734072
 -8153.609669504795 7449.584112469199 -9351.063575631668 7531.289751374761 2523.46445366543
 -8187.763456337296 7555.934655380137 -9516.119031617371 7447.703430704593 2702.769648629498
 -7067.301801225295 7332.378776536591 -9919.050967937896 7565.752177436239 2087.43317734072
 -7067.301801225295 7332.378776536591 -9919.050967937896 7565.752177436239 2087.43317734072
 -7070.71929984197 7345.37372352967 -9917.77451716462 7559.632649381782 2082.534362908037
 -7067.301801225295 7332.378776536591 -9919.050967937896 7565.752177436239 2087.43317734072
 -7065.689699929589 7326.841047967199 -9916.957196851843 7566.876176604684 2091.23809081591
 -7067.301801225295 7332.378776536591 -9919.050967937896 7565.752177436239 2087.43317734072
 -7067.301801225295 7332.378776536591 -9919.050967937896 7565.752177436239 2087.43317734072
 -7067.301801225295 7332.378776536591 -9919.050967937896 7565.752177436239 2087.43317734072
 -7067.301801225295 7332.378776536591 -9919.050967937896 7565.752177436239 2087.43317734072
 -7067.301801225295 7332.378776536591 -9919.050967937896 7565.752177436239 2087.43317734072
 -7067.301801225295 7332.378776536591 -9919.050967937896 7565.752177436239 2087.43317734072
 -8153.609669504795 7449.584112469199 -9351.063575631668 7531.289751374761 2523.46445366543
 -5972.988531808654 7231.064804464816 -8122.279914664688 8447.00579516041 -1066.584773505856
 -7071.897146718115 7342.823049396987 -9915.176793900224 7560.048554095179 2083.31915077
 -7067.301801225295 7332.378776536591 -9919.050967937896 7565.752177436239 2087.43317734072
 -7067.301801225295 7332.378776536591 -9919.050967937896 7565.752177436239 2087.43317734072
 -8187.763456337296 7555.934655380137 -9516.119031617371 7447.703430704593 2702.769648629498
 -8138.280493813166 7431.420370663019 -9343.013032745641 7550.055023488728 2524.422239325886
 -7067.301801225295 7332.378776536591 -9919.050967937896 7565.752177436239 2087.43317734072
 -8169.556537950169 7568.717478341829 -9543.367355108894 7456.237546779406 2690.020701576084
 -7065.689699929589 7326.841047967199 -9916.957196851843 7566.876176604684 2091.23809081591
 -7067.301801225295 7332.378776536591 -9919.050967937896 7565.752177436239 2087.43317734072
 -8187.763456337296 7555.934655380137 -9516.119031617371 7447.703430704593 2702.769648629498
 -7067.301801225295 7332.378776536591 -9919.050967937896 7565.752177436239 2087.43317734072
 -7067.301801225295 7332.378776536591 -9919.050967937896 7565.752177436239 2087.43317734072
 -8187.763456337296 7555.934655380137 -9516.119031617371 7447.703430704593 2702.769648629498
 -8187.763456337296 7555.934655380137 -9516.119031617371 7447.703430704593 2702.769648629498
 -6168.596238583496 7132.024042699775 -8187.890771488793 8338.669213178609 -1083.048347093981
 -7067.301801225295 7332.378776536591 -9919.050967937896 7565.752177436239 2087.43317734072
