# Created by Octave 4.2.1, Mon Oct 09 18:45:31 2017 BRT <root@mosqueiro>
# name: pop
# type: matrix
# rows: 1000
# columns: 5
 9076.38850936006 -7538.068005398149 1010.506486489939 -5819.122642229347 3270.641809113035
 8878.490280653166 -7481.251636722786 901.8523351525404 -5700.708049618951 3403.428086171573
 8878.490280653166 -7481.251636722786 901.8523351525404 -5700.708049618951 3403.428086171573
 8878.490280653166 -7481.251636722786 901.8523351525404 -5700.708049618951 3403.428086171573
 8878.490280653166 -7481.251636722786 901.8523351525404 -5700.708049618951 3403.428086171573
 10020.69659662015 -3534.953701622277 -1181.064380536687 -6337.435742375596 1037.612916455149
 10020.69659662015 -3534.953701622277 -1181.064380536687 -6337.435742375596 1037.612916455149
 10020.69659662015 -3534.953701622277 -1181.064380536687 -6337.435742375596 1037.612916455149
 10020.69659662015 -3534.953701622277 -1181.064380536687 -6337.435742375596 1037.612916455149
 9135.752269415618 -4253.711036350815 -1154.671861759976 -6323.10085272 2412.648135516718
 8878.490280653166 -7481.251636722786 901.8523351525404 -5700.708049618951 3403.428086171573
 8878.490280653166 -7481.251636722786 901.8523351525404 -5700.708049618951 3403.428086171573
 8878.490280653166 -7481.251636722786 901.8523351525404 -5700.708049618951 3403.428086171573
 9105.430161118016 -4416.59932170875 -1512.995831784287 -5513.430942147693 2405.568322180625
 10020.69659662015 -3534.953701622277 -1181.064380536687 -6337.435742375596 1037.612916455149
 8878.490280653166 -7481.251636722786 901.8523351525404 -5700.708049618951 3403.428086171573
 9496.920714901898 -4229.597863880119 -1272.252990961073 -6028.321746125229 2045.091040147088
 8878.490280653166 -7481.251636722786 901.8523351525404 -5700.708049618951 3403.428086171573
 8878.490280653166 -7481.251636722786 901.8523351525404 -5700.708049618951 3403.428086171573
 10076.04699909427 -3573.692464014287 -1170.265204836543 -6323.449336619388 1135.528712681578
 8878.490280653166 -7481.251636722786 901.8523351525404 -5700.708049618951 3403.428086171573
 9496.920714901898 -4229.597863880119 -1272.252990961073 -6028.321746125229 2045.091040147088
 9496.920714901898 -4229.597863880119 -1272.252990961073 -6028.321746125229 2045.091040147088
 10020.69659662015 -3534.953701622277 -1181.064380536687 -6337.435742375596 1037.612916455149
 10075.1356916574 -3595.332531683217 -1138.234183694383 -6341.21385946685 1074.864938054573
 9496.920714901898 -4229.597863880119 -1272.252990961073 -6028.321746125229 2045.091040147088
 10020.69659662015 -3534.953701622277 -1181.064380536687 -6337.435742375596 1037.612916455149
 8878.490280653166 -7481.251636722786 901.8523351525404 -5700.708049618951 3403.428086171573
 8878.490280653166 -7481.251636722786 901.8523351525404 -5700.708049618951 3403.428086171573
 10020.69659662015 -3534.953701622277 -1181.064380536687 -6337.435742375596 1037.612916455149
 10020.69659662015 -3534.953701622277 -1181.064380536687 -6337.435742375596 1037.612916455149
 8878.490280653166 -7481.251636722786 901.8523351525404 -5700.708049618951 3403.428086171573
 10050.06597853753 -3409.458353048232 -1076.563750965371 -6348.027118159554 1009.277871891014
 8917.88031844983 -4388.520487513893 -1547.971580571655 -5426.050360430374 2233.435506820016
 10020.69659662015 -3534.953701622277 -1181.064380536687 -6337.435742375596 1037.612916455149
 7734.558545822228 -5990.438460879649 1513.426387819715 -5171.347109284869 2361.739420036
 7964.399092077599 -6699.363344186456 1206.10929068873 -5384.326821880397 3521.0193207816
 8868.238220487618 -8060.049651534768 1355.116512849913 -5250.475708630147 3182.145386185245
 8878.490280653166 -7481.251636722786 901.8523351525404 -5700.708049618951 3403.428086171573
 10020.69659662015 -3534.953701622277 -1181.064380536687 -6337.435742375596 1037.612916455149
 8878.490280653166 -7481.251636722786 901.8523351525404 -5700.708049618951 3403.428086171573
 10020.69659662015 -3534.953701622277 -1181.064380536687 -6337.435742375596 1037.612916455149
 10020.69659662015 -3534.953701622277 -1181.064380536687 -6337.435742375596 1037.612916455149
 10020.69659662015 -3534.953701622277 -1181.064380536687 -6337.435742375596 1037.612916455149
 8878.490280653166 -7481.251636722786 901.8523351525404 -5700.708049618951 3403.428086171573
 9894.639941423195 -3929.038915374337 -1166.461435878812 -6385.150816778072 2074.385914651794
 8878.490280653166 -7481.251636722786 901.8523351525404 -5700.708049618951 3403.428086171573
 8878.490280653166 -7481.251636722786 901.8523351525404 -5700.708049618951 3403.428086171573
 9326.206401399646 -3784.726714091593 -1381.196695330905 -5971.031780050082 1643.629225285677
 10020.69659662015 -3534.953701622277 -1181.064380536687 -6337.435742375596 1037.612916455149
 10020.69659662015 -3534.953701622277 -1181.064380536687 -6337.435742375596 1037.612916455149
 8878.490280653166 -7481.251636722786 901.8523351525404 -5700.708049618951 3403.428086171573
 9496.920714901898 -4229.597863880119 -1272.252990961073 -6028.321746125229 2045.091040147088
 9496.920714901898 -4229.597863880119 -1272.252990961073 -6028.321746125229 2045.091040147088
 10020.69659662015 -3534.953701622277 -1181.064380536687 -6337.435742375596 1037.612916455149
 8878.490280653166 -7481.251636722786 901.8523351525404 -5700.708049618951 3403.428086171573
 9496.920714901898 -4229.597863880119 -1272.252990961073 -6028.321746125229 2045.091040147088
 9945.11348762833 -8669.35582152881 -53.4839032442972 -4879.023263139247 3800.915662976835
 8878.490280653166 -7481.251636722786 901.8523351525404 -5700.708049618951 3403.428086171573
 10136.09529221797 -3792.964428355233 -952.0214148530638 -6331.318322382713 1506.475603771451
 8878.490280653166 -7481.251636722786 901.8523351525404 -5700.708049618951 3403.428086171573
 8742.039371948948 -7340.97202248822 805.1191212403263 -5669.444859022517 3322.446815807562
 8878.490280653166 -7481.251636722786 901.8523351525404 -5700.708049618951 3403.428086171573
 10020.69659662015 -3534.953701622277 -1181.064380536687 -6337.435742375596 1037.612916455149
 9018.604178234487 -4554.267365824304 -1627.550714303816 -6414.871334203487 2215.982367865916
 8878.490280653166 -7481.251636722786 901.8523351525404 -5700.708049618951 3403.428086171573
 10020.69659662015 -3534.953701622277 -1181.064380536687 -6337.435742375596 1037.612916455149
 10020.69659662015 -3534.953701622277 -1181.064380536687 -6337.435742375596 1037.612916455149
 10020.69659662015 -3534.953701622277 -1181.064380536687 -6337.435742375596 1037.612916455149
 9062.370458351152 -4802.554577348095 -2306.426268884747 -6382.351321925727 2879.728633853701
 8878.490280653166 -7481.251636722786 901.8523351525404 -5700.708049618951 3403.428086171573
 8878.490280653166 -7481.251636722786 901.8523351525404 -5700.708049618951 3403.428086171573
 8878.490280653166 -7481.251636722786 901.8523351525404 -5700.708049618951 3403.428086171573
 9188.819921700093 -4249.035910231361 -1621.48605298341 -5628.700757912411 2313.643948046971
 9397.128782089179 -4606.330250773738 -1367.978098945819 -6136.132588364028 2580.683453056887
 7673.657035531454 -5990.646206518347 1191.960627318314 -4962.890224009157 2551.601887360968
 10020.69659662015 -3534.953701622277 -1181.064380536687 -6337.435742375596 1037.612916455149
 8878.490280653166 -7481.251636722786 901.8523351525404 -5700.708049618951 3403.428086171573
 9095.376278212234 -4616.738280262133 -878.2491972383841 -5804.570998011687 2132.782516263323
 8878.490280653166 -7481.251636722786 901.8523351525404 -5700.708049618951 3403.428086171573
 10020.51460746924 -3435.580350786392 -1268.21595598698 -6344.794859863025 1199.044739379625
 8878.490280653166 -7481.251636722786 901.8523351525404 -5700.708049618951 3403.428086171573
 10020.69659662015 -3534.953701622277 -1181.064380536687 -6337.435742375596 1037.612916455149
 8878.490280653166 -7481.251636722786 901.8523351525404 -5700.708049618951 3403.428086171573
