# Created by Octave 4.2.1, Mon Oct 09 18:00:40 2017 BRT <root@mosqueiro>
# name: pop
# type: matrix
# rows: 1000
# columns: 5
 -16584.27922593789 35870.11277135542 1096.788876404562 -11943.28489367331 -8440.35933315116
 -16584.47031403668 35870.12889488583 1096.816005683022 -11943.11965679054 -8440.377026753715
 -16584.47031403668 35870.12889488583 1096.816005683022 -11943.11965679054 -8440.377026753715
 -16584.47031403668 35870.12889488583 1096.816005683022 -11943.11965679054 -8440.377026753715
 -16584.47031403668 35870.12889488583 1096.816005683022 -11943.11965679054 -8440.377026753715
 -16440.66668095958 35792.22065509105 1263.033591707289 -11961.76191536736 -8653.846039054139
 -16584.30744194428 35870.13822281636 1096.781431913272 -11943.26371378164 -8440.369653852535
 -16584.65463072457 35870.02935781921 1097.006280125647 -11943.0271703192 -8440.438838555261
 -16440.66668095958 35792.22065509105 1263.033591707289 -11961.76191536736 -8653.846039054139
 -16584.09551144499 35870.00844022356 1096.822878621214 -11943.03803013353 -8440.728554901043
 -16552.52100525646 36052.60045669337 968.7099074196243 -12215.84252593436 -8253.970122373335
 -16552.52100525646 36052.60045669337 968.7099074196243 -12215.84252593436 -8253.970122373335
 -16552.52100525646 36052.60045669337 968.7099074196243 -12215.84252593436 -8253.970122373335
 -16552.52100525646 36052.60045669337 968.7099074196243 -12215.84252593436 -8253.970122373335
 -16552.52100525646 36052.60045669337 968.7099074196243 -12215.84252593436 -8253.970122373335
 -16552.52100525646 36052.60045669337 968.7099074196243 -12215.84252593436 -8253.970122373335
 -16440.70603574662 35792.06607202841 1263.133378311612 -11961.63284470794 -8653.873355909514
 -16584.30744194428 35870.13822281636 1096.781431913272 -11943.26371378164 -8440.369653852535
 -16552.52100525646 36052.60045669337 968.7099074196243 -12215.84252593436 -8253.970122373335
 -16552.51918062786 36052.5934945001 968.7134870292266 -12215.84502224277 -8253.962496655016
 -16584.30744194428 35870.13822281636 1096.781431913272 -11943.26371378164 -8440.369653852535
 -16552.52100525646 36052.60045669337 968.7099074196243 -12215.84252593436 -8253.970122373335
 -16584.30744194428 35870.13822281636 1096.781431913272 -11943.26371378164 -8440.369653852535
 -16551.82661461685 36052.87187126886 967.8847593432466 -12216.58889065528 -8253.367572374675
 -16584.48122748989 35870.10627412136 1096.873183589336 -11943.15299229944 -8440.377314352869
 -16584.30744194428 35870.13822281636 1096.781431913272 -11943.26371378164 -8440.369653852535
 -16552.52100525646 36052.60045669337 968.7099074196243 -12215.84252593436 -8253.970122373335
 -16584.47031403668 35870.12889488583 1096.816005683022 -11943.11965679054 -8440.377026753715
 -16552.52100525646 36052.60045669337 968.7099074196243 -12215.84252593436 -8253.970122373335
 -16551.81249322154 36052.86450869993 967.8881791505503 -12216.58436352096 -8253.367397708495
 -16584.28824324533 35870.13456647299 1096.785424290624 -11943.28823917834 -8440.3669949741
 -16440.70487021716 35792.07365729326 1263.171002610453 -11961.6119811845 -8653.863492006098
 -16552.52100525646 36052.60045669337 968.7099074196243 -12215.84252593436 -8253.970122373335
 -16440.66668095958 35792.22065509105 1263.033591707289 -11961.76191536736 -8653.846039054139
 -16584.29455823669 35870.14480314893 1096.779469508262 -11943.28613388069 -8440.379627418139
 -16584.29979272617 35870.13593939368 1096.759592395165 -11943.26463456658 -8440.349708760303
 -16552.52100525646 36052.60045669337 968.7099074196243 -12215.84252593436 -8253.970122373335
 -16440.70789743954 35792.06952066489 1263.140598081222 -11961.62720746098 -8653.888071917652
 -16440.66668095958 35792.22065509105 1263.033591707289 -11961.76191536736 -8653.846039054139
 -16552.52100525646 36052.60045669337 968.7099074196243 -12215.84252593436 -8253.970122373335
 -16584.28824324533 35870.13456647299 1096.785424290624 -11943.28823917834 -8440.3669949741
 -16584.47031403668 35870.12889488583 1096.816005683022 -11943.11965679054 -8440.377026753715
 -16551.82661461685 36052.87187126886 967.8847593432466 -12216.58889065528 -8253.367572374675
 -16552.52100525646 36052.60045669337 968.7099074196243 -12215.84252593436 -8253.970122373335
 -16552.52100525646 36052.60045669337 968.7099074196243 -12215.84252593436 -8253.970122373335
 -16584.27922593789 35870.11277135542 1096.788876404562 -11943.28489367331 -8440.35933315116
 -16584.30744194428 35870.13822281636 1096.781431913272 -11943.26371378164 -8440.369653852535
 -16584.48122748989 35870.10627412136 1096.873183589336 -11943.15299229944 -8440.377314352869
 -16584.28824324533 35870.13456647299 1096.785424290624 -11943.28823917834 -8440.3669949741
 -16584.29066495541 35870.12281416994 1096.811818604624 -11943.29298555971 -8440.361561386533
 -16440.66668095958 35792.22065509105 1263.033591707289 -11961.76191536736 -8653.846039054139
 -16552.52100525646 36052.60045669337 968.7099074196243 -12215.84252593436 -8253.970122373335
 -16584.28824324533 35870.13456647299 1096.785424290624 -11943.28823917834 -8440.3669949741
 -16440.70422320911 35792.06488835291 1263.120029478471 -11961.62888675877 -8653.877162216113
 -16541.44262614779 35861.71635864911 1130.561398843377 -11932.22151238171 -8519.726681332524
 -16584.30744194428 35870.13822281636 1096.781431913272 -11943.26371378164 -8440.369653852535
 -16440.66668095958 35792.22065509105 1263.033591707289 -11961.76191536736 -8653.846039054139
 -16584.35348453646 35870.1555268953 1096.854061949198 -11943.31826680962 -8440.360755694468
 -16584.47031403668 35870.12889488583 1096.816005683022 -11943.11965679054 -8440.377026753715
 -16584.28824324533 35870.13456647299 1096.785424290624 -11943.28823917834 -8440.3669949741
 -16552.52100525646 36052.60045669337 968.7099074196243 -12215.84252593436 -8253.970122373335
 -16541.35189729916 35861.64367105984 1130.352668943631 -11932.17946253571 -8519.444158149401
 -16584.28824324533 35870.13456647299 1096.785424290624 -11943.28823917834 -8440.3669949741
 -16552.52100525646 36052.60045669337 968.7099074196243 -12215.84252593436 -8253.970122373335
 -16584.48122748989 35870.10627412136 1096.873183589336 -11943.15299229944 -8440.377314352869
 -16440.66668095958 35792.22065509105 1263.033591707289 -11961.76191536736 -8653.846039054139
 -16584.48122748989 35870.10627412136 1096.873183589336 -11943.15299229944 -8440.377314352869
 -16584.47031403668 35870.12889488583 1096.816005683022 -11943.11965679054 -8440.377026753715
 -16584.30744194428 35870.13822281636 1096.781431913272 -11943.26371378164 -8440.369653852535
 -16584.35348453646 35870.1555268953 1096.854061949198 -11943.31826680962 -8440.360755694468
 -16584.48122748989 35870.10627412136 1096.873183589336 -11943.15299229944 -8440.377314352869
 -16541.35540441778 35861.65874023263 1130.340917036391 -11932.17610726528 -8519.440709546636
 -16552.52100525646 36052.60045669337 968.7099074196243 -12215.84252593436 -8253.970122373335
 -16584.35348453646 35870.1555268953 1096.854061949198 -11943.31826680962 -8440.360755694468
 -16584.48122748989 35870.10627412136 1096.873183589336 -11943.15299229944 -8440.377314352869
 -16584.31492260217 35870.13825601612 1096.802407470917 -11943.26068530632 -8440.38832866542
 -16541.3191426413 35861.53509780222 1130.681227389387 -11932.27827038354 -8519.60946512416
 -16584.47031403668 35870.12889488583 1096.816005683022 -11943.11965679054 -8440.377026753715
 -16551.82922070921 36052.87420842828 967.8537105107044 -12216.61449708357 -8253.341050556361
 -16539.52485975024 35859.33028960729 1121.267056645099 -11928.32012873776 -8511.903660887014
 -16441.11073277978 35792.7289807994 1262.486951545777 -11961.806398661 -8653.131447905058
 -16584.28824324533 35870.13456647299 1096.785424290624 -11943.28823917834 -8440.3669949741
 -16584.28151435799 35870.11320479805 1096.749226699455 -11943.23237618998 -8440.347350025531
 -16584.28824324533 35870.13456647299 1096.785424290624 -11943.28823917834 -8440.3669949741
