# Created by Octave 4.2.1, Mon Oct 09 18:33:17 2017 BRT <root@mosqueiro>
# name: pop
# type: matrix
# rows: 1000
# columns: 5
 -8159.506151441584 7452.564921041992 -9348.321590313375 7530.90597757209 2523.383095869476
 -8159.488288556285 7452.574614893148 -9348.298803830025 7530.886131252041 2523.353762760844
 -8159.458250395956 7452.575371880208 -9348.310318219474 7530.87972367268 2523.34089925827
 -8159.458250395956 7452.575371880208 -9348.310318219474 7530.87972367268 2523.34089925827
 -8159.458250395956 7452.575371880208 -9348.310318219474 7530.87972367268 2523.34089925827
 -8159.505553420985 7452.52887541241 -9348.240179851558 7530.921605269654 2523.413379002604
 -8159.458250395956 7452.575371880208 -9348.310318219474 7530.87972367268 2523.34089925827
 -8159.500704474723 7452.554418952471 -9348.315075868928 7530.912223615664 2523.374393324208
 -8159.421864181111 7452.532959652975 -9348.342744871652 7530.900610009751 2523.405938131688
 -7071.897146718115 7342.823049396987 -9915.176793900224 7560.048554095179 2083.31915077
 -8159.500704474723 7452.554418952471 -9348.315075868928 7530.912223615664 2523.374393324208
 -8159.500704474723 7452.554418952471 -9348.315075868928 7530.912223615664 2523.374393324208
 -8159.500704474723 7452.554418952471 -9348.315075868928 7530.912223615664 2523.374393324208
 -8159.500704474723 7452.554418952471 -9348.315075868928 7530.912223615664 2523.374393324208
 -7067.301801225295 7332.378776536591 -9919.050967937896 7565.752177436239 2087.43317734072
 -8159.504981903771 7452.573273212014 -9348.282407879205 7530.880775191844 2523.358487737622
 -8159.500704474723 7452.554418952471 -9348.315075868928 7530.912223615664 2523.374393324208
 -8159.500704474723 7452.554418952471 -9348.315075868928 7530.912223615664 2523.374393324208
 -8159.726658239339 7452.675582947621 -9348.301937884329 7530.878238057283 2523.502508315878
 -8159.500704474723 7452.554418952471 -9348.315075868928 7530.912223615664 2523.374393324208
 -8159.458250395956 7452.575371880208 -9348.310318219474 7530.87972367268 2523.34089925827
 -8159.425379530951 7452.553068726208 -9348.292017867569 7530.903092688758 2523.288980936046
 -8159.500704474723 7452.554418952471 -9348.315075868928 7530.912223615664 2523.374393324208
 -8159.425379530951 7452.553068726208 -9348.292017867569 7530.903092688758 2523.288980936046
 -8159.458250395956 7452.575371880208 -9348.310318219474 7530.87972367268 2523.34089925827
 -8159.526309263191 7452.55567504457 -9348.376190357183 7530.944205658552 2523.354899624502
 -8159.500704474723 7452.554418952471 -9348.315075868928 7530.912223615664 2523.374393324208
 -8159.500704474723 7452.554418952471 -9348.315075868928 7530.912223615664 2523.374393324208
 -8159.716528202689 7452.656191638046 -9348.319113303191 7530.917080187511 2523.487818462062
 -8159.458250395956 7452.575371880208 -9348.310318219474 7530.87972367268 2523.34089925827
 -8159.500704474723 7452.554418952471 -9348.315075868928 7530.912223615664 2523.374393324208
 -8159.506151441584 7452.564921041992 -9348.321590313375 7530.90597757209 2523.383095869476
 -6257.29026120609 7184.560382168716 -8136.591076312684 8335.724975597906 -1124.23273709896
 -8159.500704474723 7452.554418952471 -9348.315075868928 7530.912223615664 2523.374393324208
 -8159.458250395956 7452.575371880208 -9348.310318219474 7530.87972367268 2523.34089925827
 -7068.098603911503 7333.250252738734 -9918.849338287695 7565.484166724476 2087.261761445753
 -8159.500704474723 7452.554418952471 -9348.315075868928 7530.912223615664 2523.374393324208
 -8159.500704474723 7452.554418952471 -9348.315075868928 7530.912223615664 2523.374393324208
 -8159.500704474723 7452.554418952471 -9348.315075868928 7530.912223615664 2523.374393324208
 -8159.716528202689 7452.656191638046 -9348.319113303191 7530.917080187511 2523.487818462062
 -7070.71929984197 7345.37372352967 -9917.77451716462 7559.632649381782 2082.534362908037
 -8159.458250395956 7452.575371880208 -9348.310318219474 7530.87972367268 2523.34089925827
 -8159.634876394226 7452.583355036308 -9348.224560404235 7531.07251336284 2523.228334851545
 -8159.500704474723 7452.554418952471 -9348.315075868928 7530.912223615664 2523.374393324208
 -8159.716528202689 7452.656191638046 -9348.319113303191 7530.917080187511 2523.487818462062
 -8159.425379530951 7452.553068726208 -9348.292017867569 7530.903092688758 2523.288980936046
 -8159.500704474723 7452.554418952471 -9348.315075868928 7530.912223615664 2523.374393324208
 -8159.716528202689 7452.656191638046 -9348.319113303191 7530.917080187511 2523.487818462062
 -8159.47504281922 7452.538524120122 -9348.233909068631 7530.861460838788 2523.381738778613
 -8159.370587029657 7452.309866830539 -9348.120933189424 7530.683717956719 2523.493404289674
 -8159.500704474723 7452.554418952471 -9348.315075868928 7530.912223615664 2523.374393324208
 -8159.500704474723 7452.554418952471 -9348.315075868928 7530.912223615664 2523.374393324208
 -8159.371252777874 7452.516781914048 -9348.365342253092 7530.902553359212 2523.43768254054
 -7071.934920335404 7343.061171781532 -9915.12721087409 7560.112428589588 2083.447966421585
 -8159.716528202689 7452.656191638046 -9348.319113303191 7530.917080187511 2523.487818462062
 -8159.726658239339 7452.675582947621 -9348.301937884329 7530.878238057283 2523.502508315878
 -8159.396063012183 7452.635595597701 -9348.302434583349 7530.941736259858 2523.339034136515
 -8159.500704474723 7452.554418952471 -9348.315075868928 7530.912223615664 2523.374393324208
 -8159.458250395956 7452.575371880208 -9348.310318219474 7530.87972367268 2523.34089925827
 -7071.523654112569 7343.091601949024 -9915.076199719122 7559.898238893562 2083.217506841819
 -8187.763456337296 7555.934655380137 -9516.119031617371 7447.703430704593 2702.769648629498
 -8159.62257696224 7452.582835774738 -9348.309779488105 7530.876466455017 2523.377353078337
 -8159.498947566939 7452.565902849398 -9348.316547671904 7530.939277801637 2523.33261191055
 -8159.425379530951 7452.553068726208 -9348.292017867569 7530.903092688758 2523.288980936046
 -8159.513080359535 7452.557610847062 -9347.748183008152 7530.545957089802 2523.559043210093
 -8159.458250395956 7452.575371880208 -9348.310318219474 7530.87972367268 2523.34089925827
 -8159.425379530951 7452.553068726208 -9348.292017867569 7530.903092688758 2523.288980936046
 -8159.500704474723 7452.554418952471 -9348.315075868928 7530.912223615664 2523.374393324208
 -8159.716528202689 7452.656191638046 -9348.319113303191 7530.917080187511 2523.487818462062
 -8159.716528202689 7452.656191638046 -9348.319113303191 7530.917080187511 2523.487818462062
 -7066.505254421139 7332.73489906914 -9919.881529001856 7565.091351776999 2086.492893176199
 -8159.500704474723 7452.554418952471 -9348.315075868928 7530.912223615664 2523.374393324208
 -8159.500704474723 7452.554418952471 -9348.315075868928 7530.912223615664 2523.374393324208
 -8159.759211124427 7452.648150381851 -9348.279823307119 7530.918919289668 2523.493625415779
 -8159.716528202689 7452.656191638046 -9348.319113303191 7530.917080187511 2523.487818462062
 -8159.500704474723 7452.554418952471 -9348.315075868928 7530.912223615664 2523.374393324208
 -8159.500704474723 7452.554418952471 -9348.315075868928 7530.912223615664 2523.374393324208
 -7070.71929984197 7345.37372352967 -9917.77451716462 7559.632649381782 2082.534362908037
 -8159.726658239339 7452.675582947621 -9348.301937884329 7530.878238057283 2523.502508315878
 -8159.500704474723 7452.554418952471 -9348.315075868928 7530.912223615664 2523.374393324208
 -8159.506151441584 7452.564921041992 -9348.321590313375 7530.90597757209 2523.383095869476
 -8159.716528202689 7452.656191638046 -9348.319113303191 7530.917080187511 2523.487818462062
 -8159.726658239339 7452.675582947621 -9348.301937884329 7530.878238057283 2523.502508315878
 -8159.500704474723 7452.554418952471 -9348.315075868928 7530.912223615664 2523.374393324208
 -8159.500704474723 7452.554418952471 -9348.315075868928 7530.912223615664 2523.374393324208
