# Created by Octave 4.2.1, Mon Oct 09 17:44:21 2017 BRT <root@mosqueiro>
# name: pop
# type: matrix
# rows: 1000
# columns: 5
 1894.701711037437 -7735.921551375397 -5816.445666404218 9336.906157863443 2319.549062283647
 1894.644548031605 -7735.961427578202 -5816.468632433778 9336.985664880287 2319.589788425563
 1894.644548031605 -7735.961427578202 -5816.468632433778 9336.985664880287 2319.589788425563
 1894.644548031605 -7735.961427578202 -5816.468632433778 9336.985664880287 2319.589788425563
 1894.644548031605 -7735.961427578202 -5816.468632433778 9336.985664880287 2319.589788425563
 1894.697398348406 -7735.927322671275 -5816.429426369902 9336.91187875045 2319.540260046622
 1894.621964258701 -7736.038986465527 -5816.467737797292 9337.065152730647 2319.613130147861
 1894.658804758119 -7735.940737119625 -5816.45651852207 9336.973198276861 2319.546023019558
 1894.547384573162 -7735.897652139086 -5816.454634161983 9336.988216417771 2319.609892752493
 1894.638472383184 -7735.988207863681 -5816.449910551531 9337.0044771014 2319.590276194817
 1894.63078678875 -7735.96570788648 -5816.43511540208 9336.979793136456 2319.586368688131
 1894.666110119284 -7736.044873893816 -5816.586159437575 9337.122731371841 2319.63443955152
 1894.540994665037 -7735.886954715404 -5816.441361770377 9336.984460086354 2319.594431576289
 1894.536548111528 -7735.647516318124 -5816.550808496402 9337.121690892618 2319.787298162176
 1894.625956565113 -7735.969752453157 -5816.438081096841 9336.993133032307 2319.601016705202
 1894.640031947559 -7735.961678307362 -5816.440420531304 9336.957942279671 2319.595092635809
 1894.701711037437 -7735.921551375397 -5816.445666404218 9336.906157863443 2319.549062283647
 1894.697398348406 -7735.927322671275 -5816.429426369902 9336.91187875045 2319.540260046622
 1894.630859866443 -7735.975065800178 -5816.451989482012 9336.975542140826 2319.610936864593
 1894.642327013295 -7735.978848255641 -5816.443265756815 9337.003372730407 2319.567102685196
 1894.666110119284 -7736.044873893816 -5816.586159437575 9337.122731371841 2319.63443955152
 1894.63278122518 -7735.992635659338 -5816.435186924849 9336.952453645266 2319.607711038127
 1894.63078678875 -7735.96570788648 -5816.43511540208 9336.979793136456 2319.586368688131
 1894.63078678875 -7735.96570788648 -5816.43511540208 9336.979793136456 2319.586368688131
 1894.856331148354 -7735.689254371218 -5816.379261009163 9337.132125945192 2319.474242603204
 1894.644548031605 -7735.961427578202 -5816.468632433778 9336.985664880287 2319.589788425563
 1894.63078678875 -7735.96570788648 -5816.43511540208 9336.979793136456 2319.586368688131
 1894.63078678875 -7735.96570788648 -5816.43511540208 9336.979793136456 2319.586368688131
 1894.555764451814 -7736.342349177852 -5816.056682373383 9337.247028625519 2319.390109767008
 1894.666110119284 -7736.044873893816 -5816.586159437575 9337.122731371841 2319.63443955152
 1894.63078678875 -7735.96570788648 -5816.43511540208 9336.979793136456 2319.586368688131
 3422.413130137507 -6532.688027689046 -6265.825171489349 7862.259451792208 1514.069213589526
 1894.547384573162 -7735.897652139086 -5816.454634161983 9336.988216417771 2319.609892752493
 1894.644548031605 -7735.961427578202 -5816.468632433778 9336.985664880287 2319.589788425563
 1894.547384573162 -7735.897652139086 -5816.454634161983 9336.988216417771 2319.609892752493
 1894.5401324838 -7736.342679888298 -5816.056855198106 9337.244155856519 2319.371002129494
 1894.63078678875 -7735.96570788648 -5816.43511540208 9336.979793136456 2319.586368688131
 1894.701711037437 -7735.921551375397 -5816.445666404218 9336.906157863443 2319.549062283647
 1894.630859866443 -7735.975065800178 -5816.451989482012 9336.975542140826 2319.610936864593
 1894.649502621841 -7735.941807252848 -5816.447991026742 9336.97577989916 2319.556319094114
 1894.635196206125 -7735.974261560528 -5816.430431457984 9336.985939015238 2319.602755577082
 1894.63078678875 -7735.96570788648 -5816.43511540208 9336.979793136456 2319.586368688131
 1894.697398348406 -7735.927322671275 -5816.429426369902 9336.91187875045 2319.540260046622
 1894.547384573162 -7735.897652139086 -5816.454634161983 9336.988216417771 2319.609892752493
 1894.642327013295 -7735.978848255641 -5816.443265756815 9337.003372730407 2319.567102685196
 1882.501502475561 -7744.692337391313 -5803.324114724436 9346.462139701589 2322.607604869811
 1894.629596446445 -7735.956346532989 -5816.432021781487 9337.001854291919 2319.584499961968
 1894.635196206125 -7735.974261560528 -5816.430431457984 9336.985939015238 2319.602755577082
 1894.63078678875 -7735.96570788648 -5816.43511540208 9336.979793136456 2319.586368688131
 1894.547384573162 -7735.897652139086 -5816.454634161983 9336.988216417771 2319.609892752493
 1894.666110119284 -7736.044873893816 -5816.586159437575 9337.122731371841 2319.63443955152
 1894.697398348406 -7735.927322671275 -5816.429426369902 9336.91187875045 2319.540260046622
 1894.644548031605 -7735.961427578202 -5816.468632433778 9336.985664880287 2319.589788425563
 1894.644548031605 -7735.961427578202 -5816.468632433778 9336.985664880287 2319.589788425563
 1894.63078678875 -7735.96570788648 -5816.43511540208 9336.979793136456 2319.586368688131
 1894.604139545248 -7735.96221537603 -5816.402090579641 9336.984612424396 2319.60060985801
 1894.538490737905 -7735.973609107064 -5816.479224033036 9336.953740638271 2319.600155490687
 1894.63078678875 -7735.96570788648 -5816.43511540208 9336.979793136456 2319.586368688131
 1894.63078678875 -7735.96570788648 -5816.43511540208 9336.979793136456 2319.586368688131
 1894.697398348406 -7735.927322671275 -5816.429426369902 9336.91187875045 2319.540260046622
 1894.621964258701 -7736.038986465527 -5816.467737797292 9337.065152730647 2319.613130147861
 1894.666110119284 -7736.044873893816 -5816.586159437575 9337.122731371841 2319.63443955152
 1894.555764451814 -7736.342349177852 -5816.056682373383 9337.247028625519 2319.390109767008
 1894.63078678875 -7735.96570788648 -5816.43511540208 9336.979793136456 2319.586368688131
 1894.63078678875 -7735.96570788648 -5816.43511540208 9336.979793136456 2319.586368688131
 1894.697398348406 -7735.927322671275 -5816.429426369902 9336.91187875045 2319.540260046622
 1894.666110119284 -7736.044873893816 -5816.586159437575 9337.122731371841 2319.63443955152
 3467.17408386115 -6526.791397136908 -6170.331015817408 7740.141708693415 1491.844819292112
 1894.666110119284 -7736.044873893816 -5816.586159437575 9337.122731371841 2319.63443955152
 1894.644548031605 -7735.961427578202 -5816.468632433778 9336.985664880287 2319.589788425563
 1894.666110119284 -7736.044873893816 -5816.586159437575 9337.122731371841 2319.63443955152
 1894.555764451814 -7736.342349177852 -5816.056682373383 9337.247028625519 2319.390109767008
 1894.630859866443 -7735.975065800178 -5816.451989482012 9336.975542140826 2319.610936864593
 1894.63078678875 -7735.96570788648 -5816.43511540208 9336.979793136456 2319.586368688131
 1894.610345753588 -7735.959852177224 -5816.406565274053 9336.984139724687 2319.558311093723
 1894.63078678875 -7735.96570788648 -5816.43511540208 9336.979793136456 2319.586368688131
 1894.642327013295 -7735.978848255641 -5816.443265756815 9337.003372730407 2319.567102685196
 1894.555764451814 -7736.342349177852 -5816.056682373383 9337.247028625519 2319.390109767008
 1894.644548031605 -7735.961427578202 -5816.468632433778 9336.985664880287 2319.589788425563
 1894.63078678875 -7735.96570788648 -5816.43511540208 9336.979793136456 2319.586368688131
 3468.752625122776 -6527.226320783032 -6172.04592988988 7739.203524742331 1491.727260255133
 1894.642327013295 -7735.978848255641 -5816.443265756815 9337.003372730407 2319.567102685196
 1894.63078678875 -7735.96570788648 -5816.43511540208 9336.979793136456 2319.586368688131
 1894.630859866443 -7735.975065800178 -5816.451989482012 9336.975542140826 2319.610936864593
 1894.666110119284 -7736.044873893816 -5816.586159437575 9337.122731371841 2319.63443955152
