# Created by Octave 4.2.1, Mon Oct 09 18:40:40 2017 BRT <root@mosqueiro>
# name: pop
# type: matrix
# rows: 1000
# columns: 5
 9038.161742797551 -7898.573771228968 1150.865555485592 -5448.37831385851 3174.518999990009
 9038.161742797551 -7898.573771228968 1150.865555485592 -5448.37831385851 3174.518999990009
 9038.161742797551 -7898.573771228968 1150.865555485592 -5448.37831385851 3174.518999990009
 9038.161742797551 -7898.573771228968 1150.865555485592 -5448.37831385851 3174.518999990009
 9038.161742797551 -7898.573771228968 1150.865555485592 -5448.37831385851 3174.518999990009
 5228.765903735531 -12910.40477293192 13625.8626609408 -6783.166647490144 12331.60328941993
 -23989.82423839221 3249.534925651953 -15347.83072891899 13740.2282469049 2733.545476424241
 9038.161742797551 -7898.573771228968 1150.865555485592 -5448.37831385851 3174.518999990009
 9038.161742797551 -7898.573771228968 1150.865555485592 -5448.37831385851 3174.518999990009
 26414.60983100184 -9298.669178170796 26785.39282631515 1161.311357571944 -2300.421147191159
 9038.161742797551 -7898.573771228968 1150.865555485592 -5448.37831385851 3174.518999990009
 9038.161742797551 -7898.573771228968 1150.865555485592 -5448.37831385851 3174.518999990009
 9038.161742797551 -7898.573771228968 1150.865555485592 -5448.37831385851 3174.518999990009
 -17612.19526440401 -10122.28925454534 43918.72275595905 -4336.72212047319 5482.375565867535
 9038.161742797551 -7898.573771228968 1150.865555485592 -5448.37831385851 3174.518999990009
 9038.161742797551 -7898.573771228968 1150.865555485592 -5448.37831385851 3174.518999990009
 9038.161742797551 -7898.573771228968 1150.865555485592 -5448.37831385851 3174.518999990009
 9038.161742797551 -7898.573771228968 1150.865555485592 -5448.37831385851 3174.518999990009
 28033.81093087521 -31809.61801921295 14867.92673375807 -31695.05520209481 -30553.93357049688
 9038.161742797551 -7898.573771228968 1150.865555485592 -5448.37831385851 3174.518999990009
 9038.161742797551 -7898.573771228968 1150.865555485592 -5448.37831385851 3174.518999990009
 9038.161742797551 -7898.573771228968 1150.865555485592 -5448.37831385851 3174.518999990009
 9038.161742797551 -7898.573771228968 1150.865555485592 -5448.37831385851 3174.518999990009
 -10949.74549372869 -18712.34860370107 -4504.985721945126 7588.588152348804 -13289.82839695206
 9004.190761664406 -741.2777383154062 16180.34665171975 -10487.57597455279 12491.97316696854
 9038.161742797551 -7898.573771228968 1150.865555485592 -5448.37831385851 3174.518999990009
 9038.161742797551 -7898.573771228968 1150.865555485592 -5448.37831385851 3174.518999990009
 9038.161742797551 -7898.573771228968 1150.865555485592 -5448.37831385851 3174.518999990009
 9038.161742797551 -7898.573771228968 1150.865555485592 -5448.37831385851 3174.518999990009
 2055.290571574729 21866.53035104685 12633.26076413593 7285.711636137232 16288.86624450604
 -5989.175110533534 23955.3214792833 15454.78494774114 27763.70754241042 31538.88171677635
 9038.161742797551 -7898.573771228968 1150.865555485592 -5448.37831385851 3174.518999990009
 9038.161742797551 -7898.573771228968 1150.865555485592 -5448.37831385851 3174.518999990009
 9038.161742797551 -7898.573771228968 1150.865555485592 -5448.37831385851 3174.518999990009
 9038.161742797551 -7898.573771228968 1150.865555485592 -5448.37831385851 3174.518999990009
 9038.161742797551 -7898.573771228968 1150.865555485592 -5448.37831385851 3174.518999990009
 9038.161742797551 -7898.573771228968 1150.865555485592 -5448.37831385851 3174.518999990009
 10794.34235552666 -6769.430668318077 -1173.330126151669 -3521.195894071479 4637.536480442044
 47444.90032041109 -24728.3304186758 -2497.386322649091 20463.27567668551 -16860.49429975481
 9038.161742797551 -7898.573771228968 1150.865555485592 -5448.37831385851 3174.518999990009
 9038.161742797551 -7898.573771228968 1150.865555485592 -5448.37831385851 3174.518999990009
 9038.161742797551 -7898.573771228968 1150.865555485592 -5448.37831385851 3174.518999990009
 -5653.651692944986 5427.243598214474 4756.560681425309 -7794.763422710292 4668.794446713282
 9038.161742797551 -7898.573771228968 1150.865555485592 -5448.37831385851 3174.518999990009
 9038.161742797551 -7898.573771228968 1150.865555485592 -5448.37831385851 3174.518999990009
 30272.66079088397 14593.55833529935 10363.84641161967 19743.84162323246 -34595.22619346356
 28968.09988963181 -40606.58270104993 37536.61019910609 -71636.93950856224 39984.99899137772
 9038.161742797551 -7898.573771228968 1150.865555485592 -5448.37831385851 3174.518999990009
 9038.161742797551 -7898.573771228968 1150.865555485592 -5448.37831385851 3174.518999990009
 22947.39894913075 -11696.59973101884 -649.8442427868322 9868.151667445507 9156.436856920955
 9038.161742797551 -7898.573771228968 1150.865555485592 -5448.37831385851 3174.518999990009
 15051.86765184168 -24897.6160150888 9820.1338913049 3807.602401825234 2452.710626809208
 9038.161742797551 -7898.573771228968 1150.865555485592 -5448.37831385851 3174.518999990009
 9038.161742797551 -7898.573771228968 1150.865555485592 -5448.37831385851 3174.518999990009
 840.6972132180999 -9092.295785831435 9019.70938774358 -35938.26714061156 1497.883414466456
 9038.161742797551 -7898.573771228968 1150.865555485592 -5448.37831385851 3174.518999990009
 11318.06599236949 -20589.91388965693 -3390.80231810615 7753.717877833451 -11021.98617653353
 9038.161742797551 -7898.573771228968 1150.865555485592 -5448.37831385851 3174.518999990009
 26862.04508414997 -4739.031928173938 11414.45847379068 22893.7360256569 -22764.26758095044
 9038.161742797551 -7898.573771228968 1150.865555485592 -5448.37831385851 3174.518999990009
 9272.286109050889 4784.388484645806 13337.46737596466 -1644.362587811784 12957.94275614101
 9038.161742797551 -7898.573771228968 1150.865555485592 -5448.37831385851 3174.518999990009
 10465.98710623613 -20554.61118566662 7576.182023139404 -26876.23285742041 28598.87937241716
 9038.161742797551 -7898.573771228968 1150.865555485592 -5448.37831385851 3174.518999990009
 1299.191866753753 -16136.20417469523 -21458.70403666134 -1803.149433990347 14502.34780086236
 9038.161742797551 -7898.573771228968 1150.865555485592 -5448.37831385851 3174.518999990009
 9038.161742797551 -7898.573771228968 1150.865555485592 -5448.37831385851 3174.518999990009
 9038.161742797551 -7898.573771228968 1150.865555485592 -5448.37831385851 3174.518999990009
 9038.161742797551 -7898.573771228968 1150.865555485592 -5448.37831385851 3174.518999990009
 4542.008166044461 -28196.03233943305 -658.3497826037287 -22740.82912731039 -1198.991316170253
 9038.161742797551 -7898.573771228968 1150.865555485592 -5448.37831385851 3174.518999990009
 9038.161742797551 -7898.573771228968 1150.865555485592 -5448.37831385851 3174.518999990009
 11233.44099550014 -972.0175743131367 -4857.336602295769 132.3749422748242 19006.8262542183
 9038.161742797551 -7898.573771228968 1150.865555485592 -5448.37831385851 3174.518999990009
 9038.161742797551 -7898.573771228968 1150.865555485592 -5448.37831385851 3174.518999990009
 9038.161742797551 -7898.573771228968 1150.865555485592 -5448.37831385851 3174.518999990009
 28112.19005295603 2530.090551987602 -13855.18740289253 12383.91646906239 2050.228347932882
 -2155.829442867265 -3362.91314394473 16376.05300654734 -22001.0667965734 2120.777361162493
 9038.161742797551 -7898.573771228968 1150.865555485592 -5448.37831385851 3174.518999990009
 9038.161742797551 -7898.573771228968 1150.865555485592 -5448.37831385851 3174.518999990009
 -15919.25166397772 10557.924307217 5709.779820424934 -10996.03275487708 11411.56341958804
 2830.169266249976 -19669.015830673 -28034.76053145992 -27339.40497323675 -2451.909771499526
 -3252.681474579612 9267.202830332884 -7218.812013251405 3835.423789522756 -1405.446044539856
 9038.161742797551 -7898.573771228968 1150.865555485592 -5448.37831385851 3174.518999990009
 12395.43997412525 3864.96204943989 6442.258865979366 -12516.81166430029 10018.80738752166
