# Created by Octave 4.2.1, Mon Oct 09 17:40:26 2017 BRT <root@mosqueiro>
# name: pop
# type: matrix
# rows: 1000
# columns: 5
 3399.546100098971 -6560.616245653812 -6212.857034115816 7876.341922951303 1496.474385920623
 3374.818666983977 -6537.235484691996 -6228.257975111647 7821.643767963021 1569.702417393989
 1899.403342883599 -7757.361752643344 -5739.556537440734 9332.968427805718 2265.818204481587
 3467.17408386115 -6526.791397136908 -6170.331015817408 7740.141708693415 1491.844819292112
 3467.17408386115 -6526.791397136908 -6170.331015817408 7740.141708693415 1491.844819292112
 3204.485643281873 -6316.601808364054 -6068.739596027346 7674.543446885487 1512.302426132386
 3204.485643281873 -6316.601808364054 -6068.739596027346 7674.543446885487 1512.302426132386
 1978.593509902817 -7737.427738984786 -5860.913892683104 9383.389653625651 2277.163567807037
 3367.751068759449 -6619.346888977949 -6185.159542012379 7928.236635725063 1470.771858841475
 3368.411195036063 -6606.405832215646 -6327.16334750682 7867.232609871768 1528.328678168552
 3204.485643281873 -6316.601808364054 -6068.739596027346 7674.543446885487 1512.302426132386
 3342.06642283917 -5295.356288035252 -6451.537209236292 8196.305964543162 1284.671786039677
 3179.124623114461 -6340.488664569976 -6161.563435392558 7673.230410853263 1831.840307245154
 3123.803268508974 -6399.925321969888 -5997.332736223447 7579.115820260332 1556.587796303847
 3418.315386416953 -6555.283922935097 -6212.34730491962 7854.182825691359 1500.668982593223
 1882.500150416381 -7744.702908769411 -5803.336519212982 9346.46465320991 2322.618783852145
 1389.097614218897 -8639.55177742452 -6443.855773281908 10265.72369784989 3454.552045647862
 1882.500150416381 -7744.702908769411 -5803.336519212982 9346.46465320991 2322.618783852145
 3418.315386416953 -6555.283922935097 -6212.34730491962 7854.182825691359 1500.668982593223
 1882.500150416381 -7744.702908769411 -5803.336519212982 9346.46465320991 2322.618783852145
 3204.485643281873 -6316.601808364054 -6068.739596027346 7674.543446885487 1512.302426132386
 1386.207366492334 -8578.989217666325 -6433.359340772483 10285.83168075961 3407.774161062602
 3418.315386416953 -6555.283922935097 -6212.34730491962 7854.182825691359 1500.668982593223
 3418.315386416953 -6555.283922935097 -6212.34730491962 7854.182825691359 1500.668982593223
 3467.17408386115 -6526.791397136908 -6170.331015817408 7740.141708693415 1491.844819292112
 3204.485643281873 -6316.601808364054 -6068.739596027346 7674.543446885487 1512.302426132386
 1366.890774513942 -8811.114527592374 -6455.282990264286 10361.36671296011 3496.033011162377
 3467.17408386115 -6526.791397136908 -6170.331015817408 7740.141708693415 1491.844819292112
 3418.315386416953 -6555.283922935097 -6212.34730491962 7854.182825691359 1500.668982593223
 3418.315386416953 -6555.283922935097 -6212.34730491962 7854.182825691359 1500.668982593223
 3418.315386416953 -6555.283922935097 -6212.34730491962 7854.182825691359 1500.668982593223
 1882.500150416381 -7744.702908769411 -5803.336519212982 9346.46465320991 2322.618783852145
 3418.315386416953 -6555.283922935097 -6212.34730491962 7854.182825691359 1500.668982593223
 3445.434008497598 -6565.390664237866 -6240.493592036712 7799.24865644816 1566.290670576308
 1882.500150416381 -7744.702908769411 -5803.336519212982 9346.46465320991 2322.618783852145
 1882.500150416381 -7744.702908769411 -5803.336519212982 9346.46465320991 2322.618783852145
 3204.485643281873 -6316.601808364054 -6068.739596027346 7674.543446885487 1512.302426132386
 1932.78472720638 -7735.384697400506 -5760.178883625882 9275.21959093674 2322.552641608745
 3467.17408386115 -6526.791397136908 -6170.331015817408 7740.141708693415 1491.844819292112
 1882.500150416381 -7744.702908769411 -5803.336519212982 9346.46465320991 2322.618783852145
 1882.500150416381 -7744.702908769411 -5803.336519212982 9346.46465320991 2322.618783852145
 1882.500150416381 -7744.702908769411 -5803.336519212982 9346.46465320991 2322.618783852145
 3295.390938348793 -6278.967131818514 -6184.446413607731 7711.640520363672 1507.578883095863
 1239.415437630667 -8457.317218484486 -6306.583569851716 10330.19450027662 3304.950904016023
 1882.500150416381 -7744.702908769411 -5803.336519212982 9346.46465320991 2322.618783852145
 3418.315386416953 -6555.283922935097 -6212.34730491962 7854.182825691359 1500.668982593223
 3418.315386416953 -6555.283922935097 -6212.34730491962 7854.182825691359 1500.668982593223
 1882.500150416381 -7744.702908769411 -5803.336519212982 9346.46465320991 2322.618783852145
 3195.16271668488 -6395.116262612838 -6058.823849671156 7735.999137153635 1630.875419832422
 1899.062881721919 -7739.233849229136 -5822.483488613809 9359.24408620782 2332.71980648403
 1882.500150416381 -7744.702908769411 -5803.336519212982 9346.46465320991 2322.618783852145
 1882.500150416381 -7744.702908769411 -5803.336519212982 9346.46465320991 2322.618783852145
 3204.485643281873 -6316.601808364054 -6068.739596027346 7674.543446885487 1512.302426132386
 1852.169796847455 -7388.871701330299 -5406.319764666986 5701.360502102093 3773.551409712656
 3871.446494584568 -9101.819307659849 -7011.57415813998 8390.015640009997 3921.668942664547
 3148.018362652582 -5965.486361113415 -5903.509723761334 7370.734806860995 1672.638891444433
 1882.500150416381 -7744.702908769411 -5803.336519212982 9346.46465320991 2322.618783852145
 3467.17408386115 -6526.791397136908 -6170.331015817408 7740.141708693415 1491.844819292112
 3467.17408386115 -6526.791397136908 -6170.331015817408 7740.141708693415 1491.844819292112
 3863.612822280286 -8908.090201647388 -6859.008446892624 8211.124503555495 3719.160087247146
 2025.639380245043 -7735.746208731072 -5744.468837240021 9250.94931749956 2329.070026221842
 3194.619915898815 -6508.570995338974 -6128.584420937096 7662.659413526868 1475.499239204206
 1882.500150416381 -7744.702908769411 -5803.336519212982 9346.46465320991 2322.618783852145
 1882.500150416381 -7744.702908769411 -5803.336519212982 9346.46465320991 2322.618783852145
 3467.17408386115 -6526.791397136908 -6170.331015817408 7740.141708693415 1491.844819292112
 1882.500150416381 -7744.702908769411 -5803.336519212982 9346.46465320991 2322.618783852145
 3457.958376067085 -6526.79130127979 -6217.852738073013 7658.989946538783 1512.644960510375
 3418.315386416953 -6555.283922935097 -6212.34730491962 7854.182825691359 1500.668982593223
 3232.615432125208 -6348.780608447447 -6021.628274236759 7674.127809605381 1424.275120889746
 1882.500150416381 -7744.702908769411 -5803.336519212982 9346.46465320991 2322.618783852145
 3204.485643281873 -6316.601808364054 -6068.739596027346 7674.543446885487 1512.302426132386
 3418.315386416953 -6555.283922935097 -6212.34730491962 7854.182825691359 1500.668982593223
 3458.859144539392 -6449.100981253313 -6328.881786491492 7900.205808089988 1476.740570649914
 3204.485643281873 -6316.601808364054 -6068.739596027346 7674.543446885487 1512.302426132386
 2725.523938086864 -6921.999630218005 -5658.198735678887 5890.465529289017 4029.122062424572
 3204.485643281873 -6316.601808364054 -6068.739596027346 7674.543446885487 1512.302426132386
 3913.139479291537 -8810.209813072175 -7089.566556771435 8728.526833066802 3831.863636598401
 3021.970691188354 -6387.219227319652 -5744.629083303513 7725.109051100623 1506.912394811797
 3418.315386416953 -6555.283922935097 -6212.34730491962 7854.182825691359 1500.668982593223
 1882.500150416381 -7744.702908769411 -5803.336519212982 9346.46465320991 2322.618783852145
 3467.17408386115 -6526.791397136908 -6170.331015817408 7740.141708693415 1491.844819292112
 1882.500150416381 -7744.702908769411 -5803.336519212982 9346.46465320991 2322.618783852145
 3771.97165489535 -8563.961443335244 -6108.586662902442 7642.936203679674 3331.517498757596
 3204.485643281873 -6316.601808364054 -6068.739596027346 7674.543446885487 1512.302426132386
 1626.055685498307 -8361.706941326771 -6818.666465283024 10286.32921216427 3475.523590246582
