# Created by Octave 4.2.1, Mon Oct 09 18:15:18 2017 BRT <root@mosqueiro>
# name: pop
# type: matrix
# rows: 1000
# columns: 5
 34429.35151827421 7649.471331980886 -26569.68381390464 1105.279099322235 -16615.42419491514
 34441.55302733812 7648.741622523983 -26570.67022041345 1105.936500391913 -16626.57311465304
 34441.55302733812 7648.741622523983 -26570.67022041345 1105.936500391913 -16626.57311465304
 34441.55302733812 7648.741622523983 -26570.67022041345 1105.936500391913 -16626.57311465304
 34441.55302733812 7648.741622523983 -26570.67022041345 1105.936500391913 -16626.57311465304
 34429.49374121393 7649.048901235112 -26569.83504592867 1104.858753110109 -16614.50020961123
 34449.11947216377 7684.613125801574 -26592.95141702111 1094.052654891392 -16635.02016444187
 34429.49374121393 7649.048901235112 -26569.83504592867 1104.858753110109 -16614.50020961123
 34429.49374121393 7649.048901235112 -26569.83504592867 1104.858753110109 -16614.50020961123
 34441.55302733812 7648.741622523983 -26570.67022041345 1105.936500391913 -16626.57311465304
 34441.55302733812 7648.741622523983 -26570.67022041345 1105.936500391913 -16626.57311465304
 34437.46413953289 7651.62171098212 -26568.42522921663 1104.619293018527 -16624.31331122501
 34436.5763351945 7653.468346113319 -26565.47407089673 1098.786348428442 -16624.73873969245
 34429.49374121393 7649.048901235112 -26569.83504592867 1104.858753110109 -16614.50020961123
 34429.35151827421 7649.471331980886 -26569.68381390464 1105.279099322235 -16615.42419491514
 34802.71931685839 7970.032469631208 -27031.23017163886 686.6487558650936 -16427.68366579396
 34802.71931685839 7970.032469631208 -27031.23017163886 686.6487558650936 -16427.68366579396
 34429.49374121393 7649.048901235112 -26569.83504592867 1104.858753110109 -16614.50020961123
 34437.77199768257 7652.180525375462 -26565.46495622189 1097.915553781019 -16623.43597514583
 34429.49374121393 7649.048901235112 -26569.83504592867 1104.858753110109 -16614.50020961123
 34441.55302733812 7648.741622523983 -26570.67022041345 1105.936500391913 -16626.57311465304
 34429.49374121393 7649.048901235112 -26569.83504592867 1104.858753110109 -16614.50020961123
 34429.49374121393 7649.048901235112 -26569.83504592867 1104.858753110109 -16614.50020961123
 34429.49374121393 7649.048901235112 -26569.83504592867 1104.858753110109 -16614.50020961123
 34446.95247687782 7682.612203673323 -26596.83908463126 1097.148582740095 -16638.44693589344
 34441.55302733812 7648.741622523983 -26570.67022041345 1105.936500391913 -16626.57311465304
 34437.77199768257 7652.180525375462 -26565.46495622189 1097.915553781019 -16623.43597514583
 34424.19031470364 7653.1406612872 -26560.4472552162 1111.763658231203 -16629.02794900321
 34430.49453747363 7658.211341004017 -26574.76156245296 1104.188476035768 -16615.38553422534
 34449.11947216377 7684.613125801574 -26592.95141702111 1094.052654891392 -16635.02016444187
 34446.62038360528 7661.082154995452 -26567.02522334002 1113.365141237815 -16610.51615265102
 34449.11947216377 7684.613125801574 -26592.95141702111 1094.052654891392 -16635.02016444187
 34441.55302733812 7648.741622523983 -26570.67022041345 1105.936500391913 -16626.57311465304
 34426.85014545701 7662.274590767954 -26583.76237877642 1123.948667879347 -16627.13623340126
 34429.28113964913 7636.959100289503 -26570.33909082434 1110.087153650858 -16643.77184174743
 34429.49374121393 7649.048901235112 -26569.83504592867 1104.858753110109 -16614.50020961123
 34429.49374121393 7649.048901235112 -26569.83504592867 1104.858753110109 -16614.50020961123
 34801.69570634484 7970.23979713935 -27031.75940514939 687.5482289670206 -16428.6692641069
 34458.03549909464 7669.200068120684 -26598.59592589144 1096.708034703996 -16625.89138054674
 34429.49374121393 7649.048901235112 -26569.83504592867 1104.858753110109 -16614.50020961123
 34429.49374121393 7649.048901235112 -26569.83504592867 1104.858753110109 -16614.50020961123
 34429.18537972496 7659.869424196429 -26551.97699625737 1106.928422380551 -16610.78149663541
 34458.03549909464 7669.200068120684 -26598.59592589144 1096.708034703996 -16625.89138054674
 34437.46413953289 7651.62171098212 -26568.42522921663 1104.619293018527 -16624.31331122501
 34429.49374121393 7649.048901235112 -26569.83504592867 1104.858753110109 -16614.50020961123
 34429.49374121393 7649.048901235112 -26569.83504592867 1104.858753110109 -16614.50020961123
 34482.84983105706 7665.559886434756 -26633.15625440683 1157.950764676492 -16672.74170529652
 34440.40517880579 7651.467964472942 -26561.29821905762 1098.997722258546 -16624.09739553696
 34457.27251738904 7669.478626793544 -26600.23372167244 1096.602195770296 -16624.14943361391
 34429.49374121393 7649.048901235112 -26569.83504592867 1104.858753110109 -16614.50020961123
 34437.77199768257 7652.180525375462 -26565.46495622189 1097.915553781019 -16623.43597514583
 34802.71931685839 7970.032469631208 -27031.23017163886 686.6487558650936 -16427.68366579396
 34441.55302733812 7648.741622523983 -26570.67022041345 1105.936500391913 -16626.57311465304
 34429.49374121393 7649.048901235112 -26569.83504592867 1104.858753110109 -16614.50020961123
 34802.71931685839 7970.032469631208 -27031.23017163886 686.6487558650936 -16427.68366579396
 34429.49374121393 7649.048901235112 -26569.83504592867 1104.858753110109 -16614.50020961123
 34441.55302733812 7648.741622523983 -26570.67022041345 1105.936500391913 -16626.57311465304
 34429.49374121393 7649.048901235112 -26569.83504592867 1104.858753110109 -16614.50020961123
 34453.33781976354 7683.450153862593 -26586.00777994957 1087.671503289334 -16614.79361084825
 34437.77199768257 7652.180525375462 -26565.46495622189 1097.915553781019 -16623.43597514583
 34802.71931685839 7970.032469631208 -27031.23017163886 686.6487558650936 -16427.68366579396
 34802.71931685839 7970.032469631208 -27031.23017163886 686.6487558650936 -16427.68366579396
 34437.77199768257 7652.180525375462 -26565.46495622189 1097.915553781019 -16623.43597514583
 34429.49374121393 7649.048901235112 -26569.83504592867 1104.858753110109 -16614.50020961123
 34429.49374121393 7649.048901235112 -26569.83504592867 1104.858753110109 -16614.50020961123
 34457.27251738904 7669.478626793544 -26600.23372167244 1096.602195770296 -16624.14943361391
 34592.308698822 8517.359785691864 -27312.54322458923 1029.928706069857 -16827.23736409908
 34431.35498854793 7646.930078916699 -26566.70185348087 1113.610237416571 -16624.80911636177
 34423.76998009466 7660.638015953104 -26569.2872329848 1097.132640142082 -16621.17668081927
 34458.03549909464 7669.200068120684 -26598.59592589144 1096.708034703996 -16625.89138054674
 34429.49374121393 7649.048901235112 -26569.83504592867 1104.858753110109 -16614.50020961123
 34441.55302733812 7648.741622523983 -26570.67022041345 1105.936500391913 -16626.57311465304
 34441.55302733812 7648.741622523983 -26570.67022041345 1105.936500391913 -16626.57311465304
 34428.85109758376 7649.631098792072 -26570.07105220344 1104.629039768029 -16613.65541175352
 34437.46413953289 7651.62171098212 -26568.42522921663 1104.619293018527 -16624.31331122501
 34437.77199768257 7652.180525375462 -26565.46495622189 1097.915553781019 -16623.43597514583
 34437.46413953289 7651.62171098212 -26568.42522921663 1104.619293018527 -16624.31331122501
 34429.49374121393 7649.048901235112 -26569.83504592867 1104.858753110109 -16614.50020961123
 34441.55302733812 7648.741622523983 -26570.67022041345 1105.936500391913 -16626.57311465304
 34802.71931685839 7970.032469631208 -27031.23017163886 686.6487558650936 -16427.68366579396
 34423.14978395366 7652.297701782552 -26559.98391107605 1110.287284044381 -16628.85720349243
 34429.49374121393 7649.048901235112 -26569.83504592867 1104.858753110109 -16614.50020961123
 34447.76864012221 7685.755478646205 -26592.00158119116 1095.39814096133 -16635.48982024395
 34437.46413953289 7651.62171098212 -26568.42522921663 1104.619293018527 -16624.31331122501
