# Created by Octave 4.2.1, Mon Oct 09 18:48:24 2017 BRT <root@mosqueiro>
# name: pop
# type: matrix
# rows: 1000
# columns: 5
 9080.991545203173 -7533.753947175249 1008.984400092105 -5823.690635557399 3266.771916475308
 9082.112143977089 -7533.331753113351 1007.729300876282 -5823.024230506736 3265.817427614803
 9075.768210846894 -7496.079630946848 981.7990331557778 -5880.496617976005 3318.323692849943
 9081.882614507251 -7493.74388157386 980.8072214987847 -5884.697988248579 3315.069544042293
 9081.758761146439 -7534.164576894972 1009.920125354187 -5824.303658764001 3266.108730941735
 9081.926996880327 -7534.193125914137 1008.441673114951 -5823.708184043399 3266.869812548241
 9082.765933897987 -7498.378756661972 980.8182017248783 -5881.845737117307 3316.093229840315
 9082.350469366582 -7494.353405413507 981.1450526227173 -5884.375288045928 3314.568151268998
 9082.765933897987 -7498.378756661972 980.8182017248783 -5881.845737117307 3316.093229840315
 9082.350469366582 -7494.353405413507 981.1450526227173 -5884.375288045928 3314.568151268998
 9081.105677516964 -7548.031871287813 1020.532916715105 -5827.00475077581 3272.730588741172
 9081.926996880327 -7534.193125914137 1008.441673114951 -5823.708184043399 3266.869812548241
 10020.69659662015 -3534.953701622277 -1181.064380536687 -6337.435742375596 1037.612916455149
 9081.926996880327 -7534.193125914137 1008.441673114951 -5823.708184043399 3266.869812548241
 9082.765933897987 -7498.378756661972 980.8182017248783 -5881.845737117307 3316.093229840315
 9081.926996880327 -7534.193125914137 1008.441673114951 -5823.708184043399 3266.869812548241
 9076.348859269974 -7535.814420922778 1010.248493016046 -5820.273247583725 3269.532774879711
 10032.01594193072 -3535.652942531054 -1168.697130536181 -6354.961762861402 1024.073516747681
 9076.282141637921 -7537.984805522789 1008.369374631765 -5817.995592698717 3269.723302188362
 9080.991545203173 -7533.753947175249 1008.984400092105 -5823.690635557399 3266.771916475308
 9081.882614507251 -7493.74388157386 980.8072214987847 -5884.697988248579 3315.069544042293
 9082.402217345347 -7498.434790214439 980.5269434782045 -5882.516315561892 3316.817085728135
 9082.765933897987 -7498.378756661972 980.8182017248783 -5881.845737117307 3316.093229840315
 9082.820234923494 -7498.128598799873 978.8346672374611 -5883.927290649522 3314.922768291873
 9082.402217345347 -7498.434790214439 980.5269434782045 -5882.516315561892 3316.817085728135
 9082.350469366582 -7494.353405413507 981.1450526227173 -5884.375288045928 3314.568151268998
 9081.435778495903 -7499.406445804044 982.4228026354326 -5882.222445949839 3315.529139878091
 9081.722765098737 -7498.230899161541 980.7033770741077 -5881.721761887168 3315.972999992063
 9075.608202444577 -7496.719111126255 982.3712355178435 -5880.24721320879 3318.244409368437
 9082.27409760183 -7498.66722556421 980.2812627507132 -5881.787471634549 3316.309561638774
 9082.765933897987 -7498.378756661972 980.8182017248783 -5881.845737117307 3316.093229840315
 9081.926996880327 -7534.193125914137 1008.441673114951 -5823.708184043399 3266.869812548241
 9081.926996880327 -7534.193125914137 1008.441673114951 -5823.708184043399 3266.869812548241
 9946.710986178246 -3713.372022847215 -996.4070855104468 -6321.183563679647 1084.298594965864
 9076.38850936006 -7538.068005398149 1010.506486489939 -5819.122642229347 3270.641809113035
 9081.926996880327 -7534.193125914137 1008.441673114951 -5823.708184043399 3266.869812548241
 9082.765933897987 -7498.378756661972 980.8182017248783 -5881.845737117307 3316.093229840315
 9082.765933897987 -7498.378756661972 980.8182017248783 -5881.845737117307 3316.093229840315
 9081.882614507251 -7493.74388157386 980.8072214987847 -5884.697988248579 3315.069544042293
 9069.526453420442 -7529.623047526574 1010.549437357527 -5822.757309080198 3246.597344533619
 9066.317917497639 -7524.012993177886 1002.520723414976 -5814.75518029377 3269.742969037219
 9080.530051375577 -7498.98723503394 983.2902139945354 -5878.057031957872 3317.20877458472
 9082.350469366582 -7494.353405413507 981.1450526227173 -5884.375288045928 3314.568151268998
 9082.765933897987 -7498.378756661972 980.8182017248783 -5881.845737117307 3316.093229840315
 8868.988017118285 -7477.443856410015 914.7671509627794 -5712.940300939406 3397.254789623518
 9946.710986178246 -3713.372022847215 -996.4070855104468 -6321.183563679647 1084.298594965864
 9082.765933897987 -7498.378756661972 980.8182017248783 -5881.845737117307 3316.093229840315
 9082.112143977089 -7533.331753113351 1007.729300876282 -5823.024230506736 3265.817427614803
 9081.105677516964 -7548.031871287813 1020.532916715105 -5827.00475077581 3272.730588741172
 9081.105677516964 -7548.031871287813 1020.532916715105 -5827.00475077581 3272.730588741172
 9082.350469366582 -7494.353405413507 981.1450526227173 -5884.375288045928 3314.568151268998
 9081.926996880327 -7534.193125914137 1008.441673114951 -5823.708184043399 3266.869812548241
 9081.926996880327 -7534.193125914137 1008.441673114951 -5823.708184043399 3266.869812548241
 9082.765933897987 -7498.378756661972 980.8182017248783 -5881.845737117307 3316.093229840315
 9082.765933897987 -7498.378756661972 980.8182017248783 -5881.845737117307 3316.093229840315
 10078.15216070211 -3495.968888171257 -1230.576182292912 -6368.118029139335 1020.018730773809
 9081.926996880327 -7534.193125914137 1008.441673114951 -5823.708184043399 3266.869812548241
 9082.350469366582 -7494.353405413507 981.1450526227173 -5884.375288045928 3314.568151268998
 9081.926996880327 -7534.193125914137 1008.441673114951 -5823.708184043399 3266.869812548241
 9081.926996880327 -7534.193125914137 1008.441673114951 -5823.708184043399 3266.869812548241
 9075.608202444577 -7496.719111126255 982.3712355178435 -5880.24721320879 3318.244409368437
 9081.004955258755 -7498.404951577754 982.1045651135046 -5882.258882579615 3316.241398940258
 9082.350469366582 -7494.353405413507 981.1450526227173 -5884.375288045928 3314.568151268998
 9081.926996880327 -7534.193125914137 1008.441673114951 -5823.708184043399 3266.869812548241
 9073.296828076915 -7501.068298865483 981.1174069830076 -5879.81362684138 3317.43240890642
 9082.765933897987 -7498.378756661972 980.8182017248783 -5881.845737117307 3316.093229840315
 10035.32957286398 -3534.037875774121 -1172.985973836128 -6355.303365674597 1027.473466222587
 9082.765933897987 -7498.378756661972 980.8182017248783 -5881.845737117307 3316.093229840315
 9082.765933897987 -7498.378756661972 980.8182017248783 -5881.845737117307 3316.093229840315
 8877.250266711857 -7477.301888331321 908.8341141584866 -5698.317881152925 3401.712681970445
 9082.765933897987 -7498.378756661972 980.8182017248783 -5881.845737117307 3316.093229840315
 9082.765933897987 -7498.378756661972 980.8182017248783 -5881.845737117307 3316.093229840315
 9081.105677516964 -7548.031871287813 1020.532916715105 -5827.00475077581 3272.730588741172
 9082.092866007262 -7497.760141310147 979.7875337235299 -5882.266227278613 3316.269636587808
 10034.99567049544 -3534.34961514883 -1172.431434021277 -6355.29750602191 1027.81645093605
 9082.765933897987 -7498.378756661972 980.8182017248783 -5881.845737117307 3316.093229840315
 9082.765933897987 -7498.378756661972 980.8182017248783 -5881.845737117307 3316.093229840315
 9946.710986178246 -3713.372022847215 -996.4070855104468 -6321.183563679647 1084.298594965864
 9082.765933897987 -7498.378756661972 980.8182017248783 -5881.845737117307 3316.093229840315
 9080.790005071914 -7534.137553820483 1008.765262798524 -5824.410859600278 3267.624319244385
 9078.403432921858 -7502.707885111167 985.2086804766099 -5885.730172551643 3313.730279522402
 9081.926996880327 -7534.193125914137 1008.441673114951 -5823.708184043399 3266.869812548241
 9082.478005100289 -7498.121812799512 981.3306326355772 -5881.644093406092 3317.469657709972
 9081.926996880327 -7534.193125914137 1008.441673114951 -5823.708184043399 3266.869812548241
