# Created by Octave 4.2.1, Mon Oct 09 18:51:00 2017 BRT <root@mosqueiro>
# name: pop
# type: matrix
# rows: 1000
# columns: 5
 9081.243428400017 -7533.838385655003 1009.045592466201 -5823.866048824842 3266.721007039763
 9081.243428400017 -7533.838385655003 1009.045592466201 -5823.866048824842 3266.721007039763
 9081.243428400017 -7533.838385655003 1009.045592466201 -5823.866048824842 3266.721007039763
 9081.243428400017 -7533.838385655003 1009.045592466201 -5823.866048824842 3266.721007039763
 9081.243428400017 -7533.838385655003 1009.045592466201 -5823.866048824842 3266.721007039763
 9082.390749826505 -7494.345115490374 981.097854007425 -5884.396083670688 3314.557570370737
 9081.243637689218 -7533.83737053099 1009.04434513488 -5823.866127758537 3266.7218912418
 9081.098183203863 -7548.025977086234 1020.514751825287 -5826.999841345767 3272.717939307343
 9081.098236128029 -7548.026380728488 1020.51563543636 -5826.999803111743 3272.717392099325
 9081.242393361788 -7533.837378680795 1009.049512125731 -5823.870460274391 3266.721591451996
 9081.242393361788 -7533.837378680795 1009.049512125731 -5823.870460274391 3266.721591451996
 9081.241978509921 -7533.833178343611 1009.041892226469 -5823.85827311427 3266.723706198653
 9082.390749826505 -7494.345115490374 981.097854007425 -5884.396083670688 3314.557570370737
 9081.243428400017 -7533.838385655003 1009.045592466201 -5823.866048824842 3266.721007039763
 9081.243637689218 -7533.83737053099 1009.04434513488 -5823.866127758537 3266.7218912418
 9081.243637689218 -7533.83737053099 1009.04434513488 -5823.866127758537 3266.7218912418
 9082.390749826505 -7494.345115490374 981.097854007425 -5884.396083670688 3314.557570370737
 9081.242393361788 -7533.837378680795 1009.049512125731 -5823.870460274391 3266.721591451996
 9082.404511909339 -7494.22820770907 981.1228400373784 -5884.521204361011 3314.51475457517
 9081.241387591401 -7533.835540732657 1009.040991506879 -5823.863793378126 3266.72209409358
 9080.991545203173 -7533.753947175249 1008.984400092105 -5823.690635557399 3266.771916475308
 9080.991545203173 -7533.753947175249 1008.984400092105 -5823.690635557399 3266.771916475308
 9081.243428400017 -7533.838385655003 1009.045592466201 -5823.866048824842 3266.721007039763
 9082.390749826505 -7494.345115490374 981.097854007425 -5884.396083670688 3314.557570370737
 9081.242393361788 -7533.837378680795 1009.049512125731 -5823.870460274391 3266.721591451996
 9081.098952390674 -7548.025834474013 1020.516045195988 -5826.999952933962 3272.717997273425
 9080.993135278142 -7533.754400991744 1008.983966230686 -5823.690400773156 3266.773282950066
 9082.390749826505 -7494.345115490374 981.097854007425 -5884.396083670688 3314.557570370737
 9080.991545203173 -7533.753947175249 1008.984400092105 -5823.690635557399 3266.771916475308
 9081.245890320844 -7533.835779215238 1009.045095001474 -5823.868353136657 3266.721216265241
 9082.112192583589 -7533.342296020899 1007.730009338825 -5823.016993488047 3265.82201151533
 9082.502816484624 -7494.621951368123 980.9782397129156 -5884.258275417787 3314.781806497057
 9081.242059255352 -7533.835836989557 1009.042750847865 -5823.865970928236 3266.723680801216
 9081.243428400017 -7533.838385655003 1009.045592466201 -5823.866048824842 3266.721007039763
 9081.240770206705 -7533.837047369129 1009.044604550467 -5823.86519143799 3266.722421233919
 9082.390749826505 -7494.345115490374 981.097854007425 -5884.396083670688 3314.557570370737
 9080.991023218514 -7533.752426291247 1008.984480383844 -5823.690332440481 3266.771726354701
 9080.993135278142 -7533.754400991744 1008.983966230686 -5823.690400773156 3266.773282950066
 9082.390749826505 -7494.345115490374 981.097854007425 -5884.396083670688 3314.557570370737
 9082.390749826505 -7494.345115490374 981.097854007425 -5884.396083670688 3314.557570370737
 9082.750084310408 -7498.456190115569 980.6646864580952 -5882.015168207118 3316.116384225152
 9080.98009010424 -7533.76375490646 1008.979198948281 -5823.664274830806 3266.773153052029
 9081.243637689218 -7533.83737053099 1009.04434513488 -5823.866127758537 3266.7218912418
 9081.245262605233 -7533.837053577471 1009.045203532541 -5823.866511091459 3266.720048185114
 9080.991670671308 -7533.752653035869 1008.985047357564 -5823.691822533462 3266.773293897521
 9081.098236128029 -7548.026380728488 1020.51563543636 -5826.999803111743 3272.717392099325
 9081.243637689218 -7533.83737053099 1009.04434513488 -5823.866127758537 3266.7218912418
 9080.991545203173 -7533.753947175249 1008.984400092105 -5823.690635557399 3266.771916475308
 9081.243428400017 -7533.838385655003 1009.045592466201 -5823.866048824842 3266.721007039763
 9075.709893051453 -7496.630688880346 982.3814039789023 -5880.212269758089 3318.153782918806
 9081.243637689218 -7533.83737053099 1009.04434513488 -5823.866127758537 3266.7218912418
 9081.243637689218 -7533.83737053099 1009.04434513488 -5823.866127758537 3266.7218912418
 9081.242393361788 -7533.837378680795 1009.049512125731 -5823.870460274391 3266.721591451996
 9081.243637689218 -7533.83737053099 1009.04434513488 -5823.866127758537 3266.7218912418
 9081.243428400017 -7533.838385655003 1009.045592466201 -5823.866048824842 3266.721007039763
 9082.390749826505 -7494.345115490374 981.097854007425 -5884.396083670688 3314.557570370737
 9082.390965003297 -7494.345288503765 981.0967411181691 -5884.394859578476 3314.557220347525
 9081.243428400017 -7533.838385655003 1009.045592466201 -5823.866048824842 3266.721007039763
 9081.098236128029 -7548.026380728488 1020.51563543636 -5826.999803111743 3272.717392099325
 9081.240770206705 -7533.837047369129 1009.044604550467 -5823.86519143799 3266.722421233919
 9081.242393361788 -7533.837378680795 1009.049512125731 -5823.870460274391 3266.721591451996
 9075.52527673546 -7496.545552687381 982.3956298125602 -5880.306295483486 3318.239001051335
 9080.991562318282 -7533.754242071655 1008.985004642002 -5823.689575934089 3266.771716094689
 9081.242345459741 -7533.837343006033 1009.049402414304 -5823.870734929859 3266.720852158102
 9081.242393361788 -7533.837378680795 1009.049512125731 -5823.870460274391 3266.721591451996
 9082.390749826505 -7494.345115490374 981.097854007425 -5884.396083670688 3314.557570370737
 9080.991545203173 -7533.753947175249 1008.984400092105 -5823.690635557399 3266.771916475308
 9081.242393361788 -7533.837378680795 1009.049512125731 -5823.870460274391 3266.721591451996
 9081.24273547345 -7533.837111329676 1009.044166084016 -5823.863996492205 3266.723284539856
 9083.855560130254 -7498.771659803805 981.6534220582229 -5882.543953297042 3315.12747741891
 9082.092404509633 -7533.398830109083 1007.81574347557 -5823.019702223354 3265.871337540686
 9082.390399185946 -7494.344732595881 981.0985657706854 -5884.396404625213 3314.554903183443
 9081.243428400017 -7533.838385655003 1009.045592466201 -5823.866048824842 3266.721007039763
 9082.390749826505 -7494.345115490374 981.097854007425 -5884.396083670688 3314.557570370737
 9082.390399185946 -7494.344732595881 981.0985657706854 -5884.396404625213 3314.554903183443
 9080.991545203173 -7533.753947175249 1008.984400092105 -5823.690635557399 3266.771916475308
 9081.242393361788 -7533.837378680795 1009.049512125731 -5823.870460274391 3266.721591451996
 9081.243428400017 -7533.838385655003 1009.045592466201 -5823.866048824842 3266.721007039763
 9081.243428400017 -7533.838385655003 1009.045592466201 -5823.866048824842 3266.721007039763
 9081.241387591401 -7533.835540732657 1009.040991506879 -5823.863793378126 3266.72209409358
 9082.390749826505 -7494.345115490374 981.097854007425 -5884.396083670688 3314.557570370737
 9081.097893144792 -7548.026289134199 1020.516097426584 -5826.999600343292 3272.717488976099
 9081.243428400017 -7533.838385655003 1009.045592466201 -5823.866048824842 3266.721007039763
 9080.993135278142 -7533.754400991744 1008.983966230686 -5823.690400773156 3266.773282950066
 9082.363950289848 -7494.399247512399 981.1614328931464 -5884.318934991997 3314.546468450439
