# Created by Octave 4.2.1, Mon Oct 09 18:50:00 2017 BRT <root@mosqueiro>
# name: pop
# type: matrix
# rows: 1000
# columns: 5
 9081.098236128029 -7548.026380728488 1020.51563543636 -5826.999803111743 3272.717392099325
 9082.390749826505 -7494.345115490374 981.097854007425 -5884.396083670688 3314.557570370737
 9082.390749826505 -7494.345115490374 981.097854007425 -5884.396083670688 3314.557570370737
 9082.390749826505 -7494.345115490374 981.097854007425 -5884.396083670688 3314.557570370737
 9082.390749826505 -7494.345115490374 981.097854007425 -5884.396083670688 3314.557570370737
 9081.253976502911 -7533.853286732235 1009.048611805427 -5823.870234876151 3266.717964509755
 9081.098236128029 -7548.026380728488 1020.51563543636 -5826.999803111743 3272.717392099325
 9082.367759499748 -7494.350411117144 981.162060609357 -5884.389197688558 3314.542140735805
 9075.770513000527 -7496.028373452349 981.8615108285705 -5880.5196722359 3318.335200647413
 9082.390749826505 -7494.345115490374 981.097854007425 -5884.396083670688 3314.557570370737
 9080.991545203173 -7533.753947175249 1008.984400092105 -5823.690635557399 3266.771916475308
 9083.855173085249 -7498.771777725972 981.6528503061222 -5882.543121768887 3315.127429531569
 9080.991545203173 -7533.753947175249 1008.984400092105 -5823.690635557399 3266.771916475308
 9082.390749826505 -7494.345115490374 981.097854007425 -5884.396083670688 3314.557570370737
 9081.220746673416 -7533.846536798887 1009.041889885967 -5823.872969617408 3266.730323935282
 9081.237993486302 -7533.834668333294 1009.040075798775 -5823.880079776979 3266.723905379976
 9080.991545203173 -7533.753947175249 1008.984400092105 -5823.690635557399 3266.771916475308
 9081.234392112463 -7533.849091740548 1009.020179879405 -5823.846715352851 3266.748733374014
 9081.243637689218 -7533.83737053099 1009.04434513488 -5823.866127758537 3266.7218912418
 9080.991545203173 -7533.753947175249 1008.984400092105 -5823.690635557399 3266.771916475308
 9081.245920038746 -7533.848987147166 1009.047774956775 -5823.853575131478 3266.722428211473
 9080.991545203173 -7533.753947175249 1008.984400092105 -5823.690635557399 3266.771916475308
 9081.243637689218 -7533.83737053099 1009.04434513488 -5823.866127758537 3266.7218912418
 9081.243637689218 -7533.83737053099 1009.04434513488 -5823.866127758537 3266.7218912418
 9081.243637689218 -7533.83737053099 1009.04434513488 -5823.866127758537 3266.7218912418
 9081.224922667614 -7533.825088132382 1009.043726895227 -5823.87848639572 3266.72142764603
 9082.390749826505 -7494.345115490374 981.097854007425 -5884.396083670688 3314.557570370737
 9081.243637689218 -7533.83737053099 1009.04434513488 -5823.866127758537 3266.7218912418
 9082.390749826505 -7494.345115490374 981.097854007425 -5884.396083670688 3314.557570370737
 9082.390749826505 -7494.345115490374 981.097854007425 -5884.396083670688 3314.557570370737
 9081.098236128029 -7548.026380728488 1020.51563543636 -5826.999803111743 3272.717392099325
 9075.524793442135 -7496.547065172394 982.3962633022179 -5880.305557540834 3318.238291504811
 9082.750084310408 -7498.456190115569 980.6646864580952 -5882.015168207118 3316.116384225152
 9081.237401459312 -7533.853296027274 1009.06389719545 -5823.857396144514 3266.733639874016
 9080.991545203173 -7533.753947175249 1008.984400092105 -5823.690635557399 3266.771916475308
 9081.224480996645 -7533.865071538012 1009.023342585098 -5823.846529762047 3266.675606130036
 9081.243637689218 -7533.83737053099 1009.04434513488 -5823.866127758537 3266.7218912418
 9082.680533938483 -7498.389209217787 980.7172854795205 -5881.464095103506 3315.751780601341
 9081.098236128029 -7548.026380728488 1020.51563543636 -5826.999803111743 3272.717392099325
 9082.10258538876 -7533.331668275463 1007.726731263289 -5823.018420877391 3265.825705045161
 9080.991545203173 -7533.753947175249 1008.984400092105 -5823.690635557399 3266.771916475308
 9075.524793442135 -7496.547065172394 982.3962633022179 -5880.305557540834 3318.238291504811
 9080.954116071862 -7533.737590245919 1008.984987315131 -5823.66927126843 3266.764419276146
 9081.243637689218 -7533.83737053099 1009.04434513488 -5823.866127758537 3266.7218912418
 9082.765940360625 -7498.391309273909 980.8135510786542 -5881.855430265285 3316.092001608075
 9082.350469366582 -7494.353405413507 981.1450526227173 -5884.375288045928 3314.568151268998
 9081.243637689218 -7533.83737053099 1009.04434513488 -5823.866127758537 3266.7218912418
 9081.926996880327 -7534.193125914137 1008.441673114951 -5823.708184043399 3266.869812548241
 9081.243637689218 -7533.83737053099 1009.04434513488 -5823.866127758537 3266.7218912418
 9081.243637689218 -7533.83737053099 1009.04434513488 -5823.866127758537 3266.7218912418
 9080.991545203173 -7533.753947175249 1008.984400092105 -5823.690635557399 3266.771916475308
 9082.112143977089 -7533.331753113351 1007.729300876282 -5823.024230506736 3265.817427614803
 10075.68058501009 -3496.155305948474 -1229.150585640322 -6371.1392327774 1020.550546386319
 9081.243637689218 -7533.83737053099 1009.04434513488 -5823.866127758537 3266.7218912418
 9082.349923531046 -7494.380966672507 981.1834935775707 -5884.330246869544 3314.584019855256
 9080.991545203173 -7533.753947175249 1008.984400092105 -5823.690635557399 3266.771916475308
 9081.243637689218 -7533.83737053099 1009.04434513488 -5823.866127758537 3266.7218912418
 9080.990211943599 -7533.760471384514 1008.98895066022 -5823.678288177884 3266.774901885812
 9081.243637689218 -7533.83737053099 1009.04434513488 -5823.866127758537 3266.7218912418
 9082.880258102561 -7498.090055523882 981.2951059101304 -5881.425516262741 3316.149594584079
 9082.112143977089 -7533.331753113351 1007.729300876282 -5823.024230506736 3265.817427614803
 9081.243637689218 -7533.83737053099 1009.04434513488 -5823.866127758537 3266.7218912418
 9080.991545203173 -7533.753947175249 1008.984400092105 -5823.690635557399 3266.771916475308
 9081.243637689218 -7533.83737053099 1009.04434513488 -5823.866127758537 3266.7218912418
 9075.524793442135 -7496.547065172394 982.3962633022179 -5880.305557540834 3318.238291504811
 9080.991545203173 -7533.753947175249 1008.984400092105 -5823.690635557399 3266.771916475308
 9081.24391471641 -7533.840782775913 1009.036825534198 -5823.861914495646 3266.728418687509
 9080.991545203173 -7533.753947175249 1008.984400092105 -5823.690635557399 3266.771916475308
 9080.991545203173 -7533.753947175249 1008.984400092105 -5823.690635557399 3266.771916475308
 9080.994771228101 -7533.741667347579 1009.001223308676 -5823.692694802106 3266.781218716776
 9081.243637689218 -7533.83737053099 1009.04434513488 -5823.866127758537 3266.7218912418
 9082.10258538876 -7533.331668275463 1007.726731263289 -5823.018420877391 3265.825705045161
 9082.390749826505 -7494.345115490374 981.097854007425 -5884.396083670688 3314.557570370737
 9081.241978509921 -7533.833178343611 1009.041892226469 -5823.85827311427 3266.723706198653
 9081.243637689218 -7533.83737053099 1009.04434513488 -5823.866127758537 3266.7218912418
 9081.098236128029 -7548.026380728488 1020.51563543636 -5826.999803111743 3272.717392099325
 9080.980418276948 -7533.763387757061 1008.975550747291 -5823.658873141572 3266.770119776049
 9075.524793442135 -7496.547065172394 982.3962633022179 -5880.305557540834 3318.238291504811
 9080.991545203173 -7533.753947175249 1008.984400092105 -5823.690635557399 3266.771916475308
 9080.991545203173 -7533.753947175249 1008.984400092105 -5823.690635557399 3266.771916475308
 9081.243637689218 -7533.83737053099 1009.04434513488 -5823.866127758537 3266.7218912418
 9081.234392112463 -7533.849091740548 1009.020179879405 -5823.846715352851 3266.748733374014
 9081.243637689218 -7533.83737053099 1009.04434513488 -5823.866127758537 3266.7218912418
 9075.524793442135 -7496.547065172394 982.3962633022179 -5880.305557540834 3318.238291504811
 9082.557840420706 -7494.255762374814 981.1162360280679 -5884.346106963008 3314.876194948279
