# Created by Octave 4.2.1, Mon Oct 09 18:24:18 2017 BRT <root@mosqueiro>
# name: pop
# type: matrix
# rows: 1000
# columns: 5
 -8050.497224522569 7754.819000622869 -9745.174986403241 7885.809393492465 2182.906102317827
 -8050.497224522569 7754.819000622869 -9745.174986403241 7885.809393492465 2182.906102317827
 -8050.497224522569 7754.819000622869 -9745.174986403241 7885.809393492465 2182.906102317827
 -8050.497224522569 7754.819000622869 -9745.174986403241 7885.809393492465 2182.906102317827
 -8050.497224522569 7754.819000622869 -9745.174986403241 7885.809393492465 2182.906102317827
 -8050.497224522569 7754.819000622869 -9745.174986403241 7885.809393492465 2182.906102317827
 -15417.38178721018 2861.090143941153 -18835.51241798632 -14804.50175563644 13691.0127895306
 -8050.497224522569 7754.819000622869 -9745.174986403241 7885.809393492465 2182.906102317827
 -8050.497224522569 7754.819000622869 -9745.174986403241 7885.809393492465 2182.906102317827
 -8050.497224522569 7754.819000622869 -9745.174986403241 7885.809393492465 2182.906102317827
 -8050.497224522569 7754.819000622869 -9745.174986403241 7885.809393492465 2182.906102317827
 -8050.497224522569 7754.819000622869 -9745.174986403241 7885.809393492465 2182.906102317827
 -8050.497224522569 7754.819000622869 -9745.174986403241 7885.809393492465 2182.906102317827
 27312.34660839817 -35443.97016533517 3408.262078094915 13176.72517041953 -27350.17470240377
 -8050.497224522569 7754.819000622869 -9745.174986403241 7885.809393492465 2182.906102317827
 -9760.150763546757 -595.9779027982931 7266.662228673445 9794.820478921949 -6651.640212549273
 -8050.497224522569 7754.819000622869 -9745.174986403241 7885.809393492465 2182.906102317827
 -9760.150763546757 -595.9779027982931 7266.662228673445 9794.820478921949 -6651.640212549273
 -8050.497224522569 7754.819000622869 -9745.174986403241 7885.809393492465 2182.906102317827
 -11102.24726086047 22632.11205225375 -12175.40372796078 -8264.045722911276 37692.93012441682
 -13944.72540565366 15386.35993303099 4562.681465173177 26332.6020261208 24470.10252205512
 -8050.497224522569 7754.819000622869 -9745.174986403241 7885.809393492465 2182.906102317827
 -6602.712161556035 10265.38035991972 -531.4958048829521 11851.56290970315 -10629.67716461944
 -8050.497224522569 7754.819000622869 -9745.174986403241 7885.809393492465 2182.906102317827
 -8050.497224522569 7754.819000622869 -9745.174986403241 7885.809393492465 2182.906102317827
 -8050.497224522569 7754.819000622869 -9745.174986403241 7885.809393492465 2182.906102317827
 -8050.497224522569 7754.819000622869 -9745.174986403241 7885.809393492465 2182.906102317827
 -8050.497224522569 7754.819000622869 -9745.174986403241 7885.809393492465 2182.906102317827
 -1442.682638973318 -3577.153071727007 -3691.242853228685 9158.28000593083 33817.24542869499
 1387.647165484981 -11089.73599364483 6424.237794685889 33368.87917663385 16857.12802702798
 9092.501411367241 38726.10753952908 344.0633693187065 -6263.40083061555 -15635.32353276711
 -8050.497224522569 7754.819000622869 -9745.174986403241 7885.809393492465 2182.906102317827
 -8050.497224522569 7754.819000622869 -9745.174986403241 7885.809393492465 2182.906102317827
 -8050.497224522569 7754.819000622869 -9745.174986403241 7885.809393492465 2182.906102317827
 -8050.497224522569 7754.819000622869 -9745.174986403241 7885.809393492465 2182.906102317827
 -15906.59720291672 15873.30093713879 2000.329370525915 20749.70645281068 3683.755871534457
 -8050.497224522569 7754.819000622869 -9745.174986403241 7885.809393492465 2182.906102317827
 -10466.32764421025 -1106.943885634716 -2114.280478971057 22471.56674675853 -25233.58265127895
 -8050.497224522569 7754.819000622869 -9745.174986403241 7885.809393492465 2182.906102317827
 -2541.26942957143 18989.5069478981 -28825.54157412107 646.8833334956325 18095.79689568208
 -8050.497224522569 7754.819000622869 -9745.174986403241 7885.809393492465 2182.906102317827
 -8050.497224522569 7754.819000622869 -9745.174986403241 7885.809393492465 2182.906102317827
 -8050.497224522569 7754.819000622869 -9745.174986403241 7885.809393492465 2182.906102317827
 -8050.497224522569 7754.819000622869 -9745.174986403241 7885.809393492465 2182.906102317827
 -9523.453425597223 7357.647130449182 6057.513451340901 3810.087755400164 -7252.8891483834
 -13467.54169234674 33089.60672002653 -7368.518470995659 19664.86481334041 -16747.82918460223
 -8050.497224522569 7754.819000622869 -9745.174986403241 7885.809393492465 2182.906102317827
 -8050.497224522569 7754.819000622869 -9745.174986403241 7885.809393492465 2182.906102317827
 -4937.042957752632 17692.09534329411 -5557.279245317782 16354.17183782445 4192.042617427956
 -8050.497224522569 7754.819000622869 -9745.174986403241 7885.809393492465 2182.906102317827
 16903.46793225162 -10123.63884249286 18004.40087723717 -18534.31232015086 14209.39856641369
 -24130.82388147211 22114.95150602433 -14577.42660373621 12988.6474360644 14665.03524829081
 -9751.519875673312 27098.28501985571 9633.144428255904 -1809.770690762469 9407.886620568712
 -8050.497224522569 7754.819000622869 -9745.174986403241 7885.809393492465 2182.906102317827
 -8050.497224522569 7754.819000622869 -9745.174986403241 7885.809393492465 2182.906102317827
 -2417.735894350189 29481.82373404529 12149.43462889322 -11012.65950264367 -4793.629891437865
 -8050.497224522569 7754.819000622869 -9745.174986403241 7885.809393492465 2182.906102317827
 -8050.497224522569 7754.819000622869 -9745.174986403241 7885.809393492465 2182.906102317827
 9285.452183402711 -53416.49469456699 1145.200698005758 12758.37250931076 -5667.270948768757
 -8050.497224522569 7754.819000622869 -9745.174986403241 7885.809393492465 2182.906102317827
 -16800.0068368783 36501.57116951152 -1284.769693481885 13031.37374711421 9700.333679928539
 -8050.497224522569 7754.819000622869 -9745.174986403241 7885.809393492465 2182.906102317827
 -8050.497224522569 7754.819000622869 -9745.174986403241 7885.809393492465 2182.906102317827
 -8050.497224522569 7754.819000622869 -9745.174986403241 7885.809393492465 2182.906102317827
 -8050.497224522569 7754.819000622869 -9745.174986403241 7885.809393492465 2182.906102317827
 -28943.12913926567 13079.79893052077 32.06800321827268 27090.37912519784 6315.61884638377
 -18065.21454494072 54446.48855429373 -5637.523818828189 31535.62924304308 -15424.7204688679
 -9760.150763546757 -595.9779027982931 7266.662228673445 9794.820478921949 -6651.640212549273
 -8050.497224522569 7754.819000622869 -9745.174986403241 7885.809393492465 2182.906102317827
 -9751.519875673312 27098.28501985571 9633.144428255904 -1809.770690762469 9407.886620568712
 -8050.497224522569 7754.819000622869 -9745.174986403241 7885.809393492465 2182.906102317827
 -8050.497224522569 7754.819000622869 -9745.174986403241 7885.809393492465 2182.906102317827
 -8050.497224522569 7754.819000622869 -9745.174986403241 7885.809393492465 2182.906102317827
 3158.267581818454 -5915.122179399688 949.6329293597992 6553.457934536709 -4587.393137557279
 -8050.497224522569 7754.819000622869 -9745.174986403241 7885.809393492465 2182.906102317827
 -8050.497224522569 7754.819000622869 -9745.174986403241 7885.809393492465 2182.906102317827
 -8050.497224522569 7754.819000622869 -9745.174986403241 7885.809393492465 2182.906102317827
 -8050.497224522569 7754.819000622869 -9745.174986403241 7885.809393492465 2182.906102317827
 -8050.497224522569 7754.819000622869 -9745.174986403241 7885.809393492465 2182.906102317827
 -15461.46944107366 17489.7492269494 -2015.893933238854 -4779.748323603189 14613.50606850761
 -8050.497224522569 7754.819000622869 -9745.174986403241 7885.809393492465 2182.906102317827
 -2930.606333732147 6387.048979466759 -24238.35161485589 -9307.078062634057 -231.0682165187809
 -634.9046688913986 22905.60324539417 -9497.657418194762 23340.26673247099 27241.70154236758
 -8050.497224522569 7754.819000622869 -9745.174986403241 7885.809393492465 2182.906102317827
