# Created by Octave 4.2.1, Mon Oct 09 18:14:00 2017 BRT <root@mosqueiro>
# name: pop
# type: matrix
# rows: 1000
# columns: 5
 34429.49374121393 7649.048901235112 -26569.83504592867 1104.858753110109 -16614.50020961123
 34449.11947216377 7684.613125801574 -26592.95141702111 1094.052654891392 -16635.02016444187
 34449.11947216377 7684.613125801574 -26592.95141702111 1094.052654891392 -16635.02016444187
 34449.11947216377 7684.613125801574 -26592.95141702111 1094.052654891392 -16635.02016444187
 34449.11947216377 7684.613125801574 -26592.95141702111 1094.052654891392 -16635.02016444187
 34437.46413953289 7651.62171098212 -26568.42522921663 1104.619293018527 -16624.31331122501
 34802.71931685839 7970.032469631208 -27031.23017163886 686.6487558650936 -16427.68366579396
 34449.11947216377 7684.613125801574 -26592.95141702111 1094.052654891392 -16635.02016444187
 34485.88000066113 7663.96482346058 -26541.30853644792 1112.123242427231 -16637.08646681609
 34756.40330092981 7995.586430664207 -27046.68759611512 686.8750187560518 -16389.80441378051
 34756.40330092981 7995.586430664207 -27046.68759611512 686.8750187560518 -16389.80441378051
 34966.67694396623 8056.948635680973 -27137.84209596697 589.5960678777369 -16277.54692727075
 34437.46413953289 7651.62171098212 -26568.42522921663 1104.619293018527 -16624.31331122501
 34437.46413953289 7651.62171098212 -26568.42522921663 1104.619293018527 -16624.31331122501
 34437.46413953289 7651.62171098212 -26568.42522921663 1104.619293018527 -16624.31331122501
 34437.46413953289 7651.62171098212 -26568.42522921663 1104.619293018527 -16624.31331122501
 34425.78770573901 7662.877995700999 -26584.96863039401 1124.402850365592 -16627.96535850135
 34744.00445332392 7959.903382430758 -27062.55025244962 698.0950600038757 -16401.01533138042
 34586.35458560059 8516.452152792843 -27313.93000646131 1035.946016318162 -16824.14199857541
 34437.46413953289 7651.62171098212 -26568.42522921663 1104.619293018527 -16624.31331122501
 34437.46413953289 7651.62171098212 -26568.42522921663 1104.619293018527 -16624.31331122501
 34389.66939243136 7672.561125606177 -26550.20938777623 1167.73763109349 -16667.74769105756
 34434.97913812746 7686.728912499349 -26500.30838174485 1040.226193546983 -16619.45493175233
 34449.11947216377 7684.613125801574 -26592.95141702111 1094.052654891392 -16635.02016444187
 34449.11947216377 7684.613125801574 -26592.95141702111 1094.052654891392 -16635.02016444187
 34735.16670803912 8031.1961129796 -27046.7009685024 776.028251073887 -16425.18399034668
 34763.58384535662 7920.186780229086 -27067.55798221497 585.5853451960952 -16396.08217587003
 34802.71931685839 7970.032469631208 -27031.23017163886 686.6487558650936 -16427.68366579396
 34437.46413953289 7651.62171098212 -26568.42522921663 1104.619293018527 -16624.31331122501
 34437.46413953289 7651.62171098212 -26568.42522921663 1104.619293018527 -16624.31331122501
 34437.46413953289 7651.62171098212 -26568.42522921663 1104.619293018527 -16624.31331122501
 34418.58538957532 7638.615789521413 -26516.27569826842 1092.826820940595 -16633.48086665622
 34437.46413953289 7651.62171098212 -26568.42522921663 1104.619293018527 -16624.31331122501
 34437.46413953289 7651.62171098212 -26568.42522921663 1104.619293018527 -16624.31331122501
 34437.46413953289 7651.62171098212 -26568.42522921663 1104.619293018527 -16624.31331122501
 34802.71931685839 7970.032469631208 -27031.23017163886 686.6487558650936 -16427.68366579396
 34437.46413953289 7651.62171098212 -26568.42522921663 1104.619293018527 -16624.31331122501
 34824.0924703924 7974.716701013193 -27036.15388495184 663.5920949524092 -16374.13619053827
 34449.11947216377 7684.613125801574 -26592.95141702111 1094.052654891392 -16635.02016444187
 34802.71931685839 7970.032469631208 -27031.23017163886 686.6487558650936 -16427.68366579396
 34586.35458560059 8516.452152792843 -27313.93000646131 1035.946016318162 -16824.14199857541
 37367.94360006994 7190.793252813733 -27466.98731122729 130.8865624855881 -17802.45384885041
 34449.11947216377 7684.613125801574 -26592.95141702111 1094.052654891392 -16635.02016444187
 34458.33555397004 7646.404702751776 -26531.54710370981 1145.27340003878 -16733.58349775871
 34802.71931685839 7970.032469631208 -27031.23017163886 686.6487558650936 -16427.68366579396
 34437.46413953289 7651.62171098212 -26568.42522921663 1104.619293018527 -16624.31331122501
 34437.46413953289 7651.62171098212 -26568.42522921663 1104.619293018527 -16624.31331122501
 34437.46413953289 7651.62171098212 -26568.42522921663 1104.619293018527 -16624.31331122501
 34437.46413953289 7651.62171098212 -26568.42522921663 1104.619293018527 -16624.31331122501
 34802.71931685839 7970.032469631208 -27031.23017163886 686.6487558650936 -16427.68366579396
 34431.35698520461 7662.567362851846 -26556.95534404032 1109.733244384815 -16611.70691013446
 34437.46413953289 7651.62171098212 -26568.42522921663 1104.619293018527 -16624.31331122501
 34586.35458560059 8516.452152792843 -27313.93000646131 1035.946016318162 -16824.14199857541
 34802.71931685839 7970.032469631208 -27031.23017163886 686.6487558650936 -16427.68366579396
 34449.11947216377 7684.613125801574 -26592.95141702111 1094.052654891392 -16635.02016444187
 34437.46413953289 7651.62171098212 -26568.42522921663 1104.619293018527 -16624.31331122501
 34437.46413953289 7651.62171098212 -26568.42522921663 1104.619293018527 -16624.31331122501
 34824.0924703924 7974.716701013193 -27036.15388495184 663.5920949524092 -16374.13619053827
 34397.59554279269 7788.633283080326 -26564.47965644209 1164.060450465584 -16653.99686271862
 34417.93103329717 7641.873266289746 -26555.14837152853 1116.469458179989 -16639.9303365054
 34802.71931685839 7970.032469631208 -27031.23017163886 686.6487558650936 -16427.68366579396
 34437.72723752938 7647.726507055203 -26562.04533898002 1125.083479437026 -16600.9229120856
 34802.71931685839 7970.032469631208 -27031.23017163886 686.6487558650936 -16427.68366579396
 34802.71931685839 7970.032469631208 -27031.23017163886 686.6487558650936 -16427.68366579396
 34586.35458560059 8516.452152792843 -27313.93000646131 1035.946016318162 -16824.14199857541
 34437.46413953289 7651.62171098212 -26568.42522921663 1104.619293018527 -16624.31331122501
 34437.46413953289 7651.62171098212 -26568.42522921663 1104.619293018527 -16624.31331122501
 34449.11947216377 7684.613125801574 -26592.95141702111 1094.052654891392 -16635.02016444187
 34449.11947216377 7684.613125801574 -26592.95141702111 1094.052654891392 -16635.02016444187
 34802.71931685839 7970.032469631208 -27031.23017163886 686.6487558650936 -16427.68366579396
 34586.35458560059 8516.452152792843 -27313.93000646131 1035.946016318162 -16824.14199857541
 34437.46413953289 7651.62171098212 -26568.42522921663 1104.619293018527 -16624.31331122501
 34429.49374121393 7649.048901235112 -26569.83504592867 1104.858753110109 -16614.50020961123
 34437.46413953289 7651.62171098212 -26568.42522921663 1104.619293018527 -16624.31331122501
 34754.26528493137 7999.047783577927 -27033.38171043513 671.708518827334 -16374.13591132788
 34437.46413953289 7651.62171098212 -26568.42522921663 1104.619293018527 -16624.31331122501
 34437.46413953289 7651.62171098212 -26568.42522921663 1104.619293018527 -16624.31331122501
 34437.46413953289 7651.62171098212 -26568.42522921663 1104.619293018527 -16624.31331122501
 34464.38644092528 7689.772865440968 -26546.09011712393 1099.489527028676 -16669.75788004718
 34393.65129742382 7652.298408519346 -26556.87348200586 1103.474317493463 -16616.96118750402
 34437.46413953289 7651.62171098212 -26568.42522921663 1104.619293018527 -16624.31331122501
 34437.46413953289 7651.62171098212 -26568.42522921663 1104.619293018527 -16624.31331122501
 34794.38339004369 7988.663704618643 -27026.85006573746 693.8366071604593 -16422.83387831404
 34481.69976954059 7559.881003868311 -26585.54950434046 1093.662583457528 -16723.69361717951
 34437.46413953289 7651.62171098212 -26568.42522921663 1104.619293018527 -16624.31331122501
