# Created by Octave 4.2.1, Mon Oct 09 17:48:31 2017 BRT <root@mosqueiro>
# name: pop
# type: matrix
# rows: 1000
# columns: 5
 -6656.268131236139 6353.222260248825 3061.895208913224 6774.301502112063 -9499.130554024872
 6364.127891700844 -240.8988692430539 -5508.290578057798 8766.757618954809 -9322.858562785259
 -2414.363282377113 -8218.254152526752 3604.000605923229 6664.97002484593 325.0701981889652
 -3130.498042393194 -7719.503642954325 -1851.061756266822 4522.213934612664 8123.091467376813
 8504.820708747433 -3266.299039780335 -4930.563767277422 1519.835391918037 -1844.611367073909
 -2943.227524960973 9393.285554988768 -8781.118458437786 3261.108783444901 -833.4997651293234
 -7977.910228585928 4092.014659899532 -2109.225191703531 427.134909296723 -9988.138318802639
 -4484.425270609574 -9342.01673651352 2016.461966322806 393.6100318922709 3956.640665255127
 -7759.447649982278 6681.47243030294 -5466.93759404875 -7774.723030539042 204.6733546572232
 -3233.078349109643 237.559149272538 1941.906822767176 -4022.303546082965 5690.183473044621
 4345.607043919828 -5326.311080921882 -5136.53775966259 6669.622667221098 3066.85189565713
 -9809.371392775056 -2068.590576115597 -1404.348724329249 -7009.081891612926 9744.590458918159
 1237.00365755951 -4062.925151534734 -5502.773454337936 8229.540325298687 7754.792613759957
 2159.39057869834 7577.366036095067 -8002.671494745025 3928.687895369878 -1526.384724773379
 -2943.227524960973 9393.285554988768 -8781.118458437786 3261.108783444901 -833.4997651293234
 3054.387795827688 -853.5643124653361 5821.436867209917 -7268.688441413235 2826.352457104767
 74.01704876853364 -788.3516872420496 -497.8841495681045 5355.935531714902 -5982.387233407526
 6183.110518249157 2667.792596257561 3795.353676568548 -4279.929513847211 -8800.572928477093
 6183.110518249157 2667.792596257561 3795.353676568548 -4279.929513847211 -8800.572928477093
 -2326.956123267939 -1784.45803853586 8525.33695324725 6272.128504461791 5183.011622129101
 -2943.227524960973 9393.285554988768 -8781.118458437786 3261.108783444901 -833.4997651293234
 6364.127891700844 -240.8988692430539 -5508.290578057798 8766.757618954809 -9322.858562785259
 -2297.075088881487 -4986.402954869627 3003.584455168926 2967.318623361063 5977.172985173935
 7132.323541741709 -4640.528778924298 5225.778605380967 9274.018275602753 -6613.422586970564
 -3477.240447318119 6300.967868649155 4698.016286514126 -7440.812094211312 3195.791106764043
 8672.316485180207 686.7658338097553 -5469.532211756382 8258.203056389641 -7520.430397842696
 -3002.869159261458 -835.2057817182213 -4451.454344859252 -1205.13883345973 9203.04924682443
 -8184.345793208608 -1357.328739143361 -7092.382982168374 -1258.402318568869 6840.234057335849
 -3130.498042393194 -7719.503642954325 -1851.061756266822 4522.213934612664 8123.091467376813
 -3021.975608833437 -3337.412080917307 8113.500250171117 1980.523084824701 1203.093170504999
 8336.754075515273 569.6504991789025 7579.282888773014 728.2069091693829 6921.435160605644
 6183.110518249157 2667.792596257561 3795.353676568548 -4279.929513847211 -8800.572928477093
 1960.798144002947 33.08711171883988 -1223.039166724398 -2350.645323351829 6510.738333379759
 -7053.382645892108 -5688.330040212713 -8136.14939897131 -5257.615901318772 7210.054537208314
 -500.0227215333216 199.0850033310107 -4626.545411629229 6118.806155990856 8978.862658191792
 -3541.82351032902 -863.5313826747861 -3070.431043914918 5647.742829633797 9623.3299447805
 -7312.845199753403 7440.595174130125 7036.78841538366 -1762.839687868067 -1803.268087549666
 -3130.498042393194 -7719.503642954325 -1851.061756266822 4522.213934612664 8123.091467376813
 6007.444764051326 6483.952753520545 3140.776862246867 -152.2446706959217 -5201.343922870932
 3386.909933725346 -2201.85844026901 -7732.120192641851 964.1244449835121 -1538.694022017025
 -9934.717384335672 8904.166845495023 -3581.141099417283 9232.819893951862 -9838.933445487983
 5614.702963097383 4449.512954843085 -5397.409262292986 -7665.982554150118 -4936.776629100871
 -2776.748748826823 -3942.712729429244 7485.463590908184 8338.062340659671 -8863.588954137151
 4792.850071365609 9773.607644401327 1775.169798249382 -4130.026327127102 -4876.586509230604
 -2414.363282377113 -8218.254152526752 3604.000605923229 6664.97002484593 325.0701981889652
 1566.58267220372 -968.4041710673555 1930.62301358018 -7256.275366540504 4630.538662552881
 6003.935298049793 -4491.578442112406 -5769.576554142554 3260.128699291656 1525.741921108705
 3081.499689948789 577.7778158287165 -7724.675898771466 -6238.702409452202 -4699.687484763183
 -9537.744714012699 -7608.125092554252 -5889.299152985919 -4478.748130090854 -5499.94417763704
 -4197.469851324603 -6035.750303371549 -7242.742760456798 3148.489938605035 -1014.840626234247
 8398.348920149368 -4521.467968139773 7074.011772812777 1018.026898463919 -4298.668369367514
 -7700.176127699935 3737.252701000976 -5198.203135857568 4344.730573853454 5377.532001616935
 5200.154191219293 6180.930609957533 8239.147080917399 -9002.820451120484 -1102.032821151595
 5200.154191219293 6180.930609957533 8239.147080917399 -9002.820451120484 -1102.032821151595
 3867.425392079929 7023.203868573302 4817.971842273428 -8627.716254849323 -2621.291177108484
 5453.116195115404 -7193.651370210167 6124.582400564286 9230.472597578137 -2937.50111394616
 -3102.907713025248 1192.091632203132 -4133.42952745505 -556.4136178125445 9102.930538125696
 -7279.359972413187 2800.380213523544 -8144.351758086643 4922.36142608292 8483.831087915984
 8672.316485180207 686.7658338097553 -5469.532211756382 8258.203056389641 -7520.430397842696
 -1696.951859078361 8019.168489372285 3299.228322081108 4412.80322341258 -6826.306944272097
 4658.696665490501 -1407.885966725345 -7366.688695278848 6292.243542708147 -2340.274052249169
 -4716.100807949598 -4753.159691892054 854.5030024282041 7752.171409803508 1081.709420166893
 -6500.413968336106 2129.489878258506 -6438.391251051953 4853.669319466297 6470.547583250554
 8336.754075515273 569.6504991789025 7579.282888773014 728.2069091693829 6921.435160605644
 -1042.89052671143 1936.315204872804 4174.432041189131 -7704.531367748585 3928.475959151252
 3295.183939169539 2262.590106689435 7348.955923814305 8253.234824177554 8016.711435680394
 -8295.561524522753 5887.469567563801 306.2575011484569 7658.432434493719 -1347.40183135539
 6051.67090794696 -6108.395510547618 -6099.026251987891 8542.233076680899 -5023.125251158248
 -4910.756149825338 6855.783554608312 -7429.145646288618 -7870.974435571676 1485.907932360735
 5789.691143347956 -1004.550725013536 2808.93765511323 -8623.316463473531 1410.98806497154
 7048.420665417416 7038.983414937906 7160.093131065096 1378.923598272931 -7365.373220676491
 2189.275698450754 7486.643707972991 -7553.725904363424 -7579.595443678952 5364.551351861375
 6696.769589331845 3292.390513256745 8063.010648256266 240.3018186869049 2485.836665564913
 -7839.816436237857 2530.401472313681 -4106.033974696207 -4165.948949675161 -8702.183527021178
 6839.756407168476 -1037.017894525199 5752.854351558921 7579.271876157713 4884.892802244005
 -6656.268131236139 6353.222260248825 3061.895208913224 6774.301502112063 -9499.130554024872
 -5198.117024138776 -8336.204322854672 -7233.455425557237 2101.0873869391 -3702.349542977511
 1668.424132298998 8408.869793416055 8660.984292478643 4897.639137825303 -1497.189844079248
 5120.486236736746 7309.486219549413 -7082.086082972115 -5462.64327033164 -610.9230887239501
 -6656.268131236139 6353.222260248825 3061.895208913224 6774.301502112063 -9499.130554024872
 1249.820817293223 -1102.303423311014 -4852.451092596953 2664.925389294316 1299.192583012336
 -4261.260057508184 7014.725189869474 1241.534649247684 -9909.911590762396 -5499.244032767284
 -1605.194932468448 -4486.662394878605 6197.448060972854 2049.47732691855 -9968.126523765037
 2348.346743979948 -9321.884805969396 -3507.112693630131 2853.970280813828 7314.754647293441
