# Created by Octave 4.2.1, Mon Oct 09 18:43:35 2017 BRT <root@mosqueiro>
# name: pop
# type: matrix
# rows: 1000
# columns: 5
 9496.920714901898 -4229.597863880119 -1272.252990961073 -6028.321746125229 2045.091040147088
 9496.920714901898 -4229.597863880119 -1272.252990961073 -6028.321746125229 2045.091040147088
 9496.920714901898 -4229.597863880119 -1272.252990961073 -6028.321746125229 2045.091040147088
 9496.920714901898 -4229.597863880119 -1272.252990961073 -6028.321746125229 2045.091040147088
 9496.920714901898 -4229.597863880119 -1272.252990961073 -6028.321746125229 2045.091040147088
 9038.161742797551 -7898.573771228968 1150.865555485592 -5448.37831385851 3174.518999990009
 9496.920714901898 -4229.597863880119 -1272.252990961073 -6028.321746125229 2045.091040147088
 16463.92032103479 -16698.32224621428 10665.83114375066 -10749.60383016607 5580.896428774697
 9496.920714901898 -4229.597863880119 -1272.252990961073 -6028.321746125229 2045.091040147088
 11571.34342273475 -8009.39343553719 2673.343448833978 -5805.277192089819 2316.649110988472
 10088.66274282922 -6694.290111696157 382.5308314941961 -6362.384814872632 2295.83780728748
 9038.161742797551 -7898.573771228968 1150.865555485592 -5448.37831385851 3174.518999990009
 5714.781972975422 -6239.0089922769 -829.8089711781445 -6264.947013473118 819.3928833122327
 9496.920714901898 -4229.597863880119 -1272.252990961073 -6028.321746125229 2045.091040147088
 9496.920714901898 -4229.597863880119 -1272.252990961073 -6028.321746125229 2045.091040147088
 11273.83849636938 -8802.775065648331 2005.173708050986 -3004.158169426603 2849.578689100232
 9038.161742797551 -7898.573771228968 1150.865555485592 -5448.37831385851 3174.518999990009
 11812.09081180952 -2447.898654878088 -1659.567264829261 -12264.86364808106 6119.430245568629
 8702.387523527883 -5563.726949897162 848.2321518933106 -5049.978136542736 2469.875031815475
 9038.161742797551 -7898.573771228968 1150.865555485592 -5448.37831385851 3174.518999990009
 9496.920714901898 -4229.597863880119 -1272.252990961073 -6028.321746125229 2045.091040147088
 9496.920714901898 -4229.597863880119 -1272.252990961073 -6028.321746125229 2045.091040147088
 9038.161742797551 -7898.573771228968 1150.865555485592 -5448.37831385851 3174.518999990009
 9496.920714901898 -4229.597863880119 -1272.252990961073 -6028.321746125229 2045.091040147088
 9311.647032871566 -8860.071975909463 -35.87375973042163 -6648.030932177884 3786.215542970113
 8090.921286958178 -4071.348481025901 -1052.432830689274 -8551.775734810679 1807.947573381006
 10741.91204176773 -6041.50699170293 -386.2604290741655 -7389.941065896047 2424.095563370734
 9038.161742797551 -7898.573771228968 1150.865555485592 -5448.37831385851 3174.518999990009
 11798.9781163701 -9636.487385096587 595.554162999327 -4167.754299559659 4814.243438127673
 9038.161742797551 -7898.573771228968 1150.865555485592 -5448.37831385851 3174.518999990009
 7850.816084513753 -6400.925915431206 -2636.64782949296 -5268.280019874381 3843.579672021791
 10107.68649994768 -3387.875135107059 534.4052722143551 -3658.774107400641 830.0407126738728
 9615.97704241865 -6363.297609708336 2918.70749137551 -5643.500598443381 2553.656662108119
 9038.161742797551 -7898.573771228968 1150.865555485592 -5448.37831385851 3174.518999990009
 9038.161742797551 -7898.573771228968 1150.865555485592 -5448.37831385851 3174.518999990009
 9496.920714901898 -4229.597863880119 -1272.252990961073 -6028.321746125229 2045.091040147088
 9654.946367406994 -7342.494772773475 4856.053692314395 -1883.212489803634 1075.166770029981
 7960.952938058954 -9998.168546411973 2231.45418658243 -7379.276191948858 3710.085161800655
 9038.161742797551 -7898.573771228968 1150.865555485592 -5448.37831385851 3174.518999990009
 9137.64722276933 -9245.454652032344 961.4944981792937 -3993.202126993502 2634.028760664201
 9496.920714901898 -4229.597863880119 -1272.252990961073 -6028.321746125229 2045.091040147088
 4136.806191442157 -8396.654212834637 -446.0687700254525 -7688.919385908784 -151.3804711422563
 9496.920714901898 -4229.597863880119 -1272.252990961073 -6028.321746125229 2045.091040147088
 9496.920714901898 -4229.597863880119 -1272.252990961073 -6028.321746125229 2045.091040147088
 9038.161742797551 -7898.573771228968 1150.865555485592 -5448.37831385851 3174.518999990009
 9038.161742797551 -7898.573771228968 1150.865555485592 -5448.37831385851 3174.518999990009
 10361.28697407655 -4237.470807263493 -799.3418651201019 -4662.248901205091 2298.662826459054
 9038.161742797551 -7898.573771228968 1150.865555485592 -5448.37831385851 3174.518999990009
 10508.21220757013 -33477.66781368572 -7033.526245639696 -19237.69508566238 6847.042989692814
 9496.920714901898 -4229.597863880119 -1272.252990961073 -6028.321746125229 2045.091040147088
 10879.95883106611 -7334.457021400051 -2320.464847155177 -6253.695900275488 4548.249533490877
 9038.161742797551 -7898.573771228968 1150.865555485592 -5448.37831385851 3174.518999990009
 9038.161742797551 -7898.573771228968 1150.865555485592 -5448.37831385851 3174.518999990009
 11536.3831442021 -7126.851435515826 1099.213802408951 -4184.400173698219 1103.038339894086
 13051.94457357044 -8036.41049524323 3725.179536522905 -3705.575541838009 7152.448206801124
 9038.161742797551 -7898.573771228968 1150.865555485592 -5448.37831385851 3174.518999990009
 9038.161742797551 -7898.573771228968 1150.865555485592 -5448.37831385851 3174.518999990009
 8123.194236907996 -2448.928179756113 -1198.75821322067 -4471.316277065998 2755.653371093037
 9496.920714901898 -4229.597863880119 -1272.252990961073 -6028.321746125229 2045.091040147088
 12590.46031764853 -14442.19657638276 1379.02604712218 1010.996932653941 9121.894916163801
 9496.920714901898 -4229.597863880119 -1272.252990961073 -6028.321746125229 2045.091040147088
 9038.161742797551 -7898.573771228968 1150.865555485592 -5448.37831385851 3174.518999990009
 9038.161742797551 -7898.573771228968 1150.865555485592 -5448.37831385851 3174.518999990009
 8257.294628336083 -8293.408218104092 1179.810393292877 -4341.178190456834 3077.180464680939
 4759.125978293681 -8958.989507504826 -1195.536028130017 -5125.100464707833 1345.457622944221
 9188.623311058038 -6907.880474899601 3810.508096457853 -3402.404327842597 1717.989902027635
 7463.557628857623 -8913.461764646729 2608.23226969816 -4969.068777550439 2608.528644182479
 9038.161742797551 -7898.573771228968 1150.865555485592 -5448.37831385851 3174.518999990009
 9261.90538745312 -5689.826413974681 -2679.255916544293 -13968.07319179583 16003.8180445464
 9496.920714901898 -4229.597863880119 -1272.252990961073 -6028.321746125229 2045.091040147088
 9496.920714901898 -4229.597863880119 -1272.252990961073 -6028.321746125229 2045.091040147088
 9496.920714901898 -4229.597863880119 -1272.252990961073 -6028.321746125229 2045.091040147088
 9038.161742797551 -7898.573771228968 1150.865555485592 -5448.37831385851 3174.518999990009
 9038.161742797551 -7898.573771228968 1150.865555485592 -5448.37831385851 3174.518999990009
 9496.920714901898 -4229.597863880119 -1272.252990961073 -6028.321746125229 2045.091040147088
 9038.161742797551 -7898.573771228968 1150.865555485592 -5448.37831385851 3174.518999990009
 14582.13570886348 -4457.206837126054 356.7477427495597 -3999.995139774525 457.8313328068562
 9496.920714901898 -4229.597863880119 -1272.252990961073 -6028.321746125229 2045.091040147088
 9496.920714901898 -4229.597863880119 -1272.252990961073 -6028.321746125229 2045.091040147088
 9496.920714901898 -4229.597863880119 -1272.252990961073 -6028.321746125229 2045.091040147088
 9496.920714901898 -4229.597863880119 -1272.252990961073 -6028.321746125229 2045.091040147088
 9038.161742797551 -7898.573771228968 1150.865555485592 -5448.37831385851 3174.518999990009
 9038.161742797551 -7898.573771228968 1150.865555485592 -5448.37831385851 3174.518999990009
 9038.161742797551 -7898.573771228968 1150.865555485592 -5448.37831385851 3174.518999990009
