# Created by Octave 4.2.1, Mon Oct 09 18:48:04 2017 BRT <root@mosqueiro>
# name: pop
# type: matrix
# rows: 1000
# columns: 5
 9081.105677516964 -7548.031871287813 1020.532916715105 -5827.00475077581 3272.730588741172
 9082.350469366582 -7494.353405413507 981.1450526227173 -5884.375288045928 3314.568151268998
 9082.350469366582 -7494.353405413507 981.1450526227173 -5884.375288045928 3314.568151268998
 9082.350469366582 -7494.353405413507 981.1450526227173 -5884.375288045928 3314.568151268998
 9082.350469366582 -7494.353405413507 981.1450526227173 -5884.375288045928 3314.568151268998
 8360.393961760157 -9013.952635112184 660.4166267514622 -5785.66151444677 -415.5315120632479
 9082.932673379817 -7497.59944411608 981.6356640594173 -5883.016925631989 3315.82440295423
 9082.350469366582 -7494.353405413507 981.1450526227173 -5884.375288045928 3314.568151268998
 9082.765933897987 -7498.378756661972 980.8182017248783 -5881.845737117307 3316.093229840315
 9081.926996880327 -7534.193125914137 1008.441673114951 -5823.708184043399 3266.869812548241
 9082.291803712089 -7498.760043196491 979.6522143330003 -5880.524036038169 3314.509897510392
 9082.765933897987 -7498.378756661972 980.8182017248783 -5881.845737117307 3316.093229840315
 10035.25054310659 -3534.951076380134 -1172.753563447459 -6354.865695934933 1027.326295033131
 9082.995763009832 -7499.201333309012 980.8992871768099 -5880.054890823013 3316.964244921077
 9082.765933897987 -7498.378756661972 980.8182017248783 -5881.845737117307 3316.093229840315
 9082.765933897987 -7498.378756661972 980.8182017248783 -5881.845737117307 3316.093229840315
 9083.223193147816 -7532.671503386143 1008.656157122342 -5822.701099667533 3267.538183465162
 9095.006974886361 -7494.512529380705 975.1631578398953 -5884.47379689974 3314.561326820513
 9082.765933897987 -7498.378756661972 980.8182017248783 -5881.845737117307 3316.093229840315
 9082.765933897987 -7498.378756661972 980.8182017248783 -5881.845737117307 3316.093229840315
 9075.608202444577 -7496.719111126255 982.3712355178435 -5880.24721320879 3318.244409368437
 9081.926996880327 -7534.193125914137 1008.441673114951 -5823.708184043399 3266.869812548241
 9082.765933897987 -7498.378756661972 980.8182017248783 -5881.845737117307 3316.093229840315
 9066.317917497639 -7524.012993177886 1002.520723414976 -5814.75518029377 3269.742969037219
 9082.765933897987 -7498.378756661972 980.8182017248783 -5881.845737117307 3316.093229840315
 10078.15216070211 -3495.968888171257 -1230.576182292912 -6368.118029139335 1020.018730773809
 9082.765933897987 -7498.378756661972 980.8182017248783 -5881.845737117307 3316.093229840315
 9082.765933897987 -7498.378756661972 980.8182017248783 -5881.845737117307 3316.093229840315
 9077.129484632014 -7496.326709718363 980.3256008295779 -5881.002379453059 3319.244234810536
 9081.926996880327 -7534.193125914137 1008.441673114951 -5823.708184043399 3266.869812548241
 9082.765933897987 -7498.378756661972 980.8182017248783 -5881.845737117307 3316.093229840315
 10040.93109275442 -3533.213365187973 -1168.716072378826 -6351.921706378889 1023.657885362782
 9082.765933897987 -7498.378756661972 980.8182017248783 -5881.845737117307 3316.093229840315
 9082.765933897987 -7498.378756661972 980.8182017248783 -5881.845737117307 3316.093229840315
 8836.573155268439 -7422.426214150851 826.7729281118152 -5669.630078228874 3373.674157302913
 9082.765933897987 -7498.378756661972 980.8182017248783 -5881.845737117307 3316.093229840315
 9076.38850936006 -7538.068005398149 1010.506486489939 -5819.122642229347 3270.641809113035
 9082.765933897987 -7498.378756661972 980.8182017248783 -5881.845737117307 3316.093229840315
 9075.340560951678 -7496.024792096396 984.5962532631376 -5879.472979750451 3315.412176728646
 9082.765933897987 -7498.378756661972 980.8182017248783 -5881.845737117307 3316.093229840315
 9082.765933897987 -7498.378756661972 980.8182017248783 -5881.845737117307 3316.093229840315
 9081.105677516964 -7548.031871287813 1020.532916715105 -5827.00475077581 3272.730588741172
 9081.155131037365 -7498.919388117129 980.8041753791513 -5883.709341510849 3317.830306404562
 9082.765933897987 -7498.378756661972 980.8182017248783 -5881.845737117307 3316.093229840315
 9081.926996880327 -7534.193125914137 1008.441673114951 -5823.708184043399 3266.869812548241
 9082.765933897987 -7498.378756661972 980.8182017248783 -5881.845737117307 3316.093229840315
 9082.765933897987 -7498.378756661972 980.8182017248783 -5881.845737117307 3316.093229840315
 9082.350469366582 -7494.353405413507 981.1450526227173 -5884.375288045928 3314.568151268998
 10035.25054310659 -3534.951076380134 -1172.753563447459 -6354.865695934933 1027.326295033131
 9081.252161855427 -7495.148052513581 971.7087724727298 -5876.972316825451 3322.083919121101
 9098.032818239144 -7492.491799617938 973.3108518880967 -5899.564165742267 3330.450654884284
 9081.926996880327 -7534.193125914137 1008.441673114951 -5823.708184043399 3266.869812548241
 9082.350469366582 -7494.353405413507 981.1450526227173 -5884.375288045928 3314.568151268998
 9082.765933897987 -7498.378756661972 980.8182017248783 -5881.845737117307 3316.093229840315
 10035.25054310659 -3534.951076380134 -1172.753563447459 -6354.865695934933 1027.326295033131
 9082.350469366582 -7494.353405413507 981.1450526227173 -5884.375288045928 3314.568151268998
 9082.765933897987 -7498.378756661972 980.8182017248783 -5881.845737117307 3316.093229840315
 9066.317917497639 -7524.012993177886 1002.520723414976 -5814.75518029377 3269.742969037219
 9083.210182996463 -7497.275320963144 982.3868659389505 -5881.805170436151 3316.812580721054
 9082.765933897987 -7498.378756661972 980.8182017248783 -5881.845737117307 3316.093229840315
 9081.661214188473 -7496.920705647466 977.1875866804978 -5882.345782613812 3306.383914171117
 9082.765933897987 -7498.378756661972 980.8182017248783 -5881.845737117307 3316.093229840315
 9079.425245602049 -7544.793438154979 1009.90613383034 -5815.241830079328 3271.899844131293
 9081.661214188473 -7496.920705647466 977.1875866804978 -5882.345782613812 3306.383914171117
 9082.350469366582 -7494.353405413507 981.1450526227173 -5884.375288045928 3314.568151268998
 9081.926996880327 -7534.193125914137 1008.441673114951 -5823.708184043399 3266.869812548241
 8875.680041228339 -7491.759334603484 898.182147558896 -5703.631824543965 3400.423751806138
 9075.608202444577 -7496.719111126255 982.3712355178435 -5880.24721320879 3318.244409368437
 9081.926996880327 -7534.193125914137 1008.441673114951 -5823.708184043399 3266.869812548241
 8878.490280653166 -7481.251636722786 901.8523351525404 -5700.708049618951 3403.428086171573
 9081.926996880327 -7534.193125914137 1008.441673114951 -5823.708184043399 3266.869812548241
 8877.858400110652 -7473.653798206083 902.8232463263214 -5708.805755776167 3392.821559048549
 9081.755128853392 -7495.69647369582 976.1595407956179 -5877.918006039567 3315.89155734687
 9082.765933897987 -7498.378756661972 980.8182017248783 -5881.845737117307 3316.093229840315
 8875.680041228339 -7491.759334603484 898.182147558896 -5703.631824543965 3400.423751806138
 9082.765933897987 -7498.378756661972 980.8182017248783 -5881.845737117307 3316.093229840315
 9077.395801830187 -7532.050230695952 1005.885118945556 -5830.161661600036 3266.298602933992
 9082.765933897987 -7498.378756661972 980.8182017248783 -5881.845737117307 3316.093229840315
 9082.765933897987 -7498.378756661972 980.8182017248783 -5881.845737117307 3316.093229840315
 9082.765933897987 -7498.378756661972 980.8182017248783 -5881.845737117307 3316.093229840315
 9076.38850936006 -7538.068005398149 1010.506486489939 -5819.122642229347 3270.641809113035
 9082.765933897987 -7498.378756661972 980.8182017248783 -5881.845737117307 3316.093229840315
 9082.915593457701 -7534.883111599659 1008.202675594255 -5825.424218052621 3266.496051422043
 9081.826905929976 -7495.533697558923 973.7737481486064 -5877.094469542196 3316.255136089564
