# Created by Octave 4.2.1, Mon Oct 09 18:03:59 2017 BRT <root@mosqueiro>
# name: pop
# type: matrix
# rows: 1000
# columns: 5
 -16584.4707887424 35870.12496522404 1096.822278985096 -11943.11897633219 -8440.379397741432
 -16584.4707887424 35870.12496522404 1096.822278985096 -11943.11897633219 -8440.379397741432
 -16584.4707887424 35870.12496522404 1096.822278985096 -11943.11897633219 -8440.379397741432
 -16584.4707887424 35870.12496522404 1096.822278985096 -11943.11897633219 -8440.379397741432
 -16584.4707887424 35870.12496522404 1096.822278985096 -11943.11897633219 -8440.379397741432
 -16584.47078760979 35870.12496425817 1096.822277000645 -11943.11897602668 -8440.37939641451
 -16584.47078760979 35870.12496425817 1096.822277000645 -11943.11897602668 -8440.37939641451
 -16584.4707887424 35870.12496522404 1096.822278985096 -11943.11897633219 -8440.379397741432
 -16584.46864405197 35870.12948425925 1096.815798763251 -11943.12101965785 -8440.377552347016
 -16584.47078868082 35870.12496527623 1096.822279060293 -11943.11897631296 -8440.379397799679
 -16584.4707887424 35870.12496522404 1096.822278985096 -11943.11897633219 -8440.379397741432
 -16584.4707887424 35870.12496522404 1096.822278985096 -11943.11897633219 -8440.379397741432
 -16584.47078760979 35870.12496425817 1096.822277000645 -11943.11897602668 -8440.37939641451
 -16584.4707887424 35870.12496522404 1096.822278985096 -11943.11897633219 -8440.379397741432
 -16584.28569549507 35870.13443821126 1096.785978307274 -11943.28801461389 -8440.368625847592
 -16584.47078760979 35870.12496425817 1096.822277000645 -11943.11897602668 -8440.37939641451
 -16584.4707887424 35870.12496522404 1096.822278985096 -11943.11897633219 -8440.379397741432
 -16584.46999782145 35870.12892419271 1096.815856290295 -11943.11974367526 -8440.376953947256
 -16584.4707887424 35870.12496522404 1096.822278985096 -11943.11897633219 -8440.379397741432
 -16584.28569570289 35870.13443136068 1096.785983233032 -11943.28800873487 -8440.368632765314
 -16584.47078760979 35870.12496425817 1096.822277000645 -11943.11897602668 -8440.37939641451
 -16584.28569575419 35870.13443907835 1096.785978097869 -11943.28801403702 -8440.368625963367
 -16584.4707887424 35870.12496522404 1096.822278985096 -11943.11897633219 -8440.379397741432
 -16584.4707887424 35870.12496522404 1096.822278985096 -11943.11897633219 -8440.379397741432
 -16584.47078731894 35870.12496433836 1096.822277115642 -11943.11897527416 -8440.379397179637
 -16584.28569544509 35870.13443847477 1096.785978460177 -11943.28801465431 -8440.36862543473
 -16584.4707887424 35870.12496522404 1096.822278985096 -11943.11897633219 -8440.379397741432
 -16584.47078759744 35870.12496427707 1096.822276835563 -11943.11897594904 -8440.379396382683
 -16584.4707887424 35870.12496522404 1096.822278985096 -11943.11897633219 -8440.379397741432
 -16584.27718704062 35870.11209560543 1096.787733769332 -11943.28534496407 -8440.359218374975
 -16584.28569549507 35870.13443821126 1096.785978307274 -11943.28801461389 -8440.368625847592
 -16584.28569593358 35870.13443802452 1096.785979205926 -11943.28801485569 -8440.368624941055
 -16584.27723667493 35870.11216133779 1096.787704622788 -11943.28539140303 -8440.359192762682
 -16584.47078768093 35870.12496422033 1096.822276993432 -11943.11897583836 -8440.379396411254
 -16584.47078760979 35870.12496425817 1096.822277000645 -11943.11897602668 -8440.37939641451
 -16584.47078760979 35870.12496425817 1096.822277000645 -11943.11897602668 -8440.37939641451
 -16584.28569442505 35870.13443787918 1096.785978671527 -11943.28801334546 -8440.368626792319
 -16584.4707887424 35870.12496522404 1096.822278985096 -11943.11897633219 -8440.379397741432
 -16584.47078873366 35870.12496532203 1096.82227903072 -11943.11897644058 -8440.37939768469
 -16584.28569575419 35870.13443907835 1096.785978097869 -11943.28801403702 -8440.368625963367
 -16584.4707887424 35870.12496522404 1096.822278985096 -11943.11897633219 -8440.379397741432
 -16584.47078797074 35870.12496385755 1096.822277579468 -11943.11897646126 -8440.379395680418
 -16584.47078797074 35870.12496385755 1096.822277579468 -11943.11897646126 -8440.379395680418
 -16584.28569508419 35870.13443783929 1096.785978669537 -11943.2880150583 -8440.3686261032
 -16584.47078788177 35870.12496491266 1096.822278511526 -11943.11897654268 -8440.379397413391
 -16584.27917780941 35870.11277389821 1096.78882886773 -11943.28479069566 -8440.359300759266
 -16584.4707887424 35870.12496522404 1096.822278985096 -11943.11897633219 -8440.379397741432
 -16584.47078760979 35870.12496425817 1096.822277000645 -11943.11897602668 -8440.37939641451
 -16584.47078760979 35870.12496425817 1096.822277000645 -11943.11897602668 -8440.37939641451
 -16584.4707887424 35870.12496522404 1096.822278985096 -11943.11897633219 -8440.379397741432
 -16584.47078760979 35870.12496425817 1096.822277000645 -11943.11897602668 -8440.37939641451
 -16584.28569569134 35870.13443908554 1096.78597818652 -11943.28801400679 -8440.368625956869
 -16584.47078760979 35870.12496425817 1096.822277000645 -11943.11897602668 -8440.37939641451
 -16584.27721634889 35870.11217617163 1096.78769348026 -11943.28538992411 -8440.359180907739
 -16584.4707887424 35870.12496522404 1096.822278985096 -11943.11897633219 -8440.379397741432
 -16584.47078054606 35870.12496123619 1096.822274787971 -11943.11897052672 -8440.379400479487
 -16584.28569575419 35870.13443907835 1096.785978097869 -11943.28801403702 -8440.368625963367
 -16584.47078760979 35870.12496425817 1096.822277000645 -11943.11897602668 -8440.37939641451
 -16584.47078760979 35870.12496425817 1096.822277000645 -11943.11897602668 -8440.37939641451
 -16584.4707887424 35870.12496522404 1096.822278985096 -11943.11897633219 -8440.379397741432
 -16584.46999822002 35870.12892381538 1096.815856188437 -11943.11974370335 -8440.376954135303
 -16584.4707887424 35870.12496522404 1096.822278985096 -11943.11897633219 -8440.379397741432
 -16584.47078760979 35870.12496425817 1096.822277000645 -11943.11897602668 -8440.37939641451
 -16584.47078760979 35870.12496425817 1096.822277000645 -11943.11897602668 -8440.37939641451
 -16584.28569552787 35870.13443809412 1096.785978323473 -11943.28801467249 -8440.368625785968
 -16584.4707887424 35870.12496522404 1096.822278985096 -11943.11897633219 -8440.379397741432
 -16584.47078760979 35870.12496425817 1096.822277000645 -11943.11897602668 -8440.37939641451
 -16584.47078760979 35870.12496425817 1096.822277000645 -11943.11897602668 -8440.37939641451
 -16584.47078760979 35870.12496425817 1096.822277000645 -11943.11897602668 -8440.37939641451
 -16584.47612280264 35870.10219209817 1096.873394750975 -11943.14938138866 -8440.371846709269
 -16584.47078760979 35870.12496425817 1096.822277000645 -11943.11897602668 -8440.37939641451
 -16584.4707887424 35870.12496522404 1096.822278985096 -11943.11897633219 -8440.379397741432
 -16584.47087346822 35870.12720853703 1096.816973517211 -11943.11920999763 -8440.375024840139
 -16584.28569575419 35870.13443907835 1096.785978097869 -11943.28801403702 -8440.368625963367
 -16584.28569544509 35870.13443847477 1096.785978460177 -11943.28801465431 -8440.36862543473
 -16584.28569574975 35870.13443901839 1096.785978119182 -11943.2880140579 -8440.368625918827
 -16584.27722469319 35870.11218068418 1096.787694026414 -11943.28539055818 -8440.359183347638
 -16584.47078760979 35870.12496425817 1096.822277000645 -11943.11897602668 -8440.37939641451
 -16584.47078760979 35870.12496425817 1096.822277000645 -11943.11897602668 -8440.37939641451
 -16584.47075845347 35870.12496096231 1096.822228200224 -11943.11892326573 -8440.379428125076
 -16584.47078797074 35870.12496385755 1096.822277579468 -11943.11897646126 -8440.379395680418
 -16584.28569574975 35870.13443901839 1096.785978119182 -11943.2880140579 -8440.368625918827
 -16584.46864405197 35870.12948425925 1096.815798763251 -11943.12101965785 -8440.377552347016
 -16584.4707887424 35870.12496522404 1096.822278985096 -11943.11897633219 -8440.379397741432
