# Created by Octave 4.2.1, Mon Oct 09 18:53:42 2017 BRT <root@mosqueiro>
# name: w1
# type: matrix
# rows: 50
# columns: 12
 -0.002639037033171601 -0.08699896218386717 -0.06124675506813474 0.07524680054254784 0.04751761087183498 0.06163570721421413 0.08851319129561855 0.04260480657822577 -0.09512174605350777 -0.01678575029555487 -0.03420171006691507 0.08567954101948319
 0.07503351313828208 0.09901575398834692 0.0219838345714809 -0.09465036155740197 -0.0667076506852682 0.08988289368834865 0.009796050543408527 0.04722777984221818 0.07194618871399755 0.03865782525976413 0.04829534147982345 -0.0808027519880723
 0.03433553143629028 -0.05919137425082771 0.0234506085725676 -0.08571425249674725 -0.02509624357340307 0.08065372865874884 0.06701713979202509 -0.03911590747867658 -0.006613609398783873 0.05343022811100304 -0.0638584112755568 0.03937273948531722
 -0.08887457074034116 0.09133655200484514 -0.04830497094987388 -0.0191061012931312 0.02557542819786704 -0.0002931070631378707 0.002963990273068665 -0.06200798071529436 0.06223223964174282 -0.009884683561535074 0.01320613856318309 -0.01239218752203838
 -0.01161655147349766 0.04204835148780545 0.04809369165654795 0.004891417403170645 0.008216316259513023 -0.07908390301960119 -0.05383716225011927 0.0641965831926275 0.004016422542370848 -0.09167053607555871 0.03536308448532721 0.05769218503962278
 -0.06796495647090767 -0.08385141875172501 0.0552516165716963 0.08236583504039857 -0.007469223358174182 0.06648328735095427 0.08200536367325237 -0.03479831590563306 0.03784217334017587 -0.08737778015684722 -0.07260896609172751 -0.04189572381588472
 -0.09419846432033564 0.08755740575274071 -0.004562366312215432 -0.005447192234118298 -0.08932332417906845 -0.07072160410482847 -0.0584399231529292 8.954753787593361e-06 0.0903640559508658 -0.08510750174958619 -0.03066244378773714 -0.06904888102739876
 0.08407352086427713 -0.03417588392605199 0.07644314677601818 0.02467873459912209 0.0766177219801871 0.05713564898898507 0.02739900846132792 0.03956618136227089 0.05369875001202248 -0.02287793214736286 0.04165420627747279 0.0164552580203805
 -0.09682388698771423 0.07038319281637287 -0.05480355635761344 0.03702204442808582 0.05252363908999691 -0.09305528458931289 0.04709906031461225 0.08058967841186088 -0.0453810363861367 0.0621883486999659 0.07227712608809136 0.004846148047011917
 0.05233008904129824 -0.02536326426489034 0.0306172023425629 -0.08246779680551121 0.06825119062023707 0.07192469440789742 0.01360355500534956 -0.05281354057488924 0.04255437881710405 0.05190786385642254 -0.06798393662700394 -0.08697621127079935
 -0.03518711088615928 0.09230899708437193 0.01820310667299055 -0.08998793426008697 0.05233670504150476 0.07546382418377226 0.09843391373599597 -0.01588582575246819 -0.03439273819996293 -0.05638514005550025 0.05577054761825026 -0.001760046830635631
 0.09412422737996745 0.01456186873583942 -0.02764587090917663 0.04583790195635801 0.05256015977449871 -0.07244405205324339 0.05704151158756257 -0.08468668498860762 0.08284970747657841 -0.01765224545630223 -0.06687277161661921 -0.07518796037094057
 -0.0784014891771944 -0.00319944932255288 -0.06816322169318145 0.006143972286599575 -0.03945017325680494 0.04848320161570668 0.02707026078364802 -0.0981374319033133 0.01979289394767698 0.04653988038243498 -0.08658396102419978 0.09974484409078013
 0.01014569307681268 -0.03083233566541797 -0.07022830371472721 0.09357686582719416 0.004645263433674857 0.02391416030547125 0.06018694410019207 0.03295311845931875 0.02164834347934734 0.03974662217991215 -0.09198821215670747 -0.02545595848007222
 -0.04003489035777272 0.05766984809757575 0.06164067220791114 0.04192083383720868 0.05014695513495379 0.02978807341800152 0.07529673049651467 -0.01149806911774445 -0.08955791263295147 -0.09290872606758357 -0.01504828067172456 -0.07836781128441574
 0.04686973192202615 -0.01992575385789769 0.03843305327646884 -0.09158603362726289 0.06003315557145641 -0.09519046870632132 0.08391360777703291 0.09718953367725425 0.03451467853188517 0.07155230040027444 0.0468812407349336 -0.03285333298805183
 -0.009866293918187136 0.08825131745324682 0.01911435488873958 -0.07635551185103863 -0.03260212348643125 -0.03720201158313134 0.05640570456134686 -0.06691976979839111 -0.0217742535856241 -0.05467884498804551 0.02198759942236432 -0.06357015933749467
 0.0772406159302523 -0.07679860723549038 0.08383429105190784 -0.009231037159744243 -0.0973855832677224 -0.05848403416868803 -0.0559234814598172 -0.0461042364019212 -0.0106135207323593 -0.06544864973851944 0.07973629847724475 -0.07789534148311307
 0.06236611219467489 -0.02460034167921002 0.08111632358271145 -0.06881900661786679 -0.03145476842109579 -0.02596487552830379 0.05886869407554343 0.06189037244606313 -0.08524551452830426 -0.08818655731516946 0.09108987849512937 -0.08980096868996623
 0.01027464977830975 0.08873647094221884 -0.07205350079920964 -0.03979451636555317 -0.05804253287316269 -0.004472758858071274 0.05017027308181066 -0.02810597733890534 0.0128794969727382 -0.09952379155141035 0.02586391437873262 -0.07148628595934423
 -0.0861254075481783 -0.0894889800285053 -0.02189061742012746 0.07896353575725554 -0.04683207523473355 -0.002922641912323526 -0.08643252768827198 -0.06958512640716398 -0.03845197919084595 -0.005912573603868682 -0.09085721610029489 -0.07057406322671433
 -0.0169001882376251 -0.06455877602362538 0.04550236816685019 0.0596868772047757 -0.00870665659796202 -0.001710453511181986 0.09934481428957267 -0.002855827875950345 0.01254835041463956 -0.07966498305314119 -0.03816467265119347 0.0276893055149966
 0.05707894920158799 0.07564961871032028 -0.02496274699652054 -0.05247549804532162 0.04245861107439922 -0.08811899645114446 -0.05253006696418249 -0.02145457715226989 0.04728817556691645 -0.02823506028977646 0.09093783194796295 -0.04992958033238294
 0.05788991102888236 -0.03712198337672944 -0.0605911196889103 -0.05231819033032973 0.005739719559123779 0.06975889512499556 0.0375136568782404 0.07477630633711468 0.04203545675952858 -0.009765250056742641 -0.03585520468542822 0.03039315902065293
 -0.0596376225847182 0.06951826780248913 0.06594799551118011 -0.0273307483421165 -0.06790800954004152 0.005329003337700283 -0.09713496199065608 -0.08388397489089043 0.01880687653867466 -0.05838886450655553 -0.09971470837589254 -0.006761364919602872
 0.02180468760415746 0.06910893512686964 -0.01380527560331936 -0.08670992809468267 -0.02269095313185723 -0.005926511889583735 0.05375878857052366 0.05045743278274584 0.01356746106273521 0.03323654350873623 -0.03814533365771215 0.0378199259119982
 -0.006996382355924563 0.04172748813557592 -0.05758030678988905 0.004106590470634219 0.03506879032851662 0.04421639843492078 -0.02285897476699608 0.04252834011899551 -0.09786237425450972 0.01498169454770019 0.0213648411895265 0.03853944755754793
 -0.07394314928088279 0.08848780549679652 -0.0525236618595092 -0.06359425332783211 0.05929710652103182 -0.08404157578864235 0.05025577189055627 0.0642303989345783 0.05140398238917743 0.05086632498503935 0.0380328291302941 0.02876571252629365
 -0.04264087500717399 -0.08171431730485129 -0.01147053327030706 0.05426522526834648 -0.003400743090786834 -0.01280504839810424 -0.04953892161660011 0.08179447961298755 0.09645897939964274 -0.0417591682040612 -0.08277926066882828 0.02753007036686439
 0.05645322322067353 -0.06687782476010096 0.04926373149649019 -0.03074372678377588 0.007530717662839331 -0.02847715617873331 -0.0627160553502028 0.05624545737737924 -0.02622271909505219 0.05555908102157892 -0.05673105934233744 0.03231583561071813
 -0.03956905492543582 -0.06602903045000622 -0.09832529705566669 -0.07818778548726577 -0.005595849549671725 -0.09294473522650644 -0.01064445829168664 0.04513829635288108 0.07444320108645372 0.02551569152835981 0.01872764925249937 0.003968142699580929
