# Created by Octave 4.2.1, Mon Oct 09 18:37:20 2017 BRT <root@mosqueiro>
# name: w2
# type: matrix
# rows: 1
# columns: 51
 2.511561176975665 1.844431886261187 2.552696425147872 2.391703691897128 -4.637993923211042 -13.05619802615477 7.05834589589372 3.7820271917779 11.46873544888926 1.644232534325297 -1.227325535476652 3.384525539000578 15.54173165828976 -3.836720488238733 1.393714715219069 9.724941013989223 -5.299492695684378 -14.07162935268053 -0.9924419135856795 19.24849452598824 -10.36198191991954 -14.48177575412761 2.460068314625332 -12.28948031585194 -2.854845693855108 0.7418832306893961 0.8589713942644295 -0.8343755894768492 -2.806276956254638 1.902316891034312 -4.196549451421618 -7.431334669671998 -3.482960770747866 7.32709513911975 10.61823775467208 4.060392414243541 -3.124530557166251 -1.58769796262888 1.831658281387803 5.003448148980885 1.834286058607375 -0.117430873459675 -0.534830171367588 -0.1453447732334894 -0.4593283178599421 -1.907821402565688 -1.949898901244858 4.171361552854929 -7.593342831512246 4.000717501811664 7.911885903479742


