# Created by Octave 4.2.1, Mon Oct 09 17:48:04 2017 BRT <root@mosqueiro>
# name: w2
# type: matrix
# rows: 1
# columns: 51
 -0.2082321872879894 -0.6538774271371053 0.2016187323938866 0.5405921569162977 0.1903465524945356 -0.05522847124503266 0.4815842178029489 -0.2046480913502396 -0.02143311101395046 0.05793788688116294 -0.2696257045386796 0.2409653635578054 -0.2329926498908135 -0.00281003753126919 0.5857049514577083 0.4496407201641007 -0.4000458402452712 0.1747887771793059 -0.3391362427484687 0.1483155164217764 -0.4412380415408997 0.07249678154720673 0.1573133290922051 0.1923740253289498 -0.07102973030409204 -0.4260734861899598 -0.2820526796310555 0.0290221677566779 0.4871960362559916 0.2777263500772045 0.2063300375064472 0.05217313290548301 0.07481256288412838 -0.02736893642630884 0.6058073080676095 -0.7780886767719679 0.001816378744803481 -0.2395209244662016 0.6394029950511959 0.02519562204982438 -0.0974174720463462 0.7620316456830381 -0.07967525812573138 0.323591072480292 0.004524804094276677 0.02764168353572877 0.4549030790951956 -0.01723250065923992 0.311106097123717 -0.4518367449191255 0.4019369967901031


