# Created by Octave 4.2.1, Mon Oct 09 19:41:09 2017 BRT <root@mosqueiro>
# name: bestScores
# type: matrix
# rows: 1
# columns: 30
 0.09293639571725189 0.09293639571725189 0.09293639571725189 0.09293639571725189 0.09293639571725189 0.09293639571725189 0.09293639571725189 0.09293639571725189 0.09293639571725189 0.09293639571725189 0.09293639571725189 0.09293639571725189 0.09293639571725189 0.09293639571725189 0.09158837674553547 0.09158837674553547 0.09158837674553547 0.08664822634143243 0.08664822634143243 0.08664822634143243 0.08302479745897849 0.08302479745897849 0.08302479745897849 0.08299928156255529 0.08296194404562739 0.08296194404562739 0.08296181528392245 0.08285908104935495 0.08285908104935495 0.08285908104935495


