# Created by Octave 4.2.1, Mon Oct 09 19:11:48 2017 BRT <root@mosqueiro>
# name: bestScores
# type: matrix
# rows: 1
# columns: 30
 0.09913375876211632 0.09913375876211632 0.09913375876211632 0.09913375876211632 0.09913375876211632 0.09913375876211632 0.09913375876211632 0.09807298211410488 0.09807298211410488 0.09807298211410488 0.09807298211410488 0.09807298211410488 0.09807298211410488 0.09807298211410488 0.09807298211410488 0.09562941297967806 0.09562941297967806 0.09562941297967806 0.09562941297967806 0.08460345788268059 0.08460345788268059 0.08460345788268059 0.08460345788268059 0.08460345788268059 0.08375410943798436 0.0837427370318948 0.08374265433552079 0.08374265433552079 0.08245571120788045 0.08245571120788045


