# Created by Octave 4.2.1, Mon Oct 09 19:51:01 2017 BRT <root@mosqueiro>
# name: meanScores
# type: matrix
# rows: 1
# columns: 30
 1.439652355653433 0.8379126242862771 0.5130727464543586 0.4463237721362007 0.8244246721083354 0.8050957110733059 0.4675117397748091 0.5337410846693458 0.5252945038930191 0.7559967629840123 0.6424865294091218 0.5428937817554617 0.5018302072493689 0.6296768778678625 0.6825138039265589 1.097904412388548 1.925928696668073 1.39705615380065 0.2366002334273474 0.1595239480139811 0.133320326763447 0.1074654529069654 0.09826277615959904 0.1221957987624549 0.1058171689593507 0.1071376905024662 0.1209379024599491 0.1071958756284626 0.09521910026148098 0.09244260473721627


