# Created by Octave 4.2.1, Mon Oct 09 19:41:09 2017 BRT <root@mosqueiro>
# name: meanScores
# type: matrix
# rows: 1
# columns: 30
 1.133574805027903 0.6400628453498137 0.6414797340473588 0.4109559805535086 0.3817529289669182 0.3861151909729349 0.3715517802548336 0.3899311376668661 0.4132704499614346 0.4379550764041902 0.435522621033541 0.4935355512628901 0.5294384462441365 0.5294177812215517 0.8374624163092822 0.6314685399759558 0.4928436681117363 0.2942663649433671 0.2351533501933445 0.2029325896499092 0.1732064759768843 0.1578365463645955 0.1946969352303216 0.2141098672408957 0.3874730491360981 0.1540265737548832 0.1019758731229252 0.09694778060718236 0.09043548158494806 0.08931792744489231


