# Created by Octave 4.2.1, Mon Oct 09 19:16:44 2017 BRT <root@mosqueiro>
# name: pop
# type: matrix
# rows: 1000
# columns: 4
 -7550.994568967475 9422.043339869355 8908.925889460448 -10742.73349019874
 -7550.994568967475 9422.043339869355 8908.925889460448 -10742.73349019874
 -7550.994568967475 9422.043339869355 8908.925889460448 -10742.73349019874
 -7550.994568967475 9422.043339869355 8908.925889460448 -10742.73349019874
 -7550.994568967475 9422.043339869355 8908.925889460448 -10742.73349019874
 -7550.994568967475 9422.043339869355 8908.925889460448 -10742.73349019874
 -515.0736355987337 -14567.2992057727 3423.115515315894 -827.4278568222171
 -7550.994568967475 9422.043339869355 8908.925889460448 -10742.73349019874
 7906.009590716959 -2129.482194320226 -2114.845266059339 -679.1006079350009
 -7550.994568967475 9422.043339869355 8908.925889460448 -10742.73349019874
 -7550.994568967475 9422.043339869355 8908.925889460448 -10742.73349019874
 -7550.994568967475 9422.043339869355 8908.925889460448 -10742.73349019874
 -7550.994568967475 9422.043339869355 8908.925889460448 -10742.73349019874
 -7550.994568967475 9422.043339869355 8908.925889460448 -10742.73349019874
 5756.838967563984 -10284.16473386435 -2944.256818583027 3983.069741349879
 -7550.994568967475 9422.043339869355 8908.925889460448 -10742.73349019874
 -7550.994568967475 9422.043339869355 8908.925889460448 -10742.73349019874
 -7550.994568967475 9422.043339869355 8908.925889460448 -10742.73349019874
 -7550.994568967475 9422.043339869355 8908.925889460448 -10742.73349019874
 -7550.994568967475 9422.043339869355 8908.925889460448 -10742.73349019874
 -7550.994568967475 9422.043339869355 8908.925889460448 -10742.73349019874
 2595.4776678796 -1433.033599278697 1422.464126794571 6167.799624642776
 -7550.994568967475 9422.043339869355 8908.925889460448 -10742.73349019874
 -7550.994568967475 9422.043339869355 8908.925889460448 -10742.73349019874
 -7550.994568967475 9422.043339869355 8908.925889460448 -10742.73349019874
 6578.308467050072 -7455.179293266177 -2641.327490118966 3562.587425725307
 10475.24903496802 -6947.065131540937 -1825.579607065486 4547.279952262181
 -7550.994568967475 9422.043339869355 8908.925889460448 -10742.73349019874
 -7550.994568967475 9422.043339869355 8908.925889460448 -10742.73349019874
 6578.308467050072 -7455.179293266177 -2641.327490118966 3562.587425725307
 9130.834582540851 -6064.965844182281 -9635.401023076563 6802.787191951145
 -2024.381798369923 10957.15942532355 12392.81378038609 -15663.43244303199
 6578.308467050072 -7455.179293266177 -2641.327490118966 3562.587425725307
 -4034.727339610809 6278.614925695449 12775.19671122229 -11245.79358367861
 -7550.994568967475 9422.043339869355 8908.925889460448 -10742.73349019874
 -4034.727339610809 6278.614925695449 12775.19671122229 -11245.79358367861
 -7550.994568967475 9422.043339869355 8908.925889460448 -10742.73349019874
 -7550.994568967475 9422.043339869355 8908.925889460448 -10742.73349019874
 -7550.994568967475 9422.043339869355 8908.925889460448 -10742.73349019874
 -10803.1890929663 10882.61047931945 8543.135616088721 -13207.49887901849
 12795.25218458082 -7159.298409302268 3833.52577117693 5104.51677972886
 -7550.994568967475 9422.043339869355 8908.925889460448 -10742.73349019874
 -7550.994568967475 9422.043339869355 8908.925889460448 -10742.73349019874
 -4381.216114647119 6161.428426318093 16458.40363190502 -10083.60718937698
 -7550.994568967475 9422.043339869355 8908.925889460448 -10742.73349019874
 -7550.994568967475 9422.043339869355 8908.925889460448 -10742.73349019874
 -7550.994568967475 9422.043339869355 8908.925889460448 -10742.73349019874
 -7550.994568967475 9422.043339869355 8908.925889460448 -10742.73349019874
 -7550.994568967475 9422.043339869355 8908.925889460448 -10742.73349019874
 -11557.94531713232 11878.96019631059 7449.133023460635 -8346.117142699281
 -7550.994568967475 9422.043339869355 8908.925889460448 -10742.73349019874
 -7550.994568967475 9422.043339869355 8908.925889460448 -10742.73349019874
 248.5781968965493 11592.25636083288 3384.741991977645 -5010.087748966748
 -10906.08524107555 15317.46766635551 740.7266211358092 -12581.26745104382
 -7550.994568967475 9422.043339869355 8908.925889460448 -10742.73349019874
 -7550.994568967475 9422.043339869355 8908.925889460448 -10742.73349019874
 -7550.994568967475 9422.043339869355 8908.925889460448 -10742.73349019874
 -15221.39650786794 17379.97527431101 11725.02512717976 -10823.52544333366
 -534.4614021576239 3590.332394477461 12253.67737643484 -11750.02381178952
 -7550.994568967475 9422.043339869355 8908.925889460448 -10742.73349019874
 -7550.994568967475 9422.043339869355 8908.925889460448 -10742.73349019874
 10815.88040879552 -5531.415867307974 4195.929712356346 -6006.297548534398
 -7550.994568967475 9422.043339869355 8908.925889460448 -10742.73349019874
 -3285.199359320489 12636.54253938101 6043.036618286406 -9089.447212318937
 15239.13086420313 -2326.522876411745 -17243.32624728639 -3623.010070547597
 -7550.994568967475 9422.043339869355 8908.925889460448 -10742.73349019874
 -7550.994568967475 9422.043339869355 8908.925889460448 -10742.73349019874
 7646.652530864534 -10090.15546511929 805.278020269091 4144.814414585671
 -6646.916377194779 11376.19142194296 14329.55676648066 -7594.139563625176
 -7550.994568967475 9422.043339869355 8908.925889460448 -10742.73349019874
 -7550.994568967475 9422.043339869355 8908.925889460448 -10742.73349019874
 -7550.994568967475 9422.043339869355 8908.925889460448 -10742.73349019874
 -6288.756217926979 10152.40125672154 12636.90125529946 -18971.87658535811
 -2442.182254804591 14509.56370155352 7947.374065358444 -11993.66949424839
 -7550.994568967475 9422.043339869355 8908.925889460448 -10742.73349019874
 6578.308467050072 -7455.179293266177 -2641.327490118966 3562.587425725307
 -7550.994568967475 9422.043339869355 8908.925889460448 -10742.73349019874
 -7550.994568967475 9422.043339869355 8908.925889460448 -10742.73349019874
 -8907.118458651137 8850.888545767955 13302.00067212058 -9479.031058912835
 -5654.061913767369 8163.125285262369 10589.22328141172 -11006.38876540563
 6578.308467050072 -7455.179293266177 -2641.327490118966 3562.587425725307
 -7550.994568967475 9422.043339869355 8908.925889460448 -10742.73349019874
 -7550.994568967475 9422.043339869355 8908.925889460448 -10742.73349019874
 -7550.994568967475 9422.043339869355 8908.925889460448 -10742.73349019874
 16023.3412567579 -820.7693277494086 -3593.465201881073 3595.128938805938
 -7550.994568967475 9422.043339869355 8908.925889460448 -10742.73349019874
 -6105.761915397862 7968.859892418128 9225.252817785442 -11539.17386492094
 -7550.994568967475 9422.043339869355 8908.925889460448 -10742.73349019874
 -7550.994568967475 9422.043339869355 8908.925889460448 -10742.73349019874
 -7550.994568967475 9422.043339869355 8908.925889460448 -10742.73349019874
 6578.308467050072 -7455.179293266177 -2641.327490118966 3562.587425725307
 -7333.54244772352 7216.873547562487 9697.307084659991 -9976.602362636138
 6578.308467050072 -7455.179293266177 -2641.327490118966 3562.587425725307
 8910.43883841595 -8432.309440490406 -4149.177007049924 5822.81631084347
 -7550.994568967475 9422.043339869355 8908.925889460448 -10742.73349019874
 -7550.994568967475 9422.043339869355 8908.925889460448 -10742.73349019874
 5581.217468830875 -5192.415650092287 6415.728518026925 -4272.986576377192
 11428.96971049978 541.3889427703689 -2655.123737518932 9157.655799820368
 -4847.31158169935 8431.965344932327 8817.875270120949 -9010.69369913138
 -7550.994568967475 9422.043339869355 8908.925889460448 -10742.73349019874
 -7550.994568967475 9422.043339869355 8908.925889460448 -10742.73349019874
 -1514.215081283852 14971.08914130891 13298.51361967715 -14035.3505285267
 -7550.994568967475 9422.043339869355 8908.925889460448 -10742.73349019874
 -7550.994568967475 9422.043339869355 8908.925889460448 -10742.73349019874
 3296.905515984778 -8144.82617179912 11162.1125541999 -4641.645756183558
