# Created by Octave 4.2.1, Mon Oct 09 19:18:01 2017 BRT <root@mosqueiro>
# name: pop
# type: matrix
# rows: 1000
# columns: 4
 -7991.742986580851 9533.076291205038 8633.950150833352 -10170.4998353404
 -7148.103312701941 9110.658303641747 9020.659766140016 -10968.80655961632
 -7148.103312701941 9110.658303641747 9020.659766140016 -10968.80655961632
 -7148.103312701941 9110.658303641747 9020.659766140016 -10968.80655961632
 -7148.103312701941 9110.658303641747 9020.659766140016 -10968.80655961632
 -7148.103312701941 9110.658303641747 9020.659766140016 -10968.80655961632
 -7550.994568967475 9422.043339869355 8908.925889460448 -10742.73349019874
 -7550.994568967475 9422.043339869355 8908.925889460448 -10742.73349019874
 -7550.994568967475 9422.043339869355 8908.925889460448 -10742.73349019874
 -7148.103312701941 9110.658303641747 9020.659766140016 -10968.80655961632
 -7550.994568967475 9422.043339869355 8908.925889460448 -10742.73349019874
 -8421.019129482293 10501.41336096712 8570.920293701953 -10633.86916672773
 -7707.973326987813 9355.249986153649 8937.752211999752 -10513.81880044018
 -7148.103312701941 9110.658303641747 9020.659766140016 -10968.80655961632
 -8421.019129482293 10501.41336096712 8570.920293701953 -10633.86916672773
 -6337.06014326361 10106.89845199756 8049.498365264255 -11756.23380994281
 -7302.998921460149 8536.711790564335 8684.569047239758 -10750.31857932356
 -7550.994568967475 9422.043339869355 8908.925889460448 -10742.73349019874
 -7564.114266539093 9657.699308329033 9320.421978240058 -11363.5769950248
 -5258.787910406974 11179.9492725035 9236.164932001733 -7435.828046139961
 -8421.019129482293 10501.41336096712 8570.920293701953 -10633.86916672773
 -7338.526141445407 9050.793610221086 9106.252091573508 -10721.92860144385
 -7550.994568967475 9422.043339869355 8908.925889460448 -10742.73349019874
 -7991.742986580851 9533.076291205038 8633.950150833352 -10170.4998353404
 -7550.994568967475 9422.043339869355 8908.925889460448 -10742.73349019874
 -7550.994568967475 9422.043339869355 8908.925889460448 -10742.73349019874
 -7550.994568967475 9422.043339869355 8908.925889460448 -10742.73349019874
 -7550.994568967475 9422.043339869355 8908.925889460448 -10742.73349019874
 -7550.994568967475 9422.043339869355 8908.925889460448 -10742.73349019874
 -7350.762566154745 9590.415418878172 9890.117879439826 -11478.88913821464
 -7148.103312701941 9110.658303641747 9020.659766140016 -10968.80655961632
 -7550.994568967475 9422.043339869355 8908.925889460448 -10742.73349019874
 -8421.019129482293 10501.41336096712 8570.920293701953 -10633.86916672773
 -7148.103312701941 9110.658303641747 9020.659766140016 -10968.80655961632
 -8421.019129482293 10501.41336096712 8570.920293701953 -10633.86916672773
 -7550.994568967475 9422.043339869355 8908.925889460448 -10742.73349019874
 -7503.828536061971 9150.479401078712 9040.045495838256 -10565.62304163065
 -7148.103312701941 9110.658303641747 9020.659766140016 -10968.80655961632
 -7148.103312701941 9110.658303641747 9020.659766140016 -10968.80655961632
 -7550.994568967475 9422.043339869355 8908.925889460448 -10742.73349019874
 -8421.019129482293 10501.41336096712 8570.920293701953 -10633.86916672773
 -7550.994568967475 9422.043339869355 8908.925889460448 -10742.73349019874
 -7148.103312701941 9110.658303641747 9020.659766140016 -10968.80655961632
 -7991.742986580851 9533.076291205038 8633.950150833352 -10170.4998353404
 -8476.856900597546 8432.332208408414 7431.194803856033 -13245.23511083221
 -7550.994568967475 9422.043339869355 8908.925889460448 -10742.73349019874
 -7148.103312701941 9110.658303641747 9020.659766140016 -10968.80655961632
 -7550.994568967475 9422.043339869355 8908.925889460448 -10742.73349019874
 -7550.994568967475 9422.043339869355 8908.925889460448 -10742.73349019874
 -7148.103312701941 9110.658303641747 9020.659766140016 -10968.80655961632
 -7550.994568967475 9422.043339869355 8908.925889460448 -10742.73349019874
 -8421.019129482293 10501.41336096712 8570.920293701953 -10633.86916672773
 -5129.230683633475 14814.36087783092 5664.430236812621 -14749.79214272066
 -8187.492195889274 9520.769630783163 9536.744206089585 -10575.91928441584
 -13004.47594193318 3166.140070254327 15146.41708444301 -3873.778372554023
 -7550.994568967475 9422.043339869355 8908.925889460448 -10742.73349019874
 -7550.994568967475 9422.043339869355 8908.925889460448 -10742.73349019874
 -7550.994568967475 9422.043339869355 8908.925889460448 -10742.73349019874
 -7476.900249292754 9384.35531532351 9113.394186988346 -10477.21784218429
 -7550.994568967475 9422.043339869355 8908.925889460448 -10742.73349019874
 -7550.994568967475 9422.043339869355 8908.925889460448 -10742.73349019874
 -7550.994568967475 9422.043339869355 8908.925889460448 -10742.73349019874
 -7875.403110676398 9489.025502721317 8826.879186069797 -10577.27907190419
 -7550.994568967475 9422.043339869355 8908.925889460448 -10742.73349019874
 -7550.994568967475 9422.043339869355 8908.925889460448 -10742.73349019874
 -7148.103312701941 9110.658303641747 9020.659766140016 -10968.80655961632
 -7148.103312701941 9110.658303641747 9020.659766140016 -10968.80655961632
 -7096.597108380846 11670.64080059499 7686.256923147677 -10107.02620953251
 -7550.994568967475 9422.043339869355 8908.925889460448 -10742.73349019874
 -7550.994568967475 9422.043339869355 8908.925889460448 -10742.73349019874
 -7173.381239879152 9241.591612334867 9139.473912985632 -10554.11305465707
 -7550.994568967475 9422.043339869355 8908.925889460448 -10742.73349019874
 -7440.866505338538 9480.43725120833 8912.619292559146 -10725.91325656558
 -7550.994568967475 9422.043339869355 8908.925889460448 -10742.73349019874
 -7550.994568967475 9422.043339869355 8908.925889460448 -10742.73349019874
 -7148.103312701941 9110.658303641747 9020.659766140016 -10968.80655961632
 -6739.637328783851 9886.293698500092 9349.668864254516 -11414.64623449698
 -7148.103312701941 9110.658303641747 9020.659766140016 -10968.80655961632
 -7148.103312701941 9110.658303641747 9020.659766140016 -10968.80655961632
 -7550.994568967475 9422.043339869355 8908.925889460448 -10742.73349019874
 -7550.994568967475 9422.043339869355 8908.925889460448 -10742.73349019874
 -7550.994568967475 9422.043339869355 8908.925889460448 -10742.73349019874
 -7550.994568967475 9422.043339869355 8908.925889460448 -10742.73349019874
 -8518.954859474276 8587.159321186582 7343.786810830426 -12943.65848782568
 -7550.994568967475 9422.043339869355 8908.925889460448 -10742.73349019874
 -7757.575057202914 9495.486519090065 9049.567921832961 -10870.91047800241
 -7550.994568967475 9422.043339869355 8908.925889460448 -10742.73349019874
 -7148.103312701941 9110.658303641747 9020.659766140016 -10968.80655961632
 -7550.994568967475 9422.043339869355 8908.925889460448 -10742.73349019874
 -7148.103312701941 9110.658303641747 9020.659766140016 -10968.80655961632
 8846.255049172059 -2204.941106510572 -10761.57972697977 4512.221119036801
 -7328.358883125178 9573.0212683025 8936.585032536121 -11124.51127887148
 -7564.114266539093 9657.699308329033 9320.421978240058 -11363.5769950248
 -7148.103312701941 9110.658303641747 9020.659766140016 -10968.80655961632
 -7550.994568967475 9422.043339869355 8908.925889460448 -10742.73349019874
 -7356.441514518525 9198.160586732574 8556.699578671753 -10489.73653480638
 -6834.988667691647 9280.092013611449 9092.308150494717 -9985.973286328988
 -8421.019129482293 10501.41336096712 8570.920293701953 -10633.86916672773
 -7550.994568967475 9422.043339869355 8908.925889460448 -10742.73349019874
 -7550.994568967475 9422.043339869355 8908.925889460448 -10742.73349019874
 -7148.103312701941 9110.658303641747 9020.659766140016 -10968.80655961632
 -7558.944964347328 9638.927912050522 9021.184152389596 -10828.38338979132
 -7148.103312701941 9110.658303641747 9020.659766140016 -10968.80655961632
 -7148.103312701941 9110.658303641747 9020.659766140016 -10968.80655961632
 -7550.994568967475 9422.043339869355 8908.925889460448 -10742.73349019874
