# Created by Octave 4.2.1, Mon Oct 09 19:29:41 2017 BRT <root@mosqueiro>
# name: pop
# type: matrix
# rows: 1000
# columns: 4
 7635.879425484354 9246.488771113474 -9728.420221775132 -7154.739388587779
 7635.879425484354 9246.488771113474 -9728.420221775132 -7154.739388587779
 7635.879425484354 9246.488771113474 -9728.420221775132 -7154.739388587779
 7635.879425484354 9246.488771113474 -9728.420221775132 -7154.739388587779
 7635.879425484354 9246.488771113474 -9728.420221775132 -7154.739388587779
 8950.706807945813 9585.880292391608 -9518.242169143075 -8819.368825636984
 8812.641858770359 9699.292106296221 -9763.521528379459 -8748.360427225507
 8812.641858770359 9699.292106296221 -9763.521528379459 -8748.360427225507
 8816.19990571794 9711.014861572821 -9753.81764537735 -8772.860665054008
 7635.879425484354 9246.488771113474 -9728.420221775132 -7154.739388587779
 8794.772402762677 9739.683888502308 -9753.661867353991 -8772.952958175902
 8816.19990571794 9711.014861572821 -9753.81764537735 -8772.860665054008
 8816.19990571794 9711.014861572821 -9753.81764537735 -8772.860665054008
 8816.19990571794 9711.014861572821 -9753.81764537735 -8772.860665054008
 8816.19990571794 9711.014861572821 -9753.81764537735 -8772.860665054008
 8831.820033376818 9616.547692538084 -9744.500484198375 -8754.775119317572
 8816.19990571794 9711.014861572821 -9753.81764537735 -8772.860665054008
 8816.19990571794 9711.014861572821 -9753.81764537735 -8772.860665054008
 8907.870374906322 9495.41108719526 -10070.31502942992 -8246.055342049327
 7635.879425484354 9246.488771113474 -9728.420221775132 -7154.739388587779
 8572.157625211619 9958.377950746371 -9805.885349002045 -8725.220441791353
 8861.20901866299 9626.856359531286 -9656.311017409798 -8827.583814816191
 8816.19990571794 9711.014861572821 -9753.81764537735 -8772.860665054008
 8816.19990571794 9711.014861572821 -9753.81764537735 -8772.860665054008
 8812.641858770359 9699.292106296221 -9763.521528379459 -8748.360427225507
 8816.19990571794 9711.014861572821 -9753.81764537735 -8772.860665054008
 7635.879425484354 9246.488771113474 -9728.420221775132 -7154.739388587779
 7641.960518461544 9251.609719979393 -9729.935937397846 -7150.48304717984
 8816.19990571794 9711.014861572821 -9753.81764537735 -8772.860665054008
 8862.588063341231 9598.886759058485 -9667.915608085679 -8790.683781398049
 7635.879425484354 9246.488771113474 -9728.420221775132 -7154.739388587779
 8816.19990571794 9711.014861572821 -9753.81764537735 -8772.860665054008
 8816.19990571794 9711.014861572821 -9753.81764537735 -8772.860665054008
 8572.157625211619 9958.377950746371 -9805.885349002045 -8725.220441791353
 8851.286096534606 9575.844311495643 -9646.009621484431 -8781.636648816111
 7635.879425484354 9246.488771113474 -9728.420221775132 -7154.739388587779
 8817.558198422361 9710.234304290687 -9763.722616986324 -8764.24427218197
 8859.722995447715 9610.665130783051 -9668.173892285931 -8789.072782198587
 8825.924269464495 9706.191325871434 -9770.144960308462 -8763.035036830812
 8816.19990571794 9711.014861572821 -9753.81764537735 -8772.860665054008
 8812.098541568914 9713.244566630783 -9756.407305380564 -8769.398985650472
 8816.19990571794 9711.014861572821 -9753.81764537735 -8772.860665054008
 8816.19990571794 9711.014861572821 -9753.81764537735 -8772.860665054008
 8816.19990571794 9711.014861572821 -9753.81764537735 -8772.860665054008
 8828.672150595243 9705.138524190299 -9754.78968989534 -8779.74084582355
 8576.427360399484 9965.713043744641 -9804.342339101309 -8721.235760875843
 7635.879425484354 9246.488771113474 -9728.420221775132 -7154.739388587779
 8816.19990571794 9711.014861572821 -9753.81764537735 -8772.860665054008
 8817.739119680766 9702.253539519397 -9756.456742992004 -8763.046504458114
 8816.19990571794 9711.014861572821 -9753.81764537735 -8772.860665054008
 8817.739119680766 9702.253539519397 -9756.456742992004 -8763.046504458114
 8816.19990571794 9711.014861572821 -9753.81764537735 -8772.860665054008
 8812.641858770359 9699.292106296221 -9763.521528379459 -8748.360427225507
 8803.261320119636 9633.929791838485 -9883.323206598743 -8536.678310684259
 8828.672150595243 9705.138524190299 -9754.78968989534 -8779.74084582355
 8859.722995447715 9610.665130783051 -9668.173892285931 -8789.072782198587
 8888.498492843861 9597.02237851366 -9692.534466329525 -8777.952597564272
 7635.879425484354 9246.488771113474 -9728.420221775132 -7154.739388587779
 8859.722995447715 9610.665130783051 -9668.173892285931 -8789.072782198587
 8824.396258737645 9699.792077125374 -9754.452246918887 -8765.110358507507
 8813.945807193335 9711.851002516318 -9756.506204290279 -8776.827247196152
 8816.19990571794 9711.014861572821 -9753.81764537735 -8772.860665054008
 8816.19990571794 9711.014861572821 -9753.81764537735 -8772.860665054008
 7635.879425484354 9246.488771113474 -9728.420221775132 -7154.739388587779
 8817.688793102741 9697.955815637137 -9762.420577383742 -8751.064060175337
 8816.19990571794 9711.014861572821 -9753.81764537735 -8772.860665054008
 7640.488290932592 9248.378770208921 -9726.122130328684 -7152.673261618307
 9562.976500713237 9643.602346943786 -10644.15316009944 -8559.605582039963
 7635.879425484354 9246.488771113474 -9728.420221775132 -7154.739388587779
 7640.488290932592 9248.378770208921 -9726.122130328684 -7152.673261618307
 8572.157625211619 9958.377950746371 -9805.885349002045 -8725.220441791353
 8812.641858770359 9699.292106296221 -9763.521528379459 -8748.360427225507
 7635.879425484354 9246.488771113474 -9728.420221775132 -7154.739388587779
 8816.19990571794 9711.014861572821 -9753.81764537735 -8772.860665054008
 8859.722995447715 9610.665130783051 -9668.173892285931 -8789.072782198587
 8816.19990571794 9711.014861572821 -9753.81764537735 -8772.860665054008
 7635.879425484354 9246.488771113474 -9728.420221775132 -7154.739388587779
 8816.19990571794 9711.014861572821 -9753.81764537735 -8772.860665054008
 8924.780817190072 9572.292685234976 -9729.129959213058 -8758.997795713687
 7640.488290932592 9248.378770208921 -9726.122130328684 -7152.673261618307
 7635.879425484354 9246.488771113474 -9728.420221775132 -7154.739388587779
 7648.94054965555 9245.269161120474 -9725.934191868102 -7148.593349744787
 8853.453013576709 9575.795984887327 -9643.905821468057 -8780.073837590415
 8866.854403800153 9635.573161924609 -9592.805127234566 -8802.181571205962
 8816.19990571794 9711.014861572821 -9753.81764537735 -8772.860665054008
 8572.157625211619 9958.377950746371 -9805.885349002045 -8725.220441791353
 8857.316764793424 9615.527536171607 -9672.944703059236 -8789.123654847355
 8816.19990571794 9711.014861572821 -9753.81764537735 -8772.860665054008
 8812.641858770359 9699.292106296221 -9763.521528379459 -8748.360427225507
 8812.641858770359 9699.292106296221 -9763.521528379459 -8748.360427225507
 8816.19990571794 9711.014861572821 -9753.81764537735 -8772.860665054008
 8816.19990571794 9711.014861572821 -9753.81764537735 -8772.860665054008
 9233.529819055468 9242.010474486389 -10133.16029111492 -8804.874625342714
 8816.19990571794 9711.014861572821 -9753.81764537735 -8772.860665054008
 8819.79375388868 9644.363756047842 -9458.940630098015 -9003.656987312273
 7644.92794755059 9253.235356564437 -9730.506662484007 -7156.12185862504
 8572.157625211619 9958.377950746371 -9805.885349002045 -8725.220441791353
 8816.19990571794 9711.014861572821 -9753.81764537735 -8772.860665054008
 8812.641858770359 9699.292106296221 -9763.521528379459 -8748.360427225507
 8816.19990571794 9711.014861572821 -9753.81764537735 -8772.860665054008
 8817.558198422361 9710.234304290687 -9763.722616986324 -8764.24427218197
 8863.011944362079 9619.518382542923 -9660.198134271894 -8784.315095995502
 8816.19990571794 9711.014861572821 -9753.81764537735 -8772.860665054008
 8816.19990571794 9711.014861572821 -9753.81764537735 -8772.860665054008
 8816.19990571794 9711.014861572821 -9753.81764537735 -8772.860665054008
 8816.19990571794 9711.014861572821 -9753.81764537735 -8772.860665054008
