# Created by Octave 4.2.1, Mon Oct 09 19:27:46 2017 BRT <root@mosqueiro>
# name: pop
# type: matrix
# rows: 1000
# columns: 4
 8816.19990571794 9711.014861572821 -9753.81764537735 -8772.860665054008
 7640.488290932592 9248.378770208921 -9726.122130328684 -7152.673261618307
 7640.488290932592 9248.378770208921 -9726.122130328684 -7152.673261618307
 7640.488290932592 9248.378770208921 -9726.122130328684 -7152.673261618307
 7640.488290932592 9248.378770208921 -9726.122130328684 -7152.673261618307
 9943.053252732745 8099.867200157776 -8676.962248983897 -8007.635258182818
 8859.722995447715 9610.665130783051 -9668.173892285931 -8789.072782198587
 8859.722995447715 9610.665130783051 -9668.173892285931 -8789.072782198587
 8859.722995447715 9610.665130783051 -9668.173892285931 -8789.072782198587
 8859.722995447715 9610.665130783051 -9668.173892285931 -8789.072782198587
 8859.722995447715 9610.665130783051 -9668.173892285931 -8789.072782198587
 8859.722995447715 9610.665130783051 -9668.173892285931 -8789.072782198587
 7640.488290932592 9248.378770208921 -9726.122130328684 -7152.673261618307
 8859.722995447715 9610.665130783051 -9668.173892285931 -8789.072782198587
 8859.722995447715 9610.665130783051 -9668.173892285931 -8789.072782198587
 8700.329410858736 9723.847019644485 -9746.687223268049 -8253.272308749922
 8816.19990571794 9711.014861572821 -9753.81764537735 -8772.860665054008
 8859.722995447715 9610.665130783051 -9668.173892285931 -8789.072782198587
 8859.722995447715 9610.665130783051 -9668.173892285931 -8789.072782198587
 7907.130620115392 21108.5907747666 -5742.445755859497 -3408.843189084681
 8859.722995447715 9610.665130783051 -9668.173892285931 -8789.072782198587
 10132.95396233654 9556.066509665248 -9612.038958106574 -8899.6651259296
 9594.701827578981 9767.300797200556 -10452.43944974297 -8763.043436637443
 8859.722995447715 9610.665130783051 -9668.173892285931 -8789.072782198587
 8859.722995447715 9610.665130783051 -9668.173892285931 -8789.072782198587
 8859.722995447715 9610.665130783051 -9668.173892285931 -8789.072782198587
 8859.722995447715 9610.665130783051 -9668.173892285931 -8789.072782198587
 9092.619811885997 6408.885076457876 -7182.055833231218 -9948.134468150956
 8859.722995447715 9610.665130783051 -9668.173892285931 -8789.072782198587
 8859.722995447715 9610.665130783051 -9668.173892285931 -8789.072782198587
 9262.676567819006 9425.695726825599 -9830.337158836719 -8718.777709435144
 7640.488290932592 9248.378770208921 -9726.122130328684 -7152.673261618307
 8859.722995447715 9610.665130783051 -9668.173892285931 -8789.072782198587
 8859.722995447715 9610.665130783051 -9668.173892285931 -8789.072782198587
 8859.722995447715 9610.665130783051 -9668.173892285931 -8789.072782198587
 8859.878447654701 9960.07516425904 -9283.291527645326 -8681.613403816298
 8859.722995447715 9610.665130783051 -9668.173892285931 -8789.072782198587
 8859.722995447715 9610.665130783051 -9668.173892285931 -8789.072782198587
 8968.55563065272 10842.19318708429 -10582.23661022395 -9298.160882675496
 8859.722995447715 9610.665130783051 -9668.173892285931 -8789.072782198587
 9284.956044682356 10077.37736872711 -9091.732056078172 -10340.41504242071
 8859.722995447715 9610.665130783051 -9668.173892285931 -8789.072782198587
 8859.722995447715 9610.665130783051 -9668.173892285931 -8789.072782198587
 8859.722995447715 9610.665130783051 -9668.173892285931 -8789.072782198587
 8859.722995447715 9610.665130783051 -9668.173892285931 -8789.072782198587
 9199.739064709445 9267.255590438923 -9732.285942745551 -8543.44167019992
 8816.19990571794 9711.014861572821 -9753.81764537735 -8772.860665054008
 8859.722995447715 9610.665130783051 -9668.173892285931 -8789.072782198587
 8859.722995447715 9610.665130783051 -9668.173892285931 -8789.072782198587
 9594.701827578981 9767.300797200556 -10452.43944974297 -8763.043436637443
 8859.722995447715 9610.665130783051 -9668.173892285931 -8789.072782198587
 -5411.001826405629 -2425.812030730642 3524.778344016495 4282.78926340209
 7640.488290932592 9248.378770208921 -9726.122130328684 -7152.673261618307
 10517.8598203736 13697.77322279163 -10605.52898675465 -12989.24661955117
 8859.722995447715 9610.665130783051 -9668.173892285931 -8789.072782198587
 8859.722995447715 9610.665130783051 -9668.173892285931 -8789.072782198587
 8859.917235693822 9756.219446173149 -9906.310212730898 -8865.144075503749
 7640.488290932592 9248.378770208921 -9726.122130328684 -7152.673261618307
 8859.722995447715 9610.665130783051 -9668.173892285931 -8789.072782198587
 8859.722995447715 9610.665130783051 -9668.173892285931 -8789.072782198587
 8341.186888825398 8126.629567694111 -9403.428948602987 -9837.038780703439
 8859.722995447715 9610.665130783051 -9668.173892285931 -8789.072782198587
 8859.722995447715 9610.665130783051 -9668.173892285931 -8789.072782198587
 8859.722995447715 9610.665130783051 -9668.173892285931 -8789.072782198587
 8004.098474061854 9560.94773345915 -9856.734164134583 -8846.208424671746
 9396.334698249486 9298.209172488792 -10266.90504069325 -9252.097328654272
 8859.722995447715 9610.665130783051 -9668.173892285931 -8789.072782198587
 8859.722995447715 9610.665130783051 -9668.173892285931 -8789.072782198587
 13209.12290909588 10945.6573502548 -11354.94966894906 -7674.636855032611
 11810.35199935318 15722.03342205332 -15416.55075104927 -10981.20775836413
 8859.722995447715 9610.665130783051 -9668.173892285931 -8789.072782198587
 7640.488290932592 9248.378770208921 -9726.122130328684 -7152.673261618307
 8859.722995447715 9610.665130783051 -9668.173892285931 -8789.072782198587
 8859.722995447715 9610.665130783051 -9668.173892285931 -8789.072782198587
 8859.722995447715 9610.665130783051 -9668.173892285931 -8789.072782198587
 8853.133860309243 9450.321168600389 -9324.429585132153 -8805.227093649351
 10347.2161504885 3093.520674577434 -16902.25820487012 -1375.304255863693
 8843.382685396009 9740.005143871607 -9102.335370461811 -8807.460491184329
 8859.722995447715 9610.665130783051 -9668.173892285931 -8789.072782198587
 -9800.72910058442 7576.571510718836 -2611.033612041703 5127.094950636249
 8894.672363939921 9710.423069855622 -9582.688673821089 -8593.566203568029
 8859.722995447715 9610.665130783051 -9668.173892285931 -8789.072782198587
 9257.613839309788 9018.179939622651 -10907.51785818175 -8089.216139091091
 7640.488290932592 9248.378770208921 -9726.122130328684 -7152.673261618307
 8859.722995447715 9610.665130783051 -9668.173892285931 -8789.072782198587
 9306.537012289478 9504.357658054641 -9710.10669858284 -9123.724510664084
 8859.722995447715 9610.665130783051 -9668.173892285931 -8789.072782198587
 7640.488290932592 9248.378770208921 -9726.122130328684 -7152.673261618307
 14767.60197886926 25968.29617206291 -4504.984379813533 -1461.155373595524
 8859.722995447715 9610.665130783051 -9668.173892285931 -8789.072782198587
 8859.722995447715 9610.665130783051 -9668.173892285931 -8789.072782198587
 8968.55563065272 10842.19318708429 -10582.23661022395 -9298.160882675496
 22099.88446079813 -10327.4100037012 9890.8779776099 12833.37252895916
 8537.391831322933 9549.892026464644 -9652.212619349437 -8501.418254677335
 8859.722995447715 9610.665130783051 -9668.173892285931 -8789.072782198587
 8859.722995447715 9610.665130783051 -9668.173892285931 -8789.072782198587
 7640.488290932592 9248.378770208921 -9726.122130328684 -7152.673261618307
 8859.722995447715 9610.665130783051 -9668.173892285931 -8789.072782198587
 8992.707497555351 9472.916374901528 -9633.339296681363 -9034.157059327543
 8825.563507473931 8475.847206883489 -7853.464631485994 -9536.792232233296
 8859.722995447715 9610.665130783051 -9668.173892285931 -8789.072782198587
 7640.488290932592 9248.378770208921 -9726.122130328684 -7152.673261618307
 9199.739064709445 9267.255590438923 -9732.285942745551 -8543.44167019992
 8859.722995447715 9610.665130783051 -9668.173892285931 -8789.072782198587
 7640.488290932592 9248.378770208921 -9726.122130328684 -7152.673261618307
