# Created by Octave 4.2.1, Mon Oct 09 19:11:28 2017 BRT <root@mosqueiro>
# name: pop
# type: matrix
# rows: 1000
# columns: 4
 -10022.28276671218 14099.34043190752 12462.60399578985 -16540.69133983052
 -10022.28276671218 14099.34043190752 12462.60399578985 -16540.69133983052
 -10022.28276671218 14099.34043190752 12462.60399578985 -16540.69133983052
 -10022.28276671218 14099.34043190752 12462.60399578985 -16540.69133983052
 -10022.28276671218 14099.34043190752 12462.60399578985 -16540.69133983052
 -10069.17122531588 14054.40057356214 12473.15442806913 -16455.27734600434
 -10021.80270027834 14098.44819848047 12462.99314485644 -16540.59321549221
 -10164.79122653997 14174.87826954975 12418.56867473054 -16429.68000163314
 -10164.79122653997 14174.87826954975 12418.56867473054 -16429.68000163314
 -10022.48270234511 14099.36379894594 12462.54448249048 -16540.59716384025
 -10022.30878808644 14099.36283349158 12462.62530998718 -16540.61623986461
 -10022.30878808644 14099.36283349158 12462.62530998718 -16540.61623986461
 -10022.47472060539 14099.81185897638 12462.0181800105 -16540.38470660057
 -10022.30878808644 14099.36283349158 12462.62530998718 -16540.61623986461
 -10022.30878808644 14099.36283349158 12462.62530998718 -16540.61623986461
 -10022.47472060539 14099.81185897638 12462.0181800105 -16540.38470660057
 -10131.2384934713 14022.75819796791 12399.97637100215 -16456.6303269026
 -10164.78295692717 14174.55216800177 12418.92401802078 -16429.71896437687
 -10022.30878808644 14099.36283349158 12462.62530998718 -16540.61623986461
 -10022.30878808644 14099.36283349158 12462.62530998718 -16540.61623986461
 -10022.47472060539 14099.81185897638 12462.0181800105 -16540.38470660057
 -10022.19896631599 14099.19623830697 12462.67794458165 -16540.58822421413
 -10164.78295692717 14174.55216800177 12418.92401802078 -16429.71896437687
 -10027.29613566335 14101.07169894756 12474.82995491462 -16549.89180537884
 -10021.1306275835 14097.31574424714 12463.41522330131 -16540.79212163387
 -10164.79122653997 14174.87826954975 12418.56867473054 -16429.68000163314
 -10022.47472060539 14099.81185897638 12462.0181800105 -16540.38470660057
 -10022.27671977092 14099.34432740847 12462.61101521961 -16540.68181861337
 -10164.79122653997 14174.87826954975 12418.56867473054 -16429.68000163314
 -10164.79122653997 14174.87826954975 12418.56867473054 -16429.68000163314
 -10022.30878808644 14099.36283349158 12462.62530998718 -16540.61623986461
 -10022.01078136578 14099.6353950201 12462.51667333179 -16540.22579994634
 -10022.28276671218 14099.34043190752 12462.60399578985 -16540.69133983052
 -10022.30878808644 14099.36283349158 12462.62530998718 -16540.61623986461
 -10022.47472060539 14099.81185897638 12462.0181800105 -16540.38470660057
 -10022.47472060539 14099.81185897638 12462.0181800105 -16540.38470660057
 -10038.85384295527 14045.07060898373 12480.1811519158 -16472.4550605345
 -10164.78295692717 14174.55216800177 12418.92401802078 -16429.71896437687
 -10080.40981067449 14069.16056054973 12451.06457462635 -16439.05643951407
 -10022.30878808644 14099.36283349158 12462.62530998718 -16540.61623986461
 -10022.30878808644 14099.36283349158 12462.62530998718 -16540.61623986461
 -10164.79122653997 14174.87826954975 12418.56867473054 -16429.68000163314
 -10022.47472060539 14099.81185897638 12462.0181800105 -16540.38470660057
 -10024.33151901781 14098.56553264851 12463.69157483943 -16537.87330801065
 -10022.52290636031 14098.99955706092 12462.60499101867 -16541.14485521706
 -10022.30878808644 14099.36283349158 12462.62530998718 -16540.61623986461
 -10022.28276671218 14099.34043190752 12462.60399578985 -16540.69133983052
 -10022.47472060539 14099.81185897638 12462.0181800105 -16540.38470660057
 -10022.30878808644 14099.36283349158 12462.62530998718 -16540.61623986461
 -10022.47472060539 14099.81185897638 12462.0181800105 -16540.38470660057
 -10022.28276671218 14099.34043190752 12462.60399578985 -16540.69133983052
 -10022.28276671218 14099.34043190752 12462.60399578985 -16540.69133983052
 -10022.64188478939 14099.27537616945 12462.72889644583 -16540.66834363798
 -10022.2997084428 14099.32055849701 12462.7234713333 -16540.72853624296
 -8997.803505769616 13655.01585580725 12013.59180493194 -16664.03093994917
 -10022.30878808644 14099.36283349158 12462.62530998718 -16540.61623986461
 -10164.78295692717 14174.55216800177 12418.92401802078 -16429.71896437687
 -10164.78295692717 14174.55216800177 12418.92401802078 -16429.71896437687
 -10164.79122653997 14174.87826954975 12418.56867473054 -16429.68000163314
 -10164.79122653997 14174.87826954975 12418.56867473054 -16429.68000163314
 -10164.79122653997 14174.87826954975 12418.56867473054 -16429.68000163314
 -10022.25557119317 14099.05392362253 12462.7457221242 -16540.58524687126
 -10022.30216148924 14099.35197105047 12462.54273699436 -16540.62202740841
 -10164.79122653997 14174.87826954975 12418.56867473054 -16429.68000163314
 -10022.47472060539 14099.81185897638 12462.0181800105 -16540.38470660057
 -10022.30878808644 14099.36283349158 12462.62530998718 -16540.61623986461
 -10164.79122653997 14174.87826954975 12418.56867473054 -16429.68000163314
 -10022.30878808644 14099.36283349158 12462.62530998718 -16540.61623986461
 -10022.30878808644 14099.36283349158 12462.62530998718 -16540.61623986461
 -10022.30878808644 14099.36283349158 12462.62530998718 -16540.61623986461
 -10022.47472060539 14099.81185897638 12462.0181800105 -16540.38470660057
 -10022.30878808644 14099.36283349158 12462.62530998718 -16540.61623986461
 -10068.25826763017 14056.79842454855 12474.0224716359 -16456.0831534027
 -10022.47472060539 14099.81185897638 12462.0181800105 -16540.38470660057
 -10022.28276671218 14099.34043190752 12462.60399578985 -16540.69133983052
 -10022.28276671218 14099.34043190752 12462.60399578985 -16540.69133983052
 -10022.30878808644 14099.36283349158 12462.62530998718 -16540.61623986461
 -10022.30878808644 14099.36283349158 12462.62530998718 -16540.61623986461
 -10022.76045915546 14099.86589262798 12462.13931663873 -16540.57844600176
 -10164.79122653997 14174.87826954975 12418.56867473054 -16429.68000163314
 -10024.08591278262 14101.06301916437 12463.60675321947 -16541.59677978302
 -10022.47472060539 14099.81185897638 12462.0181800105 -16540.38470660057
 -10164.78295692717 14174.55216800177 12418.92401802078 -16429.71896437687
 -10053.87239399699 14059.91194450903 12459.58978763563 -16446.21081561598
 -10069.58676664896 14055.10469366299 12471.40535644646 -16455.61285337206
 -10164.78295692717 14174.55216800177 12418.92401802078 -16429.71896437687
 -10022.20015576107 14099.67512844615 12462.64411749584 -16540.78059907101
 -10164.79122653997 14174.87826954975 12418.56867473054 -16429.68000163314
 -10022.36105410379 14099.23025393852 12462.55522490144 -16540.46254476416
 -10021.12236635006 14097.34448251227 12463.4423322617 -16540.65474262651
 -10022.30878808644 14099.36283349158 12462.62530998718 -16540.61623986461
 -10022.47472060539 14099.81185897638 12462.0181800105 -16540.38470660057
 -10022.30878808644 14099.36283349158 12462.62530998718 -16540.61623986461
 -10021.09509436831 14097.38033137295 12463.37299762969 -16540.67044553531
 -10164.75278102555 14174.91710168191 12418.69116492963 -16429.97889999706
 -10062.20245589702 14061.622113854 12465.12284154289 -16454.72198861668
 -10022.30878808644 14099.36283349158 12462.62530998718 -16540.61623986461
 -10022.30878808644 14099.36283349158 12462.62530998718 -16540.61623986461
 -10022.28276671218 14099.34043190752 12462.60399578985 -16540.69133983052
 -10022.30878808644 14099.36283349158 12462.62530998718 -16540.61623986461
 -10021.28779183762 14098.62081744629 12463.68745997328 -16541.25639199186
 -10022.29005628534 14099.34914925626 12462.58275010927 -16540.65047310387
 -10022.25985606916 14099.42854394317 12462.62035659402 -16540.62334507663
 -10164.79122653997 14174.87826954975 12418.56867473054 -16429.68000163314
 -10022.25940933863 14099.30624539332 12462.6858722819 -16540.46461026738
