# Created by Octave 4.2.1, Mon Oct 09 19:20:53 2017 BRT <root@mosqueiro>
# name: pop
# type: matrix
# rows: 1000
# columns: 4
 -7169.760495627017 9244.934182739298 9008.456751417956 -11084.64644634764
 -7170.960291268502 9244.809215141586 9007.62077303779 -11082.48664030576
 -7170.960291268502 9244.809215141586 9007.62077303779 -11082.48664030576
 -7170.960291268502 9244.809215141586 9007.62077303779 -11082.48664030576
 -7170.960291268502 9244.809215141586 9007.62077303779 -11082.48664030576
 -7110.832997500815 9259.01517918695 9222.633035726509 -11371.84441947265
 -7110.832997500815 9259.01517918695 9222.633035726509 -11371.84441947265
 -7170.020003178727 9242.673232929641 9008.06488657812 -11084.88330537391
 -7169.826561157347 9244.889888163483 9008.084035636477 -11084.17672481621
 -7169.826561157347 9244.889888163483 9008.084035636477 -11084.17672481621
 -7169.535768459547 9244.85687402676 9008.06799137384 -11084.1847420214
 -7632.257476405752 9370.159290708945 8998.019661656333 -10744.931583574
 -7169.760495627017 9244.934182739298 9008.456751417956 -11084.64644634764
 -7170.960291268502 9244.809215141586 9007.62077303779 -11082.48664030576
 -7110.832997500815 9259.01517918695 9222.633035726509 -11371.84441947265
 -7170.960291268502 9244.809215141586 9007.62077303779 -11082.48664030576
 -7110.832997500815 9259.01517918695 9222.633035726509 -11371.84441947265
 -7169.826561157347 9244.889888163483 9008.084035636477 -11084.17672481621
 -7170.960291268502 9244.809215141586 9007.62077303779 -11082.48664030576
 -7535.934440375486 9298.319953617603 8820.576687358411 -10847.75220721313
 -7110.832997500815 9259.01517918695 9222.633035726509 -11371.84441947265
 -7110.832997500815 9259.01517918695 9222.633035726509 -11371.84441947265
 -7110.832997500815 9259.01517918695 9222.633035726509 -11371.84441947265
 -7110.493370393037 9258.971646168568 9222.629073023756 -11371.64378490119
 -7110.832997500815 9259.01517918695 9222.633035726509 -11371.84441947265
 -7111.66310982716 9263.10505486395 9221.195895437026 -11371.80378793782
 -7174.16983648302 9234.586962376463 9002.48494337499 -11080.35560387839
 -7110.212760921394 9260.044937362998 9222.649066112468 -11371.85130154468
 -7170.960291268502 9244.809215141586 9007.62077303779 -11082.48664030576
 -7169.826561157347 9244.889888163483 9008.084035636477 -11084.17672481621
 -7110.963223520072 9258.701851895457 9222.553796905016 -11371.93592347697
 -7110.832997500815 9259.01517918695 9222.633035726509 -11371.84441947265
 -7110.832997500815 9259.01517918695 9222.633035726509 -11371.84441947265
 -7110.832997500815 9259.01517918695 9222.633035726509 -11371.84441947265
 -7170.960291268502 9244.809215141586 9007.62077303779 -11082.48664030576
 -7110.832997500815 9259.01517918695 9222.633035726509 -11371.84441947265
 -7170.960291268502 9244.809215141586 9007.62077303779 -11082.48664030576
 -7169.760495627017 9244.934182739298 9008.456751417956 -11084.64644634764
 -7170.960291268502 9244.809215141586 9007.62077303779 -11082.48664030576
 -7110.832997500815 9259.01517918695 9222.633035726509 -11371.84441947265
 -7535.934440375486 9298.319953617603 8820.576687358411 -10847.75220721313
 -7110.562336839205 9258.477806519952 9222.510217556748 -11372.02040054076
 -7170.960291268502 9244.809215141586 9007.62077303779 -11082.48664030576
 -7110.832997500815 9259.01517918695 9222.633035726509 -11371.84441947265
 -7110.832997500815 9259.01517918695 9222.633035726509 -11371.84441947265
 -7521.344292402849 9402.130398077978 8873.819187060944 -10710.02366715812
 -7170.960291268502 9244.809215141586 9007.62077303779 -11082.48664030576
 -7110.161985095513 9258.932746884017 9221.949939365608 -11371.43175141505
 -7110.832997500815 9259.01517918695 9222.633035726509 -11371.84441947265
 -7169.930763235441 9244.978457021441 9008.139270309539 -11083.95434239074
 -7208.332566359957 9219.951135217241 9060.622043893871 -11069.54303188931
 -7110.832997500815 9259.01517918695 9222.633035726509 -11371.84441947265
 -7170.960291268502 9244.809215141586 9007.62077303779 -11082.48664030576
 -7991.670841176936 9532.779656957913 8634.000577592411 -10170.20895199859
 -7170.960291268502 9244.809215141586 9007.62077303779 -11082.48664030576
 -7170.960291268502 9244.809215141586 9007.62077303779 -11082.48664030576
 -7110.832997500815 9259.01517918695 9222.633035726509 -11371.84441947265
 -7169.826561157347 9244.889888163483 9008.084035636477 -11084.17672481621
 -7110.832997500815 9259.01517918695 9222.633035726509 -11371.84441947265
 -7110.832997500815 9259.01517918695 9222.633035726509 -11371.84441947265
 -7169.826561157347 9244.889888163483 9008.084035636477 -11084.17672481621
 -7168.822056554027 9245.172739234173 9008.358501851044 -11084.35675519005
 -7170.359819100193 9244.455440012558 9007.359450701137 -11082.44604079343
 -7110.832997500815 9259.01517918695 9222.633035726509 -11371.84441947265
 -7169.826561157347 9244.889888163483 9008.084035636477 -11084.17672481621
 -7110.832997500815 9259.01517918695 9222.633035726509 -11371.84441947265
 -7170.960291268502 9244.809215141586 9007.62077303779 -11082.48664030576
 -7169.826561157347 9244.889888163483 9008.084035636477 -11084.17672481621
 -7110.832997500815 9259.01517918695 9222.633035726509 -11371.84441947265
 -7170.960291268502 9244.809215141586 9007.62077303779 -11082.48664030576
 -7110.801760841635 9259.075040264959 9222.501872151035 -11372.13051053141
 -7110.832997500815 9259.01517918695 9222.633035726509 -11371.84441947265
 -7110.930689372713 9258.97129749612 9222.610025920592 -11371.82926499008
 -7170.359819100193 9244.455440012558 9007.359450701137 -11082.44604079343
 -7170.960291268502 9244.809215141586 9007.62077303779 -11082.48664030576
 -7110.832997500815 9259.01517918695 9222.633035726509 -11371.84441947265
 -7109.27535583503 9258.883490013028 9224.532718577775 -11372.78161779637
 -7170.165072085605 9245.382066504233 9007.551197999503 -11083.52066326045
 -7170.960291268502 9244.809215141586 9007.62077303779 -11082.48664030576
 -7110.832997500815 9259.01517918695 9222.633035726509 -11371.84441947265
 -7170.935530910945 9245.020923673153 9007.474908549215 -11082.50150117937
 -7110.781913515327 9258.435147319235 9222.771176609534 -11371.74373727605
 -7170.548325723697 9244.171708521499 9007.922755957217 -11084.40863971356
 -7169.826561157347 9244.889888163483 9008.084035636477 -11084.17672481621
 -7110.832997500815 9259.01517918695 9222.633035726509 -11371.84441947265
 -7170.296865225434 9243.362324104748 9010.92267283911 -11087.35662534517
 -7992.604818366469 9529.752101417456 8638.937906051558 -10182.30866387463
 -7170.960291268502 9244.809215141586 9007.62077303779 -11082.48664030576
 -7110.832997500815 9259.01517918695 9222.633035726509 -11371.84441947265
 -7169.826561157347 9244.889888163483 9008.084035636477 -11084.17672481621
 -7139.2435744836 9239.566004879653 8993.006599241806 -11095.10036801644
 -7110.832997500815 9259.01517918695 9222.633035726509 -11371.84441947265
 -7169.967105966833 9247.356707162622 9007.333960230202 -11083.35523168522
 -6975.961389732696 9559.794295715401 8766.980986609682 -10700.003598775
 -7110.832997500815 9259.01517918695 9222.633035726509 -11371.84441947265
 -7169.826561157347 9244.889888163483 9008.084035636477 -11084.17672481621
 -7170.960291268502 9244.809215141586 9007.62077303779 -11082.48664030576
 -7170.960291268502 9244.809215141586 9007.62077303779 -11082.48664030576
 -7110.832997500815 9259.01517918695 9222.633035726509 -11371.84441947265
 -7110.832997500815 9259.01517918695 9222.633035726509 -11371.84441947265
 -7169.826561157347 9244.889888163483 9008.084035636477 -11084.17672481621
 -7170.960291268502 9244.809215141586 9007.62077303779 -11082.48664030576
 -7170.960291268502 9244.809215141586 9007.62077303779 -11082.48664030576
 -7110.832997500815 9259.01517918695 9222.633035726509 -11371.84441947265
 -7170.960291268502 9244.809215141586 9007.62077303779 -11082.48664030576
 -7170.960291268502 9244.809215141586 9007.62077303779 -11082.48664030576
