# Created by Octave 4.2.1, Mon Oct 09 19:09:51 2017 BRT <root@mosqueiro>
# name: pop
# type: matrix
# rows: 1000
# columns: 4
 -10022.30878808644 14099.36283349158 12462.62530998718 -16540.61623986461
 -10022.30878808644 14099.36283349158 12462.62530998718 -16540.61623986461
 -10022.30878808644 14099.36283349158 12462.62530998718 -16540.61623986461
 -10022.30878808644 14099.36283349158 12462.62530998718 -16540.61623986461
 -10022.30878808644 14099.36283349158 12462.62530998718 -16540.61623986461
 -10069.17122531588 14054.40057356214 12473.15442806913 -16455.27734600434
 -10022.30878808644 14099.36283349158 12462.62530998718 -16540.61623986461
 -9996.71392374746 14106.44446490638 12470.57688400654 -16439.21370025942
 -10022.30878808644 14099.36283349158 12462.62530998718 -16540.61623986461
 -9019.867117204019 13732.27411438352 11937.4247819585 -16647.81006366348
 -10022.30878808644 14099.36283349158 12462.62530998718 -16540.61623986461
 -10022.30878808644 14099.36283349158 12462.62530998718 -16540.61623986461
 -9549.569324791182 14192.75526079096 11769.72893339282 -16328.2250836215
 -10069.17122531588 14054.40057356214 12473.15442806913 -16455.27734600434
 -10022.30878808644 14099.36283349158 12462.62530998718 -16540.61623986461
 -8997.480816536225 13655.60719147824 12013.31500166485 -16664.49924841844
 -10069.17122531588 14054.40057356214 12473.15442806913 -16455.27734600434
 -10069.17122531588 14054.40057356214 12473.15442806913 -16455.27734600434
 -8892.222066528857 13664.07588121423 12085.26582619762 -16712.81949110686
 -10022.30878808644 14099.36283349158 12462.62530998718 -16540.61623986461
 -10011.81152239436 14103.4109025394 12462.80085538569 -16528.94411526344
 -10022.30878808644 14099.36283349158 12462.62530998718 -16540.61623986461
 -10022.30878808644 14099.36283349158 12462.62530998718 -16540.61623986461
 -10026.11036760233 14100.67378896814 12461.09995434885 -16542.45454085525
 -10069.17122531588 14054.40057356214 12473.15442806913 -16455.27734600434
 -10022.30878808644 14099.36283349158 12462.62530998718 -16540.61623986461
 -10097.51146620225 14030.16237607881 12449.14995173198 -16468.99134960492
 -10022.30878808644 14099.36283349158 12462.62530998718 -16540.61623986461
 -10066.40700237637 14054.48975829917 12496.88294033063 -16461.53990968866
 -10022.30878808644 14099.36283349158 12462.62530998718 -16540.61623986461
 -10070.38268139527 14072.92632211837 12471.01990716179 -16444.23438357742
 -8997.480816536225 13655.60719147824 12013.31500166485 -16664.49924841844
 -10022.30878808644 14099.36283349158 12462.62530998718 -16540.61623986461
 -10022.30878808644 14099.36283349158 12462.62530998718 -16540.61623986461
 -10026.66130302667 14103.35725405097 12477.58604894647 -16546.97977344068
 -10022.30878808644 14099.36283349158 12462.62530998718 -16540.61623986461
 -10022.30878808644 14099.36283349158 12462.62530998718 -16540.61623986461
 -10069.17122531588 14054.40057356214 12473.15442806913 -16455.27734600434
 -10092.45581696999 14061.47787947549 12479.49007356417 -16468.1874944483
 -10022.30878808644 14099.36283349158 12462.62530998718 -16540.61623986461
 -10003.66883950209 14038.56304790793 12457.08300642735 -16489.95639306137
 -10068.65621577125 14051.75055750319 12487.16585896915 -16465.64915647163
 -8767.505580897816 13952.55043920925 12232.72725327152 -16798.4118369891
 -10022.30878808644 14099.36283349158 12462.62530998718 -16540.61623986461
 -10069.17122531588 14054.40057356214 12473.15442806913 -16455.27734600434
 -9051.701358591108 13657.96470207096 12025.24588664503 -16663.68478244243
 -8997.480816536225 13655.60719147824 12013.31500166485 -16664.49924841844
 -10022.30878808644 14099.36283349158 12462.62530998718 -16540.61623986461
 -10069.17122531588 14054.40057356214 12473.15442806913 -16455.27734600434
 -10022.30878808644 14099.36283349158 12462.62530998718 -16540.61623986461
 -10022.30878808644 14099.36283349158 12462.62530998718 -16540.61623986461
 -10022.30878808644 14099.36283349158 12462.62530998718 -16540.61623986461
 -10069.17122531588 14054.40057356214 12473.15442806913 -16455.27734600434
 -10069.17122531588 14054.40057356214 12473.15442806913 -16455.27734600434
 -10022.30878808644 14099.36283349158 12462.62530998718 -16540.61623986461
 -10022.30878808644 14099.36283349158 12462.62530998718 -16540.61623986461
 -10000.56422662522 14083.72596852681 12415.00509136609 -16456.05388272601
 -10022.30878808644 14099.36283349158 12462.62530998718 -16540.61623986461
 -8997.480816536225 13655.60719147824 12013.31500166485 -16664.49924841844
 -10022.30878808644 14099.36283349158 12462.62530998718 -16540.61623986461
 -10022.30878808644 14099.36283349158 12462.62530998718 -16540.61623986461
 -8997.480816536225 13655.60719147824 12013.31500166485 -16664.49924841844
 -10022.30878808644 14099.36283349158 12462.62530998718 -16540.61623986461
 -10060.50014877996 14063.80418556665 12479.09615262189 -16447.17670478802
 -10015.75401482904 14102.47961546925 12456.30538607709 -16541.83582969625
 -8986.677947499111 13654.95211201702 12000.70871749222 -16661.59213497815
 -10022.30878808644 14099.36283349158 12462.62530998718 -16540.61623986461
 -10022.30878808644 14099.36283349158 12462.62530998718 -16540.61623986461
 -10131.35178038908 14060.58812246377 12525.19104690751 -16401.55648825707
 -10022.30878808644 14099.36283349158 12462.62530998718 -16540.61623986461
 -10022.30878808644 14099.36283349158 12462.62530998718 -16540.61623986461
 -8997.480816536225 13655.60719147824 12013.31500166485 -16664.49924841844
 -10069.17122531588 14054.40057356214 12473.15442806913 -16455.27734600434
 -10022.30878808644 14099.36283349158 12462.62530998718 -16540.61623986461
 -10069.17122531588 14054.40057356214 12473.15442806913 -16455.27734600434
 -10069.17122531588 14054.40057356214 12473.15442806913 -16455.27734600434
 -10069.17122531588 14054.40057356214 12473.15442806913 -16455.27734600434
 -10069.17122531588 14054.40057356214 12473.15442806913 -16455.27734600434
 -8997.480816536225 13655.60719147824 12013.31500166485 -16664.49924841844
 -10069.17122531588 14054.40057356214 12473.15442806913 -16455.27734600434
 -9019.867117204019 13732.27411438352 11937.4247819585 -16647.81006366348
 -8981.72839565398 13674.28355440026 11985.44808216871 -16713.86985142725
 -10022.30878808644 14099.36283349158 12462.62530998718 -16540.61623986461
 -10074.87669713056 14051.27188897644 12476.27371420431 -16448.10260863226
 -8960.524593206335 13581.38577292069 12063.10931751181 -16844.01096156457
 -9004.788243342526 13648.77128765267 12005.57616685819 -16658.48913558674
 -9010.134608070324 13605.15723895362 11996.56349791217 -16761.24395523867
 -10162.94587029961 14175.8375648989 12417.73625028046 -16428.60626175011
 -9019.867117204019 13732.27411438352 11937.4247819585 -16647.81006366348
 -10022.30878808644 14099.36283349158 12462.62530998718 -16540.61623986461
 -9019.867117204019 13732.27411438352 11937.4247819585 -16647.81006366348
 -10022.30878808644 14099.36283349158 12462.62530998718 -16540.61623986461
 -9019.867117204019 13732.27411438352 11937.4247819585 -16647.81006366348
 -10022.30878808644 14099.36283349158 12462.62530998718 -16540.61623986461
 -10069.17122531588 14054.40057356214 12473.15442806913 -16455.27734600434
 -10022.30878808644 14099.36283349158 12462.62530998718 -16540.61623986461
 -10022.30878808644 14099.36283349158 12462.62530998718 -16540.61623986461
 -10022.30878808644 14099.36283349158 12462.62530998718 -16540.61623986461
 -10022.30878808644 14099.36283349158 12462.62530998718 -16540.61623986461
 -10022.30878808644 14099.36283349158 12462.62530998718 -16540.61623986461
 -10022.30878808644 14099.36283349158 12462.62530998718 -16540.61623986461
 -10022.30878808644 14099.36283349158 12462.62530998718 -16540.61623986461
 -8997.480816536225 13655.60719147824 12013.31500166485 -16664.49924841844
 -10022.30878808644 14099.36283349158 12462.62530998718 -16540.61623986461
 -10162.94587029961 14175.8375648989 12417.73625028046 -16428.60626175011
