# Created by Octave 4.2.1, Mon Oct 09 19:16:05 2017 BRT <root@mosqueiro>
# name: pop
# type: matrix
# rows: 1000
# columns: 4
 -7550.994568967475 9422.043339869355 8908.925889460448 -10742.73349019874
 -7550.994568967475 9422.043339869355 8908.925889460448 -10742.73349019874
 -7550.994568967475 9422.043339869355 8908.925889460448 -10742.73349019874
 -7550.994568967475 9422.043339869355 8908.925889460448 -10742.73349019874
 -7550.994568967475 9422.043339869355 8908.925889460448 -10742.73349019874
 6578.308467050072 -7455.179293266177 -2641.327490118966 3562.587425725307
 9943.658540686798 -6786.14095381989 5916.45480411504 -6782.47248316585
 6578.308467050072 -7455.179293266177 -2641.327490118966 3562.587425725307
 6578.308467050072 -7455.179293266177 -2641.327490118966 3562.587425725307
 -7550.994568967475 9422.043339869355 8908.925889460448 -10742.73349019874
 -7550.994568967475 9422.043339869355 8908.925889460448 -10742.73349019874
 -7550.994568967475 9422.043339869355 8908.925889460448 -10742.73349019874
 6578.308467050072 -7455.179293266177 -2641.327490118966 3562.587425725307
 -6815.20778216971 9710.460220984438 9101.07626065162 -8757.523369801185
 -7550.994568967475 9422.043339869355 8908.925889460448 -10742.73349019874
 6578.308467050072 -7455.179293266177 -2641.327490118966 3562.587425725307
 -7550.994568967475 9422.043339869355 8908.925889460448 -10742.73349019874
 -7550.994568967475 9422.043339869355 8908.925889460448 -10742.73349019874
 -7550.994568967475 9422.043339869355 8908.925889460448 -10742.73349019874
 -7550.994568967475 9422.043339869355 8908.925889460448 -10742.73349019874
 6578.308467050072 -7455.179293266177 -2641.327490118966 3562.587425725307
 16978.62313893764 -935.6762639942879 7832.854848095583 3596.31866435478
 -7550.994568967475 9422.043339869355 8908.925889460448 -10742.73349019874
 -7550.994568967475 9422.043339869355 8908.925889460448 -10742.73349019874
 6578.308467050072 -7455.179293266177 -2641.327490118966 3562.587425725307
 -7550.994568967475 9422.043339869355 8908.925889460448 -10742.73349019874
 6578.308467050072 -7455.179293266177 -2641.327490118966 3562.587425725307
 -7550.994568967475 9422.043339869355 8908.925889460448 -10742.73349019874
 6578.308467050072 -7455.179293266177 -2641.327490118966 3562.587425725307
 -7550.994568967475 9422.043339869355 8908.925889460448 -10742.73349019874
 -4892.011924451421 14363.80353746207 7805.037498531103 -14514.29353150933
 -7550.994568967475 9422.043339869355 8908.925889460448 -10742.73349019874
 -7550.994568967475 9422.043339869355 8908.925889460448 -10742.73349019874
 6578.308467050072 -7455.179293266177 -2641.327490118966 3562.587425725307
 -7550.994568967475 9422.043339869355 8908.925889460448 -10742.73349019874
 -7550.994568967475 9422.043339869355 8908.925889460448 -10742.73349019874
 -7550.994568967475 9422.043339869355 8908.925889460448 -10742.73349019874
 -7550.994568967475 9422.043339869355 8908.925889460448 -10742.73349019874
 -7550.994568967475 9422.043339869355 8908.925889460448 -10742.73349019874
 -7550.994568967475 9422.043339869355 8908.925889460448 -10742.73349019874
 1813.180863415614 -8012.747656285828 -6730.152348526277 4586.176409916963
 10883.99792412741 -6867.060412780085 -5580.394485649696 -1573.020891341971
 6706.542390722194 -5703.488962687668 1541.414663314297 7789.91537566334
 3980.542967129216 -4376.913382697923 -422.9238019923532 3227.452123528435
 -7550.994568967475 9422.043339869355 8908.925889460448 -10742.73349019874
 -7550.994568967475 9422.043339869355 8908.925889460448 -10742.73349019874
 1552.048105233946 -6420.675939193987 -8458.659808120454 -10334.30274183113
 6578.308467050072 -7455.179293266177 -2641.327490118966 3562.587425725307
 -7550.994568967475 9422.043339869355 8908.925889460448 -10742.73349019874
 -7550.994568967475 9422.043339869355 8908.925889460448 -10742.73349019874
 -8100.700944147657 5830.410249687295 7801.854877049798 -3493.816556788509
 6578.308467050072 -7455.179293266177 -2641.327490118966 3562.587425725307
 6853.095664472576 -4544.088275389701 -2374.108791255585 -691.4420186786665
 -7550.994568967475 9422.043339869355 8908.925889460448 -10742.73349019874
 -7550.994568967475 9422.043339869355 8908.925889460448 -10742.73349019874
 -7550.994568967475 9422.043339869355 8908.925889460448 -10742.73349019874
 -3173.825111005175 18387.04754555054 11970.51478514599 -10024.17251795234
 4146.098559946464 6414.557830306903 -1253.301479933336 9202.222771853878
 -7550.994568967475 9422.043339869355 8908.925889460448 -10742.73349019874
 6578.308467050072 -7455.179293266177 -2641.327490118966 3562.587425725307
 768.8980618455025 19757.2343999246 16353.65888236092 -1553.864374813505
 6578.308467050072 -7455.179293266177 -2641.327490118966 3562.587425725307
 -7550.994568967475 9422.043339869355 8908.925889460448 -10742.73349019874
 -8315.75649363147 8817.02636994573 18991.91258611515 -10951.40857540561
 8800.306711013283 -15913.19798474058 14209.6223252956 -8358.605497915734
 -7550.994568967475 9422.043339869355 8908.925889460448 -10742.73349019874
 6578.308467050072 -7455.179293266177 -2641.327490118966 3562.587425725307
 -7550.994568967475 9422.043339869355 8908.925889460448 -10742.73349019874
 -7550.994568967475 9422.043339869355 8908.925889460448 -10742.73349019874
 -7550.994568967475 9422.043339869355 8908.925889460448 -10742.73349019874
 -7550.994568967475 9422.043339869355 8908.925889460448 -10742.73349019874
 -4892.011924451421 14363.80353746207 7805.037498531103 -14514.29353150933
 6578.308467050072 -7455.179293266177 -2641.327490118966 3562.587425725307
 -8639.438737524724 10374.45568854685 9580.933216822647 -13134.96061703255
 -7550.994568967475 9422.043339869355 8908.925889460448 -10742.73349019874
 -7550.994568967475 9422.043339869355 8908.925889460448 -10742.73349019874
 -7550.994568967475 9422.043339869355 8908.925889460448 -10742.73349019874
 6578.308467050072 -7455.179293266177 -2641.327490118966 3562.587425725307
 -7550.994568967475 9422.043339869355 8908.925889460448 -10742.73349019874
 6578.308467050072 -7455.179293266177 -2641.327490118966 3562.587425725307
 -7550.994568967475 9422.043339869355 8908.925889460448 -10742.73349019874
 -7550.994568967475 9422.043339869355 8908.925889460448 -10742.73349019874
 -7441.132656638942 -11483.71132719994 50.91003671454928 13591.67108002738
 6578.308467050072 -7455.179293266177 -2641.327490118966 3562.587425725307
 6578.308467050072 -7455.179293266177 -2641.327490118966 3562.587425725307
 -7550.994568967475 9422.043339869355 8908.925889460448 -10742.73349019874
 4268.071716751076 -8673.731005453774 2866.090020949957 2330.947235093255
 -7550.994568967475 9422.043339869355 8908.925889460448 -10742.73349019874
 6578.308467050072 -7455.179293266177 -2641.327490118966 3562.587425725307
 4980.130613561224 -3215.905375943386 2765.081753956448 3103.7575855035
 -1784.674666968659 5425.105764350316 13025.93536385839 -13043.01808710992
 6578.308467050072 -7455.179293266177 -2641.327490118966 3562.587425725307
 -7550.994568967475 9422.043339869355 8908.925889460448 -10742.73349019874
 6578.308467050072 -7455.179293266177 -2641.327490118966 3562.587425725307
 -7550.994568967475 9422.043339869355 8908.925889460448 -10742.73349019874
 9169.144380282829 -11765.28570235691 23175.50196918978 -9468.730185767297
 -7550.994568967475 9422.043339869355 8908.925889460448 -10742.73349019874
 9046.58710490695 -13306.59806914809 -7725.961054808996 -360.30559498908
 -7550.994568967475 9422.043339869355 8908.925889460448 -10742.73349019874
 6578.308467050072 -7455.179293266177 -2641.327490118966 3562.587425725307
 6578.308467050072 -7455.179293266177 -2641.327490118966 3562.587425725307
 -7550.994568967475 9422.043339869355 8908.925889460448 -10742.73349019874
 -7550.994568967475 9422.043339869355 8908.925889460448 -10742.73349019874
 -7550.994568967475 9422.043339869355 8908.925889460448 -10742.73349019874
 6578.308467050072 -7455.179293266177 -2641.327490118966 3562.587425725307
