# Created by Octave 4.2.1, Mon Oct 09 19:37:18 2017 BRT <root@mosqueiro>
# name: pop
# type: matrix
# rows: 1000
# columns: 4
 -10324.82158791877 -379.1637934029191 6712.090700467143 4000.236401409895
 -10324.82158791877 -379.1637934029191 6712.090700467143 4000.236401409895
 -10324.82158791877 -379.1637934029191 6712.090700467143 4000.236401409895
 -10324.82158791877 -379.1637934029191 6712.090700467143 4000.236401409895
 -10324.82158791877 -379.1637934029191 6712.090700467143 4000.236401409895
 -7447.728282465408 -2161.473159886859 2541.014572873056 4728.327735254957
 -7388.118906136311 -1280.759136014043 4066.935166573163 4616.641127117166
 -5443.277837072481 -2129.671310243771 3955.145786012902 4798.073033904378
 -10493.8515885484 10209.32124894436 -9201.764410765525 16609.42833896642
 -12358.099031305 73.05161375083071 6091.844713156555 7614.196909327398
 -10324.82158791877 -379.1637934029191 6712.090700467143 4000.236401409895
 -7388.118906136311 -1280.759136014043 4066.935166573163 4616.641127117166
 -7388.118906136311 -1280.759136014043 4066.935166573163 4616.641127117166
 -10508.36674021278 -384.9076821711035 6298.064571956475 4054.440514487029
 -7504.62741661895 -1155.270404077626 4144.308478207096 4745.574438143662
 -5737.98870350066 -1082.930591420158 3569.758530177905 3260.315854470912
 -7916.430835838094 -228.7952248413214 1226.335453179738 3750.678159600309
 -7388.118906136311 -1280.759136014043 4066.935166573163 4616.641127117166
 -7388.118906136311 -1280.759136014043 4066.935166573163 4616.641127117166
 -7482.722865310428 -936.2423808193307 4144.582130180896 3884.700447254141
 -7388.118906136311 -1280.759136014043 4066.935166573163 4616.641127117166
 -7706.56417995158 -1057.33421194568 4138.81622081797 4318.704329202743
 -7388.118906136311 -1280.759136014043 4066.935166573163 4616.641127117166
 -5737.98870350066 -1082.930591420158 3569.758530177905 3260.315854470912
 -7388.118906136311 -1280.759136014043 4066.935166573163 4616.641127117166
 -7388.118906136311 -1280.759136014043 4066.935166573163 4616.641127117166
 -12358.099031305 73.05161375083071 6091.844713156555 7614.196909327398
 -10381.90102708612 -1047.560685593014 7767.469677073132 4074.778381774628
 -10890.22379528277 -812.5675224081801 7452.658958372142 4902.735042998064
 -7388.118906136311 -1280.759136014043 4066.935166573163 4616.641127117166
 -7388.118906136311 -1280.759136014043 4066.935166573163 4616.641127117166
 -7388.118906136311 -1280.759136014043 4066.935166573163 4616.641127117166
 -7388.118906136311 -1280.759136014043 4066.935166573163 4616.641127117166
 -7388.118906136311 -1280.759136014043 4066.935166573163 4616.641127117166
 -10324.82158791877 -379.1637934029191 6712.090700467143 4000.236401409895
 -5737.98870350066 -1082.930591420158 3569.758530177905 3260.315854470912
 -7027.552441950979 -1105.602805868126 5022.251282713477 4865.124402037181
 -7844.559484826084 -2502.749460999658 4192.881938467676 5725.755639267274
 -5737.98870350066 -1082.930591420158 3569.758530177905 3260.315854470912
 -7388.118906136311 -1280.759136014043 4066.935166573163 4616.641127117166
 -10324.82158791877 -379.1637934029191 6712.090700467143 4000.236401409895
 -7388.118906136311 -1280.759136014043 4066.935166573163 4616.641127117166
 -4413.286691764461 941.3642897911568 4996.69932340276 2351.163969807899
 -7388.118906136311 -1280.759136014043 4066.935166573163 4616.641127117166
 -7388.118906136311 -1280.759136014043 4066.935166573163 4616.641127117166
 -10324.82158791877 -379.1637934029191 6712.090700467143 4000.236401409895
 -10324.82158791877 -379.1637934029191 6712.090700467143 4000.236401409895
 -7388.118906136311 -1280.759136014043 4066.935166573163 4616.641127117166
 -7388.118906136311 -1280.759136014043 4066.935166573163 4616.641127117166
 -5770.589846488073 -8064.221300063309 6465.730420259271 7242.569994420521
 -7321.118556113795 -1186.884108726105 4661.298255236903 4819.066924219418
 -11094.6673677409 -437.5462062283231 6317.260145946059 4268.558268907792
 -7408.160172389595 -2372.476053089242 4145.9293155247 4544.686585229707
 -6761.056097722936 -3353.545328030918 -10655.31189304106 24557.99269162129
 -7388.118906136311 -1280.759136014043 4066.935166573163 4616.641127117166
 -10324.82158791877 -379.1637934029191 6712.090700467143 4000.236401409895
 -7388.118906136311 -1280.759136014043 4066.935166573163 4616.641127117166
 -7388.118906136311 -1280.759136014043 4066.935166573163 4616.641127117166
 -5737.98870350066 -1082.930591420158 3569.758530177905 3260.315854470912
 -7388.118906136311 -1280.759136014043 4066.935166573163 4616.641127117166
 -5737.98870350066 -1082.930591420158 3569.758530177905 3260.315854470912
 -7388.118906136311 -1280.759136014043 4066.935166573163 4616.641127117166
 -7388.118906136311 -1280.759136014043 4066.935166573163 4616.641127117166
 -7388.118906136311 -1280.759136014043 4066.935166573163 4616.641127117166
 -7774.203885894369 -1000.667242948447 4109.293623879956 5609.792466839564
 -10324.82158791877 -379.1637934029191 6712.090700467143 4000.236401409895
 -7388.118906136311 -1280.759136014043 4066.935166573163 4616.641127117166
 -6168.952904433922 1893.298271552443 5784.521928628454 -1694.491523967066
 -5189.972763924748 -1393.457900098365 3261.966820635266 3091.487498293862
 -5737.98870350066 -1082.930591420158 3569.758530177905 3260.315854470912
 -7388.118906136311 -1280.759136014043 4066.935166573163 4616.641127117166
 -10324.82158791877 -379.1637934029191 6712.090700467143 4000.236401409895
 -8087.724093704333 -991.4131535466325 4834.18117425429 4613.672799732539
 -7090.95737634103 -1756.419028316174 4459.197184718557 4122.104130085265
 -7388.118906136311 -1280.759136014043 4066.935166573163 4616.641127117166
 -5737.98870350066 -1082.930591420158 3569.758530177905 3260.315854470912
 -7388.118906136311 -1280.759136014043 4066.935166573163 4616.641127117166
 -11220.37037557566 -521.9818436246373 7064.599038761389 4782.518972440735
 -7388.118906136311 -1280.759136014043 4066.935166573163 4616.641127117166
 -6313.876322749653 -1156.249446651892 4134.102856317244 4066.039014969018
 -8124.638558565439 -181.5973677219627 3359.133684114603 4638.327559829952
 -7388.118906136311 -1280.759136014043 4066.935166573163 4616.641127117166
 -7388.118906136311 -1280.759136014043 4066.935166573163 4616.641127117166
 -10324.82158791877 -379.1637934029191 6712.090700467143 4000.236401409895
 -10324.82158791877 -379.1637934029191 6712.090700467143 4000.236401409895
 -10324.82158791877 -379.1637934029191 6712.090700467143 4000.236401409895
 -5737.98870350066 -1082.930591420158 3569.758530177905 3260.315854470912
 -10324.82158791877 -379.1637934029191 6712.090700467143 4000.236401409895
 -5737.98870350066 -1082.930591420158 3569.758530177905 3260.315854470912
 -7388.118906136311 -1280.759136014043 4066.935166573163 4616.641127117166
 -7476.471051959173 -3050.556572213893 4594.268570973732 5569.757817592825
 -6187.286045076232 -2360.805661809214 3802.805777085645 6014.743502191108
 -7388.118906136311 -1280.759136014043 4066.935166573163 4616.641127117166
 -7388.118906136311 -1280.759136014043 4066.935166573163 4616.641127117166
 -10324.82158791877 -379.1637934029191 6712.090700467143 4000.236401409895
 -8316.979927239783 -3379.852366995247 4257.736435558193 4410.52780600651
 -10324.82158791877 -379.1637934029191 6712.090700467143 4000.236401409895
 -7388.118906136311 -1280.759136014043 4066.935166573163 4616.641127117166
 -7388.118906136311 -1280.759136014043 4066.935166573163 4616.641127117166
 -7388.118906136311 -1280.759136014043 4066.935166573163 4616.641127117166
 10694.22504342905 -1939.855531185624 3804.798673931165 -6499.975618718821
 -10324.82158791877 -379.1637934029191 6712.090700467143 4000.236401409895
 -8316.979927239783 -3379.852366995247 4257.736435558193 4410.52780600651
 -6450.559151552404 -2133.793964209736 4763.774957165744 4173.799712272215
 -7388.118906136311 -1280.759136014043 4066.935166573163 4616.641127117166
