# Created by Octave 4.2.1, Mon Oct 09 19:33:45 2017 BRT <root@mosqueiro>
# name: pop
# type: matrix
# rows: 1000
# columns: 4
 -7388.118906136311 -1280.759136014043 4066.935166573163 4616.641127117166
 -7388.118906136311 -1280.759136014043 4066.935166573163 4616.641127117166
 -7388.118906136311 -1280.759136014043 4066.935166573163 4616.641127117166
 -7388.118906136311 -1280.759136014043 4066.935166573163 4616.641127117166
 -7388.118906136311 -1280.759136014043 4066.935166573163 4616.641127117166
 3399.070315192073 -3204.5239746978 9226.507238796141 -9385.367300209158
 560.1317457228051 2606.90878558373 -6936.812898362802 7289.785821465481
 11810.02502284597 7302.996014734557 -3949.252350341501 4579.834626055723
 -7388.118906136311 -1280.759136014043 4066.935166573163 4616.641127117166
 -7388.118906136311 -1280.759136014043 4066.935166573163 4616.641127117166
 -7388.118906136311 -1280.759136014043 4066.935166573163 4616.641127117166
 -7388.118906136311 -1280.759136014043 4066.935166573163 4616.641127117166
 9032.53516700846 -7450.782604081506 7616.627358121012 9105.894859543936
 -7388.118906136311 -1280.759136014043 4066.935166573163 4616.641127117166
 -7388.118906136311 -1280.759136014043 4066.935166573163 4616.641127117166
 8647.853734023192 -5863.481407795722 4927.626498868862 -7671.9267587524
 -7388.118906136311 -1280.759136014043 4066.935166573163 4616.641127117166
 -7388.118906136311 -1280.759136014043 4066.935166573163 4616.641127117166
 25875.49168870008 37217.58217565851 3989.378886255446 28454.52044043023
 -7388.118906136311 -1280.759136014043 4066.935166573163 4616.641127117166
 -7388.118906136311 -1280.759136014043 4066.935166573163 4616.641127117166
 7013.861507318947 -1429.911776446261 -8034.198887373533 2543.673230246777
 40365.79372243013 13622.37659429494 -7326.637098270278 -1969.025075938687
 177.8012665137428 -9394.952177449886 -19882.88715735302 -55954.9024557938
 8194.133916980361 681.1494209602388 306.9715039212315 -9711.270051681737
 -7388.118906136311 -1280.759136014043 4066.935166573163 4616.641127117166
 -3789.172663731105 -3213.907444638241 8609.718592347723 -1446.805023736211
 -7388.118906136311 -1280.759136014043 4066.935166573163 4616.641127117166
 8194.133916980361 681.1494209602388 306.9715039212315 -9711.270051681737
 -7388.118906136311 -1280.759136014043 4066.935166573163 4616.641127117166
 -22283.28810891357 -797.5182534588167 -6600.231157423602 26097.70147634547
 21519.25473854448 15323.28059624763 -13780.5070032014 31184.29493342709
 -7388.118906136311 -1280.759136014043 4066.935166573163 4616.641127117166
 -7388.118906136311 -1280.759136014043 4066.935166573163 4616.641127117166
 -7388.118906136311 -1280.759136014043 4066.935166573163 4616.641127117166
 -7388.118906136311 -1280.759136014043 4066.935166573163 4616.641127117166
 -7134.645001401757 13268.65025292558 23062.83292548431 20503.07724941998
 -7388.118906136311 -1280.759136014043 4066.935166573163 4616.641127117166
 -15018.79905603648 -12173.20129145854 16668.66321773793 14524.69881604539
 -1763.57823216245 3645.012284424094 1291.006327268764 -3124.54256094668
 6033.254499649283 -5321.594359615979 402.197170494308 -1139.774645366795
 -1763.57823216245 3645.012284424094 1291.006327268764 -3124.54256094668
 23938.75767636751 -39483.76225232531 -9423.757371438713 17047.56374958147
 -7388.118906136311 -1280.759136014043 4066.935166573163 4616.641127117166
 -7388.118906136311 -1280.759136014043 4066.935166573163 4616.641127117166
 560.1317457228051 2606.90878558373 -6936.812898362802 7289.785821465481
 -7388.118906136311 -1280.759136014043 4066.935166573163 4616.641127117166
 -7388.118906136311 -1280.759136014043 4066.935166573163 4616.641127117166
 -698.297407293634 18.18626885966842 -6191.81178318095 8501.96821331387
 -7388.118906136311 -1280.759136014043 4066.935166573163 4616.641127117166
 -7388.118906136311 -1280.759136014043 4066.935166573163 4616.641127117166
 -7388.118906136311 -1280.759136014043 4066.935166573163 4616.641127117166
 21254.80211152709 -19800.05326260718 -30326.1478769319 -32706.75539865657
 3399.070315192073 -3204.5239746978 9226.507238796141 -9385.367300209158
 -7388.118906136311 -1280.759136014043 4066.935166573163 4616.641127117166
 -698.297407293634 18.18626885966842 -6191.81178318095 8501.96821331387
 -7388.118906136311 -1280.759136014043 4066.935166573163 4616.641127117166
 -7388.118906136311 -1280.759136014043 4066.935166573163 4616.641127117166
 2169.398658624776 8415.256337135896 -8320.372928742119 4075.27913713298
 8094.969605630151 12444.20095374377 6601.133983681743 -24311.14415146128
 30303.45134333576 23022.23659954559 -9857.71427401531 -63510.31099312028
 -7388.118906136311 -1280.759136014043 4066.935166573163 4616.641127117166
 -7388.118906136311 -1280.759136014043 4066.935166573163 4616.641127117166
 8551.615115020941 2255.040118943643 -4038.060807063607 -6795.855853332221
 15269.50541235275 39412.32914130519 -7760.362193232893 1954.142497176222
 -7388.118906136311 -1280.759136014043 4066.935166573163 4616.641127117166
 -7388.118906136311 -1280.759136014043 4066.935166573163 4616.641127117166
 -7388.118906136311 -1280.759136014043 4066.935166573163 4616.641127117166
 2757.551681172254 9951.552302095595 10247.06701595897 -26542.89049079206
 -7388.118906136311 -1280.759136014043 4066.935166573163 4616.641127117166
 -7388.118906136311 -1280.759136014043 4066.935166573163 4616.641127117166
 -1763.57823216245 3645.012284424094 1291.006327268764 -3124.54256094668
 -14174.73208122065 5725.717024255786 -17279.3438945212 7700.80929878766
 -7388.118906136311 -1280.759136014043 4066.935166573163 4616.641127117166
 -7388.118906136311 -1280.759136014043 4066.935166573163 4616.641127117166
 -7388.118906136311 -1280.759136014043 4066.935166573163 4616.641127117166
 -7388.118906136311 -1280.759136014043 4066.935166573163 4616.641127117166
 17901.88102020866 -14906.43997345952 -8434.768980044277 -25445.14382033415
 26675.2956366678 1255.700759204126 -26347.22937789769 7736.749905863124
 -7388.118906136311 -1280.759136014043 4066.935166573163 4616.641127117166
 -7388.118906136311 -1280.759136014043 4066.935166573163 4616.641127117166
 -7388.118906136311 -1280.759136014043 4066.935166573163 4616.641127117166
 -23565.11585924658 21154.32894139703 -7913.133758236791 13411.07099306623
 -7388.118906136311 -1280.759136014043 4066.935166573163 4616.641127117166
 -8442.302617294048 -16123.70576483601 -26358.44323631778 -28926.27448488374
 8551.615115020941 2255.040118943643 -4038.060807063607 -6795.855853332221
 -7388.118906136311 -1280.759136014043 4066.935166573163 4616.641127117166
 -8989.609347656171 -41640.56949955412 10369.96214526653 27316.37187392555
 40365.79372243013 13622.37659429494 -7326.637098270278 -1969.025075938687
 -4009.303668933243 1161.832858475267 -3757.256039700735 6687.453250693983
 -7388.118906136311 -1280.759136014043 4066.935166573163 4616.641127117166
 -7388.118906136311 -1280.759136014043 4066.935166573163 4616.641127117166
 -42.96939395171103 -18887.62728267862 14210.4564752022 4193.263071817848
 -7388.118906136311 -1280.759136014043 4066.935166573163 4616.641127117166
 23178.9943150734 -8592.185114048392 -198.3202303005182 16503.92993966685
 6033.254499649283 -5321.594359615979 402.197170494308 -1139.774645366795
 -26722.21225491643 -4470.158780870586 4328.0387625939 -33794.01080602505
 6033.254499649283 -5321.594359615979 402.197170494308 -1139.774645366795
 -7388.118906136311 -1280.759136014043 4066.935166573163 4616.641127117166
 -7388.118906136311 -1280.759136014043 4066.935166573163 4616.641127117166
 -7388.118906136311 -1280.759136014043 4066.935166573163 4616.641127117166
 -7388.118906136311 -1280.759136014043 4066.935166573163 4616.641127117166
 -8358.66651671802 -21265.97463928362 14438.52561827129 -3337.441259272777
 -7388.118906136311 -1280.759136014043 4066.935166573163 4616.641127117166
 -7388.118906136311 -1280.759136014043 4066.935166573163 4616.641127117166
