# Created by Octave 4.2.1, Mon Oct 09 19:04:25 2017 BRT <root@mosqueiro>
# name: pop
# type: matrix
# rows: 1000
# columns: 4
 -3242.063772885232 5110.64106222893 5558.902254626702 -7417.344606165118
 -3242.063772885232 5110.64106222893 5558.902254626702 -7417.344606165118
 -3242.063772885232 5110.64106222893 5558.902254626702 -7417.344606165118
 -3242.063772885232 5110.64106222893 5558.902254626702 -7417.344606165118
 -3242.063772885232 5110.64106222893 5558.902254626702 -7417.344606165118
 -3242.063772885232 5110.64106222893 5558.902254626702 -7417.344606165118
 -3242.063772885232 5110.64106222893 5558.902254626702 -7417.344606165118
 -24063.38160628641 26887.38918986207 5802.074713068152 -7353.659265733815
 -15815.55562188912 -34042.91024205282 -21557.42614153237 -19300.83792179016
 31460.6154773178 25645.06321769816 -4337.016326461466 -2365.030812500911
 -3242.063772885232 5110.64106222893 5558.902254626702 -7417.344606165118
 -3242.063772885232 5110.64106222893 5558.902254626702 -7417.344606165118
 -9742.154370291286 1630.877927581631 9338.340417268184 -1187.643890138514
 -5205.388767188704 20895.25811880842 -27742.2073711027 -4417.799283524426
 -3242.063772885232 5110.64106222893 5558.902254626702 -7417.344606165118
 -3242.063772885232 5110.64106222893 5558.902254626702 -7417.344606165118
 -3242.063772885232 5110.64106222893 5558.902254626702 -7417.344606165118
 -3242.063772885232 5110.64106222893 5558.902254626702 -7417.344606165118
 -3242.063772885232 5110.64106222893 5558.902254626702 -7417.344606165118
 -3242.063772885232 5110.64106222893 5558.902254626702 -7417.344606165118
 -9265.280247310307 4737.886246054148 -3428.220529342138 8166.638559470481
 -3242.063772885232 5110.64106222893 5558.902254626702 -7417.344606165118
 -3242.063772885232 5110.64106222893 5558.902254626702 -7417.344606165118
 -3242.063772885232 5110.64106222893 5558.902254626702 -7417.344606165118
 -4564.797945616275 10681.05602895808 -4778.057446240464 29044.62013701953
 -3242.063772885232 5110.64106222893 5558.902254626702 -7417.344606165118
 5749.161221701543 7742.81415103134 -6912.032605923618 8101.337602967062
 -3135.587872435997 9909.004941916759 -6252.329625192582 3873.889132477954
 -3242.063772885232 5110.64106222893 5558.902254626702 -7417.344606165118
 -3242.063772885232 5110.64106222893 5558.902254626702 -7417.344606165118
 -3242.063772885232 5110.64106222893 5558.902254626702 -7417.344606165118
 -3242.063772885232 5110.64106222893 5558.902254626702 -7417.344606165118
 11055.96253155939 9681.404438011672 11221.80209219668 -12801.75416783259
 -3242.063772885232 5110.64106222893 5558.902254626702 -7417.344606165118
 -3242.063772885232 5110.64106222893 5558.902254626702 -7417.344606165118
 -3242.063772885232 5110.64106222893 5558.902254626702 -7417.344606165118
 -3242.063772885232 5110.64106222893 5558.902254626702 -7417.344606165118
 -3242.063772885232 5110.64106222893 5558.902254626702 -7417.344606165118
 -3242.063772885232 5110.64106222893 5558.902254626702 -7417.344606165118
 -3242.063772885232 5110.64106222893 5558.902254626702 -7417.344606165118
 -3242.063772885232 5110.64106222893 5558.902254626702 -7417.344606165118
 -5503.5971833973 -11918.56719416404 14613.78538987117 -30131.52865479954
 -3242.063772885232 5110.64106222893 5558.902254626702 -7417.344606165118
 -3242.063772885232 5110.64106222893 5558.902254626702 -7417.344606165118
 4113.298501043622 7110.824086065491 -2492.642148681149 -7641.093077881115
 -3242.063772885232 5110.64106222893 5558.902254626702 -7417.344606165118
 -3242.063772885232 5110.64106222893 5558.902254626702 -7417.344606165118
 37146.39607227425 -58563.37465615386 -33378.92662614011 10606.66427604863
 -3837.787732470055 -81024.20756446593 -7786.442274130402 22973.58453936873
 -5391.875085893315 -4342.58132021579 274.6442745945969 9713.159067782359
 -3242.063772885232 5110.64106222893 5558.902254626702 -7417.344606165118
 -3242.063772885232 5110.64106222893 5558.902254626702 -7417.344606165118
 -9742.154370291286 1630.877927581631 9338.340417268184 -1187.643890138514
 41289.23239316588 -4089.071106449982 12777.75274596151 9415.75956571439
 -3242.063772885232 5110.64106222893 5558.902254626702 -7417.344606165118
 -36577.72180847706 18782.49524493454 41302.73608107377 -1467.548113580158
 -3242.063772885232 5110.64106222893 5558.902254626702 -7417.344606165118
 -3242.063772885232 5110.64106222893 5558.902254626702 -7417.344606165118
 2933.680782429617 503.145273005993 12307.09483482921 377.100297000371
 4398.891437060681 -3280.100380714984 25697.06242990899 4938.719771930644
 -22902.74133942431 15802.31393430444 2962.546863980321 -13309.0503312515
 1177.787411722818 -6795.58841119856 956.044391647918 4443.835277546859
 7838.588991377674 -5574.939884435163 2764.767534562343 2128.488311277189
 -3242.063772885232 5110.64106222893 5558.902254626702 -7417.344606165118
 -3242.063772885232 5110.64106222893 5558.902254626702 -7417.344606165118
 -3242.063772885232 5110.64106222893 5558.902254626702 -7417.344606165118
 9284.326906354006 -7596.791710428201 -1167.271117711818 -868.2931908848514
 -5391.875085893315 -4342.58132021579 274.6442745945969 9713.159067782359
 -3242.063772885232 5110.64106222893 5558.902254626702 -7417.344606165118
 -3242.063772885232 5110.64106222893 5558.902254626702 -7417.344606165118
 -9345.608581356044 -1553.880795615045 1073.938430940269 9635.502678720386
 -3242.063772885232 5110.64106222893 5558.902254626702 -7417.344606165118
 -3242.063772885232 5110.64106222893 5558.902254626702 -7417.344606165118
 -6848.439738762607 21784.52187409341 20085.65079874343 22805.86366542892
 -3242.063772885232 5110.64106222893 5558.902254626702 -7417.344606165118
 -3242.063772885232 5110.64106222893 5558.902254626702 -7417.344606165118
 -3242.063772885232 5110.64106222893 5558.902254626702 -7417.344606165118
 -3242.063772885232 5110.64106222893 5558.902254626702 -7417.344606165118
 -1637.732226726568 9967.83640559197 -1280.237021546411 -7086.266306783838
 -3242.063772885232 5110.64106222893 5558.902254626702 -7417.344606165118
 -3242.063772885232 5110.64106222893 5558.902254626702 -7417.344606165118
 -9345.608581356044 -1553.880795615045 1073.938430940269 9635.502678720386
 -3242.063772885232 5110.64106222893 5558.902254626702 -7417.344606165118
 -3242.063772885232 5110.64106222893 5558.902254626702 -7417.344606165118
 6166.710533048998 -468.1204073311001 1374.806085256956 -6027.595285457184
 -3242.063772885232 5110.64106222893 5558.902254626702 -7417.344606165118
 -3242.063772885232 5110.64106222893 5558.902254626702 -7417.344606165118
 1360.570189277534 -330.2658065980777 8101.555618263308 -8974.371980915425
 -3242.063772885232 5110.64106222893 5558.902254626702 -7417.344606165118
 2501.331945294331 12623.02589329596 -2982.1177386979 -7607.214125993674
 -3242.063772885232 5110.64106222893 5558.902254626702 -7417.344606165118
 -3242.063772885232 5110.64106222893 5558.902254626702 -7417.344606165118
 -3242.063772885232 5110.64106222893 5558.902254626702 -7417.344606165118
 3090.393379898906 3177.111047806593 -1705.16919494946 4714.155087882618
 -3242.063772885232 5110.64106222893 5558.902254626702 -7417.344606165118
 -3242.063772885232 5110.64106222893 5558.902254626702 -7417.344606165118
 -3242.063772885232 5110.64106222893 5558.902254626702 -7417.344606165118
 -3242.063772885232 5110.64106222893 5558.902254626702 -7417.344606165118
 -3242.063772885232 5110.64106222893 5558.902254626702 -7417.344606165118
 -3242.063772885232 5110.64106222893 5558.902254626702 -7417.344606165118
 6593.044839037873 -2307.148998703855 3610.411010234449 -7691.752160448365
 4162.61100865022 23950.84773261326 29917.47171057647 -5889.005103259301
 22057.2656333041 -5515.503827782668 -18053.32466689677 46417.95683175946
 22057.2656333041 -5515.503827782668 -18053.32466689677 46417.95683175946
 -3242.063772885232 5110.64106222893 5558.902254626702 -7417.344606165118
 -3242.063772885232 5110.64106222893 5558.902254626702 -7417.344606165118
