# Created by Octave 4.2.1, Mon Oct 09 19:51:01 2017 BRT <root@mosqueiro>
# name: pop
# type: matrix
# rows: 1000
# columns: 4
 -5017.364251005478 -2983.313326646901 6447.504496477781 1552.457711808119
 -5017.364251005478 -2983.313326646901 6447.504496477781 1552.457711808119
 -5017.364251005478 -2983.313326646901 6447.504496477781 1552.457711808119
 -5017.364251005478 -2983.313326646901 6447.504496477781 1552.457711808119
 -5017.364251005478 -2983.313326646901 6447.504496477781 1552.457711808119
 -5017.369077821971 -2983.305962168637 6447.518051125146 1552.447052010088
 -5017.652728640845 -2983.117587254771 6447.544569932099 1552.56842373725
 -5016.402968709818 -2982.849730784466 6443.820194338092 1554.716124470449
 -5017.364251005478 -2983.313326646901 6447.504496477781 1552.457711808119
 -5017.364251005478 -2983.313326646901 6447.504496477781 1552.457711808119
 -5018.170758385132 -2982.285432195654 6446.779550495605 1552.919025725917
 -5016.396758930014 -2982.674349026219 6443.807792176053 1554.655672563249
 -5017.386015084709 -2983.316471322473 6447.472876341988 1552.505493733531
 -5016.402968709818 -2982.849730784466 6443.820194338092 1554.716124470449
 -5017.992783309098 -2982.11731898659 6447.003229202737 1552.775801152004
 -5017.362246801551 -2983.316651906146 6447.490740233087 1552.471879146474
 -4995.481974685797 -3013.580273584622 6421.426943216164 1586.9186807269
 -5017.386015084709 -2983.316471322473 6447.472876341988 1552.505493733531
 -4991.058366042561 -3008.194403422462 6415.201122521249 1583.509533257861
 -5016.402968709818 -2982.849730784466 6443.820194338092 1554.716124470449
 -5017.386015084709 -2983.316471322473 6447.472876341988 1552.505493733531
 -4995.481974685797 -3013.580273584622 6421.426943216164 1586.9186807269
 -4993.1068250101 -3008.417033474075 6415.02585129796 1585.788450883973
 -4995.175297514254 -3013.823092527477 6421.292576340182 1587.039539132592
 -5016.363146092333 -2982.8810954728 6443.789791570869 1554.742431238282
 -5029.574531124914 -2984.02350230331 6436.857605332716 1546.135542967927
 -5016.376615240914 -2982.69199037718 6443.818254701167 1554.632604343973
 -5017.992783309098 -2982.11731898659 6447.003229202737 1552.775801152004
 -5018.18517326333 -2982.301395300432 6446.941820845078 1552.894291185201
 -5017.364251005478 -2983.313326646901 6447.504496477781 1552.457711808119
 -5017.943788979957 -2982.069316783434 6446.978410925073 1552.831805511898
 -4992.675064919436 -3008.445175361833 6415.773756157111 1585.131771042041
 -5017.384248769449 -2983.297945161174 6447.46650001119 1552.526496795735
 -5017.856559023329 -2982.853885069218 6447.135717985105 1552.65685466455
 -4995.175297514254 -3013.823092527477 6421.292576340182 1587.039539132592
 -4994.241621806728 -3011.406951192923 6417.249613716166 1587.53929727368
 -5017.386015084709 -2983.316471322473 6447.472876341988 1552.505493733531
 -5016.402968709818 -2982.849730784466 6443.820194338092 1554.716124470449
 -5017.992783309098 -2982.11731898659 6447.003229202737 1552.775801152004
 -5016.376615240914 -2982.69199037718 6443.818254701167 1554.632604343973
 -5017.386015084709 -2983.316471322473 6447.472876341988 1552.505493733531
 -5018.271221042258 -2982.198867407592 6446.910305798049 1552.850322694259
 -5016.402968709818 -2982.849730784466 6443.820194338092 1554.716124470449
 -5016.376615240914 -2982.69199037718 6443.818254701167 1554.632604343973
 -5019.122979945748 -2977.810467097001 6440.898004393863 1555.209714342999
 -5017.371466029941 -2983.246848524596 6447.505452865497 1552.567585671816
 -5017.386015084709 -2983.316471322473 6447.472876341988 1552.505493733531
 -5017.995418981828 -2982.128371010616 6447.044317177336 1552.699983280276
 -5018.988848935918 -2977.876842585827 6440.775824585766 1555.422211994852
 -5017.364251005478 -2983.313326646901 6447.504496477781 1552.457711808119
 -5016.402968709818 -2982.849730784466 6443.820194338092 1554.716124470449
 -5016.402968709818 -2982.849730784466 6443.820194338092 1554.716124470449
 -5016.402968709818 -2982.849730784466 6443.820194338092 1554.716124470449
 -5017.364251005478 -2983.313326646901 6447.504496477781 1552.457711808119
 -4993.1068250101 -3008.417033474075 6415.02585129796 1585.788450883973
 -4995.481974685797 -3013.580273584622 6421.426943216164 1586.9186807269
 -5017.386015084709 -2983.316471322473 6447.472876341988 1552.505493733531
 -5017.386015084709 -2983.316471322473 6447.472876341988 1552.505493733531
 -4995.481974685797 -3013.580273584622 6421.426943216164 1586.9186807269
 -5016.402968709818 -2982.849730784466 6443.820194338092 1554.716124470449
 -5016.402968709818 -2982.849730784466 6443.820194338092 1554.716124470449
 -5017.38132397907 -2983.322737129709 6447.516725926886 1552.456673273206
 -5017.364251005478 -2983.313326646901 6447.504496477781 1552.457711808119
 -5017.294275361623 -2983.384002058882 6447.419247672738 1552.649726255404
 -4992.598528051896 -3008.366981801299 6415.896530081 1585.058856400466
 -5016.402968709818 -2982.849730784466 6443.820194338092 1554.716124470449
 -5017.325709233104 -2983.275038397277 6447.582026109092 1552.527333719076
 -5018.977923266052 -2977.783775745662 6440.71503300968 1555.280267566299
 -5017.386015084709 -2983.316471322473 6447.472876341988 1552.505493733531
 -4993.1068250101 -3008.417033474075 6415.02585129796 1585.788450883973
 -5017.386015084709 -2983.316471322473 6447.472876341988 1552.505493733531
 -4990.96489920366 -2982.590917416302 6440.157270125615 1579.662906310385
 -5017.364251005478 -2983.313326646901 6447.504496477781 1552.457711808119
 -5016.220588510153 -2982.685425806858 6443.771691495828 1554.730283512407
 -5017.364251005478 -2983.313326646901 6447.504496477781 1552.457711808119
 -5017.386015084709 -2983.316471322473 6447.472876341988 1552.505493733531
 -5017.364251005478 -2983.313326646901 6447.504496477781 1552.457711808119
 -5017.364251005478 -2983.313326646901 6447.504496477781 1552.457711808119
 -5016.402968709818 -2982.849730784466 6443.820194338092 1554.716124470449
 -4993.1068250101 -3008.417033474075 6415.02585129796 1585.788450883973
 -5017.364251005478 -2983.313326646901 6447.504496477781 1552.457711808119
 -5016.376615240914 -2982.69199037718 6443.818254701167 1554.632604343973
 -4992.056256948691 -3008.909652154612 6415.062258825402 1585.170137304868
 -4993.097380334105 -3008.455180216687 6415.072156719096 1585.813651049935
 -4995.481974685797 -3013.580273584622 6421.426943216164 1586.9186807269
 -5017.386015084709 -2983.316471322473 6447.472876341988 1552.505493733531
 -5018.271221042258 -2982.198867407592 6446.910305798049 1552.850322694259
 -5017.386015084709 -2983.316471322473 6447.472876341988 1552.505493733531
 -5016.406778981604 -2982.84663569734 6443.79211448523 1554.697201917434
 -4992.675064919436 -3008.445175361833 6415.773756157111 1585.131771042041
 -5017.386015084709 -2983.316471322473 6447.472876341988 1552.505493733531
 -4995.481974685797 -3013.580273584622 6421.426943216164 1586.9186807269
 -5017.993906920512 -2982.103800084431 6447.01427531328 1552.780741921699
 -5016.487396914128 -2982.656643714799 6443.82201147438 1554.623268392913
 -4995.481974685797 -3013.580273584622 6421.426943216164 1586.9186807269
 -5016.402968709818 -2982.849730784466 6443.820194338092 1554.716124470449
 -4993.056410160709 -3008.292807743033 6415.042761874035 1585.765027860762
 -4994.096986596236 -3006.817916678147 6415.47876749746 1585.014491038966
 -4993.1068250101 -3008.417033474075 6415.02585129796 1585.788450883973
 -5018.977923266052 -2977.783775745662 6440.71503300968 1555.280267566299
 -4992.598528051896 -3008.366981801299 6415.896530081 1585.058856400466
 -5017.992783309098 -2982.11731898659 6447.003229202737 1552.775801152004
 -5016.388359340988 -2982.82550325724 6443.813270539086 1554.679023135973
 -5017.992783309098 -2982.11731898659 6447.003229202737 1552.775801152004
 -5016.389567658391 -2982.68942318625 6443.855427959709 1554.602343310915
