# Created by Octave 4.2.1, Mon Oct 09 19:02:30 2017 BRT <root@mosqueiro>
# name: pop
# type: matrix
# rows: 1000
# columns: 4
 9002.186057942028 -6161.081968533234 4715.821025300576 -1172.928720746238
 4045.201886150635 3999.448305583963 -8172.999263069082 3576.381230341503
 -352.0834574158507 662.0615914754926 7646.757642322176 -7732.829276300747
 -1774.605233865928 8087.678142228368 -7217.290881691981 6519.483394863637
 -8397.507433693789 6230.409348838502 -8680.226124415465 1866.727499873952
 6216.977577977917 4138.553925308264 -6671.170974755983 -5779.927247004955
 1856.790855376337 153.3539359372844 354.8496486153927 -8504.140508322273
 3544.933695598733 6215.676436883758 -5090.36990515669 2367.869774493414
 -5400.96947081576 -7141.133252204383 -5653.200534485533 14.0087540533732
 865.0791083915374 7128.465731710879 8161.189291376391 -1122.921619905581
 1800.918111768988 9058.809575754076 -3960.915051590427 2661.171930241324
 -7543.812153782335 -129.9576954738277 -6532.83259198055 -4831.915865545406
 9092.621368619621 -7088.146006771153 -5449.718950157726 -1179.286643431691
 -2146.18721506196 4639.784635379614 1862.523003546765 3707.599207491701
 -2034.398598315722 -8288.485062736465 8044.872663317758 63.27945300857937
 -5512.884681362346 -9766.843230907196 -6551.349113337956 1152.341887577582
 -7286.469088911315 -1166.29667342892 7723.84391042397 1773.216641377585
 -1641.471962047655 -2408.558831753372 5808.422609362879 1686.249374270228
 5339.947784195563 -1851.990242431699 6068.203577182227 7308.244116206417
 4157.682507744146 7614.909783289553 3004.062539181252 8479.861821753664
 2731.576303538508 -7758.608471661467 2721.933979927149 -9164.602782979835
 3576.781721146634 7263.150313411788 9753.273980651044 -4179.670400309508
 6817.449946071036 3942.131151702837 7639.139128867311 -1096.034254065034
 -5062.831910880047 -5308.815471633893 7609.460306170913 -1362.166691843335
 1076.072681410462 -3070.934480694273 3200.970777750888 -4820.292089090871
 3940.964725362044 3411.351401576907 -3307.19872585097 -2336.900917182009
 2184.856654806616 6616.498241279514 -2140.971139104365 -7996.59412580308
 -8263.323152163481 -8304.354125078889 9453.777491628647 -1261.67913812292
 9637.106464417819 2788.059346876566 -379.0295517923987 8367.837184129607
 -5675.212212243171 2508.322227990267 -242.7151826114823 -7501.680305898288
 -5956.036706934979 7196.072917030295 -4130.128805390091 7429.359140695116
 3840.834437221663 2583.519699311772 -6249.560995222746 6561.577061865104
 7565.161193262225 408.3281251568405 -8905.141076634372 5723.352590589862
 6471.180676962063 612.4862076435347 433.4781412957582 -6272.919000988285
 2599.628402893401 -5621.972503777909 -4026.594538034326 -2745.483141399275
 2227.254317039673 3155.235497438885 -1062.355103967635 3121.720863113856
 -1444.732668244525 7745.190150335511 -5888.956446723028 -8349.811835283268
 -9919.558651251084 -8986.41464060088 332.3219913755038 -1479.646468086023
 -7143.780325754467 2742.412701807678 -8855.311024295859 -6116.376570701761
 -4468.488366846896 5483.755458404255 -8856.366383524042 3043.289022785071
 -9578.438933881189 3397.355213542383 438.9983054615004 7355.887735445882
 5944.813113999035 1368.896857791799 -6962.428652483793 9272.264955700735
 1988.322907567162 -1940.14569008409 -9648.541509520361 2441.770333992112
 9870.595067325925 -6363.308096998842 8673.051512231188 2123.091523853212
 -7827.703107211724 6639.539429398708 7196.838542202157 1375.945888845428
 8480.616405388289 362.758257072308 2356.153925603221 -590.4393819223733
 2555.846416965323 -3782.176024496732 -2502.036913648845 2075.927043414416
 -9262.679100443931 4117.316145419769 -3978.61107458629 2981.552748120828
 6047.241681327043 6159.657431366983 7205.252948090791 -9375.561087665255
 6488.580567689365 1465.098012733743 2746.205917186375 6.916056646587094
 -2140.473424407597 -9987.945421500841 376.8064312091046 6308.591887838435
 -1315.570220669024 6264.16065490523 8374.419497816994 -922.3861029564941
 -7773.946240633593 5408.517042107002 -8832.645899650119 -4873.585561787052
 9975.467982817507 -1659.27288176627 -2788.129444974704 4922.16651504991
 3347.344481526396 4394.32007834666 1450.942719269424 -2789.320920516512
 4796.708244981011 9542.944750697319 5327.219680688764 1059.411576357348
 160.4299323823379 -8143.129480468393 -1961.790088732368 9275.930886855447
 -6374.107134558984 -3735.386474266316 -8112.655423137837 -8323.891782441227
 6778.383191806985 -625.2809640047217 386.906190408683 6762.066940706252
 5495.496789545516 7291.038498259422 3701.302145088328 -1723.255287646916
 4559.588672474756 -7712.646027779534 9999.086853156354 8181.532370518715
 -6486.158712803275 -1235.087815843648 1317.935870755015 6676.218113621955
 -951.7298513682854 3355.456612807116 -2487.653982134063 -1893.872396558799
 -8670.413609354368 5142.972002403112 -9168.797568374626 1848.431815901165
 -3624.3299263071 8255.126289532789 -5538.112072291724 -3529.202825364909
 -7009.209346519145 6844.979019142822 434.4632527095982 -2273.890349767288
 -4022.505224193204 -6361.387282373584 2486.14546732292 6060.20622699398
 -2408.718564864144 6463.051108067979 3775.48991312496 -2593.257527077527
 6697.788421008492 -9557.248852752866 4661.553358137722 -5512.288529149008
 -4026.138303372023 -716.05150014014 1022.80277414659 -2736.124188978245
 297.8175684382386 9846.187237682214 2953.117029422183 7655.341974562183
 1097.936485899652 3743.48247554965 8006.926248733973 7972.109134423245
 4440.366712614172 -472.6964750095012 5173.537576017832 278.4995297098685
 6573.73651069793 8740.605001080465 9322.238489236934 3440.647098974012
 -6788.711116107472 -4109.689341626618 -5270.355586869809 2202.849694561395
 -2944.857404960778 7508.136472464525 3382.30989102825 4648.358049537492
 2202.65298722947 5095.05267716112 -7442.90852050369 8899.608327969276
 1031.718144914155 707.1526829920731 5796.655839250407 3853.691925435214
 -4903.137056669714 -1683.650277396564 -564.2687654318488 306.2292293977607
 -7020.370810712374 -1179.48017990215 3532.920825382771 3442.892049748212
 -859.3445861561268 -9944.513416554695 -4177.860498524485 7267.330126825393
 6558.55008405917 8017.166964149284 -1527.142310941124 6475.991977529462
 -2773.775879356392 3150.776494308189 1176.321903699738 -9212.159586524382
 3752.533276265953 -2163.18866642779 9957.155647249983 -1906.009719051825
 2104.758008202834 -6264.635490450011 7486.120891866158 -2019.851492611785
 -1413.3233780792 5053.287808042032 -9195.299213677097 3063.559002322736
 -5545.982878558525 9207.305334325923 2522.816854778113 7667.568732723459
 -5716.590374244678 -9879.045119468043 -71.73571467713191 -955.8412925768953
 8141.075406982753 5803.538633968757 -1470.072841659046 5210.669029858835
 -8591.491617632848 -9093.272836421042 3957.32763238722 -3061.453399212636
 3494.322917764066 -3830.570356052277 9347.164590331096 -8272.288270230425
 5362.470184914606 7179.275701242095 -2259.908957451823 9713.526327037158
 2822.328137534465 9016.715012873734 -6215.836071025903 7895.659956911735
 -8248.188514377407 7912.567218739208 -2732.482324219169 -8543.441098947318
 6736.105755131841 347.7203841006267 7362.176072700826 -6328.201367634409
 7838.704790267122 9783.496411349464 6417.083664367037 2505.890579540182
 7591.389950560202 -1874.825754161232 694.6427392909245 -222.0999654950811
 636.71177562919 -9043.42659903457 -5150.47810612726 -8243.226757349748
 -8616.25834046918 8259.565663206897 -5938.449300318816 -2613.325012466511
 7405.836334990894 -3089.217629667374 -2256.162049852957 9918.854465507706
 -236.3948328286006 1396.020533998615 5518.980114614567 7216.700217942987
 5853.553711105946 6580.48365702614 2635.390664963115 -8826.067678593425
 7778.027845443561 8854.227310563478 8746.970635852354 -5463.734712766632
 -6896.537441883174 9394.631160392062 -875.0165210204214 105.5597728236171
 6040.604042236686 4939.6408026847 -1005.063575002536 -591.3805025865622
