# Created by Octave 4.2.1, Mon Oct 09 19:40:11 2017 BRT <root@mosqueiro>
# name: pop
# type: matrix
# rows: 1000
# columns: 4
 -7480.435130299403 -1323.738457048257 4102.306969383488 4700.881856917817
 -7480.435130299403 -1323.738457048257 4102.306969383488 4700.881856917817
 -7480.435130299403 -1323.738457048257 4102.306969383488 4700.881856917817
 -7480.435130299403 -1323.738457048257 4102.306969383488 4700.881856917817
 -7480.435130299403 -1323.738457048257 4102.306969383488 4700.881856917817
 -7395.791088765245 -1308.165518290362 4062.623926302736 4640.333799653859
 -7223.671743611782 -1740.374871792942 4266.376097292722 4711.863281305262
 -7481.569794447016 -1323.528330876475 4103.402975084896 4700.743403129503
 -10324.82158791877 -379.1637934029191 6712.090700467143 4000.236401409895
 -7481.569794447016 -1323.528330876475 4103.402975084896 4700.743403129503
 -7481.569794447016 -1323.528330876475 4103.402975084896 4700.743403129503
 -7481.888383969334 -1323.130268072535 4103.539964635918 4700.511111720243
 -7480.435130299403 -1323.738457048257 4102.306969383488 4700.881856917817
 -7481.569794447016 -1323.528330876475 4103.402975084896 4700.743403129503
 -10326.60168527632 -400.3281394498097 6730.128818757727 4018.052610535889
 -7481.569794447016 -1323.528330876475 4103.402975084896 4700.743403129503
 -7243.465826283204 -1703.319203678468 4274.926953201226 4671.838563233879
 -7480.435130299403 -1323.738457048257 4102.306969383488 4700.881856917817
 -7481.569794447016 -1323.528330876475 4103.402975084896 4700.743403129503
 -7482.094331657878 -1323.037964606764 4103.418127125473 4701.480809062154
 -7395.791088765245 -1308.165518290362 4062.623926302736 4640.333799653859
 -7481.569794447016 -1323.528330876475 4103.402975084896 4700.743403129503
 -7491.542270066717 -1280.963730190158 4122.628217723389 4650.794817853656
 -7395.791088765245 -1308.165518290362 4062.623926302736 4640.333799653859
 -7395.791088765245 -1308.165518290362 4062.623926302736 4640.333799653859
 -7480.435130299403 -1323.738457048257 4102.306969383488 4700.881856917817
 -7481.569794447016 -1323.528330876475 4103.402975084896 4700.743403129503
 -7395.791088765245 -1308.165518290362 4062.623926302736 4640.333799653859
 -7480.435130299403 -1323.738457048257 4102.306969383488 4700.881856917817
 -7480.526815774944 -1323.922392268633 4102.853088713285 4700.604413649462
 -7481.569794447016 -1323.528330876475 4103.402975084896 4700.743403129503
 -7481.569794447016 -1323.528330876475 4103.402975084896 4700.743403129503
 -7481.740243110692 -1322.901138879308 4103.305722664112 4700.425045606845
 -7243.465826283204 -1703.319203678468 4274.926953201226 4671.838563233879
 -7481.569794447016 -1323.528330876475 4103.402975084896 4700.743403129503
 -7491.865371243563 -1279.919388748291 4122.190138072696 4649.739851641287
 -7480.435130299403 -1323.738457048257 4102.306969383488 4700.881856917817
 -7481.569794447016 -1323.528330876475 4103.402975084896 4700.743403129503
 -7491.066205327897 -1279.156820128095 4122.544806274113 4651.124775347774
 -7481.569794447016 -1323.528330876475 4103.402975084896 4700.743403129503
 -7481.569794447016 -1323.528330876475 4103.402975084896 4700.743403129503
 -7481.569794447016 -1323.528330876475 4103.402975084896 4700.743403129503
 -7481.569794447016 -1323.528330876475 4103.402975084896 4700.743403129503
 -7395.791088765245 -1308.165518290362 4062.623926302736 4640.333799653859
 -7395.791088765245 -1308.165518290362 4062.623926302736 4640.333799653859
 -7479.753705356803 -1323.635842683684 4102.740233232189 4702.510265773895
 -7395.957302562516 -1308.13698957993 4062.507273395961 4640.619078295696
 -7243.441282487503 -1703.901679808658 4275.309611486497 4671.741861938845
 -7481.49543864088 -1323.260726627371 4103.978644303807 4700.570250559828
 -7481.569794447016 -1323.528330876475 4103.402975084896 4700.743403129503
 -7481.537737586321 -1323.179391259974 4102.957923153678 4700.627110950319
 -7481.569794447016 -1323.528330876475 4103.402975084896 4700.743403129503
 -7395.722150795585 -1308.755512988435 4063.087976649045 4640.165921573706
 -7481.315988263188 -1323.860928761404 4103.54774838283 4700.507729826665
 -5737.98870350066 -1082.930591420158 3569.758530177905 3260.315854470912
 -7481.569794447016 -1323.528330876475 4103.402975084896 4700.743403129503
 -7490.463589399388 -1281.20334686709 4124.477709340928 4648.646079449929
 -7481.569794447016 -1323.528330876475 4103.402975084896 4700.743403129503
 -7480.596672322304 -1322.742553898817 4109.13788731317 4696.608222944636
 -7481.569794447016 -1323.528330876475 4103.402975084896 4700.743403129503
 -7481.569794447016 -1323.528330876475 4103.402975084896 4700.743403129503
 -7481.569794447016 -1323.528330876475 4103.402975084896 4700.743403129503
 -7395.791088765245 -1308.165518290362 4062.623926302736 4640.333799653859
 -7395.791088765245 -1308.165518290362 4062.623926302736 4640.333799653859
 -7073.948417220177 -1215.900545372674 3597.309316735785 4691.978296328961
 -7481.569794447016 -1323.528330876475 4103.402975084896 4700.743403129503
 -7481.569794447016 -1323.528330876475 4103.402975084896 4700.743403129503
 -7481.569794447016 -1323.528330876475 4103.402975084896 4700.743403129503
 -7480.435130299403 -1323.738457048257 4102.306969383488 4700.881856917817
 -7481.569794447016 -1323.528330876475 4103.402975084896 4700.743403129503
 -7395.791088765245 -1308.165518290362 4062.623926302736 4640.333799653859
 -7481.569794447016 -1323.528330876475 4103.402975084896 4700.743403129503
 -7507.627426785048 -1268.604374078065 4106.963173990803 4667.979020498449
 -7395.791088765245 -1308.165518290362 4062.623926302736 4640.333799653859
 -7491.422806684446 -1282.132029786577 4122.230038331351 4649.69920826269
 -7481.315988263188 -1323.860928761404 4103.54774838283 4700.507729826665
 -10323.03378187077 -377.6856291054864 6715.026074308254 3999.291885150938
 -7491.529899201742 -1280.730470886659 4123.226556837494 4650.110204086179
 -7395.791088765245 -1308.165518290362 4062.623926302736 4640.333799653859
 -7481.814284265866 -1323.992187791309 4103.24071287513 4700.483016018585
 -7481.569794447016 -1323.528330876475 4103.402975084896 4700.743403129503
 -7481.569794447016 -1323.528330876475 4103.402975084896 4700.743403129503
 -7481.569794447016 -1323.528330876475 4103.402975084896 4700.743403129503
 -7480.435130299403 -1323.738457048257 4102.306969383488 4700.881856917817
 -7481.569794447016 -1323.528330876475 4103.402975084896 4700.743403129503
 -7488.758253472203 -1281.332418570152 4129.184033809253 4650.479159240864
 -7481.569794447016 -1323.528330876475 4103.402975084896 4700.743403129503
 -7243.465826283204 -1703.319203678468 4274.926953201226 4671.838563233879
 -7395.791088765245 -1308.165518290362 4062.623926302736 4640.333799653859
 -7243.465826283204 -1703.319203678468 4274.926953201226 4671.838563233879
 -7480.435130299403 -1323.738457048257 4102.306969383488 4700.881856917817
 -7481.774028198752 -1323.757961335882 4104.349482735709 4700.04375578573
 -7481.569794447016 -1323.528330876475 4103.402975084896 4700.743403129503
 -7480.435130299403 -1323.738457048257 4102.306969383488 4700.881856917817
 -7481.569794447016 -1323.528330876475 4103.402975084896 4700.743403129503
 -7481.569794447016 -1323.528330876475 4103.402975084896 4700.743403129503
 -7395.791088765245 -1308.165518290362 4062.623926302736 4640.333799653859
 -7481.569794447016 -1323.528330876475 4103.402975084896 4700.743403129503
 -7479.296027477604 -1333.289296071259 4101.832236093644 4688.864267121779
 -7491.357089269941 -1281.035141976859 4123.025856152989 4650.102740940573
 -7481.569794447016 -1323.528330876475 4103.402975084896 4700.743403129503
 -7481.569794447016 -1323.528330876475 4103.402975084896 4700.743403129503
 -7243.465826283204 -1703.319203678468 4274.926953201226 4671.838563233879
 -7481.569794447016 -1323.528330876475 4103.402975084896 4700.743403129503
 -7481.315988263188 -1323.860928761404 4103.54774838283 4700.507729826665
