# Created by Octave 4.2.1, Mon Oct 09 19:19:56 2017 BRT <root@mosqueiro>
# name: pop
# type: matrix
# rows: 1000
# columns: 4
 -7110.832997500815 9259.01517918695 9222.633035726509 -11371.84441947265
 -7110.832997500815 9259.01517918695 9222.633035726509 -11371.84441947265
 -7110.832997500815 9259.01517918695 9222.633035726509 -11371.84441947265
 -7110.832997500815 9259.01517918695 9222.633035726509 -11371.84441947265
 -7110.832997500815 9259.01517918695 9222.633035726509 -11371.84441947265
 -7110.832997500815 9259.01517918695 9222.633035726509 -11371.84441947265
 -7110.832997500815 9259.01517918695 9222.633035726509 -11371.84441947265
 -8024.799110750764 9542.032966478979 8597.116579173309 -10113.72082342853
 -7110.832997500815 9259.01517918695 9222.633035726509 -11371.84441947265
 -7110.832997500815 9259.01517918695 9222.633035726509 -11371.84441947265
 -7110.832997500815 9259.01517918695 9222.633035726509 -11371.84441947265
 -7169.826561157347 9244.889888163483 9008.084035636477 -11084.17672481621
 -7174.166237755029 9245.062469250099 9002.367111187234 -11090.96913912961
 -7110.832997500815 9259.01517918695 9222.633035726509 -11371.84441947265
 -7110.832997500815 9259.01517918695 9222.633035726509 -11371.84441947265
 -7169.826561157347 9244.889888163483 9008.084035636477 -11084.17672481621
 -7169.826561157347 9244.889888163483 9008.084035636477 -11084.17672481621
 -7169.826561157347 9244.889888163483 9008.084035636477 -11084.17672481621
 -7169.826561157347 9244.889888163483 9008.084035636477 -11084.17672481621
 -7115.086841713512 9265.399596454603 9223.269812775507 -11359.378163415
 -7169.826561157347 9244.889888163483 9008.084035636477 -11084.17672481621
 -7111.61743285197 9257.827744566517 9220.372217468357 -11371.17410340042
 -7169.826561157347 9244.889888163483 9008.084035636477 -11084.17672481621
 -7169.826561157347 9244.889888163483 9008.084035636477 -11084.17672481621
 -7991.742986580851 9533.076291205038 8633.950150833352 -10170.4998353404
 -7169.826561157347 9244.889888163483 9008.084035636477 -11084.17672481621
 -7110.832997500815 9259.01517918695 9222.633035726509 -11371.84441947265
 -7110.832997500815 9259.01517918695 9222.633035726509 -11371.84441947265
 -6105.761915397862 7968.859892418128 9225.252817785442 -11539.17386492094
 -7169.826561157347 9244.889888163483 9008.084035636477 -11084.17672481621
 -7148.103312701941 9110.658303641747 9020.659766140016 -10968.80655961632
 -7110.832997500815 9259.01517918695 9222.633035726509 -11371.84441947265
 -7484.005943663328 9439.23210844509 8841.555381771808 -10701.47858896239
 -7110.832997500815 9259.01517918695 9222.633035726509 -11371.84441947265
 -7169.826561157347 9244.889888163483 9008.084035636477 -11084.17672481621
 -7110.832997500815 9259.01517918695 9222.633035726509 -11371.84441947265
 -7148.103312701941 9110.658303641747 9020.659766140016 -10968.80655961632
 -7169.826561157347 9244.889888163483 9008.084035636477 -11084.17672481621
 -7169.826561157347 9244.889888163483 9008.084035636477 -11084.17672481621
 -7169.916320322882 9224.384640228298 9005.275867766959 -11073.79498044542
 -7169.826561157347 9244.889888163483 9008.084035636477 -11084.17672481621
 -7991.742986580851 9533.076291205038 8633.950150833352 -10170.4998353404
 -7110.832997500815 9259.01517918695 9222.633035726509 -11371.84441947265
 -7110.832997500815 9259.01517918695 9222.633035726509 -11371.84441947265
 -7110.832997500815 9259.01517918695 9222.633035726509 -11371.84441947265
 -7169.826561157347 9244.889888163483 9008.084035636477 -11084.17672481621
 -7550.994568967475 9422.043339869355 8908.925889460448 -10742.73349019874
 -7169.826561157347 9244.889888163483 9008.084035636477 -11084.17672481621
 -7991.742986580851 9533.076291205038 8633.950150833352 -10170.4998353404
 -7169.826561157347 9244.889888163483 9008.084035636477 -11084.17672481621
 -7595.544031953646 9555.756943715531 8809.935718629966 -10763.2371090732
 -7110.832997500815 9259.01517918695 9222.633035726509 -11371.84441947265
 -7110.832997500815 9259.01517918695 9222.633035726509 -11371.84441947265
 -7169.826561157347 9244.889888163483 9008.084035636477 -11084.17672481621
 -7110.832997500815 9259.01517918695 9222.633035726509 -11371.84441947265
 -7170.296865225434 9243.362324104748 9010.92267283911 -11087.35662534517
 -7169.826561157347 9244.889888163483 9008.084035636477 -11084.17672481621
 -7169.826561157347 9244.889888163483 9008.084035636477 -11084.17672481621
 -7110.832997500815 9259.01517918695 9222.633035726509 -11371.84441947265
 -7148.103312701941 9110.658303641747 9020.659766140016 -10968.80655961632
 -7147.437023865841 9247.540731352072 9022.177238212051 -11081.13765730242
 -7499.288752125659 9349.902813688044 8904.054362438066 -10699.79461168712
 -7110.832997500815 9259.01517918695 9222.633035726509 -11371.84441947265
 -7169.826561157347 9244.889888163483 9008.084035636477 -11084.17672481621
 -7110.832997500815 9259.01517918695 9222.633035726509 -11371.84441947265
 -7169.826561157347 9244.889888163483 9008.084035636477 -11084.17672481621
 -7145.976364130715 9107.078772434534 9011.772850661093 -10970.65707133199
 -7110.832997500815 9259.01517918695 9222.633035726509 -11371.84441947265
 -7110.832997500815 9259.01517918695 9222.633035726509 -11371.84441947265
 6576.758046005867 -7438.944690946488 -2643.623997230977 3531.87345510228
 -7169.826561157347 9244.889888163483 9008.084035636477 -11084.17672481621
 -7110.832997500815 9259.01517918695 9222.633035726509 -11371.84441947265
 -7110.832997500815 9259.01517918695 9222.633035726509 -11371.84441947265
 -7169.826561157347 9244.889888163483 9008.084035636477 -11084.17672481621
 -7169.826561157347 9244.889888163483 9008.084035636477 -11084.17672481621
 -7110.832997500815 9259.01517918695 9222.633035726509 -11371.84441947265
 -7110.832997500815 9259.01517918695 9222.633035726509 -11371.84441947265
 -7169.826561157347 9244.889888163483 9008.084035636477 -11084.17672481621
 -7169.826561157347 9244.889888163483 9008.084035636477 -11084.17672481621
 -7995.713282832879 9538.064007154142 8634.27622967589 -10171.95502894126
 -7099.757241785261 9263.145906579302 9195.425650386058 -11365.30639091131
 -7169.826561157347 9244.889888163483 9008.084035636477 -11084.17672481621
 -7171.909330842986 9243.595152567683 9013.870726189582 -11084.83409116175
 -7114.230589098666 9256.993415334689 9221.943930269543 -11369.90667633538
 -7169.826561157347 9244.889888163483 9008.084035636477 -11084.17672481621
 -7169.826561157347 9244.889888163483 9008.084035636477 -11084.17672481621
 -7110.832997500815 9259.01517918695 9222.633035726509 -11371.84441947265
 -7169.826561157347 9244.889888163483 9008.084035636477 -11084.17672481621
 -7160.213997881579 9245.372910068883 9005.221898487276 -11077.08079260551
 -7110.832997500815 9259.01517918695 9222.633035726509 -11371.84441947265
 -7169.826561157347 9244.889888163483 9008.084035636477 -11084.17672481621
 -7110.832997500815 9259.01517918695 9222.633035726509 -11371.84441947265
 -7991.105043182953 9534.156662541165 8635.495446575902 -10167.8925029914
 -7110.832997500815 9259.01517918695 9222.633035726509 -11371.84441947265
 -7110.832997500815 9259.01517918695 9222.633035726509 -11371.84441947265
 -7169.826561157347 9244.889888163483 9008.084035636477 -11084.17672481621
 -7110.832997500815 9259.01517918695 9222.633035726509 -11371.84441947265
 -7110.832997500815 9259.01517918695 9222.633035726509 -11371.84441947265
 -7169.826561157347 9244.889888163483 9008.084035636477 -11084.17672481621
 -7169.826561157347 9244.889888163483 9008.084035636477 -11084.17672481621
 -7169.826561157347 9244.889888163483 9008.084035636477 -11084.17672481621
 -7110.832997500815 9259.01517918695 9222.633035726509 -11371.84441947265
 -7169.826561157347 9244.889888163483 9008.084035636477 -11084.17672481621
 -7163.117589662037 9244.268888569623 9002.445847653053 -11081.32383893912
 -7169.826561157347 9244.889888163483 9008.084035636477 -11084.17672481621
