# Created by Octave 4.2.1, Mon Oct 09 19:14:29 2017 BRT <root@mosqueiro>
# name: pop
# type: matrix
# rows: 1000
# columns: 4
 -7550.994568967475 9422.043339869355 8908.925889460448 -10742.73349019874
 6578.308467050072 -7455.179293266177 -2641.327490118966 3562.587425725307
 6578.308467050072 -7455.179293266177 -2641.327490118966 3562.587425725307
 6578.308467050072 -7455.179293266177 -2641.327490118966 3562.587425725307
 6578.308467050072 -7455.179293266177 -2641.327490118966 3562.587425725307
 13007.02402580569 14884.54501959913 11768.6676638117 16780.48094271025
 6578.308467050072 -7455.179293266177 -2641.327490118966 3562.587425725307
 6578.308467050072 -7455.179293266177 -2641.327490118966 3562.587425725307
 -7040.532270698875 9870.56158160745 -4795.900392783596 2258.334994261464
 6578.308467050072 -7455.179293266177 -2641.327490118966 3562.587425725307
 6578.308467050072 -7455.179293266177 -2641.327490118966 3562.587425725307
 -7098.058539897936 -4238.787758363237 5235.765806202829 6758.166675205692
 42362.96821890054 -1370.761291127186 4340.985159567706 -4161.955987397141
 6578.308467050072 -7455.179293266177 -2641.327490118966 3562.587425725307
 5361.222130775774 -9121.304074494727 7073.678430104232 -3224.1967778833
 6578.308467050072 -7455.179293266177 -2641.327490118966 3562.587425725307
 -24000.66714477268 -7842.99867575549 -9914.627657822441 -18591.35747008296
 6578.308467050072 -7455.179293266177 -2641.327490118966 3562.587425725307
 -26927.34343569461 39804.08226431008 3966.559975010204 -9544.98546824344
 6578.308467050072 -7455.179293266177 -2641.327490118966 3562.587425725307
 9601.371260991185 -4061.342868705141 3464.342477403159 -8890.44202215272
 6578.308467050072 -7455.179293266177 -2641.327490118966 3562.587425725307
 11263.69588226326 110.2555919466977 -17379.73075937679 25953.85479091675
 6578.308467050072 -7455.179293266177 -2641.327490118966 3562.587425725307
 -4956.321186344702 -1113.80149904483 3987.109318387018 2032.163084530512
 -7550.994568967475 9422.043339869355 8908.925889460448 -10742.73349019874
 3044.313006337251 -7641.023389152264 -6546.198051400171 7100.64420825253
 11486.72953956378 8731.269464520501 -2088.331075100125 -15730.07436182149
 5107.224878640206 18849.495416367 1474.040889253017 -10956.39336157384
 -4481.047068485099 4674.864564294712 -12221.08996410063 -301.3280117146564
 6578.308467050072 -7455.179293266177 -2641.327490118966 3562.587425725307
 -17834.12345964738 -12820.12795163073 -22163.0023050174 -7387.24480986786
 53419.99085666033 -21999.26274243704 22336.68752577799 -33543.42003795951
 6578.308467050072 -7455.179293266177 -2641.327490118966 3562.587425725307
 5581.217468830875 -5192.415650092287 6415.728518026925 -4272.986576377192
 6578.308467050072 -7455.179293266177 -2641.327490118966 3562.587425725307
 6578.308467050072 -7455.179293266177 -2641.327490118966 3562.587425725307
 1310.718735077051 11671.58145452566 16344.91510540081 14010.86775898397
 6578.308467050072 -7455.179293266177 -2641.327490118966 3562.587425725307
 9769.800268033232 -5567.456069798052 -1727.135248392595 -392.2809659170234
 6578.308467050072 -7455.179293266177 -2641.327490118966 3562.587425725307
 -3411.818931476058 9525.704369935913 -8035.390816012626 2045.35685342855
 6808.049732523286 -11449.12225283382 20488.42724411725 -7096.500697673579
 14193.51197644253 1410.334620566495 -53870.92876882334 11478.61768721864
 656.9260816880178 2208.753882851614 -1742.365203517456 -1610.46471266482
 6578.308467050072 -7455.179293266177 -2641.327490118966 3562.587425725307
 6578.308467050072 -7455.179293266177 -2641.327490118966 3562.587425725307
 6578.308467050072 -7455.179293266177 -2641.327490118966 3562.587425725307
 6578.308467050072 -7455.179293266177 -2641.327490118966 3562.587425725307
 -10646.01817544751 -5495.499135088308 16472.23323360324 33307.79322520369
 -49585.57164240121 -12249.11044435657 -34457.37034391337 -12554.03274531984
 379.405207367332 3132.827736658739 200.3387800702531 -3563.723173810892
 24758.97557570169 8198.748053263022 -12105.91513823739 7836.74850522536
 6578.308467050072 -7455.179293266177 -2641.327490118966 3562.587425725307
 7791.667496631939 -931.8492983362609 8453.341797993073 20645.35244839748
 -26927.34343569461 39804.08226431008 3966.559975010204 -9544.98546824344
 11001.73976129095 -11004.8227376296 -21662.05709677869 10021.70943448971
 8594.224170638763 2499.499170455563 -1834.58516320004 -8226.045859422944
 15582.7797788801 -7407.412626109941 -5368.591848644115 18307.91931049553
 6610.076325121001 -8477.264101131372 8925.991510119467 -7375.871297519265
 5361.222130775774 -9121.304074494727 7073.678430104232 -3224.1967778833
 656.9260816880178 2208.753882851614 -1742.365203517456 -1610.46471266482
 6578.308467050072 -7455.179293266177 -2641.327490118966 3562.587425725307
 6578.308467050072 -7455.179293266177 -2641.327490118966 3562.587425725307
 -1618.425903306834 1280.026925157845 -4389.185666541496 4889.524090635365
 18881.90640970481 13014.1860532821 -38699.03261700946 -33833.77300054159
 5361.222130775774 -9121.304074494727 7073.678430104232 -3224.1967778833
 9601.371260991185 -4061.342868705141 3464.342477403159 -8890.44202215272
 6578.308467050072 -7455.179293266177 -2641.327490118966 3562.587425725307
 6578.308467050072 -7455.179293266177 -2641.327490118966 3562.587425725307
 39854.49133381587 -8108.057691932707 771.8948920639978 -8777.701581778478
 6578.308467050072 -7455.179293266177 -2641.327490118966 3562.587425725307
 6578.308467050072 -7455.179293266177 -2641.327490118966 3562.587425725307
 5656.965729015728 -7938.484855716359 -16864.87277663384 -4633.619836920632
 6578.308467050072 -7455.179293266177 -2641.327490118966 3562.587425725307
 6578.308467050072 -7455.179293266177 -2641.327490118966 3562.587425725307
 6578.308467050072 -7455.179293266177 -2641.327490118966 3562.587425725307
 6578.308467050072 -7455.179293266177 -2641.327490118966 3562.587425725307
 12912.84356962809 -10239.29085447882 -7531.910473391583 25248.15138362057
 7025.636582242681 -6813.101883949923 6705.931551415833 -6721.261610489159
 6578.308467050072 -7455.179293266177 -2641.327490118966 3562.587425725307
 6578.308467050072 -7455.179293266177 -2641.327490118966 3562.587425725307
 6578.308467050072 -7455.179293266177 -2641.327490118966 3562.587425725307
 9976.489452083904 -18466.62851999495 -21578.82408247929 7085.037945653599
 5656.965729015728 -7938.484855716359 -16864.87277663384 -4633.619836920632
 6578.308467050072 -7455.179293266177 -2641.327490118966 3562.587425725307
 6578.308467050072 -7455.179293266177 -2641.327490118966 3562.587425725307
 6578.308467050072 -7455.179293266177 -2641.327490118966 3562.587425725307
 -660.4724181204692 3633.308525747549 8080.050704596226 8129.041266016444
 6578.308467050072 -7455.179293266177 -2641.327490118966 3562.587425725307
 -3411.818931476058 9525.704369935913 -8035.390816012626 2045.35685342855
 6578.308467050072 -7455.179293266177 -2641.327490118966 3562.587425725307
 8635.367824146357 2954.679814811141 -3249.935043442028 -8460.958957023406
 6578.308467050072 -7455.179293266177 -2641.327490118966 3562.587425725307
 9992.87610355622 5565.330687253387 -9185.95670017757 -6400.645024325235
 6578.308467050072 -7455.179293266177 -2641.327490118966 3562.587425725307
 5361.222130775774 -9121.304074494727 7073.678430104232 -3224.1967778833
 9601.371260991185 -4061.342868705141 3464.342477403159 -8890.44202215272
 6578.308467050072 -7455.179293266177 -2641.327490118966 3562.587425725307
 6578.308467050072 -7455.179293266177 -2641.327490118966 3562.587425725307
 7578.943341417915 -6030.744340852515 2359.498209906011 -3231.90522080871
 13332.8372330162 -6135.072804034591 25939.96169154616 25572.12601396843
 13222.11133543232 -20160.80342418492 12870.8184907467 3251.205162835393
 6578.308467050072 -7455.179293266177 -2641.327490118966 3562.587425725307
 -7098.058539897936 -4238.787758363237 5235.765806202829 6758.166675205692
