# Created by Octave 4.2.1, Mon Oct 09 19:49:43 2017 BRT <root@mosqueiro>
# name: pop
# type: matrix
# rows: 1000
# columns: 4
 -5017.386015084709 -2983.316471322473 6447.472876341988 1552.505493733531
 -4995.175297514254 -3013.823092527477 6421.292576340182 1587.039539132592
 -5018.977923266052 -2977.783775745662 6440.71503300968 1555.280267566299
 -5018.977923266052 -2977.783775745662 6440.71503300968 1555.280267566299
 -5018.977923266052 -2977.783775745662 6440.71503300968 1555.280267566299
 -5017.992783309098 -2982.11731898659 6447.003229202737 1552.775801152004
 -4992.764236291941 -3008.920719096422 6417.306699278857 1584.272202664096
 -4995.175297514254 -3013.823092527477 6421.292576340182 1587.039539132592
 -5017.992783309098 -2982.11731898659 6447.003229202737 1552.775801152004
 -5016.376615240914 -2982.69199037718 6443.818254701167 1554.632604343973
 -5012.285723525551 -2984.491977097091 6448.197006184312 1556.044501548393
 -4992.598528051896 -3008.366981801299 6415.896530081 1585.058856400466
 -5017.992783309098 -2982.11731898659 6447.003229202737 1552.775801152004
 -4992.598528051896 -3008.366981801299 6415.896530081 1585.058856400466
 -4999.748726231598 -3004.795567221432 6423.325621408318 1583.760002853673
 -5018.977923266052 -2977.783775745662 6440.71503300968 1555.280267566299
 -4991.057576585109 -3008.204266855398 6415.214319847047 1583.512706339239
 -5017.992783309098 -2982.11731898659 6447.003229202737 1552.775801152004
 -4992.598528051896 -3008.366981801299 6415.896530081 1585.058856400466
 -5018.218395106882 -2983.782981590879 6448.452703466986 1553.433421371502
 -5018.977923266052 -2977.783775745662 6440.71503300968 1555.280267566299
 -5016.376615240914 -2982.69199037718 6443.818254701167 1554.632604343973
 -5017.992783309098 -2982.11731898659 6447.003229202737 1552.775801152004
 -5086.938049592908 -3062.896824476096 6416.651250719395 1589.717394543828
 -5018.977923266052 -2977.783775745662 6440.71503300968 1555.280267566299
 -5017.992783309098 -2982.11731898659 6447.003229202737 1552.775801152004
 -5018.977923266052 -2977.783775745662 6440.71503300968 1555.280267566299
 -2659.065792172479 -3856.460183876355 -845.1204086290725 6744.991324525211
 -4992.598528051896 -3008.366981801299 6415.896530081 1585.058856400466
 -5017.992783309098 -2982.11731898659 6447.003229202737 1552.775801152004
 -5017.992783309098 -2982.11731898659 6447.003229202737 1552.775801152004
 -4992.598528051896 -3008.366981801299 6415.896530081 1585.058856400466
 -4987.215160943683 -3011.099760622534 6417.283596084165 1585.742121121264
 -5016.376615240914 -2982.69199037718 6443.818254701167 1554.632604343973
 -5017.992783309098 -2982.11731898659 6447.003229202737 1552.775801152004
 -4995.175297514254 -3013.823092527477 6421.292576340182 1587.039539132592
 -5017.992783309098 -2982.11731898659 6447.003229202737 1552.775801152004
 -5020.18436619163 -2982.126232591485 6445.515006242305 1554.593217421222
 -5017.386015084709 -2983.316471322473 6447.472876341988 1552.505493733531
 -5017.992783309098 -2982.11731898659 6447.003229202737 1552.775801152004
 -5018.647391535499 -3018.589821971294 6460.037773232169 1532.633194587
 -5017.992783309098 -2982.11731898659 6447.003229202737 1552.775801152004
 -5017.992783309098 -2982.11731898659 6447.003229202737 1552.775801152004
 -5016.376615240914 -2982.69199037718 6443.818254701167 1554.632604343973
 -5000.034776848297 -3030.527129720761 6369.086902031479 1633.008269295575
 -4992.598528051896 -3008.366981801299 6415.896530081 1585.058856400466
 -5017.992783309098 -2982.11731898659 6447.003229202737 1552.775801152004
 -5018.977923266052 -2977.783775745662 6440.71503300968 1555.280267566299
 -4994.822202256967 -3004.773243330744 6413.26222826857 1585.431606750408
 -4994.248088188036 -3011.412961066536 6417.23501099799 1587.556536684383
 -5017.992783309098 -2982.11731898659 6447.003229202737 1552.775801152004
 -5016.376615240914 -2982.69199037718 6443.818254701167 1554.632604343973
 -5017.992783309098 -2982.11731898659 6447.003229202737 1552.775801152004
 -4992.598528051896 -3008.366981801299 6415.896530081 1585.058856400466
 -4992.598528051896 -3008.366981801299 6415.896530081 1585.058856400466
 -5017.992783309098 -2982.11731898659 6447.003229202737 1552.775801152004
 -5017.992783309098 -2982.11731898659 6447.003229202737 1552.775801152004
 -4992.598528051896 -3008.366981801299 6415.896530081 1585.058856400466
 -5017.992783309098 -2982.11731898659 6447.003229202737 1552.775801152004
 -4992.598528051896 -3008.366981801299 6415.896530081 1585.058856400466
 -5017.992783309098 -2982.11731898659 6447.003229202737 1552.775801152004
 -5018.977923266052 -2977.783775745662 6440.71503300968 1555.280267566299
 -5017.879234037495 -2984.162312627842 6447.669646706159 1552.131727267759
 -5019.709609862062 -2982.252826616902 6447.147768225534 1551.912327668755
 -5017.992783309098 -2982.11731898659 6447.003229202737 1552.775801152004
 -5017.992783309098 -2982.11731898659 6447.003229202737 1552.775801152004
 -4995.175297514254 -3013.823092527477 6421.292576340182 1587.039539132592
 -5017.992783309098 -2982.11731898659 6447.003229202737 1552.775801152004
 -5016.376615240914 -2982.69199037718 6443.818254701167 1554.632604343973
 -5017.992783309098 -2982.11731898659 6447.003229202737 1552.775801152004
 -4994.248088188036 -3011.412961066536 6417.23501099799 1587.556536684383
 -5018.977923266052 -2977.783775745662 6440.71503300968 1555.280267566299
 -2639.472985140584 -3812.067440325205 -549.1900288132856 7001.187050759279
 -5016.376615240914 -2982.69199037718 6443.818254701167 1554.632604343973
 -5017.992783309098 -2982.11731898659 6447.003229202737 1552.775801152004
 -5016.376615240914 -2982.69199037718 6443.818254701167 1554.632604343973
 -5017.992783309098 -2982.11731898659 6447.003229202737 1552.775801152004
 -5017.992783309098 -2982.11731898659 6447.003229202737 1552.775801152004
 -4997.509994352139 -2991.797718812204 6373.573027602475 1582.469071921961
 -5017.992783309098 -2982.11731898659 6447.003229202737 1552.775801152004
 -5017.992783309098 -2982.11731898659 6447.003229202737 1552.775801152004
 -4992.598528051896 -3008.366981801299 6415.896530081 1585.058856400466
 -4995.593776602237 -3005.487696028857 6419.087835402071 1581.589833415496
 -5016.841699795703 -2982.374163328933 6449.443270328758 1556.976381478026
 -5018.664592410169 -2981.067033095283 6446.576275051565 1551.325298429582
 -5017.992783309098 -2982.11731898659 6447.003229202737 1552.775801152004
 -5022.766980971096 -2983.102096229443 6447.048241633066 1554.66459691173
 -5017.992783309098 -2982.11731898659 6447.003229202737 1552.775801152004
 -5017.992783309098 -2982.11731898659 6447.003229202737 1552.775801152004
 -4989.331319842822 -3031.245793624429 6391.771454539614 1608.650273117466
 -4938.824791174378 -3040.897514246288 6409.73594242126 1547.875242287644
 -5017.992783309098 -2982.11731898659 6447.003229202737 1552.775801152004
 -5017.992783309098 -2982.11731898659 6447.003229202737 1552.775801152004
 -4992.598528051896 -3008.366981801299 6415.896530081 1585.058856400466
 -4992.598528051896 -3008.366981801299 6415.896530081 1585.058856400466
 -2639.472985140584 -3812.067440325205 -549.1900288132856 7001.187050759279
 -5017.992783309098 -2982.11731898659 6447.003229202737 1552.775801152004
 -5013.090852981964 -2980.416435263598 6446.622883184441 1548.965572181123
 -4995.593776602237 -3005.487696028857 6419.087835402071 1581.589833415496
 -5017.992783309098 -2982.11731898659 6447.003229202737 1552.775801152004
 -5018.977923266052 -2977.783775745662 6440.71503300968 1555.280267566299
 -5018.977923266052 -2977.783775745662 6440.71503300968 1555.280267566299
 -4995.389607204878 -3007.566348919887 6415.239920816103 1585.099294203716
 -4994.248088188036 -3011.412961066536 6417.23501099799 1587.556536684383
 -4992.598528051896 -3008.366981801299 6415.896530081 1585.058856400466
 -5016.190935947053 -2980.616565439308 6446.137702848765 1551.787916735215
