# Created by Octave 4.2.1, Mon Oct 09 19:07:19 2017 BRT <root@mosqueiro>
# name: pop
# type: matrix
# rows: 1000
# columns: 4
 -8997.480816536225 13655.60719147824 12013.31500166485 -16664.49924841844
 -8997.480816536225 13655.60719147824 12013.31500166485 -16664.49924841844
 -8997.480816536225 13655.60719147824 12013.31500166485 -16664.49924841844
 -8997.480816536225 13655.60719147824 12013.31500166485 -16664.49924841844
 -8997.480816536225 13655.60719147824 12013.31500166485 -16664.49924841844
 -3864.256089433569 4879.766461733183 4440.441331220715 -10466.90820721045
 -3742.51164304881 3846.052857095424 6943.242010158276 -7935.680189511994
 -8997.480816536225 13655.60719147824 12013.31500166485 -16664.49924841844
 -10287.33761823602 11321.10382655105 15490.8476968942 -16672.58053870206
 191.4968670495718 -52.96398091683295 6738.005800063942 -7591.51666744445
 -9779.489330899873 14818.82178561042 14688.67357246191 -15471.73131289291
 -13513.13446879427 11989.42971035945 12171.89766282801 -9186.939609053166
 -2671.289626259083 6654.162512333434 5213.808384687084 -7630.314689269422
 -8853.216363875646 15298.20512847852 10009.64579111826 -16263.35706032674
 -10952.19258346757 11440.53601274842 14220.08264887832 -14136.56467627906
 -8997.480816536225 13655.60719147824 12013.31500166485 -16664.49924841844
 -3242.063772885232 5110.64106222893 5558.902254626702 -7417.344606165118
 -8997.480816536225 13655.60719147824 12013.31500166485 -16664.49924841844
 -8997.480816536225 13655.60719147824 12013.31500166485 -16664.49924841844
 -7859.940505366347 16089.21603704109 10485.40170425607 -15390.60336715856
 -11783.77637497712 10164.08212423301 11373.27163676602 -17607.1138073519
 -9929.481487672276 14646.68728538326 14097.68734633247 -18966.88685269539
 -6264.366287430552 8747.192433778582 11804.51901854808 -18201.29451750346
 -8997.480816536225 13655.60719147824 12013.31500166485 -16664.49924841844
 -5477.283841175158 7510.175218405105 10921.49933507196 -15005.70713863746
 -8997.480816536225 13655.60719147824 12013.31500166485 -16664.49924841844
 -9083.026628339827 13667.25655173722 12159.58278002346 -19235.1348951481
 -6677.888766375505 13665.39016272165 12203.12470927584 -18110.11951550478
 -8997.480816536225 13655.60719147824 12013.31500166485 -16664.49924841844
 -8997.480816536225 13655.60719147824 12013.31500166485 -16664.49924841844
 -5114.412329697371 12459.79095960436 10331.83992783678 -20174.2551751377
 -2938.138790688308 13173.09438231584 -2981.499772367884 -6161.481033707427
 -8997.480816536225 13655.60719147824 12013.31500166485 -16664.49924841844
 -8997.480816536225 13655.60719147824 12013.31500166485 -16664.49924841844
 -8641.827861782582 -5012.494660805793 -5089.203543851276 -7527.50950458867
 -8997.480816536225 13655.60719147824 12013.31500166485 -16664.49924841844
 -8997.480816536225 13655.60719147824 12013.31500166485 -16664.49924841844
 -3182.402733153784 10222.11101042599 3732.205212758266 -11219.95477404668
 -8997.480816536225 13655.60719147824 12013.31500166485 -16664.49924841844
 -8997.480816536225 13655.60719147824 12013.31500166485 -16664.49924841844
 -8997.480816536225 13655.60719147824 12013.31500166485 -16664.49924841844
 -8997.480816536225 13655.60719147824 12013.31500166485 -16664.49924841844
 -5317.993390915882 12716.38816349696 10681.09301093879 -12103.60598427955
 -8997.480816536225 13655.60719147824 12013.31500166485 -16664.49924841844
 -8997.480816536225 13655.60719147824 12013.31500166485 -16664.49924841844
 -5045.993516960788 14062.69691871674 13660.76075830192 -19211.90901365386
 -8997.480816536225 13655.60719147824 12013.31500166485 -16664.49924841844
 -8997.480816536225 13655.60719147824 12013.31500166485 -16664.49924841844
 -8997.480816536225 13655.60719147824 12013.31500166485 -16664.49924841844
 -8848.876936858855 14842.15431741219 10809.51440875963 -15357.48629165205
 -8997.480816536225 13655.60719147824 12013.31500166485 -16664.49924841844
 -8997.480816536225 13655.60719147824 12013.31500166485 -16664.49924841844
 -8997.480816536225 13655.60719147824 12013.31500166485 -16664.49924841844
 -7939.256688588695 16618.28070190344 6796.579172957941 -15880.6011588283
 -8997.480816536225 13655.60719147824 12013.31500166485 -16664.49924841844
 -3242.063772885232 5110.64106222893 5558.902254626702 -7417.344606165118
 -8997.480816536225 13655.60719147824 12013.31500166485 -16664.49924841844
 -10323.47922508275 13130.80827112951 12339.5753300769 -15299.97986440708
 -12193.80108733609 11495.42831492222 11179.82811408476 -8875.282842615001
 4113.298501043622 7110.824086065491 -2492.642148681149 -7641.093077881115
 -7156.329254965478 1038.099769266379 3737.233444954523 3046.090554065583
 -8997.480816536225 13655.60719147824 12013.31500166485 -16664.49924841844
 -8997.480816536225 13655.60719147824 12013.31500166485 -16664.49924841844
 -75.69920628909398 -3003.769546962533 11131.67471040506 -4135.504779864319
 727.6864290264473 13145.09908466288 3343.700508378529 -7429.506702877532
 -8997.480816536225 13655.60719147824 12013.31500166485 -16664.49924841844
 -75.69920628909398 -3003.769546962533 11131.67471040506 -4135.504779864319
 -5477.283841175158 7510.175218405105 10921.49933507196 -15005.70713863746
 -8997.480816536225 13655.60719147824 12013.31500166485 -16664.49924841844
 -8997.480816536225 13655.60719147824 12013.31500166485 -16664.49924841844
 -8997.480816536225 13655.60719147824 12013.31500166485 -16664.49924841844
 -8997.480816536225 13655.60719147824 12013.31500166485 -16664.49924841844
 -8997.480816536225 13655.60719147824 12013.31500166485 -16664.49924841844
 -8997.480816536225 13655.60719147824 12013.31500166485 -16664.49924841844
 -12097.93668856925 12705.38072579323 17897.85753894382 -15938.85629192252
 -9803.876214792313 14671.21974165677 11115.73536669682 -17360.66039024966
 -8997.480816536225 13655.60719147824 12013.31500166485 -16664.49924841844
 -8997.815804372218 15481.46125566534 15569.57920177007 -17376.56375560812
 -8705.15540666577 14110.01744702561 11692.6148488837 -17255.78692444319
 -8997.480816536225 13655.60719147824 12013.31500166485 -16664.49924841844
 -8997.480816536225 13655.60719147824 12013.31500166485 -16664.49924841844
 -8997.480816536225 13655.60719147824 12013.31500166485 -16664.49924841844
 -8997.480816536225 13655.60719147824 12013.31500166485 -16664.49924841844
 -8997.480816536225 13655.60719147824 12013.31500166485 -16664.49924841844
 -8997.480816536225 13655.60719147824 12013.31500166485 -16664.49924841844
 -8997.480816536225 13655.60719147824 12013.31500166485 -16664.49924841844
 -7859.940505366347 16089.21603704109 10485.40170425607 -15390.60336715856
 -8997.480816536225 13655.60719147824 12013.31500166485 -16664.49924841844
 -8997.480816536225 13655.60719147824 12013.31500166485 -16664.49924841844
 -8131.603249096187 9894.564880956435 12577.11532110314 -14370.83371007212
 -7501.217131263649 14801.182891792 11296.48203571641 -17131.0597797048
 -8997.480816536225 13655.60719147824 12013.31500166485 -16664.49924841844
 -3864.256089433569 4879.766461733183 4440.441331220715 -10466.90820721045
 -8864.537567939909 14303.89237973609 4065.321014045135 -15167.42180444688
 -8997.480816536225 13655.60719147824 12013.31500166485 -16664.49924841844
 -8997.480816536225 13655.60719147824 12013.31500166485 -16664.49924841844
 -4434.09349317457 4436.083630510916 3394.438964638843 -9136.461923362791
 -8997.480816536225 13655.60719147824 12013.31500166485 -16664.49924841844
 -8997.480816536225 13655.60719147824 12013.31500166485 -16664.49924841844
 -12390.35462159862 6721.815367906866 9876.056249329929 -23503.3334117715
 -2938.138790688308 13173.09438231584 -2981.499772367884 -6161.481033707427
 -8047.112089203284 17262.41258375788 10709.81703768724 -19615.5988817859
 -7604.113064749854 12820.59337654792 11209.1668777537 -14976.22415205523
 -8997.480816536225 13655.60719147824 12013.31500166485 -16664.49924841844
 -8997.480816536225 13655.60719147824 12013.31500166485 -16664.49924841844
