# Created by Octave 4.2.1, Mon Oct 09 19:26:10 2017 BRT <root@mosqueiro>
# name: pop
# type: matrix
# rows: 1000
# columns: 4
 8859.722995447715 9610.665130783051 -9668.173892285931 -8789.072782198587
 8859.722995447715 9610.665130783051 -9668.173892285931 -8789.072782198587
 8859.722995447715 9610.665130783051 -9668.173892285931 -8789.072782198587
 8859.722995447715 9610.665130783051 -9668.173892285931 -8789.072782198587
 8859.722995447715 9610.665130783051 -9668.173892285931 -8789.072782198587
 2121.823901562435 10706.67892692621 -2789.079214247458 -7112.842534109681
 -8361.454941383679 22808.50548046495 -11132.72767777813 7780.006521277018
 10784.2167631358 7315.815202428449 -6799.065072427291 -3998.147788346319
 12476.56043170338 9703.346856341714 -6222.027299592911 -12404.96168156836
 10868.21547339781 6508.254181076851 -1681.410835817167 -21972.38065619939
 8859.722995447715 9610.665130783051 -9668.173892285931 -8789.072782198587
 14260.49485806203 8225.869060506926 -5702.430598877724 -5739.859280653984
 8859.722995447715 9610.665130783051 -9668.173892285931 -8789.072782198587
 8859.722995447715 9610.665130783051 -9668.173892285931 -8789.072782198587
 8859.722995447715 9610.665130783051 -9668.173892285931 -8789.072782198587
 -15809.29307975112 -7867.109326430203 23063.11076200701 -528.6312086104765
 8621.87792241571 8468.541342078519 -8525.406820981711 -13766.55748092249
 6739.052837977412 8995.974590813414 -10511.47737361907 -6428.894752822939
 -3300.691392461616 3145.432524517346 -4951.013333340898 5282.206246768132
 8859.722995447715 9610.665130783051 -9668.173892285931 -8789.072782198587
 8859.722995447715 9610.665130783051 -9668.173892285931 -8789.072782198587
 8859.722995447715 9610.665130783051 -9668.173892285931 -8789.072782198587
 -9866.578198257794 7588.734456191767 -2821.00552771719 5123.679337178926
 11493.50516055272 8971.319869603416 -13732.84964640972 -369.4037007315806
 8859.722995447715 9610.665130783051 -9668.173892285931 -8789.072782198587
 -9896.525834894215 19112.84403522055 13261.30177228487 -33029.70907128953
 8859.722995447715 9610.665130783051 -9668.173892285931 -8789.072782198587
 6591.695541545376 18506.88460153069 -6350.494912978878 1048.543451185947
 8859.722995447715 9610.665130783051 -9668.173892285931 -8789.072782198587
 8859.722995447715 9610.665130783051 -9668.173892285931 -8789.072782198587
 8859.722995447715 9610.665130783051 -9668.173892285931 -8789.072782198587
 8859.722995447715 9610.665130783051 -9668.173892285931 -8789.072782198587
 -18578.0964284768 25423.74245724185 -38881.91695465756 -18126.93514851137
 8859.722995447715 9610.665130783051 -9668.173892285931 -8789.072782198587
 11443.21915185094 15443.41458862703 -15160.85771369661 -11126.16593120426
 8859.722995447715 9610.665130783051 -9668.173892285931 -8789.072782198587
 7330.805921389016 9476.101269356805 -9826.346092703938 -12988.92581740367
 8859.722995447715 9610.665130783051 -9668.173892285931 -8789.072782198587
 8859.722995447715 9610.665130783051 -9668.173892285931 -8789.072782198587
 10517.8598203736 13697.77322279163 -10605.52898675465 -12989.24661955117
 8859.722995447715 9610.665130783051 -9668.173892285931 -8789.072782198587
 20548.44941180118 9632.073205519719 -15486.48535159506 15022.84140668887
 8859.722995447715 9610.665130783051 -9668.173892285931 -8789.072782198587
 8859.722995447715 9610.665130783051 -9668.173892285931 -8789.072782198587
 8859.722995447715 9610.665130783051 -9668.173892285931 -8789.072782198587
 10609.32171133878 10566.61293602647 -7477.819984468615 -7537.114153308114
 8859.722995447715 9610.665130783051 -9668.173892285931 -8789.072782198587
 8859.722995447715 9610.665130783051 -9668.173892285931 -8789.072782198587
 8859.722995447715 9610.665130783051 -9668.173892285931 -8789.072782198587
 37965.12316533375 7200.692861443274 -8746.294206929595 32683.84199938071
 8859.722995447715 9610.665130783051 -9668.173892285931 -8789.072782198587
 10167.812393071 17922.04516093895 2629.5996537902 3223.366796153535
 8859.722995447715 9610.665130783051 -9668.173892285931 -8789.072782198587
 8859.722995447715 9610.665130783051 -9668.173892285931 -8789.072782198587
 8859.722995447715 9610.665130783051 -9668.173892285931 -8789.072782198587
 6564.078114954385 10007.19977847719 -21889.45378668379 -3118.430437803199
 8859.722995447715 9610.665130783051 -9668.173892285931 -8789.072782198587
 8859.722995447715 9610.665130783051 -9668.173892285931 -8789.072782198587
 10784.2167631358 7315.815202428449 -6799.065072427291 -3998.147788346319
 5487.351130082187 11260.08606866468 -10383.30001313969 -11467.11862915665
 11144.71410360802 14978.67120787163 -9967.263479035886 -14916.8028484163
 6661.281996136658 16325.57435450959 -10986.98501301857 -7020.631751103431
 8258.265456430496 40094.0370909647 -28864.95579916382 -19301.86267344387
 17630.87994632296 1885.769928130611 -6504.961601022859 -5958.859002582116
 8859.722995447715 9610.665130783051 -9668.173892285931 -8789.072782198587
 8859.722995447715 9610.665130783051 -9668.173892285931 -8789.072782198587
 8859.722995447715 9610.665130783051 -9668.173892285931 -8789.072782198587
 8859.722995447715 9610.665130783051 -9668.173892285931 -8789.072782198587
 10024.85377978599 7775.353949864093 -13520.71638268807 -8023.172946865552
 8859.722995447715 9610.665130783051 -9668.173892285931 -8789.072782198587
 8859.722995447715 9610.665130783051 -9668.173892285931 -8789.072782198587
 8859.722995447715 9610.665130783051 -9668.173892285931 -8789.072782198587
 8859.722995447715 9610.665130783051 -9668.173892285931 -8789.072782198587
 8859.722995447715 9610.665130783051 -9668.173892285931 -8789.072782198587
 8859.722995447715 9610.665130783051 -9668.173892285931 -8789.072782198587
 -2497.998706825072 27944.08241101425 -22269.3505844523 28423.67330344002
 8859.722995447715 9610.665130783051 -9668.173892285931 -8789.072782198587
 7699.549546775479 7604.134439789181 -11816.67028637251 -10436.46391507012
 9377.113339125057 12732.68156474749 -12681.63368497846 -3076.942702291869
 8859.722995447715 9610.665130783051 -9668.173892285931 -8789.072782198587
 8859.722995447715 9610.665130783051 -9668.173892285931 -8789.072782198587
 8859.722995447715 9610.665130783051 -9668.173892285931 -8789.072782198587
 9228.238947715248 10978.8221868416 -10104.04217751414 -11600.61940320688
 12427.51055762653 4342.698246724489 -13409.57559309 -5582.325993153001
 8859.722995447715 9610.665130783051 -9668.173892285931 -8789.072782198587
 8859.722995447715 9610.665130783051 -9668.173892285931 -8789.072782198587
 8859.722995447715 9610.665130783051 -9668.173892285931 -8789.072782198587
 8859.722995447715 9610.665130783051 -9668.173892285931 -8789.072782198587
 -5174.540295149024 -11309.07921056589 -16280.09714734026 -9809.817601809147
 9379.643202072382 3451.416969383805 -10274.76306759932 -4593.742009928357
 13209.12290909588 10945.6573502548 -11354.94966894906 -7674.636855032611
 8859.722995447715 9610.665130783051 -9668.173892285931 -8789.072782198587
 8859.722995447715 9610.665130783051 -9668.173892285931 -8789.072782198587
 8859.722995447715 9610.665130783051 -9668.173892285931 -8789.072782198587
 8859.722995447715 9610.665130783051 -9668.173892285931 -8789.072782198587
 8859.722995447715 9610.665130783051 -9668.173892285931 -8789.072782198587
 8859.722995447715 9610.665130783051 -9668.173892285931 -8789.072782198587
 8859.722995447715 9610.665130783051 -9668.173892285931 -8789.072782198587
 8859.722995447715 9610.665130783051 -9668.173892285931 -8789.072782198587
 8859.722995447715 9610.665130783051 -9668.173892285931 -8789.072782198587
 609.1629175233356 8592.268936258439 -6724.57241638505 -8347.766978861371
 8859.722995447715 9610.665130783051 -9668.173892285931 -8789.072782198587
 8859.722995447715 9610.665130783051 -9668.173892285931 -8789.072782198587
 16030.34398800014 12768.69130896128 -15460.33220078262 -6577.299936495218
 12438.90774699775 14071.17786330051 -5274.663896297629 -3021.436934558164
