# Created by Octave 4.2.1, Mon Oct 09 19:31:20 2017 BRT <root@mosqueiro>
# name: pop
# type: matrix
# rows: 1000
# columns: 4
 8812.878596260454 9711.786427912755 -9756.170565885423 -8769.502940063127
 7635.920761536137 9246.401866862556 -9728.390991906339 -7154.940242532939
 7635.920761536137 9246.401866862556 -9728.390991906339 -7154.940242532939
 7635.920761536137 9246.401866862556 -9728.390991906339 -7154.940242532939
 7635.920761536137 9246.401866862556 -9728.390991906339 -7154.940242532939
 7635.920761536137 9246.401866862556 -9728.390991906339 -7154.940242532939
 8812.863379719576 9711.783009536466 -9756.161889912977 -8769.505758475483
 8812.878596260454 9711.786427912755 -9756.170565885423 -8769.502940063127
 7635.879425484354 9246.488771113474 -9728.420221775132 -7154.739388587779
 7635.879425484354 9246.488771113474 -9728.420221775132 -7154.739388587779
 8817.299775430462 9709.593867302685 -9753.320349811094 -8772.176609699545
 8817.509931361912 9710.2651576689 -9754.380183401068 -8774.305492951711
 8812.86179336486 9711.779706246987 -9756.15281696877 -8769.491344158836
 7635.920761536137 9246.401866862556 -9728.390991906339 -7154.940242532939
 7635.689055817389 9246.451042463537 -9728.445561709887 -7154.699623022544
 7635.696817107942 9246.443578346287 -9728.440431288956 -7154.692036993454
 8812.863379719576 9711.783009536466 -9756.161889912977 -8769.505758475483
 8828.672150595243 9705.138524190299 -9754.78968989534 -8779.74084582355
 7635.879425484354 9246.488771113474 -9728.420221775132 -7154.739388587779
 7635.73370305445 9246.468692607195 -9728.423465704516 -7154.773986324281
 8851.019338074024 9575.639060547966 -9646.118023016514 -8781.560502822938
 7635.637049964463 9246.520825845038 -9728.427013886308 -7154.741475429716
 8819.782408209392 9644.368770000407 -9458.9223209099 -9003.62611553116
 7635.920761536137 9246.401866862556 -9728.390991906339 -7154.940242532939
 7635.667148619525 9246.453122337622 -9728.423734450946 -7154.698700680477
 7635.689055817389 9246.451042463537 -9728.445561709887 -7154.699623022544
 7635.637049964463 9246.520825845038 -9728.427013886308 -7154.741475429716
 8812.863379719576 9711.783009536466 -9756.161889912977 -8769.505758475483
 8812.863379719576 9711.783009536466 -9756.161889912977 -8769.505758475483
 8812.871058768007 9711.80138247694 -9756.156280273168 -8769.486862109925
 7635.920761536137 9246.401866862556 -9728.390991906339 -7154.940242532939
 7635.920761536137 9246.401866862556 -9728.390991906339 -7154.940242532939
 8812.863379719576 9711.783009536466 -9756.161889912977 -8769.505758475483
 8812.863379719576 9711.783009536466 -9756.161889912977 -8769.505758475483
 8572.796002494068 9957.782698106217 -9805.090878437595 -8726.510621027899
 8812.863379719576 9711.783009536466 -9756.161889912977 -8769.505758475483
 8812.863379719576 9711.783009536466 -9756.161889912977 -8769.505758475483
 8812.863379719576 9711.783009536466 -9756.161889912977 -8769.505758475483
 8851.019338074024 9575.639060547966 -9646.118023016514 -8781.560502822938
 7635.893663998405 9246.388132982494 -9728.359875310891 -7154.913213510468
 7635.638051544047 9246.511054653487 -9728.427146345181 -7154.716807776538
 7635.920761536137 9246.401866862556 -9728.390991906339 -7154.940242532939
 8812.863379719576 9711.783009536466 -9756.161889912977 -8769.505758475483
 8812.877005303566 9711.777406779156 -9756.159065933613 -8769.504354434503
 8851.563246298561 9575.46501628244 -9646.208864491882 -8781.718422334481
 8812.863379719576 9711.783009536466 -9756.161889912977 -8769.505758475483
 7635.785096017828 9246.439257799477 -9728.532479406755 -7154.707237678271
 8812.877005303566 9711.777406779156 -9756.159065933613 -8769.504354434503
 7635.637049964463 9246.520825845038 -9728.427013886308 -7154.741475429716
 7635.920761536137 9246.401866862556 -9728.390991906339 -7154.940242532939
 8812.863379719576 9711.783009536466 -9756.161889912977 -8769.505758475483
 7635.920761536137 9246.401866862556 -9728.390991906339 -7154.940242532939
 8816.065713259977 9710.923274689629 -9753.339251328523 -8773.277650947122
 8812.863379719576 9711.783009536466 -9756.161889912977 -8769.505758475483
 8816.353727861413 9711.105120969441 -9753.83956259618 -8772.806298245012
 8812.899203867286 9711.75127705191 -9756.18015333427 -8769.479793735831
 8812.788961728864 9711.75588260417 -9756.197851048777 -8769.514850174479
 8572.796002494068 9957.782698106217 -9805.090878437595 -8726.510621027899
 7635.808507020382 9246.672589464137 -9728.624246425239 -7154.860428134506
 8812.871157621361 9711.795252839624 -9756.175724260449 -8769.50424252523
 8812.856294106357 9711.782237388643 -9756.156437136748 -8769.4971715949
 7635.920761536137 9246.401866862556 -9728.390991906339 -7154.940242532939
 8572.804210339222 9957.754780380757 -9805.080190273306 -8726.494997338736
 8572.930718448035 9957.71803010154 -9805.197864917725 -8726.695993078101
 7635.879425484354 9246.488771113474 -9728.420221775132 -7154.739388587779
 7635.920761536137 9246.401866862556 -9728.390991906339 -7154.940242532939
 7635.893663998405 9246.388132982494 -9728.359875310891 -7154.913213510468
 8828.863337296832 9705.220576852449 -9754.713294246887 -8779.974554266699
 8812.863379719576 9711.783009536466 -9756.161889912977 -8769.505758475483
 7635.920761536137 9246.401866862556 -9728.390991906339 -7154.940242532939
 7635.808507020382 9246.672589464137 -9728.624246425239 -7154.860428134506
 7635.637049964463 9246.520825845038 -9728.427013886308 -7154.741475429716
 7635.637049964463 9246.520825845038 -9728.427013886308 -7154.741475429716
 8812.863379719576 9711.783009536466 -9756.161889912977 -8769.505758475483
 8812.899203867286 9711.75127705191 -9756.18015333427 -8769.479793735831
 8817.558198422361 9710.234304290687 -9763.722616986324 -8764.24427218197
 7635.637049964463 9246.520825845038 -9728.427013886308 -7154.741475429716
 7635.920761536137 9246.401866862556 -9728.390991906339 -7154.940242532939
 8812.863379719576 9711.783009536466 -9756.161889912977 -8769.505758475483
 7635.637049964463 9246.520825845038 -9728.427013886308 -7154.741475429716
 8817.498728455701 9710.259198277905 -9754.37108011583 -8774.308826213739
 8812.846373573071 9711.789820301956 -9756.166731421843 -8769.512255636442
 8812.874138091476 9711.793262071573 -9756.15522009837 -8769.516796203317
 7635.808507020382 9246.672589464137 -9728.624246425239 -7154.860428134506
 7635.637049964463 9246.520825845038 -9728.427013886308 -7154.741475429716
 8812.899203867286 9711.75127705191 -9756.18015333427 -8769.479793735831
 8828.863337296832 9705.220576852449 -9754.713294246887 -8779.974554266699
 7635.785096017828 9246.439257799477 -9728.532479406755 -7154.707237678271
 8812.963920048769 9711.784919937551 -9756.198795147844 -8769.567403657067
 7635.808507020382 9246.672589464137 -9728.624246425239 -7154.860428134506
 8812.863379719576 9711.783009536466 -9756.161889912977 -8769.505758475483
 8812.878596260454 9711.786427912755 -9756.170565885423 -8769.502940063127
 8812.863379719576 9711.783009536466 -9756.161889912977 -8769.505758475483
 8572.154204809483 9958.404522509802 -9805.740596722844 -8725.178358598729
 8812.863379719576 9711.783009536466 -9756.161889912977 -8769.505758475483
 8572.797593329877 9957.768715420474 -9805.098755735895 -8726.504360260693
 8572.796002494068 9957.782698106217 -9805.090878437595 -8726.510621027899
 8812.433397486744 9699.37289437664 -9762.96520115679 -8748.67244194649
 7635.637049964463 9246.520825845038 -9728.427013886308 -7154.741475429716
 7635.808507020382 9246.672589464137 -9728.624246425239 -7154.860428134506
 8811.96150538475 9713.149301500103 -9756.437425977996 -8769.626075366094
 8812.899203867286 9711.75127705191 -9756.18015333427 -8769.479793735831
 7635.920761536137 9246.401866862556 -9728.390991906339 -7154.940242532939
 8812.832318266524 9711.810777526543 -9756.13399283838 -8769.507361138887
 7635.920761536137 9246.401866862556 -9728.390991906339 -7154.940242532939
