# Created by Octave 4.2.1, Mon Oct 09 19:03:48 2017 BRT <root@mosqueiro>
# name: pop
# type: matrix
# rows: 1000
# columns: 4
 -3242.063772885232 5110.64106222893 5558.902254626702 -7417.344606165118
 -3242.063772885232 5110.64106222893 5558.902254626702 -7417.344606165118
 -3242.063772885232 5110.64106222893 5558.902254626702 -7417.344606165118
 -3242.063772885232 5110.64106222893 5558.902254626702 -7417.344606165118
 -3242.063772885232 5110.64106222893 5558.902254626702 -7417.344606165118
 -33251.63412906279 9534.501651240453 -29723.15120314736 -4896.734280150164
 -3242.063772885232 5110.64106222893 5558.902254626702 -7417.344606165118
 -19213.17979117351 23260.31675036005 -17408.016693548 -21826.94087333414
 -4321.396377557863 -193.2627771537809 7973.575902319786 -3520.098961155346
 -5391.875085893315 -4342.58132021579 274.6442745945969 9713.159067782359
 17707.1650347402 26136.27175190521 10065.24207969371 -43826.83455604941
 -4609.878972885994 -595.6672107133672 8929.782597744954 731.255398730802
 -1637.732226726568 9967.83640559197 -1280.237021546411 -7086.266306783838
 6022.687274489586 -8389.35260546797 8683.207374669746 -2283.026673172356
 -3242.063772885232 5110.64106222893 5558.902254626702 -7417.344606165118
 -3242.063772885232 5110.64106222893 5558.902254626702 -7417.344606165118
 -3242.063772885232 5110.64106222893 5558.902254626702 -7417.344606165118
 -9742.154370291286 1630.877927581631 9338.340417268184 -1187.643890138514
 -4321.396377557863 -193.2627771537809 7973.575902319786 -3520.098961155346
 -4073.800257726058 1076.605670742685 378.6148254045838 3218.274098044252
 737.8472381189713 -4919.46629707293 13841.32152931923 -11550.98597628856
 -3242.063772885232 5110.64106222893 5558.902254626702 -7417.344606165118
 -4321.396377557863 -193.2627771537809 7973.575902319786 -3520.098961155346
 14652.37197726176 39739.17210164234 12946.28741473276 4323.438186363709
 3682.986333772726 -4899.517194464705 2803.920893242674 -611.8238929287963
 -9345.608581356044 -1553.880795615045 1073.938430940269 9635.502678720386
 6562.919305553935 3331.934159059457 2090.514315169728 -7442.779226080071
 9284.326906354006 -7596.791710428201 -1167.271117711818 -868.2931908848514
 -6486.158712803275 -1235.087815843648 1317.935870755015 6676.218113621955
 1186.564942491215 -2860.632011975827 7705.504497686914 8646.191842268938
 -9345.608581356044 -1553.880795615045 1073.938430940269 9635.502678720386
 -9742.154370291286 1630.877927581631 9338.340417268184 -1187.643890138514
 -3242.063772885232 5110.64106222893 5558.902254626702 -7417.344606165118
 -2814.534733982269 25800.4490144699 41294.71266372599 -6316.631688574602
 -10771.93764104012 26757.50938934449 18172.56370900691 -49333.02238050474
 -3242.063772885232 5110.64106222893 5558.902254626702 -7417.344606165118
 11252.73507550495 -3750.935850079157 -1999.087066975237 -27974.9997214925
 -3242.063772885232 5110.64106222893 5558.902254626702 -7417.344606165118
 -29102.61787941312 25497.36851017694 -2069.785775792213 11575.12285517877
 -3242.063772885232 5110.64106222893 5558.902254626702 -7417.344606165118
 -4321.396377557863 -193.2627771537809 7973.575902319786 -3520.098961155346
 -7783.50409669988 -21750.94511547068 11423.35126008927 -3245.750076228935
 -2731.247041605068 -6209.050793902523 4434.256572070692 4342.816253936828
 37146.39607227425 -58563.37465615386 -33378.92662614011 10606.66427604863
 -1637.732226726568 9967.83640559197 -1280.237021546411 -7086.266306783838
 -11132.27805665207 -27586.76110912693 38577.35065236018 -42821.62855750135
 -473.4894271847352 -6959.258988994134 2618.978339100213 4915.121671251325
 -11176.10417711722 -26028.66549315368 7862.803505725497 -40584.61443678862
 -1637.732226726568 9967.83640559197 -1280.237021546411 -7086.266306783838
 6898.86839109605 -4972.090282701359 7790.147845208514 -9592.898763076693
 6593.044839037873 -2307.148998703855 3610.411010234449 -7691.752160448365
 38094.97832186631 -7976.085126070838 3302.102376762605 -2595.344276743597
 -3242.063772885232 5110.64106222893 5558.902254626702 -7417.344606165118
 3873.897870771552 -10961.42059244876 16839.48458342319 -9430.603821220981
 -9265.280247310307 4737.886246054148 -3428.220529342138 8166.638559470481
 -9742.154370291286 1630.877927581631 9338.340417268184 -1187.643890138514
 -1637.732226726568 9967.83640559197 -1280.237021546411 -7086.266306783838
 -4676.586407798392 6756.94727185935 3898.468535090789 -9416.836342699778
 2111.802810088766 -763.6382987662237 3026.286860985632 -4556.263539373236
 -3242.063772885232 5110.64106222893 5558.902254626702 -7417.344606165118
 21256.09791533112 -822.1695335518376 -4781.751326234519 40306.49689766589
 -7773.946240633593 5408.517042107002 -8832.645899650119 -4873.585561787052
 4398.891437060681 -3280.100380714984 25697.06242990899 4938.719771930644
 -1637.732226726568 9967.83640559197 -1280.237021546411 -7086.266306783838
 -3242.063772885232 5110.64106222893 5558.902254626702 -7417.344606165118
 1020.515811284545 -38778.1994035571 9190.197230180418 14420.70952961119
 33069.06366599671 -4851.621773165327 33454.08542559342 33924.67990430252
 -9265.280247310307 4737.886246054148 -3428.220529342138 8166.638559470481
 -4981.711977569995 3787.396620413056 -30715.05682006567 -5085.368369290321
 -3242.063772885232 5110.64106222893 5558.902254626702 -7417.344606165118
 -3242.063772885232 5110.64106222893 5558.902254626702 -7417.344606165118
 -3242.063772885232 5110.64106222893 5558.902254626702 -7417.344606165118
 -5391.875085893315 -4342.58132021579 274.6442745945969 9713.159067782359
 -5391.875085893315 -4342.58132021579 274.6442745945969 9713.159067782359
 9907.669140622587 -4874.5382469905 -2855.430135818811 -7051.086854020932
 -4321.396377557863 -193.2627771537809 7973.575902319786 -3520.098961155346
 -3242.063772885232 5110.64106222893 5558.902254626702 -7417.344606165118
 -3242.063772885232 5110.64106222893 5558.902254626702 -7417.344606165118
 -2903.318734143107 30700.22010571062 34023.19435443679 -9900.030378304833
 -3242.063772885232 5110.64106222893 5558.902254626702 -7417.344606165118
 -3242.063772885232 5110.64106222893 5558.902254626702 -7417.344606165118
 22164.17438416194 20890.95831331801 -4674.882309386001 -15386.40241082443
 -3242.063772885232 5110.64106222893 5558.902254626702 -7417.344606165118
 19141.1234898231 11360.01286996959 -10843.94006766192 25951.63379934858
 -3242.063772885232 5110.64106222893 5558.902254626702 -7417.344606165118
 6593.044839037873 -2307.148998703855 3610.411010234449 -7691.752160448365
 -3242.063772885232 5110.64106222893 5558.902254626702 -7417.344606165118
 6593.044839037873 -2307.148998703855 3610.411010234449 -7691.752160448365
 -3242.063772885232 5110.64106222893 5558.902254626702 -7417.344606165118
 6898.86839109605 -4972.090282701359 7790.147845208514 -9592.898763076693
 -31975.183264265 11471.31107558465 12642.08098598713 -3483.612801744381
 -3135.587872435997 9909.004941916759 -6252.329625192582 3873.889132477954
 -3242.063772885232 5110.64106222893 5558.902254626702 -7417.344606165118
 6319.889442909865 9327.340974143288 446.8292642366232 -9576.661338264719
 -8403.146093303743 8819.225195003928 2252.722385506611 -1373.58989714762
 -14372.54705307691 8660.189341702984 -4982.554465282424 27892.01325119779
 -3242.063772885232 5110.64106222893 5558.902254626702 -7417.344606165118
 -3242.063772885232 5110.64106222893 5558.902254626702 -7417.344606165118
 2111.802810088766 -763.6382987662237 3026.286860985632 -4556.263539373236
 -5339.196804640711 -8733.632370738176 11648.78446171646 2232.537051812432
 -3242.063772885232 5110.64106222893 5558.902254626702 -7417.344606165118
 -3242.063772885232 5110.64106222893 5558.902254626702 -7417.344606165118
 -3242.063772885232 5110.64106222893 5558.902254626702 -7417.344606165118
 -1244.423323642159 -9608.759269505279 33054.81721226702 43287.09305240683
 1613.4675132005 44780.72837614403 43023.91509428137 -7224.886491517238
