# Created by Octave 4.2.1, Mon Oct 09 19:21:32 2017 BRT <root@mosqueiro>
# name: pop
# type: matrix
# rows: 1000
# columns: 4
 -7169.769265705097 9244.945745080662 9008.459100222026 -11084.63545019176
 -7169.834336429749 9244.878172298884 9008.110114795452 -11084.16977367235
 -7169.834336429749 9244.878172298884 9008.110114795452 -11084.16977367235
 -7169.834336429749 9244.878172298884 9008.110114795452 -11084.16977367235
 -7169.834336429749 9244.878172298884 9008.110114795452 -11084.16977367235
 -7169.826561157347 9244.889888163483 9008.084035636477 -11084.17672481621
 -7110.832997500815 9259.01517918695 9222.633035726509 -11371.84441947265
 -7169.760495627017 9244.934182739298 9008.456751417956 -11084.64644634764
 -7170.960291268502 9244.809215141586 9007.62077303779 -11082.48664030576
 -7987.178020919841 9514.049073292592 8675.066428284055 -10168.96716220769
 -7169.834336429749 9244.878172298884 9008.110114795452 -11084.16977367235
 -7169.760495627017 9244.934182739298 9008.456751417956 -11084.64644634764
 -7170.958855332186 9244.816423543025 9007.601458234798 -11082.47847933556
 -7110.837396124606 9259.011375742941 9222.642064009757 -11371.83429309337
 -7169.834336429749 9244.878172298884 9008.110114795452 -11084.16977367235
 -7169.834336429749 9244.878172298884 9008.110114795452 -11084.16977367235
 -7169.760495627017 9244.934182739298 9008.456751417956 -11084.64644634764
 -7110.832997500815 9259.01517918695 9222.633035726509 -11371.84441947265
 -7170.960291268502 9244.809215141586 9007.62077303779 -11082.48664030576
 -7110.832997500815 9259.01517918695 9222.633035726509 -11371.84441947265
 -7110.832997500815 9259.01517918695 9222.633035726509 -11371.84441947265
 -7169.826561157347 9244.889888163483 9008.084035636477 -11084.17672481621
 -7169.760495627017 9244.934182739298 9008.456751417956 -11084.64644634764
 -7110.832997500815 9259.01517918695 9222.633035726509 -11371.84441947265
 -7169.760495627017 9244.934182739298 9008.456751417956 -11084.64644634764
 -7170.960507233453 9244.813497535073 9007.612049043386 -11082.49125657972
 -7110.832997500815 9259.01517918695 9222.633035726509 -11371.84441947265
 -7169.760495627017 9244.934182739298 9008.456751417956 -11084.64644634764
 -7169.760495627017 9244.934182739298 9008.456751417956 -11084.64644634764
 -7169.760495627017 9244.934182739298 9008.456751417956 -11084.64644634764
 -7169.769265705097 9244.945745080662 9008.459100222026 -11084.63545019176
 -7170.960291268502 9244.809215141586 9007.62077303779 -11082.48664030576
 -7170.960291268502 9244.809215141586 9007.62077303779 -11082.48664030576
 -7170.958813280907 9244.811269422056 9007.608712975996 -11082.46673700704
 -7110.832997500815 9259.01517918695 9222.633035726509 -11371.84441947265
 -7170.960291268502 9244.809215141586 9007.62077303779 -11082.48664030576
 -7169.760495627017 9244.934182739298 9008.456751417956 -11084.64644634764
 -7169.698989241082 9244.796863715628 9008.097259841797 -11083.86408544043
 -7169.826561157347 9244.889888163483 9008.084035636477 -11084.17672481621
 -7169.760495627017 9244.934182739298 9008.456751417956 -11084.64644634764
 -7169.760495627017 9244.934182739298 9008.456751417956 -11084.64644634764
 -7169.760495627017 9244.934182739298 9008.456751417956 -11084.64644634764
 -7169.760495627017 9244.934182739298 9008.456751417956 -11084.64644634764
 -7170.960291268502 9244.809215141586 9007.62077303779 -11082.48664030576
 -7169.834336429749 9244.878172298884 9008.110114795452 -11084.16977367235
 -7169.760495627017 9244.934182739298 9008.456751417956 -11084.64644634764
 -7170.960291268502 9244.809215141586 9007.62077303779 -11082.48664030576
 -7170.979765139026 9244.829683670185 9007.612332876652 -11082.47719281121
 -7169.834336429749 9244.878172298884 9008.110114795452 -11084.16977367235
 -7110.832997500815 9259.01517918695 9222.633035726509 -11371.84441947265
 -7169.84822259043 9244.909864096684 9008.10788379937 -11084.16610563011
 -7169.760495627017 9244.934182739298 9008.456751417956 -11084.64644634764
 -7170.960291268502 9244.809215141586 9007.62077303779 -11082.48664030576
 -7110.773813669985 9258.798774458057 9222.519838619488 -11372.21356324811
 -7110.738683390369 9259.085037672467 9222.609732194696 -11371.79477308611
 -7110.898527495599 9259.110679524128 9222.734695038547 -11371.68465281951
 -7170.960291268502 9244.809215141586 9007.62077303779 -11082.48664030576
 -7170.960291268502 9244.809215141586 9007.62077303779 -11082.48664030576
 -7169.799759020937 9244.888032205085 9008.089463084742 -11084.19357749354
 -7110.842922669596 9258.994914229344 9222.647611937889 -11371.81344457739
 -7170.960291268502 9244.809215141586 9007.62077303779 -11082.48664030576
 -7169.826561157347 9244.889888163483 9008.084035636477 -11084.17672481621
 -7110.97844101688 9258.923715240615 9221.860899471467 -11371.43803891844
 -7169.834336429749 9244.878172298884 9008.110114795452 -11084.16977367235
 -7169.760495627017 9244.934182739298 9008.456751417956 -11084.64644634764
 -7171.244336457249 9248.410741166434 9007.070903856149 -11083.34802662218
 -7169.769265705097 9244.945745080662 9008.459100222026 -11084.63545019176
 -7169.760495627017 9244.934182739298 9008.456751417956 -11084.64644634764
 -7169.768556666932 9244.938265103257 9008.455469399534 -11084.64777010086
 -7170.960291268502 9244.809215141586 9007.62077303779 -11082.48664030576
 -7170.958894853566 9244.811103453119 9007.625014885811 -11082.50546630676
 -7170.960291268502 9244.809215141586 9007.62077303779 -11082.48664030576
 -7535.934440375486 9298.319953617603 8820.576687358411 -10847.75220721313
 -7169.760495627017 9244.934182739298 9008.456751417956 -11084.64644634764
 -7110.832997500815 9259.01517918695 9222.633035726509 -11371.84441947265
 -7170.960291268502 9244.809215141586 9007.62077303779 -11082.48664030576
 -7170.960291268502 9244.809215141586 9007.62077303779 -11082.48664030576
 -7170.960291268502 9244.809215141586 9007.62077303779 -11082.48664030576
 -7170.960291268502 9244.809215141586 9007.62077303779 -11082.48664030576
 -7169.4980724018 9246.220336653121 9007.616572777861 -11084.19336488868
 -7170.960291268502 9244.809215141586 9007.62077303779 -11082.48664030576
 -7110.832997500815 9259.01517918695 9222.633035726509 -11371.84441947265
 -7171.001583372991 9244.773652943961 9007.595302072892 -11082.45493240769
 -7110.832997500815 9259.01517918695 9222.633035726509 -11371.84441947265
 -7169.834336429749 9244.878172298884 9008.110114795452 -11084.16977367235
 -7169.760495627017 9244.934182739298 9008.456751417956 -11084.64644634764
 -7169.760495627017 9244.934182739298 9008.456751417956 -11084.64644634764
 -7169.760495627017 9244.934182739298 9008.456751417956 -11084.64644634764
 -7170.981638663043 9244.810738146565 9007.580919577511 -11082.41349696143
 -7169.769265705097 9244.945745080662 9008.459100222026 -11084.63545019176
 -7170.960291268502 9244.809215141586 9007.62077303779 -11082.48664030576
 -7169.826561157347 9244.889888163483 9008.084035636477 -11084.17672481621
 -7110.747069943125 9259.194152914915 9222.440178955247 -11371.65467302209
 -7110.832997500815 9259.01517918695 9222.633035726509 -11371.84441947265
 -7169.760495627017 9244.934182739298 9008.456751417956 -11084.64644634764
 -7169.4980724018 9246.220336653121 9007.616572777861 -11084.19336488868
 -7169.760495627017 9244.934182739298 9008.456751417956 -11084.64644634764
 -7169.834336429749 9244.878172298884 9008.110114795452 -11084.16977367235
 -7110.843468053788 9259.007738591679 9222.626650359387 -11371.8534656329
 -7169.760495627017 9244.934182739298 9008.456751417956 -11084.64644634764
 -7110.832997500815 9259.01517918695 9222.633035726509 -11371.84441947265
 -7169.760495627017 9244.934182739298 9008.456751417956 -11084.64644634764
 -7170.960291268502 9244.809215141586 9007.62077303779 -11082.48664030576
 -7170.960291268502 9244.809215141586 9007.62077303779 -11082.48664030576
 -7110.832997500815 9259.01517918695 9222.633035726509 -11371.84441947265
