# Created by Octave 4.2.1, Mon Oct 09 19:20:34 2017 BRT <root@mosqueiro>
# name: pop
# type: matrix
# rows: 1000
# columns: 4
 -7170.960291268502 9244.809215141586 9007.62077303779 -11082.48664030576
 -7170.960291268502 9244.809215141586 9007.62077303779 -11082.48664030576
 -7170.960291268502 9244.809215141586 9007.62077303779 -11082.48664030576
 -7170.960291268502 9244.809215141586 9007.62077303779 -11082.48664030576
 -7170.960291268502 9244.809215141586 9007.62077303779 -11082.48664030576
 -7168.25503238919 9245.958171556787 9008.448866636412 -11083.06855438082
 -7170.960291268502 9244.809215141586 9007.62077303779 -11082.48664030576
 -7110.832997500815 9259.01517918695 9222.633035726509 -11371.84441947265
 -7170.126576368727 9247.647674112222 9005.513008430718 -11083.0835924668
 -7168.060664164243 9245.980164755227 9008.09420935904 -11084.15418561434
 -7170.960291268502 9244.809215141586 9007.62077303779 -11082.48664030576
 -7110.832997500815 9259.01517918695 9222.633035726509 -11371.84441947265
 -7110.832997500815 9259.01517918695 9222.633035726509 -11371.84441947265
 -7110.832997500815 9259.01517918695 9222.633035726509 -11371.84441947265
 -7169.826561157347 9244.889888163483 9008.084035636477 -11084.17672481621
 -7169.826561157347 9244.889888163483 9008.084035636477 -11084.17672481621
 -7110.832997500815 9259.01517918695 9222.633035726509 -11371.84441947265
 -7170.960291268502 9244.809215141586 9007.62077303779 -11082.48664030576
 -7169.826561157347 9244.889888163483 9008.084035636477 -11084.17672481621
 -7109.27535583503 9258.883490013028 9224.532718577775 -11372.78161779637
 -7110.832997500815 9259.01517918695 9222.633035726509 -11371.84441947265
 -7110.832997500815 9259.01517918695 9222.633035726509 -11371.84441947265
 -7110.832997500815 9259.01517918695 9222.633035726509 -11371.84441947265
 -7110.832997500815 9259.01517918695 9222.633035726509 -11371.84441947265
 -7188.510371087213 9236.642002130826 9014.334863949216 -11101.78734037976
 -7104.828829837117 9253.376040698804 9223.43016234594 -11374.11269246244
 -7110.832997500815 9259.01517918695 9222.633035726509 -11371.84441947265
 -7110.832997500815 9259.01517918695 9222.633035726509 -11371.84441947265
 -7110.832997500815 9259.01517918695 9222.633035726509 -11371.84441947265
 -7169.787763912903 9244.444940400837 9007.911534977449 -11084.77786170515
 -8529.593305914503 10461.23187078148 8652.739532247893 -10524.28516366341
 -7173.715525811398 9235.115725758013 9002.025158406628 -11079.862457852
 -7169.826561157347 9244.889888163483 9008.084035636477 -11084.17672481621
 -7110.832997500815 9259.01517918695 9222.633035726509 -11371.84441947265
 -7110.832997500815 9259.01517918695 9222.633035726509 -11371.84441947265
 -7110.832997500815 9259.01517918695 9222.633035726509 -11371.84441947265
 -7110.832997500815 9259.01517918695 9222.633035726509 -11371.84441947265
 -7169.826561157347 9244.889888163483 9008.084035636477 -11084.17672481621
 -7169.826561157347 9244.889888163483 9008.084035636477 -11084.17672481621
 -7110.832997500815 9259.01517918695 9222.633035726509 -11371.84441947265
 -7110.832997500815 9259.01517918695 9222.633035726509 -11371.84441947265
 -7110.832997500815 9259.01517918695 9222.633035726509 -11371.84441947265
 -7170.960291268502 9244.809215141586 9007.62077303779 -11082.48664030576
 -7110.832997500815 9259.01517918695 9222.633035726509 -11371.84441947265
 -7110.832997500815 9259.01517918695 9222.633035726509 -11371.84441947265
 -7110.832997500815 9259.01517918695 9222.633035726509 -11371.84441947265
 -7110.832997500815 9259.01517918695 9222.633035726509 -11371.84441947265
 -7111.61743285197 9257.827744566517 9220.372217468357 -11371.17410340042
 -7110.832997500815 9259.01517918695 9222.633035726509 -11371.84441947265
 -7169.826561157347 9244.889888163483 9008.084035636477 -11084.17672481621
 -7110.832997500815 9259.01517918695 9222.633035726509 -11371.84441947265
 -7169.826561157347 9244.889888163483 9008.084035636477 -11084.17672481621
 -7190.014278160851 9271.506340740123 9011.446668785651 -11115.41091992283
 -7110.782423904986 9259.311169424011 9222.691971105827 -11371.87436227816
 -7169.826561157347 9244.889888163483 9008.084035636477 -11084.17672481621
 -7110.832997500815 9259.01517918695 9222.633035726509 -11371.84441947265
 -7169.348497735159 9245.059036312412 9007.804816315349 -11083.47689402245
 -7110.832997500815 9259.01517918695 9222.633035726509 -11371.84441947265
 -7110.62688091887 9258.757195820848 9223.379046116715 -11371.86922885448
 -7169.513564360002 9245.113516422565 9008.762836970875 -11083.76508067164
 -7110.832997500815 9259.01517918695 9222.633035726509 -11371.84441947265
 -7170.960291268502 9244.809215141586 9007.62077303779 -11082.48664030576
 -7170.165072085605 9245.382066504233 9007.551197999503 -11083.52066326045
 -7110.832997500815 9259.01517918695 9222.633035726509 -11371.84441947265
 -7110.832997500815 9259.01517918695 9222.633035726509 -11371.84441947265
 -7169.826561157347 9244.889888163483 9008.084035636477 -11084.17672481621
 -7168.563808143354 9241.568690023641 9009.826304075466 -11082.19785394431
 -7110.832997500815 9259.01517918695 9222.633035726509 -11371.84441947265
 -7110.832997500815 9259.01517918695 9222.633035726509 -11371.84441947265
 -8420.564733593044 10501.65827016049 8571.172851655432 -10633.51443529715
 -7169.826561157347 9244.889888163483 9008.084035636477 -11084.17672481621
 -7110.832997500815 9259.01517918695 9222.633035726509 -11371.84441947265
 -7110.832997500815 9259.01517918695 9222.633035726509 -11371.84441947265
 -7169.826561157347 9244.889888163483 9008.084035636477 -11084.17672481621
 -7110.832997500815 9259.01517918695 9222.633035726509 -11371.84441947265
 -7993.537114667261 9536.086377669655 8630.761369637385 -10173.37127597635
 -7169.826561157347 9244.889888163483 9008.084035636477 -11084.17672481621
 -7110.832997500815 9259.01517918695 9222.633035726509 -11371.84441947265
 -7110.832997500815 9259.01517918695 9222.633035726509 -11371.84441947265
 -7170.960291268502 9244.809215141586 9007.62077303779 -11082.48664030576
 -7174.16983648302 9234.586962376463 9002.48494337499 -11080.35560387839
 -7169.826561157347 9244.889888163483 9008.084035636477 -11084.17672481621
 -7110.654323215812 9258.383954782146 9223.799502170805 -11373.10613032144
 -7156.823495197129 9123.090212284767 9041.026165745183 -10971.80112772878
 -7169.826561157347 9244.889888163483 9008.084035636477 -11084.17672481621
 -7110.832997500815 9259.01517918695 9222.633035726509 -11371.84441947265
 -7110.832997500815 9259.01517918695 9222.633035726509 -11371.84441947265
 -7169.826561157347 9244.889888163483 9008.084035636477 -11084.17672481621
 -7110.832997500815 9259.01517918695 9222.633035726509 -11371.84441947265
 -7993.573005557696 9532.544127906431 8636.122115858629 -10171.06491922285
 -7110.832997500815 9259.01517918695 9222.633035726509 -11371.84441947265
 -7162.513971486953 9262.434337513692 9015.586624401414 -11101.55050404413
 -7169.826561157347 9244.889888163483 9008.084035636477 -11084.17672481621
 -7110.832997500815 9259.01517918695 9222.633035726509 -11371.84441947265
 -7103.37826922589 9259.436396609883 9205.894624406897 -11361.23503793489
 -7169.931015587468 9245.05029312962 9008.666317311385 -11084.30967409355
 -7162.645309829482 9242.115150442758 9014.865086659403 -11078.2880622199
 -7110.832997500815 9259.01517918695 9222.633035726509 -11371.84441947265
 -7169.826561157347 9244.889888163483 9008.084035636477 -11084.17672481621
 -7535.934440375486 9298.319953617603 8820.576687358411 -10847.75220721313
 -7103.37826922589 9259.436396609883 9205.894624406897 -11361.23503793489
 -7164.880511202968 9246.301999910365 9006.875028223871 -11085.60544771832
 -8022.53387267807 9537.107782830728 8597.837314151189 -10113.44453178257
 -7169.826561157347 9244.889888163483 9008.084035636477 -11084.17672481621
 -7110.832997500815 9259.01517918695 9222.633035726509 -11371.84441947265
