# Created by Octave 4.2.1, Mon Oct 09 19:09:32 2017 BRT <root@mosqueiro>
# name: pop
# type: matrix
# rows: 1000
# columns: 4
 -10022.30878808644 14099.36283349158 12462.62530998718 -16540.61623986461
 -10022.30878808644 14099.36283349158 12462.62530998718 -16540.61623986461
 -10022.30878808644 14099.36283349158 12462.62530998718 -16540.61623986461
 -10022.30878808644 14099.36283349158 12462.62530998718 -16540.61623986461
 -10022.30878808644 14099.36283349158 12462.62530998718 -16540.61623986461
 -10069.05129149623 14027.66677899575 12484.28235193377 -16441.34598373171
 -3609.783929200278 7180.254563201924 2834.645943018004 -1328.906937829309
 -10022.30878808644 14099.36283349158 12462.62530998718 -16540.61623986461
 -10055.76138398844 14002.78868515503 12429.03202915832 -16432.42980979705
 -10022.30878808644 14099.36283349158 12462.62530998718 -16540.61623986461
 -8997.480816536225 13655.60719147824 12013.31500166485 -16664.49924841844
 -9019.867117204019 13732.27411438352 11937.4247819585 -16647.81006366348
 -10022.30878808644 14099.36283349158 12462.62530998718 -16540.61623986461
 -10162.94587029961 14175.8375648989 12417.73625028046 -16428.60626175011
 -10069.17122531588 14054.40057356214 12473.15442806913 -16455.27734600434
 -10054.51351720403 14069.39940094163 12469.34381337398 -16443.54341013939
 -10069.17122531588 14054.40057356214 12473.15442806913 -16455.27734600434
 -10048.61220644436 14039.97625979924 12481.17570120893 -16472.58727269181
 -10022.30878808644 14099.36283349158 12462.62530998718 -16540.61623986461
 -10069.17122531588 14054.40057356214 12473.15442806913 -16455.27734600434
 -10022.30878808644 14099.36283349158 12462.62530998718 -16540.61623986461
 -10022.30878808644 14099.36283349158 12462.62530998718 -16540.61623986461
 -10069.17122531588 14054.40057356214 12473.15442806913 -16455.27734600434
 -10162.94587029961 14175.8375648989 12417.73625028046 -16428.60626175011
 -10061.58997116512 14112.96540755735 12494.46496911588 -16418.59109624974
 -8997.480816536225 13655.60719147824 12013.31500166485 -16664.49924841844
 -10069.17122531588 14054.40057356214 12473.15442806913 -16455.27734600434
 -9019.867117204019 13732.27411438352 11937.4247819585 -16647.81006366348
 -10022.30878808644 14099.36283349158 12462.62530998718 -16540.61623986461
 -10069.17122531588 14054.40057356214 12473.15442806913 -16455.27734600434
 -10022.30878808644 14099.36283349158 12462.62530998718 -16540.61623986461
 -10069.17122531588 14054.40057356214 12473.15442806913 -16455.27734600434
 -8997.480816536225 13655.60719147824 12013.31500166485 -16664.49924841844
 -10162.94587029961 14175.8375648989 12417.73625028046 -16428.60626175011
 -10022.30878808644 14099.36283349158 12462.62530998718 -16540.61623986461
 -10022.30878808644 14099.36283349158 12462.62530998718 -16540.61623986461
 -8997.480816536225 13655.60719147824 12013.31500166485 -16664.49924841844
 -10162.94587029961 14175.8375648989 12417.73625028046 -16428.60626175011
 -10022.30878808644 14099.36283349158 12462.62530998718 -16540.61623986461
 -8997.480816536225 13655.60719147824 12013.31500166485 -16664.49924841844
 -10162.94587029961 14175.8375648989 12417.73625028046 -16428.60626175011
 -8914.843208809689 13568.29703170192 12067.57322324085 -16642.62527821782
 -10069.17122531588 14054.40057356214 12473.15442806913 -16455.27734600434
 -8981.72839565398 13674.28355440026 11985.44808216871 -16713.86985142725
 -10003.66883950209 14038.56304790793 12457.08300642735 -16489.95639306137
 -8997.480816536225 13655.60719147824 12013.31500166485 -16664.49924841844
 -10069.17122531588 14054.40057356214 12473.15442806913 -16455.27734600434
 -8997.480816536225 13655.60719147824 12013.31500166485 -16664.49924841844
 -10049.41888342602 14075.63205250562 12449.22677059181 -16449.63352189202
 -10022.30878808644 14099.36283349158 12462.62530998718 -16540.61623986461
 -10069.17122531588 14054.40057356214 12473.15442806913 -16455.27734600434
 -10021.71934257447 14083.51596003903 12459.3514215789 -16450.47497032694
 -10069.17122531588 14054.40057356214 12473.15442806913 -16455.27734600434
 -8997.480816536225 13655.60719147824 12013.31500166485 -16664.49924841844
 -10069.17122531588 14054.40057356214 12473.15442806913 -16455.27734600434
 -10069.17122531588 14054.40057356214 12473.15442806913 -16455.27734600434
 -9019.867117204019 13732.27411438352 11937.4247819585 -16647.81006366348
 -8997.480816536225 13655.60719147824 12013.31500166485 -16664.49924841844
 -10069.17122531588 14054.40057356214 12473.15442806913 -16455.27734600434
 -8997.480816536225 13655.60719147824 12013.31500166485 -16664.49924841844
 -10069.17122531588 14054.40057356214 12473.15442806913 -16455.27734600434
 -10022.30878808644 14099.36283349158 12462.62530998718 -16540.61623986461
 -10022.30878808644 14099.36283349158 12462.62530998718 -16540.61623986461
 -9124.680309183785 13662.28552919891 12130.47780278208 -16525.52279317561
 -10022.30878808644 14099.36283349158 12462.62530998718 -16540.61623986461
 -10069.17122531588 14054.40057356214 12473.15442806913 -16455.27734600434
 -8997.480816536225 13655.60719147824 12013.31500166485 -16664.49924841844
 -10035.06922646777 14026.74475330252 12423.66227824381 -16439.4133047474
 -10022.30878808644 14099.36283349158 12462.62530998718 -16540.61623986461
 -10069.17122531588 14054.40057356214 12473.15442806913 -16455.27734600434
 -10069.17122531588 14054.40057356214 12473.15442806913 -16455.27734600434
 -10022.30878808644 14099.36283349158 12462.62530998718 -16540.61623986461
 -10069.17122531588 14054.40057356214 12473.15442806913 -16455.27734600434
 -10003.66883950209 14038.56304790793 12457.08300642735 -16489.95639306137
 -10135.92084025296 14025.11457398047 12451.80951089849 -16529.14838163894
 -10022.30878808644 14099.36283349158 12462.62530998718 -16540.61623986461
 -10048.61220644436 14039.97625979924 12481.17570120893 -16472.58727269181
 -8997.480816536225 13655.60719147824 12013.31500166485 -16664.49924841844
 -10022.30878808644 14099.36283349158 12462.62530998718 -16540.61623986461
 -10022.30878808644 14099.36283349158 12462.62530998718 -16540.61623986461
 -8967.777900457546 13676.03854014364 11986.40296818081 -16614.66622748401
 -10069.17122531588 14054.40057356214 12473.15442806913 -16455.27734600434
 -10022.30878808644 14099.36283349158 12462.62530998718 -16540.61623986461
 -10057.17295170139 13990.15660130977 12293.93892817469 -16510.83335563218
 -8997.480816536225 13655.60719147824 12013.31500166485 -16664.49924841844
 -10069.17122531588 14054.40057356214 12473.15442806913 -16455.27734600434
 -10097.51146620225 14030.16237607881 12449.14995173198 -16468.99134960492
 -10069.17122531588 14054.40057356214 12473.15442806913 -16455.27734600434
 -10022.30878808644 14099.36283349158 12462.62530998718 -16540.61623986461
 -10069.17122531588 14054.40057356214 12473.15442806913 -16455.27734600434
 -10069.17122531588 14054.40057356214 12473.15442806913 -16455.27734600434
 -10101.57417724012 14074.94470726803 12511.17381926756 -16385.56721903442
 -10082.62865974614 14067.83588264341 12453.01427607535 -16438.07660700211
 -10063.24597501152 14043.75118459888 12482.76330746286 -16445.70609460264
 -10022.30878808644 14099.36283349158 12462.62530998718 -16540.61623986461
 -10069.17122531588 14054.40057356214 12473.15442806913 -16455.27734600434
 -10069.17122531588 14054.40057356214 12473.15442806913 -16455.27734600434
 -10162.94587029961 14175.8375648989 12417.73625028046 -16428.60626175011
 -10079.48823170959 14062.27649936526 12478.1317268166 -16461.1707497582
 -10069.17122531588 14054.40057356214 12473.15442806913 -16455.27734600434
 -8997.480816536225 13655.60719147824 12013.31500166485 -16664.49924841844
 -10022.30878808644 14099.36283349158 12462.62530998718 -16540.61623986461
 -10022.30878808644 14099.36283349158 12462.62530998718 -16540.61623986461
 -10069.17122531588 14054.40057356214 12473.15442806913 -16455.27734600434
 -10069.17122531588 14054.40057356214 12473.15442806913 -16455.27734600434
