# Created by Octave 4.2.1, Mon Oct 09 19:08:54 2017 BRT <root@mosqueiro>
# name: pop
# type: matrix
# rows: 1000
# columns: 4
 -10022.30878808644 14099.36283349158 12462.62530998718 -16540.61623986461
 -10162.94587029961 14175.8375648989 12417.73625028046 -16428.60626175011
 -9019.867117204019 13732.27411438352 11937.4247819585 -16647.81006366348
 -10069.17122531588 14054.40057356214 12473.15442806913 -16455.27734600434
 -10069.17122531588 14054.40057356214 12473.15442806913 -16455.27734600434
 -10069.17122531588 14054.40057356214 12473.15442806913 -16455.27734600434
 -10069.17122531588 14054.40057356214 12473.15442806913 -16455.27734600434
 -10069.17122531588 14054.40057356214 12473.15442806913 -16455.27734600434
 -8997.480816536225 13655.60719147824 12013.31500166485 -16664.49924841844
 -10132.0807499895 14022.61829111225 12400.61192253899 -16456.74690442911
 -10069.17122531588 14054.40057356214 12473.15442806913 -16455.27734600434
 -8997.480816536225 13655.60719147824 12013.31500166485 -16664.49924841844
 -8997.480816536225 13655.60719147824 12013.31500166485 -16664.49924841844
 -10069.17122531588 14054.40057356214 12473.15442806913 -16455.27734600434
 -8997.480816536225 13655.60719147824 12013.31500166485 -16664.49924841844
 -10022.30878808644 14099.36283349158 12462.62530998718 -16540.61623986461
 -8997.480816536225 13655.60719147824 12013.31500166485 -16664.49924841844
 -10069.17122531588 14054.40057356214 12473.15442806913 -16455.27734600434
 -9625.126375568232 13470.34403132681 11565.02832671729 -17233.37953820946
 -8997.480816536225 13655.60719147824 12013.31500166485 -16664.49924841844
 -8997.480816536225 13655.60719147824 12013.31500166485 -16664.49924841844
 -10069.17122531588 14054.40057356214 12473.15442806913 -16455.27734600434
 -8997.480816536225 13655.60719147824 12013.31500166485 -16664.49924841844
 -8997.480816536225 13655.60719147824 12013.31500166485 -16664.49924841844
 -9569.627189737967 13670.02153534364 12043.61987399839 -17291.97441350918
 -8997.480816536225 13655.60719147824 12013.31500166485 -16664.49924841844
 -10069.17122531588 14054.40057356214 12473.15442806913 -16455.27734600434
 -8858.927894502809 13532.58509284349 11808.12273688097 -16631.38172228446
 -10069.17122531588 14054.40057356214 12473.15442806913 -16455.27734600434
 -10069.17122531588 14054.40057356214 12473.15442806913 -16455.27734600434
 -10069.17122531588 14054.40057356214 12473.15442806913 -16455.27734600434
 -10069.17122531588 14054.40057356214 12473.15442806913 -16455.27734600434
 -8997.480816536225 13655.60719147824 12013.31500166485 -16664.49924841844
 -9012.564261932386 13471.99823855612 11993.68622652275 -16565.11238230443
 -10069.17122531588 14054.40057356214 12473.15442806913 -16455.27734600434
 -1523.830442692838 9924.27161748353 -1231.613688621595 -6831.432928137916
 -10069.17122531588 14054.40057356214 12473.15442806913 -16455.27734600434
 -10069.17122531588 14054.40057356214 12473.15442806913 -16455.27734600434
 -8997.480816536225 13655.60719147824 12013.31500166485 -16664.49924841844
 -10069.17122531588 14054.40057356214 12473.15442806913 -16455.27734600434
 -8997.480816536225 13655.60719147824 12013.31500166485 -16664.49924841844
 -9301.740531233372 13545.69006174374 11707.5540763344 -16696.26560034376
 -8997.480816536225 13655.60719147824 12013.31500166485 -16664.49924841844
 -10069.17122531588 14054.40057356214 12473.15442806913 -16455.27734600434
 -8562.740113260434 14030.60224900823 11900.98117132135 -16326.84047003248
 -10069.17122531588 14054.40057356214 12473.15442806913 -16455.27734600434
 -8997.480816536225 13655.60719147824 12013.31500166485 -16664.49924841844
 -8893.07578548568 14021.60948594804 12625.54542551056 -17145.67700956322
 -5405.550030251139 17545.10198613338 5843.341179599578 -14133.36334354214
 -8928.149348148669 13490.82822339089 11867.023056563 -16708.41309531849
 -8997.480816536225 13655.60719147824 12013.31500166485 -16664.49924841844
 -8997.480816536225 13655.60719147824 12013.31500166485 -16664.49924841844
 -10069.17122531588 14054.40057356214 12473.15442806913 -16455.27734600434
 -10022.30878808644 14099.36283349158 12462.62530998718 -16540.61623986461
 -9019.867117204019 13732.27411438352 11937.4247819585 -16647.81006366348
 -10069.17122531588 14054.40057356214 12473.15442806913 -16455.27734600434
 -10069.17122531588 14054.40057356214 12473.15442806913 -16455.27734600434
 -8997.480816536225 13655.60719147824 12013.31500166485 -16664.49924841844
 -8993.531129625535 13503.92078477512 11945.40639357502 -16548.14200628795
 -9240.907456818462 13415.02790635404 11879.51946647175 -16743.8762556244
 -8997.480816536225 13655.60719147824 12013.31500166485 -16664.49924841844
 -10069.17122531588 14054.40057356214 12473.15442806913 -16455.27734600434
 -9044.872523496297 13935.46339471633 12098.9346311796 -16598.29372368535
 -8997.480816536225 13655.60719147824 12013.31500166485 -16664.49924841844
 -10069.17122531588 14054.40057356214 12473.15442806913 -16455.27734600434
 -8997.480816536225 13655.60719147824 12013.31500166485 -16664.49924841844
 -8997.480816536225 13655.60719147824 12013.31500166485 -16664.49924841844
 -8953.429787618345 13612.90580087108 11977.15016025583 -16823.26700207683
 -10069.17122531588 14054.40057356214 12473.15442806913 -16455.27734600434
 -8997.480816536225 13655.60719147824 12013.31500166485 -16664.49924841844
 -10069.17122531588 14054.40057356214 12473.15442806913 -16455.27734600434
 -8997.480816536225 13655.60719147824 12013.31500166485 -16664.49924841844
 -8997.480816536225 13655.60719147824 12013.31500166485 -16664.49924841844
 -9039.131012172176 13878.52426628077 11857.84450836574 -16739.56970596539
 -8997.480816536225 13655.60719147824 12013.31500166485 -16664.49924841844
 -10069.17122531588 14054.40057356214 12473.15442806913 -16455.27734600434
 -8997.480816536225 13655.60719147824 12013.31500166485 -16664.49924841844
 -10069.17122531588 14054.40057356214 12473.15442806913 -16455.27734600434
 -10069.17122531588 14054.40057356214 12473.15442806913 -16455.27734600434
 -8913.38074663861 13633.44026718674 11693.55563570651 -16616.59040821996
 -10069.17122531588 14054.40057356214 12473.15442806913 -16455.27734600434
 -10069.17122531588 14054.40057356214 12473.15442806913 -16455.27734600434
 -10022.30878808644 14099.36283349158 12462.62530998718 -16540.61623986461
 -10069.17122531588 14054.40057356214 12473.15442806913 -16455.27734600434
 -10069.17122531588 14054.40057356214 12473.15442806913 -16455.27734600434
 -8997.480816536225 13655.60719147824 12013.31500166485 -16664.49924841844
 -9106.680354938004 13665.63273759365 12059.6991132946 -16675.31116271105
 -10069.17122531588 14054.40057356214 12473.15442806913 -16455.27734600434
 -8997.480816536225 13655.60719147824 12013.31500166485 -16664.49924841844
 -8997.480816536225 13655.60719147824 12013.31500166485 -16664.49924841844
 -10069.17122531588 14054.40057356214 12473.15442806913 -16455.27734600434
 -10069.17122531588 14054.40057356214 12473.15442806913 -16455.27734600434
 -8997.480816536225 13655.60719147824 12013.31500166485 -16664.49924841844
 -10069.17122531588 14054.40057356214 12473.15442806913 -16455.27734600434
 -8997.480816536225 13655.60719147824 12013.31500166485 -16664.49924841844
 -5113.107386237081 17815.08956802217 5951.565640754919 -14191.46013438891
 -9853.526800483232 14550.33633476485 12056.67821461331 -16198.50185587153
 -8997.480816536225 13655.60719147824 12013.31500166485 -16664.49924841844
 -8997.480816536225 13655.60719147824 12013.31500166485 -16664.49924841844
 -1637.732226726568 9967.83640559197 -1280.237021546411 -7086.266306783838
 -9006.581286504867 13718.53911653985 12130.32779566678 -16769.25027334772
 -9558.405228659061 14185.00716866627 11770.40564054354 -16335.47893853322
 -9019.867117204019 13732.27411438352 11937.4247819585 -16647.81006366348
 -5886.936485267369 9132.5525575596 9952.425048859588 -15750.82788910616
 -10069.17122531588 14054.40057356214 12473.15442806913 -16455.27734600434
