# Created by Octave 4.2.1, Mon Oct 09 19:48:25 2017 BRT <root@mosqueiro>
# name: pop
# type: matrix
# rows: 1000
# columns: 4
 -5017.992783309098 -2982.11731898659 6447.003229202737 1552.775801152004
 -5017.992783309098 -2982.11731898659 6447.003229202737 1552.775801152004
 -5017.992783309098 -2982.11731898659 6447.003229202737 1552.775801152004
 -5017.992783309098 -2982.11731898659 6447.003229202737 1552.775801152004
 -5017.992783309098 -2982.11731898659 6447.003229202737 1552.775801152004
 -4992.598528051896 -3008.366981801299 6415.896530081 1585.058856400466
 -4992.598528051896 -3008.366981801299 6415.896530081 1585.058856400466
 -5548.487605897841 -7631.176570442628 50.45144067211108 9051.951448568883
 -4992.598528051896 -3008.366981801299 6415.896530081 1585.058856400466
 -4992.598528051896 -3008.366981801299 6415.896530081 1585.058856400466
 -4992.598528051896 -3008.366981801299 6415.896530081 1585.058856400466
 -4992.598528051896 -3008.366981801299 6415.896530081 1585.058856400466
 -2758.380217843643 -3719.213631312571 -541.2176163365873 7057.585212134537
 -4992.598528051896 -3008.366981801299 6415.896530081 1585.058856400466
 -2544.763195085489 -3838.571400132552 -591.4765111727972 6778.456571377634
 -5017.992783309098 -2982.11731898659 6447.003229202737 1552.775801152004
 -5147.389297476479 -2866.267588323804 6504.088675853352 1504.651213320989
 -5017.992783309098 -2982.11731898659 6447.003229202737 1552.775801152004
 -4992.598528051896 -3008.366981801299 6415.896530081 1585.058856400466
 -2639.472985140584 -3812.067440325205 -549.1900288132856 7001.187050759279
 -4992.598528051896 -3008.366981801299 6415.896530081 1585.058856400466
 -5000.757701702345 -3081.018007130527 6601.653845054549 1590.357240810288
 -5117.106676375536 -3042.494849077457 6459.122400481708 1566.810126802741
 -4992.598528051896 -3008.366981801299 6415.896530081 1585.058856400466
 -4992.598528051896 -3008.366981801299 6415.896530081 1585.058856400466
 -4947.370681140447 -2962.594304878836 6432.071411996987 1607.383542942991
 -5017.992783309098 -2982.11731898659 6447.003229202737 1552.775801152004
 -4992.598528051896 -3008.366981801299 6415.896530081 1585.058856400466
 -4992.598528051896 -3008.366981801299 6415.896530081 1585.058856400466
 -4932.664591389188 -2870.058181214293 6474.00264214255 1697.475709844651
 -4992.598528051896 -3008.366981801299 6415.896530081 1585.058856400466
 -4992.598528051896 -3008.366981801299 6415.896530081 1585.058856400466
 -5017.992783309098 -2982.11731898659 6447.003229202737 1552.775801152004
 -5017.992783309098 -2982.11731898659 6447.003229202737 1552.775801152004
 -4992.598528051896 -3008.366981801299 6415.896530081 1585.058856400466
 -4992.598528051896 -3008.366981801299 6415.896530081 1585.058856400466
 -4786.347366923438 -2841.701947638071 6428.686680294286 1525.277629938051
 -4992.598528051896 -3008.366981801299 6415.896530081 1585.058856400466
 -5172.192628654912 -3001.659739297902 6412.62259718917 1633.325219902879
 -4992.598528051896 -3008.366981801299 6415.896530081 1585.058856400466
 -4992.598528051896 -3008.366981801299 6415.896530081 1585.058856400466
 -2637.514312830009 -3770.879572167962 -563.193174482496 6994.585865165696
 -5017.992783309098 -2982.11731898659 6447.003229202737 1552.775801152004
 -4902.287818712891 -3060.640013110668 6434.660080720199 1611.989054891962
 -4992.598528051896 -3008.366981801299 6415.896530081 1585.058856400466
 -2695.314930260542 -3886.97344731976 -542.7629390404819 7009.434667472757
 -4992.598528051896 -3008.366981801299 6415.896530081 1585.058856400466
 -4992.598528051896 -3008.366981801299 6415.896530081 1585.058856400466
 -4992.598528051896 -3008.366981801299 6415.896530081 1585.058856400466
 -5051.687222322009 -3035.785312551176 6440.436774114658 1599.416112421354
 -5118.639762496524 -3128.79057234139 6409.029360471895 1519.03725994932
 -4992.598528051896 -3008.366981801299 6415.896530081 1585.058856400466
 -4992.598528051896 -3008.366981801299 6415.896530081 1585.058856400466
 -4992.598528051896 -3008.366981801299 6415.896530081 1585.058856400466
 -5008.598263742341 -3040.109855276174 6426.812030724116 1591.07109946156
 -4992.598528051896 -3008.366981801299 6415.896530081 1585.058856400466
 -5068.937148794071 -2978.186943304268 6521.822194401318 1568.608564381271
 -2544.763195085489 -3838.571400132552 -591.4765111727972 6778.456571377634
 -4992.598528051896 -3008.366981801299 6415.896530081 1585.058856400466
 -5017.992783309098 -2982.11731898659 6447.003229202737 1552.775801152004
 -5017.992783309098 -2982.11731898659 6447.003229202737 1552.775801152004
 -4992.598528051896 -3008.366981801299 6415.896530081 1585.058856400466
 -5017.992783309098 -2982.11731898659 6447.003229202737 1552.775801152004
 -2639.472985140584 -3812.067440325205 -549.1900288132856 7001.187050759279
 -4992.598528051896 -3008.366981801299 6415.896530081 1585.058856400466
 -5123.843550002662 -3320.861349916775 6585.439153463396 1324.308040602205
 -4757.306845827246 -3193.234419293802 6539.503499277448 1451.928237528555
 -4992.598528051896 -3008.366981801299 6415.896530081 1585.058856400466
 -2639.472985140584 -3812.067440325205 -549.1900288132856 7001.187050759279
 -5797.662861610886 -2136.263096394264 6749.565057608126 2439.172827586936
 -4992.598528051896 -3008.366981801299 6415.896530081 1585.058856400466
 -4995.457053621943 -2956.188286109102 6452.221782119415 1541.645276418134
 -5066.249447314568 -2995.515791694384 6432.844619672281 1618.285281580741
 -4964.178504605048 -2897.096785868606 6357.97207291574 1722.368404980219
 -4992.598528051896 -3008.366981801299 6415.896530081 1585.058856400466
 -2666.206006690159 -4553.975748565908 1397.926037676859 5921.328774254023
 -4992.598528051896 -3008.366981801299 6415.896530081 1585.058856400466
 -2642.967359881762 -4951.494373383465 1656.007361751334 6085.13164687665
 -4992.598528051896 -3008.366981801299 6415.896530081 1585.058856400466
 -5017.992783309098 -2982.11731898659 6447.003229202737 1552.775801152004
 -4992.598528051896 -3008.366981801299 6415.896530081 1585.058856400466
 -4992.598528051896 -3008.366981801299 6415.896530081 1585.058856400466
 -4992.598528051896 -3008.366981801299 6415.896530081 1585.058856400466
 -4948.215987770977 -2995.976202878878 6509.080257915497 1613.356830923972
 -2575.045046271741 -3825.447130665817 -592.1372723948522 6970.140017421578
 -4867.361628175358 -3211.150121640494 6383.73429753769 1997.529200798047
 -4992.598528051896 -3008.366981801299 6415.896530081 1585.058856400466
 -4992.598528051896 -3008.366981801299 6415.896530081 1585.058856400466
 -2639.472985140584 -3812.067440325205 -549.1900288132856 7001.187050759279
 -4992.598528051896 -3008.366981801299 6415.896530081 1585.058856400466
 -4992.598528051896 -3008.366981801299 6415.896530081 1585.058856400466
 -4992.598528051896 -3008.366981801299 6415.896530081 1585.058856400466
 -2639.472985140584 -3812.067440325205 -549.1900288132856 7001.187050759279
 -1691.820191871636 -4599.605563101843 -281.7220798943897 7127.539716783249
 -4992.598528051896 -3008.366981801299 6415.896530081 1585.058856400466
 -6897.886782208701 2479.474061501921 8407.036950496553 15296.92837370599
 -4992.598528051896 -3008.366981801299 6415.896530081 1585.058856400466
 -4992.598528051896 -3008.366981801299 6415.896530081 1585.058856400466
 -4887.295787791483 -2973.548439921503 6387.496329802526 1559.303796009457
 -4932.664591389188 -2870.058181214293 6474.00264214255 1697.475709844651
 -5017.992783309098 -2982.11731898659 6447.003229202737 1552.775801152004
 -4992.598528051896 -3008.366981801299 6415.896530081 1585.058856400466
 -4992.598528051896 -3008.366981801299 6415.896530081 1585.058856400466
 -4992.598528051896 -3008.366981801299 6415.896530081 1585.058856400466
 -4992.598528051896 -3008.366981801299 6415.896530081 1585.058856400466
 -4932.629893480756 -3039.536948119345 6471.241813405381 1646.521451816653
 -5036.931048400358 -2971.249587736118 6355.851734226981 1612.371521548526
