# Created by Octave 4.2.1, Mon Oct 09 19:21:12 2017 BRT <root@mosqueiro>
# name: pop
# type: matrix
# rows: 1000
# columns: 4
 -7169.834336429749 9244.878172298884 9008.110114795452 -11084.16977367235
 -7169.760495627017 9244.934182739298 9008.456751417956 -11084.64644634764
 -7169.760495627017 9244.934182739298 9008.456751417956 -11084.64644634764
 -7169.760495627017 9244.934182739298 9008.456751417956 -11084.64644634764
 -7169.760495627017 9244.934182739298 9008.456751417956 -11084.64644634764
 -7110.811674875014 9258.811442101938 9222.575664529108 -11371.84291538973
 -7147.437023865841 9247.540731352072 9022.177238212051 -11081.13765730242
 -7170.960291268502 9244.809215141586 9007.62077303779 -11082.48664030576
 -7110.832997500815 9259.01517918695 9222.633035726509 -11371.84441947265
 -7110.832997500815 9259.01517918695 9222.633035726509 -11371.84441947265
 -7170.359819100193 9244.455440012558 9007.359450701137 -11082.44604079343
 -7169.760495627017 9244.934182739298 9008.456751417956 -11084.64644634764
 -7170.960291268502 9244.809215141586 9007.62077303779 -11082.48664030576
 -7169.760495627017 9244.934182739298 9008.456751417956 -11084.64644634764
 -7169.760495627017 9244.934182739298 9008.456751417956 -11084.64644634764
 -7110.832997500815 9259.01517918695 9222.633035726509 -11371.84441947265
 -7169.834336429749 9244.878172298884 9008.110114795452 -11084.16977367235
 -7110.832997500815 9259.01517918695 9222.633035726509 -11371.84441947265
 -7170.960291268502 9244.809215141586 9007.62077303779 -11082.48664030576
 -7169.827539673276 9244.852034840171 9008.065618559902 -11084.18360527583
 -7169.760495627017 9244.934182739298 9008.456751417956 -11084.64644634764
 -7170.960291268502 9244.809215141586 9007.62077303779 -11082.48664030576
 -7110.832997500815 9259.01517918695 9222.633035726509 -11371.84441947265
 -7110.832997500815 9259.01517918695 9222.633035726509 -11371.84441947265
 -7169.760495627017 9244.934182739298 9008.456751417956 -11084.64644634764
 -7169.760495627017 9244.934182739298 9008.456751417956 -11084.64644634764
 -7110.785695169711 9259.014296404173 9222.650420744303 -11371.8640409301
 -7170.960291268502 9244.809215141586 9007.62077303779 -11082.48664030576
 -7110.991174514204 9258.811197712892 9222.923282560509 -11371.74052090916
 -7110.832997500815 9259.01517918695 9222.633035726509 -11371.84441947265
 -7208.332566359957 9219.951135217241 9060.622043893871 -11069.54303188931
 -7110.832997500815 9259.01517918695 9222.633035726509 -11371.84441947265
 -7110.817462575951 9259.021044227153 9222.696457367661 -11371.81793905227
 -7170.960291268502 9244.809215141586 9007.62077303779 -11082.48664030576
 -7110.832997500815 9259.01517918695 9222.633035726509 -11371.84441947265
 -7169.760495627017 9244.934182739298 9008.456751417956 -11084.64644634764
 -7067.813180390536 9136.34833706278 9073.990655965346 -10968.97920781773
 -7169.760495627017 9244.934182739298 9008.456751417956 -11084.64644634764
 -7148.103312701941 9110.658303641747 9020.659766140016 -10968.80655961632
 -7110.832997500815 9259.01517918695 9222.633035726509 -11371.84441947265
 -7110.832997500815 9259.01517918695 9222.633035726509 -11371.84441947265
 -7110.832997500815 9259.01517918695 9222.633035726509 -11371.84441947265
 -7110.731182914605 9259.09841423959 9222.579806594287 -11371.85546101096
 -7170.165072085605 9245.382066504233 9007.551197999503 -11083.52066326045
 -7170.824675187211 9243.627296173587 9007.873900455093 -11085.25020130398
 -7170.917564106553 9244.918801726522 9007.669216083288 -11082.55152425659
 -7110.871087580244 9258.98647063829 9222.667629231055 -11371.81392623147
 -7169.760495627017 9244.934182739298 9008.456751417956 -11084.64644634764
 -7170.960291268502 9244.809215141586 9007.62077303779 -11082.48664030576
 -7170.960291268502 9244.809215141586 9007.62077303779 -11082.48664030576
 -7110.832997500815 9259.01517918695 9222.633035726509 -11371.84441947265
 -7170.960291268502 9244.809215141586 9007.62077303779 -11082.48664030576
 -7169.760495627017 9244.934182739298 9008.456751417956 -11084.64644634764
 -7170.960291268502 9244.809215141586 9007.62077303779 -11082.48664030576
 -6975.961389732696 9559.794295715401 8766.980986609682 -10700.003598775
 -7170.960291268502 9244.809215141586 9007.62077303779 -11082.48664030576
 -7169.760495627017 9244.934182739298 9008.456751417956 -11084.64644634764
 -7169.760495627017 9244.934182739298 9008.456751417956 -11084.64644634764
 -7169.760495627017 9244.934182739298 9008.456751417956 -11084.64644634764
 -7110.832997500815 9259.01517918695 9222.633035726509 -11371.84441947265
 -7169.826930931913 9244.848890964833 9008.048294041253 -11084.19026863225
 -7110.832997500815 9259.01517918695 9222.633035726509 -11371.84441947265
 -7170.960291268502 9244.809215141586 9007.62077303779 -11082.48664030576
 -7169.832340566932 9244.895631731262 9008.122884913784 -11084.19676681282
 -7170.960291268502 9244.809215141586 9007.62077303779 -11082.48664030576
 -7170.960291268502 9244.809215141586 9007.62077303779 -11082.48664030576
 -7521.483608520437 9402.641391790223 8873.731850411868 -10711.22229554683
 -7170.960291268502 9244.809215141586 9007.62077303779 -11082.48664030576
 -7632.257476405752 9370.159290708945 8998.019661656333 -10744.931583574
 -7170.960291268502 9244.809215141586 9007.62077303779 -11082.48664030576
 -7170.960291268502 9244.809215141586 9007.62077303779 -11082.48664030576
 -7170.960291268502 9244.809215141586 9007.62077303779 -11082.48664030576
 -7110.554157478752 9259.022139117091 9222.578682885845 -11371.75226215255
 -7169.826561157347 9244.889888163483 9008.084035636477 -11084.17672481621
 -7994.310233218423 9531.406973605343 8635.157955556579 -10171.50946845708
 -7170.952670599632 9244.733449124587 9007.653673918421 -11082.47892693217
 -7110.898527495599 9259.110679524128 9222.734695038547 -11371.68465281951
 -7170.960291268502 9244.809215141586 9007.62077303779 -11082.48664030576
 -7170.960291268502 9244.809215141586 9007.62077303779 -11082.48664030576
 -7110.832997500815 9259.01517918695 9222.633035726509 -11371.84441947265
 -7170.960291268502 9244.809215141586 9007.62077303779 -11082.48664030576
 -7169.760495627017 9244.934182739298 9008.456751417956 -11084.64644634764
 -7169.760495627017 9244.934182739298 9008.456751417956 -11084.64644634764
 -7170.960291268502 9244.809215141586 9007.62077303779 -11082.48664030576
 -7170.960291268502 9244.809215141586 9007.62077303779 -11082.48664030576
 -7170.960291268502 9244.809215141586 9007.62077303779 -11082.48664030576
 -7170.941568446477 9244.859496781242 9007.639992363445 -11082.45851947536
 -7110.832997500815 9259.01517918695 9222.633035726509 -11371.84441947265
 -7110.832997500815 9259.01517918695 9222.633035726509 -11371.84441947265
 -7170.960291268502 9244.809215141586 9007.62077303779 -11082.48664030576
 -7110.764388170521 9259.840855784794 9222.656829736716 -11372.71666734966
 -7170.921555792654 9244.779318294481 9007.535705042492 -11082.53006306501
 -7169.834336429749 9244.878172298884 9008.110114795452 -11084.16977367235
 -7169.760495627017 9244.934182739298 9008.456751417956 -11084.64644634764
 -7110.832997500815 9259.01517918695 9222.633035726509 -11371.84441947265
 -7994.310233218423 9531.406973605343 8635.157955556579 -10171.50946845708
 -7170.889716633026 9244.776637442274 9007.664385476521 -11082.46859652711
 -7169.760495627017 9244.934182739298 9008.456751417956 -11084.64644634764
 -7110.832997500815 9259.01517918695 9222.633035726509 -11371.84441947265
 -7170.960291268502 9244.809215141586 9007.62077303779 -11082.48664030576
 -7170.960291268502 9244.809215141586 9007.62077303779 -11082.48664030576
 -7170.960291268502 9244.809215141586 9007.62077303779 -11082.48664030576
 -7110.832997500815 9259.01517918695 9222.633035726509 -11371.84441947265
 -7110.832997500815 9259.01517918695 9222.633035726509 -11371.84441947265
 -7169.760495627017 9244.934182739298 9008.456751417956 -11084.64644634764
