# Created by Octave 4.2.1, Mon Oct 09 19:42:38 2017 BRT <root@mosqueiro>
# name: pop
# type: matrix
# rows: 1000
# columns: 4
 -2639.472985140584 -3812.067440325205 -549.1900288132856 7001.187050759279
 -2639.472985140584 -3812.067440325205 -549.1900288132856 7001.187050759279
 -2639.472985140584 -3812.067440325205 -549.1900288132856 7001.187050759279
 -2639.472985140584 -3812.067440325205 -549.1900288132856 7001.187050759279
 -2639.472985140584 -3812.067440325205 -549.1900288132856 7001.187050759279
 2225.261003634527 925.0701987196589 -6444.031981127644 3432.819854045354
 9918.65682143407 -15722.03072783959 35962.55319502749 -25578.09252973485
 -17557.12886605209 21115.31484753205 -4363.780843838593 -26764.86539392822
 -2962.482269560694 -226.6870489692246 -8881.456363758367 -9979.38136859786
 161.3943110939999 6719.354854178076 -7974.902706737395 924.4194455703037
 -2639.472985140584 -3812.067440325205 -549.1900288132856 7001.187050759279
 5131.313391038091 -19538.72921023363 17309.57280245622 5141.52556918333
 7335.160234791994 9216.121403533907 -7058.779662951468 -7004.664129584367
 -3153.379402354658 555.5416117934747 9508.613808177499 -6728.306539741019
 -1361.006753665697 7578.46871163962 5993.09467941213 -8628.120688556652
 -2639.472985140584 -3812.067440325205 -549.1900288132856 7001.187050759279
 -2639.472985140584 -3812.067440325205 -549.1900288132856 7001.187050759279
 6340.772464680553 1870.932852679965 26473.16853232003 18441.51178766144
 -5223.904251991732 -7326.715874236257 6137.537375689519 6232.785425147651
 -2639.472985140584 -3812.067440325205 -549.1900288132856 7001.187050759279
 -10825.9317386887 1677.376646732258 5901.798209143144 13409.13571632918
 -2639.472985140584 -3812.067440325205 -549.1900288132856 7001.187050759279
 -8780.753289306704 -8519.68957397423 9154.080993649215 9493.427606331152
 -9456.007626089433 -5117.596250863487 8014.944364213083 6480.178417884101
 -2639.472985140584 -3812.067440325205 -549.1900288132856 7001.187050759279
 -27657.53798321907 -12091.48280429485 -15561.50841211746 -27684.14843975636
 1088.849373068903 -23422.74700999342 -13485.48466103642 25096.09594262806
 10137.40123685716 -16057.05871221982 -17400.6734261187 19383.39131137573
 3595.949880516157 -3502.875980104331 -4227.977107439781 4220.511861877443
 -2639.472985140584 -3812.067440325205 -549.1900288132856 7001.187050759279
 -6157.544857766465 1425.249639179185 3725.726459298223 8529.78610445503
 8558.831364439226 -6531.172638622191 3383.270214614322 -5832.048386543544
 -9518.740038257398 -7698.576563636831 8124.73546961206 9154.357607225324
 6983.080107726539 -311.6329643483023 -4338.75666873145 -1428.784288971741
 178.5689229682785 30748.64015781933 13477.93494523319 34531.21029999023
 28405.65045614533 -2491.998059639071 -55645.04802862949 20082.12368462278
 -5596.865588644135 7335.001016702303 7363.012302188326 -6974.700083200882
 -4818.34983433142 -25949.53917077802 -32969.07843178488 15371.07198267392
 4808.570109005212 938.347080090829 -229.9259975829864 -2680.762931349566
 -2639.472985140584 -3812.067440325205 -549.1900288132856 7001.187050759279
 -1444.565203120839 8819.110600344942 -86.43453890902492 -7215.193710622583
 -227.6026389767703 8211.22787228251 -2312.822798357817 2402.646581978552
 2225.261003634527 925.0701987196589 -6444.031981127644 3432.819854045354
 -3168.811709190934 -5387.477070366467 3338.991706336255 8030.978945462433
 -2639.472985140584 -3812.067440325205 -549.1900288132856 7001.187050759279
 -9456.007626089433 -5117.596250863487 8014.944364213083 6480.178417884101
 -2639.472985140584 -3812.067440325205 -549.1900288132856 7001.187050759279
 -2639.472985140584 -3812.067440325205 -549.1900288132856 7001.187050759279
 -2639.472985140584 -3812.067440325205 -549.1900288132856 7001.187050759279
 6035.148966303595 -7556.793084647545 4331.366847436369 8729.254620325311
 5748.042737129406 -7303.390480883038 2347.237277232822 -467.401351380704
 2435.021337180209 3660.802843826863 7076.31450993937 5621.9099408415
 -2639.472985140584 -3812.067440325205 -549.1900288132856 7001.187050759279
 -2639.472985140584 -3812.067440325205 -549.1900288132856 7001.187050759279
 -294.6252101967293 -5260.181075180276 1469.133241152869 -4333.757149451782
 2048.695181235307 -8021.002934229239 -3053.207853651662 9795.016326196474
 2225.261003634527 925.0701987196589 -6444.031981127644 3432.819854045354
 -2639.472985140584 -3812.067440325205 -549.1900288132856 7001.187050759279
 -4708.249049915335 9690.708136453595 -7549.61680322451 6051.917595721297
 6658.589608004712 -11072.78717853178 19615.21675508126 -634.0720650447083
 -6717.438805869974 325.7751046780104 4404.428233516697 1789.908529691238
 7366.761583141575 -8982.31287149952 7582.676277165858 1933.86123480833
 6987.899023570324 -9507.61031165993 966.4545480178404 4076.515293794067
 161.3943110939999 6719.354854178076 -7974.902706737395 924.4194455703037
 -9456.007626089433 -5117.596250863487 8014.944364213083 6480.178417884101
 -2639.472985140584 -3812.067440325205 -549.1900288132856 7001.187050759279
 -2639.472985140584 -3812.067440325205 -549.1900288132856 7001.187050759279
 -2639.472985140584 -3812.067440325205 -549.1900288132856 7001.187050759279
 -2639.472985140584 -3812.067440325205 -549.1900288132856 7001.187050759279
 7500.101013924861 -6430.730971508126 1772.784047438327 -3629.436924936912
 -2639.472985140584 -3812.067440325205 -549.1900288132856 7001.187050759279
 -5223.904251991732 -7326.715874236257 6137.537375689519 6232.785425147651
 -9518.740038257398 -7698.576563636831 8124.73546961206 9154.357607225324
 -2639.472985140584 -3812.067440325205 -549.1900288132856 7001.187050759279
 4692.405741967292 9628.356584276164 -6761.128979821111 -4785.187571885429
 2225.261003634527 925.0701987196589 -6444.031981127644 3432.819854045354
 1761.985086814317 -4603.87845652492 6863.436636710616 -4186.701066836197
 -3153.379402354658 555.5416117934747 9508.613808177499 -6728.306539741019
 -2639.472985140584 -3812.067440325205 -549.1900288132856 7001.187050759279
 -5223.904251991732 -7326.715874236257 6137.537375689519 6232.785425147651
 9054.785489789188 -262.4643902028565 -311.2211615161741 -8787.521441083572
 -7024.472176357127 -3035.804965043925 1889.502717177244 8011.987504289198
 -20340.23555405028 -2749.922011443321 -7251.303025875517 -3016.002420189256
 -9907.4417020488 7330.874035432105 4150.271425278715 936.6025586958276
 -1444.565203120839 8819.110600344942 -86.43453890902492 -7215.193710622583
 -2639.472985140584 -3812.067440325205 -549.1900288132856 7001.187050759279
 -2639.472985140584 -3812.067440325205 -549.1900288132856 7001.187050759279
 9634.226546807829 -747.1430697862343 -8997.660323356002 4542.441372941805
 -9456.007626089433 -5117.596250863487 8014.944364213083 6480.178417884101
 -5223.904251991732 -7326.715874236257 6137.537375689519 6232.785425147651
 1700.373496626678 775.9547579631399 -1595.23637414722 532.4536398293021
 -29189.30703563725 -11151.21662529291 25729.78857455473 -7514.093942234571
 558.1303227819008 -7819.457587171105 687.4093076091976 6294.258227280576
 7628.65772658397 -2319.921793259584 -5684.263008657558 -61.5108548547687
 -3012.231454577224 -3335.041040377255 28155.99567901187 -13477.58198032671
 9957.833016949517 -8495.499641066201 -4523.444712766306 6064.452350929745
 5876.488331275194 -3889.847988541225 5442.33809921905 -7675.639154756727
 -5774.782074660186 5214.494765460309 -166.146871037703 1099.419814307199
 -1444.565203120839 8819.110600344942 -86.43453890902492 -7215.193710622583
 -7024.472176357127 -3035.804965043925 1889.502717177244 8011.987504289198
 -7146.836469051224 1335.223230284859 -3428.739108327391 5016.648151648504
 -8780.753289306704 -8519.68957397423 9154.080993649215 9493.427606331152
 -1279.760686047051 9963.037194695842 -14384.76378538429 -33137.81118703794
 -2639.472985140584 -3812.067440325205 -549.1900288132856 7001.187050759279
 690.1095867140521 -611.9204346840852 431.19169587529 1243.385534164829
