# Created by Octave 4.2.1, Mon Oct 09 19:18:39 2017 BRT <root@mosqueiro>
# name: pop
# type: matrix
# rows: 1000
# columns: 4
 -7169.826561157347 9244.889888163483 9008.084035636477 -11084.17672481621
 -7169.826561157347 9244.889888163483 9008.084035636477 -11084.17672481621
 -7169.826561157347 9244.889888163483 9008.084035636477 -11084.17672481621
 -7169.826561157347 9244.889888163483 9008.084035636477 -11084.17672481621
 -7169.826561157347 9244.889888163483 9008.084035636477 -11084.17672481621
 -7148.103312701941 9110.658303641747 9020.659766140016 -10968.80655961632
 -7148.103312701941 9110.658303641747 9020.659766140016 -10968.80655961632
 -7719.601400785589 9525.404580944225 9027.490954088355 -10865.88111552167
 -7366.168984439477 9118.01364536678 9045.867898661912 -10553.95150144926
 -7366.168984439477 9118.01364536678 9045.867898661912 -10553.95150144926
 -7103.37826922589 9259.436396609883 9205.894624406897 -11361.23503793489
 -7169.826561157347 9244.889888163483 9008.084035636477 -11084.17672481621
 -8421.065404736213 10842.45882603691 8524.199816515611 -10589.39155234973
 -7550.994568967475 9422.043339869355 8908.925889460448 -10742.73349019874
 -8421.019129482293 10501.41336096712 8570.920293701953 -10633.86916672773
 -8421.019129482293 10501.41336096712 8570.920293701953 -10633.86916672773
 -7103.37826922589 9259.436396609883 9205.894624406897 -11361.23503793489
 -7148.103312701941 9110.658303641747 9020.659766140016 -10968.80655961632
 -7148.103312701941 9110.658303641747 9020.659766140016 -10968.80655961632
 -8124.314539013958 9430.413477304784 8611.046756990956 -10052.16764067793
 -7148.103312701941 9110.658303641747 9020.659766140016 -10968.80655961632
 -7169.826561157347 9244.889888163483 9008.084035636477 -11084.17672481621
 -7169.826561157347 9244.889888163483 9008.084035636477 -11084.17672481621
 -7550.994568967475 9422.043339869355 8908.925889460448 -10742.73349019874
 -7103.37826922589 9259.436396609883 9205.894624406897 -11361.23503793489
 -7550.994568967475 9422.043339869355 8908.925889460448 -10742.73349019874
 -7550.994568967475 9422.043339869355 8908.925889460448 -10742.73349019874
 -7550.994568967475 9422.043339869355 8908.925889460448 -10742.73349019874
 -7235.661492801558 9140.890248969767 8964.121520661711 -10974.01974998285
 -7328.358883125178 9573.0212683025 8936.585032536121 -11124.51127887148
 -7169.826561157347 9244.889888163483 9008.084035636477 -11084.17672481621
 -7148.103312701941 9110.658303641747 9020.659766140016 -10968.80655961632
 -7991.742986580851 9533.076291205038 8633.950150833352 -10170.4998353404
 -7614.657736199478 9391.258949428304 8896.295507718822 -10746.38735279189
 -7991.742986580851 9533.076291205038 8633.950150833352 -10170.4998353404
 -7991.742986580851 9533.076291205038 8633.950150833352 -10170.4998353404
 -7559.897424969996 9428.594576637293 8896.056612848039 -10656.05012795865
 -7410.466438316018 9483.701949523709 8663.850064845998 -10822.85486235897
 -8421.019129482293 10501.41336096712 8570.920293701953 -10633.86916672773
 -7471.216859578294 9427.33816256617 8850.160416814628 -10684.95899874734
 -7148.103312701941 9110.658303641747 9020.659766140016 -10968.80655961632
 -7550.994568967475 9422.043339869355 8908.925889460448 -10742.73349019874
 -7169.826561157347 9244.889888163483 9008.084035636477 -11084.17672481621
 -7148.103312701941 9110.658303641747 9020.659766140016 -10968.80655961632
 -7103.37826922589 9259.436396609883 9205.894624406897 -11361.23503793489
 -7148.103312701941 9110.658303641747 9020.659766140016 -10968.80655961632
 -7148.103312701941 9110.658303641747 9020.659766140016 -10968.80655961632
 -7991.742986580851 9533.076291205038 8633.950150833352 -10170.4998353404
 -8476.856900597546 8432.332208408414 7431.194803856033 -13245.23511083221
 -7550.994568967475 9422.043339869355 8908.925889460448 -10742.73349019874
 -7550.994568967475 9422.043339869355 8908.925889460448 -10742.73349019874
 -8186.85940769955 9568.03821824783 8622.131544493752 -10208.57144991089
 -8446.14850203851 10829.69811843335 8406.620582856598 -10763.06141528963
 -8421.019129482293 10501.41336096712 8570.920293701953 -10633.86916672773
 -7148.103312701941 9110.658303641747 9020.659766140016 -10968.80655961632
 -7991.742986580851 9533.076291205038 8633.950150833352 -10170.4998353404
 -7169.826561157347 9244.889888163483 9008.084035636477 -11084.17672481621
 -8421.019129482293 10501.41336096712 8570.920293701953 -10633.86916672773
 -7148.103312701941 9110.658303641747 9020.659766140016 -10968.80655961632
 -7148.103312701941 9110.658303641747 9020.659766140016 -10968.80655961632
 -7498.440953885971 8919.467359177059 8975.184005468416 -10857.82434946612
 -7148.103312701941 9110.658303641747 9020.659766140016 -10968.80655961632
 -7991.742986580851 9533.076291205038 8633.950150833352 -10170.4998353404
 -8446.14850203851 10829.69811843335 8406.620582856598 -10763.06141528963
 -7550.994568967475 9422.043339869355 8908.925889460448 -10742.73349019874
 -7991.742986580851 9533.076291205038 8633.950150833352 -10170.4998353404
 -7550.994568967475 9422.043339869355 8908.925889460448 -10742.73349019874
 6314.338607523786 -7251.670698104212 -2611.777071422861 3508.819637514191
 -7169.826561157347 9244.889888163483 9008.084035636477 -11084.17672481621
 -7991.742986580851 9533.076291205038 8633.950150833352 -10170.4998353404
 -7550.994568967475 9422.043339869355 8908.925889460448 -10742.73349019874
 -7991.742986580851 9533.076291205038 8633.950150833352 -10170.4998353404
 -7550.994568967475 9422.043339869355 8908.925889460448 -10742.73349019874
 -7550.994568967475 9422.043339869355 8908.925889460448 -10742.73349019874
 -7991.742986580851 9533.076291205038 8633.950150833352 -10170.4998353404
 -7148.103312701941 9110.658303641747 9020.659766140016 -10968.80655961632
 -8375.912307267128 10392.40189301422 8569.035627015357 -10585.33806172012
 -7148.103312701941 9110.658303641747 9020.659766140016 -10968.80655961632
 -7148.103312701941 9110.658303641747 9020.659766140016 -10968.80655961632
 -7148.103312701941 9110.658303641747 9020.659766140016 -10968.80655961632
 -7148.103312701941 9110.658303641747 9020.659766140016 -10968.80655961632
 -7991.742986580851 9533.076291205038 8633.950150833352 -10170.4998353404
 -7148.103312701941 9110.658303641747 9020.659766140016 -10968.80655961632
 -7169.826561157347 9244.889888163483 9008.084035636477 -11084.17672481621
 -7991.742986580851 9533.076291205038 8633.950150833352 -10170.4998353404
 -7991.742986580851 9533.076291205038 8633.950150833352 -10170.4998353404
 -7090.834014861436 9052.083588349738 9052.706877395549 -11054.18916542038
 -7550.994568967475 9422.043339869355 8908.925889460448 -10742.73349019874
 -7554.546297947085 9399.7848654341 8848.466560957613 -10707.76291246609
 -7154.944243115457 9226.620468753072 9015.799421264908 -11035.70281529141
 -7376.380949367758 9165.043195387385 9026.494608050221 -10695.52987051439
 -7148.103312701941 9110.658303641747 9020.659766140016 -10968.80655961632
 -7991.742986580851 9533.076291205038 8633.950150833352 -10170.4998353404
 -7154.944243115457 9226.620468753072 9015.799421264908 -11035.70281529141
 -7991.742986580851 9533.076291205038 8633.950150833352 -10170.4998353404
 -7440.866505338538 9480.43725120833 8912.619292559146 -10725.91325656558
 -7991.742986580851 9533.076291205038 8633.950150833352 -10170.4998353404
 -7169.826561157347 9244.889888163483 9008.084035636477 -11084.17672481621
 -7166.207021966139 9164.087487857914 9000.247460890499 -10825.9739462934
 -7991.742986580851 9533.076291205038 8633.950150833352 -10170.4998353404
 -7171.712960725452 9123.583144418779 8948.307451705959 -10852.66150060286
 -7991.742986580851 9533.076291205038 8633.950150833352 -10170.4998353404
 -7550.994568967475 9422.043339869355 8908.925889460448 -10742.73349019874
 -7991.742986580851 9533.076291205038 8633.950150833352 -10170.4998353404
 -7550.994568967475 9422.043339869355 8908.925889460448 -10742.73349019874
