# Created by Octave 4.2.1, Mon Oct 09 19:36:00 2017 BRT <root@mosqueiro>
# name: pop
# type: matrix
# rows: 1000
# columns: 4
 -7388.118906136311 -1280.759136014043 4066.935166573163 4616.641127117166
 -7388.118906136311 -1280.759136014043 4066.935166573163 4616.641127117166
 -7388.118906136311 -1280.759136014043 4066.935166573163 4616.641127117166
 -7388.118906136311 -1280.759136014043 4066.935166573163 4616.641127117166
 -7388.118906136311 -1280.759136014043 4066.935166573163 4616.641127117166
 -23095.04333251393 -7872.333718653217 -6927.24310869721 18712.26667543522
 -6581.141146439069 -288.0385205092301 1704.955640369652 2716.120123849909
 -7388.118906136311 -1280.759136014043 4066.935166573163 4616.641127117166
 -4134.728385062744 -562.0858365559675 4700.865675889779 6747.39352116404
 -7388.118906136311 -1280.759136014043 4066.935166573163 4616.641127117166
 10640.63196984188 -2294.133166473014 3767.861442021767 -6435.653343565646
 -7388.118906136311 -1280.759136014043 4066.935166573163 4616.641127117166
 -8429.308210193953 7021.157296431062 3882.238796960773 1571.257616279365
 -7388.118906136311 -1280.759136014043 4066.935166573163 4616.641127117166
 -7388.118906136311 -1280.759136014043 4066.935166573163 4616.641127117166
 -7388.118906136311 -1280.759136014043 4066.935166573163 4616.641127117166
 -5149.600677206983 168.8388224906898 3647.241947297892 2806.43399296781
 -7388.118906136311 -1280.759136014043 4066.935166573163 4616.641127117166
 -7388.118906136311 -1280.759136014043 4066.935166573163 4616.641127117166
 -2331.529096536318 -1636.320029607428 -4473.121811338468 20194.51652292927
 -7388.118906136311 -1280.759136014043 4066.935166573163 4616.641127117166
 -7388.118906136311 -1280.759136014043 4066.935166573163 4616.641127117166
 -6826.928486387877 390.725186032731 6997.064549687284 6093.360807935606
 -7388.118906136311 -1280.759136014043 4066.935166573163 4616.641127117166
 -7388.118906136311 -1280.759136014043 4066.935166573163 4616.641127117166
 -4225.314490617136 896.6243220404567 1183.206034144297 4382.819341506474
 -7388.118906136311 -1280.759136014043 4066.935166573163 4616.641127117166
 -7388.118906136311 -1280.759136014043 4066.935166573163 4616.641127117166
 -7388.118906136311 -1280.759136014043 4066.935166573163 4616.641127117166
 -12046.36878429835 2874.098110635496 8139.71442561123 6070.811971677726
 -7388.118906136311 -1280.759136014043 4066.935166573163 4616.641127117166
 -7388.118906136311 -1280.759136014043 4066.935166573163 4616.641127117166
 -19867.8084094807 11605.070318428 4149.231336959809 -559.0515938610242
 -7388.118906136311 -1280.759136014043 4066.935166573163 4616.641127117166
 -7388.118906136311 -1280.759136014043 4066.935166573163 4616.641127117166
 -7388.118906136311 -1280.759136014043 4066.935166573163 4616.641127117166
 2996.922844242584 6062.228437372767 -17124.7549650688 -9144.632874823847
 -7388.118906136311 -1280.759136014043 4066.935166573163 4616.641127117166
 -7388.118906136311 -1280.759136014043 4066.935166573163 4616.641127117166
 -6038.461975705558 -1939.35918430212 4340.22263737818 23183.42952520509
 -7388.118906136311 -1280.759136014043 4066.935166573163 4616.641127117166
 -7388.118906136311 -1280.759136014043 4066.935166573163 4616.641127117166
 -7388.118906136311 -1280.759136014043 4066.935166573163 4616.641127117166
 -7388.118906136311 -1280.759136014043 4066.935166573163 4616.641127117166
 -7388.118906136311 -1280.759136014043 4066.935166573163 4616.641127117166
 -7388.118906136311 -1280.759136014043 4066.935166573163 4616.641127117166
 -10250.15625837781 9341.33632940188 -4596.369790781529 635.284438649805
 -77.03493841443833 13797.49386219869 6295.121278832279 173.8222637699622
 -7388.118906136311 -1280.759136014043 4066.935166573163 4616.641127117166
 -7388.118906136311 -1280.759136014043 4066.935166573163 4616.641127117166
 -7388.118906136311 -1280.759136014043 4066.935166573163 4616.641127117166
 -7388.118906136311 -1280.759136014043 4066.935166573163 4616.641127117166
 -7388.118906136311 -1280.759136014043 4066.935166573163 4616.641127117166
 -7388.118906136311 -1280.759136014043 4066.935166573163 4616.641127117166
 -8131.045803180712 -901.9851863971463 7360.861869389794 7424.519756713093
 -7388.118906136311 -1280.759136014043 4066.935166573163 4616.641127117166
 -7388.118906136311 -1280.759136014043 4066.935166573163 4616.641127117166
 -7388.118906136311 -1280.759136014043 4066.935166573163 4616.641127117166
 -7388.118906136311 -1280.759136014043 4066.935166573163 4616.641127117166
 -7388.118906136311 -1280.759136014043 4066.935166573163 4616.641127117166
 -7388.118906136311 -1280.759136014043 4066.935166573163 4616.641127117166
 -7388.118906136311 -1280.759136014043 4066.935166573163 4616.641127117166
 -7388.118906136311 -1280.759136014043 4066.935166573163 4616.641127117166
 -8776.78437405847 -398.7456507260026 2067.565936135355 7568.53156996401
 -7388.118906136311 -1280.759136014043 4066.935166573163 4616.641127117166
 -1260.081298919818 26569.50454422279 11822.31562550558 21891.77203449884
 -7388.118906136311 -1280.759136014043 4066.935166573163 4616.641127117166
 -7388.118906136311 -1280.759136014043 4066.935166573163 4616.641127117166
 -7388.118906136311 -1280.759136014043 4066.935166573163 4616.641127117166
 -7388.118906136311 -1280.759136014043 4066.935166573163 4616.641127117166
 -7388.118906136311 -1280.759136014043 4066.935166573163 4616.641127117166
 -7388.118906136311 -1280.759136014043 4066.935166573163 4616.641127117166
 -7388.118906136311 -1280.759136014043 4066.935166573163 4616.641127117166
 -12018.87937868234 -8474.545603850287 1108.470493078101 12443.9128306342
 -9120.208582721316 5644.137757059584 2677.805441117927 6627.744798961578
 -7388.118906136311 -1280.759136014043 4066.935166573163 4616.641127117166
 -4225.314490617136 896.6243220404567 1183.206034144297 4382.819341506474
 -7388.118906136311 -1280.759136014043 4066.935166573163 4616.641127117166
 -8385.505045506661 -3911.198653877067 4530.481673106293 3003.282296225234
 -8448.972665869069 -1164.432494053518 4221.139209862773 11741.53875240194
 -7388.118906136311 -1280.759136014043 4066.935166573163 4616.641127117166
 -7388.118906136311 -1280.759136014043 4066.935166573163 4616.641127117166
 -7388.118906136311 -1280.759136014043 4066.935166573163 4616.641127117166
 -7121.062248346288 1116.964496157922 7697.958869156916 6826.779458731527
 2279.746404306015 1008.249824427271 3091.000347088088 2127.154890017956
 -1098.614989659599 3096.624871625909 -3576.627955869907 8431.555978183136
 -7388.118906136311 -1280.759136014043 4066.935166573163 4616.641127117166
 -2361.938341830681 2692.339026534337 -10439.55304076633 15873.86795260638
 -7388.118906136311 -1280.759136014043 4066.935166573163 4616.641127117166
 -7388.118906136311 -1280.759136014043 4066.935166573163 4616.641127117166
 -7388.118906136311 -1280.759136014043 4066.935166573163 4616.641127117166
 -7388.118906136311 -1280.759136014043 4066.935166573163 4616.641127117166
 -7388.118906136311 -1280.759136014043 4066.935166573163 4616.641127117166
 -7388.118906136311 -1280.759136014043 4066.935166573163 4616.641127117166
 -7388.118906136311 -1280.759136014043 4066.935166573163 4616.641127117166
 -7388.118906136311 -1280.759136014043 4066.935166573163 4616.641127117166
 7670.388522215904 9794.598474629174 -4414.646169750362 -4881.902279805818
 -7388.118906136311 -1280.759136014043 4066.935166573163 4616.641127117166
 -7388.118906136311 -1280.759136014043 4066.935166573163 4616.641127117166
 -4277.466800184386 3053.945495901993 9322.81598517022 2562.564267675911
 -7388.118906136311 -1280.759136014043 4066.935166573163 4616.641127117166
 -17840.77228564805 -960.0863146798708 -2124.484464798225 12007.09601854841
 -2390.831485506343 -4727.394781464711 -7239.415760872247 16211.20625093991
 -3825.858475405429 -7908.022538483601 -2114.108070009461 13321.55405049303
 -7388.118906136311 -1280.759136014043 4066.935166573163 4616.641127117166
