# Created by Octave 4.2.1, Mon Oct 09 19:43:54 2017 BRT <root@mosqueiro>
# name: pop
# type: matrix
# rows: 1000
# columns: 4
 -2639.472985140584 -3812.067440325205 -549.1900288132856 7001.187050759279
 -2639.472985140584 -3812.067440325205 -549.1900288132856 7001.187050759279
 -2639.472985140584 -3812.067440325205 -549.1900288132856 7001.187050759279
 -2639.472985140584 -3812.067440325205 -549.1900288132856 7001.187050759279
 -2639.472985140584 -3812.067440325205 -549.1900288132856 7001.187050759279
 -10056.12359921295 9081.824041538279 6132.563577445316 7908.61399669698
 -2639.472985140584 -3812.067440325205 -549.1900288132856 7001.187050759279
 -2639.472985140584 -3812.067440325205 -549.1900288132856 7001.187050759279
 -2639.472985140584 -3812.067440325205 -549.1900288132856 7001.187050759279
 -2639.472985140584 -3812.067440325205 -549.1900288132856 7001.187050759279
 -2639.472985140584 -3812.067440325205 -549.1900288132856 7001.187050759279
 -9518.740038257398 -7698.576563636831 8124.73546961206 9154.357607225324
 -2639.472985140584 -3812.067440325205 -549.1900288132856 7001.187050759279
 -2639.472985140584 -3812.067440325205 -549.1900288132856 7001.187050759279
 -2639.472985140584 -3812.067440325205 -549.1900288132856 7001.187050759279
 -9518.740038257398 -7698.576563636831 8124.73546961206 9154.357607225324
 9054.785489789188 -262.4643902028565 -311.2211615161741 -8787.521441083572
 28324.72918100221 16459.59175240558 20918.17009760623 13587.8401628949
 -2639.472985140584 -3812.067440325205 -549.1900288132856 7001.187050759279
 -2639.472985140584 -3812.067440325205 -549.1900288132856 7001.187050759279
 -2639.472985140584 -3812.067440325205 -549.1900288132856 7001.187050759279
 -2639.472985140584 -3812.067440325205 -549.1900288132856 7001.187050759279
 1761.985086814317 -4603.87845652492 6863.436636710616 -4186.701066836197
 43557.11056557678 26782.16653545757 9522.599977441892 8832.822184626013
 -2639.472985140584 -3812.067440325205 -549.1900288132856 7001.187050759279
 -2639.472985140584 -3812.067440325205 -549.1900288132856 7001.187050759279
 -2639.472985140584 -3812.067440325205 -549.1900288132856 7001.187050759279
 -2639.472985140584 -3812.067440325205 -549.1900288132856 7001.187050759279
 -9518.740038257398 -7698.576563636831 8124.73546961206 9154.357607225324
 10793.58341409809 -8470.232349884089 -14620.9166689669 9089.156051468151
 59915.89131069868 11918.55017921986 -24020.50074555554 -2152.208048683384
 -2639.472985140584 -3812.067440325205 -549.1900288132856 7001.187050759279
 -5888.31978978914 -23615.10714162348 -8274.075728874077 -31751.02503167162
 -25019.81172449484 6430.657943896102 7956.488027656251 -32253.87558630713
 -2791.596052418507 -5974.184896443097 8724.101679431171 -12243.35742994385
 -2639.472985140584 -3812.067440325205 -549.1900288132856 7001.187050759279
 -2639.472985140584 -3812.067440325205 -549.1900288132856 7001.187050759279
 -2639.472985140584 -3812.067440325205 -549.1900288132856 7001.187050759279
 26221.38734411448 7766.275241347397 8327.468371506926 -23124.06608014314
 5156.49272463843 -9064.347527162268 3417.080043088492 99.25144007181552
 -2639.472985140584 -3812.067440325205 -549.1900288132856 7001.187050759279
 -12492.38062988404 -22221.92490349221 249.8601648005896 -17993.86067094219
 -2639.472985140584 -3812.067440325205 -549.1900288132856 7001.187050759279
 -2639.472985140584 -3812.067440325205 -549.1900288132856 7001.187050759279
 -2639.472985140584 -3812.067440325205 -549.1900288132856 7001.187050759279
 -9456.007626089433 -5117.596250863487 8014.944364213083 6480.178417884101
 -2639.472985140584 -3812.067440325205 -549.1900288132856 7001.187050759279
 9523.634368997158 13015.58207045613 11545.72798555098 32865.76493981582
 -2639.472985140584 -3812.067440325205 -549.1900288132856 7001.187050759279
 -2639.472985140584 -3812.067440325205 -549.1900288132856 7001.187050759279
 -8416.364538446514 2163.112103338413 3527.436206980374 4302.873663612701
 -2639.472985140584 -3812.067440325205 -549.1900288132856 7001.187050759279
 -4122.813585635014 -8756.455523425146 -8801.221637292141 -7178.104729724619
 8056.109388101911 -17266.78564651789 11048.42675869388 -15170.19795433889
 -2639.472985140584 -3812.067440325205 -549.1900288132856 7001.187050759279
 -2639.472985140584 -3812.067440325205 -549.1900288132856 7001.187050759279
 -2639.472985140584 -3812.067440325205 -549.1900288132856 7001.187050759279
 -2639.472985140584 -3812.067440325205 -549.1900288132856 7001.187050759279
 -2639.472985140584 -3812.067440325205 -549.1900288132856 7001.187050759279
 -2639.472985140584 -3812.067440325205 -549.1900288132856 7001.187050759279
 -2639.472985140584 -3812.067440325205 -549.1900288132856 7001.187050759279
 516.1840086937191 -8556.545158010009 35485.18966302529 -25489.85282294352
 6987.899023570324 -9507.61031165993 966.4545480178404 4076.515293794067
 -2639.472985140584 -3812.067440325205 -549.1900288132856 7001.187050759279
 -2639.472985140584 -3812.067440325205 -549.1900288132856 7001.187050759279
 -2639.472985140584 -3812.067440325205 -549.1900288132856 7001.187050759279
 -9518.740038257398 -7698.576563636831 8124.73546961206 9154.357607225324
 -2639.472985140584 -3812.067440325205 -549.1900288132856 7001.187050759279
 -2639.472985140584 -3812.067440325205 -549.1900288132856 7001.187050759279
 -2639.472985140584 -3812.067440325205 -549.1900288132856 7001.187050759279
 -2639.472985140584 -3812.067440325205 -549.1900288132856 7001.187050759279
 -2639.472985140584 -3812.067440325205 -549.1900288132856 7001.187050759279
 1007.264862359992 -18218.14586387164 -7591.666600294869 3489.42966452855
 2225.261003634527 925.0701987196589 -6444.031981127644 3432.819854045354
 -2639.472985140584 -3812.067440325205 -549.1900288132856 7001.187050759279
 -29459.72094104966 -48722.91337236804 5688.418184543325 -21862.06837010599
 -2639.472985140584 -3812.067440325205 -549.1900288132856 7001.187050759279
 12255.19919605871 14948.53377329516 722.477375250935 -6812.86380638737
 -2639.472985140584 -3812.067440325205 -549.1900288132856 7001.187050759279
 16493.85140935412 -13774.72617362274 -13566.73510704027 -25216.34019200958
 -2639.472985140584 -3812.067440325205 -549.1900288132856 7001.187050759279
 1589.917536302323 -4603.459808939097 14947.51166750087 -6698.440516303666
 -2639.472985140584 -3812.067440325205 -549.1900288132856 7001.187050759279
 -21974.05305451501 -40453.21048124378 9059.18615322844 3077.501908993195
 -2639.472985140584 -3812.067440325205 -549.1900288132856 7001.187050759279
 -2639.472985140584 -3812.067440325205 -549.1900288132856 7001.187050759279
 22005.90721751661 11317.5527335742 32462.37715423931 47577.30267264896
 -2639.472985140584 -3812.067440325205 -549.1900288132856 7001.187050759279
 -2639.472985140584 -3812.067440325205 -549.1900288132856 7001.187050759279
 -2639.472985140584 -3812.067440325205 -549.1900288132856 7001.187050759279
 -2639.472985140584 -3812.067440325205 -549.1900288132856 7001.187050759279
 -2639.472985140584 -3812.067440325205 -549.1900288132856 7001.187050759279
 -4293.851893083363 11811.3902570838 8023.257121947403 6802.163435992844
 -2639.472985140584 -3812.067440325205 -549.1900288132856 7001.187050759279
 7579.802060522422 32329.7546342112 -5541.472116344974 -1282.631386414107
 -2639.472985140584 -3812.067440325205 -549.1900288132856 7001.187050759279
 -2639.472985140584 -3812.067440325205 -549.1900288132856 7001.187050759279
 -2639.472985140584 -3812.067440325205 -549.1900288132856 7001.187050759279
 -2639.472985140584 -3812.067440325205 -549.1900288132856 7001.187050759279
 -2639.472985140584 -3812.067440325205 -549.1900288132856 7001.187050759279
 -2639.472985140584 -3812.067440325205 -549.1900288132856 7001.187050759279
 7443.192706982728 -37495.43020429323 12458.21224138742 -11164.0170019805
 -2639.472985140584 -3812.067440325205 -549.1900288132856 7001.187050759279
 -10316.08933636936 -21069.13423057734 -3309.137738111256 25467.18679009539
