# Created by Octave 4.2.1, Mon Oct 09 19:41:37 2017 BRT <root@mosqueiro>
# name: pop
# type: matrix
# rows: 1000
# columns: 4
 5809.855987272356 9184.951102516639 7756.657181106424 -7258.565539356276
 2256.081943418716 -2181.313994623827 2689.32062658328 -1971.16868985152
 -8824.545981847436 1979.474475593335 1005.822717340647 8694.494673535606
 -6157.544857766465 1425.249639179185 3725.726459298223 8529.78610445503
 -3658.803877388292 4408.588510139956 2216.850186047932 8226.648719217832
 9422.20031181581 5698.456677776101 -4524.261888840299 1872.646224919528
 4108.641677616077 -1939.326150132817 -5487.653391605743 -376.1809324017049
 -9624.243115608149 281.7660531919537 171.3609881604316 -346.4238526407698
 6472.917289265686 5905.829252757972 4154.9554839884 7043.659980094562
 2009.667520815072 5981.050330788747 -5603.503727917917 -3352.754113619091
 -1200.700558428754 -1891.167441740447 401.7778896127293 170.1382808582075
 6378.87289557304 2882.817566668407 3408.052118904274 5405.827431935108
 3471.097999672316 3322.115386093439 3256.720617784524 -315.7306714945771
 9882.419608856708 8468.277462514452 -3514.119034554365 2246.806568926693
 5102.72766929763 268.7705402996053 -6200.537025330831 1583.439391016662
 3296.222811627933 9899.514310700539 8641.791435109768 -3818.028890202284
 7999.501593960504 -5824.255824421483 -7657.4348544937 9275.261934844177
 5361.061248498263 1504.484552310352 -7693.650118704358 -7596.555533267825
 -6595.363315984709 -4679.95000694558 -3633.126910590957 -8464.309489531306
 8185.518636863573 2503.946167400198 -4474.005607361465 -4237.995618694203
 8325.103875544388 6236.906739666987 8274.40155574488 8817.643528461016
 -2639.472985140584 -3812.067440325205 -549.1900288132856 7001.187050759279
 -3007.792525910736 1536.889657901953 4669.208325512604 2890.64788259403
 -3375.682668972938 5086.525979792466 4744.708562069491 -1753.29776233034
 -5230.681983327065 2282.515397304454 -850.6722852159473 3367.913743657089
 -293.4054362391034 -1193.005272553106 -8040.842150011135 -5822.370052178979
 -9223.942719450828 5222.532908330086 6100.828057062243 4568.118253246996
 7604.767127147436 4615.785975025792 6042.962201499695 -3850.231851713909
 5789.031280603043 5596.14308673075 -5089.458807808863 7362.069262683381
 4521.864920559983 5504.847969562883 6047.435833415957 9653.536351780396
 3630.968309303933 8273.885550101495 -8496.646476301761 8876.391700654021
 -6895.200211242423 -7679.799187642717 8914.471349261446 -1475.338733306959
 8356.955099361319 7896.390073481067 1193.198388646526 -5382.422831663089
 -7857.525729204939 1320.37216586815 -9540.783357336368 2090.347056084976
 -5838.38995485387 -9800.048363716252 4805.905730813085 547.794592519298
 -7673.185386331208 3366.67729218465 8121.976736119872 7638.859905488254
 -7412.275416174351 -1283.426468531885 -1039.081386939981 -3091.65602293274
 -6024.321051411549 -4119.254788856624 -2933.81943294517 9646.891756233097
 -2235.167432899866 4005.625825233141 -3833.062536520561 7035.61461466891
 6868.370454130156 -9684.172644499009 432.9939922366957 5563.480255503342
 -3698.098619265232 7905.044732474966 -906.2593325279558 5535.630991733531
 -482.4986937726335 9064.221067352279 6407.79119232855 1239.527328573717
 558.1303227819008 -7819.457587171105 687.4093076091976 6294.258227280576
 7486.88735781534 -1459.578403021191 -318.0053003675839 -7521.873671894565
 6951.043677771126 9247.858160326323 -7648.099566123594 -7135.578932238372
 -6848.159564079704 -1275.830657701394 51.60239450461995 263.136301863713
 -636.6261024386895 8895.312217578463 5257.759532226575 -2923.250850080261
 4235.402412087542 -8166.131522936201 -4190.248121280441 8456.50323615524
 4458.607581476137 -4076.547315936293 5517.423271228115 -8081.070076372724
 -3398.144551624803 8980.861531414081 2585.97514917296 -6385.882173667091
 8541.087424709407 3912.279046558373 -5985.703212294355 -7301.603776345199
 -9561.214153352761 -2406.584138622675 3538.056746198383 1954.895651778621
 1674.489170410217 8589.85975797402 7464.576411616152 -7220.342343868213
 2263.741993305608 3871.689060552426 -9324.139764107667 -95.64367766318901
 -884.6552335144934 1090.593057537748 -6466.696346300397 -8954.924087594911
 -9027.694451126436 6464.760638620995 5539.881844539974 -7892.991208762573
 9859.871685090602 9910.507283820371 7389.08100424409 8759.936999145299
 92.46924497486179 -9176.633160080244 -1783.303705997119 -8053.411116473245
 -6909.408887927254 -3863.54887050342 -3603.042207001391 4633.971989452792
 7600.887171276736 9897.66465575901 4014.272155838313 6363.049206304602
 5159.60134284802 -9690.407067186621 9562.542369639134 -7641.050553494892
 3879.241540083327 4106.725556704574 2958.802216574799 1246.694176892386
 994.1666150756919 51.99434071771975 9105.829493707526 -5211.374743431388
 4915.419086697873 2538.621779826766 8117.672701432333 3935.733895107947
 9806.516286315109 7885.427153097684 3667.989728694165 8046.87064283212
 1481.943391505329 7047.823488125781 -4548.050585893882 3981.528171644473
 6958.42562849338 8661.947779172304 9604.218700242258 6514.090332658834
 -2440.168445708858 5966.421825181254 7376.165283956885 -9137.463313417637
 -3790.081943464972 6657.691442768108 2653.24017646806 -1684.617001617664
 8221.855503222236 9079.699910919182 -3144.681303173717 -8644.223935476475
 4922.449547392531 -7470.750564995873 -5925.564450732183 6755.366405930814
 6349.44006653034 -493.1810416972567 7347.622599968992 -8809.580673618897
 5287.003098509736 -6888.396534668993 -5658.086522323461 4306.583744909107
 -6336.628864275155 1883.76075707549 8639.342325421287 -8117.793244941317
 -7305.413158431153 -5263.036073614561 -5404.462910456792 2639.838439188819
 -2014.17734196417 -7333.760712418137 8709.89661722161 -6402.022364879163
 -9062.434411192102 6965.395916809626 -4140.663709677458 -6812.270744162486
 9361.179613259668 -3349.673416832085 7683.534241985381 -4763.010395745947
 7376.298723347347 -6403.005249569384 -4243.273597829368 -8096.955233735786
 -3765.57576144639 -8221.495418646051 4693.644343444008 -7802.172463995217
 -475.2605700281129 -4365.276132021652 -3610.090074658153 -3559.28263289116
 1414.592421691314 1999.635843307638 -2599.536854758392 -2645.980525909543
 -2753.319788268231 -9570.725665883585 1032.560373043061 -4356.034223349833
 -9625.253310242977 -9040.865048035064 3620.21572115154 1634.732564900565
 -7707.744229367449 -7761.972867818533 7458.169016406893 -376.497303398437
 8849.737979672758 -6595.824439255954 -5811.604213656621 -2727.153863031072
 3428.073018951116 -872.3869795474766 -8160.68186430975 2816.052113552816
 4973.30064727723 -2894.024287978728 -7920.118470999923 2973.445427896146
 1540.423897100263 -7028.587064353687 6639.70401846811 -5344.593781648296
 2001.124095117046 -7340.369310244136 8217.732824337596 968.7935015012499
 -7747.083993240899 5742.117363574935 892.698330839261 9403.577589748056
 1990.587801886048 90.82836360073088 -959.8187671902451 -2894.470105515833
 -7131.351389430733 -6735.188304345962 39.33175364248382 1451.351539324141
 -6614.42702183409 -7971.102464069585 -7392.060968632546 -9511.847371568729
 -3053.365308972217 -208.1601626820211 6497.780223787548 8606.130722892143
 -2569.714965980884 -4732.035404165823 -8745.725543129816 7966.507059489337
 1941.557567314456 6052.565911517147 -1270.289238168963 8646.848832556549
 2963.50178262551 -4710.895529333684 -2871.580002310356 9993.655338097429
 -9019.237568769562 4629.223900952191 5710.614991720895 -8849.130025676453
 6944.715768277714 7005.292179647073 -4256.408705192144 -7491.531043659355
 -5391.201747541677 7862.103115265079 1878.34454485847 -4665.418030865017
 3979.463587525232 -907.0927600064333 657.4607412862952 -8737.91359974968
 -2328.546597586151 -9661.986917112334 -3711.261407415244 -6281.305440804224
 -6278.336593377315 5627.337962153622 -8524.108759849172 -4763.738283957696
 -263.9069246679082 9546.686857517012 -807.9390290850442 -9973.152569063972
