# Created by Octave 4.2.1, Mon Oct 09 19:05:42 2017 BRT <root@mosqueiro>
# name: pop
# type: matrix
# rows: 1000
# columns: 4
 -8997.480816536225 13655.60719147824 12013.31500166485 -16664.49924841844
 -8997.480816536225 13655.60719147824 12013.31500166485 -16664.49924841844
 -8997.480816536225 13655.60719147824 12013.31500166485 -16664.49924841844
 -8997.480816536225 13655.60719147824 12013.31500166485 -16664.49924841844
 -8997.480816536225 13655.60719147824 12013.31500166485 -16664.49924841844
 -3242.063772885232 5110.64106222893 5558.902254626702 -7417.344606165118
 -1301.271203842211 -8586.324364017546 -5744.456535172471 -18194.67051367779
 -8997.480816536225 13655.60719147824 12013.31500166485 -16664.49924841844
 -3242.063772885232 5110.64106222893 5558.902254626702 -7417.344606165118
 -8641.827861782582 -5012.494660805793 -5089.203543851276 -7527.50950458867
 -8766.219698991654 21765.98524909238 36200.22282999851 18467.44014288366
 -3242.063772885232 5110.64106222893 5558.902254626702 -7417.344606165118
 -3242.063772885232 5110.64106222893 5558.902254626702 -7417.344606165118
 -8664.675069274286 10020.22947356356 5962.612700566993 -4585.932441441128
 -8997.480816536225 13655.60719147824 12013.31500166485 -16664.49924841844
 -8997.480816536225 13655.60719147824 12013.31500166485 -16664.49924841844
 -3242.063772885232 5110.64106222893 5558.902254626702 -7417.344606165118
 -3242.063772885232 5110.64106222893 5558.902254626702 -7417.344606165118
 -14928.98720665691 -8782.814316047743 16224.68672300352 -1156.097667132427
 -1689.520382261403 37640.0138114803 7385.550791505477 -26090.34892921637
 945.5000314381923 17410.85384650449 1363.131091064518 -1969.830904615445
 6328.884599059063 24930.95625097116 -6165.537550959238 -21843.51038774216
 -3242.063772885232 5110.64106222893 5558.902254626702 -7417.344606165118
 -8997.480816536225 13655.60719147824 12013.31500166485 -16664.49924841844
 -9505.794691065657 -5294.811552164136 -3186.030142269155 -12272.54988531626
 -8997.480816536225 13655.60719147824 12013.31500166485 -16664.49924841844
 -3242.063772885232 5110.64106222893 5558.902254626702 -7417.344606165118
 -6031.978817185487 -4514.366963808076 9425.484438001113 1545.918010888772
 -3242.063772885232 5110.64106222893 5558.902254626702 -7417.344606165118
 -8997.480816536225 13655.60719147824 12013.31500166485 -16664.49924841844
 -8997.480816536225 13655.60719147824 12013.31500166485 -16664.49924841844
 -1795.046244071361 -4719.838798125157 9498.893011130602 9939.486555912979
 -3242.063772885232 5110.64106222893 5558.902254626702 -7417.344606165118
 6966.355733087262 -4873.540689144358 21385.98215785113 -3139.388950413985
 -1388.68435504066 15335.48767719662 12823.47498831751 -16990.19266223638
 -3242.063772885232 5110.64106222893 5558.902254626702 -7417.344606165118
 300.1850228207086 20073.89929559345 12882.21935545918 762.1910802271968
 -3242.063772885232 5110.64106222893 5558.902254626702 -7417.344606165118
 -3242.063772885232 5110.64106222893 5558.902254626702 -7417.344606165118
 -3242.063772885232 5110.64106222893 5558.902254626702 -7417.344606165118
 -5391.875085893315 -4342.58132021579 274.6442745945969 9713.159067782359
 -3242.063772885232 5110.64106222893 5558.902254626702 -7417.344606165118
 -8997.480816536225 13655.60719147824 12013.31500166485 -16664.49924841844
 -3242.063772885232 5110.64106222893 5558.902254626702 -7417.344606165118
 -3242.063772885232 5110.64106222893 5558.902254626702 -7417.344606165118
 -3242.063772885232 5110.64106222893 5558.902254626702 -7417.344606165118
 -3242.063772885232 5110.64106222893 5558.902254626702 -7417.344606165118
 -3242.063772885232 5110.64106222893 5558.902254626702 -7417.344606165118
 -3242.063772885232 5110.64106222893 5558.902254626702 -7417.344606165118
 -8997.480816536225 13655.60719147824 12013.31500166485 -16664.49924841844
 -8997.480816536225 13655.60719147824 12013.31500166485 -16664.49924841844
 -8766.219698991654 21765.98524909238 36200.22282999851 18467.44014288366
 -3242.063772885232 5110.64106222893 5558.902254626702 -7417.344606165118
 17072.77791139214 23414.24667594728 7382.050331664002 35140.66606304848
 -5645.978428656856 -4292.736029568014 4673.865827037718 -8049.819780307888
 -8997.480816536225 13655.60719147824 12013.31500166485 -16664.49924841844
 1687.673065625589 1768.921072108051 7349.936500665697 -16911.18147778314
 -3242.063772885232 5110.64106222893 5558.902254626702 -7417.344606165118
 -8997.480816536225 13655.60719147824 12013.31500166485 -16664.49924841844
 -8997.480816536225 13655.60719147824 12013.31500166485 -16664.49924841844
 -3468.617424291812 16864.69895775546 3165.502764567402 -12953.02875648086
 15130.0262487296 -3959.113995215368 45443.24547116975 -38298.45618275776
 -3242.063772885232 5110.64106222893 5558.902254626702 -7417.344606165118
 -8691.196685931875 12891.72558413725 10881.17942772273 -15614.43188925904
 -1301.271203842211 -8586.324364017546 -5744.456535172471 -18194.67051367779
 -3242.063772885232 5110.64106222893 5558.902254626702 -7417.344606165118
 -3242.063772885232 5110.64106222893 5558.902254626702 -7417.344606165118
 -8997.480816536225 13655.60719147824 12013.31500166485 -16664.49924841844
 -3242.063772885232 5110.64106222893 5558.902254626702 -7417.344606165118
 955.5582022439012 12941.38254553023 8278.869399579111 -14677.41318768269
 -8997.480816536225 13655.60719147824 12013.31500166485 -16664.49924841844
 -3242.063772885232 5110.64106222893 5558.902254626702 -7417.344606165118
 -3242.063772885232 5110.64106222893 5558.902254626702 -7417.344606165118
 -3242.063772885232 5110.64106222893 5558.902254626702 -7417.344606165118
 -3242.063772885232 5110.64106222893 5558.902254626702 -7417.344606165118
 -13261.20788676579 7207.044456218879 8792.130241023769 -22729.98838605994
 -3242.063772885232 5110.64106222893 5558.902254626702 -7417.344606165118
 -8997.480816536225 13655.60719147824 12013.31500166485 -16664.49924841844
 -3242.063772885232 5110.64106222893 5558.902254626702 -7417.344606165118
 -16396.21539324547 499.9958465951368 9572.679843056803 -9880.332088236639
 11608.19441747255 425.8131506546815 22022.08231393631 -19787.33942844965
 4023.789457775153 5228.260816142861 5332.768445115872 -13552.89309086561
 -3242.063772885232 5110.64106222893 5558.902254626702 -7417.344606165118
 -3242.063772885232 5110.64106222893 5558.902254626702 -7417.344606165118
 -8997.480816536225 13655.60719147824 12013.31500166485 -16664.49924841844
 -13261.20788676579 7207.044456218879 8792.130241023769 -22729.98838605994
 -3242.063772885232 5110.64106222893 5558.902254626702 -7417.344606165118
 -3242.063772885232 5110.64106222893 5558.902254626702 -7417.344606165118
 -8997.480816536225 13655.60719147824 12013.31500166485 -16664.49924841844
 -8997.480816536225 13655.60719147824 12013.31500166485 -16664.49924841844
 -8997.480816536225 13655.60719147824 12013.31500166485 -16664.49924841844
 -3242.063772885232 5110.64106222893 5558.902254626702 -7417.344606165118
 -3242.063772885232 5110.64106222893 5558.902254626702 -7417.344606165118
 -3242.063772885232 5110.64106222893 5558.902254626702 -7417.344606165118
 -8997.480816536225 13655.60719147824 12013.31500166485 -16664.49924841844
 -3242.063772885232 5110.64106222893 5558.902254626702 -7417.344606165118
 -3242.063772885232 5110.64106222893 5558.902254626702 -7417.344606165118
 -8997.480816536225 13655.60719147824 12013.31500166485 -16664.49924841844
 -3242.063772885232 5110.64106222893 5558.902254626702 -7417.344606165118
 -8997.480816536225 13655.60719147824 12013.31500166485 -16664.49924841844
 -3242.063772885232 5110.64106222893 5558.902254626702 -7417.344606165118
 -8997.480816536225 13655.60719147824 12013.31500166485 -16664.49924841844
 -3242.063772885232 5110.64106222893 5558.902254626702 -7417.344606165118
 -8997.480816536225 13655.60719147824 12013.31500166485 -16664.49924841844
 -6031.978817185487 -4514.366963808076 9425.484438001113 1545.918010888772
