# Created by Octave 4.2.1, Mon Oct 09 19:32:47 2017 BRT <root@mosqueiro>
# name: pop
# type: matrix
# rows: 1000
# columns: 4
 -7388.118906136311 -1280.759136014043 4066.935166573163 4616.641127117166
 -7388.118906136311 -1280.759136014043 4066.935166573163 4616.641127117166
 -7388.118906136311 -1280.759136014043 4066.935166573163 4616.641127117166
 -7388.118906136311 -1280.759136014043 4066.935166573163 4616.641127117166
 -7388.118906136311 -1280.759136014043 4066.935166573163 4616.641127117166
 -7388.118906136311 -1280.759136014043 4066.935166573163 4616.641127117166
 7421.435066776237 6049.652562100498 -9082.532308281421 -4314.854421889963
 -7671.032816977309 -1317.410085125059 -8189.494126709986 476.8174865719084
 -7388.118906136311 -1280.759136014043 4066.935166573163 4616.641127117166
 -7124.923748725035 -8116.350033366172 9185.32160456006 5599.3351570742
 -7388.118906136311 -1280.759136014043 4066.935166573163 4616.641127117166
 -7388.118906136311 -1280.759136014043 4066.935166573163 4616.641127117166
 -7388.118906136311 -1280.759136014043 4066.935166573163 4616.641127117166
 -1763.57823216245 3645.012284424094 1291.006327268764 -3124.54256094668
 7013.861507318947 -1429.911776446261 -8034.198887373533 2543.673230246777
 -1605.666547610897 -3745.311713951645 28974.34699532301 988.4787327994482
 7013.861507318947 -1429.911776446261 -8034.198887373533 2543.673230246777
 -7388.118906136311 -1280.759136014043 4066.935166573163 4616.641127117166
 -8662.618068593307 5874.887661765299 4447.591459207966 -187.6695926517059
 -9339.037150575145 -19273.85847118633 -28272.5249948448 11236.43537128407
 3399.070315192073 -3204.5239746978 9226.507238796141 -9385.367300209158
 -7388.118906136311 -1280.759136014043 4066.935166573163 4616.641127117166
 3399.070315192073 -3204.5239746978 9226.507238796141 -9385.367300209158
 4259.307014777698 -9996.802094517572 9775.338593632547 -6904.316991418196
 -3941.991886798935 33377.54160397307 -15683.60065775889 -471.8829391044055
 -7388.118906136311 -1280.759136014043 4066.935166573163 4616.641127117166
 -7388.118906136311 -1280.759136014043 4066.935166573163 4616.641127117166
 -7388.118906136311 -1280.759136014043 4066.935166573163 4616.641127117166
 -2288.039621187102 -3465.989952768595 -1084.504951172657 6975.058445060116
 -1763.57823216245 3645.012284424094 1291.006327268764 -3124.54256094668
 1087.933076603433 8892.572025386373 -8351.62536126178 -45.98604306849484
 -7388.118906136311 -1280.759136014043 4066.935166573163 4616.641127117166
 -495.7808414622068 4634.54409538361 316.73518016456 -5125.87460402448
 17999.73530812179 -6109.823757800894 -22673.30716965431 -5670.143820419105
 7421.435066776237 6049.652562100498 -9082.532308281421 -4314.854421889963
 -7388.118906136311 -1280.759136014043 4066.935166573163 4616.641127117166
 75.76197062731626 6751.932160931705 -3548.999195993178 -3320.78911628762
 7013.861507318947 -1429.911776446261 -8034.198887373533 2543.673230246777
 -1763.57823216245 3645.012284424094 1291.006327268764 -3124.54256094668
 -5799.623384079816 -714.4837949446955 9190.177628083111 5116.566841102176
 -7124.923748725035 -8116.350033366172 9185.32160456006 5599.3351570742
 -4554.090957850043 14222.29322458682 13372.20181708779 -536.0915217666015
 -7388.118906136311 -1280.759136014043 4066.935166573163 4616.641127117166
 3636.166999676359 -6743.606105821459 645.9212065598877 3603.141159189596
 -7388.118906136311 -1280.759136014043 4066.935166573163 4616.641127117166
 9039.205506068603 -7329.031189612988 -6547.125037983489 4726.794187347074
 2322.495858298131 -1511.11965457352 -643.9277076954877 8893.962970159268
 8194.133916980361 681.1494209602388 306.9715039212315 -9711.270051681737
 -8496.657574643486 2882.029739881298 5414.835180475968 2172.405180884558
 -30595.94822512719 24026.07074604045 -16354.00852774479 5746.147815724086
 -7388.118906136311 -1280.759136014043 4066.935166573163 4616.641127117166
 7020.21779361158 -7499.027451466052 523.6613146368454 258.1367019669251
 -4009.303668933243 1161.832858475267 -3757.256039700735 6687.453250693983
 -4009.303668933243 1161.832858475267 -3757.256039700735 6687.453250693983
 -5169.603596873283 -26613.04960059379 16474.66119613004 -37796.82636536515
 -7388.118906136311 -1280.759136014043 4066.935166573163 4616.641127117166
 -495.7808414622068 4634.54409538361 316.73518016456 -5125.87460402448
 -7388.118906136311 -1280.759136014043 4066.935166573163 4616.641127117166
 20359.72962016682 10206.74785006091 -16715.43169571765 -9068.214775456514
 -7388.118906136311 -1280.759136014043 4066.935166573163 4616.641127117166
 -7388.118906136311 -1280.759136014043 4066.935166573163 4616.641127117166
 75.76197062731626 6751.932160931705 -3548.999195993178 -3320.78911628762
 -7388.118906136311 -1280.759136014043 4066.935166573163 4616.641127117166
 -7388.118906136311 -1280.759136014043 4066.935166573163 4616.641127117166
 -7388.118906136311 -1280.759136014043 4066.935166573163 4616.641127117166
 -7388.118906136311 -1280.759136014043 4066.935166573163 4616.641127117166
 -7388.118906136311 -1280.759136014043 4066.935166573163 4616.641127117166
 3480.868102141305 658.9325468580701 -8619.992375591697 4591.361852430673
 -30595.94822512719 24026.07074604045 -16354.00852774479 5746.147815724086
 -7388.118906136311 -1280.759136014043 4066.935166573163 4616.641127117166
 -7388.118906136311 -1280.759136014043 4066.935166573163 4616.641127117166
 -4009.303668933243 1161.832858475267 -3757.256039700735 6687.453250693983
 2242.273443143868 9064.083527385657 -1555.325376722718 -6350.862476306997
 22800.55952296104 -8936.040075354313 3486.346660706849 -9781.068183441654
 -1763.57823216245 3645.012284424094 1291.006327268764 -3124.54256094668
 -7388.118906136311 -1280.759136014043 4066.935166573163 4616.641127117166
 -5576.809763460172 -828.6567593690361 6148.71881408043 6006.19201564365
 3399.070315192073 -3204.5239746978 9226.507238796141 -9385.367300209158
 8194.133916980361 681.1494209602388 306.9715039212315 -9711.270051681737
 8347.187142289087 -29808.09300796125 -22418.0103661008 -33549.71079726829
 -7388.118906136311 -1280.759136014043 4066.935166573163 4616.641127117166
 -1763.57823216245 3645.012284424094 1291.006327268764 -3124.54256094668
 -7388.118906136311 -1280.759136014043 4066.935166573163 4616.641127117166
 3480.868102141305 658.9325468580701 -8619.992375591697 4591.361852430673
 -17282.09067732082 23820.06957183123 21438.9977093452 -19213.94051545967
 -15832.32157877653 -32723.28184859625 20545.04112130048 40848.42930626537
 6244.947262332316 -2433.597144660452 215.5194004483837 -9757.442811467892
 3399.070315192073 -3204.5239746978 9226.507238796141 -9385.367300209158
 -1763.57823216245 3645.012284424094 1291.006327268764 -3124.54256094668
 6987.02359777868 5649.287892227992 -3538.108442488789 -2608.966287993705
 7013.861507318947 -1429.911776446261 -8034.198887373533 2543.673230246777
 6030.838011427793 -3600.524055310871 3539.483608736127 2527.389582391348
 -9222.383714861075 -3077.477041235078 1790.569872364533 -2207.535711783001
 -7371.281791310448 916.8132665924932 3534.55940394245 3323.538241587028
 -7388.118906136311 -1280.759136014043 4066.935166573163 4616.641127117166
 -1763.57823216245 3645.012284424094 1291.006327268764 -3124.54256094668
 -7388.118906136311 -1280.759136014043 4066.935166573163 4616.641127117166
 -7388.118906136311 -1280.759136014043 4066.935166573163 4616.641127117166
 -7388.118906136311 -1280.759136014043 4066.935166573163 4616.641127117166
 -14915.54092243288 -19920.5627779356 10037.0842219523 -5315.379716369638
 8762.400149758163 8162.69892540474 -3604.863298782605 -8838.184679142356
 -7388.118906136311 -1280.759136014043 4066.935166573163 4616.641127117166
 14104.61037216879 13151.78636509279 -26194.05634537302 -20667.01321682349
 7895.033586961941 3462.105645859967 -421.3489680646198 -4911.071199982021
 19392.94157838088 -31494.33683411168 -22557.02933813997 -784.0105160795547
