# Created by Octave 4.2.1, Mon Oct 09 19:30:40 2017 BRT <root@mosqueiro>
# name: pop
# type: matrix
# rows: 1000
# columns: 4
 7635.637049964463 9246.520825845038 -9728.427013886308 -7154.741475429716
 7635.689055817389 9246.451042463537 -9728.445561709887 -7154.699623022544
 7635.808507020382 9246.672589464137 -9728.624246425239 -7154.860428134506
 7635.785096017828 9246.439257799477 -9728.532479406755 -7154.707237678271
 8851.019338074024 9575.639060547966 -9646.118023016514 -8781.560502822938
 7635.962975573273 9246.345821544806 -9728.555531346035 -7154.740998873166
 8812.863379719576 9711.783009536466 -9756.161889912977 -8769.505758475483
 7635.879425484354 9246.488771113474 -9728.420221775132 -7154.739388587779
 8804.25080848216 9707.952462608269 -9740.350235667293 -8771.962971716523
 8572.796002494068 9957.782698106217 -9805.090878437595 -8726.510621027899
 8812.863379719576 9711.783009536466 -9756.161889912977 -8769.505758475483
 7635.879425484354 9246.488771113474 -9728.420221775132 -7154.739388587779
 8812.863379719576 9711.783009536466 -9756.161889912977 -8769.505758475483
 8817.739119680766 9702.253539519397 -9756.456742992004 -8763.046504458114
 7635.772956549516 9246.452830430857 -9728.363391742525 -7154.640506054015
 8812.863379719576 9711.783009536466 -9756.161889912977 -8769.505758475483
 8813.945807193335 9711.851002516318 -9756.506204290279 -8776.827247196152
 7635.879425484354 9246.488771113474 -9728.420221775132 -7154.739388587779
 8812.863379719576 9711.783009536466 -9756.161889912977 -8769.505758475483
 8812.863379719576 9711.783009536466 -9756.161889912977 -8769.505758475483
 8816.19990571794 9711.014861572821 -9753.81764537735 -8772.860665054008
 8572.796002494068 9957.782698106217 -9805.090878437595 -8726.510621027899
 7635.878260593808 9246.6484531553 -9728.553577221724 -7154.639494509706
 8572.796002494068 9957.782698106217 -9805.090878437595 -8726.510621027899
 7635.879425484354 9246.488771113474 -9728.420221775132 -7154.739388587779
 9322.135339954089 9170.790106041663 -9878.286693508209 -8607.100346068813
 8812.728351929523 9699.07862963484 -9763.327528413298 -8748.285724467441
 8816.19990571794 9711.014861572821 -9753.81764537735 -8772.860665054008
 8815.561920427461 9703.580660197667 -9759.311486343484 -8759.233053739668
 7636.118061586627 9246.616978119539 -9728.49236324654 -7154.737069534723
 7636.287931102368 9233.216244240821 -9713.099693208547 -7156.760392848839
 8812.220921299939 9712.895686433383 -9756.385257535965 -8769.33005629889
 8812.863379719576 9711.783009536466 -9756.161889912977 -8769.505758475483
 8828.672150595243 9705.138524190299 -9754.78968989534 -8779.74084582355
 7637.970450561054 9247.13458553583 -9727.960724860806 -7155.916724977441
 7635.879425484354 9246.488771113474 -9728.420221775132 -7154.739388587779
 8812.450384141253 9699.309669717863 -9763.463062346706 -8748.533110905895
 8572.157625211619 9958.377950746371 -9805.885349002045 -8725.220441791353
 7635.879425484354 9246.488771113474 -9728.420221775132 -7154.739388587779
 8817.496020437982 9702.054984971213 -9756.619116510758 -8762.677613514321
 8817.509931361912 9710.2651576689 -9754.380183401068 -8774.305492951711
 8804.38232620107 9706.957546163467 -9741.523993829707 -8771.216746120685
 8829.422874373555 9705.808084056996 -9754.867175201403 -8779.763364330662
 8828.672150595243 9705.138524190299 -9754.78968989534 -8779.74084582355
 7635.879425484354 9246.488771113474 -9728.420221775132 -7154.739388587779
 8815.916584363058 9710.557831353295 -9753.565393900859 -8772.188940565891
 8812.863379719576 9711.783009536466 -9756.161889912977 -8769.505758475483
 8812.863379719576 9711.783009536466 -9756.161889912977 -8769.505758475483
 7635.879425484354 9246.488771113474 -9728.420221775132 -7154.739388587779
 7640.249950175482 9248.463757237076 -9726.069653583252 -7152.73722565049
 8812.863379719576 9711.783009536466 -9756.161889912977 -8769.505758475483
 7635.879425484354 9246.488771113474 -9728.420221775132 -7154.739388587779
 7636.287931102368 9233.216244240821 -9713.099693208547 -7156.760392848839
 7635.997946672099 9246.410886778809 -9728.578509278677 -7154.851745690107
 8812.874756224777 9699.261677254171 -9763.604547062214 -8748.388888122798
 8572.796002494068 9957.782698106217 -9805.090878437595 -8726.510621027899
 7635.637049964463 9246.520825845038 -9728.427013886308 -7154.741475429716
 8812.641858770359 9699.292106296221 -9763.521528379459 -8748.360427225507
 8816.19990571794 9711.014861572821 -9753.81764537735 -8772.860665054008
 8812.863379719576 9711.783009536466 -9756.161889912977 -8769.505758475483
 8817.739119680766 9702.253539519397 -9756.456742992004 -8763.046504458114
 8851.563246298561 9575.46501628244 -9646.208864491882 -8781.718422334481
 8804.25080848216 9707.952462608269 -9740.350235667293 -8771.962971716523
 8812.641858770359 9699.292106296221 -9763.521528379459 -8748.360427225507
 8817.509931361912 9710.2651576689 -9754.380183401068 -8774.305492951711
 8812.900938329927 9705.612736416264 -9742.139302172171 -8776.863916667131
 7635.879425484354 9246.488771113474 -9728.420221775132 -7154.739388587779
 8812.641858770359 9699.292106296221 -9763.521528379459 -8748.360427225507
 8812.816502038828 9711.987158516738 -9756.243243313489 -8769.363920335714
 8817.558198422361 9710.234304290687 -9763.722616986324 -8764.24427218197
 8812.816502038828 9711.987158516738 -9756.243243313489 -8769.363920335714
 8950.733294139438 9585.813776049286 -9516.796415820996 -8820.336430305872
 7635.879425484354 9246.488771113474 -9728.420221775132 -7154.739388587779
 7635.879425484354 9246.488771113474 -9728.420221775132 -7154.739388587779
 8572.124777126097 9958.342574027603 -9806.105825977194 -8725.170709230135
 8812.220921299939 9712.895686433383 -9756.385257535965 -8769.33005629889
 8828.938380152777 9706.333923592812 -9753.500012040096 -8780.976386120432
 7635.879425484354 9246.488771113474 -9728.420221775132 -7154.739388587779
 8816.19990571794 9711.014861572821 -9753.81764537735 -8772.860665054008
 8812.863379719576 9711.783009536466 -9756.161889912977 -8769.505758475483
 8812.863379719576 9711.783009536466 -9756.161889912977 -8769.505758475483
 8816.19990571794 9711.014861572821 -9753.81764537735 -8772.860665054008
 7635.879425484354 9246.488771113474 -9728.420221775132 -7154.739388587779
 8816.19990571794 9711.014861572821 -9753.81764537735 -8772.860665054008
 8572.796002494068 9957.782698106217 -9805.090878437595 -8726.510621027899
 8816.675550228098 9711.599265388018 -9752.957156963786 -8773.18507473444
 8812.532237941621 9711.847836337922 -9755.787505830876 -8769.653197945145
 8812.863379719576 9711.783009536466 -9756.161889912977 -8769.505758475483
 8812.863379719576 9711.783009536466 -9756.161889912977 -8769.505758475483
 7635.663995163181 9246.526554571514 -9728.483823971492 -7154.535184334208
 7640.112672405318 9248.394175182904 -9726.138645898991 -7152.98304252966
 8851.563246298561 9575.46501628244 -9646.208864491882 -8781.718422334481
 8817.509931361912 9710.2651576689 -9754.380183401068 -8774.305492951711
 7635.689055817389 9246.451042463537 -9728.445561709887 -7154.699623022544
 7635.879425484354 9246.488771113474 -9728.420221775132 -7154.739388587779
 8572.796002494068 9957.782698106217 -9805.090878437595 -8726.510621027899
 7635.808507020382 9246.672589464137 -9728.624246425239 -7154.860428134506
 8812.863379719576 9711.783009536466 -9756.161889912977 -8769.505758475483
 8817.558198422361 9710.234304290687 -9763.722616986324 -8764.24427218197
 8812.641858770359 9699.292106296221 -9763.521528379459 -8748.360427225507
 8812.816502038828 9711.987158516738 -9756.243243313489 -8769.363920335714
 7635.637049964463 9246.520825845038 -9728.427013886308 -7154.741475429716
 8812.863379719576 9711.783009536466 -9756.161889912977 -8769.505758475483
 8851.286096534606 9575.844311495643 -9646.009621484431 -8781.636648816111
 7635.772956549516 9246.452830430857 -9728.363391742525 -7154.640506054015
