# Created by Octave 4.2.1, Mon Oct 09 19:28:24 2017 BRT <root@mosqueiro>
# name: pop
# type: matrix
# rows: 1000
# columns: 4
 8816.19990571794 9711.014861572821 -9753.81764537735 -8772.860665054008
 8816.19990571794 9711.014861572821 -9753.81764537735 -8772.860665054008
 8816.19990571794 9711.014861572821 -9753.81764537735 -8772.860665054008
 8816.19990571794 9711.014861572821 -9753.81764537735 -8772.860665054008
 8816.19990571794 9711.014861572821 -9753.81764537735 -8772.860665054008
 8816.19990571794 9711.014861572821 -9753.81764537735 -8772.860665054008
 8521.392689873654 10458.46954330618 -9631.351576810493 -9712.872954444359
 8859.722995447715 9610.665130783051 -9668.173892285931 -8789.072782198587
 8819.79375388868 9644.363756047842 -9458.940630098015 -9003.656987312273
 8872.977697602984 9585.898971773344 -9739.748110110049 -8665.483142206918
 8816.19990571794 9711.014861572821 -9753.81764537735 -8772.860665054008
 8575.031812613894 9511.88063976406 -9592.034124153439 -8837.433493423929
 7640.488290932592 9248.378770208921 -9726.122130328684 -7152.673261618307
 8766.693312159099 9396.790989998017 -9837.379148597656 -8813.193381350715
 9989.417030997181 9117.709863810005 -9574.53916086459 -8656.389099399579
 8945.643751899855 9485.326301526678 -9716.756747755757 -8788.884682283242
 8859.722995447715 9610.665130783051 -9668.173892285931 -8789.072782198587
 8816.19990571794 9711.014861572821 -9753.81764537735 -8772.860665054008
 8816.19990571794 9711.014861572821 -9753.81764537735 -8772.860665054008
 7640.488290932592 9248.378770208921 -9726.122130328684 -7152.673261618307
 8859.722995447715 9610.665130783051 -9668.173892285931 -8789.072782198587
 21146.31326789939 14269.92132314815 -6686.001927231886 10710.96013092073
 8859.722995447715 9610.665130783051 -9668.173892285931 -8789.072782198587
 8859.722995447715 9610.665130783051 -9668.173892285931 -8789.072782198587
 12155.43468247944 8119.321543023535 -9714.573564151064 -7296.941492243086
 8764.689677500779 9586.425245936747 -9627.268492694748 -8673.792269704323
 8816.19990571794 9711.014861572821 -9753.81764537735 -8772.860665054008
 9127.635143679945 9902.4296595508 -9798.123320323453 -8836.930881380029
 8816.19990571794 9711.014861572821 -9753.81764537735 -8772.860665054008
 8821.97645841723 9610.4113380698 -9632.031747129902 -8688.32495647736
 9008.777260475188 9549.948207578582 -9802.466174094381 -8907.289017930576
 8847.727479349593 9709.298277444164 -9850.112624680431 -8518.115702302337
 8816.19990571794 9711.014861572821 -9753.81764537735 -8772.860665054008
 8004.098474061854 9560.94773345915 -9856.734164134583 -8846.208424671746
 7570.328407745287 9036.288253918543 -9797.344044476906 -7219.292729057769
 7664.800670096557 9183.07108650746 -9639.246407515884 -7091.238518318654
 7640.488290932592 9248.378770208921 -9726.122130328684 -7152.673261618307
 8859.722995447715 9610.665130783051 -9668.173892285931 -8789.072782198587
 7640.488290932592 9248.378770208921 -9726.122130328684 -7152.673261618307
 8859.722995447715 9610.665130783051 -9668.173892285931 -8789.072782198587
 7640.488290932592 9248.378770208921 -9726.122130328684 -7152.673261618307
 8859.722995447715 9610.665130783051 -9668.173892285931 -8789.072782198587
 7640.488290932592 9248.378770208921 -9726.122130328684 -7152.673261618307
 8740.811652830424 9073.428489943586 -9595.213136911543 -8054.44635400932
 8859.722995447715 9610.665130783051 -9668.173892285931 -8789.072782198587
 8859.722995447715 9610.665130783051 -9668.173892285931 -8789.072782198587
 8816.19990571794 9711.014861572821 -9753.81764537735 -8772.860665054008
 8859.722995447715 9610.665130783051 -9668.173892285931 -8789.072782198587
 7640.488290932592 9248.378770208921 -9726.122130328684 -7152.673261618307
 8859.722995447715 9610.665130783051 -9668.173892285931 -8789.072782198587
 7640.488290932592 9248.378770208921 -9726.122130328684 -7152.673261618307
 8953.720400059627 9475.739509143656 -9646.927005608057 -8770.261761658303
 11385.85125417702 14617.23288189411 -15000.19424676443 -10858.41856693126
 8859.722995447715 9610.665130783051 -9668.173892285931 -8789.072782198587
 9922.668416860999 10808.66887341908 -10515.04704931798 -9649.530558017634
 8816.19990571794 9711.014861572821 -9753.81764537735 -8772.860665054008
 11810.35199935318 15722.03342205332 -15416.55075104927 -10981.20775836413
 8811.021024895048 9643.708431456753 -9529.657749290336 -9149.681178390649
 8816.19990571794 9711.014861572821 -9753.81764537735 -8772.860665054008
 8859.722995447715 9610.665130783051 -9668.173892285931 -8789.072782198587
 8831.863315115848 9562.135112662543 -9537.377161871262 -8860.164414232226
 8390.075731929377 9992.889132113789 -9648.061531669033 -10590.49010799511
 7694.198099139465 9222.517987367712 -9895.893031971184 -7061.785812207005
 9090.454642189277 9607.743949610538 -9468.924302642467 -8571.563691046518
 8816.19990571794 9711.014861572821 -9753.81764537735 -8772.860665054008
 9366.190073620453 9157.937408124775 -9193.000352302441 -8472.610048206368
 8859.722995447715 9610.665130783051 -9668.173892285931 -8789.072782198587
 8859.722995447715 9610.665130783051 -9668.173892285931 -8789.072782198587
 8816.19990571794 9711.014861572821 -9753.81764537735 -8772.860665054008
 8816.19990571794 9711.014861572821 -9753.81764537735 -8772.860665054008
 8859.722995447715 9610.665130783051 -9668.173892285931 -8789.072782198587
 8748.724918834709 9766.4825004048 -9530.546030320194 -8975.638007028165
 8859.722995447715 9610.665130783051 -9668.173892285931 -8789.072782198587
 8859.722995447715 9610.665130783051 -9668.173892285931 -8789.072782198587
 8652.2145912657 9475.551712680543 -9609.803055893588 -8895.364992114708
 8936.062811209151 9494.012649356469 -9622.369974295307 -8637.962897676487
 8937.349616998476 9606.494556252652 -9925.616355145557 -8848.701421152618
 7640.488290932592 9248.378770208921 -9726.122130328684 -7152.673261618307
 7637.110866857753 9209.164435891029 -9583.30378291848 -7208.509566577598
 -9866.578198257794 7588.734456191767 -2821.00552771719 5123.679337178926
 8859.722995447715 9610.665130783051 -9668.173892285931 -8789.072782198587
 8792.321473876664 9565.193081353205 -9656.035808443254 -8776.622118404759
 8859.722995447715 9610.665130783051 -9668.173892285931 -8789.072782198587
 10517.8598203736 13697.77322279163 -10605.52898675465 -12989.24661955117
 7615.171911102602 9290.270379832367 -9693.904396085803 -7117.891110719422
 7640.488290932592 9248.378770208921 -9726.122130328684 -7152.673261618307
 8771.792766522283 9663.163927921109 -9817.502767973636 -8616.778329914701
 -9866.578198257794 7588.734456191767 -2821.00552771719 5123.679337178926
 8572.789859140461 10231.70712086021 -9396.42756282279 -9616.946003560606
 8886.637317014813 9488.083561910777 -9969.544008777397 -8660.71448836104
 8816.19990571794 9711.014861572821 -9753.81764537735 -8772.860665054008
 8936.062811209151 9494.012649356469 -9622.369974295307 -8637.962897676487
 8816.19990571794 9711.014861572821 -9753.81764537735 -8772.860665054008
 9562.976500713237 9643.602346943786 -10644.15316009944 -8559.605582039963
 7640.488290932592 9248.378770208921 -9726.122130328684 -7152.673261618307
 8859.722995447715 9610.665130783051 -9668.173892285931 -8789.072782198587
 8816.19990571794 9711.014861572821 -9753.81764537735 -8772.860665054008
 8859.722995447715 9610.665130783051 -9668.173892285931 -8789.072782198587
 9562.976500713237 9643.602346943786 -10644.15316009944 -8559.605582039963
 9251.02573158676 9256.34559593721 -9871.691561414884 -8662.295014107885
 8816.19990571794 9711.014861572821 -9753.81764537735 -8772.860665054008
 7646.455488853695 9505.270247656534 -9729.781355580357 -7165.999031141188
 8859.722995447715 9610.665130783051 -9668.173892285931 -8789.072782198587
 8816.19990571794 9711.014861572821 -9753.81764537735 -8772.860665054008
 8727.048654542708 9755.607220902482 -9550.756671737552 -8762.408090178664
