# Created by Octave 4.2.1, Mon Oct 09 19:25:31 2017 BRT <root@mosqueiro>
# name: pop
# type: matrix
# rows: 1000
# columns: 4
 8859.722995447715 9610.665130783051 -9668.173892285931 -8789.072782198587
 8859.722995447715 9610.665130783051 -9668.173892285931 -8789.072782198587
 8859.722995447715 9610.665130783051 -9668.173892285931 -8789.072782198587
 8859.722995447715 9610.665130783051 -9668.173892285931 -8789.072782198587
 8859.722995447715 9610.665130783051 -9668.173892285931 -8789.072782198587
 7782.132056544474 18671.64040051318 -313.2814035495667 -15414.89128318416
 8859.722995447715 9610.665130783051 -9668.173892285931 -8789.072782198587
 8859.722995447715 9610.665130783051 -9668.173892285931 -8789.072782198587
 12410.43486490619 7438.374207655614 -11030.21331637435 -4603.929872739344
 8859.722995447715 9610.665130783051 -9668.173892285931 -8789.072782198587
 8859.722995447715 9610.665130783051 -9668.173892285931 -8789.072782198587
 8258.265456430496 40094.0370909647 -28864.95579916382 -19301.86267344387
 8859.722995447715 9610.665130783051 -9668.173892285931 -8789.072782198587
 8859.722995447715 9610.665130783051 -9668.173892285931 -8789.072782198587
 8859.722995447715 9610.665130783051 -9668.173892285931 -8789.072782198587
 8859.722995447715 9610.665130783051 -9668.173892285931 -8789.072782198587
 6918.692289634413 5663.788996786445 -11108.67348040392 -20266.57573795964
 8859.722995447715 9610.665130783051 -9668.173892285931 -8789.072782198587
 8859.722995447715 9610.665130783051 -9668.173892285931 -8789.072782198587
 8859.722995447715 9610.665130783051 -9668.173892285931 -8789.072782198587
 8859.722995447715 9610.665130783051 -9668.173892285931 -8789.072782198587
 14978.84451999192 3517.132026209004 -2552.81925571516 -13613.86508379652
 8859.722995447715 9610.665130783051 -9668.173892285931 -8789.072782198587
 8859.722995447715 9610.665130783051 -9668.173892285931 -8789.072782198587
 8859.722995447715 9610.665130783051 -9668.173892285931 -8789.072782198587
 8859.722995447715 9610.665130783051 -9668.173892285931 -8789.072782198587
 8859.722995447715 9610.665130783051 -9668.173892285931 -8789.072782198587
 8859.722995447715 9610.665130783051 -9668.173892285931 -8789.072782198587
 -9866.578198257794 7588.734456191767 -2821.00552771719 5123.679337178926
 8859.722995447715 9610.665130783051 -9668.173892285931 -8789.072782198587
 8197.649452751995 4194.992115147342 -1111.571993525828 -13392.34104590337
 8859.722995447715 9610.665130783051 -9668.173892285931 -8789.072782198587
 8859.722995447715 9610.665130783051 -9668.173892285931 -8789.072782198587
 -4677.274778670037 1577.673348821567 -3235.349940443971 5982.861103259605
 16564.8203471065 1610.289172182909 -5693.031751312143 -18455.63748550834
 8859.722995447715 9610.665130783051 -9668.173892285931 -8789.072782198587
 -5605.16381473669 15101.72500734741 -41992.04996663297 -5294.582237290277
 -9727.240377433469 23091.717192233 15521.81349938082 -28156.43428118016
 8859.722995447715 9610.665130783051 -9668.173892285931 -8789.072782198587
 -15809.29307975112 -7867.109326430203 23063.11076200701 -528.6312086104765
 -3300.691392461616 3145.432524517346 -4951.013333340898 5282.206246768132
 1555.540063311879 22207.13111611983 -483.5558235427161 -9742.684399423179
 8859.722995447715 9610.665130783051 -9668.173892285931 -8789.072782198587
 5191.508713371919 11424.70957206115 -12170.86690241065 -8440.409112832251
 8859.722995447715 9610.665130783051 -9668.173892285931 -8789.072782198587
 11666.52376491126 19286.05822173338 -6962.781697023439 -5188.759383331992
 8859.722995447715 9610.665130783051 -9668.173892285931 -8789.072782198587
 8859.722995447715 9610.665130783051 -9668.173892285931 -8789.072782198587
 -10921.2500282278 11489.77510004577 -25096.73769881542 1467.387265497844
 -4677.274778670037 1577.673348821567 -3235.349940443971 5982.861103259605
 8859.722995447715 9610.665130783051 -9668.173892285931 -8789.072782198587
 8859.722995447715 9610.665130783051 -9668.173892285931 -8789.072782198587
 -9727.240377433469 23091.717192233 15521.81349938082 -28156.43428118016
 8859.722995447715 9610.665130783051 -9668.173892285931 -8789.072782198587
 -3341.765780891978 7610.587411922958 -11681.70750467141 -8458.72784908609
 8859.722995447715 9610.665130783051 -9668.173892285931 -8789.072782198587
 8859.722995447715 9610.665130783051 -9668.173892285931 -8789.072782198587
 8859.722995447715 9610.665130783051 -9668.173892285931 -8789.072782198587
 17175.66871670071 -4232.304638972193 -20506.17347165905 -12015.863094347
 8859.722995447715 9610.665130783051 -9668.173892285931 -8789.072782198587
 8859.722995447715 9610.665130783051 -9668.173892285931 -8789.072782198587
 1555.540063311879 22207.13111611983 -483.5558235427161 -9742.684399423179
 8859.722995447715 9610.665130783051 -9668.173892285931 -8789.072782198587
 8859.722995447715 9610.665130783051 -9668.173892285931 -8789.072782198587
 8859.722995447715 9610.665130783051 -9668.173892285931 -8789.072782198587
 8859.722995447715 9610.665130783051 -9668.173892285931 -8789.072782198587
 8859.722995447715 9610.665130783051 -9668.173892285931 -8789.072782198587
 8859.722995447715 9610.665130783051 -9668.173892285931 -8789.072782198587
 8859.722995447715 9610.665130783051 -9668.173892285931 -8789.072782198587
 8859.722995447715 9610.665130783051 -9668.173892285931 -8789.072782198587
 8859.722995447715 9610.665130783051 -9668.173892285931 -8789.072782198587
 1814.206651833442 12972.33511458273 -8700.361251042459 24785.10011014048
 8859.722995447715 9610.665130783051 -9668.173892285931 -8789.072782198587
 -11816.68506846123 32802.63083587807 2870.347326854037 -14106.72795027284
 8859.722995447715 9610.665130783051 -9668.173892285931 -8789.072782198587
 -4677.274778670037 1577.673348821567 -3235.349940443971 5982.861103259605
 8859.722995447715 9610.665130783051 -9668.173892285931 -8789.072782198587
 8859.722995447715 9610.665130783051 -9668.173892285931 -8789.072782198587
 6279.70241477116 22048.73021695145 -5635.843265768164 5889.831819474791
 8859.722995447715 9610.665130783051 -9668.173892285931 -8789.072782198587
 8859.722995447715 9610.665130783051 -9668.173892285931 -8789.072782198587
 38217.45166012259 20166.22965583182 22817.17074303509 4522.839701561466
 19703.22949687138 -7769.388220848817 -17346.21451549137 -34017.3584340693
 8859.722995447715 9610.665130783051 -9668.173892285931 -8789.072782198587
 2443.350507555669 7251.323739067435 24952.128976465 24394.26984791159
 2981.822684212514 23007.93828983277 -14408.83322877014 -19652.92212620359
 8859.722995447715 9610.665130783051 -9668.173892285931 -8789.072782198587
 8859.722995447715 9610.665130783051 -9668.173892285931 -8789.072782198587
 8859.722995447715 9610.665130783051 -9668.173892285931 -8789.072782198587
 6667.065646322449 -1874.219060077221 688.7962542324021 -10955.6125331181
 8859.722995447715 9610.665130783051 -9668.173892285931 -8789.072782198587
 8859.722995447715 9610.665130783051 -9668.173892285931 -8789.072782198587
 8859.722995447715 9610.665130783051 -9668.173892285931 -8789.072782198587
 8859.722995447715 9610.665130783051 -9668.173892285931 -8789.072782198587
 8859.722995447715 9610.665130783051 -9668.173892285931 -8789.072782198587
 8859.722995447715 9610.665130783051 -9668.173892285931 -8789.072782198587
 8859.722995447715 9610.665130783051 -9668.173892285931 -8789.072782198587
 8258.265456430496 40094.0370909647 -28864.95579916382 -19301.86267344387
 8859.722995447715 9610.665130783051 -9668.173892285931 -8789.072782198587
 3292.86821713586 801.6487003200345 5142.816580066494 -2401.73433296699
 8527.279029899073 5237.535429285196 -9065.639650358671 1171.173527485114
 -9866.578198257794 7588.734456191767 -2821.00552771719 5123.679337178926
 8859.722995447715 9610.665130783051 -9668.173892285931 -8789.072782198587
 8859.722995447715 9610.665130783051 -9668.173892285931 -8789.072782198587
 -4677.274778670037 1577.673348821567 -3235.349940443971 5982.861103259605
