# Created by Octave 4.2.1, Mon Oct 09 19:35:02 2017 BRT <root@mosqueiro>
# name: pop
# type: matrix
# rows: 1000
# columns: 4
 -7388.118906136311 -1280.759136014043 4066.935166573163 4616.641127117166
 -7388.118906136311 -1280.759136014043 4066.935166573163 4616.641127117166
 -7388.118906136311 -1280.759136014043 4066.935166573163 4616.641127117166
 -7388.118906136311 -1280.759136014043 4066.935166573163 4616.641127117166
 -7388.118906136311 -1280.759136014043 4066.935166573163 4616.641127117166
 -7388.118906136311 -1280.759136014043 4066.935166573163 4616.641127117166
 -7388.118906136311 -1280.759136014043 4066.935166573163 4616.641127117166
 -7388.118906136311 -1280.759136014043 4066.935166573163 4616.641127117166
 -7388.118906136311 -1280.759136014043 4066.935166573163 4616.641127117166
 -7388.118906136311 -1280.759136014043 4066.935166573163 4616.641127117166
 -11827.02075152374 19655.4996486915 10646.7684850512 -1467.420732965721
 -7388.118906136311 -1280.759136014043 4066.935166573163 4616.641127117166
 -22746.32658955093 25259.35580294773 -5891.862019820002 31094.54678289079
 -7388.118906136311 -1280.759136014043 4066.935166573163 4616.641127117166
 -7388.118906136311 -1280.759136014043 4066.935166573163 4616.641127117166
 -8717.477947111936 12275.04828324357 2272.957125292037 20794.70561860956
 -7388.118906136311 -1280.759136014043 4066.935166573163 4616.641127117166
 -7388.118906136311 -1280.759136014043 4066.935166573163 4616.641127117166
 -7388.118906136311 -1280.759136014043 4066.935166573163 4616.641127117166
 11700.58384463508 1677.969731401585 20720.71700127505 -4571.884176496009
 -36864.34425711858 21898.74611336097 4128.927058051486 8850.70403619754
 -19440.53048983536 12084.24993061644 -5221.366710363742 4351.579398939515
 -7388.118906136311 -1280.759136014043 4066.935166573163 4616.641127117166
 -7388.118906136311 -1280.759136014043 4066.935166573163 4616.641127117166
 -7388.118906136311 -1280.759136014043 4066.935166573163 4616.641127117166
 -17505.53811850277 -1712.757158552645 3329.684723455276 10901.20496238844
 -7388.118906136311 -1280.759136014043 4066.935166573163 4616.641127117166
 -7388.118906136311 -1280.759136014043 4066.935166573163 4616.641127117166
 -7388.118906136311 -1280.759136014043 4066.935166573163 4616.641127117166
 -7388.118906136311 -1280.759136014043 4066.935166573163 4616.641127117166
 -7388.118906136311 -1280.759136014043 4066.935166573163 4616.641127117166
 -7388.118906136311 -1280.759136014043 4066.935166573163 4616.641127117166
 -12653.81238432095 3110.52560529974 10449.20794251726 5680.077841130623
 -7388.118906136311 -1280.759136014043 4066.935166573163 4616.641127117166
 -7388.118906136311 -1280.759136014043 4066.935166573163 4616.641127117166
 -1763.57823216245 3645.012284424094 1291.006327268764 -3124.54256094668
 10640.63196984188 -2294.133166473014 3767.861442021767 -6435.653343565646
 -14521.69926216061 -22156.67125083021 9190.570317502648 11330.76472804861
 -7388.118906136311 -1280.759136014043 4066.935166573163 4616.641127117166
 -7388.118906136311 -1280.759136014043 4066.935166573163 4616.641127117166
 -1563.185393950103 -3786.989513980752 15155.58926814434 -2409.329376878934
 -7388.118906136311 -1280.759136014043 4066.935166573163 4616.641127117166
 -15018.79905603648 -12173.20129145854 16668.66321773793 14524.69881604539
 -7388.118906136311 -1280.759136014043 4066.935166573163 4616.641127117166
 -7388.118906136311 -1280.759136014043 4066.935166573163 4616.641127117166
 -7388.118906136311 -1280.759136014043 4066.935166573163 4616.641127117166
 -7388.118906136311 -1280.759136014043 4066.935166573163 4616.641127117166
 -9824.664308968368 -5460.77377523343 11548.704679475 8367.394652512161
 -7388.118906136311 -1280.759136014043 4066.935166573163 4616.641127117166
 -8202.080902546462 -15743.25938175282 3775.396371530576 1948.33988241892
 -7388.118906136311 -1280.759136014043 4066.935166573163 4616.641127117166
 -7388.118906136311 -1280.759136014043 4066.935166573163 4616.641127117166
 -7388.118906136311 -1280.759136014043 4066.935166573163 4616.641127117166
 -7388.118906136311 -1280.759136014043 4066.935166573163 4616.641127117166
 -7388.118906136311 -1280.759136014043 4066.935166573163 4616.641127117166
 -5827.873914329029 -5665.887473250066 2913.286383551089 13722.42985333772
 -12238.26822759142 -32349.25677109861 -5419.594607520038 34013.94893936263
 -9229.098408184422 18805.04170406178 19180.2171739924 -5912.163829809635
 -7388.118906136311 -1280.759136014043 4066.935166573163 4616.641127117166
 -7388.118906136311 -1280.759136014043 4066.935166573163 4616.641127117166
 -7388.118906136311 -1280.759136014043 4066.935166573163 4616.641127117166
 -42225.25823075308 22676.48806763878 4893.805225728767 22482.90322911675
 -7388.118906136311 -1280.759136014043 4066.935166573163 4616.641127117166
 -7388.118906136311 -1280.759136014043 4066.935166573163 4616.641127117166
 -7388.118906136311 -1280.759136014043 4066.935166573163 4616.641127117166
 -7388.118906136311 -1280.759136014043 4066.935166573163 4616.641127117166
 -7388.118906136311 -1280.759136014043 4066.935166573163 4616.641127117166
 -7388.118906136311 -1280.759136014043 4066.935166573163 4616.641127117166
 -1260.081298919818 26569.50454422279 11822.31562550558 21891.77203449884
 -14162.20158634735 11609.99280968753 -10949.9145248106 20806.58348122304
 -7388.118906136311 -1280.759136014043 4066.935166573163 4616.641127117166
 -7388.118906136311 -1280.759136014043 4066.935166573163 4616.641127117166
 -7388.118906136311 -1280.759136014043 4066.935166573163 4616.641127117166
 8647.853734023192 -5863.481407795722 4927.626498868862 -7671.9267587524
 -7388.118906136311 -1280.759136014043 4066.935166573163 4616.641127117166
 -7388.118906136311 -1280.759136014043 4066.935166573163 4616.641127117166
 -7388.118906136311 -1280.759136014043 4066.935166573163 4616.641127117166
 -7388.118906136311 -1280.759136014043 4066.935166573163 4616.641127117166
 -17621.75897914526 14570.48418933842 37481.93237683352 -2934.645295837696
 -7388.118906136311 -1280.759136014043 4066.935166573163 4616.641127117166
 -7388.118906136311 -1280.759136014043 4066.935166573163 4616.641127117166
 87.82554417787014 12009.55642243911 2660.222963908488 9572.609551210442
 -7388.118906136311 -1280.759136014043 4066.935166573163 4616.641127117166
 -7388.118906136311 -1280.759136014043 4066.935166573163 4616.641127117166
 -7388.118906136311 -1280.759136014043 4066.935166573163 4616.641127117166
 -8058.833506826064 -3097.846678890097 6620.314700281126 9982.561947551047
 -5406.666294817871 1279.649870878253 -3513.350855212732 172.0553299746744
 1068.013434499388 7024.232188803526 -14735.89286886614 6554.530659520729
 -7388.118906136311 -1280.759136014043 4066.935166573163 4616.641127117166
 -7388.118906136311 -1280.759136014043 4066.935166573163 4616.641127117166
 -7388.118906136311 -1280.759136014043 4066.935166573163 4616.641127117166
 -7388.118906136311 -1280.759136014043 4066.935166573163 4616.641127117166
 -5127.126902631158 -1899.834823512921 -3756.481845667799 7777.217286574672
 -7388.118906136311 -1280.759136014043 4066.935166573163 4616.641127117166
 -7388.118906136311 -1280.759136014043 4066.935166573163 4616.641127117166
 7421.435066776237 6049.652562100498 -9082.532308281421 -4314.854421889963
 -24006.81597475632 -6174.456617582109 11855.02052800959 -7424.674643681499
 -7388.118906136311 -1280.759136014043 4066.935166573163 4616.641127117166
 -7388.118906136311 -1280.759136014043 4066.935166573163 4616.641127117166
 -7388.118906136311 -1280.759136014043 4066.935166573163 4616.641127117166
 -7388.118906136311 -1280.759136014043 4066.935166573163 4616.641127117166
 -11506.5577510103 13267.68523123953 -5082.508037981326 -8952.321045673534
 -11570.85575647749 3413.429693326657 5143.694855057373 12605.62987612496
 -9705.326588176657 6482.664328992701 -2062.007888875965 7507.746527342575
 -7388.118906136311 -1280.759136014043 4066.935166573163 4616.641127117166
