# Created by Octave 4.2.1, Mon Oct 09 19:27:08 2017 BRT <root@mosqueiro>
# name: pop
# type: matrix
# rows: 1000
# columns: 4
 8859.722995447715 9610.665130783051 -9668.173892285931 -8789.072782198587
 8859.722995447715 9610.665130783051 -9668.173892285931 -8789.072782198587
 8859.722995447715 9610.665130783051 -9668.173892285931 -8789.072782198587
 8859.722995447715 9610.665130783051 -9668.173892285931 -8789.072782198587
 8859.722995447715 9610.665130783051 -9668.173892285931 -8789.072782198587
 8859.722995447715 9610.665130783051 -9668.173892285931 -8789.072782198587
 8859.722995447715 9610.665130783051 -9668.173892285931 -8789.072782198587
 10653.69305986566 10603.06344683969 -7943.833598717012 -8923.707015163593
 2418.098270426274 116.8603773501102 5460.992561416477 -2090.323563762549
 8859.722995447715 9610.665130783051 -9668.173892285931 -8789.072782198587
 8877.763771778007 11391.50248343086 -10949.79931581332 -9441.94326249758
 9501.869011818006 10923.60784299501 -10777.52709903054 -9005.305254326966
 8859.722995447715 9610.665130783051 -9668.173892285931 -8789.072782198587
 8859.722995447715 9610.665130783051 -9668.173892285931 -8789.072782198587
 9379.643202072382 3451.416969383805 -10274.76306759932 -4593.742009928357
 9322.320164413235 8227.357931625589 -9107.391935729416 -7932.226762427729
 11443.21915185094 15443.41458862703 -15160.85771369661 -11126.16593120426
 8859.722995447715 9610.665130783051 -9668.173892285931 -8789.072782198587
 8859.722995447715 9610.665130783051 -9668.173892285931 -8789.072782198587
 8859.722995447715 9610.665130783051 -9668.173892285931 -8789.072782198587
 8859.722995447715 9610.665130783051 -9668.173892285931 -8789.072782198587
 7428.410032774005 12356.41153664851 -10399.32600538395 -9810.170346174233
 8859.722995447715 9610.665130783051 -9668.173892285931 -8789.072782198587
 8859.722995447715 9610.665130783051 -9668.173892285931 -8789.072782198587
 8859.722995447715 9610.665130783051 -9668.173892285931 -8789.072782198587
 8859.722995447715 9610.665130783051 -9668.173892285931 -8789.072782198587
 8859.722995447715 9610.665130783051 -9668.173892285931 -8789.072782198587
 8859.722995447715 9610.665130783051 -9668.173892285931 -8789.072782198587
 17286.83081656219 9409.646862452961 -26723.78553288899 5947.143781397179
 8859.722995447715 9610.665130783051 -9668.173892285931 -8789.072782198587
 10218.37202508302 5524.31263690218 -3715.914106366979 -11223.18289467336
 8859.722995447715 9610.665130783051 -9668.173892285931 -8789.072782198587
 8859.722995447715 9610.665130783051 -9668.173892285931 -8789.072782198587
 8859.722995447715 9610.665130783051 -9668.173892285931 -8789.072782198587
 8859.722995447715 9610.665130783051 -9668.173892285931 -8789.072782198587
 9543.843985755528 10739.67747604818 -9003.29044745546 -10352.03028332329
 8859.722995447715 9610.665130783051 -9668.173892285931 -8789.072782198587
 8859.722995447715 9610.665130783051 -9668.173892285931 -8789.072782198587
 8770.694281103843 9820.608654351567 -7738.275993535593 -8548.425898749212
 8859.722995447715 9610.665130783051 -9668.173892285931 -8789.072782198587
 3548.687355086675 12876.40153618467 -6238.67422924646 -3270.118569345945
 8050.499710745527 10104.93916000297 -9743.282822437222 -8319.080637928917
 8859.722995447715 9610.665130783051 -9668.173892285931 -8789.072782198587
 8859.722995447715 9610.665130783051 -9668.173892285931 -8789.072782198587
 8859.722995447715 9610.665130783051 -9668.173892285931 -8789.072782198587
 8859.722995447715 9610.665130783051 -9668.173892285931 -8789.072782198587
 8859.722995447715 9610.665130783051 -9668.173892285931 -8789.072782198587
 9716.170586992137 9956.733450531918 -10840.52961500105 -9020.542304809213
 8859.722995447715 9610.665130783051 -9668.173892285931 -8789.072782198587
 8859.722995447715 9610.665130783051 -9668.173892285931 -8789.072782198587
 8859.722995447715 9610.665130783051 -9668.173892285931 -8789.072782198587
 -5174.540295149024 -11309.07921056589 -16280.09714734026 -9809.817601809147
 8859.722995447715 9610.665130783051 -9668.173892285931 -8789.072782198587
 10194.19851780925 12450.36582260424 -9057.264881562893 -6204.519072563629
 9806.99591430385 9624.600198211572 -10053.75665765913 -8468.419340693734
 4945.266403377276 13060.85502945149 -11648.32975366922 -12400.94685925287
 8859.722995447715 9610.665130783051 -9668.173892285931 -8789.072782198587
 9186.779752793531 8337.464883956203 -9283.535282574565 -9176.012746060458
 8859.722995447715 9610.665130783051 -9668.173892285931 -8789.072782198587
 8859.722995447715 9610.665130783051 -9668.173892285931 -8789.072782198587
 8859.722995447715 9610.665130783051 -9668.173892285931 -8789.072782198587
 8859.722995447715 9610.665130783051 -9668.173892285931 -8789.072782198587
 8441.605089886689 10596.66561075226 -11137.79478774766 -8397.812033889479
 8859.722995447715 9610.665130783051 -9668.173892285931 -8789.072782198587
 8859.722995447715 9610.665130783051 -9668.173892285931 -8789.072782198587
 11754.98123692031 -4153.685020711731 11751.19477345549 453.2220902641532
 8859.722995447715 9610.665130783051 -9668.173892285931 -8789.072782198587
 8859.722995447715 9610.665130783051 -9668.173892285931 -8789.072782198587
 8859.722995447715 9610.665130783051 -9668.173892285931 -8789.072782198587
 8859.722995447715 9610.665130783051 -9668.173892285931 -8789.072782198587
 8997.329377924165 9415.915519060876 -11109.32461622548 -9312.371877644215
 8859.722995447715 9610.665130783051 -9668.173892285931 -8789.072782198587
 8859.722995447715 9610.665130783051 -9668.173892285931 -8789.072782198587
 8859.722995447715 9610.665130783051 -9668.173892285931 -8789.072782198587
 8859.722995447715 9610.665130783051 -9668.173892285931 -8789.072782198587
 7571.271847244829 9303.486702223212 -10113.98897154636 -8199.682498029906
 22347.39779069949 -11351.27954768369 9102.513429160321 13070.57849942353
 9282.321813203884 9070.290568985536 -9144.489280861158 -9375.919708304291
 8733.7023332111 13253.61363986386 -11228.28187449177 -10919.86981508436
 8859.722995447715 9610.665130783051 -9668.173892285931 -8789.072782198587
 8859.722995447715 9610.665130783051 -9668.173892285931 -8789.072782198587
 7245.950074506987 13925.86071532873 -9994.465244636365 -7935.780128400814
 6109.58916180602 15901.35543168222 -8940.304077303193 -10575.93274104783
 9086.072155961527 10452.44998118011 -10822.51532474861 -8215.690421542451
 1745.844313438774 12086.72892586508 -1834.360965341939 -7921.461390766514
 1745.844313438774 12086.72892586508 -1834.360965341939 -7921.461390766514
 9366.104650508769 9984.940923753813 -9412.46393184815 -7279.620218448685
 8992.447446765382 12167.64035499122 -10887.54872074209 -8633.585234265314
 13209.12290909588 10945.6573502548 -11354.94966894906 -7674.636855032611
 -8628.139358474922 -8060.980739950751 7632.884592747552 9679.492986244306
 4791.981948901353 5432.862094932789 10338.91154306469 -14252.49566336145
 7959.704345035212 9052.255473394254 -9694.165803783008 -7671.760452099744
 8859.722995447715 9610.665130783051 -9668.173892285931 -8789.072782198587
 8859.722995447715 9610.665130783051 -9668.173892285931 -8789.072782198587
 8859.722995447715 9610.665130783051 -9668.173892285931 -8789.072782198587
 7940.600597613132 9449.102149304119 -9363.150145839551 -7871.095926230565
 8859.722995447715 9610.665130783051 -9668.173892285931 -8789.072782198587
 8859.722995447715 9610.665130783051 -9668.173892285931 -8789.072782198587
 8859.722995447715 9610.665130783051 -9668.173892285931 -8789.072782198587
 5982.116375378129 9556.240384498049 -12149.4739163538 -8515.711713293118
 10223.0079491193 8511.421846155346 -12129.27444923991 -7289.486621981368
 8859.722995447715 9610.665130783051 -9668.173892285931 -8789.072782198587
 8859.722995447715 9610.665130783051 -9668.173892285931 -8789.072782198587
 11740.43856666928 12883.17674380494 -10307.52050590622 -4197.820491428734
 7782.324496153304 9100.405817718049 -9728.960201396343 -9456.839171756288
