# Created by Octave 4.2.1, Mon Oct 09 19:50:42 2017 BRT <root@mosqueiro>
# name: pop
# type: matrix
# rows: 1000
# columns: 4
 -5017.364251005478 -2983.313326646901 6447.504496477781 1552.457711808119
 -5016.402968709818 -2982.849730784466 6443.820194338092 1554.716124470449
 -5016.402968709818 -2982.849730784466 6443.820194338092 1554.716124470449
 -5016.402968709818 -2982.849730784466 6443.820194338092 1554.716124470449
 -5016.402968709818 -2982.849730784466 6443.820194338092 1554.716124470449
 -5017.386015084709 -2983.316471322473 6447.472876341988 1552.505493733531
 -5016.220588510153 -2982.685425806858 6443.771691495828 1554.730283512407
 -4993.154546395876 -3008.463167591327 6414.986619350394 1585.818120425541
 -5017.386015084709 -2983.316471322473 6447.472876341988 1552.505493733531
 -4995.481974685797 -3013.580273584622 6421.426943216164 1586.9186807269
 -4993.1068250101 -3008.417033474075 6415.02585129796 1585.788450883973
 -5016.402968709818 -2982.849730784466 6443.820194338092 1554.716124470449
 -5017.386015084709 -2983.316471322473 6447.472876341988 1552.505493733531
 -5016.402968709818 -2982.849730784466 6443.820194338092 1554.716124470449
 -4992.598528051896 -3008.366981801299 6415.896530081 1585.058856400466
 -4992.543395013564 -3008.267538294987 6415.977950557926 1585.103502760069
 -5017.386015084709 -2983.316471322473 6447.472876341988 1552.505493733531
 -4993.135330934272 -3008.455466517038 6415.057448552949 1585.787361575483
 -4995.481974685797 -3013.580273584622 6421.426943216164 1586.9186807269
 -5017.317517162262 -2983.218524831399 6447.411304080098 1552.511654310176
 -5017.386015084709 -2983.316471322473 6447.472876341988 1552.505493733531
 -5017.386015084709 -2983.316471322473 6447.472876341988 1552.505493733531
 -5017.386015084709 -2983.316471322473 6447.472876341988 1552.505493733531
 -4993.1068250101 -3008.417033474075 6415.02585129796 1585.788450883973
 -4995.481974685797 -3013.580273584622 6421.426943216164 1586.9186807269
 -5016.460388315762 -2981.432607041014 6446.424667093894 1550.770490002463
 -5018.002358132964 -2982.130906838097 6446.969875806819 1552.863428810373
 -4990.96489920366 -2982.590917416302 6440.157270125615 1579.662906310385
 -4993.1068250101 -3008.417033474075 6415.02585129796 1585.788450883973
 -5018.271221042258 -2982.198867407592 6446.910305798049 1552.850322694259
 -5016.460388315762 -2981.432607041014 6446.424667093894 1550.770490002463
 -5017.992783309098 -2982.11731898659 6447.003229202737 1552.775801152004
 -5017.364251005478 -2983.313326646901 6447.504496477781 1552.457711808119
 -5016.376615240914 -2982.69199037718 6443.818254701167 1554.632604343973
 -4993.1068250101 -3008.417033474075 6415.02585129796 1585.788450883973
 -5016.600631489173 -2982.070705956004 6444.199975328262 1555.358263236473
 -5017.96956594474 -2982.111665377615 6447.063544631302 1552.680207835382
 -5016.990729883606 -2982.951651675004 6450.572368952166 1547.559408569145
 -5017.386015084709 -2983.316471322473 6447.472876341988 1552.505493733531
 -5016.402968709818 -2982.849730784466 6443.820194338092 1554.716124470449
 -2638.15196923243 -3811.415443634917 -546.4379447977221 6999.973046576196
 -5017.806363761607 -2983.019994292061 6447.754286811084 1552.542613862118
 -5017.386015084709 -2983.316471322473 6447.472876341988 1552.505493733531
 -5017.386015084709 -2983.316471322473 6447.472876341988 1552.505493733531
 -5016.402968709818 -2982.849730784466 6443.820194338092 1554.716124470449
 -5017.364251005478 -2983.313326646901 6447.504496477781 1552.457711808119
 -5016.402968709818 -2982.849730784466 6443.820194338092 1554.716124470449
 -5016.376615240914 -2982.69199037718 6443.818254701167 1554.632604343973
 -5017.386015084709 -2983.316471322473 6447.472876341988 1552.505493733531
 -5017.364251005478 -2983.313326646901 6447.504496477781 1552.457711808119
 -4993.1068250101 -3008.417033474075 6415.02585129796 1585.788450883973
 -4995.481974685797 -3013.580273584622 6421.426943216164 1586.9186807269
 -4992.543395013564 -3008.267538294987 6415.977950557926 1585.103502760069
 -5017.364251005478 -2983.313326646901 6447.504496477781 1552.457711808119
 -4995.168583321687 -3013.82852208345 6421.215452563903 1587.049490436131
 -4995.175297514254 -3013.823092527477 6421.292576340182 1587.039539132592
 -5016.402968709818 -2982.849730784466 6443.820194338092 1554.716124470449
 -5018.977923266052 -2977.783775745662 6440.71503300968 1555.280267566299
 -4995.481974685797 -3013.580273584622 6421.426943216164 1586.9186807269
 -5017.992783309098 -2982.11731898659 6447.003229202737 1552.775801152004
 -5017.386015084709 -2983.316471322473 6447.472876341988 1552.505493733531
 -5017.386015084709 -2983.316471322473 6447.472876341988 1552.505493733531
 -5017.992783309098 -2982.11731898659 6447.003229202737 1552.775801152004
 -5018.752197233228 -2977.507678778612 6440.84911431754 1554.994074021415
 -4995.481974685797 -3013.580273584622 6421.426943216164 1586.9186807269
 -5017.386015084709 -2983.316471322473 6447.472876341988 1552.505493733531
 -5018.918250642867 -2977.733377948373 6440.598603785598 1555.17126687154
 -5017.992783309098 -2982.11731898659 6447.003229202737 1552.775801152004
 -5017.41619821644 -2983.316304978028 6447.509301260948 1552.482218116685
 -4995.481974685797 -3013.580273584622 6421.426943216164 1586.9186807269
 -5017.364251005478 -2983.313326646901 6447.504496477781 1552.457711808119
 -4992.056256948691 -3008.909652154612 6415.062258825402 1585.170137304868
 -5016.376615240914 -2982.69199037718 6443.818254701167 1554.632604343973
 -5017.386015084709 -2983.316471322473 6447.472876341988 1552.505493733531
 -5017.874140726655 -2982.425357829012 6446.777746766499 1552.499014347556
 -4993.1068250101 -3008.417033474075 6415.02585129796 1585.788450883973
 -5016.376615240914 -2982.69199037718 6443.818254701167 1554.632604343973
 -5018.977923266052 -2977.783775745662 6440.71503300968 1555.280267566299
 -4995.481974685797 -3013.580273584622 6421.426943216164 1586.9186807269
 -5017.386015084709 -2983.316471322473 6447.472876341988 1552.505493733531
 -5017.386015084709 -2983.316471322473 6447.472876341988 1552.505493733531
 -4995.175297514254 -3013.823092527477 6421.292576340182 1587.039539132592
 -5016.376615240914 -2982.69199037718 6443.818254701167 1554.632604343973
 -5018.977923266052 -2977.783775745662 6440.71503300968 1555.280267566299
 -5017.386015084709 -2983.316471322473 6447.472876341988 1552.505493733531
 -5018.384171280322 -2981.619416919963 6446.258519582617 1553.036326318687
 -4993.110909269757 -3008.428462574816 6414.971054056014 1585.857993066794
 -5017.386015084709 -2983.316471322473 6447.472876341988 1552.505493733531
 -4993.110909269757 -3008.428462574816 6414.971054056014 1585.857993066794
 -5018.260260405223 -2982.218683954126 6446.959692836903 1552.857905645661
 -5017.364251005478 -2983.313326646901 6447.504496477781 1552.457711808119
 -5017.386015084709 -2983.316471322473 6447.472876341988 1552.505493733531
 -5016.402968709818 -2982.849730784466 6443.820194338092 1554.716124470449
 -5017.386015084709 -2983.316471322473 6447.472876341988 1552.505493733531
 -4993.097295944331 -3008.443429702868 6415.067785797416 1585.82115812218
 -4993.1068250101 -3008.417033474075 6415.02585129796 1585.788450883973
 -5016.376615240914 -2982.69199037718 6443.818254701167 1554.632604343973
 -5017.996617869952 -2982.107790484234 6446.973640270677 1552.748341283317
 -5018.349711842359 -2981.414555068454 6446.425852493622 1552.970765382901
 -4992.61992016664 -3008.349198596749 6415.937798119427 1585.050900444614
 -4995.593776602237 -3005.487696028857 6419.087835402071 1581.589833415496
 -5017.386015084709 -2983.316471322473 6447.472876341988 1552.505493733531
 -5017.386015084709 -2983.316471322473 6447.472876341988 1552.505493733531
 -5018.186015511288 -2982.305199393223 6446.925383767769 1552.90678064555
 -4993.1068250101 -3008.417033474075 6415.02585129796 1585.788450883973
