# Created by Octave 4.2.1, Mon Oct 09 19:29:02 2017 BRT <root@mosqueiro>
# name: pop
# type: matrix
# rows: 1000
# columns: 4
 8812.641858770359 9699.292106296221 -9763.521528379459 -8748.360427225507
 8817.739119680766 9702.253539519397 -9756.456742992004 -8763.046504458114
 8816.19990571794 9711.014861572821 -9753.81764537735 -8772.860665054008
 8816.19990571794 9711.014861572821 -9753.81764537735 -8772.860665054008
 8816.19990571794 9711.014861572821 -9753.81764537735 -8772.860665054008
 11810.35199935318 15722.03342205332 -15416.55075104927 -10981.20775836413
 8816.19990571794 9711.014861572821 -9753.81764537735 -8772.860665054008
 8859.722995447715 9610.665130783051 -9668.173892285931 -8789.072782198587
 9106.584446026909 9456.929392796559 -9609.541454578521 -9119.722467809906
 8816.19990571794 9711.014861572821 -9753.81764537735 -8772.860665054008
 9554.824089560852 9669.104017654754 -10732.33329994466 -8580.305611878075
 8816.19990571794 9711.014861572821 -9753.81764537735 -8772.860665054008
 8816.19990571794 9711.014861572821 -9753.81764537735 -8772.860665054008
 7640.788041094163 9302.342355524357 -9914.686582816084 -7008.475017863816
 8816.19990571794 9711.014861572821 -9753.81764537735 -8772.860665054008
 8802.335188947311 9596.892366893979 -9686.189747575223 -8708.920478048085
 8816.19990571794 9711.014861572821 -9753.81764537735 -8772.860665054008
 8816.19990571794 9711.014861572821 -9753.81764537735 -8772.860665054008
 13652.58740496186 8286.130017590918 -11046.25438070835 -7875.784474497884
 7651.05891425096 9258.390949571734 -9751.237579665438 -7146.113660172655
 9322.135339954089 9170.790106041663 -9878.286693508209 -8607.100346068813
 7582.108346714813 9155.940186144044 -9617.951859958299 -7108.606538188813
 8816.19990571794 9711.014861572821 -9753.81764537735 -8772.860665054008
 8816.19990571794 9711.014861572821 -9753.81764537735 -8772.860665054008
 8863.011944362079 9619.518382542923 -9660.198134271894 -8784.315095995502
 9366.190073620453 9157.937408124775 -9193.000352302441 -8472.610048206368
 8816.19990571794 9711.014861572821 -9753.81764537735 -8772.860665054008
 8816.361133734006 9741.385722739054 -9768.729352593249 -8760.230128593439
 8910.885411942249 9622.807095936749 -9653.079171963944 -8796.915645431585
 8859.722995447715 9610.665130783051 -9668.173892285931 -8789.072782198587
 8720.04575118411 9613.346605171837 -9816.459395448543 -8763.131341982013
 9562.976500713237 9643.602346943786 -10644.15316009944 -8559.605582039963
 8816.19990571794 9711.014861572821 -9753.81764537735 -8772.860665054008
 8859.722995447715 9610.665130783051 -9668.173892285931 -8789.072782198587
 5721.253869901795 19482.41124163529 -11305.88259674079 -5836.085884249555
 8825.563507473931 8475.847206883489 -7853.464631485994 -9536.792232233296
 8880.779105275127 9562.562780574115 -9647.412531094507 -8759.679046888434
 9175.032812665759 9643.657998420935 -9910.302566044891 -8858.362815684684
 7630.114917654178 9219.113245633709 -9719.4164081287 -7169.684621021213
 8801.508344672451 9702.011419013184 -9734.353726742933 -8810.515333615784
 8816.19990571794 9711.014861572821 -9753.81764537735 -8772.860665054008
 8818.113492150273 9718.446659848736 -9741.716665052874 -8770.73920391966
 8859.722995447715 9610.665130783051 -9668.173892285931 -8789.072782198587
 9059.944883768776 9522.300576208965 -9649.159397893398 -8907.775337320229
 8792.069736273028 9669.704446587901 -9759.75453406055 -8788.046651272805
 7640.488290932592 9248.378770208921 -9726.122130328684 -7152.673261618307
 8819.79375388868 9644.363756047842 -9458.940630098015 -9003.656987312273
 7640.488290932592 9248.378770208921 -9726.122130328684 -7152.673261618307
 8812.641858770359 9699.292106296221 -9763.521528379459 -8748.360427225507
 8816.19990571794 9711.014861572821 -9753.81764537735 -8772.860665054008
 8816.19990571794 9711.014861572821 -9753.81764537735 -8772.860665054008
 8816.19990571794 9711.014861572821 -9753.81764537735 -8772.860665054008
 8816.19990571794 9711.014861572821 -9753.81764537735 -8772.860665054008
 8816.19990571794 9711.014861572821 -9753.81764537735 -8772.860665054008
 8859.722995447715 9610.665130783051 -9668.173892285931 -8789.072782198587
 8988.687047818374 9767.424875746678 -9683.171891225014 -8840.370030528577
 8816.19990571794 9711.014861572821 -9753.81764537735 -8772.860665054008
 8816.19990571794 9711.014861572821 -9753.81764537735 -8772.860665054008
 8859.722995447715 9610.665130783051 -9668.173892285931 -8789.072782198587
 8816.19990571794 9711.014861572821 -9753.81764537735 -8772.860665054008
 8816.19990571794 9711.014861572821 -9753.81764537735 -8772.860665054008
 9539.341676561573 9677.781208771985 -10652.92699411121 -8524.614865402633
 7632.649552770185 9271.929732412445 -9708.891510295709 -7127.416891619228
 8859.722995447715 9610.665130783051 -9668.173892285931 -8789.072782198587
 8816.19990571794 9711.014861572821 -9753.81764537735 -8772.860665054008
 8855.993281474863 9606.338820177139 -9668.237358087823 -8812.987262238297
 8859.722995447715 9610.665130783051 -9668.173892285931 -8789.072782198587
 8816.19990571794 9711.014861572821 -9753.81764537735 -8772.860665054008
 8816.19990571794 9711.014861572821 -9753.81764537735 -8772.860665054008
 8816.19990571794 9711.014861572821 -9753.81764537735 -8772.860665054008
 8859.722995447715 9610.665130783051 -9668.173892285931 -8789.072782198587
 7640.488290932592 9248.378770208921 -9726.122130328684 -7152.673261618307
 8859.722995447715 9610.665130783051 -9668.173892285931 -8789.072782198587
 8816.19990571794 9711.014861572821 -9753.81764537735 -8772.860665054008
 8859.722995447715 9610.665130783051 -9668.173892285931 -8789.072782198587
 11515.54102930066 15430.29851673582 -15163.36771138904 -11164.54894003365
 8816.19990571794 9711.014861572821 -9753.81764537735 -8772.860665054008
 8816.19990571794 9711.014861572821 -9753.81764537735 -8772.860665054008
 8816.19990571794 9711.014861572821 -9753.81764537735 -8772.860665054008
 8779.270114310619 9587.709193651413 -9626.120373049611 -8679.02925737342
 8859.722995447715 9610.665130783051 -9668.173892285931 -8789.072782198587
 8884.544972025991 9812.927923903888 -10116.29278029583 -8734.380013021228
 8816.19990571794 9711.014861572821 -9753.81764537735 -8772.860665054008
 8816.19990571794 9711.014861572821 -9753.81764537735 -8772.860665054008
 8859.722995447715 9610.665130783051 -9668.173892285931 -8789.072782198587
 8771.792766522283 9663.163927921109 -9817.502767973636 -8616.778329914701
 8859.722995447715 9610.665130783051 -9668.173892285931 -8789.072782198587
 8816.19990571794 9711.014861572821 -9753.81764537735 -8772.860665054008
 9008.995684239382 9621.813290260287 -9625.922456483138 -8924.714103755592
 8808.659156985983 9569.312419458813 -9674.703302025169 -8822.382030997249
 9562.976500713237 9643.602346943786 -10644.15316009944 -8559.605582039963
 8816.19990571794 9711.014861572821 -9753.81764537735 -8772.860665054008
 8820.050004501709 9584.060304277422 -9677.595351790291 -8813.987524156368
 8850.346427978138 9584.609096294702 -9668.558783287401 -8799.070952444605
 8859.722995447715 9610.665130783051 -9668.173892285931 -8789.072782198587
 7712.394556578825 9258.670503971076 -9761.983957865425 -7121.081675846678
 8831.820033376818 9616.547692538084 -9744.500484198375 -8754.775119317572
 8859.722995447715 9610.665130783051 -9668.173892285931 -8789.072782198587
 8816.19990571794 9711.014861572821 -9753.81764537735 -8772.860665054008
 9052.48602238708 9710.615490614877 -9715.026916442494 -8801.752173910723
 8821.97645841723 9610.4113380698 -9632.031747129902 -8688.32495647736
 8816.19990571794 9711.014861572821 -9753.81764537735 -8772.860665054008
 8890.820872896076 9452.107272978583 -8647.772783288392 -8312.512444581913
 8816.19990571794 9711.014861572821 -9753.81764537735 -8772.860665054008
 8816.19990571794 9711.014861572821 -9753.81764537735 -8772.860665054008
 8812.641858770359 9699.292106296221 -9763.521528379459 -8748.360427225507
