# Created by Octave 4.2.1, Mon Oct 09 19:32:28 2017 BRT <root@mosqueiro>
# name: pop
# type: matrix
# rows: 1000
# columns: 4
 -7388.118906136311 -1280.759136014043 4066.935166573163 4616.641127117166
 -7388.118906136311 -1280.759136014043 4066.935166573163 4616.641127117166
 -7388.118906136311 -1280.759136014043 4066.935166573163 4616.641127117166
 -7388.118906136311 -1280.759136014043 4066.935166573163 4616.641127117166
 -7388.118906136311 -1280.759136014043 4066.935166573163 4616.641127117166
 933.7849641806188 -1585.244334655654 -5302.990739184768 -7612.435093651646
 -7388.118906136311 -1280.759136014043 4066.935166573163 4616.641127117166
 20156.17161352775 26141.53769209112 -17786.10078398551 19454.62908997054
 -5132.337493617341 2654.205456859112 9827.776415787281 9808.161916526293
 -6774.700075250092 5304.115827494727 5179.26680273604 4889.196316933419
 8421.547090106174 2967.110606595237 3061.793042354699 6754.986562301729
 75.76197062731626 6751.932160931705 -3548.999195993178 -3320.78911628762
 -2288.039621187102 -3465.989952768595 -1084.504951172657 6975.058445060116
 6616.298577807556 1977.663346117961 -196.5399943247667 -9184.03220181972
 9103.693691559816 4069.752061923737 -2894.384379288576 -9369.207053322145
 5996.407301333651 -596.1290489717776 9431.887463589403 -310.3674658236905
 -23024.45507152338 18046.05745735668 8153.161839654101 842.7025677940592
 7895.033586961941 3462.105645859967 -421.3489680646198 -4911.071199982021
 7013.861507318947 -1429.911776446261 -8034.198887373533 2543.673230246777
 895.8019722295376 8662.389129293555 6884.199532752489 -6407.877661615419
 442.8010328004821 -6247.377973798235 -955.7659141660915 -9561.198421190949
 -7388.118906136311 -1280.759136014043 4066.935166573163 4616.641127117166
 9653.890043311589 -9857.743545230886 -954.2476127458831 8208.892350417253
 2872.407516375054 -25991.58579939657 23432.09967441687 59.34741606828993
 -4009.303668933243 1161.832858475267 -3757.256039700735 6687.453250693983
 7421.435066776237 6049.652562100498 -9082.532308281421 -4314.854421889963
 7013.861507318947 -1429.911776446261 -8034.198887373533 2543.673230246777
 5665.957025942091 -6669.167170476619 -8083.513763901535 9141.218503855016
 -5799.623384079816 -714.4837949446955 9190.177628083111 5116.566841102176
 4259.307014777698 -9996.802094517572 9775.338593632547 -6904.316991418196
 -7540.835957764486 -7859.128293574459 9147.534767052453 7602.471693612359
 5236.202269666472 1697.178267528445 3906.170269660681 7195.108383777711
 1647.097936088445 -1517.79471211977 3711.561400316135 -2037.8468877136
 9501.59678439247 -9746.512160671406 5530.527025332425 -1605.358131070481
 -1763.57823216245 3645.012284424094 1291.006327268764 -3124.54256094668
 -4713.51099699134 3370.85183642186 -3049.561230836081 5850.395671013453
 5210.65949258291 4877.823845917077 -4896.001881448847 586.8227051656158
 -6172.938740567545 -1691.982658963821 9839.249489411162 -9591.812301886628
 -2155.650083260948 -1533.605778143463 -1259.69747495507 7877.513644554918
 -7388.118906136311 -1280.759136014043 4066.935166573163 4616.641127117166
 -8384.520361187684 20127.0464465803 22704.6185895405 -12975.24029706182
 -7388.118906136311 -1280.759136014043 4066.935166573163 4616.641127117166
 4226.86088977398 6844.774800451432 -8973.274680835561 857.737670849503
 25.562670777932 3404.317870518438 9.865814033702918 -562.3361451447545
 7421.435066776237 6049.652562100498 -9082.532308281421 -4314.854421889963
 6745.157379977994 2282.486858881524 804.3255503367618 2693.657605320313
 -3043.385262205941 -4403.568181800043 7315.804291565408 7252.683037424344
 -1763.57823216245 3645.012284424094 1291.006327268764 -3124.54256094668
 -7388.118906136311 -1280.759136014043 4066.935166573163 4616.641127117166
 6655.670174687773 3525.279995825689 -9897.15988871375 5659.191564226292
 -7388.118906136311 -1280.759136014043 4066.935166573163 4616.641127117166
 -34828.86498796925 -5465.645036386525 -5587.001163078533 -3933.175461618545
 -698.297407293634 18.18626885966842 -6191.81178318095 8501.96821331387
 4753.227830770213 -4995.905835403792 571.5331402224492 -4154.834315269152
 -842.7602132885986 9262.184705108761 8034.877877039424 8713.775147900484
 8194.133916980361 681.1494209602388 306.9715039212315 -9711.270051681737
 -3298.321702374359 8496.716601806467 -285.1392222139384 -866.6404503915674
 8647.853734023192 -5863.481407795722 4927.626498868862 -7671.9267587524
 -9222.383714861075 -3077.477041235078 1790.569872364533 -2207.535711783001
 9039.04140554554 -8266.744105598847 -8515.012726523335 8228.963975194169
 569.9512032221701 6990.955743542487 -8518.798138416605 3121.478644984671
 -7388.118906136311 -1280.759136014043 4066.935166573163 4616.641127117166
 9754.850708893289 -8697.887375068951 -1783.561012478309 5122.589240520838
 -8496.657574643486 2882.029739881298 5414.835180475968 2172.405180884558
 -7388.118906136311 -1280.759136014043 4066.935166573163 4616.641127117166
 7421.435066776237 6049.652562100498 -9082.532308281421 -4314.854421889963
 8647.853734023192 -5863.481407795722 4927.626498868862 -7671.9267587524
 3657.357788248893 -5995.821204914731 588.7870268054394 -362.4160957864915
 -8475.033654075227 2401.214629123297 -9696.270774350856 -8234.695466156531
 -29113.68731366235 -9837.760855972254 -8033.718980998645 25968.33758575434
 13884.95979832556 1730.488334381278 40054.81552306061 -8762.901283116133
 -3244.010225767556 6358.458994276833 -3849.344370733457 1964.033037810952
 -7388.118906136311 -1280.759136014043 4066.935166573163 4616.641127117166
 -38482.94857687215 -33653.69864336283 25676.44260648241 44101.05934893485
 -1763.57823216245 3645.012284424094 1291.006327268764 -3124.54256094668
 -8618.19829303653 9312.163379217051 4321.057408120214 -2558.836800800087
 7013.861507318947 -1429.911776446261 -8034.198887373533 2543.673230246777
 3480.868102141305 658.9325468580701 -8619.992375591697 4591.361852430673
 -7388.118906136311 -1280.759136014043 4066.935166573163 4616.641127117166
 7421.435066776237 6049.652562100498 -9082.532308281421 -4314.854421889963
 -7388.118906136311 -1280.759136014043 4066.935166573163 4616.641127117166
 8647.853734023192 -5863.481407795722 4927.626498868862 -7671.9267587524
 -2288.039621187102 -3465.989952768595 -1084.504951172657 6975.058445060116
 -2868.479730499477 8047.51630484702 -1880.37972389672 1318.392219621968
 -3789.172663731105 -3213.907444638241 8609.718592347723 -1446.805023736211
 6025.024886722311 6291.563950061638 8806.122806081745 483.8407542531895
 -7388.118906136311 -1280.759136014043 4066.935166573163 4616.641127117166
 3399.070315192073 -3204.5239746978 9226.507238796141 -9385.367300209158
 -1763.57823216245 3645.012284424094 1291.006327268764 -3124.54256094668
 890.9955953598364 6465.175779555171 -5238.466092169466 1490.297247232636
 7014.421145967324 5297.239276701956 -1506.986047188908 5831.228115762407
 9244.424779555393 -5146.813645975846 1555.024963732241 1755.914565356723
 6033.254499649283 -5321.594359615979 402.197170494308 -1139.774645366795
 223.3222154801661 -2171.03267045523 -1149.299622229426 8396.084897832847
 -4009.303668933243 1161.832858475267 -3757.256039700735 6687.453250693983
 7421.435066776237 6049.652562100498 -9082.532308281421 -4314.854421889963
 -1763.57823216245 3645.012284424094 1291.006327268764 -3124.54256094668
 3399.070315192073 -3204.5239746978 9226.507238796141 -9385.367300209158
 5665.957025942091 -6669.167170476619 -8083.513763901535 9141.218503855016
 1930.988179611721 6904.913227171241 8415.167199086303 -2932.257315290871
 6274.340452706785 -4769.818941409207 -2135.589014935068 2695.385807971921
 9039.04140554554 -8266.744105598847 -8515.012726523335 8228.963975194169
 3399.070315192073 -3204.5239746978 9226.507238796141 -9385.367300209158
 5665.957025942091 -6669.167170476619 -8083.513763901535 9141.218503855016
 -9434.474512432724 3480.825710420831 7848.441889860365 8866.774349441996
