# Created by Octave 4.2.1, Mon Oct 09 19:10:30 2017 BRT <root@mosqueiro>
# name: pop
# type: matrix
# rows: 1000
# columns: 4
 -10164.79122653997 14174.87826954975 12418.56867473054 -16429.68000163314
 -10024.08591278262 14101.06301916437 12463.60675321947 -16541.59677978302
 -10021.12236635006 14097.34448251227 12463.4423322617 -16540.65474262651
 -10022.30878808644 14099.36283349158 12462.62530998718 -16540.61623986461
 -10022.30878808644 14099.36283349158 12462.62530998718 -16540.61623986461
 -9001.621943478576 13652.32301131315 12008.87891197006 -16662.97319280828
 -10022.30878808644 14099.36283349158 12462.62530998718 -16540.61623986461
 -10022.30878808644 14099.36283349158 12462.62530998718 -16540.61623986461
 -8997.480816536225 13655.60719147824 12013.31500166485 -16664.49924841844
 -10164.79122653997 14174.87826954975 12418.56867473054 -16429.68000163314
 -9010.134608070324 13605.15723895362 11996.56349791217 -16761.24395523867
 -10023.88002354847 14097.80501614449 12459.81643794954 -16542.30005041841
 -10022.30878808644 14099.36283349158 12462.62530998718 -16540.61623986461
 -8996.25273129288 13652.89041431068 12020.12552345704 -16673.82760252731
 -10022.30878808644 14099.36283349158 12462.62530998718 -16540.61623986461
 -10022.30878808644 14099.36283349158 12462.62530998718 -16540.61623986461
 -10022.30878808644 14099.36283349158 12462.62530998718 -16540.61623986461
 -10022.31753509824 14100.48468880466 12463.26289632261 -16542.01271718446
 -10161.93091407299 14175.37904119038 12415.92422180035 -16429.77219265509
 -10022.30878808644 14099.36283349158 12462.62530998718 -16540.61623986461
 -10022.30878808644 14099.36283349158 12462.62530998718 -16540.61623986461
 -10069.17122531588 14054.40057356214 12473.15442806913 -16455.27734600434
 -10022.30878808644 14099.36283349158 12462.62530998718 -16540.61623986461
 -10022.30878808644 14099.36283349158 12462.62530998718 -16540.61623986461
 -10027.22462866144 14088.43184151351 12463.06603759594 -16539.23130563625
 -10022.30878808644 14099.36283349158 12462.62530998718 -16540.61623986461
 -10021.31975989689 14099.32807109349 12461.99632556789 -16542.37807927801
 -8997.480816536225 13655.60719147824 12013.31500166485 -16664.49924841844
 -10020.76695917442 14097.73458440458 12462.88418559163 -16540.51450235969
 -10025.21058338625 14099.19236507229 12461.86785174292 -16539.23685435524
 -10022.30878808644 14099.36283349158 12462.62530998718 -16540.61623986461
 -10022.30878808644 14099.36283349158 12462.62530998718 -16540.61623986461
 -9019.867117204019 13732.27411438352 11937.4247819585 -16647.81006366348
 -10022.37092653827 14099.53239461069 12462.38297079351 -16539.29492365772
 -10022.30878808644 14099.36283349158 12462.62530998718 -16540.61623986461
 -10022.30878808644 14099.36283349158 12462.62530998718 -16540.61623986461
 -10021.28779183762 14098.62081744629 12463.68745997328 -16541.25639199186
 -10022.30878808644 14099.36283349158 12462.62530998718 -16540.61623986461
 -10022.30878808644 14099.36283349158 12462.62530998718 -16540.61623986461
 -9771.536160117083 14375.05091689431 12501.58265781902 -17640.36307384463
 -10022.30878808644 14099.36283349158 12462.62530998718 -16540.61623986461
 -10072.51558449991 14053.71123005956 12481.32220771988 -16454.53382044817
 -10021.92266385793 14099.70699707115 12460.63368382544 -16540.84020876642
 -10020.67746978845 14098.62137041251 12461.91939375921 -16541.01156475502
 -10022.30878808644 14099.36283349158 12462.62530998718 -16540.61623986461
 -10069.17122531588 14054.40057356214 12473.15442806913 -16455.27734600434
 -9017.856736512116 13730.87493084397 11935.80935095326 -16647.17914900403
 -10068.32531525757 14056.7273021931 12474.01162592904 -16456.12784049151
 -10022.30878808644 14099.36283349158 12462.62530998718 -16540.61623986461
 -10020.76695917442 14097.73458440458 12462.88418559163 -16540.51450235969
 -9019.867117204019 13732.27411438352 11937.4247819585 -16647.81006366348
 -10070.37725946108 14051.17499420859 12480.98634854767 -16453.85469837294
 -10058.3397796169 14063.59115393487 12462.15554529087 -16448.6068885093
 -10003.66883950209 14038.56304790793 12457.08300642735 -16489.95639306137
 -10069.17122531588 14054.40057356214 12473.15442806913 -16455.27734600434
 -10066.7654563078 14051.00984305285 12469.32648654529 -16454.19686246351
 -10022.30878808644 14099.36283349158 12462.62530998718 -16540.61623986461
 -10069.17122531588 14054.40057356214 12473.15442806913 -16455.27734600434
 -10022.30878808644 14099.36283349158 12462.62530998718 -16540.61623986461
 -10022.30878808644 14099.36283349158 12462.62530998718 -16540.61623986461
 -10022.05866730424 14101.01359274465 12461.92002138367 -16539.12429989798
 -10164.79122653997 14174.87826954975 12418.56867473054 -16429.68000163314
 -10022.30878808644 14099.36283349158 12462.62530998718 -16540.61623986461
 -10069.17122531588 14054.40057356214 12473.15442806913 -16455.27734600434
 -10067.56480052094 14053.28463590113 12475.34702009625 -16456.43872760722
 -10022.30878808644 14099.36283349158 12462.62530998718 -16540.61623986461
 -10022.30878808644 14099.36283349158 12462.62530998718 -16540.61623986461
 -10069.17122531588 14054.40057356214 12473.15442806913 -16455.27734600434
 -10069.17122531588 14054.40057356214 12473.15442806913 -16455.27734600434
 -10069.73539185307 14059.0506800638 12499.17708838497 -16439.18775541299
 -10022.30878808644 14099.36283349158 12462.62530998718 -16540.61623986461
 -10022.30878808644 14099.36283349158 12462.62530998718 -16540.61623986461
 -9008.992522734017 13649.8267573929 12018.58211897057 -16658.8615969276
 -10048.61220644436 14039.97625979924 12481.17570120893 -16472.58727269181
 -10020.28277753342 14098.87091187042 12463.23097095416 -16540.79859521273
 -10018.25381881631 14099.70493026079 12461.59906620324 -16541.09982761869
 -10022.30878808644 14099.36283349158 12462.62530998718 -16540.61623986461
 -10022.30878808644 14099.36283349158 12462.62530998718 -16540.61623986461
 -10022.30878808644 14099.36283349158 12462.62530998718 -16540.61623986461
 -10048.61220644436 14039.97625979924 12481.17570120893 -16472.58727269181
 -10022.30878808644 14099.36283349158 12462.62530998718 -16540.61623986461
 -10072.96918199217 14024.51872844923 12453.88724110368 -16469.68736530723
 -10068.7965255174 14054.60359597233 12475.14012823104 -16454.8205593326
 -10074.87669713056 14051.27188897644 12476.27371420431 -16448.10260863226
 -10022.30878808644 14099.36283349158 12462.62530998718 -16540.61623986461
 -10069.17122531588 14054.40057356214 12473.15442806913 -16455.27734600434
 -9019.867117204019 13732.27411438352 11937.4247819585 -16647.81006366348
 -10022.30878808644 14099.36283349158 12462.62530998718 -16540.61623986461
 -10022.30878808644 14099.36283349158 12462.62530998718 -16540.61623986461
 -10022.30878808644 14099.36283349158 12462.62530998718 -16540.61623986461
 -9019.867117204019 13732.27411438352 11937.4247819585 -16647.81006366348
 -10022.30878808644 14099.36283349158 12462.62530998718 -16540.61623986461
 -10022.30878808644 14099.36283349158 12462.62530998718 -16540.61623986461
 -10069.17122531588 14054.40057356214 12473.15442806913 -16455.27734600434
 -10063.75766543196 14058.24241209535 12474.72030316133 -16453.59045841554
 -10069.17122531588 14054.40057356214 12473.15442806913 -16455.27734600434
 -10022.30878808644 14099.36283349158 12462.62530998718 -16540.61623986461
 -10164.79122653997 14174.87826954975 12418.56867473054 -16429.68000163314
 -10069.17122531588 14054.40057356214 12473.15442806913 -16455.27734600434
 -10003.66883950209 14038.56304790793 12457.08300642735 -16489.95639306137
 -10022.30878808644 14099.36283349158 12462.62530998718 -16540.61623986461
 -10022.30878808644 14099.36283349158 12462.62530998718 -16540.61623986461
 -10062.20245589702 14061.622113854 12465.12284154289 -16454.72198861668
 -10022.30878808644 14099.36283349158 12462.62530998718 -16540.61623986461
 -9020.976958008254 13641.73816864624 11861.65578274838 -16683.41409202486
