# Created by Octave 4.2.1, Mon Oct 09 19:11:48 2017 BRT <root@mosqueiro>
# name: pop
# type: matrix
# rows: 1000
# columns: 4
 -10022.45988361597 14099.83409433078 12462.01993467859 -16540.3941432698
 -10022.28276671218 14099.34043190752 12462.60399578985 -16540.69133983052
 -10022.28276671218 14099.34043190752 12462.60399578985 -16540.69133983052
 -10022.28276671218 14099.34043190752 12462.60399578985 -16540.69133983052
 -10022.28276671218 14099.34043190752 12462.60399578985 -16540.69133983052
 -10022.16560683234 14099.40866477098 12462.86370086159 -16540.53292755697
 -10022.28276671218 14099.34043190752 12462.60399578985 -16540.69133983052
 -10164.77968490675 14174.86712576162 12418.57267022248 -16429.67614618992
 -10022.47472060539 14099.81185897638 12462.0181800105 -16540.38470660057
 -10164.79122653997 14174.87826954975 12418.56867473054 -16429.68000163314
 -10022.30216148924 14099.35197105047 12462.54273699436 -16540.62202740841
 -10022.47472060539 14099.81185897638 12462.0181800105 -16540.38470660057
 -10022.27914970894 14099.3533427941 12462.60835438324 -16540.68385173252
 -10022.28276671218 14099.34043190752 12462.60399578985 -16540.69133983052
 -10164.79122653997 14174.87826954975 12418.56867473054 -16429.68000163314
 -10022.30878808644 14099.36283349158 12462.62530998718 -16540.61623986461
 -10022.47472060539 14099.81185897638 12462.0181800105 -16540.38470660057
 -10022.28907461233 14099.3602168065 12462.62251558515 -16540.62112668684
 -10022.30878808644 14099.36283349158 12462.62530998718 -16540.61623986461
 -10022.28276671218 14099.34043190752 12462.60399578985 -16540.69133983052
 -10164.79122653997 14174.87826954975 12418.56867473054 -16429.68000163314
 -10022.47472060539 14099.81185897638 12462.0181800105 -16540.38470660057
 -10022.30878808644 14099.36283349158 12462.62530998718 -16540.61623986461
 -10164.79122653997 14174.87826954975 12418.56867473054 -16429.68000163314
 -10069.43082961423 14054.59472736418 12473.61821280824 -16454.87073122323
 -10164.79122653997 14174.87826954975 12418.56867473054 -16429.68000163314
 -10022.28276671218 14099.34043190752 12462.60399578985 -16540.69133983052
 -10022.30878808644 14099.36283349158 12462.62530998718 -16540.61623986461
 -10022.47472060539 14099.81185897638 12462.0181800105 -16540.38470660057
 -10131.25450311155 14022.84736258656 12399.9743027422 -16456.7177025336
 -10022.28276671218 14099.34043190752 12462.60399578985 -16540.69133983052
 -10022.28276671218 14099.34043190752 12462.60399578985 -16540.69133983052
 -10164.79122653997 14174.87826954975 12418.56867473054 -16429.68000163314
 -10164.79122653997 14174.87826954975 12418.56867473054 -16429.68000163314
 -10022.30878808644 14099.36283349158 12462.62530998718 -16540.61623986461
 -10164.79122653997 14174.87826954975 12418.56867473054 -16429.68000163314
 -10022.42724048796 14099.79708551342 12462.06183542623 -16540.37748022956
 -10024.10596878358 14101.08589331326 12463.6109219835 -16541.60547858184
 -10135.92084025296 14025.11457398047 12451.80951089849 -16529.14838163894
 -10022.30216148924 14099.35197105047 12462.54273699436 -16540.62202740841
 -10024.08591278262 14101.06301916437 12463.60675321947 -16541.59677978302
 -10022.30878808644 14099.36283349158 12462.62530998718 -16540.61623986461
 -10022.29869955617 14099.11566966029 12462.80366293701 -16540.64545734679
 -10022.28276671218 14099.34043190752 12462.60399578985 -16540.69133983052
 -10022.46920616162 14099.800491284 12462.02901931886 -16540.39525567961
 -10022.28276671218 14099.34043190752 12462.60399578985 -16540.69133983052
 -10164.78295692717 14174.55216800177 12418.92401802078 -16429.71896437687
 -10021.09509436831 14097.38033137295 12463.37299762969 -16540.67044553531
 -10022.47472060539 14099.81185897638 12462.0181800105 -16540.38470660057
 -10164.81056963471 14174.8875235245 12418.58459712775 -16429.67267565184
 -10022.45924829532 14099.80775203461 12462.01023051164 -16540.40805702099
 -10131.50668019345 14022.68160434494 12399.96143370865 -16456.53492466216
 -10022.26506638387 14099.60958767365 12462.0904412198 -16540.62219880899
 -10022.30693706529 14099.30595656955 12462.66009731542 -16540.69156200993
 -10164.79122653997 14174.87826954975 12418.56867473054 -16429.68000163314
 -10164.79122653997 14174.87826954975 12418.56867473054 -16429.68000163314
 -10022.3146452514 14099.35148127747 12462.63725368606 -16540.6211258504
 -10022.28276671218 14099.34043190752 12462.60399578985 -16540.69133983052
 -10164.79122653997 14174.87826954975 12418.56867473054 -16429.68000163314
 -10022.30878808644 14099.36283349158 12462.62530998718 -16540.61623986461
 -10022.47472060539 14099.81185897638 12462.0181800105 -16540.38470660057
 -10021.28360925849 14097.24733971778 12463.16512746766 -16540.41075042899
 -10022.47472060539 14099.81185897638 12462.0181800105 -16540.38470660057
 -10048.60375101777 14039.97749327948 12481.18636575627 -16472.59880236073
 -10022.42422800928 14099.83801130731 12461.96064561938 -16540.38576579049
 -10022.48019738004 14099.81462961855 12462.02804258938 -16540.41052682665
 -10164.79122653997 14174.87826954975 12418.56867473054 -16429.68000163314
 -10022.36759868 14099.33765945888 12462.6467982853 -16540.58835128601
 -10022.47472060539 14099.81185897638 12462.0181800105 -16540.38470660057
 -10164.79122653997 14174.87826954975 12418.56867473054 -16429.68000163314
 -10022.4795164498 14099.80645159902 12462.00543380677 -16540.37312739309
 -10022.39889736067 14099.48433109156 12462.47727630789 -16540.80390005599
 -10022.28276671218 14099.34043190752 12462.60399578985 -16540.69133983052
 -10022.29510624879 14099.51661204608 12462.73337752254 -16540.94692536719
 -10164.79122653997 14174.87826954975 12418.56867473054 -16429.68000163314
 -9019.86340114373 13732.12921666444 11937.22536727794 -16647.85767833082
 -10022.47472060539 14099.81185897638 12462.0181800105 -16540.38470660057
 -10022.28276671218 14099.34043190752 12462.60399578985 -16540.69133983052
 -10022.28276671218 14099.34043190752 12462.60399578985 -16540.69133983052
 -10164.79122653997 14174.87826954975 12418.56867473054 -16429.68000163314
 -10164.68451476231 14174.84374705988 12418.60574744309 -16429.65178756757
 -10022.31226308284 14099.30487922476 12462.63678709149 -16540.65899038577
 -10022.28276671218 14099.34043190752 12462.60399578985 -16540.69133983052
 -10022.46596886229 14099.80804020991 12462.01397179343 -16540.36762861095
 -10024.08591278262 14101.06301916437 12463.60675321947 -16541.59677978302
 -10164.79122653997 14174.87826954975 12418.56867473054 -16429.68000163314
 -10164.78295692717 14174.55216800177 12418.92401802078 -16429.71896437687
 -10021.09509436831 14097.38033137295 12463.37299762969 -16540.67044553531
 -10022.2997084428 14099.32055849701 12462.7234713333 -16540.72853624296
 -10022.28276671218 14099.34043190752 12462.60399578985 -16540.69133983052
 -10164.79122653997 14174.87826954975 12418.56867473054 -16429.68000163314
 -10022.30878808644 14099.36283349158 12462.62530998718 -16540.61623986461
 -10164.78295692717 14174.55216800177 12418.92401802078 -16429.71896437687
 -10022.47472060539 14099.81185897638 12462.0181800105 -16540.38470660057
 -10164.79122653997 14174.87826954975 12418.56867473054 -16429.68000163314
 -10022.47472060539 14099.81185897638 12462.0181800105 -16540.38470660057
 -10022.47472060539 14099.81185897638 12462.0181800105 -16540.38470660057
 -10022.28276671218 14099.34043190752 12462.60399578985 -16540.69133983052
 -10022.28276671218 14099.34043190752 12462.60399578985 -16540.69133983052
 -10022.47472060539 14099.81185897638 12462.0181800105 -16540.38470660057
 -10022.30878808644 14099.36283349158 12462.62530998718 -16540.61623986461
 -10164.79122653997 14174.87826954975 12418.56867473054 -16429.68000163314
 -10022.28276671218 14099.34043190752 12462.60399578985 -16540.69133983052
 -10022.47472060539 14099.81185897638 12462.0181800105 -16540.38470660057
 -10022.30216148924 14099.35197105047 12462.54273699436 -16540.62202740841
