# Created by Octave 4.2.1, Mon Oct 09 19:07:00 2017 BRT <root@mosqueiro>
# name: pop
# type: matrix
# rows: 1000
# columns: 4
 -8997.480816536225 13655.60719147824 12013.31500166485 -16664.49924841844
 -8997.480816536225 13655.60719147824 12013.31500166485 -16664.49924841844
 -8997.480816536225 13655.60719147824 12013.31500166485 -16664.49924841844
 -8997.480816536225 13655.60719147824 12013.31500166485 -16664.49924841844
 -8997.480816536225 13655.60719147824 12013.31500166485 -16664.49924841844
 -8997.480816536225 13655.60719147824 12013.31500166485 -16664.49924841844
 -7727.297518555817 16754.41082093623 10319.73261899302 -18095.80874804111
 -8997.480816536225 13655.60719147824 12013.31500166485 -16664.49924841844
 -12178.6819248005 16971.15277367856 10184.30899795506 -20699.76671716481
 -8997.480816536225 13655.60719147824 12013.31500166485 -16664.49924841844
 -4243.598068226682 7067.016909788136 7097.043182093308 -9455.580263433474
 425.9718212396269 874.0621582824897 5250.612387522156 -13134.00094578904
 -8997.480816536225 13655.60719147824 12013.31500166485 -16664.49924841844
 -8997.480816536225 13655.60719147824 12013.31500166485 -16664.49924841844
 -8997.480816536225 13655.60719147824 12013.31500166485 -16664.49924841844
 -8997.480816536225 13655.60719147824 12013.31500166485 -16664.49924841844
 -9159.448886624237 13465.92592375376 10529.05585435979 -15333.85548486673
 -8997.480816536225 13655.60719147824 12013.31500166485 -16664.49924841844
 -8997.480816536225 13655.60719147824 12013.31500166485 -16664.49924841844
 -8997.480816536225 13655.60719147824 12013.31500166485 -16664.49924841844
 -10952.19258346757 11440.53601274842 14220.08264887832 -14136.56467627906
 -8997.480816536225 13655.60719147824 12013.31500166485 -16664.49924841844
 -8997.480816536225 13655.60719147824 12013.31500166485 -16664.49924841844
 -3242.063772885232 5110.64106222893 5558.902254626702 -7417.344606165118
 -8997.480816536225 13655.60719147824 12013.31500166485 -16664.49924841844
 -8997.480816536225 13655.60719147824 12013.31500166485 -16664.49924841844
 -8997.480816536225 13655.60719147824 12013.31500166485 -16664.49924841844
 -9380.447889392766 14494.59395564898 13769.23756214709 -14608.75618448849
 -2932.025719671922 6437.271493626737 6334.144872386543 -7693.099361484717
 -771.0402126043537 -3473.387919318313 10187.1449393256 -6930.877512400523
 -8997.480816536225 13655.60719147824 12013.31500166485 -16664.49924841844
 -2567.583438447458 7782.851644861872 4401.103266390499 -1350.964931493654
 727.6864290264473 13145.09908466288 3343.700508378529 -7429.506702877532
 -2651.442072231145 4574.347018913826 4059.59328516707 -5593.760995159397
 -9367.343633821818 13389.08758127409 10793.34431372185 -15485.65445836021
 -8997.480816536225 13655.60719147824 12013.31500166485 -16664.49924841844
 -8997.480816536225 13655.60719147824 12013.31500166485 -16664.49924841844
 -8997.480816536225 13655.60719147824 12013.31500166485 -16664.49924841844
 -8997.480816536225 13655.60719147824 12013.31500166485 -16664.49924841844
 -6350.296962011207 14058.47797280311 10238.57517026739 -16731.67546188962
 -8997.480816536225 13655.60719147824 12013.31500166485 -16664.49924841844
 -3242.063772885232 5110.64106222893 5558.902254626702 -7417.344606165118
 -8997.480816536225 13655.60719147824 12013.31500166485 -16664.49924841844
 -8997.480816536225 13655.60719147824 12013.31500166485 -16664.49924841844
 -9030.991864998225 11464.0452315658 9312.472551290351 -13984.20273235664
 -11783.77637497712 10164.08212423301 11373.27163676602 -17607.1138073519
 -8176.189640402226 13888.15212384378 14832.44570705318 -18926.54088336424
 -8997.480816536225 13655.60719147824 12013.31500166485 -16664.49924841844
 -8997.480816536225 13655.60719147824 12013.31500166485 -16664.49924841844
 -8685.333977723205 13427.66114471365 10278.0856089365 -18162.03717147644
 -8997.480816536225 13655.60719147824 12013.31500166485 -16664.49924841844
 -8997.480816536225 13655.60719147824 12013.31500166485 -16664.49924841844
 -11623.81987459462 14599.13095657509 11507.44874295558 -19146.8351338405
 -8997.480816536225 13655.60719147824 12013.31500166485 -16664.49924841844
 -8997.480816536225 13655.60719147824 12013.31500166485 -16664.49924841844
 -12193.80108733609 11495.42831492222 11179.82811408476 -8875.282842615001
 -1288.944777892163 -2769.043573838936 9699.548761987931 -5541.869805549103
 -3242.063772885232 5110.64106222893 5558.902254626702 -7417.344606165118
 -8997.480816536225 13655.60719147824 12013.31500166485 -16664.49924841844
 -8997.480816536225 13655.60719147824 12013.31500166485 -16664.49924841844
 -8997.480816536225 13655.60719147824 12013.31500166485 -16664.49924841844
 -12174.64154619564 14398.16333666018 12078.13702601125 -14687.34504718233
 -3242.063772885232 5110.64106222893 5558.902254626702 -7417.344606165118
 -8997.480816536225 13655.60719147824 12013.31500166485 -16664.49924841844
 -8997.480816536225 13655.60719147824 12013.31500166485 -16664.49924841844
 -8997.480816536225 13655.60719147824 12013.31500166485 -16664.49924841844
 -8997.480816536225 13655.60719147824 12013.31500166485 -16664.49924841844
 4918.160031363097 9102.437094656458 1659.534806844559 -10599.13504106474
 -14928.98720665691 -8782.814316047743 16224.68672300352 -1156.097667132427
 -8997.480816536225 13655.60719147824 12013.31500166485 -16664.49924841844
 -8997.480816536225 13655.60719147824 12013.31500166485 -16664.49924841844
 -8997.480816536225 13655.60719147824 12013.31500166485 -16664.49924841844
 -12193.80108733609 11495.42831492222 11179.82811408476 -8875.282842615001
 -8997.480816536225 13655.60719147824 12013.31500166485 -16664.49924841844
 -2567.583438447458 7782.851644861872 4401.103266390499 -1350.964931493654
 -8997.480816536225 13655.60719147824 12013.31500166485 -16664.49924841844
 -8997.480816536225 13655.60719147824 12013.31500166485 -16664.49924841844
 -6984.652385681551 11831.17664089896 8002.860154503919 -17831.00564048163
 -8997.480816536225 13655.60719147824 12013.31500166485 -16664.49924841844
 -6549.459860657776 18097.69315061357 13960.79222107829 -21827.18175396526
 -8997.480816536225 13655.60719147824 12013.31500166485 -16664.49924841844
 -8997.480816536225 13655.60719147824 12013.31500166485 -16664.49924841844
 -3242.063772885232 5110.64106222893 5558.902254626702 -7417.344606165118
 -8997.480816536225 13655.60719147824 12013.31500166485 -16664.49924841844
 -8997.480816536225 13655.60719147824 12013.31500166485 -16664.49924841844
 -6059.532655515301 16666.54011643982 5683.01437166701 -13324.26742730718
 -9265.412591069166 3083.508152994322 8044.007489617024 -5926.822207982518
 -8997.480816536225 13655.60719147824 12013.31500166485 -16664.49924841844
 -8997.480816536225 13655.60719147824 12013.31500166485 -16664.49924841844
 -8997.480816536225 13655.60719147824 12013.31500166485 -16664.49924841844
 -8997.480816536225 13655.60719147824 12013.31500166485 -16664.49924841844
 -7133.704043878271 16303.05524587387 13009.43692419711 -13414.48667124885
 -2354.050006647809 4132.577070253544 4805.307640847421 -9066.112223298731
 -6898.842768112991 5630.536936345631 9385.857159082319 -8989.33794632
 -8997.480816536225 13655.60719147824 12013.31500166485 -16664.49924841844
 -3242.063772885232 5110.64106222893 5558.902254626702 -7417.344606165118
 425.9718212396269 874.0621582824897 5250.612387522156 -13134.00094578904
 -5141.999778385196 5377.087444982271 6185.155179873201 -3956.832005176464
 -8997.480816536225 13655.60719147824 12013.31500166485 -16664.49924841844
 -8997.480816536225 13655.60719147824 12013.31500166485 -16664.49924841844
 -8997.480816536225 13655.60719147824 12013.31500166485 -16664.49924841844
 -8997.480816536225 13655.60719147824 12013.31500166485 -16664.49924841844
 -8997.480816536225 13655.60719147824 12013.31500166485 -16664.49924841844
 -6350.296962011207 14058.47797280311 10238.57517026739 -16731.67546188962
 -8997.480816536225 13655.60719147824 12013.31500166485 -16664.49924841844
