# Created by Octave 4.2.1, Mon Oct 09 19:34:42 2017 BRT <root@mosqueiro>
# name: pop
# type: matrix
# rows: 1000
# columns: 4
 -7388.118906136311 -1280.759136014043 4066.935166573163 4616.641127117166
 -7388.118906136311 -1280.759136014043 4066.935166573163 4616.641127117166
 -7388.118906136311 -1280.759136014043 4066.935166573163 4616.641127117166
 -7388.118906136311 -1280.759136014043 4066.935166573163 4616.641127117166
 -7388.118906136311 -1280.759136014043 4066.935166573163 4616.641127117166
 -7388.118906136311 -1280.759136014043 4066.935166573163 4616.641127117166
 -14162.20158634735 11609.99280968753 -10949.9145248106 20806.58348122304
 -7388.118906136311 -1280.759136014043 4066.935166573163 4616.641127117166
 -7388.118906136311 -1280.759136014043 4066.935166573163 4616.641127117166
 -3724.380718080741 3750.343713487516 17646.24221954423 6553.758681552748
 -28261.32436899063 -16158.26245549839 -1890.327282567875 -25074.06720162895
 -7388.118906136311 -1280.759136014043 4066.935166573163 4616.641127117166
 -7388.118906136311 -1280.759136014043 4066.935166573163 4616.641127117166
 2169.398658624776 8415.256337135896 -8320.372928742119 4075.27913713298
 -7388.118906136311 -1280.759136014043 4066.935166573163 4616.641127117166
 1810.144451192125 -3036.351048071423 18899.90137278682 10897.47392541641
 -7388.118906136311 -1280.759136014043 4066.935166573163 4616.641127117166
 -7388.118906136311 -1280.759136014043 4066.935166573163 4616.641127117166
 -7388.118906136311 -1280.759136014043 4066.935166573163 4616.641127117166
 -13273.96421116076 -2436.067971397359 -1192.405982048038 15815.93799363631
 -7388.118906136311 -1280.759136014043 4066.935166573163 4616.641127117166
 -7388.118906136311 -1280.759136014043 4066.935166573163 4616.641127117166
 -7388.118906136311 -1280.759136014043 4066.935166573163 4616.641127117166
 -7388.118906136311 -1280.759136014043 4066.935166573163 4616.641127117166
 -7388.118906136311 -1280.759136014043 4066.935166573163 4616.641127117166
 -463.4660541786343 8497.243151396115 10334.58793671057 6649.21999680096
 -7388.118906136311 -1280.759136014043 4066.935166573163 4616.641127117166
 -7388.118906136311 -1280.759136014043 4066.935166573163 4616.641127117166
 -9817.251239341287 -2937.369545562367 7176.721635140739 4882.554938189739
 -7388.118906136311 -1280.759136014043 4066.935166573163 4616.641127117166
 -9908.434954596343 4439.031262944407 -9196.689342003991 -12913.73946328703
 -7388.118906136311 -1280.759136014043 4066.935166573163 4616.641127117166
 -7388.118906136311 -1280.759136014043 4066.935166573163 4616.641127117166
 -22907.22870540434 1459.264664310357 2451.339962879363 11348.14997509538
 -7388.118906136311 -1280.759136014043 4066.935166573163 4616.641127117166
 -4543.015717317056 1040.377038577675 2398.485217878662 8004.779527339235
 -7388.118906136311 -1280.759136014043 4066.935166573163 4616.641127117166
 -20156.61964293045 11646.68918992563 493.4302202518202 7159.142726565702
 -7388.118906136311 -1280.759136014043 4066.935166573163 4616.641127117166
 -1563.185393950103 -3786.989513980752 15155.58926814434 -2409.329376878934
 -7388.118906136311 -1280.759136014043 4066.935166573163 4616.641127117166
 -7388.118906136311 -1280.759136014043 4066.935166573163 4616.641127117166
 -7388.118906136311 -1280.759136014043 4066.935166573163 4616.641127117166
 -7388.118906136311 -1280.759136014043 4066.935166573163 4616.641127117166
 -7388.118906136311 -1280.759136014043 4066.935166573163 4616.641127117166
 -7388.118906136311 -1280.759136014043 4066.935166573163 4616.641127117166
 -7388.118906136311 -1280.759136014043 4066.935166573163 4616.641127117166
 -7388.118906136311 -1280.759136014043 4066.935166573163 4616.641127117166
 -7388.118906136311 -1280.759136014043 4066.935166573163 4616.641127117166
 -7388.118906136311 -1280.759136014043 4066.935166573163 4616.641127117166
 -7388.118906136311 -1280.759136014043 4066.935166573163 4616.641127117166
 8647.853734023192 -5863.481407795722 4927.626498868862 -7671.9267587524
 -7388.118906136311 -1280.759136014043 4066.935166573163 4616.641127117166
 -7388.118906136311 -1280.759136014043 4066.935166573163 4616.641127117166
 18625.44863567807 4960.161734299469 30409.10689235733 -20288.47110237018
 -7388.118906136311 -1280.759136014043 4066.935166573163 4616.641127117166
 -7388.118906136311 -1280.759136014043 4066.935166573163 4616.641127117166
 -7388.118906136311 -1280.759136014043 4066.935166573163 4616.641127117166
 -7388.118906136311 -1280.759136014043 4066.935166573163 4616.641127117166
 -7388.118906136311 -1280.759136014043 4066.935166573163 4616.641127117166
 -7388.118906136311 -1280.759136014043 4066.935166573163 4616.641127117166
 -7388.118906136311 -1280.759136014043 4066.935166573163 4616.641127117166
 271.007759866663 -10691.36273907223 16026.97963559127 -379.5673930076528
 -7388.118906136311 -1280.759136014043 4066.935166573163 4616.641127117166
 -7388.118906136311 -1280.759136014043 4066.935166573163 4616.641127117166
 3399.070315192073 -3204.5239746978 9226.507238796141 -9385.367300209158
 -7388.118906136311 -1280.759136014043 4066.935166573163 4616.641127117166
 14833.74732914082 25306.7305441612 3621.956849182473 3246.062023519423
 -7388.118906136311 -1280.759136014043 4066.935166573163 4616.641127117166
 -7388.118906136311 -1280.759136014043 4066.935166573163 4616.641127117166
 -36864.34425711858 21898.74611336097 4128.927058051486 8850.70403619754
 2519.969798534901 5310.177298886841 8023.155668128923 2403.41387669636
 -7388.118906136311 -1280.759136014043 4066.935166573163 4616.641127117166
 -7388.118906136311 -1280.759136014043 4066.935166573163 4616.641127117166
 -7388.118906136311 -1280.759136014043 4066.935166573163 4616.641127117166
 -7388.118906136311 -1280.759136014043 4066.935166573163 4616.641127117166
 -7388.118906136311 -1280.759136014043 4066.935166573163 4616.641127117166
 -3695.531299860593 14902.31118795812 -1589.57359106014 2453.297840145043
 -7388.118906136311 -1280.759136014043 4066.935166573163 4616.641127117166
 -7388.118906136311 -1280.759136014043 4066.935166573163 4616.641127117166
 -39.75856935657066 -10251.01754840476 16905.71146574832 14681.38851228095
 -7388.118906136311 -1280.759136014043 4066.935166573163 4616.641127117166
 8647.853734023192 -5863.481407795722 4927.626498868862 -7671.9267587524
 -7388.118906136311 -1280.759136014043 4066.935166573163 4616.641127117166
 -7388.118906136311 -1280.759136014043 4066.935166573163 4616.641127117166
 -15171.77712474111 -10770.99741798531 4525.410914099315 -2390.999756054144
 -1763.57823216245 3645.012284424094 1291.006327268764 -3124.54256094668
 -7388.118906136311 -1280.759136014043 4066.935166573163 4616.641127117166
 -7388.118906136311 -1280.759136014043 4066.935166573163 4616.641127117166
 -7388.118906136311 -1280.759136014043 4066.935166573163 4616.641127117166
 -7388.118906136311 -1280.759136014043 4066.935166573163 4616.641127117166
 -7146.692127830526 -19413.64182911154 4862.042009643953 19517.4734307317
 8098.073331283787 105238.9447290641 18416.45796141262 -31073.00887543793
 -7388.118906136311 -1280.759136014043 4066.935166573163 4616.641127117166
 -3995.225414872332 127.2879835915687 -5950.00031771455 23396.98600740868
 11224.38947595454 -33025.55885055144 8191.826999815576 8739.214835213337
 -7388.118906136311 -1280.759136014043 4066.935166573163 4616.641127117166
 -7388.118906136311 -1280.759136014043 4066.935166573163 4616.641127117166
 -7388.118906136311 -1280.759136014043 4066.935166573163 4616.641127117166
 -7388.118906136311 -1280.759136014043 4066.935166573163 4616.641127117166
 -7388.118906136311 -1280.759136014043 4066.935166573163 4616.641127117166
 -7388.118906136311 -1280.759136014043 4066.935166573163 4616.641127117166
 -18081.59249736195 -7258.883025932301 -14388.84752307759 -3184.823550685562
 -7388.118906136311 -1280.759136014043 4066.935166573163 4616.641127117166
 -14484.80435118325 738.9292267893616 -418.7734197273203 17231.43677214957
