# Created by Octave 4.2.1, Mon Oct 09 19:45:12 2017 BRT <root@mosqueiro>
# name: pop
# type: matrix
# rows: 1000
# columns: 4
 -2639.472985140584 -3812.067440325205 -549.1900288132856 7001.187050759279
 -2639.472985140584 -3812.067440325205 -549.1900288132856 7001.187050759279
 -2639.472985140584 -3812.067440325205 -549.1900288132856 7001.187050759279
 -2639.472985140584 -3812.067440325205 -549.1900288132856 7001.187050759279
 -2639.472985140584 -3812.067440325205 -549.1900288132856 7001.187050759279
 -14349.02086936104 -12311.28923951199 9194.163067045245 10853.37586063519
 -2639.472985140584 -3812.067440325205 -549.1900288132856 7001.187050759279
 -2639.472985140584 -3812.067440325205 -549.1900288132856 7001.187050759279
 -2639.472985140584 -3812.067440325205 -549.1900288132856 7001.187050759279
 -3387.629856503871 -11314.87704108987 35324.93911673917 -16917.83635159785
 -2639.472985140584 -3812.067440325205 -549.1900288132856 7001.187050759279
 10455.15658580407 -10979.06601271071 -15432.30673335184 14548.06698699187
 419.6904724714918 -5512.449919145867 11074.0429039315 10709.71083656551
 -2639.472985140584 -3812.067440325205 -549.1900288132856 7001.187050759279
 -2639.472985140584 -3812.067440325205 -549.1900288132856 7001.187050759279
 -2639.472985140584 -3812.067440325205 -549.1900288132856 7001.187050759279
 -4232.348150375343 -20922.11214918803 -13042.03222045413 15143.66376373042
 -2639.472985140584 -3812.067440325205 -549.1900288132856 7001.187050759279
 -2639.472985140584 -3812.067440325205 -549.1900288132856 7001.187050759279
 -2639.472985140584 -3812.067440325205 -549.1900288132856 7001.187050759279
 -2639.472985140584 -3812.067440325205 -549.1900288132856 7001.187050759279
 -7024.472176357127 -3035.804965043925 1889.502717177244 8011.987504289198
 212.233102888672 15941.65638447424 9075.989759406719 -6701.795269820329
 -2639.472985140584 -3812.067440325205 -549.1900288132856 7001.187050759279
 -2639.472985140584 -3812.067440325205 -549.1900288132856 7001.187050759279
 -2639.472985140584 -3812.067440325205 -549.1900288132856 7001.187050759279
 -2639.472985140584 -3812.067440325205 -549.1900288132856 7001.187050759279
 -2639.472985140584 -3812.067440325205 -549.1900288132856 7001.187050759279
 -2639.472985140584 -3812.067440325205 -549.1900288132856 7001.187050759279
 -2639.472985140584 -3812.067440325205 -549.1900288132856 7001.187050759279
 3029.13801557086 7454.351767739364 23670.95419646137 2031.806615488585
 -2639.472985140584 -3812.067440325205 -549.1900288132856 7001.187050759279
 -2639.472985140584 -3812.067440325205 -549.1900288132856 7001.187050759279
 -10548.93426747644 -4614.546564689781 -3133.4908066741 10378.38095207473
 -2639.472985140584 -3812.067440325205 -549.1900288132856 7001.187050759279
 -11422.16319616574 7456.933620754116 -331.59264558163 -3505.798542125691
 -2639.472985140584 -3812.067440325205 -549.1900288132856 7001.187050759279
 -1282.256918266921 -13651.92984069515 14683.98269739321 13800.36437209604
 4280.755901821154 -1480.09935952373 10592.44679295016 10763.91818711594
 -2639.472985140584 -3812.067440325205 -549.1900288132856 7001.187050759279
 -2639.472985140584 -3812.067440325205 -549.1900288132856 7001.187050759279
 -2639.472985140584 -3812.067440325205 -549.1900288132856 7001.187050759279
 -2639.472985140584 -3812.067440325205 -549.1900288132856 7001.187050759279
 -2639.472985140584 -3812.067440325205 -549.1900288132856 7001.187050759279
 -2639.472985140584 -3812.067440325205 -549.1900288132856 7001.187050759279
 8618.688255243593 13918.42560399978 2459.18091644157 18842.70282500915
 -10130.17286342748 2602.699534760016 -2126.76735806876 9245.148000733325
 -2639.472985140584 -3812.067440325205 -549.1900288132856 7001.187050759279
 -2639.472985140584 -3812.067440325205 -549.1900288132856 7001.187050759279
 2225.261003634527 925.0701987196589 -6444.031981127644 3432.819854045354
 -2639.472985140584 -3812.067440325205 -549.1900288132856 7001.187050759279
 -2639.472985140584 -3812.067440325205 -549.1900288132856 7001.187050759279
 -2639.472985140584 -3812.067440325205 -549.1900288132856 7001.187050759279
 -2639.472985140584 -3812.067440325205 -549.1900288132856 7001.187050759279
 -2639.472985140584 -3812.067440325205 -549.1900288132856 7001.187050759279
 -2639.472985140584 -3812.067440325205 -549.1900288132856 7001.187050759279
 -2639.472985140584 -3812.067440325205 -549.1900288132856 7001.187050759279
 -2639.472985140584 -3812.067440325205 -549.1900288132856 7001.187050759279
 419.6904724714918 -5512.449919145867 11074.0429039315 10709.71083656551
 -2639.472985140584 -3812.067440325205 -549.1900288132856 7001.187050759279
 -2639.472985140584 -3812.067440325205 -549.1900288132856 7001.187050759279
 -7691.944470155436 -8843.930317428219 7028.6167338584 3642.213142109103
 -8734.024954939796 -4285.471490430007 -5573.897287298015 9473.044417362269
 -2639.472985140584 -3812.067440325205 -549.1900288132856 7001.187050759279
 -8965.061450227753 21898.86359728657 35204.39023083528 -10491.26279563604
 10165.73884624663 7038.374187098241 -25973.4387783348 15631.33512985319
 -4232.348150375343 -20922.11214918803 -13042.03222045413 15143.66376373042
 -2639.472985140584 -3812.067440325205 -549.1900288132856 7001.187050759279
 -2639.472985140584 -3812.067440325205 -549.1900288132856 7001.187050759279
 -2639.472985140584 -3812.067440325205 -549.1900288132856 7001.187050759279
 -2639.472985140584 -3812.067440325205 -549.1900288132856 7001.187050759279
 -6897.886782208701 2479.474061501921 8407.036950496553 15296.92837370599
 -7072.158569495332 174.5771572210883 -38027.77401808246 26522.20091435925
 -2639.472985140584 -3812.067440325205 -549.1900288132856 7001.187050759279
 -2639.472985140584 -3812.067440325205 -549.1900288132856 7001.187050759279
 -2639.472985140584 -3812.067440325205 -549.1900288132856 7001.187050759279
 5721.783312243148 4851.406327417239 7988.534809996669 4588.38687327625
 -2639.472985140584 -3812.067440325205 -549.1900288132856 7001.187050759279
 -2639.472985140584 -3812.067440325205 -549.1900288132856 7001.187050759279
 -7062.885448842437 -15941.90433394782 -6676.813724380367 -2455.378567492481
 -5417.274325570108 -10170.78297966396 -4658.200554761 3918.741053221951
 -2639.472985140584 -3812.067440325205 -549.1900288132856 7001.187050759279
 -2639.472985140584 -3812.067440325205 -549.1900288132856 7001.187050759279
 2225.261003634527 925.0701987196589 -6444.031981127644 3432.819854045354
 -14049.45525916867 -6540.144370000846 3755.36307864923 9590.583980459789
 -10972.63615319654 -6608.481543648541 26731.8716144789 23132.72551281393
 4978.135945746551 -5323.050650263454 11025.81151274864 4141.369920289704
 -2639.472985140584 -3812.067440325205 -549.1900288132856 7001.187050759279
 -2639.472985140584 -3812.067440325205 -549.1900288132856 7001.187050759279
 -12754.74329679928 -8889.055692930217 902.4752130085881 -10316.0377730302
 -2639.472985140584 -3812.067440325205 -549.1900288132856 7001.187050759279
 -2639.472985140584 -3812.067440325205 -549.1900288132856 7001.187050759279
 -2639.472985140584 -3812.067440325205 -549.1900288132856 7001.187050759279
 -2639.472985140584 -3812.067440325205 -549.1900288132856 7001.187050759279
 -2639.472985140584 -3812.067440325205 -549.1900288132856 7001.187050759279
 6196.174082807339 -9702.62206364701 -10868.06600514833 5888.296851836816
 -2639.472985140584 -3812.067440325205 -549.1900288132856 7001.187050759279
 -2639.472985140584 -3812.067440325205 -549.1900288132856 7001.187050759279
 -2639.472985140584 -3812.067440325205 -549.1900288132856 7001.187050759279
 -7173.283127696167 -4560.908928828049 -18272.85282299057 1418.573807706842
 -2639.472985140584 -3812.067440325205 -549.1900288132856 7001.187050759279
 12183.38457447396 32274.26180806265 -30163.97233054883 12685.25298374407
 -2639.472985140584 -3812.067440325205 -549.1900288132856 7001.187050759279
 14223.09176455167 -9574.363497351696 15752.68078419156 20918.28082659212
