# Created by Octave 4.2.1, Mon Oct 09 19:32:09 2017 BRT <root@mosqueiro>
# name: pop
# type: matrix
# rows: 1000
# columns: 4
 -7388.118906136311 -1280.759136014043 4066.935166573163 4616.641127117166
 3399.070315192073 -3204.5239746978 9226.507238796141 -9385.367300209158
 8647.853734023192 -5863.481407795722 4927.626498868862 -7671.9267587524
 -1763.57823216245 3645.012284424094 1291.006327268764 -3124.54256094668
 5665.957025942091 -6669.167170476619 -8083.513763901535 9141.218503855016
 -2559.922772176352 2118.402247682105 -9505.316960863374 -6180.078027015266
 -1290.21683589394 6417.390980294709 -8071.398660628467 9082.923394244986
 3125.910545714543 -2433.93101628112 -5884.752791895908 7689.484789746646
 2241.100810603974 -3113.607386364071 664.0929771972733 -8856.278599087136
 9939.295166106487 3399.311048199734 -6949.749799171306 -6978.501889814381
 -4047.289327053122 -8527.540471691242 -2652.904884932474 -1157.213153342023
 -8577.347601746289 9687.213287168317 8011.03803998663 -8248.417392673018
 2555.497298384164 -6597.009528559156 -6687.438032815832 -1091.698313660254
 -8618.19829303653 9312.163379217051 4321.057408120214 -2558.836800800087
 3657.357788248893 -5995.821204914731 588.7870268054394 -362.4160957864915
 -6660.362127992975 5568.773135342184 -2797.500703305239 5389.172687599681
 1660.235501237068 7038.171897451812 -2620.438071395775 3652.812130117447
 895.8019722295376 8662.389129293555 6884.199532752489 -6407.877661615419
 -7388.118906136311 -1280.759136014043 4066.935166573163 4616.641127117166
 -1250.976947002797 -9582.991461631254 -5514.175132226581 95.70090349020211
 6244.947262332316 -2433.597144660452 215.5194004483837 -9757.442811467892
 -7084.881570935147 -8464.114066021441 -7217.037380780141 -3678.595276874058
 -3144.684387626397 2989.926038372194 6395.537673534385 -7451.218448777799
 -6033.948217925559 840.7551340674163 9642.274343805482 2316.158063241406
 442.8010328004821 -6247.377973798235 -955.7659141660915 -9561.198421190949
 -8508.883352180921 -9329.501317235357 -6281.755558325114 -8192.235374042437
 9804.416150503246 89.74893178605817 3673.019844682069 -5405.044507970321
 7421.435066776237 6049.652562100498 -9082.532308281421 -4314.854421889963
 -7388.118906136311 -1280.759136014043 4066.935166573163 4616.641127117166
 5689.022556008707 2234.949243623385 9135.612355899131 -5863.609755404907
 -7124.923748725035 -8116.350033366172 9185.32160456006 5599.3351570742
 -8868.210266245889 3895.386065262901 2127.278156155686 9444.909848517575
 -7388.118906136311 -1280.759136014043 4066.935166573163 4616.641127117166
 6655.670174687773 3525.279995825689 -9897.15988871375 5659.191564226292
 4259.307014777698 -9996.802094517572 9775.338593632547 -6904.316991418196
 2802.204186485851 -7288.807976355914 2703.706997061165 4908.146923356166
 25.17272924897588 904.2154377453789 763.1317512025253 -1232.487713285129
 -7961.158360680109 -8887.146200654512 -5932.717984209889 -4560.53770833473
 4243.625623920854 -1428.742594196636 5424.207792200921 6163.02331676036
 5665.957025942091 -6669.167170476619 -8083.513763901535 9141.218503855016
 -2323.230692633497 9733.571363522358 -5539.870828019412 -7099.200466463079
 7603.335373643102 -1897.355586913493 1964.361150040651 -9934.75013600399
 -7478.78550713771 792.7360128780638 6390.264212153685 -8472.981604663028
 -5681.889564972789 -7172.969262998588 9144.713703518453 -219.2469568964643
 8674.784458404516 -1658.92535174088 7714.576110043199 3487.70042664325
 8551.615115020941 2255.040118943643 -4038.060807063607 -6795.855853332221
 901.1659296226953 -8810.388099412314 -7797.041868029411 -9057.635642995057
 -1410.245921113668 3598.895725937497 1131.643925850769 1386.131181080016
 8659.700778414779 -8085.310405822398 -8638.157855992864 -1370.087202711935
 7014.421145967324 5297.239276701956 -1506.986047188908 5831.228115762407
 -1763.57823216245 3645.012284424094 1291.006327268764 -3124.54256094668
 -8658.484072258045 -7759.881729053186 2715.013071273434 4519.162921593004
 6702.178932341783 352.7661808093999 -2131.231737165838 1211.689768262973
 8908.431303643778 6766.623245741452 -3958.596574412244 -5749.993634754805
 -2798.765118014942 7961.781743058862 -6134.214025658385 6335.753425978381
 5760.741857296465 9308.761185126852 9034.813598219196 -4062.970557719564
 6415.480261660166 -3858.402513348452 -2744.360099189094 8679.920854756841
 6030.838011427793 -3600.524055310871 3539.483608736127 2527.389582391348
 -654.4279147816869 730.2641578407092 -6672.126125893737 8580.075261292721
 -9812.803048605989 -6383.007712517398 -8664.751054588618 4496.175506590438
 3480.868102141305 658.9325468580701 -8619.992375591697 4591.361852430673
 -4681.160517827239 7197.728946360352 -1626.738897908177 -1138.820382948936
 -1763.57823216245 3645.012284424094 1291.006327268764 -3124.54256094668
 -2180.311456300517 4594.310043933752 5079.516363667162 -4827.607528805685
 7735.150915271446 -7688.001157208942 -1435.753981624965 6198.417406399038
 2139.751772759617 2232.053619090193 -6242.106717471644 7318.618419585873
 6762.788374315522 9962.500359660382 -7688.895158159067 -1852.748730139874
 -2333.782926418357 -8935.242187721315 9743.191486517426 2298.947210735765
 -7388.118906136311 -1280.759136014043 4066.935166573163 4616.641127117166
 9285.441299473438 9587.997479882983 -3844.534679525023 -9473.592323667121
 -2615.679369583858 -1151.023146090336 203.4790122796439 3332.327710767853
 -6482.312955626112 9358.658348902361 3275.117292947678 8303.033853574467
 2169.398658624776 8415.256337135896 -8320.372928742119 4075.27913713298
 6675.888194144994 3181.42213307633 3213.460522513662 3737.360737882207
 504.5787441195389 6514.2304477455 -1628.528029133126 7334.93301372476
 3859.098193186124 8611.279982682707 3682.512553801984 -950.884706871786
 75.76197062731626 6751.932160931705 -3548.999195993178 -3320.78911628762
 -57.93647460180546 -7240.377821209681 -777.8619315788837 7819.054142871119
 1087.933076603433 8892.572025386373 -8351.62536126178 -45.98604306849484
 -2180.311456300517 4594.310043933752 5079.516363667162 -4827.607528805685
 -3897.777303478061 4601.265039484997 2535.755237148329 -1571.60714843262
 -9222.383714861075 -3077.477041235078 1790.569872364533 -2207.535711783001
 2718.759647812743 -2332.807615896638 -7109.156892539309 -18.09001190778508
 9387.431036304788 8637.577593813978 -154.9616083242363 -2479.921733583175
 -4960.028575660705 -2338.647895426763 9976.213345383385 -6361.942175790062
 -5859.163187142166 -5204.693973034971 4566.510249020321 -597.5149956003243
 -5544.683018652704 -6882.044417969479 1219.683847525372 -3247.952837545837
 882.6464724269972 960.1901510505086 -4752.202350810445 3188.562073114663
 -1045.029763102722 5219.58717169961 -2113.539818496513 3854.257091011543
 -5986.23789813932 6498.05630038762 -4845.443215356759 5509.553354120704
 -842.7602132885986 9262.184705108761 8034.877877039424 8713.775147900484
 -6774.700075250092 5304.115827494727 5179.26680273604 4889.196316933419
 7235.560814184144 -9505.035165393425 -8243.244579013797 -7424.212386439483
 3399.070315192073 -3204.5239746978 9226.507238796141 -9385.367300209158
 569.9512032221701 6990.955743542487 -8518.798138416605 3121.478644984671
 7256.886535696998 155.529447860441 2088.046867976507 -7919.217405112608
 9039.04140554554 -8266.744105598847 -8515.012726523335 8228.963975194169
 7020.21779361158 -7499.027451466052 523.6613146368454 258.1367019669251
 263.8731625017481 7771.018944521973 -559.5855100628978 -653.2732683360482
 3040.899508336872 5921.660298924358 -9966.825584573084 4879.497448365659
 -7540.835957764486 -7859.128293574459 9147.534767052453 7602.471693612359
 7020.21779361158 -7499.027451466052 523.6613146368454 258.1367019669251
 680.3170292004797 -9966.288474569948 -4118.97943110345 -1796.010326586063
 4859.604161348727 -2366.202550686837 941.3026886025746 -1041.030080694791
 -1763.57823216245 3645.012284424094 1291.006327268764 -3124.54256094668
