# Created by Octave 4.2.1, Mon Oct 09 19:05:04 2017 BRT <root@mosqueiro>
# name: pop
# type: matrix
# rows: 1000
# columns: 4
 -8997.480816536225 13655.60719147824 12013.31500166485 -16664.49924841844
 -3242.063772885232 5110.64106222893 5558.902254626702 -7417.344606165118
 -3242.063772885232 5110.64106222893 5558.902254626702 -7417.344606165118
 -3242.063772885232 5110.64106222893 5558.902254626702 -7417.344606165118
 -3242.063772885232 5110.64106222893 5558.902254626702 -7417.344606165118
 373.18683529502 13863.43293476313 6570.866844115813 -8339.016111777586
 -3242.063772885232 5110.64106222893 5558.902254626702 -7417.344606165118
 5015.103755244664 16529.81873408146 -10642.2832357441 2861.738312534704
 -3242.063772885232 5110.64106222893 5558.902254626702 -7417.344606165118
 -3242.063772885232 5110.64106222893 5558.902254626702 -7417.344606165118
 17707.1650347402 26136.27175190521 10065.24207969371 -43826.83455604941
 -11023.64292243059 2594.633110325781 -6950.247541762585 -453.3943882351259
 -3242.063772885232 5110.64106222893 5558.902254626702 -7417.344606165118
 19334.89499744228 42703.11302714816 -33029.77243415696 23422.77607442303
 -3242.063772885232 5110.64106222893 5558.902254626702 -7417.344606165118
 -35796.56429704255 -2053.168285736628 58592.0670847836 27502.3170550853
 26390.19835827613 -26855.6666241638 6705.128298208801 32342.89125207195
 -3069.398460495413 7287.373481027396 3575.620274211757 -1987.635511993101
 -3242.063772885232 5110.64106222893 5558.902254626702 -7417.344606165118
 -3242.063772885232 5110.64106222893 5558.902254626702 -7417.344606165118
 3090.393379898906 3177.111047806593 -1705.16919494946 4714.155087882618
 4452.351981634402 10458.43608248028 -7653.027102382508 -17193.44781588104
 10172.91611012139 -190.7669585733511 4900.103050574569 -7570.498985867107
 -3242.063772885232 5110.64106222893 5558.902254626702 -7417.344606165118
 -3242.063772885232 5110.64106222893 5558.902254626702 -7417.344606165118
 -3242.063772885232 5110.64106222893 5558.902254626702 -7417.344606165118
 -3242.063772885232 5110.64106222893 5558.902254626702 -7417.344606165118
 -3242.063772885232 5110.64106222893 5558.902254626702 -7417.344606165118
 6966.355733087262 -4873.540689144358 21385.98215785113 -3139.388950413985
 -3242.063772885232 5110.64106222893 5558.902254626702 -7417.344606165118
 -3242.063772885232 5110.64106222893 5558.902254626702 -7417.344606165118
 -463.8734179956136 -5728.270338411619 -9490.179383971932 636.1405483050057
 -16362.12129301432 -27358.02740556954 9872.998184466271 16419.22021978948
 -3242.063772885232 5110.64106222893 5558.902254626702 -7417.344606165118
 2616.114569529946 10364.16094446758 17327.91579116748 -16707.9997555819
 -6031.978817185487 -4514.366963808076 9425.484438001113 1545.918010888772
 -3242.063772885232 5110.64106222893 5558.902254626702 -7417.344606165118
 6639.511936481893 13398.71056819426 1051.654563616197 -14372.69850105916
 -8997.480816536225 13655.60719147824 12013.31500166485 -16664.49924841844
 -3242.063772885232 5110.64106222893 5558.902254626702 -7417.344606165118
 -3242.063772885232 5110.64106222893 5558.902254626702 -7417.344606165118
 -3242.063772885232 5110.64106222893 5558.902254626702 -7417.344606165118
 -3242.063772885232 5110.64106222893 5558.902254626702 -7417.344606165118
 -3242.063772885232 5110.64106222893 5558.902254626702 -7417.344606165118
 -3242.063772885232 5110.64106222893 5558.902254626702 -7417.344606165118
 -3242.063772885232 5110.64106222893 5558.902254626702 -7417.344606165118
 7558.420978894415 40644.95273524101 -27143.52214097323 -29521.24046284116
 -3242.063772885232 5110.64106222893 5558.902254626702 -7417.344606165118
 -9742.154370291286 1630.877927581631 9338.340417268184 -1187.643890138514
 -1637.732226726568 9967.83640559197 -1280.237021546411 -7086.266306783838
 -19295.39705562295 26191.61438958771 3535.503486534199 9274.001079067231
 -3242.063772885232 5110.64106222893 5558.902254626702 -7417.344606165118
 -3242.063772885232 5110.64106222893 5558.902254626702 -7417.344606165118
 -49534.02926754754 21539.53155372463 5454.044094092656 1832.872291814532
 -3242.063772885232 5110.64106222893 5558.902254626702 -7417.344606165118
 -3242.063772885232 5110.64106222893 5558.902254626702 -7417.344606165118
 -5391.875085893315 -4342.58132021579 274.6442745945969 9713.159067782359
 -3242.063772885232 5110.64106222893 5558.902254626702 -7417.344606165118
 -3242.063772885232 5110.64106222893 5558.902254626702 -7417.344606165118
 12228.89508574595 -4172.019443377569 17044.90471618134 -8277.443399580789
 -19378.84767132419 8194.078792021102 2907.425161067976 20811.30977514913
 10172.91611012139 -190.7669585733511 4900.103050574569 -7570.498985867107
 -12451.74006707846 1061.491821563721 -13341.06807026058 -5732.552779646567
 5015.103755244664 16529.81873408146 -10642.2832357441 2861.738312534704
 -3242.063772885232 5110.64106222893 5558.902254626702 -7417.344606165118
 2324.364179326223 11434.50433958671 -529.056350606937 -34162.83004453569
 -3242.063772885232 5110.64106222893 5558.902254626702 -7417.344606165118
 322.7565507186264 -20000.36642345068 10029.30675770212 18468.30400122798
 -9742.154370291286 1630.877927581631 9338.340417268184 -1187.643890138514
 2971.453775092833 -2621.547286564584 17830.95820631486 -21460.78851943674
 -3242.063772885232 5110.64106222893 5558.902254626702 -7417.344606165118
 -3242.063772885232 5110.64106222893 5558.902254626702 -7417.344606165118
 -3242.063772885232 5110.64106222893 5558.902254626702 -7417.344606165118
 -1637.732226726568 9967.83640559197 -1280.237021546411 -7086.266306783838
 1303.236690287485 8465.753983707749 -428.9612055357829 -6908.271454893492
 -11886.82011083997 -13915.74460419096 16147.15592425657 449.8147116582277
 -3242.063772885232 5110.64106222893 5558.902254626702 -7417.344606165118
 -3242.063772885232 5110.64106222893 5558.902254626702 -7417.344606165118
 -9945.32317607275 28139.48464445725 -21703.5544378699 -17126.63714789733
 -3242.063772885232 5110.64106222893 5558.902254626702 -7417.344606165118
 -66.03870093762225 422.9306006282268 13468.14451580427 8248.792659921201
 -9742.154370291286 1630.877927581631 9338.340417268184 -1187.643890138514
 -3242.063772885232 5110.64106222893 5558.902254626702 -7417.344606165118
 6898.86839109605 -4972.090282701359 7790.147845208514 -9592.898763076693
 -3242.063772885232 5110.64106222893 5558.902254626702 -7417.344606165118
 -3242.063772885232 5110.64106222893 5558.902254626702 -7417.344606165118
 -3242.063772885232 5110.64106222893 5558.902254626702 -7417.344606165118
 -3242.063772885232 5110.64106222893 5558.902254626702 -7417.344606165118
 -3242.063772885232 5110.64106222893 5558.902254626702 -7417.344606165118
 -3242.063772885232 5110.64106222893 5558.902254626702 -7417.344606165118
 -353.1793273961903 12535.04679829691 -7805.983794392967 23812.92413107798
 -2731.247041605068 -6209.050793902523 4434.256572070692 4342.816253936828
 -3242.063772885232 5110.64106222893 5558.902254626702 -7417.344606165118
 -3242.063772885232 5110.64106222893 5558.902254626702 -7417.344606165118
 -3242.063772885232 5110.64106222893 5558.902254626702 -7417.344606165118
 -3242.063772885232 5110.64106222893 5558.902254626702 -7417.344606165118
 -3242.063772885232 5110.64106222893 5558.902254626702 -7417.344606165118
 -3242.063772885232 5110.64106222893 5558.902254626702 -7417.344606165118
 -3242.063772885232 5110.64106222893 5558.902254626702 -7417.344606165118
 156.3336795505829 9856.213137225426 -10878.5071913283 2899.260456093489
 -1670.184267904859 13311.83996789445 11319.41193452092 -18031.23610240218
 -29387.02624793608 49411.62992199301 -19015.44914386253 24358.77951217313
 -3242.063772885232 5110.64106222893 5558.902254626702 -7417.344606165118
 -3242.063772885232 5110.64106222893 5558.902254626702 -7417.344606165118
 -6933.479194418693 -2379.175709468178 13738.92903777187 -23003.02299824342
 -22198.70228754444 25837.10233261403 5754.559602299048 -1244.179889472692
