# Created by Octave 4.2.1, Mon Oct 09 19:22:39 2017 BRT <root@mosqueiro>
# name: pop
# type: matrix
# rows: 1000
# columns: 4
 8859.722995447715 9610.665130783051 -9668.173892285931 -8789.072782198587
 8859.722995447715 9610.665130783051 -9668.173892285931 -8789.072782198587
 8859.722995447715 9610.665130783051 -9668.173892285931 -8789.072782198587
 8859.722995447715 9610.665130783051 -9668.173892285931 -8789.072782198587
 8859.722995447715 9610.665130783051 -9668.173892285931 -8789.072782198587
 4690.768632378204 8559.377760872274 -7303.377260461224 -5461.920774400088
 5356.109759426919 293.7228608206915 2892.756333112809 4492.725148745365
 -8094.456006611332 -9561.649067034656 -7547.628710739468 9744.430728462386
 -20330.45025053023 17832.4539141847 32745.13863166015 37270.08725639593
 201.18782921809 -4063.129764082468 -7255.445222043565 -4819.528530427436
 -1958.257934329087 5918.518645388478 4578.344006415249 -8813.233331085412
 33947.14945235318 15192.30955220486 14540.96944208355 -26952.20452387979
 6720.570938113982 5962.124118458076 -692.0791365146979 664.822698537042
 -6318.218053582846 -9085.050714538893 825.0689230008593 -8785.384309484771
 3199.358300543247 -2100.455741711324 6332.827368459557 -4457.737840655188
 -13205.00593885639 -29230.87333727203 -9865.242704898097 12754.58957536003
 -7767.259481953462 -7679.702642510923 6142.274941952244 9574.969660083189
 -8170.278943269923 3072.656654983148 -2784.464086215214 -6275.178197182935
 14931.62639291089 23525.08386384578 -15317.42271281925 -21753.67061805574
 3199.358300543247 -2100.455741711324 6332.827368459557 -4457.737840655188
 9953.894636716061 -7517.067964986727 -5842.275737318382 4354.403690473739
 -3736.24401157911 -9388.884232971373 3284.419795682254 4398.863882660999
 8374.022165394006 -8804.080361848903 -2211.103404340787 3592.430664493184
 2978.282421197724 -1273.808594904254 2460.856309927953 -464.3254435424187
 8886.696455077796 -8236.279890358484 -2082.583090831548 4377.681394995772
 7176.606913895666 1703.02893967385 7540.288684724776 -6349.580188188063
 -5126.647563060191 1406.722956925516 8433.191578303013 -2090.587679093759
 8859.722995447715 9610.665130783051 -9668.173892285931 -8789.072782198587
 6110.321683156364 3834.628074557775 -7528.616118820838 -1404.953886556355
 -22495.9058805823 -5190.612162636873 40215.27258771421 3228.955797171804
 -9866.578198257794 7588.734456191767 -2821.00552771719 5123.679337178926
 -1463.261159681197 3861.520069658302 558.4730223921142 3942.404376243614
 -37768.72349589501 14335.8955318766 -23472.00020588115 11706.3520213192
 -3367.283617710005 -2145.009474062288 -3721.23544791011 9087.558366697322
 1187.103394161381 -42213.06995960335 -19588.39027330792 17446.75525650651
 -1840.030698858926 8589.144387419641 9744.400902164511 4911.804541569676
 -3300.691392461616 3145.432524517346 -4951.013333340898 5282.206246768132
 -7451.434283878881 4133.979770199745 -716.4688183114795 4692.205557927444
 -8264.201399449808 -7743.283257203004 -3591.772539291357 -7622.223545965731
 -8783.076820405398 -6901.864048546421 -3282.55899578152 -1223.20614773843
 5909.81166381896 -3828.580191760357 -999.877291323457 7884.67631950324
 -4677.274778670037 1577.673348821567 -3235.349940443971 5982.861103259605
 -26582.80763921904 -12714.84094155109 28952.06600345098 26642.24170503436
 -9562.580940311378 2643.705685158882 5775.237901611361 -9031.63598489164
 3966.992780213008 6103.614198810701 -5860.760078274719 -4680.09965199616
 8387.417005704985 -8948.056272272848 -232.7391435384689 967.1890908964451
 -4700.285975413897 2803.26133319514 -4212.378397146728 21671.49333065076
 -5411.001826405629 -2425.812030730642 3524.778344016495 4282.78926340209
 8859.722995447715 9610.665130783051 -9668.173892285931 -8789.072782198587
 -4400.974054876975 5406.530193310873 8589.118553425651 4958.084743201145
 -9866.578198257794 7588.734456191767 -2821.00552771719 5123.679337178926
 -1984.326580761403 -6465.194204638295 -894.9567027346493 -5989.189411809339
 3473.822167275563 5230.460940931347 -2853.725380757709 -6306.202245153387
 4907.417998329146 26412.81698012424 -6788.448829609064 -5667.614150530566
 3609.306022162767 9359.955362698845 -6203.795714318125 -2091.778377190711
 -4121.012710079911 978.4206841773648 4638.770818490098 1167.543237730328
 8893.619145894383 -4059.652859708602 -5621.888177727779 -2292.543387545239
 -8602.89499158641 4276.6350931706 2582.395927103136 1957.537194662022
 -4121.012710079911 978.4206841773648 4638.770818490098 1167.543237730328
 4138.863267010016 -768.590398074728 4407.076814795872 -5523.956896921321
 5374.21612307732 -1294.725001299155 735.2519099325764 -7073.875958293953
 -7463.625870778822 23821.8204118638 -8179.225885094356 -9322.588500304959
 -9561.811569452924 5707.378034072621 8140.174295161087 4493.492176781436
 -3367.283617710005 -2145.009474062288 -3721.23544791011 9087.558366697322
 8859.722995447715 9610.665130783051 -9668.173892285931 -8789.072782198587
 619.2601645634259 -3577.349653998018 -6635.912269297309 9707.803360453669
 -24549.99286510709 8011.251586902534 -23428.9163279795 27598.42470367898
 8465.400222921999 -2313.818609799151 -4631.39062688794 -2001.255975900252
 7777.483595827428 -12151.21824922699 -10510.75395778323 4407.98795658754
 619.2601645634259 -3577.349653998018 -6635.912269297309 9707.803360453669
 1766.543125951963 -2315.35985318852 1320.727147087213 7529.93471798698
 8711.11458446072 4144.399444053428 -7911.678144914878 -789.838704928552
 -865.6887521966892 4628.402975316838 3064.534220470234 -4162.820345837132
 3199.358300543247 -2100.455741711324 6332.827368459557 -4457.737840655188
 -5411.001826405629 -2425.812030730642 3524.778344016495 4282.78926340209
 -2307.77097120494 3714.747683875612 2843.511700395025 -3120.752328437167
 -7363.438081208738 2572.56408462227 7704.645149564436 4773.674753471678
 -3367.283617710005 -2145.009474062288 -3721.23544791011 9087.558366697322
 -4677.274778670037 1577.673348821567 -3235.349940443971 5982.861103259605
 -9866.578198257794 7588.734456191767 -2821.00552771719 5123.679337178926
 1945.979957277465 -1741.802932637416 7356.280788144377 -5303.565125592408
 4858.225879279398 -4299.345905346311 1767.466182755063 -906.070304549261
 8374.022165394006 -8804.080361848903 -2211.103404340787 3592.430664493184
 6357.8048699717 -5379.058043561246 1534.748706067492 9688.923148830367
 -1974.266873230594 -5174.655571031653 4180.160428028401 1038.605306320625
 -4358.618316753356 8955.164898078961 5674.800685996035 -4599.765340986795
 -4358.618316753356 8955.164898078961 5674.800685996035 -4599.765340986795
 18410.15714350444 20731.0033218916 26472.44689393535 -26589.72543337258
 6616.659348373344 -18946.31055172777 12223.61139075147 -12772.25109204771
 619.2601645634259 -3577.349653998018 -6635.912269297309 9707.803360453669
 3609.306022162767 9359.955362698845 -6203.795714318125 -2091.778377190711
 619.2601645634259 -3577.349653998018 -6635.912269297309 9707.803360453669
 9744.938063850976 1229.298013432463 -7866.44567428723 1952.591179432909
 7403.151744065101 -5095.233544776337 -1114.645321432039 -905.5490590003992
 9305.811383682601 2662.456530070518 -1275.949710332512 -9508.698622242346
 3966.992780213008 6103.614198810701 -5860.760078274719 -4680.09965199616
 -8885.964360768006 -31358.80680894425 14716.35068179529 16828.82084746133
 6087.619612934099 -6983.842575003593 -6917.430330186426 -8622.18474802584
 8859.722995447715 9610.665130783051 -9668.173892285931 -8789.072782198587
 -5826.498584934904 9776.69711706544 -9885.883248222206 -9831.056429417224
 2704.12021794344 -7362.696725902917 2894.424742873232 9572.603508900411
 -3300.691392461616 3145.432524517346 -4951.013333340898 5282.206246768132
 7403.151744065101 -5095.233544776337 -1114.645321432039 -905.5490590003992
 6252.930193721571 -5355.358488031613 8796.474079669813 -489.8045562904263
 -4677.274778670037 1577.673348821567 -3235.349940443971 5982.861103259605
