# Created by Octave 4.2.1, Mon Oct 09 19:19:37 2017 BRT <root@mosqueiro>
# name: pop
# type: matrix
# rows: 1000
# columns: 4
 -7110.832997500815 9259.01517918695 9222.633035726509 -11371.84441947265
 -7110.832997500815 9259.01517918695 9222.633035726509 -11371.84441947265
 -7110.832997500815 9259.01517918695 9222.633035726509 -11371.84441947265
 -7110.832997500815 9259.01517918695 9222.633035726509 -11371.84441947265
 -7110.832997500815 9259.01517918695 9222.633035726509 -11371.84441947265
 -7169.826561157347 9244.889888163483 9008.084035636477 -11084.17672481621
 -7175.302937504178 9291.759526839387 9015.832631348962 -11058.38877308525
 -7169.826561157347 9244.889888163483 9008.084035636477 -11084.17672481621
 -7103.37826922589 9259.436396609883 9205.894624406897 -11361.23503793489
 -7110.832997500815 9259.01517918695 9222.633035726509 -11371.84441947265
 -7148.103312701941 9110.658303641747 9020.659766140016 -10968.80655961632
 -7169.826561157347 9244.889888163483 9008.084035636477 -11084.17672481621
 -8380.236320047154 10377.11381341655 8582.325274891631 -10586.46485318963
 -7169.826561157347 9244.889888163483 9008.084035636477 -11084.17672481621
 -7169.826561157347 9244.889888163483 9008.084035636477 -11084.17672481621
 -7110.832997500815 9259.01517918695 9222.633035726509 -11371.84441947265
 -7169.826561157347 9244.889888163483 9008.084035636477 -11084.17672481621
 -7985.271732212326 9539.525204043102 8577.397463850994 -10087.38540185525
 -8421.019129482293 10501.41336096712 8570.920293701953 -10633.86916672773
 -7169.826561157347 9244.889888163483 9008.084035636477 -11084.17672481621
 -7550.994568967475 9422.043339869355 8908.925889460448 -10742.73349019874
 -7985.271732212326 9539.525204043102 8577.397463850994 -10087.38540185525
 -8022.53387267807 9537.107782830728 8597.837314151189 -10113.44453178257
 -7003.838796063185 9134.455766009651 8862.302768877247 -11001.58003273392
 -7147.012898351824 9116.34276857835 9020.312502510486 -10966.44432270663
 -7103.37826922589 9259.436396609883 9205.894624406897 -11361.23503793489
 -7169.826561157347 9244.889888163483 9008.084035636477 -11084.17672481621
 -7157.109296971267 9122.741077802317 9041.079483473468 -10972.01558289398
 -8375.912307267128 10392.40189301422 8569.035627015357 -10585.33806172012
 -7110.832997500815 9259.01517918695 9222.633035726509 -11371.84441947265
 -7169.826561157347 9244.889888163483 9008.084035636477 -11084.17672481621
 -7550.994568967475 9422.043339869355 8908.925889460448 -10742.73349019874
 -7110.832997500815 9259.01517918695 9222.633035726509 -11371.84441947265
 -7110.832997500815 9259.01517918695 9222.633035726509 -11371.84441947265
 -7991.742986580851 9533.076291205038 8633.950150833352 -10170.4998353404
 -7110.832997500815 9259.01517918695 9222.633035726509 -11371.84441947265
 -7169.826561157347 9244.889888163483 9008.084035636477 -11084.17672481621
 -7169.826561157347 9244.889888163483 9008.084035636477 -11084.17672481621
 -7169.826561157347 9244.889888163483 9008.084035636477 -11084.17672481621
 -7169.826561157347 9244.889888163483 9008.084035636477 -11084.17672481621
 -7169.826561157347 9244.889888163483 9008.084035636477 -11084.17672481621
 -7169.826561157347 9244.889888163483 9008.084035636477 -11084.17672481621
 -7169.826561157347 9244.889888163483 9008.084035636477 -11084.17672481621
 -7110.832997500815 9259.01517918695 9222.633035726509 -11371.84441947265
 -7169.826561157347 9244.889888163483 9008.084035636477 -11084.17672481621
 -7490.410146697391 9215.980631502833 8781.873224223607 -10776.23133734811
 -7110.832997500815 9259.01517918695 9222.633035726509 -11371.84441947265
 -7934.698706976328 9559.162207762944 8643.801280526701 -10200.86900466777
 -7169.826561157347 9244.889888163483 9008.084035636477 -11084.17672481621
 -7169.826561157347 9244.889888163483 9008.084035636477 -11084.17672481621
 -7169.826561157347 9244.889888163483 9008.084035636477 -11084.17672481621
 -7166.4529815614 9199.474642284062 9230.86851534979 -11310.66440551967
 -7180.668840811666 9238.953963370235 9003.217517402387 -11098.63960163887
 -7169.826561157347 9244.889888163483 9008.084035636477 -11084.17672481621
 -7180.581259590816 9245.690149615637 9027.104318328315 -11083.71747793759
 -7169.826561157347 9244.889888163483 9008.084035636477 -11084.17672481621
 -7169.826561157347 9244.889888163483 9008.084035636477 -11084.17672481621
 -7134.842910279934 9279.814148810839 8991.664276809584 -11091.06501038316
 -7136.731248384437 9114.997394416769 9026.72348343004 -10969.38672621399
 -7169.826561157347 9244.889888163483 9008.084035636477 -11084.17672481621
 -6105.761915397862 7968.859892418128 9225.252817785442 -11539.17386492094
 -7110.832997500815 9259.01517918695 9222.633035726509 -11371.84441947265
 -7169.916320322882 9224.384640228298 9005.275867766959 -11073.79498044542
 -7169.826561157347 9244.889888163483 9008.084035636477 -11084.17672481621
 -7110.832997500815 9259.01517918695 9222.633035726509 -11371.84441947265
 -7110.832997500815 9259.01517918695 9222.633035726509 -11371.84441947265
 -7067.813180390536 9136.34833706278 9073.990655965346 -10968.97920781773
 -7103.37826922589 9259.436396609883 9205.894624406897 -11361.23503793489
 -7694.950368694257 9410.348229867443 8693.755773177243 -10784.0793078134
 -7110.832997500815 9259.01517918695 9222.633035726509 -11371.84441947265
 -7110.832997500815 9259.01517918695 9222.633035726509 -11371.84441947265
 -7169.826561157347 9244.889888163483 9008.084035636477 -11084.17672481621
 -7169.826561157347 9244.889888163483 9008.084035636477 -11084.17672481621
 -7169.826561157347 9244.889888163483 9008.084035636477 -11084.17672481621
 -7169.826561157347 9244.889888163483 9008.084035636477 -11084.17672481621
 -7148.103312701941 9110.658303641747 9020.659766140016 -10968.80655961632
 -7169.826561157347 9244.889888163483 9008.084035636477 -11084.17672481621
 -7103.37826922589 9259.436396609883 9205.894624406897 -11361.23503793489
 -7169.826561157347 9244.889888163483 9008.084035636477 -11084.17672481621
 -7156.358787400199 9101.178822464815 8986.169971943837 -10996.81325652759
 -7169.826561157347 9244.889888163483 9008.084035636477 -11084.17672481621
 -8426.948308865074 10534.79056234168 8548.091230847083 -10617.27261863091
 -7116.073101632368 9255.915370662104 9237.159207127837 -11379.97146095492
 -7148.103312701941 9110.658303641747 9020.659766140016 -10968.80655961632
 -6984.248278336937 9193.568077098556 8978.830163828583 -10976.75670059736
 -7169.826561157347 9244.889888163483 9008.084035636477 -11084.17672481621
 -7103.37826922589 9259.436396609883 9205.894624406897 -11361.23503793489
 -7169.826561157347 9244.889888163483 9008.084035636477 -11084.17672481621
 -7169.826561157347 9244.889888163483 9008.084035636477 -11084.17672481621
 -7103.37826922589 9259.436396609883 9205.894624406897 -11361.23503793489
 -7110.832997500815 9259.01517918695 9222.633035726509 -11371.84441947265
 -7550.994568967475 9422.043339869355 8908.925889460448 -10742.73349019874
 -7169.826561157347 9244.889888163483 9008.084035636477 -11084.17672481621
 -7110.832997500815 9259.01517918695 9222.633035726509 -11371.84441947265
 -7991.742986580851 9533.076291205038 8633.950150833352 -10170.4998353404
 -7169.826561157347 9244.889888163483 9008.084035636477 -11084.17672481621
 -7110.832997500815 9259.01517918695 9222.633035726509 -11371.84441947265
 -7991.742986580851 9533.076291205038 8633.950150833352 -10170.4998353404
 -7169.826561157347 9244.889888163483 9008.084035636477 -11084.17672481621
 -7103.37826922589 9259.436396609883 9205.894624406897 -11361.23503793489
 -6984.248278336937 9193.568077098556 8978.830163828583 -10976.75670059736
 -7148.103312701941 9110.658303641747 9020.659766140016 -10968.80655961632
 -7513.729735096663 9445.88159399667 8811.899363089951 -10787.90467815767
 -7169.826561157347 9244.889888163483 9008.084035636477 -11084.17672481621
 -7169.826561157347 9244.889888163483 9008.084035636477 -11084.17672481621
