# Created by Octave 4.2.1, Mon Oct 09 19:02:50 2017 BRT <root@mosqueiro>
# name: pop
# type: matrix
# rows: 1000
# columns: 4
 -3242.063772885232 5110.64106222893 5558.902254626702 -7417.344606165118
 -9742.154370291286 1630.877927581631 9338.340417268184 -1187.643890138514
 -1637.732226726568 9967.83640559197 -1280.237021546411 -7086.266306783838
 -473.4894271847352 -6959.258988994134 2618.978339100213 4915.121671251325
 -4321.396377557863 -193.2627771537809 7973.575902319786 -3520.098961155346
 -1073.614153602961 5992.324567537244 -6604.317236904719 9973.049110862856
 -2826.156835625996 -4804.119905731453 -7391.966552260575 4008.645739807924
 2111.802810088766 -763.6382987662237 3026.286860985632 -4556.263539373236
 -2731.247041605068 -6209.050793902523 4434.256572070692 4342.816253936828
 -1637.732226726568 9967.83640559197 -1280.237021546411 -7086.266306783838
 865.0791083915374 7128.465731710879 8161.189291376391 -1122.921619905581
 -1991.202326630298 792.5827617355098 765.8076075076824 1427.030728040467
 9252.262212424441 6820.304512322935 5048.449278450109 7216.265919922847
 -2620.639473095053 -2571.811039843292 4920.933689236166 4407.31101001109
 -9947.972963015165 -9427.048560848072 9122.427562604182 -6769.781083860572
 6493.775975950044 48.03390006992231 4577.530012248933 2701.429580658376
 1177.787411722818 -6795.58841119856 956.044391647918 4443.835277546859
 5235.948516145108 -9487.320798298102 7846.394816493394 -4544.784869063713
 -5010.299028164994 8595.674908698289 -8532.617265801866 5127.507574258814
 -2857.230673551659 -3765.057832326976 -119.2052812649108 7661.225331233589
 -3433.848934850264 -9099.185219292765 -3378.035875964699 -9639.475912105423
 -3590.28210166873 -2220.154516976148 -8729.051615011593 2184.993225488151
 -3403.213446770138 2892.964699575354 -3777.306237548724 -1516.484120504752
 4949.625701580655 8518.92075247335 -9580.59015516492 3001.45936238502
 4045.201886150635 3999.448305583963 -8172.999263069082 3576.381230341503
 2975.033127459354 -2351.999370543566 2876.306396228312 3058.345324994087
 5093.185299809133 -5278.288960414942 5488.269379979727 8340.751477165766
 6040.604042236686 4939.6408026847 -1005.063575002536 -591.3805025865622
 -3730.065292246431 5673.892293077311 -1082.689040422534 -681.1157311015631
 -3730.065292246431 5673.892293077311 -1082.689040422534 -681.1157311015631
 7838.704790267122 9783.496411349464 6417.083664367037 2505.890579540182
 -2932.841268174656 9490.077561142632 -1218.17615916326 -6687.163971796572
 2111.802810088766 -763.6382987662237 3026.286860985632 -4556.263539373236
 4713.512050700328 2226.722646011154 -3342.913907814718 -1271.598498522846
 -8403.146093303743 8819.225195003928 2252.722385506611 -1373.58989714762
 -5465.489330474758 5375.828771959501 -7846.449017002868 -976.4517430786127
 4113.298501043622 7110.824086065491 -2492.642148681149 -7641.093077881115
 -6423.669588550785 1230.912497867415 1697.876488576367 2811.279556527135
 -8628.772661712796 4064.563446057933 8460.019343648433 -6561.936109227037
 -9742.154370291286 1630.877927581631 9338.340417268184 -1187.643890138514
 -7286.469088911315 -1166.29667342892 7723.84391042397 1773.216641377585
 -4246.384568564456 -1360.520437912914 1001.091405758041 -6332.450630384468
 3870.347819867669 9435.491538558654 -7630.094462691792 -7801.790381673105
 7281.164141454061 -9937.360491901802 944.3447225645014 5577.49992731416
 5701.749246145773 -9039.577682230411 4060.766894247798 -5101.268641417184
 -7002.169335880738 9473.052901655061 -7043.200861158557 -1430.571625027076
 7095.754524835393 -7894.206449839957 -2768.733454950974 623.2741494333513
 6471.180676962063 612.4862076435347 433.4781412957582 -6272.919000988285
 -5993.851430621848 368.1018847018167 9669.279065791419 -9102.941052361672
 -9345.608581356044 -1553.880795615045 1073.938430940269 9635.502678720386
 -1073.614153602961 5992.324567537244 -6604.317236904719 9973.049110862856
 -5557.453770590964 3042.885542997134 4742.098305214073 3393.951076952237
 8131.041293991952 -6826.214708336063 -7697.588141930615 7102.873860855627
 -3807.007290543506 9127.676766415232 -573.3147833794428 3482.99666429904
 4559.588672474756 -7712.646027779534 9999.086853156354 8181.532370518715
 -1265.924725574083 3638.709208571936 -3314.192912642161 2155.914462491124
 -7286.469088911315 -1166.29667342892 7723.84391042397 1773.216641377585
 483.257198040179 2154.386968890727 -8050.566139298062 7477.827175314102
 7021.245298583006 -2728.581727239295 -4995.606059245045 -4751.224185289315
 8584.456172868475 8507.964515151129 797.6133063734778 -3317.290724288774
 -1559.219057704007 4379.625114011298 -8238.506913884832 4664.468409069854
 -274.0812341322362 -7839.582431351996 4498.556688454108 8628.790564424089
 -6067.990449075106 8513.240531471973 -4478.663223771769 4513.754174131936
 9284.326906354006 -7596.791710428201 -1167.271117711818 -868.2931908848514
 7565.161193262225 408.3281251568405 -8905.141076634372 5723.352590589862
 6488.580567689365 1465.098012733743 2746.205917186375 6.916056646587094
 8057.801692827259 -5590.626984828914 -4012.453718711876 7238.352635170941
 3578.531782510549 -1849.683524069756 -1627.308322009805 3905.243811203833
 9910.039427937831 1325.738380274639 3956.941581791682 -1974.002853387095
 1756.238391472887 -9904.088122541209 8780.677568521231 1434.617063251862
 9306.85174328422 -4888.428769851821 8816.144749049381 -5055.657952032345
 7412.20999307256 1705.924832519881 -249.5307397230699 -9532.695824287375
 -3242.063772885232 5110.64106222893 5558.902254626702 -7417.344606165118
 5259.792175898163 -527.5324133758259 3052.702002478283 2415.665264523166
 9962.971535960634 -9111.293350152293 3085.277887635482 1406.427501914812
 5749.161221701543 7742.81415103134 -6912.032605923618 8101.337602967062
 -837.1334103127829 -9371.213992813207 -6367.319873809093 -4671.094822050877
 -7773.946240633593 5408.517042107002 -8832.645899650119 -4873.585561787052
 -4321.396377557863 -193.2627771537809 7973.575902319786 -3520.098961155346
 -3403.213446770138 2892.964699575354 -3777.306237548724 -1516.484120504752
 1900.471706163775 -1474.239886102776 4116.330861809825 -4819.573543464942
 4113.298501043622 7110.824086065491 -2492.642148681149 -7641.093077881115
 -3772.099804375832 7909.307148604883 -2765.091052690927 201.9753426786156
 -2731.247041605068 -6209.050793902523 4434.256572070692 4342.816253936828
 5393.259569745362 330.8196016248548 -5498.813768978549 2334.40728542099
 4522.054516234015 6794.104362532278 9658.31471053182 -7679.430513470857
 6820.22637843564 1082.356110117593 -3091.973557575979 6943.461079139121
 7565.161193262225 408.3281251568405 -8905.141076634372 5723.352590589862
 8112.41055912372 -5539.479616246526 6516.636932878504 8264.190373408674
 261.322833402608 6197.735191262578 -9022.557174759149 -1042.090483224963
 -2437.277702614836 9373.064351131696 5908.729594410202 -2274.711951541171
 -8941.378027743387 4941.510416409108 -3780.490278713283 -2744.109829827729
 -6896.537441883174 9394.631160392062 -875.0165210204214 105.5597728236171
 2374.725318535007 -229.3453751088928 261.9152431379298 -55.68521064795459
 -352.0834574158507 662.0615914754926 7646.757642322176 -7732.829276300747
 9252.262212424441 6820.304512322935 5048.449278450109 7216.265919922847
 9284.326906354006 -7596.791710428201 -1167.271117711818 -868.2931908848514
 298.3924108020783 4450.644821379474 902.1169016697186 -574.896304272821
 -6588.963217111109 -6440.538915556388 -534.450640281877 -4774.552171887782
 3682.986333772726 -4899.517194464705 2803.920893242674 -611.8238929287963
 -9955.714568365134 -8277.575166884337 7289.188271201114 4266.65546910336
 7778.027845443561 8854.227310563478 8746.970635852354 -5463.734712766632
 -4321.396377557863 -193.2627771537809 7973.575902319786 -3520.098961155346
 -8403.146093303743 8819.225195003928 2252.722385506611 -1373.58989714762
 -8941.378027743387 4941.510416409108 -3780.490278713283 -2744.109829827729
