# Created by Octave 4.2.1, Mon Oct 09 19:25:12 2017 BRT <root@mosqueiro>
# name: pop
# type: matrix
# rows: 1000
# columns: 4
 8859.722995447715 9610.665130783051 -9668.173892285931 -8789.072782198587
 8859.722995447715 9610.665130783051 -9668.173892285931 -8789.072782198587
 8859.722995447715 9610.665130783051 -9668.173892285931 -8789.072782198587
 8859.722995447715 9610.665130783051 -9668.173892285931 -8789.072782198587
 8859.722995447715 9610.665130783051 -9668.173892285931 -8789.072782198587
 10070.35818713987 13663.31669098554 -7534.156725123075 -24024.80868853325
 8728.959225175611 13699.18291221524 -17762.9610267138 -2939.309534677212
 8859.722995447715 9610.665130783051 -9668.173892285931 -8789.072782198587
 -11615.02390366955 -26367.99965790012 -20256.57585578025 24896.27498429417
 8859.722995447715 9610.665130783051 -9668.173892285931 -8789.072782198587
 8859.722995447715 9610.665130783051 -9668.173892285931 -8789.072782198587
 8859.722995447715 9610.665130783051 -9668.173892285931 -8789.072782198587
 -1840.529773736593 6693.14436669824 19534.84688295828 11242.4599279852
 8859.722995447715 9610.665130783051 -9668.173892285931 -8789.072782198587
 -4681.689793036867 26829.11518872678 -19915.17022713401 -19247.55666100804
 8859.722995447715 9610.665130783051 -9668.173892285931 -8789.072782198587
 8859.722995447715 9610.665130783051 -9668.173892285931 -8789.072782198587
 8859.722995447715 9610.665130783051 -9668.173892285931 -8789.072782198587
 -9040.448180181284 -11309.26387020023 5085.179700394692 5194.275505933432
 8859.722995447715 9610.665130783051 -9668.173892285931 -8789.072782198587
 8859.722995447715 9610.665130783051 -9668.173892285931 -8789.072782198587
 9460.99397008292 24122.31881076783 -8757.569790471198 -17151.13039973516
 8859.722995447715 9610.665130783051 -9668.173892285931 -8789.072782198587
 404.1846853362567 -3882.229336197966 -4286.604876487126 -6665.617523586856
 -5411.001826405629 -2425.812030730642 3524.778344016495 4282.78926340209
 8859.722995447715 9610.665130783051 -9668.173892285931 -8789.072782198587
 8859.722995447715 9610.665130783051 -9668.173892285931 -8789.072782198587
 619.2601645634259 -3577.349653998018 -6635.912269297309 9707.803360453669
 8859.722995447715 9610.665130783051 -9668.173892285931 -8789.072782198587
 26543.62948450787 41352.79524045405 -19144.47175685997 11589.60444536693
 8859.722995447715 9610.665130783051 -9668.173892285931 -8789.072782198587
 6989.259429581814 4587.223990161849 -10272.51847545706 -10557.58236708117
 1581.546894076223 16872.15295631816 -5405.489080392685 -24756.95155614187
 8859.722995447715 9610.665130783051 -9668.173892285931 -8789.072782198587
 8859.722995447715 9610.665130783051 -9668.173892285931 -8789.072782198587
 8859.722995447715 9610.665130783051 -9668.173892285931 -8789.072782198587
 8859.722995447715 9610.665130783051 -9668.173892285931 -8789.072782198587
 8859.722995447715 9610.665130783051 -9668.173892285931 -8789.072782198587
 8859.722995447715 9610.665130783051 -9668.173892285931 -8789.072782198587
 13042.53768277644 4542.549746289354 -5498.90677553795 -8491.512577883936
 8859.722995447715 9610.665130783051 -9668.173892285931 -8789.072782198587
 9452.557576379499 8880.452006477901 -6708.320995895517 -20407.78644529328
 8859.722995447715 9610.665130783051 -9668.173892285931 -8789.072782198587
 -24515.74282895711 -4523.309646926473 -23949.16130148582 -5774.402957292032
 -751.8020294756843 -2706.941894743737 -8882.902577908306 13541.5690884927
 8859.722995447715 9610.665130783051 -9668.173892285931 -8789.072782198587
 -16775.12263190579 36902.57014342655 7119.861853839767 -13290.41248322273
 17469.10922847025 69.51164093384978 -11282.86777091865 -837.3872577811862
 8859.722995447715 9610.665130783051 -9668.173892285931 -8789.072782198587
 -13373.20486566875 -29950.4703117244 22030.35547998539 -4906.205929230061
 8859.722995447715 9610.665130783051 -9668.173892285931 -8789.072782198587
 -4677.274778670037 1577.673348821567 -3235.349940443971 5982.861103259605
 3292.86821713586 801.6487003200345 5142.816580066494 -2401.73433296699
 -18356.27858834926 11840.2502108171 8287.974380390309 59.08960334993549
 11456.35157739993 -3365.042510361446 11440.79254358883 -579.7033574716916
 8859.722995447715 9610.665130783051 -9668.173892285931 -8789.072782198587
 8859.722995447715 9610.665130783051 -9668.173892285931 -8789.072782198587
 -9866.578198257794 7588.734456191767 -2821.00552771719 5123.679337178926
 8859.722995447715 9610.665130783051 -9668.173892285931 -8789.072782198587
 8859.722995447715 9610.665130783051 -9668.173892285931 -8789.072782198587
 24110.99672362201 18951.23722537922 -5438.477804254958 -5269.342139879609
 -9866.578198257794 7588.734456191767 -2821.00552771719 5123.679337178926
 8728.959225175611 13699.18291221524 -17762.9610267138 -2939.309534677212
 8859.722995447715 9610.665130783051 -9668.173892285931 -8789.072782198587
 8859.722995447715 9610.665130783051 -9668.173892285931 -8789.072782198587
 24240.65855156865 17163.37418232266 -24128.90822087288 -8881.84154584303
 8859.722995447715 9610.665130783051 -9668.173892285931 -8789.072782198587
 8859.722995447715 9610.665130783051 -9668.173892285931 -8789.072782198587
 8859.722995447715 9610.665130783051 -9668.173892285931 -8789.072782198587
 8859.722995447715 9610.665130783051 -9668.173892285931 -8789.072782198587
 -5411.001826405629 -2425.812030730642 3524.778344016495 4282.78926340209
 8859.722995447715 9610.665130783051 -9668.173892285931 -8789.072782198587
 -4677.274778670037 1577.673348821567 -3235.349940443971 5982.861103259605
 8859.722995447715 9610.665130783051 -9668.173892285931 -8789.072782198587
 8859.722995447715 9610.665130783051 -9668.173892285931 -8789.072782198587
 38.23082768821223 15589.64520046574 -2568.147191244194 -8780.597806818903
 9462.128173948433 21538.41154883549 -13319.63953994796 -7227.914767423521
 12010.65151324077 1032.00741472359 -10889.58353495516 -5740.399882964495
 8859.722995447715 9610.665130783051 -9668.173892285931 -8789.072782198587
 8859.722995447715 9610.665130783051 -9668.173892285931 -8789.072782198587
 8859.722995447715 9610.665130783051 -9668.173892285931 -8789.072782198587
 8859.722995447715 9610.665130783051 -9668.173892285931 -8789.072782198587
 14811.58136844893 25731.0942300007 -4839.738744009643 -1631.653932128895
 10808.376652049 13817.12702954168 -7762.283554483962 -15760.49427324557
 11960.12036665581 -12745.29635977099 -47511.15682500516 1500.781246195844
 8859.722995447715 9610.665130783051 -9668.173892285931 -8789.072782198587
 -13274.99221566355 9768.256796471727 -25253.40540724885 -24087.68002203445
 9377.113339125057 12732.68156474749 -12681.63368497846 -3076.942702291869
 16320.05812834889 20521.27444780908 -15161.18053396494 525.1151311886333
 8859.722995447715 9610.665130783051 -9668.173892285931 -8789.072782198587
 -18281.62679338987 19679.11822968752 -1711.906710423308 15623.66203071256
 8859.722995447715 9610.665130783051 -9668.173892285931 -8789.072782198587
 8859.722995447715 9610.665130783051 -9668.173892285931 -8789.072782198587
 7187.229564337475 -3850.471611039946 705.0778000997689 -4635.192765220265
 8859.722995447715 9610.665130783051 -9668.173892285931 -8789.072782198587
 -3367.283617710005 -2145.009474062288 -3721.23544791011 9087.558366697322
 8859.722995447715 9610.665130783051 -9668.173892285931 -8789.072782198587
 8859.722995447715 9610.665130783051 -9668.173892285931 -8789.072782198587
 -18356.27858834926 11840.2502108171 8287.974380390309 59.08960334993549
 13828.93001611521 22463.11591114469 5168.913772390262 -12902.47993556013
 8859.722995447715 9610.665130783051 -9668.173892285931 -8789.072782198587
 21024.13570065416 9711.494174626037 736.8351370732853 1947.220599692588
 8859.722995447715 9610.665130783051 -9668.173892285931 -8789.072782198587
 5711.731088316048 7366.90549198111 -47543.25685180619 -7837.61811597757
 8859.722995447715 9610.665130783051 -9668.173892285931 -8789.072782198587
