# Created by Octave 4.2.1, Mon Oct 09 19:30:20 2017 BRT <root@mosqueiro>
# name: pop
# type: matrix
# rows: 1000
# columns: 4
 8812.863379719576 9711.783009536466 -9756.161889912977 -8769.505758475483
 8812.863379719576 9711.783009536466 -9756.161889912977 -8769.505758475483
 8812.863379719576 9711.783009536466 -9756.161889912977 -8769.505758475483
 8812.863379719576 9711.783009536466 -9756.161889912977 -8769.505758475483
 8812.863379719576 9711.783009536466 -9756.161889912977 -8769.505758475483
 7635.879425484354 9246.488771113474 -9728.420221775132 -7154.739388587779
 8833.722490443326 9709.866526516211 -9757.538957872526 -8782.615213469244
 7635.879425484354 9246.488771113474 -9728.420221775132 -7154.739388587779
 8817.509931361912 9710.2651576689 -9754.380183401068 -8774.305492951711
 8816.19990571794 9711.014861572821 -9753.81764537735 -8772.860665054008
 7635.879425484354 9246.488771113474 -9728.420221775132 -7154.739388587779
 8816.19990571794 9711.014861572821 -9753.81764537735 -8772.860665054008
 7636.170229539526 9246.627942164758 -9728.868926215175 -7155.111857488252
 8851.286096534606 9575.844311495643 -9646.009621484431 -8781.636648816111
 8816.19990571794 9711.014861572821 -9753.81764537735 -8772.860665054008
 8812.863379719576 9711.783009536466 -9756.161889912977 -8769.505758475483
 8816.19990571794 9711.014861572821 -9753.81764537735 -8772.860665054008
 8798.017793114846 9751.768817482041 -9755.900141246286 -8793.19269578085
 8812.647221456935 9697.965836572701 -9763.549278695327 -8748.479392261239
 8798.970081712161 9634.287641205441 -9884.220135912325 -8537.160218410841
 7635.879425484354 9246.488771113474 -9728.420221775132 -7154.739388587779
 8817.739119680766 9702.253539519397 -9756.456742992004 -8763.046504458114
 7635.879425484354 9246.488771113474 -9728.420221775132 -7154.739388587779
 8817.496020437982 9702.054984971213 -9756.619116510758 -8762.677613514321
 8816.19990571794 9711.014861572821 -9753.81764537735 -8772.860665054008
 8812.863379719576 9711.783009536466 -9756.161889912977 -8769.505758475483
 8572.796002494068 9957.782698106217 -9805.090878437595 -8726.510621027899
 8815.398579410603 9710.278665417374 -9753.958306046035 -8773.007234504175
 7635.879425484354 9246.488771113474 -9728.420221775132 -7154.739388587779
 8572.796002494068 9957.782698106217 -9805.090878437595 -8726.510621027899
 7635.663995163181 9246.526554571514 -9728.483823971492 -7154.535184334208
 8816.19990571794 9711.014861572821 -9753.81764537735 -8772.860665054008
 8859.722995447715 9610.665130783051 -9668.173892285931 -8789.072782198587
 8808.542130906962 9721.120938730608 -9742.931368002428 -8782.617504908629
 8572.157625211619 9958.377950746371 -9805.885349002045 -8725.220441791353
 8880.329607327631 9562.055039400988 -9647.957405898453 -8759.997464008231
 8812.863379719576 9711.783009536466 -9756.161889912977 -8769.505758475483
 7635.879425484354 9246.488771113474 -9728.420221775132 -7154.739388587779
 8812.641858770359 9699.292106296221 -9763.521528379459 -8748.360427225507
 8572.157625211619 9958.377950746371 -9805.885349002045 -8725.220441791353
 8816.19990571794 9711.014861572821 -9753.81764537735 -8772.860665054008
 8812.863379719576 9711.783009536466 -9756.161889912977 -8769.505758475483
 8828.36180828662 9705.763780307587 -9754.432986463597 -8780.345253575133
 8817.558198422361 9710.234304290687 -9763.722616986324 -8764.24427218197
 8828.672150595243 9705.138524190299 -9754.78968989534 -8779.74084582355
 8812.863379719576 9711.783009536466 -9756.161889912977 -8769.505758475483
 8815.733498916145 9704.945273946512 -9722.802445359441 -8788.681478028233
 8816.19990571794 9711.014861572821 -9753.81764537735 -8772.860665054008
 8803.261320119636 9633.929791838485 -9883.323206598743 -8536.678310684259
 7635.879425484354 9246.488771113474 -9728.420221775132 -7154.739388587779
 8860.378311191333 9611.252040706753 -9668.640049791285 -8788.250695552249
 7635.879425484354 9246.488771113474 -9728.420221775132 -7154.739388587779
 7635.879425484354 9246.488771113474 -9728.420221775132 -7154.739388587779
 8812.900938329927 9705.612736416264 -9742.139302172171 -8776.863916667131
 8812.863379719576 9711.783009536466 -9756.161889912977 -8769.505758475483
 8816.19990571794 9711.014861572821 -9753.81764537735 -8772.860665054008
 8851.143359028296 9575.873427880779 -9645.764535156024 -8781.589461987462
 7635.879425484354 9246.488771113474 -9728.420221775132 -7154.739388587779
 8572.796002494068 9957.782698106217 -9805.090878437595 -8726.510621027899
 8816.19990571794 9711.014861572821 -9753.81764537735 -8772.860665054008
 8815.803610733516 9710.878094592177 -9750.327795350644 -8769.918377670749
 8828.863337296832 9705.220576852449 -9754.713294246887 -8779.974554266699
 8828.672150595243 9705.138524190299 -9754.78968989534 -8779.74084582355
 8572.796002494068 9957.782698106217 -9805.090878437595 -8726.510621027899
 8851.563246298561 9575.46501628244 -9646.208864491882 -8781.718422334481
 7635.879425484354 9246.488771113474 -9728.420221775132 -7154.739388587779
 7640.112672405318 9248.394175182904 -9726.138645898991 -7152.98304252966
 7634.701091570933 9246.901520758176 -9728.582357238485 -7154.792585680569
 7635.879425484354 9246.488771113474 -9728.420221775132 -7154.739388587779
 7635.879425484354 9246.488771113474 -9728.420221775132 -7154.739388587779
 8748.724918834709 9766.4825004048 -9530.546030320194 -8975.638007028165
 7635.879425484354 9246.488771113474 -9728.420221775132 -7154.739388587779
 7635.879425484354 9246.488771113474 -9728.420221775132 -7154.739388587779
 8812.098541568914 9713.244566630783 -9756.407305380564 -8769.398985650472
 7635.879425484354 9246.488771113474 -9728.420221775132 -7154.739388587779
 8816.19990571794 9711.014861572821 -9753.81764537735 -8772.860665054008
 8572.796002494068 9957.782698106217 -9805.090878437595 -8726.510621027899
 8816.19990571794 9711.014861572821 -9753.81764537735 -8772.860665054008
 8813.034164639554 9702.048730981958 -9764.070083117405 -8748.178781091923
 7636.349006299502 9246.218990927257 -9728.426000824047 -7154.950000189741
 8572.796002494068 9957.782698106217 -9805.090878437595 -8726.510621027899
 8817.739119680766 9702.253539519397 -9756.456742992004 -8763.046504458114
 7635.879425484354 9246.488771113474 -9728.420221775132 -7154.739388587779
 7635.879425484354 9246.488771113474 -9728.420221775132 -7154.739388587779
 7635.879425484354 9246.488771113474 -9728.420221775132 -7154.739388587779
 7635.879425484354 9246.488771113474 -9728.420221775132 -7154.739388587779
 8572.796002494068 9957.782698106217 -9805.090878437595 -8726.510621027899
 7635.879425484354 9246.488771113474 -9728.420221775132 -7154.739388587779
 7635.879425484354 9246.488771113474 -9728.420221775132 -7154.739388587779
 8828.938380152777 9706.333923592812 -9753.500012040096 -8780.976386120432
 8828.672150595243 9705.138524190299 -9754.78968989534 -8779.74084582355
 8813.034164639554 9702.048730981958 -9764.070083117405 -8748.178781091923
 7635.879425484354 9246.488771113474 -9728.420221775132 -7154.739388587779
 8817.098379581035 9710.67436753706 -9752.98140245847 -8773.98199659057
 8816.834507002692 9711.077529340128 -9756.059684439968 -8771.522122378003
 8812.863379719576 9711.783009536466 -9756.161889912977 -8769.505758475483
 8817.558198422361 9710.234304290687 -9763.722616986324 -8764.24427218197
 8817.40546034874 9709.654495039769 -9753.326397661027 -8772.238587844617
 8810.691689533789 9698.629142631542 -9763.885749287612 -8749.681302552604
 7636.638177667783 9246.744073305248 -9729.023548384668 -7154.192008778467
 8812.641858770359 9699.292106296221 -9763.521528379459 -8748.360427225507
 7635.879425484354 9246.488771113474 -9728.420221775132 -7154.739388587779
 7635.879425484354 9246.488771113474 -9728.420221775132 -7154.739388587779
 8816.19990571794 9711.014861572821 -9753.81764537735 -8772.860665054008
 8816.434057386883 9711.052429392626 -9753.745103032285 -8772.593660781571
