# Created by Octave 4.2.1, Mon Oct 09 19:08:16 2017 BRT <root@mosqueiro>
# name: pop
# type: matrix
# rows: 1000
# columns: 4
 -10069.17122531588 14054.40057356214 12473.15442806913 -16455.27734600434
 -10069.17122531588 14054.40057356214 12473.15442806913 -16455.27734600434
 -10069.17122531588 14054.40057356214 12473.15442806913 -16455.27734600434
 -10069.17122531588 14054.40057356214 12473.15442806913 -16455.27734600434
 -10069.17122531588 14054.40057356214 12473.15442806913 -16455.27734600434
 -8611.953974568849 14086.73467325357 12298.85556575496 -16698.65214680078
 -9089.033460884462 14245.83816853895 12168.45519357374 -16631.09387341401
 -10069.17122531588 14054.40057356214 12473.15442806913 -16455.27734600434
 -7829.223962920225 13860.19891719937 12028.91212066374 -16741.13078334278
 -8997.480816536225 13655.60719147824 12013.31500166485 -16664.49924841844
 -9569.627189737967 13670.02153534364 12043.61987399839 -17291.97441350918
 -8997.480816536225 13655.60719147824 12013.31500166485 -16664.49924841844
 -2938.138790688308 13173.09438231584 -2981.499772367884 -6161.481033707427
 -10069.17122531588 14054.40057356214 12473.15442806913 -16455.27734600434
 -1637.732226726568 9967.83640559197 -1280.237021546411 -7086.266306783838
 -3242.063772885232 5110.64106222893 5558.902254626702 -7417.344606165118
 -10069.17122531588 14054.40057356214 12473.15442806913 -16455.27734600434
 -8997.480816536225 13655.60719147824 12013.31500166485 -16664.49924841844
 -8997.480816536225 13655.60719147824 12013.31500166485 -16664.49924841844
 -10069.17122531588 14054.40057356214 12473.15442806913 -16455.27734600434
 -8997.480816536225 13655.60719147824 12013.31500166485 -16664.49924841844
 -9558.405228659061 14185.00716866627 11770.40564054354 -16335.47893853322
 -8997.480816536225 13655.60719147824 12013.31500166485 -16664.49924841844
 -8997.480816536225 13655.60719147824 12013.31500166485 -16664.49924841844
 -10069.17122531588 14054.40057356214 12473.15442806913 -16455.27734600434
 -10069.17122531588 14054.40057356214 12473.15442806913 -16455.27734600434
 -10349.47202317638 14013.96140491209 12252.2803369442 -16785.09049316053
 -8997.480816536225 13655.60719147824 12013.31500166485 -16664.49924841844
 -9279.339330720237 13715.23754041062 11790.72145914128 -16730.31637314216
 -8997.480816536225 13655.60719147824 12013.31500166485 -16664.49924841844
 -10069.17122531588 14054.40057356214 12473.15442806913 -16455.27734600434
 -9889.406303264033 14099.41950017339 12794.96926556782 -16160.29132260862
 -9218.955846964986 13481.62467670239 11822.16598604657 -16685.61183390907
 -8850.302890625047 14787.83697526873 11890.74018091538 -15705.65621016723
 -8997.480816536225 13655.60719147824 12013.31500166485 -16664.49924841844
 -6286.388179532684 6819.273304952093 8655.379720205627 -7683.302672917496
 -8997.480816536225 13655.60719147824 12013.31500166485 -16664.49924841844
 -4131.052662155264 5390.249130919431 9618.078564575902 -8673.972459264038
 -8997.480816536225 13655.60719147824 12013.31500166485 -16664.49924841844
 -10069.17122531588 14054.40057356214 12473.15442806913 -16455.27734600434
 -10069.17122531588 14054.40057356214 12473.15442806913 -16455.27734600434
 -10069.17122531588 14054.40057356214 12473.15442806913 -16455.27734600434
 -10069.17122531588 14054.40057356214 12473.15442806913 -16455.27734600434
 -3242.063772885232 5110.64106222893 5558.902254626702 -7417.344606165118
 -8997.480816536225 13655.60719147824 12013.31500166485 -16664.49924841844
 -8997.480816536225 13655.60719147824 12013.31500166485 -16664.49924841844
 -11639.56471844959 14254.38709757502 10754.30026759802 -12194.23129842712
 -8997.480816536225 13655.60719147824 12013.31500166485 -16664.49924841844
 -9348.152824817655 14147.62882846784 11737.23177260995 -16527.82619370087
 -10069.17122531588 14054.40057356214 12473.15442806913 -16455.27734600434
 -9569.627189737967 13670.02153534364 12043.61987399839 -17291.97441350918
 -10069.17122531588 14054.40057356214 12473.15442806913 -16455.27734600434
 -10069.17122531588 14054.40057356214 12473.15442806913 -16455.27734600434
 -10069.17122531588 14054.40057356214 12473.15442806913 -16455.27734600434
 -9232.017844446784 13652.64428226506 12355.59229307674 -16570.44787997512
 -8997.480816536225 13655.60719147824 12013.31500166485 -16664.49924841844
 -8997.480816536225 13655.60719147824 12013.31500166485 -16664.49924841844
 -9095.292258695139 13269.34204027486 11573.35871469273 -16555.55324573579
 -8997.480816536225 13655.60719147824 12013.31500166485 -16664.49924841844
 -9117.249734625926 13913.85340320458 12481.8577753146 -16649.48004034946
 -8035.57942078719 13838.31653796334 12009.39535893855 -16782.44263564831
 -10069.17122531588 14054.40057356214 12473.15442806913 -16455.27734600434
 -8997.480816536225 13655.60719147824 12013.31500166485 -16664.49924841844
 -9358.111223962109 13699.45469385372 12069.96520934815 -17040.11819239914
 -8997.480816536225 13655.60719147824 12013.31500166485 -16664.49924841844
 -10069.17122531588 14054.40057356214 12473.15442806913 -16455.27734600434
 -8997.480816536225 13655.60719147824 12013.31500166485 -16664.49924841844
 -10069.17122531588 14054.40057356214 12473.15442806913 -16455.27734600434
 -3742.51164304881 3846.052857095424 6943.242010158276 -7935.680189511994
 -10069.17122531588 14054.40057356214 12473.15442806913 -16455.27734600434
 -8997.480816536225 13655.60719147824 12013.31500166485 -16664.49924841844
 -10138.18758207019 13483.48607536252 11967.17947817845 -16820.48626352658
 -10069.17122531588 14054.40057356214 12473.15442806913 -16455.27734600434
 -10069.17122531588 14054.40057356214 12473.15442806913 -16455.27734600434
 -8997.480816536225 13655.60719147824 12013.31500166485 -16664.49924841844
 -8997.480816536225 13655.60719147824 12013.31500166485 -16664.49924841844
 -8997.480816536225 13655.60719147824 12013.31500166485 -16664.49924841844
 -8997.480816536225 13655.60719147824 12013.31500166485 -16664.49924841844
 -8772.791283088416 13726.21432063583 11695.88517022343 -17173.25197859838
 -9052.895538462799 13771.97881259137 11498.11701444534 -16338.18354255972
 -8997.480816536225 13655.60719147824 12013.31500166485 -16664.49924841844
 -8997.480816536225 13655.60719147824 12013.31500166485 -16664.49924841844
 -10069.17122531588 14054.40057356214 12473.15442806913 -16455.27734600434
 -10069.17122531588 14054.40057356214 12473.15442806913 -16455.27734600434
 -8997.480816536225 13655.60719147824 12013.31500166485 -16664.49924841844
 -8997.480816536225 13655.60719147824 12013.31500166485 -16664.49924841844
 -8997.480816536225 13655.60719147824 12013.31500166485 -16664.49924841844
 -10069.17122531588 14054.40057356214 12473.15442806913 -16455.27734600434
 -9112.174889980042 14224.72514952092 11360.08560140332 -16226.66469379774
 -10069.17122531588 14054.40057356214 12473.15442806913 -16455.27734600434
 -8669.788215574121 13433.72038407182 12056.48317165854 -16683.17136553427
 -8626.724518989417 12037.48794400885 13042.78590347128 -15790.56678154323
 -8997.480816536225 13655.60719147824 12013.31500166485 -16664.49924841844
 -8997.480816536225 13655.60719147824 12013.31500166485 -16664.49924841844
 -6700.436912803896 11534.01929940928 11287.64234393182 -13401.93193156741
 -10069.17122531588 14054.40057356214 12473.15442806913 -16455.27734600434
 -9112.174889980042 14224.72514952092 11360.08560140332 -16226.66469379774
 -10069.17122531588 14054.40057356214 12473.15442806913 -16455.27734600434
 -3850.017847695462 2968.803001786791 7245.034860679279 -6662.700837328097
 -7939.256688588695 16618.28070190344 6796.579172957941 -15880.6011588283
 -9070.866402046131 14103.87238808888 11716.60352645744 -16647.45669333898
 -8997.480816536225 13655.60719147824 12013.31500166485 -16664.49924841844
 -8997.480816536225 13655.60719147824 12013.31500166485 -16664.49924841844
 -8997.480816536225 13655.60719147824 12013.31500166485 -16664.49924841844
 -8997.480816536225 13655.60719147824 12013.31500166485 -16664.49924841844
