# Created by Octave 4.2.1, Mon Oct 09 19:15:27 2017 BRT <root@mosqueiro>
# name: pop
# type: matrix
# rows: 1000
# columns: 4
 -7550.994568967475 9422.043339869355 8908.925889460448 -10742.73349019874
 -7550.994568967475 9422.043339869355 8908.925889460448 -10742.73349019874
 -7550.994568967475 9422.043339869355 8908.925889460448 -10742.73349019874
 -7550.994568967475 9422.043339869355 8908.925889460448 -10742.73349019874
 -7550.994568967475 9422.043339869355 8908.925889460448 -10742.73349019874
 4146.098559946464 6414.557830306903 -1253.301479933336 9202.222771853878
 11175.95576510134 28042.99377523836 -9242.233862523743 27039.93157369916
 -7550.994568967475 9422.043339869355 8908.925889460448 -10742.73349019874
 -7550.994568967475 9422.043339869355 8908.925889460448 -10742.73349019874
 6578.308467050072 -7455.179293266177 -2641.327490118966 3562.587425725307
 6578.308467050072 -7455.179293266177 -2641.327490118966 3562.587425725307
 6578.308467050072 -7455.179293266177 -2641.327490118966 3562.587425725307
 -49.1913900357622 -15409.10421551625 -527.3948492526683 -2016.862382537553
 12301.2053129038 -13955.29435833279 -14155.44628365947 10046.28604367322
 -7550.994568967475 9422.043339869355 8908.925889460448 -10742.73349019874
 -7550.994568967475 9422.043339869355 8908.925889460448 -10742.73349019874
 653.8837440976131 -3401.269246898498 1408.409707599516 -19415.11097890756
 7389.237451731032 -14693.87679962584 -9185.153095593998 9028.624988238351
 6578.308467050072 -7455.179293266177 -2641.327490118966 3562.587425725307
 6578.308467050072 -7455.179293266177 -2641.327490118966 3562.587425725307
 6578.308467050072 -7455.179293266177 -2641.327490118966 3562.587425725307
 6578.308467050072 -7455.179293266177 -2641.327490118966 3562.587425725307
 11307.92797748825 813.6181662551026 -5115.576921189991 5980.124155477421
 6578.308467050072 -7455.179293266177 -2641.327490118966 3562.587425725307
 2958.506681849254 -1057.035780512188 -19082.08832235184 -7627.108303467872
 9992.87610355622 5565.330687253387 -9185.95670017757 -6400.645024325235
 -7550.994568967475 9422.043339869355 8908.925889460448 -10742.73349019874
 6578.308467050072 -7455.179293266177 -2641.327490118966 3562.587425725307
 3410.77876619072 14719.90214245218 24353.62937045689 -11496.27200457441
 6578.308467050072 -7455.179293266177 -2641.327490118966 3562.587425725307
 6578.308467050072 -7455.179293266177 -2641.327490118966 3562.587425725307
 -7550.994568967475 9422.043339869355 8908.925889460448 -10742.73349019874
 -7550.994568967475 9422.043339869355 8908.925889460448 -10742.73349019874
 6578.308467050072 -7455.179293266177 -2641.327490118966 3562.587425725307
 6578.308467050072 -7455.179293266177 -2641.327490118966 3562.587425725307
 4239.627599207779 2883.096286487775 -6873.832319494872 14640.37613332603
 -7550.994568967475 9422.043339869355 8908.925889460448 -10742.73349019874
 -4134.768170140722 -15736.38006554447 4890.531073350262 -5313.01209570894
 -7550.994568967475 9422.043339869355 8908.925889460448 -10742.73349019874
 -7550.994568967475 9422.043339869355 8908.925889460448 -10742.73349019874
 -25924.4597122632 8068.408246226169 -16054.06607639409 -24829.59411889046
 -7550.994568967475 9422.043339869355 8908.925889460448 -10742.73349019874
 15666.49245913272 809.1365006458163 10861.40115552783 14663.1661402604
 3547.294015346497 6921.875880326878 5540.529039426663 -2604.102219123898
 -7550.994568967475 9422.043339869355 8908.925889460448 -10742.73349019874
 6578.308467050072 -7455.179293266177 -2641.327490118966 3562.587425725307
 -7550.994568967475 9422.043339869355 8908.925889460448 -10742.73349019874
 6578.308467050072 -7455.179293266177 -2641.327490118966 3562.587425725307
 6578.308467050072 -7455.179293266177 -2641.327490118966 3562.587425725307
 -4865.098740232088 3901.38650007249 7276.111522614234 -9606.482671019498
 6578.308467050072 -7455.179293266177 -2641.327490118966 3562.587425725307
 -7550.994568967475 9422.043339869355 8908.925889460448 -10742.73349019874
 10375.01151856514 -1941.72349049486 -15442.54431384926 9448.405573030372
 6578.308467050072 -7455.179293266177 -2641.327490118966 3562.587425725307
 -7550.994568967475 9422.043339869355 8908.925889460448 -10742.73349019874
 -7550.994568967475 9422.043339869355 8908.925889460448 -10742.73349019874
 20998.25297860203 -10995.50136306567 -12029.68545729013 -11969.83987280181
 6578.308467050072 -7455.179293266177 -2641.327490118966 3562.587425725307
 8594.224170638763 2499.499170455563 -1834.58516320004 -8226.045859422944
 -7550.994568967475 9422.043339869355 8908.925889460448 -10742.73349019874
 -7550.994568967475 9422.043339869355 8908.925889460448 -10742.73349019874
 6578.308467050072 -7455.179293266177 -2641.327490118966 3562.587425725307
 6578.308467050072 -7455.179293266177 -2641.327490118966 3562.587425725307
 -7550.994568967475 9422.043339869355 8908.925889460448 -10742.73349019874
 -7550.994568967475 9422.043339869355 8908.925889460448 -10742.73349019874
 6578.308467050072 -7455.179293266177 -2641.327490118966 3562.587425725307
 6578.308467050072 -7455.179293266177 -2641.327490118966 3562.587425725307
 2966.296549134882 13730.62048171661 5770.371049127054 -14576.88577086518
 -7550.994568967475 9422.043339869355 8908.925889460448 -10742.73349019874
 -7550.994568967475 9422.043339869355 8908.925889460448 -10742.73349019874
 -7550.994568967475 9422.043339869355 8908.925889460448 -10742.73349019874
 -7550.994568967475 9422.043339869355 8908.925889460448 -10742.73349019874
 -7550.994568967475 9422.043339869355 8908.925889460448 -10742.73349019874
 -7550.994568967475 9422.043339869355 8908.925889460448 -10742.73349019874
 2966.296549134882 13730.62048171661 5770.371049127054 -14576.88577086518
 -7550.994568967475 9422.043339869355 8908.925889460448 -10742.73349019874
 6578.308467050072 -7455.179293266177 -2641.327490118966 3562.587425725307
 -1452.258768316673 -11142.8072279556 35672.25175725062 -11922.58372737215
 -7550.994568967475 9422.043339869355 8908.925889460448 -10742.73349019874
 -7550.994568967475 9422.043339869355 8908.925889460448 -10742.73349019874
 11307.92797748825 813.6181662551026 -5115.576921189991 5980.124155477421
 -7550.994568967475 9422.043339869355 8908.925889460448 -10742.73349019874
 6578.308467050072 -7455.179293266177 -2641.327490118966 3562.587425725307
 -7550.994568967475 9422.043339869355 8908.925889460448 -10742.73349019874
 6578.308467050072 -7455.179293266177 -2641.327490118966 3562.587425725307
 -7550.994568967475 9422.043339869355 8908.925889460448 -10742.73349019874
 -7550.994568967475 9422.043339869355 8908.925889460448 -10742.73349019874
 899.0153275831108 -3225.295882469794 3066.949375933861 -3681.594022404129
 6578.308467050072 -7455.179293266177 -2641.327490118966 3562.587425725307
 -7524.155411143483 -1588.32189587653 -15335.47578997658 -8350.840978591612
 7526.560071716158 2197.272475059137 -5578.189607286911 7869.924602991239
 20532.4040240038 2812.077022047573 565.5842787340162 13467.76712862166
 -7550.994568967475 9422.043339869355 8908.925889460448 -10742.73349019874
 6578.308467050072 -7455.179293266177 -2641.327490118966 3562.587425725307
 6578.308467050072 -7455.179293266177 -2641.327490118966 3562.587425725307
 -7550.994568967475 9422.043339869355 8908.925889460448 -10742.73349019874
 -7550.994568967475 9422.043339869355 8908.925889460448 -10742.73349019874
 6578.308467050072 -7455.179293266177 -2641.327490118966 3562.587425725307
 -7550.994568967475 9422.043339869355 8908.925889460448 -10742.73349019874
 -7550.994568967475 9422.043339869355 8908.925889460448 -10742.73349019874
 -7550.994568967475 9422.043339869355 8908.925889460448 -10742.73349019874
 6578.308467050072 -7455.179293266177 -2641.327490118966 3562.587425725307
 -7550.994568967475 9422.043339869355 8908.925889460448 -10742.73349019874
 -7550.994568967475 9422.043339869355 8908.925889460448 -10742.73349019874
 -7550.994568967475 9422.043339869355 8908.925889460448 -10742.73349019874
