# Created by Octave 4.2.1, Mon Oct 09 19:36:40 2017 BRT <root@mosqueiro>
# name: pop
# type: matrix
# rows: 1000
# columns: 4
 -10324.82158791877 -379.1637934029191 6712.090700467143 4000.236401409895
 -5737.98870350066 -1082.930591420158 3569.758530177905 3260.315854470912
 -7388.118906136311 -1280.759136014043 4066.935166573163 4616.641127117166
 -7388.118906136311 -1280.759136014043 4066.935166573163 4616.641127117166
 -7388.118906136311 -1280.759136014043 4066.935166573163 4616.641127117166
 -7388.118906136311 -1280.759136014043 4066.935166573163 4616.641127117166
 -7388.118906136311 -1280.759136014043 4066.935166573163 4616.641127117166
 -7388.118906136311 -1280.759136014043 4066.935166573163 4616.641127117166
 -6580.302041950793 1879.914525327692 7620.91597248206 1637.582771973165
 -7388.118906136311 -1280.759136014043 4066.935166573163 4616.641127117166
 -7388.118906136311 -1280.759136014043 4066.935166573163 4616.641127117166
 -7388.118906136311 -1280.759136014043 4066.935166573163 4616.641127117166
 -7388.118906136311 -1280.759136014043 4066.935166573163 4616.641127117166
 -5912.038360713904 230.4617559970325 4084.60198583528 4924.485618440775
 -7388.118906136311 -1280.759136014043 4066.935166573163 4616.641127117166
 -7388.118906136311 -1280.759136014043 4066.935166573163 4616.641127117166
 -6628.949409529887 -799.8380763223408 6254.764547141909 3595.203189844658
 -7388.118906136311 -1280.759136014043 4066.935166573163 4616.641127117166
 -8661.361157244164 -944.2882601230924 3718.041507355947 3808.785205395765
 -10095.94759541313 73.82152441803146 5093.090509239394 5625.169058397038
 -7388.118906136311 -1280.759136014043 4066.935166573163 4616.641127117166
 -7388.118906136311 -1280.759136014043 4066.935166573163 4616.641127117166
 -9521.558492829576 -1676.335385638989 6036.76977799239 7993.190494633351
 -6401.380301140051 -2527.115346453775 4424.310760502986 2448.145706938594
 -8743.842400249392 -2539.768171436681 2058.467709134256 5225.680502697576
 32208.80267316373 8553.853884551494 -21432.35771829065 -19615.16187757185
 -6699.660325621414 -2009.788853977301 3744.162399863429 5969.536096531405
 -7825.046037592498 2719.244861443353 3805.806432693666 4397.447359698034
 -7388.118906136311 -1280.759136014043 4066.935166573163 4616.641127117166
 -7388.118906136311 -1280.759136014043 4066.935166573163 4616.641127117166
 -7052.469254701587 -271.4099222046129 3196.05427333036 6220.966828989719
 -7388.118906136311 -1280.759136014043 4066.935166573163 4616.641127117166
 -7388.118906136311 -1280.759136014043 4066.935166573163 4616.641127117166
 -7388.118906136311 -1280.759136014043 4066.935166573163 4616.641127117166
 -7388.118906136311 -1280.759136014043 4066.935166573163 4616.641127117166
 -8308.743927056574 10727.94224532295 -523.7629708586564 2935.532091093491
 -7388.118906136311 -1280.759136014043 4066.935166573163 4616.641127117166
 -7388.118906136311 -1280.759136014043 4066.935166573163 4616.641127117166
 -7388.118906136311 -1280.759136014043 4066.935166573163 4616.641127117166
 -7388.118906136311 -1280.759136014043 4066.935166573163 4616.641127117166
 -5845.903681836669 -2650.344078709654 1796.131843632156 9139.758131580835
 -7388.118906136311 -1280.759136014043 4066.935166573163 4616.641127117166
 -7388.118906136311 -1280.759136014043 4066.935166573163 4616.641127117166
 -7719.71704730436 -2344.974275581908 1390.46722005156 4588.608518309342
 -7388.118906136311 -1280.759136014043 4066.935166573163 4616.641127117166
 -7388.118906136311 -1280.759136014043 4066.935166573163 4616.641127117166
 -7388.118906136311 -1280.759136014043 4066.935166573163 4616.641127117166
 -7388.118906136311 -1280.759136014043 4066.935166573163 4616.641127117166
 -6503.957499761795 -1453.737442973432 9944.707537553186 2689.254110395725
 -7388.118906136311 -1280.759136014043 4066.935166573163 4616.641127117166
 -7388.118906136311 -1280.759136014043 4066.935166573163 4616.641127117166
 -7388.118906136311 -1280.759136014043 4066.935166573163 4616.641127117166
 -7388.118906136311 -1280.759136014043 4066.935166573163 4616.641127117166
 -7388.118906136311 -1280.759136014043 4066.935166573163 4616.641127117166
 -10493.8515885484 10209.32124894436 -9201.764410765525 16609.42833896642
 -7388.118906136311 -1280.759136014043 4066.935166573163 4616.641127117166
 -7388.118906136311 -1280.759136014043 4066.935166573163 4616.641127117166
 -7388.118906136311 -1280.759136014043 4066.935166573163 4616.641127117166
 -5737.98870350066 -1082.930591420158 3569.758530177905 3260.315854470912
 -5545.322667928266 1770.762192213612 3049.242043778124 2545.705727092918
 -7388.118906136311 -1280.759136014043 4066.935166573163 4616.641127117166
 -2361.938341830681 2692.339026534337 -10439.55304076633 15873.86795260638
 -3513.150157032726 -146.3931442526602 3706.852738427927 4319.995102953142
 -7388.118906136311 -1280.759136014043 4066.935166573163 4616.641127117166
 -7388.118906136311 -1280.759136014043 4066.935166573163 4616.641127117166
 -7388.118906136311 -1280.759136014043 4066.935166573163 4616.641127117166
 -8334.926576970958 3088.744207361716 702.2391694633382 5745.38997722787
 -7388.118906136311 -1280.759136014043 4066.935166573163 4616.641127117166
 -1098.614989659599 3096.624871625909 -3576.627955869907 8431.555978183136
 -5459.062570720818 561.9236931142534 2146.564642888592 975.1028941536392
 -4950.168075570563 2265.985047109551 1407.793774817759 6380.916830402982
 -7388.118906136311 -1280.759136014043 4066.935166573163 4616.641127117166
 -7388.118906136311 -1280.759136014043 4066.935166573163 4616.641127117166
 -7388.118906136311 -1280.759136014043 4066.935166573163 4616.641127117166
 -7388.118906136311 -1280.759136014043 4066.935166573163 4616.641127117166
 -7094.865744848533 -1588.941798030252 3692.788876653069 7509.753989681119
 -7388.118906136311 -1280.759136014043 4066.935166573163 4616.641127117166
 -7388.118906136311 -1280.759136014043 4066.935166573163 4616.641127117166
 -7388.118906136311 -1280.759136014043 4066.935166573163 4616.641127117166
 -7388.118906136311 -1280.759136014043 4066.935166573163 4616.641127117166
 -7388.118906136311 -1280.759136014043 4066.935166573163 4616.641127117166
 -11553.63983427109 -224.9879812585864 3588.293950227763 11603.82422672156
 -7388.118906136311 -1280.759136014043 4066.935166573163 4616.641127117166
 -7740.525825591959 -235.617792392899 4646.558556519034 3242.776351571968
 -7388.118906136311 -1280.759136014043 4066.935166573163 4616.641127117166
 -7388.118906136311 -1280.759136014043 4066.935166573163 4616.641127117166
 -7388.118906136311 -1280.759136014043 4066.935166573163 4616.641127117166
 -2354.263848951693 -17149.14820282766 -11600.26720754072 -44300.38230786164
 -7388.118906136311 -1280.759136014043 4066.935166573163 4616.641127117166
 -7388.118906136311 -1280.759136014043 4066.935166573163 4616.641127117166
 -7388.118906136311 -1280.759136014043 4066.935166573163 4616.641127117166
 -7388.118906136311 -1280.759136014043 4066.935166573163 4616.641127117166
 -7388.118906136311 -1280.759136014043 4066.935166573163 4616.641127117166
 -7388.118906136311 -1280.759136014043 4066.935166573163 4616.641127117166
 -5974.618656664453 -2460.604926133214 5310.314420066581 4895.094074186701
 -7388.118906136311 -1280.759136014043 4066.935166573163 4616.641127117166
 -10695.17556984788 -30.50376851338456 895.5857270182405 10363.09504449573
 -7787.066434818867 56.32768993160335 4819.332397710247 3839.8779643784
 -7388.118906136311 -1280.759136014043 4066.935166573163 4616.641127117166
 -9037.263348960827 -2280.212235768467 7538.623129418075 4260.641641932741
 -7388.118906136311 -1280.759136014043 4066.935166573163 4616.641127117166
 -8577.097929279063 -2496.590808894954 6326.936018032742 6858.766387454767
 -7388.118906136311 -1280.759136014043 4066.935166573163 4616.641127117166
 -7388.118906136311 -1280.759136014043 4066.935166573163 4616.641127117166
 -19867.8084094807 11605.070318428 4149.231336959809 -559.0515938610242
