# Created by Octave 4.2.1, Mon Oct 09 19:13:12 2017 BRT <root@mosqueiro>
# name: pop
# type: matrix
# rows: 1000
# columns: 4
 6578.308467050072 -7455.179293266177 -2641.327490118966 3562.587425725307
 6578.308467050072 -7455.179293266177 -2641.327490118966 3562.587425725307
 6578.308467050072 -7455.179293266177 -2641.327490118966 3562.587425725307
 6578.308467050072 -7455.179293266177 -2641.327490118966 3562.587425725307
 6578.308467050072 -7455.179293266177 -2641.327490118966 3562.587425725307
 59125.1984319036 167.9486384510192 8946.214059375479 6821.41923666957
 -3062.707780832003 -404.5581096035221 -2149.703048679433 6407.632730463294
 9663.09877042382 -13805.34036465546 4899.859813614768 7302.747191429975
 6578.308467050072 -7455.179293266177 -2641.327490118966 3562.587425725307
 -777.232075413991 5076.263762012482 -4003.697737210351 -457.4625793881532
 7936.158724082197 -9689.234439216982 -2742.249068442429 5507.348286098131
 -319.9105362332793 7465.685771699063 -1601.34252599635 -3273.460891590448
 6279.163639196278 -604.8798564413955 8043.882743227274 -1382.718095478325
 -4956.321186344702 -1113.80149904483 3987.109318387018 2032.163084530512
 7526.560071716158 2197.272475059137 -5578.189607286911 7869.924602991239
 6578.308467050072 -7455.179293266177 -2641.327490118966 3562.587425725307
 3985.366146921366 -1080.857434505237 -1248.500431248169 830.4033600086841
 5392.882594771218 -7287.897003773035 -982.3079228652969 9055.946886836544
 -17944.22233787573 -2396.891904671491 14513.68467776548 -35221.3998343964
 3549.03146153104 -401.4294845481072 -7495.903630523514 4263.185332926989
 23430.95844967046 -10359.93307691317 16012.58976743116 6895.489671139181
 5361.222130775774 -9121.304074494727 7073.678430104232 -3224.1967778833
 -4956.321186344702 -1113.80149904483 3987.109318387018 2032.163084530512
 9601.371260991185 -4061.342868705141 3464.342477403159 -8890.44202215272
 9601.371260991185 -4061.342868705141 3464.342477403159 -8890.44202215272
 5924.303447425928 -7980.993722797883 -574.9900565419739 -1618.394660045638
 -3411.818931476058 9525.704369935913 -8035.390816012626 2045.35685342855
 6535.476664311653 -2891.715319087748 -2794.290906085523 9662.847511695116
 -7671.925225850315 -3737.037201844742 2484.630451801744 -7655.821818880563
 -994.1953709577738 -9583.662463425866 3490.298640038845 7258.999052453437
 7428.490377684811 -5457.085575829975 9425.724040860787 -9774.127415160428
 6578.308467050072 -7455.179293266177 -2641.327490118966 3562.587425725307
 6279.163639196278 -604.8798564413955 8043.882743227274 -1382.718095478325
 -319.9105362332793 7465.685771699063 -1601.34252599635 -3273.460891590448
 7420.99841918876 5900.998930513191 -5849.87638766168 5469.516579449779
 7420.99841918876 5900.998930513191 -5849.87638766168 5469.516579449779
 9601.371260991185 -4061.342868705141 3464.342477403159 -8890.44202215272
 9601.371260991185 -4061.342868705141 3464.342477403159 -8890.44202215272
 9798.155800759047 9713.052342980856 -4742.217736130715 2483.390054386078
 -5772.869376134007 -4560.182167590535 2673.287415914161 8967.386351870522
 6578.308467050072 -7455.179293266177 -2641.327490118966 3562.587425725307
 -9325.142374781906 2257.027561623981 -937.9485651747218 7703.490088811744
 6578.308467050072 -7455.179293266177 -2641.327490118966 3562.587425725307
 6578.308467050072 -7455.179293266177 -2641.327490118966 3562.587425725307
 -4764.605603944066 7136.939054722694 4946.886528737832 6846.862666065808
 -1204.995312921425 -57.4931712974485 892.2720204209272 238.4268909279763
 -8288.781467608254 -18584.66528677245 4958.554848366228 7026.216594292802
 -3411.818931476058 9525.704369935913 -8035.390816012626 2045.35685342855
 -1534.461906529494 3070.742202030919 -9311.484359849925 8762.024784912315
 3103.780496907018 7597.065804761183 -5646.898515161894 -4204.973749787267
 5361.222130775774 -9121.304074494727 7073.678430104232 -3224.1967778833
 3549.03146153104 -401.4294845481072 -7495.903630523514 4263.185332926989
 998.1726665947535 -4429.504730104837 9584.267031449774 -3614.415129362713
 994.2512188452183 -9667.160885842573 6607.167949702012 4056.269825268271
 -28683.96652167429 -6012.679507260842 -8072.353859549898 -14738.77210462603
 -7995.282051937475 -9836.22152819841 -5286.308487750292 -4670.441826989714
 6578.308467050072 -7455.179293266177 -2641.327490118966 3562.587425725307
 -4569.855014868479 6544.634728786081 92.34078702265469 -463.3468853123777
 6138.094570341367 -5044.069316969665 1834.54467789999 7829.546533256667
 -3883.852560983386 -9213.083904988534 -1752.469565622065 4203.252745258327
 -2773.499434889883 -5008.999213134824 3517.018856674917 -2250.258062190534
 -2200.225974617904 5231.978062208038 -15418.99613586168 -19473.5358344398
 9992.87610355622 5565.330687253387 -9185.95670017757 -6400.645024325235
 9992.87610355622 5565.330687253387 -9185.95670017757 -6400.645024325235
 5287.967953111398 -186.2491226333259 -2346.142048947956 3642.216597086644
 8733.821989301308 -754.526604324612 -2707.487498063371 -4035.903551191334
 6578.308467050072 -7455.179293266177 -2641.327490118966 3562.587425725307
 6578.308467050072 -7455.179293266177 -2641.327490118966 3562.587425725307
 6610.076325121001 -8477.264101131372 8925.991510119467 -7375.871297519265
 9992.87610355622 5565.330687253387 -9185.95670017757 -6400.645024325235
 18700.03756098492 -17302.77429294394 -6960.649966138027 -37893.26582025222
 9456.349661852317 -7092.716142307198 8177.16343268062 -8584.537851539822
 8635.367824146357 2954.679814811141 -3249.935043442028 -8460.958957023406
 379.405207367332 3132.827736658739 200.3387800702531 -3563.723173810892
 -777.232075413991 5076.263762012482 -4003.697737210351 -457.4625793881532
 -17385.0860482628 -6864.204815826063 12462.79724883187 -9217.847225829099
 8582.954719515306 -8463.654764651057 335.9661088744779 702.8989105609362
 -319.9105362332793 7465.685771699063 -1601.34252599635 -3273.460891590448
 8395.174626275053 -3196.832402208679 1370.02293199922 436.2978492249422
 30617.36695657179 7188.586177991225 -28492.4960411692 -23486.44560559031
 -8796.317241877885 4465.346522140017 8236.746672766312 -7699.635586483663
 5361.222130775774 -9121.304074494727 7073.678430104232 -3224.1967778833
 6578.308467050072 -7455.179293266177 -2641.327490118966 3562.587425725307
 -3337.577277296325 -17166.97917617336 2775.563501388603 15587.64252551491
 18700.03756098492 -17302.77429294394 -6960.649966138027 -37893.26582025222
 -21013.6665701676 -25639.37443465155 24359.0960517894 -20076.06959096949
 -21807.84401840375 728.6646843337021 16052.80162871378 4873.05487700297
 9601.371260991185 -4061.342868705141 3464.342477403159 -8890.44202215272
 10462.01290511554 -18164.25095450653 -39888.92843891541 -7753.921670506334
 379.405207367332 3132.827736658739 200.3387800702531 -3563.723173810892
 6578.308467050072 -7455.179293266177 -2641.327490118966 3562.587425725307
 7578.943341417915 -6030.744340852515 2359.498209906011 -3231.90522080871
 -6871.383771771236 -3216.18178493268 16592.26840967035 -3891.628142709724
 1882.645616981072 7800.306909605199 -9696.586065887059 -560.4930055563109
 4839.589772391297 -1855.161149098451 9837.044614479502 4924.973497965975
 6617.56200756464 -5662.181737316686 4494.496159264794 -9655.585852562212
 10114.86407092247 -30707.22255989075 4918.543432398837 16566.54427403126
 -2562.162683235846 5893.081419838973 1619.255984452207 -4653.230195190305
 -7327.715493848541 -27035.03726787988 -3961.605723732786 7224.8279830222
 9992.87610355622 5565.330687253387 -9185.95670017757 -6400.645024325235
 -4956.321186344702 -1113.80149904483 3987.109318387018 2032.163084530512
 9456.349661852317 -7092.716142307198 8177.16343268062 -8584.537851539822
 5361.222130775774 -9121.304074494727 7073.678430104232 -3224.1967778833
 9818.535735467123 17624.9494602757 -27341.80648001535 -16859.2280679607
 3931.056537363133 -4607.540123411115 -6882.177669474031 9056.45012548241
