# Created by Octave 4.2.1, Mon Oct 09 19:41:58 2017 BRT <root@mosqueiro>
# name: pop
# type: matrix
# rows: 1000
# columns: 4
 -2639.472985140584 -3812.067440325205 -549.1900288132856 7001.187050759279
 -9518.740038257398 -7698.576563636831 8124.73546961206 9154.357607225324
 -1444.565203120839 8819.110600344942 -86.43453890902492 -7215.193710622583
 3595.949880516157 -3502.875980104331 -4227.977107439781 4220.511861877443
 -9456.007626089433 -5117.596250863487 8014.944364213083 6480.178417884101
 1700.373496626678 775.9547579631399 -1595.23637414722 532.4536398293021
 46.8708910988189 -579.757798282877 5910.535187669013 9775.143925451353
 7794.123456618745 -1240.926763510441 2155.402278465275 4196.605193768615
 9463.417006036023 -1996.379061855617 1539.533300959902 -7659.769332779848
 9017.052459044306 -5729.857688678489 6383.332273831462 1207.247223939947
 -6566.371095770064 2230.0319202143 -3197.634949077001 -8861.787316164104
 7604.767127147436 4615.785975025792 6042.962201499695 -3850.231851713909
 3277.495338823237 289.6862231005252 -5757.824907357468 -258.266139620564
 -2639.472985140584 -3812.067440325205 -549.1900288132856 7001.187050759279
 1319.824101560338 -5712.182257717254 3610.775895952424 -7249.583789798351
 7794.123456618745 -1240.926763510441 2155.402278465275 4196.605193768615
 1447.785229149387 7724.892606660324 -1433.656810562945 -5105.69319070953
 -8416.364538446514 2163.112103338413 3527.436206980374 4302.873663612701
 -3983.935520490408 5022.154650274875 4235.578796676693 -7003.389394158065
 3934.429939458099 8588.325581309953 -1179.054325711801 -9589.155300018565
 2206.706451967932 -3248.773157663448 8367.319819668297 -5792.440315496276
 -6951.89551885016 -3958.474988379502 9570.485505308261 -678.7442413237259
 3595.949880516157 -3502.875980104331 -4227.977107439781 4220.511861877443
 -2185.870185113935 2872.201770583864 1858.000438935065 6318.714942794779
 -8381.689987104712 -3010.616507712124 2474.801607870835 8115.493700574592
 -5011.317445356115 -7422.839681562728 -78.15302740206243 -9661.441237258574
 608.2034900095223 -1704.888090616385 4846.458688249184 -8380.256657979129
 -7489.860238729337 2366.472069648808 9773.454180227396 -4937.860730949847
 -9345.680231094266 -1957.359085957829 -547.5793498004678 4993.819891288442
 -9968.748030960023 -1617.706179555264 7226.700214404784 7636.807889127802
 690.1095867140521 -611.9204346840852 431.19169587529 1243.385534164829
 2494.279431964445 -1823.78308799208 6281.2302750909 6845.969446622217
 -1095.414608048413 -3469.564191174362 9114.794639438329 -5602.337282210727
 -2962.482269560694 -226.6870489692246 -8881.456363758367 -9979.38136859786
 -1765.413591392444 7481.485644228993 -350.4986214218261 -5181.831019928932
 -7040.1467303549 -1286.399762130201 2196.587467959023 -2947.096706295696
 6216.872427774462 -3734.112935489967 -8895.049921305286 8273.327226185793
 2201.180781967478 -208.5216938063586 -6347.049436963842 5615.002567449452
 -8780.753289306704 -8519.68957397423 9154.080993649215 9493.427606331152
 8403.726614872743 -6871.865927534505 1257.438724426851 5600.086656094092
 9859.871685090602 9910.507283820371 7389.08100424409 8759.936999145299
 9463.417006036023 -1996.379061855617 1539.533300959902 -7659.769332779848
 -3350.207217271179 -2994.375133211059 -7731.245113894153 -871.2683423747058
 4808.570109005212 938.347080090829 -229.9259975829864 -2680.762931349566
 3542.938023933009 1019.479198412462 9293.492758143402 9105.093233471096
 -5391.201747541677 7862.103115265079 1878.34454485847 -4665.418030865017
 3529.725704163553 3661.589493044674 1072.007337481122 -7613.079868326955
 -1444.565203120839 8819.110600344942 -86.43453890902492 -7215.193710622583
 -6748.662088138482 9679.429103265527 6604.750738519073 -9060.545028916573
 1761.985086814317 -4603.87845652492 6863.436636710616 -4186.701066836197
 1004.715545520989 5405.93048146643 -6935.805764897706 4103.871320304546
 -1615.320705697339 638.8719717286076 5336.933371144383 -6118.510886032132
 1034.769831975955 7412.303719234696 -7920.541948754868 -8866.375824766226
 -9456.007626089433 -5117.596250863487 8014.944364213083 6480.178417884101
 7366.761583141575 -8982.31287149952 7582.676277165858 1933.86123480833
 -2588.684682949155 9532.859749322921 -4358.958975641383 -6678.335715071665
 3833.11116868022 4882.519912419537 -129.6901563392821 9552.791869173823
 -9907.4417020488 7330.874035432105 4150.271425278715 936.6025586958276
 2374.213273273665 -7525.314134578486 -9162.101290351891 1457.182102323553
 1507.65825236122 -9954.480309351671 -5590.23875080919 3999.248441226919
 3934.429939458099 8588.325581309953 -1179.054325711801 -9589.155300018565
 -5838.38995485387 -9800.048363716252 4805.905730813085 547.794592519298
 8241.429289033123 -2309.429558163551 -7288.641417450873 -3447.502315948713
 -3398.144551624803 8980.861531414081 2585.97514917296 -6385.882173667091
 -8824.545981847436 1979.474475593335 1005.822717340647 8694.494673535606
 1942.310573009468 -9495.045134975107 9002.139870867657 2043.860617043263
 5075.379007024148 5379.56614141383 515.8470216514561 1886.41441463119
 -1361.006753665697 7578.46871163962 5993.09467941213 -8628.120688556652
 5661.932306188928 5312.848278846703 3222.32696690412 8419.347228430077
 -7485.802053445203 5872.67559318613 -1605.213185402699 3667.602481036349
 3934.429939458099 8588.325581309953 -1179.054325711801 -9589.155300018565
 -7644.886146034212 8711.526439450095 -388.5184313662739 -424.2514472073872
 1540.423897100263 -7028.587064353687 6639.70401846811 -5344.593781648296
 4387.367550217265 3362.140922651213 -3314.662324660144 -2668.675494747657
 -3627.016557488379 8569.927762766038 -7901.499693136353 3881.353597851314
 -3627.016557488379 8569.927762766038 -7901.499693136353 3881.353597851314
 -648.4588143062738 -9115.501843337508 -4229.95288449793 -1231.449794009928
 -9456.007626089433 -5117.596250863487 8014.944364213083 6480.178417884101
 9800.28509550279 -1299.87856235612 -3723.819016715636 -5158.397152617646
 -732.5427817532818 -2771.209528726472 1894.646507043786 5187.555891782818
 -7747.083993240899 5742.117363574935 892.698330839261 9403.577589748056
 2206.706451967932 -3248.773157663448 8367.319819668297 -5792.440315496276
 -5147.632934283259 1598.222661774544 7142.109133411366 -7974.448292524922
 -4951.020818037594 -7970.308394272495 -9080.573375952337 -4975.694609721551
 161.3943110939999 6719.354854178076 -7974.902706737395 924.4194455703037
 -4708.249049915335 9690.708136453595 -7549.61680322451 6051.917595721297
 -2719.540055652317 -7784.623541259678 -16.96791394154934 8354.821266953
 -3832.717638807558 8539.886460062771 -8204.571807408258 -5649.527761676135
 -9456.007626089433 -5117.596250863487 8014.944364213083 6480.178417884101
 559.5618896750311 1247.769853152467 8778.796667789964 -6765.708202235634
 -7652.121738856811 -56.14896762932767 -9468.647646464087 -3672.359065774034
 9866.266208771303 9519.180567550819 -2530.913280734218 1733.382769849453
 -5219.364263259276 1353.265928161451 1877.031563083237 7851.606598630802
 4915.419086697873 2538.621779826766 8117.672701432333 3935.733895107947
 -5469.844565431342 2042.728297347734 -1801.128210898973 -6656.856616025068
 -786.2375979278113 -7750.303771547704 -6110.567126123328 -5061.047789390337
 -9518.740038257398 -7698.576563636831 8124.73546961206 9154.357607225324
 -3428.35949761164 -4244.911472481864 5347.757212674054 -9536.689471628142
 -2328.546597586151 -9661.986917112334 -3711.261407415244 -6281.305440804224
 6472.917289265686 5905.829252757972 4154.9554839884 7043.659980094562
 -5223.904251991732 -7326.715874236257 6137.537375689519 6232.785425147651
 -7024.472176357127 -3035.804965043925 1889.502717177244 8011.987504289198
 7962.588795951149 7647.527167388078 -7731.638853729923 1181.628881125356
 -738.4256994740681 -5839.443199990736 221.2333326124844 9765.97484719185
 -2639.472985140584 -3812.067440325205 -549.1900288132856 7001.187050759279
