# Created by Octave 4.2.1, Mon Oct 09 19:35:22 2017 BRT <root@mosqueiro>
# name: pop
# type: matrix
# rows: 1000
# columns: 4
 -7388.118906136311 -1280.759136014043 4066.935166573163 4616.641127117166
 -7388.118906136311 -1280.759136014043 4066.935166573163 4616.641127117166
 -7388.118906136311 -1280.759136014043 4066.935166573163 4616.641127117166
 -7388.118906136311 -1280.759136014043 4066.935166573163 4616.641127117166
 -7388.118906136311 -1280.759136014043 4066.935166573163 4616.641127117166
 -11827.02075152374 19655.4996486915 10646.7684850512 -1467.420732965721
 -7142.665580415191 282.1339386075149 5269.986971935572 94.16833959191626
 -7388.118906136311 -1280.759136014043 4066.935166573163 4616.641127117166
 -7388.118906136311 -1280.759136014043 4066.935166573163 4616.641127117166
 -7388.118906136311 -1280.759136014043 4066.935166573163 4616.641127117166
 8647.853734023192 -5863.481407795722 4927.626498868862 -7671.9267587524
 -7388.118906136311 -1280.759136014043 4066.935166573163 4616.641127117166
 -7388.118906136311 -1280.759136014043 4066.935166573163 4616.641127117166
 -7388.118906136311 -1280.759136014043 4066.935166573163 4616.641127117166
 -4803.146171512664 -48612.3011350982 -4315.79804638532 25614.89415866601
 -7388.118906136311 -1280.759136014043 4066.935166573163 4616.641127117166
 -7388.118906136311 -1280.759136014043 4066.935166573163 4616.641127117166
 -7388.118906136311 -1280.759136014043 4066.935166573163 4616.641127117166
 -7388.118906136311 -1280.759136014043 4066.935166573163 4616.641127117166
 -20156.61964293045 11646.68918992563 493.4302202518202 7159.142726565702
 -343.2669203593105 -808.9428225752908 8363.420463602402 8233.201777321818
 -1517.024878115157 8583.075442507417 671.077025190893 7829.845421132552
 -5610.041536224302 -1302.00443574406 -13681.37918561931 1265.799862721315
 -7388.118906136311 -1280.759136014043 4066.935166573163 4616.641127117166
 -7388.118906136311 -1280.759136014043 4066.935166573163 4616.641127117166
 -7388.118906136311 -1280.759136014043 4066.935166573163 4616.641127117166
 -7388.118906136311 -1280.759136014043 4066.935166573163 4616.641127117166
 8647.853734023192 -5863.481407795722 4927.626498868862 -7671.9267587524
 -7388.118906136311 -1280.759136014043 4066.935166573163 4616.641127117166
 -7388.118906136311 -1280.759136014043 4066.935166573163 4616.641127117166
 -7388.118906136311 -1280.759136014043 4066.935166573163 4616.641127117166
 -17666.99528131785 -3594.11024122927 -2228.803388012904 9032.344772108132
 -7388.118906136311 -1280.759136014043 4066.935166573163 4616.641127117166
 -14162.20158634735 11609.99280968753 -10949.9145248106 20806.58348122304
 -7388.118906136311 -1280.759136014043 4066.935166573163 4616.641127117166
 -19440.53048983536 12084.24993061644 -5221.366710363742 4351.579398939515
 -12254.46823566164 1703.597492637214 2182.981550929396 -14716.92434345007
 -7388.118906136311 -1280.759136014043 4066.935166573163 4616.641127117166
 -7388.118906136311 -1280.759136014043 4066.935166573163 4616.641127117166
 -7388.118906136311 -1280.759136014043 4066.935166573163 4616.641127117166
 -18727.74977784986 25482.76183816066 34094.81210712854 -21016.44565061146
 8412.820641441378 -6644.736716897651 -5546.584410349537 -36947.14782179291
 -7388.118906136311 -1280.759136014043 4066.935166573163 4616.641127117166
 -23584.51400631986 5108.429374725257 8467.996989402785 15877.29337419557
 14220.71977556767 -4468.103830552238 11461.15487600108 16320.26044117182
 -7388.118906136311 -1280.759136014043 4066.935166573163 4616.641127117166
 -7388.118906136311 -1280.759136014043 4066.935166573163 4616.641127117166
 -2050.934218790403 -4881.031735092482 7149.65145151206 -2860.949801996402
 8647.853734023192 -5863.481407795722 4927.626498868862 -7671.9267587524
 -7388.118906136311 -1280.759136014043 4066.935166573163 4616.641127117166
 -5971.605911754781 -15509.54115777728 7040.979718878031 1885.582282333362
 10640.63196984188 -2294.133166473014 3767.861442021767 -6435.653343565646
 -19474.97892003997 -64176.36487114044 11503.22397752732 591.2956610138144
 -7388.118906136311 -1280.759136014043 4066.935166573163 4616.641127117166
 -7388.118906136311 -1280.759136014043 4066.935166573163 4616.641127117166
 -7388.118906136311 -1280.759136014043 4066.935166573163 4616.641127117166
 -7388.118906136311 -1280.759136014043 4066.935166573163 4616.641127117166
 -7388.118906136311 -1280.759136014043 4066.935166573163 4616.641127117166
 -7388.118906136311 -1280.759136014043 4066.935166573163 4616.641127117166
 -7388.118906136311 -1280.759136014043 4066.935166573163 4616.641127117166
 -7388.118906136311 -1280.759136014043 4066.935166573163 4616.641127117166
 -10633.19976687815 1777.118225700404 11594.87608827016 9153.307440749069
 -22359.60040428206 6995.359662675011 -4311.452067958724 19135.93048616288
 43212.86953010755 3599.335971735639 32413.05707058328 -9740.674993189044
 -1563.185393950103 -3786.989513980752 15155.58926814434 -2409.329376878934
 -7388.118906136311 -1280.759136014043 4066.935166573163 4616.641127117166
 1810.144451192125 -3036.351048071423 18899.90137278682 10897.47392541641
 -7388.118906136311 -1280.759136014043 4066.935166573163 4616.641127117166
 -7388.118906136311 -1280.759136014043 4066.935166573163 4616.641127117166
 -7388.118906136311 -1280.759136014043 4066.935166573163 4616.641127117166
 -7388.118906136311 -1280.759136014043 4066.935166573163 4616.641127117166
 -7388.118906136311 -1280.759136014043 4066.935166573163 4616.641127117166
 -7388.118906136311 -1280.759136014043 4066.935166573163 4616.641127117166
 -7388.118906136311 -1280.759136014043 4066.935166573163 4616.641127117166
 -7388.118906136311 -1280.759136014043 4066.935166573163 4616.641127117166
 -7388.118906136311 -1280.759136014043 4066.935166573163 4616.641127117166
 -12072.46022073063 4724.573235701584 -5179.803724260082 4793.214105379099
 -7388.118906136311 -1280.759136014043 4066.935166573163 4616.641127117166
 -7388.118906136311 -1280.759136014043 4066.935166573163 4616.641127117166
 -7388.118906136311 -1280.759136014043 4066.935166573163 4616.641127117166
 -7388.118906136311 -1280.759136014043 4066.935166573163 4616.641127117166
 -7388.118906136311 -1280.759136014043 4066.935166573163 4616.641127117166
 -127.9848708709687 -37050.46494041574 7049.988760892948 2329.133789836562
 -7388.118906136311 -1280.759136014043 4066.935166573163 4616.641127117166
 -7388.118906136311 -1280.759136014043 4066.935166573163 4616.641127117166
 -7388.118906136311 -1280.759136014043 4066.935166573163 4616.641127117166
 -12722.90393951761 -1096.409063900021 2291.484115061031 10655.62475805585
 -17055.03058723024 10156.2785776383 20895.81202476229 13782.94126563932
 -7388.118906136311 -1280.759136014043 4066.935166573163 4616.641127117166
 8647.853734023192 -5863.481407795722 4927.626498868862 -7671.9267587524
 27475.84518527089 -28152.96986484248 -31942.56210531554 -54361.19184244261
 -6161.942266272134 3737.36970999669 -47.31478540440548 10982.98582705202
 -7388.118906136311 -1280.759136014043 4066.935166573163 4616.641127117166
 -7388.118906136311 -1280.759136014043 4066.935166573163 4616.641127117166
 -7388.118906136311 -1280.759136014043 4066.935166573163 4616.641127117166
 -7388.118906136311 -1280.759136014043 4066.935166573163 4616.641127117166
 -7388.118906136311 -1280.759136014043 4066.935166573163 4616.641127117166
 -7388.118906136311 -1280.759136014043 4066.935166573163 4616.641127117166
 4226.86088977398 6844.774800451432 -8973.274680835561 857.737670849503
 -7388.118906136311 -1280.759136014043 4066.935166573163 4616.641127117166
 -7388.118906136311 -1280.759136014043 4066.935166573163 4616.641127117166
 4647.524909813636 -3936.111754423785 3325.618036156742 -4543.29742275924
 -1763.57823216245 3645.012284424094 1291.006327268764 -3124.54256094668
 -7388.118906136311 -1280.759136014043 4066.935166573163 4616.641127117166
 -15426.76061740244 -3270.898703318483 -9932.721473868356 2949.042717533428
