# Created by Octave 4.2.1, Mon Oct 09 19:28:43 2017 BRT <root@mosqueiro>
# name: pop
# type: matrix
# rows: 1000
# columns: 4
 8816.19990571794 9711.014861572821 -9753.81764537735 -8772.860665054008
 8816.19990571794 9711.014861572821 -9753.81764537735 -8772.860665054008
 8816.19990571794 9711.014861572821 -9753.81764537735 -8772.860665054008
 8816.19990571794 9711.014861572821 -9753.81764537735 -8772.860665054008
 8816.19990571794 9711.014861572821 -9753.81764537735 -8772.860665054008
 8859.722995447715 9610.665130783051 -9668.173892285931 -8789.072782198587
 8937.137425681982 9591.164435206614 -9624.999776726267 -8940.46338377867
 7640.488290932592 9248.378770208921 -9726.122130328684 -7152.673261618307
 7712.394556578825 9258.670503971076 -9761.983957865425 -7121.081675846678
 8828.198622057176 9714.088661685562 -9736.40027830838 -8755.898431656227
 8859.722995447715 9610.665130783051 -9668.173892285931 -8789.072782198587
 8816.19990571794 9711.014861572821 -9753.81764537735 -8772.860665054008
 7640.488290932592 9248.378770208921 -9726.122130328684 -7152.673261618307
 7640.488290932592 9248.378770208921 -9726.122130328684 -7152.673261618307
 8859.722995447715 9610.665130783051 -9668.173892285931 -8789.072782198587
 7640.488290932592 9248.378770208921 -9726.122130328684 -7152.673261618307
 9554.824089560852 9669.104017654754 -10732.33329994466 -8580.305611878075
 8954.072667366023 9619.604742198724 -9600.195334919868 -8680.411667003775
 8816.19990571794 9711.014861572821 -9753.81764537735 -8772.860665054008
 8885.318529486394 9650.553877796217 -9675.882191325358 -8850.330510909813
 8816.19990571794 9711.014861572821 -9753.81764537735 -8772.860665054008
 8816.19990571794 9711.014861572821 -9753.81764537735 -8772.860665054008
 13652.58740496186 8286.130017590918 -11046.25438070835 -7875.784474497884
 8831.409787257471 9614.769925852739 -9683.938563632655 -8833.563468253604
 7916.640017508394 9372.78661604513 -9832.929322930035 -7045.754267753738
 8816.19990571794 9711.014861572821 -9753.81764537735 -8772.860665054008
 8922.49218286428 9600.948218207299 -9751.504790116504 -8792.93632962029
 8816.19990571794 9711.014861572821 -9753.81764537735 -8772.860665054008
 8816.19990571794 9711.014861572821 -9753.81764537735 -8772.860665054008
 8074.433639025425 9922.449009533075 -9861.155556845124 -7790.008420658189
 8815.954780082149 10037.87480094076 -9765.245178551602 -8796.580064879196
 8936.062811209151 9494.012649356469 -9622.369974295307 -8637.962897676487
 8859.722995447715 9610.665130783051 -9668.173892285931 -8789.072782198587
 8802.335188947311 9596.892366893979 -9686.189747575223 -8708.920478048085
 8819.79375388868 9644.363756047842 -9458.940630098015 -9003.656987312273
 9322.135339954089 9170.790106041663 -9878.286693508209 -8607.100346068813
 9090.454642189277 9607.743949610538 -9468.924302642467 -8571.563691046518
 8816.19990571794 9711.014861572821 -9753.81764537735 -8772.860665054008
 8816.19990571794 9711.014861572821 -9753.81764537735 -8772.860665054008
 8859.722995447715 9610.665130783051 -9668.173892285931 -8789.072782198587
 7640.488290932592 9248.378770208921 -9726.122130328684 -7152.673261618307
 8859.722995447715 9610.665130783051 -9668.173892285931 -8789.072782198587
 7640.488290932592 9248.378770208921 -9726.122130328684 -7152.673261618307
 8771.792766522283 9663.163927921109 -9817.502767973636 -8616.778329914701
 8816.19990571794 9711.014861572821 -9753.81764537735 -8772.860665054008
 8816.19990571794 9711.014861572821 -9753.81764537735 -8772.860665054008
 8816.19990571794 9711.014861572821 -9753.81764537735 -8772.860665054008
 8866.2073420863 9637.392955006148 -9595.88255785026 -8796.874663420862
 8859.722995447715 9610.665130783051 -9668.173892285931 -8789.072782198587
 8859.722995447715 9610.665130783051 -9668.173892285931 -8789.072782198587
 7640.488290932592 9248.378770208921 -9726.122130328684 -7152.673261618307
 8822.410816642041 9769.12386544873 -9779.423131717063 -8704.586741212592
 9554.824089560852 9669.104017654754 -10732.33329994466 -8580.305611878075
 8816.19990571794 9711.014861572821 -9753.81764537735 -8772.860665054008
 8859.722995447715 9610.665130783051 -9668.173892285931 -8789.072782198587
 8764.5073037812 9653.221800167536 -9754.476289775961 -8622.906464770886
 7640.488290932592 9248.378770208921 -9726.122130328684 -7152.673261618307
 9054.445028141081 11119.73339734127 -9077.495560378709 -10551.99710523319
 7640.788041094163 9302.342355524357 -9914.686582816084 -7008.475017863816
 8832.489458557035 9702.269649246577 -9764.446318471662 -8795.334117258173
 7549.431176220281 9233.215495552546 -9758.938929920312 -7194.665922015489
 8816.19990571794 9711.014861572821 -9753.81764537735 -8772.860665054008
 7640.488290932592 9248.378770208921 -9726.122130328684 -7152.673261618307
 8859.722995447715 9610.665130783051 -9668.173892285931 -8789.072782198587
 8652.2145912657 9475.551712680543 -9609.803055893588 -8895.364992114708
 8764.689677500779 9586.425245936747 -9627.268492694748 -8673.792269704323
 7612.686116662178 9266.931589036094 -9753.231427099247 -7237.67415050568
 7640.488290932592 9248.378770208921 -9726.122130328684 -7152.673261618307
 8816.19990571794 9711.014861572821 -9753.81764537735 -8772.860665054008
 8816.19990571794 9711.014861572821 -9753.81764537735 -8772.860665054008
 8859.722995447715 9610.665130783051 -9668.173892285931 -8789.072782198587
 9054.445028141081 11119.73339734127 -9077.495560378709 -10551.99710523319
 8897.142498707057 9541.725002295658 -9642.412429826385 -8775.030504146049
 8816.19990571794 9711.014861572821 -9753.81764537735 -8772.860665054008
 8740.811652830424 9073.428489943586 -9595.213136911543 -8054.44635400932
 8816.19990571794 9711.014861572821 -9753.81764537735 -8772.860665054008
 9140.65735992609 9682.828360237569 -9952.319757266967 -8859.634572808221
 8859.722995447715 9610.665130783051 -9668.173892285931 -8789.072782198587
 8816.19990571794 9711.014861572821 -9753.81764537735 -8772.860665054008
 8859.722995447715 9610.665130783051 -9668.173892285931 -8789.072782198587
 8816.19990571794 9711.014861572821 -9753.81764537735 -8772.860665054008
 7640.488290932592 9248.378770208921 -9726.122130328684 -7152.673261618307
 9008.777260475188 9549.948207578582 -9802.466174094381 -8907.289017930576
 8859.722995447715 9610.665130783051 -9668.173892285931 -8789.072782198587
 9379.039899446188 9187.372758460297 -9911.233676211945 -8604.491955160396
 21146.31326789939 14269.92132314815 -6686.001927231886 10710.96013092073
 7640.488290932592 9248.378770208921 -9726.122130328684 -7152.673261618307
 7640.488290932592 9248.378770208921 -9726.122130328684 -7152.673261618307
 8859.722995447715 9610.665130783051 -9668.173892285931 -8789.072782198587
 7640.488290932592 9248.378770208921 -9726.122130328684 -7152.673261618307
 8859.722995447715 9610.665130783051 -9668.173892285931 -8789.072782198587
 8816.19990571794 9711.014861572821 -9753.81764537735 -8772.860665054008
 7661.916573305722 9157.373253596041 -9680.470789586187 -7201.63375130037
 8859.722995447715 9610.665130783051 -9668.173892285931 -8789.072782198587
 8859.722995447715 9610.665130783051 -9668.173892285931 -8789.072782198587
 9366.190073620453 9157.937408124775 -9193.000352302441 -8472.610048206368
 8816.19990571794 9711.014861572821 -9753.81764537735 -8772.860665054008
 8924.780817190072 9572.292685234976 -9729.129959213058 -8758.997795713687
 8859.722995447715 9610.665130783051 -9668.173892285931 -8789.072782198587
 8724.431410199051 9652.274453650743 -9750.860379006586 -8709.31479893759
 8801.508344672451 9702.011419013184 -9734.353726742933 -8810.515333615784
 8816.19990571794 9711.014861572821 -9753.81764537735 -8772.860665054008
 8816.19990571794 9711.014861572821 -9753.81764537735 -8772.860665054008
 8816.19990571794 9711.014861572821 -9753.81764537735 -8772.860665054008
 8816.19990571794 9711.014861572821 -9753.81764537735 -8772.860665054008
 7640.488290932592 9248.378770208921 -9726.122130328684 -7152.673261618307
