# Created by Octave 4.2.1, Mon Oct 09 19:17:41 2017 BRT <root@mosqueiro>
# name: pop
# type: matrix
# rows: 1000
# columns: 4
 -7148.103312701941 9110.658303641747 9020.659766140016 -10968.80655961632
 -7148.103312701941 9110.658303641747 9020.659766140016 -10968.80655961632
 -7148.103312701941 9110.658303641747 9020.659766140016 -10968.80655961632
 -7148.103312701941 9110.658303641747 9020.659766140016 -10968.80655961632
 -7148.103312701941 9110.658303641747 9020.659766140016 -10968.80655961632
 7230.77113055191 -7476.461245343194 -2779.60364407581 3517.406246472408
 5872.733610322517 -7821.0501921012 -2201.28767330305 3659.535263412487
 -7550.994568967475 9422.043339869355 8908.925889460448 -10742.73349019874
 -7550.994568967475 9422.043339869355 8908.925889460448 -10742.73349019874
 6578.308467050072 -7455.179293266177 -2641.327490118966 3562.587425725307
 -7550.994568967475 9422.043339869355 8908.925889460448 -10742.73349019874
 -7242.864086479884 8794.136558263946 8594.71139349688 -10874.87848237724
 -7550.994568967475 9422.043339869355 8908.925889460448 -10742.73349019874
 -7562.350851831218 9218.641693299604 9203.421178424363 -10285.85022636725
 -7375.980311518139 8240.573131298564 8096.658369738594 -11695.47719364749
 -8421.019129482293 10501.41336096712 8570.920293701953 -10633.86916672773
 -7550.994568967475 9422.043339869355 8908.925889460448 -10742.73349019874
 -7550.994568967475 9422.043339869355 8908.925889460448 -10742.73349019874
 -7550.994568967475 9422.043339869355 8908.925889460448 -10742.73349019874
 -7550.994568967475 9422.043339869355 8908.925889460448 -10742.73349019874
 -7336.433595817046 8325.833296605979 8478.272071047764 -10936.22876841146
 -5688.729858853571 7090.240997812644 8584.497478801328 -10509.55976778686
 -7137.749643692147 9704.664786197694 9693.384732750155 -10624.63337334403
 -7550.994568967475 9422.043339869355 8908.925889460448 -10742.73349019874
 -2360.009493867279 -22161.35750630577 -10073.34960956314 -17047.25616142504
 -7550.994568967475 9422.043339869355 8908.925889460448 -10742.73349019874
 -7550.994568967475 9422.043339869355 8908.925889460448 -10742.73349019874
 -7780.163538209999 9416.866110809488 8828.915955408527 -10777.37600296425
 -6834.988667691647 9280.092013611449 9092.308150494717 -9985.973286328988
 -7550.994568967475 9422.043339869355 8908.925889460448 -10742.73349019874
 -7550.994568967475 9422.043339869355 8908.925889460448 -10742.73349019874
 -7550.994568967475 9422.043339869355 8908.925889460448 -10742.73349019874
 -170.7835486969071 2692.749679435122 11935.61893351085 -12217.10185317247
 -7231.830023134756 9853.176435015013 9175.458066901288 -10287.80650354923
 -7550.994568967475 9422.043339869355 8908.925889460448 -10742.73349019874
 -7550.994568967475 9422.043339869355 8908.925889460448 -10742.73349019874
 -7550.994568967475 9422.043339869355 8908.925889460448 -10742.73349019874
 -7550.994568967475 9422.043339869355 8908.925889460448 -10742.73349019874
 -7550.994568967475 9422.043339869355 8908.925889460448 -10742.73349019874
 -7550.994568967475 9422.043339869355 8908.925889460448 -10742.73349019874
 -7550.994568967475 9422.043339869355 8908.925889460448 -10742.73349019874
 -7550.994568967475 9422.043339869355 8908.925889460448 -10742.73349019874
 -7550.994568967475 9422.043339869355 8908.925889460448 -10742.73349019874
 -7550.994568967475 9422.043339869355 8908.925889460448 -10742.73349019874
 -6825.602064674615 9295.643103074402 8589.786246581876 -10967.25845812367
 -8437.166969537449 9582.136829131388 9225.872516426656 -10704.06924294232
 -7550.994568967475 9422.043339869355 8908.925889460448 -10742.73349019874
 -7550.994568967475 9422.043339869355 8908.925889460448 -10742.73349019874
 -8869.256534468577 9294.828469826796 8714.787159954798 -11616.4684877378
 -7550.994568967475 9422.043339869355 8908.925889460448 -10742.73349019874
 -7550.994568967475 9422.043339869355 8908.925889460448 -10742.73349019874
 -7550.994568967475 9422.043339869355 8908.925889460448 -10742.73349019874
 -8421.019129482293 10501.41336096712 8570.920293701953 -10633.86916672773
 -6834.988667691647 9280.092013611449 9092.308150494717 -9985.973286328988
 -7148.103312701941 9110.658303641747 9020.659766140016 -10968.80655961632
 -7668.253236688331 8839.127963767307 8998.366281561684 -10594.97236443091
 -7977.136772075221 9163.630027624766 10182.82528952054 -10800.30481017286
 -7550.994568967475 9422.043339869355 8908.925889460448 -10742.73349019874
 -7550.994568967475 9422.043339869355 8908.925889460448 -10742.73349019874
 -6898.875854099439 8714.81756123515 8607.554406334426 -10185.76682593114
 -7148.103312701941 9110.658303641747 9020.659766140016 -10968.80655961632
 -7550.994568967475 9422.043339869355 8908.925889460448 -10742.73349019874
 -7550.994568967475 9422.043339869355 8908.925889460448 -10742.73349019874
 -7550.994568967475 9422.043339869355 8908.925889460448 -10742.73349019874
 5872.733610322517 -7821.0501921012 -2201.28767330305 3659.535263412487
 -7550.994568967475 9422.043339869355 8908.925889460448 -10742.73349019874
 -7148.103312701941 9110.658303641747 9020.659766140016 -10968.80655961632
 -7550.994568967475 9422.043339869355 8908.925889460448 -10742.73349019874
 -7550.994568967475 9422.043339869355 8908.925889460448 -10742.73349019874
 15529.77770573755 -1873.053723963961 -16945.86993955228 -4801.86535823801
 -7550.994568967475 9422.043339869355 8908.925889460448 -10742.73349019874
 -8221.35561672939 9511.823190629228 5729.121279879959 -9391.407729041261
 6748.591961423843 -7106.867328037305 -2680.885158743232 2583.184898055395
 -7148.103312701941 9110.658303641747 9020.659766140016 -10968.80655961632
 26.53414083667712 9989.24019532391 24430.38827227195 1797.0817603317
 -7550.994568967475 9422.043339869355 8908.925889460448 -10742.73349019874
 -7550.994568967475 9422.043339869355 8908.925889460448 -10742.73349019874
 -13004.47594193318 3166.140070254327 15146.41708444301 -3873.778372554023
 -8518.954859474276 8587.159321186582 7343.786810830426 -12943.65848782568
 -7550.994568967475 9422.043339869355 8908.925889460448 -10742.73349019874
 -7550.994568967475 9422.043339869355 8908.925889460448 -10742.73349019874
 -7550.994568967475 9422.043339869355 8908.925889460448 -10742.73349019874
 -7550.994568967475 9422.043339869355 8908.925889460448 -10742.73349019874
 -7550.994568967475 9422.043339869355 8908.925889460448 -10742.73349019874
 -7550.994568967475 9422.043339869355 8908.925889460448 -10742.73349019874
 -5056.298722999211 9291.56145152484 9200.219143635493 -11366.17662253758
 -7550.994568967475 9422.043339869355 8908.925889460448 -10742.73349019874
 1307.11737841886 9965.152798339444 -9350.796354745804 5402.214317062847
 -7550.994568967475 9422.043339869355 8908.925889460448 -10742.73349019874
 9211.105727363225 -7218.329132665976 -2747.905528130776 4904.560662258746
 -7333.845890173266 8998.602089024849 7965.098436579431 -10273.12080820299
 -2510.161151745378 10116.82478458526 10620.43885601449 -3191.784280552719
 -7550.994568967475 9422.043339869355 8908.925889460448 -10742.73349019874
 -7550.994568967475 9422.043339869355 8908.925889460448 -10742.73349019874
 -7550.994568967475 9422.043339869355 8908.925889460448 -10742.73349019874
 -7550.994568967475 9422.043339869355 8908.925889460448 -10742.73349019874
 -7550.994568967475 9422.043339869355 8908.925889460448 -10742.73349019874
 -7550.994568967475 9422.043339869355 8908.925889460448 -10742.73349019874
 -7148.103312701941 9110.658303641747 9020.659766140016 -10968.80655961632
 -7605.659019445567 10176.96774179584 8499.823805761707 -10442.27058952909
 -7550.994568967475 9422.043339869355 8908.925889460448 -10742.73349019874
 -2442.182254804591 14509.56370155352 7947.374065358444 -11993.66949424839
 -7550.994568967475 9422.043339869355 8908.925889460448 -10742.73349019874
 -7550.994568967475 9422.043339869355 8908.925889460448 -10742.73349019874
 -7550.994568967475 9422.043339869355 8908.925889460448 -10742.73349019874
