# Created by Octave 4.2.1, Mon Oct 09 19:39:51 2017 BRT <root@mosqueiro>
# name: pop
# type: matrix
# rows: 1000
# columns: 4
 -7480.435130299403 -1323.738457048257 4102.306969383488 4700.881856917817
 -7395.791088765245 -1308.165518290362 4062.623926302736 4640.333799653859
 -7395.791088765245 -1308.165518290362 4062.623926302736 4640.333799653859
 -7395.791088765245 -1308.165518290362 4062.623926302736 4640.333799653859
 -7395.791088765245 -1308.165518290362 4062.623926302736 4640.333799653859
 -10324.82158791877 -379.1637934029191 6712.090700467143 4000.236401409895
 -7493.365911740386 -1282.234913431394 4123.766561797117 4652.072369057727
 -7488.691310134875 -1279.560515244262 4127.562637465106 4639.803218054304
 -7491.357089269941 -1281.035141976859 4123.025856152989 4650.102740940573
 -10323.59548820316 -378.2302109796831 6717.161137462044 3995.765383708438
 -7491.357089269941 -1281.035141976859 4123.025856152989 4650.102740940573
 -7260.627599568838 -1696.408883013105 4236.426105685516 4729.666236933876
 -7491.357089269941 -1281.035141976859 4123.025856152989 4650.102740940573
 -7492.504744799885 -1320.455169802291 4168.175841764305 4672.814368599016
 -7243.465826283204 -1703.319203678468 4274.926953201226 4671.838563233879
 -7228.388521017263 -1740.795924527349 4263.982653344838 4707.697314351077
 -7479.296027477604 -1333.289296071259 4101.832236093644 4688.864267121779
 -7395.791088765245 -1308.165518290362 4062.623926302736 4640.333799653859
 -7395.791088765245 -1308.165518290362 4062.623926302736 4640.333799653859
 -10324.82158791877 -379.1637934029191 6712.090700467143 4000.236401409895
 -7481.569794447016 -1323.528330876475 4103.402975084896 4700.743403129503
 -7481.569794447016 -1323.528330876475 4103.402975084896 4700.743403129503
 -7491.357089269941 -1281.035141976859 4123.025856152989 4650.102740940573
 -7481.314724098103 -1324.430761357899 4103.573863739652 4702.280280553788
 -7384.598994765914 -1277.26656446624 4068.258092037198 4617.220671947285
 -7481.569794447016 -1323.528330876475 4103.402975084896 4700.743403129503
 -7491.357089269941 -1281.035141976859 4123.025856152989 4650.102740940573
 -7477.355871284092 -1202.136601752761 4119.160785246224 4535.249615752928
 -7481.569794447016 -1323.528330876475 4103.402975084896 4700.743403129503
 -7481.569794447016 -1323.528330876475 4103.402975084896 4700.743403129503
 -7491.357089269941 -1281.035141976859 4123.025856152989 4650.102740940573
 -7481.569794447016 -1323.528330876475 4103.402975084896 4700.743403129503
 -7395.791088765245 -1308.165518290362 4062.623926302736 4640.333799653859
 -7395.791088765245 -1308.165518290362 4062.623926302736 4640.333799653859
 -7481.569794447016 -1323.528330876475 4103.402975084896 4700.743403129503
 -10366.69415071024 -397.0513278940015 6675.758433257163 3979.0367344345
 -7497.48770599593 -1282.374784182693 4124.784526813682 4659.35787567895
 -7491.618063037479 -1282.540920252206 4126.428215943002 4646.555285856101
 -7481.569794447016 -1323.528330876475 4103.402975084896 4700.743403129503
 -7490.93212402262 -1282.283916721278 4124.27559974171 4650.966647825021
 -10324.05577592862 -379.8726423173584 6713.523938545026 3998.027124028278
 -7481.569794447016 -1323.528330876475 4103.402975084896 4700.743403129503
 -7481.569794447016 -1323.528330876475 4103.402975084896 4700.743403129503
 -7480.435130299403 -1323.738457048257 4102.306969383488 4700.881856917817
 -7488.758253472203 -1281.332418570152 4129.184033809253 4650.479159240864
 -7491.357089269941 -1281.035141976859 4123.025856152989 4650.102740940573
 -7507.11714087779 -1284.267696821436 4138.566125408514 4643.135892746755
 -7491.066205327897 -1279.156820128095 4122.544806274113 4651.124775347774
 -7491.357089269941 -1281.035141976859 4123.025856152989 4650.102740940573
 -7491.357089269941 -1281.035141976859 4123.025856152989 4650.102740940573
 -7489.676788609358 -1280.565848986528 4122.148963948558 4651.618197592098
 -7243.465826283204 -1703.319203678468 4274.926953201226 4671.838563233879
 -7395.791088765245 -1308.165518290362 4062.623926302736 4640.333799653859
 -7466.802266642132 -1201.639931000462 4126.851494380279 4548.843709281071
 -8356.742382366449 -3369.829201003341 4343.179675474597 4402.691054103341
 -7491.357089269941 -1281.035141976859 4123.025856152989 4650.102740940573
 -7481.569794447016 -1323.528330876475 4103.402975084896 4700.743403129503
 -7395.791088765245 -1308.165518290362 4062.623926302736 4640.333799653859
 -7481.208974160942 -1327.761958879138 4100.793703522904 4700.181505121402
 -7481.569794447016 -1323.528330876475 4103.402975084896 4700.743403129503
 -7481.569794447016 -1323.528330876475 4103.402975084896 4700.743403129503
 -7481.569794447016 -1323.528330876475 4103.402975084896 4700.743403129503
 -7491.357089269941 -1281.035141976859 4123.025856152989 4650.102740940573
 -7491.622559643338 -1284.240607280592 4120.090306015535 4658.222325090163
 -7395.791088765245 -1308.165518290362 4062.623926302736 4640.333799653859
 -7481.569794447016 -1323.528330876475 4103.402975084896 4700.743403129503
 -7491.991114342333 -1286.050435524082 4123.705612379959 4653.325456468078
 -7491.357089269941 -1281.035141976859 4123.025856152989 4650.102740940573
 -7228.36790054567 -1739.482123216074 4262.792602182199 4707.249679122707
 -7491.357089269941 -1281.035141976859 4123.025856152989 4650.102740940573
 -7242.004940136103 -1701.093319024103 4276.037216211758 4672.055859133837
 -7229.620314515201 -1739.526084676637 4257.224526188672 4702.114802580723
 -7491.357089269941 -1281.035141976859 4123.025856152989 4650.102740940573
 -7491.357089269941 -1281.035141976859 4123.025856152989 4650.102740940573
 -7388.118906136311 -1280.759136014043 4066.935166573163 4616.641127117166
 -10324.82158791877 -379.1637934029191 6712.090700467143 4000.236401409895
 -7481.569794447016 -1323.528330876475 4103.402975084896 4700.743403129503
 -7491.357089269941 -1281.035141976859 4123.025856152989 4650.102740940573
 -7491.357089269941 -1281.035141976859 4123.025856152989 4650.102740940573
 -7481.569794447016 -1323.528330876475 4103.402975084896 4700.743403129503
 -7481.569794447016 -1323.528330876475 4103.402975084896 4700.743403129503
 -7476.724600201768 -1318.712223834456 4100.139891409243 4697.46856818106
 -7481.569794447016 -1323.528330876475 4103.402975084896 4700.743403129503
 -7481.569794447016 -1323.528330876475 4103.402975084896 4700.743403129503
 -7480.082188433664 -1323.200072947215 4102.386619463999 4699.699661933189
 -7480.435130299403 -1323.738457048257 4102.306969383488 4700.881856917817
 -10329.3026683694 -377.667479783145 6698.140062825892 3986.711433638846
 -7481.569794447016 -1323.528330876475 4103.402975084896 4700.743403129503
 -7481.569794447016 -1323.528330876475 4103.402975084896 4700.743403129503
 -7481.569794447016 -1323.528330876475 4103.402975084896 4700.743403129503
 -10324.82158791877 -379.1637934029191 6712.090700467143 4000.236401409895
 -7481.569794447016 -1323.528330876475 4103.402975084896 4700.743403129503
 -7481.569794447016 -1323.528330876475 4103.402975084896 4700.743403129503
 -7240.74904565518 -1702.195720491889 4273.650690877433 4673.187899615888
 -7491.357089269941 -1281.035141976859 4123.025856152989 4650.102740940573
 -7395.791088765245 -1308.165518290362 4062.623926302736 4640.333799653859
 -7507.316577023085 -1271.439073366419 4107.99578319986 4670.47482058463
 -7481.569794447016 -1323.528330876475 4103.402975084896 4700.743403129503
 -7481.569794447016 -1323.528330876475 4103.402975084896 4700.743403129503
 -7168.783879011961 -1802.391112009085 4201.23230045908 4732.767103856511
 -7481.569794447016 -1323.528330876475 4103.402975084896 4700.743403129503
 -7481.569794447016 -1323.528330876475 4103.402975084896 4700.743403129503
 -7491.357089269941 -1281.035141976859 4123.025856152989 4650.102740940573
 -7481.569794447016 -1323.528330876475 4103.402975084896 4700.743403129503
 -7481.569794447016 -1323.528330876475 4103.402975084896 4700.743403129503
