# Created by Octave 4.2.1, Mon Oct 09 19:46:48 2017 BRT <root@mosqueiro>
# name: pop
# type: matrix
# rows: 1000
# columns: 4
 -4992.598528051896 -3008.366981801299 6415.896530081 1585.058856400466
 -4992.598528051896 -3008.366981801299 6415.896530081 1585.058856400466
 -4992.598528051896 -3008.366981801299 6415.896530081 1585.058856400466
 -4992.598528051896 -3008.366981801299 6415.896530081 1585.058856400466
 -4992.598528051896 -3008.366981801299 6415.896530081 1585.058856400466
 -4992.598528051896 -3008.366981801299 6415.896530081 1585.058856400466
 -4992.598528051896 -3008.366981801299 6415.896530081 1585.058856400466
 -1377.070857897081 -4340.803962201608 -963.9892871044603 6401.16552053954
 -2639.472985140584 -3812.067440325205 -549.1900288132856 7001.187050759279
 -2639.472985140584 -3812.067440325205 -549.1900288132856 7001.187050759279
 -2639.472985140584 -3812.067440325205 -549.1900288132856 7001.187050759279
 -4992.598528051896 -3008.366981801299 6415.896530081 1585.058856400466
 -2639.472985140584 -3812.067440325205 -549.1900288132856 7001.187050759279
 -4992.598528051896 -3008.366981801299 6415.896530081 1585.058856400466
 -5296.942192527372 -2804.363735359582 6432.244870098569 2058.750352143538
 -2639.472985140584 -3812.067440325205 -549.1900288132856 7001.187050759279
 -2639.472985140584 -3812.067440325205 -549.1900288132856 7001.187050759279
 -2639.472985140584 -3812.067440325205 -549.1900288132856 7001.187050759279
 1640.250288218573 -214.6367743331803 818.8543242594043 12165.57884594133
 -4992.598528051896 -3008.366981801299 6415.896530081 1585.058856400466
 -2639.472985140584 -3812.067440325205 -549.1900288132856 7001.187050759279
 -4992.598528051896 -3008.366981801299 6415.896530081 1585.058856400466
 -4992.598528051896 -3008.366981801299 6415.896530081 1585.058856400466
 -12630.87975255835 -9558.25457866943 30201.76690333655 -10508.31778865399
 -3486.152029942202 -5144.047439165712 3069.609925370897 7361.775924765574
 -2639.472985140584 -3812.067440325205 -549.1900288132856 7001.187050759279
 -2639.472985140584 -3812.067440325205 -549.1900288132856 7001.187050759279
 -2639.472985140584 -3812.067440325205 -549.1900288132856 7001.187050759279
 -4992.598528051896 -3008.366981801299 6415.896530081 1585.058856400466
 4133.955717349718 810.4573490292505 17296.54427968556 9949.875628455031
 -12630.87975255835 -9558.25457866943 30201.76690333655 -10508.31778865399
 -4992.598528051896 -3008.366981801299 6415.896530081 1585.058856400466
 -2639.472985140584 -3812.067440325205 -549.1900288132856 7001.187050759279
 -4992.598528051896 -3008.366981801299 6415.896530081 1585.058856400466
 -6897.886782208701 2479.474061501921 8407.036950496553 15296.92837370599
 -4992.598528051896 -3008.366981801299 6415.896530081 1585.058856400466
 -1186.161300149021 -4497.815694609595 -624.9683645919923 7310.792867857626
 430.7098790332857 -740.3961394118592 -4308.808524283113 4897.782050152969
 -4992.598528051896 -3008.366981801299 6415.896530081 1585.058856400466
 -2639.472985140584 -3812.067440325205 -549.1900288132856 7001.187050759279
 -4992.598528051896 -3008.366981801299 6415.896530081 1585.058856400466
 -2639.472985140584 -3812.067440325205 -549.1900288132856 7001.187050759279
 -2625.767049719115 -4156.187091433181 -1214.859729706637 6882.014254142692
 -4992.598528051896 -3008.366981801299 6415.896530081 1585.058856400466
 -4992.598528051896 -3008.366981801299 6415.896530081 1585.058856400466
 1310.694311246748 1228.638771080114 -5781.104255622459 3915.810614791301
 -4992.598528051896 -3008.366981801299 6415.896530081 1585.058856400466
 -4992.598528051896 -3008.366981801299 6415.896530081 1585.058856400466
 -238.5987224892701 -3164.504578538581 -277.4471328501301 7877.784129402828
 -4992.598528051896 -3008.366981801299 6415.896530081 1585.058856400466
 -4992.598528051896 -3008.366981801299 6415.896530081 1585.058856400466
 -4992.598528051896 -3008.366981801299 6415.896530081 1585.058856400466
 -4992.598528051896 -3008.366981801299 6415.896530081 1585.058856400466
 -3697.295973030093 -4385.566918835705 1919.739299314062 7316.738135717986
 -2980.83908431988 -2835.010604310716 -120.7197633755261 7164.386098554507
 -4992.598528051896 -3008.366981801299 6415.896530081 1585.058856400466
 -4992.598528051896 -3008.366981801299 6415.896530081 1585.058856400466
 -2608.339655880442 -3507.418141891643 -1383.749033058107 6006.727643999491
 -2639.472985140584 -3812.067440325205 -549.1900288132856 7001.187050759279
 -4136.021839576844 -2808.173381555736 -1386.715728985052 2948.061686037559
 -4992.598528051896 -3008.366981801299 6415.896530081 1585.058856400466
 -4992.598528051896 -3008.366981801299 6415.896530081 1585.058856400466
 -4531.617691336573 -3582.474008460455 7646.829005431217 1340.174357856687
 -5230.244781582182 -3048.355116282403 6530.375295095076 907.849543237007
 -2639.472985140584 -3812.067440325205 -549.1900288132856 7001.187050759279
 -2639.472985140584 -3812.067440325205 -549.1900288132856 7001.187050759279
 -4992.598528051896 -3008.366981801299 6415.896530081 1585.058856400466
 -2639.472985140584 -3812.067440325205 -549.1900288132856 7001.187050759279
 -2639.472985140584 -3812.067440325205 -549.1900288132856 7001.187050759279
 -4992.598528051896 -3008.366981801299 6415.896530081 1585.058856400466
 -4992.598528051896 -3008.366981801299 6415.896530081 1585.058856400466
 -4992.598528051896 -3008.366981801299 6415.896530081 1585.058856400466
 46.88680194108201 -6186.756249080843 2445.251240590655 5295.029552742198
 -4992.598528051896 -3008.366981801299 6415.896530081 1585.058856400466
 -4992.598528051896 -3008.366981801299 6415.896530081 1585.058856400466
 -3697.295973030093 -4385.566918835705 1919.739299314062 7316.738135717986
 -4992.598528051896 -3008.366981801299 6415.896530081 1585.058856400466
 -5879.589632405255 -7724.97655899754 -226.0007531806133 8943.012858167791
 -4992.598528051896 -3008.366981801299 6415.896530081 1585.058856400466
 -4992.598528051896 -3008.366981801299 6415.896530081 1585.058856400466
 -2639.472985140584 -3812.067440325205 -549.1900288132856 7001.187050759279
 -2639.472985140584 -3812.067440325205 -549.1900288132856 7001.187050759279
 -4992.598528051896 -3008.366981801299 6415.896530081 1585.058856400466
 -2639.472985140584 -3812.067440325205 -549.1900288132856 7001.187050759279
 -4992.598528051896 -3008.366981801299 6415.896530081 1585.058856400466
 -1283.507620778165 -5206.436630591095 -908.2369710540813 6997.643081774519
 -4992.598528051896 -3008.366981801299 6415.896530081 1585.058856400466
 -6166.167304604589 -4011.953370298669 5449.34132185526 1503.829179508911
 -4992.598528051896 -3008.366981801299 6415.896530081 1585.058856400466
 -9573.086426716052 -7562.804900265401 348.6711017169546 -119.8378404567377
 -4992.598528051896 -3008.366981801299 6415.896530081 1585.058856400466
 -3697.295973030093 -4385.566918835705 1919.739299314062 7316.738135717986
 -4052.954048093045 -2307.734457822065 7087.232160395986 1246.226344646294
 -2639.472985140584 -3812.067440325205 -549.1900288132856 7001.187050759279
 -4992.598528051896 -3008.366981801299 6415.896530081 1585.058856400466
 -2639.472985140584 -3812.067440325205 -549.1900288132856 7001.187050759279
 -5303.490644915727 18915.08946316661 -7899.076834251191 -5514.756616243108
 -7289.915709350544 -7844.192356222743 5268.953907354655 11547.18099286998
 -2639.472985140584 -3812.067440325205 -549.1900288132856 7001.187050759279
 -3244.642777295189 -2147.119261552583 -1017.296357593922 7058.530657617358
 -2639.472985140584 -3812.067440325205 -549.1900288132856 7001.187050759279
 -4992.598528051896 -3008.366981801299 6415.896530081 1585.058856400466
 -1474.164035228108 -4102.073495425722 -715.3005001320805 8042.789634291572
 -4992.598528051896 -3008.366981801299 6415.896530081 1585.058856400466
 -2639.472985140584 -3812.067440325205 -549.1900288132856 7001.187050759279
 -4992.598528051896 -3008.366981801299 6415.896530081 1585.058856400466
