# Created by Octave 4.2.1, Mon Oct 09 19:31:48 2017 BRT <root@mosqueiro>
# name: pop
# type: matrix
# rows: 1000
# columns: 4
 3377.451379168293 -8039.662468419434 7678.97282593312 -7242.171353185493
 -5370.565484384117 -7963.299652620311 -9656.107248359791 -4611.097324464229
 2802.204186485851 -7288.807976355914 2703.706997061165 4908.146923356166
 -8184.879417269834 961.9242839848994 368.0952657622402 8937.902622657399
 -4669.502018500432 -831.5200892468238 9175.691111611133 -6681.123005463511
 2447.045970190384 1221.881675880668 -4192.755893562977 -2879.586485950444
 6541.890687288742 -7201.456124839693 5738.947853791968 1370.374267446634
 -574.8100239182786 4989.085540429818 -1150.3119932398 -1837.516184474096
 -2693.815001977159 3416.256341192948 1737.685949063485 1863.771673702957
 7307.695402711241 -3909.608849947312 -7169.072138244249 -4930.682298997043
 -5585.672074192646 -1127.996466320861 180.2480336780609 7880.827717847686
 -1605.173965957822 9777.562519181043 9674.743583250194 -8972.715766930229
 9501.59678439247 -9746.512160671406 5530.527025332425 -1605.358131070481
 2322.495858298131 -1511.11965457352 -643.9277076954877 8893.962970159268
 -3244.010225767556 6358.458994276833 -3849.344370733457 1964.033037810952
 -9195.647075341451 -8311.55915975171 6852.813485611252 5960.100537854287
 8584.77841639574 7273.618494171005 4611.280044608775 -5115.54056222732
 5298.817792555166 5720.022941679987 8694.224118502574 -2429.807672932932
 -3914.907186013001 233.1963098644846 -4982.038652382888 854.3439745829037
 -6024.704680847604 -5859.136679542495 2368.242655903456 628.7448520468279
 -826.6040683228439 5496.989901342416 -2990.731021962735 6072.438160217293
 -1061.477125043783 -6862.458848609071 6407.048200262736 -8717.456790680772
 -7270.012106531824 4667.710762020088 -329.6128724712053 97.22630629985542
 3859.098193186124 8611.279982682707 3682.512553801984 -950.884706871786
 8416.152493335652 9587.501088524903 1388.667444280571 971.1000672276768
 2381.830418885333 -6853.744784324464 5718.740240625497 -8894.51323827878
 6680.443861499029 -4933.627532403587 -4528.671308459139 -8315.504618088395
 3662.271760345518 -4679.283465732823 5325.248044840821 5278.427241792542
 6601.461576820533 -974.2709129411942 -903.3105227629821 -1822.097834627071
 1647.097936088445 -1517.79471211977 3711.561400316135 -2037.8468877136
 2667.455471512527 2123.997023626478 4184.555772919342 2664.986276358935
 944.6897245114433 3140.96973672292 -7776.306682769608 -2864.842097853742
 713.056659558797 -9264.146094026324 2870.877453569537 -1359.070606302021
 -308.6610779395978 -4540.498964332836 -9714.539955172026 -1130.348036159343
 9537.494457312638 8600.775601023459 -5917.324791815354 255.4495624791598
 -2821.129558830916 9733.992342059802 -8978.399591581701 9502.33410613846
 -8206.13352956609 -1315.539898623405 -5458.031450299991 8449.910908884991
 4458.574173292582 6428.420963710345 -9743.002218397995 824.9343552066985
 1382.113985905184 3025.976964264781 5140.915201310954 7913.419035774274
 200.2382354593647 9937.205878392095 597.1702194051395 -3133.230001181576
 263.8731625017481 7771.018944521973 -559.5855100628978 -653.2732683360482
 -9428.393853430791 5967.453000155594 -1538.787631639514 3890.235208867918
 -4713.51099699134 3370.85183642186 -3049.561230836081 5850.395671013453
 4490.373249598861 -2598.450136915619 3057.419292446955 -4189.338871476184
 1838.027099714653 1222.864949181341 -2293.132991658907 9280.130742599584
 5669.260777580752 -1891.635500678043 6607.465428364176 -4838.238032429248
 4259.307014777698 -9996.802094517572 9775.338593632547 -6904.316991418196
 -2709.719435714949 6908.845652165513 -3882.34379215798 -5515.588583580648
 8965.870634144441 -2253.547110942867 -2655.331718119286 -9589.70585165493
 7064.522978656412 7603.307866728726 5997.587217749682 7482.996724572899
 -6834.079186415673 7669.910536354062 -8284.190620158766 -5633.014811274312
 -9900.363649704861 -4758.005690792381 6380.242099799907 -1611.838552248933
 -1305.91345903551 782.9051528697601 9156.242208396539 -4675.567745888255
 3184.12667106455 -483.7385938861207 659.2737301721227 9420.773670398023
 6583.993530437208 -1371.307553422228 8755.526089796302 6913.974670913267
 -7721.056854451286 -4336.36988233003 -4845.217429099185 -6989.132342851835
 7838.796202262671 759.0168121967781 6871.676450106836 -125.398288437782
 7588.105957892309 -9204.729313987567 8511.101393858477 -9563.648119810101
 -5407.484062466576 -4269.514756745945 -5780.806338851473 3355.028766349422
 -1145.110915314224 194.7004047582213 -5098.940857606687 -2728.134562392427
 4279.07810190805 2143.926608206002 -2369.370608851042 -7742.568133247786
 4293.667247008892 303.0098914425143 -6781.229463111832 -6103.630624201498
 -5442.883560789981 927.2254945888017 -3989.403565118818 -325.898474203932
 5340.337764653719 4250.777754884535 -8482.533251576062 -8862.931788754524
 -2415.211696066991 3002.626748531095 -7394.235576220321 6620.252911465013
 -6660.362127992975 5568.773135342184 -2797.500703305239 5389.172687599681
 -8437.200674694232 7182.244063645998 7472.335438061044 -1085.66059463097
 6762.788374315522 9962.500359660382 -7688.895158159067 -1852.748730139874
 -9987.105542479918 -9587.796861714032 -8818.90393536083 -1613.558844163463
 -1049.727750395876 -7500.764418561591 -7988.201021046092 -5966.887893909236
 -9698.174565857329 -3597.798384582615 -110.7353718893974 -14.57819553628724
 -6172.938740567545 -1691.982658963821 9839.249489411162 -9591.812301886628
 4822.958151491095 -8390.044225383115 7119.884206714174 -9064.590320249139
 -2462.552650075128 3930.772553340763 2182.370883134501 3383.158355810421
 4438.04962470021 6419.056249464695 7255.865012081627 -8807.267853856811
 6882.613648487666 -9672.020033307084 5054.145789052949 -4058.117734013368
 -3464.676592274719 -4228.047966873291 735.2035804628977 -7432.383935612848
 -433.8905135181885 -1145.916199953992 7485.658358385012 -7814.798350409748
 9802.358891918855 -4213.317161309217 -6904.571232917739 -1796.598728081144
 5386.110488757959 -2729.199532916395 -6735.83267718454 -806.693323386482
 -5475.692355850031 -2826.24636239975 -2910.056820583059 3894.929331922989
 -842.7602132885986 9262.184705108761 8034.877877039424 8713.775147900484
 -4973.100927401431 5820.153928602529 -6928.911985601126 -7168.813576146498
 1660.235501237068 7038.171897451812 -2620.438071395775 3652.812130117447
 4826.87347436528 -4452.278221764926 -7344.941859168164 4115.445635590493
 -5576.809763460172 -828.6567593690361 6148.71881408043 6006.19201564365
 -9709.066354782966 -8066.728819820513 204.8843203133129 -6581.096056771746
 -6477.21033643223 1340.374764556234 -9928.678779270855 5664.608340568495
 5008.010577751646 -9681.556242961304 7322.589597343504 3654.392545918279
 4055.074477285279 -4720.064214666587 -7273.193119862175 8749.457397398415
 4235.380522493899 3066.462654360344 1341.936856051538 -1295.677074272913
 -2147.66077261111 -3456.908234893187 468.3925246617691 821.3550434364661
 -3524.345196171953 -5469.855837723749 -9540.365916321542 -5163.070418863508
 -2997.065579283146 -6012.347814991489 542.255094429207 -9424.581211273988
 -7156.123910384963 5750.109353935164 -1972.03709443316 4458.557487464886
 -2950.26269246934 6220.833678465542 5180.140679600319 2652.835040693417
 -7980.000040115296 -7234.732304227288 8059.307091810442 583.1047760901911
 6199.692451877392 -5151.568966859331 -418.1279718431506 5330.285372015111
 8453.49147467464 7701.20157974631 -3312.885567695069 -4521.572593937152
 -3193.856463118453 5254.670026475214 -349.5269489829807 8216.870649340861
 -4258.58801316982 -4032.637150500792 6102.053514349131 4022.215201878595
 2750.184632507644 -6511.858748489555 -5968.347725983424 -9653.531515178516
 -4985.197386026859 -6405.924625844622 4792.491462788721 1879.917913745216
 -6253.100500836598 9752.797953330512 3201.896003694153 6786.036492922893
 -7453.211421331779 -5095.518126749973 -2098.573986167889 -4349.292751104867
