# Created by Octave 4.2.1, Mon Oct 09 19:12:14 2017 BRT <root@mosqueiro>
# name: pop
# type: matrix
# rows: 1000
# columns: 4
 -4114.197760439237 -9426.981662117243 -110.7615321673129 4554.34908072102
 -8177.910088324026 9941.056776972393 1983.182346624768 7081.218204004061
 2841.882535630799 3386.800824506632 -6581.134351223498 9960.203146310225
 1757.469299590457 357.1093309799562 4819.463599254512 7341.255771251443
 -7988.421028012035 -4614.365517119122 9874.609290289558 6636.90595036884
 4239.321626511201 -5993.679589824033 -1072.778288510619 -5292.469866298161
 -1746.180079544589 -7934.952623990574 -4479.93619250504 7764.348784721125
 -3625.346324300117 -643.6732369235997 1914.821296632694 -9388.132228901857
 7660.852387084244 1163.319931903365 1816.454233170134 4681.556192026115
 -7680.033968362141 -5908.882972429893 6215.067199797801 -6257.602087666608
 -1095.958879162094 -1628.998893667489 8206.197669608482 1222.542131095657
 4154.0901370638 6633.69781321651 4921.412306218219 590.6750198728223
 4160.082481040126 5472.954513136601 -2684.964733368081 4328.190749239689
 7146.674313670239 -3838.926613623449 8555.381479770069 5784.225324528777
 -7208.739375750156 -5325.093643229734 -2925.762140410212 6351.033845243481
 7433.047411602089 6619.679088172656 5135.492637486193 -7613.561535386885
 -9325.142374781906 2257.027561623981 -937.9485651747218 7703.490088811744
 1000.840477140355 9281.139828432737 -7629.250068567972 -4293.880361813057
 4822.931252499824 7320.791877890439 -3633.384566082288 -2384.990514396225
 6955.248810020905 -4210.30701126701 9704.926476975364 -6183.506007183682
 6572.048251870066 4865.76080108006 891.0576097282246 1182.221443548788
 7420.99841918876 5900.998930513191 -5849.87638766168 5469.516579449779
 2246.434252836812 -867.8474167911245 -869.6818133386078 -6133.673365802329
 2607.675894639888 -5660.755370021281 -9191.01501614163 6707.731500042082
 6335.714086284303 7101.728543674624 -375.5554427907482 -5468.611248627901
 2433.150896989593 -6242.71698412317 -8629.327404961201 9310.165054972789
 8463.673504580456 -9845.720899629108 5935.031050842872 9748.93682210473
 8794.415303018734 5705.018542196151 3706.952378898166 -2932.502016763222
 8724.77286308035 3459.464539331544 3332.372025783932 6590.700919636129
 -9326.426463448961 6149.736749505517 -4726.62223817229 -5733.725983710128
 7526.560071716158 2197.272475059137 -5578.189607286911 7869.924602991239
 -7040.532270698875 9870.56158160745 -4795.900392783596 2258.334994261464
 2558.051230936946 -6211.438562399653 -1553.720471696453 6321.210996507169
 -8169.184247581245 5253.542914288942 4394.025380200632 -4307.334337233605
 1090.768437688414 7949.048807027943 6110.30116962721 1888.435807407552
 4151.729150672745 928.9229996979902 -6219.441696810278 -7835.689369158397
 -1378.047163283818 -672.2607174216409 3293.468149482471 -7631.295925261586
 6553.013756016797 6526.04360506382 -5997.350718195279 5681.891868198956
 -1425.960743158908 -8550.924938148059 -9710.095549563375 -6133.992395570664
 2858.00807407725 6262.073070333176 8843.026271874827 376.0961693877925
 -5096.277745679346 -7297.59501473162 683.7545283964082 -6121.49257683476
 -5154.356281265299 -3327.897759363437 -6100.292730551113 6380.848196062487
 -4606.014846240752 4488.102108117955 3254.563580916976 3105.642112113395
 6014.675340159009 -4732.101727208626 7977.960195090327 -3203.057031492203
 8373.68761798269 -6792.105217190022 7182.754289927216 5938.200074170554
 -1991.849064585462 4370.24779030744 -8916.937515840058 390.5517995758637
 7269.772338999974 4578.395800709835 -4805.359053631325 -7229.428391218518
 4976.174375213623 -2265.882476836453 9925.043533992895 -162.4229505428302
 9438.327671306673 -9666.717126811072 3174.712140522324 9606.222992371593
 -394.8830881652175 8021.40944529952 7686.89441447323 8334.544679791241
 6033.545918546188 7643.436854120246 9015.260960024098 -7868.581280350534
 -3098.842467558166 4764.700396517605 -8503.009461507019 -4512.89364447046
 7936.158724082197 -9689.234439216982 -2742.249068442429 5507.348286098131
 -7478.416138683117 3212.177709287527 6866.65195468923 9868.424170177368
 -7949.731412602485 7867.726953336394 -8471.218423493056 -220.6448230276146
 5071.953666154042 -7700.311009412189 910.0859661471095 -1298.275724384876
 8733.821989301308 -754.526604324612 -2707.487498063371 -4035.903551191334
 5.729240233578821 8751.302767469697 5842.043380949281 1482.440104829948
 389.8748355129046 -3210.535999850665 3531.760087167726 9707.409348220026
 -6599.698789136116 6246.050354918096 8184.16687391025 5842.269900470646
 -7817.650136387141 2580.297393774201 759.8552982328383 5387.173168478885
 -6377.643849255591 181.8701235355256 2775.740429402569 -7444.904893661758
 3390.181326121921 -4729.725937284187 -4335.231612097998 -2987.615530368041
 -9406.755635357436 -5315.868677955669 -2180.592645520804 -2782.008480553578
 -2648.416957588596 -1743.929860467204 -5663.502630294564 6649.371566661965
 9821.226474795636 1689.404413473265 -3723.274031508154 4833.752774979826
 -3455.224124518029 -3705.671343087323 -295.9353109879776 2179.837721119349
 -2350.858886494199 -7688.529658396583 -5934.83505101612 -9073.712362391967
 -3173.984213436785 5015.875485667188 1849.580981661713 4701.252889919379
 -7442.153260711671 -3029.988484178813 -6379.77435159067 -765.8853754497904
 -7649.876146967999 7502.082652594807 -1476.668675367382 1933.318146516429
 344.1976017882334 5344.389658077036 2054.577021647243 -6900.517307381378
 -5048.578114730594 -9770.802901895098 -8699.811754752471 1581.052681974386
 -642.2974093676839 -7973.86872022427 -6411.631268847006 -230.4606560857119
 572.5288341608029 -1214.262567477397 3458.908579622495 1863.717631838646
 7280.396101452185 3008.59044687451 -6448.989018429846 -6497.578681783132
 8978.408297429803 9779.656023359901 5078.281735384835 -6334.929517175113
 -4904.674483254537 -468.2248105768685 -5705.784978115073 9068.824271829439
 -8796.317241877885 4465.346522140017 8236.746672766312 -7699.635586483663
 -4996.511742488205 -1110.397820318258 -883.8493166565859 3504.076451238507
 137.6933550150043 -4682.995920029474 -8739.346389153963 3480.309512961549
 3531.312393224911 -7502.650400934828 3795.363256672459 -3386.297137852746
 3316.702664404576 2750.8174018187 -9610.599499910235 -5687.105375428704
 662.813166369704 895.8610724631362 -5928.384311329559 -6405.086053310506
 5019.522955572975 -7757.255176024031 -854.0735892864741 -8468.552158519586
 -9601.082170073738 9107.569900213221 8106.547759837697 -2257.752429641648
 -6967.53971548994 -7362.283831277639 4855.766001570246 2330.265197327881
 1506.984234806279 -5577.832681929262 -4149.011084290716 -3434.618778589077
 5296.959643373606 -8759.968786959271 -3860.850226006069 882.7532341530423
 -6978.014329450116 -1846.951588474496 -4382.852144172359 -1484.443132159087
 1663.652771920386 -8553.361032279914 -8842.014797464792 -4432.277582450369
 -16.09895105360374 5024.470580896183 6291.742568989344 -2686.487464741613
 -4296.062915609965 -1568.850917726506 4624.361352174867 -9286.91433814725
 -8812.216537291361 7563.835145171353 -1343.678036005946 -3029.800695980454
 8635.367824146357 2954.679814811141 -3249.935043442028 -8460.958957023406
 -4956.321186344702 -1113.80149904483 3987.109318387018 2032.163084530512
 -7166.205842053944 5332.992271189143 -190.935711456259 3101.390110182598
 -6200.670244435621 311.1249850149143 3798.648225630061 8900.01721957713
 -6299.637197404963 4848.543679990647 5297.346667625132 1101.562609025359
 6903.998191828188 -1724.060535679329 -8875.898749841601 4365.689083146859
 -9499.406330978894 -7882.92379961297 9937.223660189793 -6703.697316730556
 -3477.521788672047 7268.680405948071 5133.841480294421 -1597.815052430213
 5856.680297561008 4561.107324546851 1930.709367790259 -3754.362469272988
 -4878.494260630018 6714.002844964321 -2698.306990425808 1027.808512826525
 3331.850959830412 -3582.639395593673 6609.815960917174 -3261.025026705534
