# Created by Octave 4.2.1, Mon Oct 09 19:40:50 2017 BRT <root@mosqueiro>
# name: pop
# type: matrix
# rows: 1000
# columns: 4
 -7480.391577761785 -1323.762026480436 4102.256724227663 4700.896901526867
 -7480.181020760931 -1323.684231566536 4102.039049875563 4700.842070198772
 -7480.181020760931 -1323.684231566536 4102.039049875563 4700.842070198772
 -7480.181020760931 -1323.684231566536 4102.039049875563 4700.842070198772
 -7480.181020760931 -1323.684231566536 4102.039049875563 4700.842070198772
 -7395.791088765245 -1308.165518290362 4062.623926302736 4640.333799653859
 -7168.414884633413 -1802.524270873153 4201.485343608379 4732.564249748311
 -7480.435130299403 -1323.738457048257 4102.306969383488 4700.881856917817
 -7395.791088765245 -1308.165518290362 4062.623926302736 4640.333799653859
 -7491.782685364768 -1280.84915966716 4122.93381332977 4649.750167750191
 -7481.499096358835 -1323.460862900143 4103.372381106245 4700.73673755296
 -7481.569794447016 -1323.528330876475 4103.402975084896 4700.743403129503
 -10324.7342731631 -379.1854211166269 6712.066494439165 4000.18292896272
 -7481.569794447016 -1323.528330876475 4103.402975084896 4700.743403129503
 -7480.435130299403 -1323.738457048257 4102.306969383488 4700.881856917817
 -7481.569794447016 -1323.528330876475 4103.402975084896 4700.743403129503
 -7480.435130299403 -1323.738457048257 4102.306969383488 4700.881856917817
 -7395.763485635987 -1308.022022944806 4063.016755661828 4640.376434459827
 -7481.569794447016 -1323.528330876475 4103.402975084896 4700.743403129503
 -7480.181020760931 -1323.684231566536 4102.039049875563 4700.842070198772
 -7480.181020760931 -1323.684231566536 4102.039049875563 4700.842070198772
 -7480.391577761785 -1323.762026480436 4102.256724227663 4700.896901526867
 -7480.435130299403 -1323.738457048257 4102.306969383488 4700.881856917817
 -7480.526815774944 -1323.922392268633 4102.853088713285 4700.604413649462
 -7481.569794447016 -1323.528330876475 4103.402975084896 4700.743403129503
 -7481.620642665747 -1323.242794297934 4103.522419965157 4700.678286179825
 -7480.435130299403 -1323.738457048257 4102.306969383488 4700.881856917817
 -7481.569794447016 -1323.528330876475 4103.402975084896 4700.743403129503
 -7481.23061397611 -1331.522862253249 4103.839625588113 4695.176746142668
 -7491.357089269941 -1281.035141976859 4123.025856152989 4650.102740940573
 -7395.763485635987 -1308.022022944806 4063.016755661828 4640.376434459827
 -7243.465826283204 -1703.319203678468 4274.926953201226 4671.838563233879
 -7480.435130299403 -1323.738457048257 4102.306969383488 4700.881856917817
 -7242.716241524487 -1702.259048155372 4274.626067463774 4671.205062897788
 -7480.435130299403 -1323.738457048257 4102.306969383488 4700.881856917817
 -7481.569794447016 -1323.528330876475 4103.402975084896 4700.743403129503
 -7395.791088765245 -1308.165518290362 4062.623926302736 4640.333799653859
 -7395.791088765245 -1308.165518290362 4062.623926302736 4640.333799653859
 -7395.791088765245 -1308.165518290362 4062.623926302736 4640.333799653859
 -7395.791088765245 -1308.165518290362 4062.623926302736 4640.333799653859
 -7395.762954929472 -1308.168759378694 4062.644601296885 4640.333281104727
 -7481.423823609265 -1323.399519963967 4103.163900641603 4700.76622203944
 -7480.375158925452 -1323.751393259494 4102.263554930739 4700.916801451662
 -7480.435130299403 -1323.738457048257 4102.306969383488 4700.881856917817
 -7395.821810774658 -1308.122640782729 4062.879477632139 4640.573839003064
 -7480.481781086122 -1323.730545554328 4102.340823126248 4700.964356190108
 -7395.816359484964 -1308.227557233396 4062.596890206092 4640.3517791086
 -7480.435130299403 -1323.738457048257 4102.306969383488 4700.881856917817
 -7481.620859702368 -1323.535570398485 4103.385269728234 4700.800135170575
 -7480.435130299403 -1323.738457048257 4102.306969383488 4700.881856917817
 -7480.435130299403 -1323.738457048257 4102.306969383488 4700.881856917817
 -7481.569794447016 -1323.528330876475 4103.402975084896 4700.743403129503
 -7480.391577761785 -1323.762026480436 4102.256724227663 4700.896901526867
 -7480.181020760931 -1323.684231566536 4102.039049875563 4700.842070198772
 -7481.626883830055 -1323.463129459153 4103.438501384824 4700.74368794663
 -7481.423823609265 -1323.399519963967 4103.163900641603 4700.76622203944
 -7395.791088765245 -1308.165518290362 4062.623926302736 4640.333799653859
 -7395.721481793413 -1308.060026646477 4062.588525330985 4640.181561367235
 -7480.435130299403 -1323.738457048257 4102.306969383488 4700.881856917817
 -7480.435130299403 -1323.738457048257 4102.306969383488 4700.881856917817
 -7480.435130299403 -1323.738457048257 4102.306969383488 4700.881856917817
 -7481.554479329535 -1323.33052917042 4103.76425689886 4700.592271080453
 -7480.435130299403 -1323.738457048257 4102.306969383488 4700.881856917817
 -7480.435130299403 -1323.738457048257 4102.306969383488 4700.881856917817
 -7480.435130299403 -1323.738457048257 4102.306969383488 4700.881856917817
 -7338.580238643497 -1282.369686811084 4104.569267315006 4593.106916616811
 -7480.435130299403 -1323.738457048257 4102.306969383488 4700.881856917817
 -7480.435130299403 -1323.738457048257 4102.306969383488 4700.881856917817
 -7480.261117597721 -1323.585251825297 4102.333437754687 4700.886716977627
 -7481.532244837027 -1323.477415703953 4103.374232950705 4700.770579644457
 -7480.435130299403 -1323.738457048257 4102.306969383488 4700.881856917817
 -7395.791088765245 -1308.165518290362 4062.623926302736 4640.333799653859
 -7480.435130299403 -1323.738457048257 4102.306969383488 4700.881856917817
 -7480.526815774944 -1323.922392268633 4102.853088713285 4700.604413649462
 -7395.791088765245 -1308.165518290362 4062.623926302736 4640.333799653859
 -7480.435130299403 -1323.738457048257 4102.306969383488 4700.881856917817
 -7480.435130299403 -1323.738457048257 4102.306969383488 4700.881856917817
 -7480.435130299403 -1323.738457048257 4102.306969383488 4700.881856917817
 -7491.414690189205 -1282.10490059344 4122.216373820816 4649.649839588292
 -7480.181020760931 -1323.684231566536 4102.039049875563 4700.842070198772
 -7481.569794447016 -1323.528330876475 4103.402975084896 4700.743403129503
 -7480.435130299403 -1323.738457048257 4102.306969383488 4700.881856917817
 -7480.435130299403 -1323.738457048257 4102.306969383488 4700.881856917817
 -7481.621858945064 -1323.520109296455 4103.401380393236 4700.777526201792
 -7395.822287949484 -1308.124163984455 4062.580981804071 4640.384361915796
 -7481.510577100918 -1323.679728454899 4103.486595655366 4700.740862546832
 -7480.435130299403 -1323.738457048257 4102.306969383488 4700.881856917817
 -7480.435130299403 -1323.738457048257 4102.306969383488 4700.881856917817
 -7481.608244318038 -1323.546991881172 4103.459639590678 4700.722650382251
 -7480.435130299403 -1323.738457048257 4102.306969383488 4700.881856917817
 -7480.435130299403 -1323.738457048257 4102.306969383488 4700.881856917817
 -7491.578787205037 -1282.382022851882 4126.530213644816 4646.492944403673
 -7480.181020760931 -1323.684231566536 4102.039049875563 4700.842070198772
 -7481.622386335968 -1323.548346436925 4103.426975052929 4700.713666362708
 -7480.435130299403 -1323.738457048257 4102.306969383488 4700.881856917817
 -7492.559598968231 -1281.659156879148 4122.261065859009 4651.191666569258
 -7480.47558055721 -1323.743502374049 4102.332412663967 4700.83216928269
 -7480.435130299403 -1323.738457048257 4102.306969383488 4700.881856917817
 -7480.435130299403 -1323.738457048257 4102.306969383488 4700.881856917817
 -7395.791088765245 -1308.165518290362 4062.623926302736 4640.333799653859
 -7480.419103030871 -1323.75349031725 4102.320527475671 4700.906739414868
 -7480.435130299403 -1323.738457048257 4102.306969383488 4700.881856917817
 -7480.419103030871 -1323.75349031725 4102.320527475671 4700.906739414868
 -7395.826570078583 -1308.203583104726 4062.701996546393 4640.362334124887
 -7481.569794447016 -1323.528330876475 4103.402975084896 4700.743403129503
