# Created by Octave 4.2.1, Mon Oct 09 19:34:04 2017 BRT <root@mosqueiro>
# name: pop
# type: matrix
# rows: 1000
# columns: 4
 -7388.118906136311 -1280.759136014043 4066.935166573163 4616.641127117166
 -7388.118906136311 -1280.759136014043 4066.935166573163 4616.641127117166
 -7388.118906136311 -1280.759136014043 4066.935166573163 4616.641127117166
 -7388.118906136311 -1280.759136014043 4066.935166573163 4616.641127117166
 -7388.118906136311 -1280.759136014043 4066.935166573163 4616.641127117166
 -7388.118906136311 -1280.759136014043 4066.935166573163 4616.641127117166
 11700.58384463508 1677.969731401585 20720.71700127505 -4571.884176496009
 -7388.118906136311 -1280.759136014043 4066.935166573163 4616.641127117166
 7012.077390042115 6343.879730101728 -19142.20423253236 19744.9259201064
 -7388.118906136311 -1280.759136014043 4066.935166573163 4616.641127117166
 -7388.118906136311 -1280.759136014043 4066.935166573163 4616.641127117166
 -7388.118906136311 -1280.759136014043 4066.935166573163 4616.641127117166
 -7388.118906136311 -1280.759136014043 4066.935166573163 4616.641127117166
 -7388.118906136311 -1280.759136014043 4066.935166573163 4616.641127117166
 -7388.118906136311 -1280.759136014043 4066.935166573163 4616.641127117166
 -7388.118906136311 -1280.759136014043 4066.935166573163 4616.641127117166
 11700.58384463508 1677.969731401585 20720.71700127505 -4571.884176496009
 6033.254499649283 -5321.594359615979 402.197170494308 -1139.774645366795
 -7388.118906136311 -1280.759136014043 4066.935166573163 4616.641127117166
 -7388.118906136311 -1280.759136014043 4066.935166573163 4616.641127117166
 -7388.118906136311 -1280.759136014043 4066.935166573163 4616.641127117166
 -7388.118906136311 -1280.759136014043 4066.935166573163 4616.641127117166
 8647.853734023192 -5863.481407795722 4927.626498868862 -7671.9267587524
 -7388.118906136311 -1280.759136014043 4066.935166573163 4616.641127117166
 -7388.118906136311 -1280.759136014043 4066.935166573163 4616.641127117166
 6428.856026000005 19412.30591516487 10538.24248458337 -5972.549581559966
 -1763.57823216245 3645.012284424094 1291.006327268764 -3124.54256094668
 -8659.318225659703 689.9613174435465 6561.291076069685 8852.541510997915
 -7388.118906136311 -1280.759136014043 4066.935166573163 4616.641127117166
 8094.969605630151 12444.20095374377 6601.133983681743 -24311.14415146128
 -7388.118906136311 -1280.759136014043 4066.935166573163 4616.641127117166
 -7388.118906136311 -1280.759136014043 4066.935166573163 4616.641127117166
 -7388.118906136311 -1280.759136014043 4066.935166573163 4616.641127117166
 -7388.118906136311 -1280.759136014043 4066.935166573163 4616.641127117166
 -7388.118906136311 -1280.759136014043 4066.935166573163 4616.641127117166
 -7388.118906136311 -1280.759136014043 4066.935166573163 4616.641127117166
 -1260.081298919818 26569.50454422279 11822.31562550558 21891.77203449884
 -7388.118906136311 -1280.759136014043 4066.935166573163 4616.641127117166
 -7388.118906136311 -1280.759136014043 4066.935166573163 4616.641127117166
 -4009.303668933243 1161.832858475267 -3757.256039700735 6687.453250693983
 -7388.118906136311 -1280.759136014043 4066.935166573163 4616.641127117166
 -29128.5224948969 7201.801812553764 8637.235536187334 10355.28405482234
 -7388.118906136311 -1280.759136014043 4066.935166573163 4616.641127117166
 -7388.118906136311 -1280.759136014043 4066.935166573163 4616.641127117166
 -7388.118906136311 -1280.759136014043 4066.935166573163 4616.641127117166
 -7388.118906136311 -1280.759136014043 4066.935166573163 4616.641127117166
 -12326.97789713275 4529.621896672267 1322.259489519862 -13121.18275426667
 -3589.607744474955 -2143.455281894344 20781.39453359952 3304.052490272416
 -7388.118906136311 -1280.759136014043 4066.935166573163 4616.641127117166
 -7388.118906136311 -1280.759136014043 4066.935166573163 4616.641127117166
 6033.254499649283 -5321.594359615979 402.197170494308 -1139.774645366795
 -7388.118906136311 -1280.759136014043 4066.935166573163 4616.641127117166
 17651.20829605913 16088.39508824717 -3646.469547513093 25470.35268478397
 -9429.995445693397 -925.3410199353875 33217.46421179143 -16717.06717586278
 -7388.118906136311 -1280.759136014043 4066.935166573163 4616.641127117166
 -1763.57823216245 3645.012284424094 1291.006327268764 -3124.54256094668
 -7388.118906136311 -1280.759136014043 4066.935166573163 4616.641127117166
 -11167.61518578311 6533.925549306723 32109.14099252074 13868.56755438662
 -9762.338199496015 32421.2295538098 -28821.55007378024 38050.28509294411
 -7388.118906136311 -1280.759136014043 4066.935166573163 4616.641127117166
 -7388.118906136311 -1280.759136014043 4066.935166573163 4616.641127117166
 -1763.57823216245 3645.012284424094 1291.006327268764 -3124.54256094668
 -38246.95656908547 15339.14755881851 -14790.72765528058 40955.6038743863
 3316.831182067804 44267.60238767053 -15922.86537761661 4233.965990236724
 -7388.118906136311 -1280.759136014043 4066.935166573163 4616.641127117166
 19252.57953876465 -25737.54533989959 26050.08659441522 -18527.63517561077
 36249.42329873386 -24072.12850428044 -16143.43116415539 16867.73715175068
 -7388.118906136311 -1280.759136014043 4066.935166573163 4616.641127117166
 -6820.923585658494 -2776.197853556496 -18117.80243816227 -13432.46713985736
 -7388.118906136311 -1280.759136014043 4066.935166573163 4616.641127117166
 -42.96939395171103 -18887.62728267862 14210.4564752022 4193.263071817848
 5847.434772341481 4258.070773245106 -1061.937539811712 5558.124931667589
 -7388.118906136311 -1280.759136014043 4066.935166573163 4616.641127117166
 -7388.118906136311 -1280.759136014043 4066.935166573163 4616.641127117166
 -7388.118906136311 -1280.759136014043 4066.935166573163 4616.641127117166
 8551.615115020941 2255.040118943643 -4038.060807063607 -6795.855853332221
 -7388.118906136311 -1280.759136014043 4066.935166573163 4616.641127117166
 -7388.118906136311 -1280.759136014043 4066.935166573163 4616.641127117166
 -7388.118906136311 -1280.759136014043 4066.935166573163 4616.641127117166
 -7388.118906136311 -1280.759136014043 4066.935166573163 4616.641127117166
 -7388.118906136311 -1280.759136014043 4066.935166573163 4616.641127117166
 -7388.118906136311 -1280.759136014043 4066.935166573163 4616.641127117166
 75.76197062731626 6751.932160931705 -3548.999195993178 -3320.78911628762
 -1482.960449904989 -8094.566645014022 -11141.13939045381 17789.59530902903
 -7388.118906136311 -1280.759136014043 4066.935166573163 4616.641127117166
 -7388.118906136311 -1280.759136014043 4066.935166573163 4616.641127117166
 -5585.672074192646 -1127.996466320861 180.2480336780609 7880.827717847686
 -7388.118906136311 -1280.759136014043 4066.935166573163 4616.641127117166
 -1605.666547610897 -3745.311713951645 28974.34699532301 988.4787327994482
 -7388.118906136311 -1280.759136014043 4066.935166573163 4616.641127117166
 -7388.118906136311 -1280.759136014043 4066.935166573163 4616.641127117166
 -7388.118906136311 -1280.759136014043 4066.935166573163 4616.641127117166
 -7388.118906136311 -1280.759136014043 4066.935166573163 4616.641127117166
 -11810.2181274567 3135.617793467283 -31529.52924188127 4950.520430424458
 578.6732318718387 -3599.958883833684 7344.435580674159 -4786.649953272498
 -7388.118906136311 -1280.759136014043 4066.935166573163 4616.641127117166
 -7388.118906136311 -1280.759136014043 4066.935166573163 4616.641127117166
 7230.93111991623 -19149.48516423862 -42229.11424505342 -35425.65835851205
 1242.518007790602 -9406.842204849932 19322.98105331658 -14545.889967278
 -7388.118906136311 -1280.759136014043 4066.935166573163 4616.641127117166
 -7388.118906136311 -1280.759136014043 4066.935166573163 4616.641127117166
 6033.254499649283 -5321.594359615979 402.197170494308 -1139.774645366795
 -7388.118906136311 -1280.759136014043 4066.935166573163 4616.641127117166
 5193.323348356265 8204.255627553022 -4069.112152368435 -8187.312291601409
 -7388.118906136311 -1280.759136014043 4066.935166573163 4616.641127117166
