# Created by Octave 4.2.1, Mon Oct 09 19:33:25 2017 BRT <root@mosqueiro>
# name: pop
# type: matrix
# rows: 1000
# columns: 4
 -7388.118906136311 -1280.759136014043 4066.935166573163 4616.641127117166
 -7388.118906136311 -1280.759136014043 4066.935166573163 4616.641127117166
 -7388.118906136311 -1280.759136014043 4066.935166573163 4616.641127117166
 -7388.118906136311 -1280.759136014043 4066.935166573163 4616.641127117166
 -7388.118906136311 -1280.759136014043 4066.935166573163 4616.641127117166
 -19764.17685431616 -4344.153390895375 40365.95567900052 -14917.90403981092
 -7388.118906136311 -1280.759136014043 4066.935166573163 4616.641127117166
 -7388.118906136311 -1280.759136014043 4066.935166573163 4616.641127117166
 23938.75767636751 -39483.76225232531 -9423.757371438713 17047.56374958147
 4078.363118964889 -1832.277359218728 19023.52887696161 -2819.338452424617
 1833.133127641776 4275.101828663047 -125.8708234524893 28810.14906428889
 -1302.963928203977 3389.852842874374 -7031.094549892237 6163.236068581096
 -7388.118906136311 -1280.759136014043 4066.935166573163 4616.641127117166
 -7388.118906136311 -1280.759136014043 4066.935166573163 4616.641127117166
 -13398.86602347051 2190.012844788359 -28577.48083964491 7261.654942931152
 -508.9091743585814 3633.805318717353 -32798.90142570855 -20683.983748405
 -7388.118906136311 -1280.759136014043 4066.935166573163 4616.641127117166
 17382.53670500512 98.29956579397412 -24885.26442682079 6130.081304529923
 -7388.118906136311 -1280.759136014043 4066.935166573163 4616.641127117166
 5065.078592533609 -720.6143746596522 8493.046413690121 -7011.578969565406
 -7388.118906136311 -1280.759136014043 4066.935166573163 4616.641127117166
 -7388.118906136311 -1280.759136014043 4066.935166573163 4616.641127117166
 -7388.118906136311 -1280.759136014043 4066.935166573163 4616.641127117166
 -1763.57823216245 3645.012284424094 1291.006327268764 -3124.54256094668
 -7388.118906136311 -1280.759136014043 4066.935166573163 4616.641127117166
 8647.853734023192 -5863.481407795722 4927.626498868862 -7671.9267587524
 31107.37509905341 -12279.81602347321 12249.88782227636 -22614.85276732897
 8551.615115020941 2255.040118943643 -4038.060807063607 -6795.855853332221
 -7388.118906136311 -1280.759136014043 4066.935166573163 4616.641127117166
 75.76197062731626 6751.932160931705 -3548.999195993178 -3320.78911628762
 -22283.28810891357 -797.5182534588167 -6600.231157423602 26097.70147634547
 -8753.082248602803 30896.36577052508 24847.8956961621 718.9157325562205
 -7388.118906136311 -1280.759136014043 4066.935166573163 4616.641127117166
 -7388.118906136311 -1280.759136014043 4066.935166573163 4616.641127117166
 16719.37110122212 36282.07615443971 11250.40354086497 137.777276159979
 -7388.118906136311 -1280.759136014043 4066.935166573163 4616.641127117166
 -42.96939395171103 -18887.62728267862 14210.4564752022 4193.263071817848
 -28468.69118048622 -1324.109926865421 -2577.857675009936 2313.069561588538
 15269.50541235275 39412.32914130519 -7760.362193232893 1954.142497176222
 -7388.118906136311 -1280.759136014043 4066.935166573163 4616.641127117166
 -3789.172663731105 -3213.907444638241 8609.718592347723 -1446.805023736211
 6244.947262332316 -2433.597144660452 215.5194004483837 -9757.442811467892
 -7388.118906136311 -1280.759136014043 4066.935166573163 4616.641127117166
 -7388.118906136311 -1280.759136014043 4066.935166573163 4616.641127117166
 8514.368866869412 401.7161670730056 -1351.650957901955 -7146.242140421394
 -2188.446236341239 18642.22927040141 -51488.28379329135 28105.07989281977
 11810.02502284597 7302.996014734557 -3949.252350341501 4579.834626055723
 8713.133558871825 -21.49256891277582 6451.658193909494 -9797.443197851801
 -7388.118906136311 -1280.759136014043 4066.935166573163 4616.641127117166
 -7388.118906136311 -1280.759136014043 4066.935166573163 4616.641127117166
 9039.205506068603 -7329.031189612988 -6547.125037983489 4726.794187347074
 -7388.118906136311 -1280.759136014043 4066.935166573163 4616.641127117166
 -7388.118906136311 -1280.759136014043 4066.935166573163 4616.641127117166
 -5585.672074192646 -1127.996466320861 180.2480336780609 7880.827717847686
 6033.254499649283 -5321.594359615979 402.197170494308 -1139.774645366795
 2322.495858298131 -1511.11965457352 -643.9277076954877 8893.962970159268
 -7388.118906136311 -1280.759136014043 4066.935166573163 4616.641127117166
 7013.861507318947 -1429.911776446261 -8034.198887373533 2543.673230246777
 -7388.118906136311 -1280.759136014043 4066.935166573163 4616.641127117166
 -7388.118906136311 -1280.759136014043 4066.935166573163 4616.641127117166
 3399.070315192073 -3204.5239746978 9226.507238796141 -9385.367300209158
 -7388.118906136311 -1280.759136014043 4066.935166573163 4616.641127117166
 -9782.025430093403 8977.581896234482 -1742.855960122892 2353.099053958393
 9039.205506068603 -7329.031189612988 -6547.125037983489 4726.794187347074
 3399.070315192073 -3204.5239746978 9226.507238796141 -9385.367300209158
 3399.070315192073 -3204.5239746978 9226.507238796141 -9385.367300209158
 4224.22506610012 7832.715525617376 -6027.566768011582 579.3859490307823
 -2594.229959373888 -24818.14751009554 -22437.26214869363 25456.38640935044
 -7388.118906136311 -1280.759136014043 4066.935166573163 4616.641127117166
 6601.461576820533 -974.2709129411942 -903.3105227629821 -1822.097834627071
 -1763.57823216245 3645.012284424094 1291.006327268764 -3124.54256094668
 -1836.600600108235 -5669.224651757248 -1552.265779832553 -2083.883456717002
 -7388.118906136311 -1280.759136014043 4066.935166573163 4616.641127117166
 -7388.118906136311 -1280.759136014043 4066.935166573163 4616.641127117166
 8551.615115020941 2255.040118943643 -4038.060807063607 -6795.855853332221
 -4009.303668933243 1161.832858475267 -3757.256039700735 6687.453250693983
 7895.033586961941 3462.105645859967 -421.3489680646198 -4911.071199982021
 2422.165644791692 -1505.774947221096 4646.16809857585 -42718.809361447
 -1763.57823216245 3645.012284424094 1291.006327268764 -3124.54256094668
 -7388.118906136311 -1280.759136014043 4066.935166573163 4616.641127117166
 -7388.118906136311 -1280.759136014043 4066.935166573163 4616.641127117166
 -7388.118906136311 -1280.759136014043 4066.935166573163 4616.641127117166
 -7388.118906136311 -1280.759136014043 4066.935166573163 4616.641127117166
 6425.244886809661 9026.30962890304 7667.708761290572 1260.805023752036
 -7388.118906136311 -1280.759136014043 4066.935166573163 4616.641127117166
 -11922.83337480355 -22027.15515811635 23741.68183289586 -14875.9144549821
 -17307.92764683402 -2151.663045703671 -13961.60684088113 32.78340157817638
 -4009.303668933243 1161.832858475267 -3757.256039700735 6687.453250693983
 -9434.474512432724 3480.825710420831 7848.441889860365 8866.774349441996
 -7388.118906136311 -1280.759136014043 4066.935166573163 4616.641127117166
 -29808.41006063674 -10115.29366332391 -33534.66326842831 1099.980902698792
 -7388.118906136311 -1280.759136014043 4066.935166573163 4616.641127117166
 -7388.118906136311 -1280.759136014043 4066.935166573163 4616.641127117166
 -7388.118906136311 -1280.759136014043 4066.935166573163 4616.641127117166
 -2188.446236341239 18642.22927040141 -51488.28379329135 28105.07989281977
 -7388.118906136311 -1280.759136014043 4066.935166573163 4616.641127117166
 -7388.118906136311 -1280.759136014043 4066.935166573163 4616.641127117166
 23178.9943150734 -8592.185114048392 -198.3202303005182 16503.92993966685
 7013.861507318947 -1429.911776446261 -8034.198887373533 2543.673230246777
 2169.398658624776 8415.256337135896 -8320.372928742119 4075.27913713298
 -34448.43825953197 7395.029753784166 -829.2848539014481 104.010394085306
 -7388.118906136311 -1280.759136014043 4066.935166573163 4616.641127117166
 -7388.118906136311 -1280.759136014043 4066.935166573163 4616.641127117166
 4745.679031941947 -1625.522441314075 1595.418564004227 -18473.80846345096
 18837.41288791461 871.860415372973 27220.43711410875 4847.205454070029
