# Created by Octave 4.2.1, Mon Oct 09 19:44:33 2017 BRT <root@mosqueiro>
# name: pop
# type: matrix
# rows: 1000
# columns: 4
 -2639.472985140584 -3812.067440325205 -549.1900288132856 7001.187050759279
 -2639.472985140584 -3812.067440325205 -549.1900288132856 7001.187050759279
 -2639.472985140584 -3812.067440325205 -549.1900288132856 7001.187050759279
 -2639.472985140584 -3812.067440325205 -549.1900288132856 7001.187050759279
 -2639.472985140584 -3812.067440325205 -549.1900288132856 7001.187050759279
 -2639.472985140584 -3812.067440325205 -549.1900288132856 7001.187050759279
 106.5656692623816 4208.515677820422 2354.864800572643 -7241.728351434914
 -2639.472985140584 -3812.067440325205 -549.1900288132856 7001.187050759279
 -2639.472985140584 -3812.067440325205 -549.1900288132856 7001.187050759279
 -2639.472985140584 -3812.067440325205 -549.1900288132856 7001.187050759279
 -18398.47242570635 -2380.767001765712 232.0603604921798 16557.51075467357
 -2639.472985140584 -3812.067440325205 -549.1900288132856 7001.187050759279
 -2639.472985140584 -3812.067440325205 -549.1900288132856 7001.187050759279
 -2639.472985140584 -3812.067440325205 -549.1900288132856 7001.187050759279
 -2639.472985140584 -3812.067440325205 -549.1900288132856 7001.187050759279
 -2639.472985140584 -3812.067440325205 -549.1900288132856 7001.187050759279
 -2639.472985140584 -3812.067440325205 -549.1900288132856 7001.187050759279
 -2639.472985140584 -3812.067440325205 -549.1900288132856 7001.187050759279
 3503.362244339521 9439.738177083556 -6418.907565105303 15953.36820130929
 -17999.19697184505 5836.902441345386 2668.371070497375 18383.06921887106
 -2639.472985140584 -3812.067440325205 -549.1900288132856 7001.187050759279
 452.8801610642386 2572.422938565459 10965.97623924926 -1000.259146232773
 -2639.472985140584 -3812.067440325205 -549.1900288132856 7001.187050759279
 -2639.472985140584 -3812.067440325205 -549.1900288132856 7001.187050759279
 324.1724289868389 -4802.716970017519 12247.12639404657 12215.09437812245
 -2639.472985140584 -3812.067440325205 -549.1900288132856 7001.187050759279
 -2639.472985140584 -3812.067440325205 -549.1900288132856 7001.187050759279
 -2639.472985140584 -3812.067440325205 -549.1900288132856 7001.187050759279
 -2639.472985140584 -3812.067440325205 -549.1900288132856 7001.187050759279
 -2639.472985140584 -3812.067440325205 -549.1900288132856 7001.187050759279
 -2639.472985140584 -3812.067440325205 -549.1900288132856 7001.187050759279
 246.1892391341339 22384.13435323496 135.3633549401598 -16740.44901053649
 -2728.829892950673 -20135.29196246976 -3245.223725254076 7831.581397482973
 2225.261003634527 925.0701987196589 -6444.031981127644 3432.819854045354
 16632.30529309014 15832.29696580688 15570.14790082048 -9188.771909507959
 -2639.472985140584 -3812.067440325205 -549.1900288132856 7001.187050759279
 -2639.472985140584 -3812.067440325205 -549.1900288132856 7001.187050759279
 -14953.4442177558 17182.68876233094 -7303.748076025464 198.9825467481469
 -9518.740038257398 -7698.576563636831 8124.73546961206 9154.357607225324
 -9518.740038257398 -7698.576563636831 8124.73546961206 9154.357607225324
 -2639.472985140584 -3812.067440325205 -549.1900288132856 7001.187050759279
 -2639.472985140584 -3812.067440325205 -549.1900288132856 7001.187050759279
 2554.30346137884 -7296.031655716605 18839.27277297129 10376.09582912595
 -2639.472985140584 -3812.067440325205 -549.1900288132856 7001.187050759279
 -7282.43260345101 -16140.53676794476 -11469.84321109296 16543.99417860242
 -2639.472985140584 -3812.067440325205 -549.1900288132856 7001.187050759279
 -2639.472985140584 -3812.067440325205 -549.1900288132856 7001.187050759279
 1968.504902438691 13886.98397590459 12804.25189372751 1874.236830022344
 -2639.472985140584 -3812.067440325205 -549.1900288132856 7001.187050759279
 -2639.472985140584 -3812.067440325205 -549.1900288132856 7001.187050759279
 13350.178567129 -2412.367463966112 -6903.764276334213 17724.45539530495
 -2639.472985140584 -3812.067440325205 -549.1900288132856 7001.187050759279
 -2639.472985140584 -3812.067440325205 -549.1900288132856 7001.187050759279
 -2639.472985140584 -3812.067440325205 -549.1900288132856 7001.187050759279
 -2639.472985140584 -3812.067440325205 -549.1900288132856 7001.187050759279
 -2639.472985140584 -3812.067440325205 -549.1900288132856 7001.187050759279
 -2639.472985140584 -3812.067440325205 -549.1900288132856 7001.187050759279
 -2639.472985140584 -3812.067440325205 -549.1900288132856 7001.187050759279
 -2639.472985140584 -3812.067440325205 -549.1900288132856 7001.187050759279
 -2639.472985140584 -3812.067440325205 -549.1900288132856 7001.187050759279
 -12476.49832063564 -4337.923826442151 -292.6387043257097 6903.242241035163
 -2639.472985140584 -3812.067440325205 -549.1900288132856 7001.187050759279
 -2639.472985140584 -3812.067440325205 -549.1900288132856 7001.187050759279
 -2639.472985140584 -3812.067440325205 -549.1900288132856 7001.187050759279
 -2639.472985140584 -3812.067440325205 -549.1900288132856 7001.187050759279
 -2639.472985140584 -3812.067440325205 -549.1900288132856 7001.187050759279
 -2639.472985140584 -3812.067440325205 -549.1900288132856 7001.187050759279
 -2639.472985140584 -3812.067440325205 -549.1900288132856 7001.187050759279
 -3492.171915604436 -9246.821639084406 16170.09677287061 -2706.648691759237
 -2594.092039958629 -22075.96203156731 7665.137252863804 17803.3900258037
 -8676.086379228687 -3037.901968774946 -13996.79244867778 36055.35567244032
 -2639.472985140584 -3812.067440325205 -549.1900288132856 7001.187050759279
 2018.059428548489 -26458.40696169746 -1814.132278654261 9529.914464143696
 -2639.472985140584 -3812.067440325205 -549.1900288132856 7001.187050759279
 -2639.472985140584 -3812.067440325205 -549.1900288132856 7001.187050759279
 -2639.472985140584 -3812.067440325205 -549.1900288132856 7001.187050759279
 -2639.472985140584 -3812.067440325205 -549.1900288132856 7001.187050759279
 4715.972852670465 27465.48407540598 -15195.00649214983 12643.07614735927
 -2639.472985140584 -3812.067440325205 -549.1900288132856 7001.187050759279
 -2639.472985140584 -3812.067440325205 -549.1900288132856 7001.187050759279
 14642.40311083493 35952.80050814337 -10742.67363028557 1295.778521190343
 -2639.472985140584 -3812.067440325205 -549.1900288132856 7001.187050759279
 -2639.472985140584 -3812.067440325205 -549.1900288132856 7001.187050759279
 -2639.472985140584 -3812.067440325205 -549.1900288132856 7001.187050759279
 -2639.472985140584 -3812.067440325205 -549.1900288132856 7001.187050759279
 -7024.472176357127 -3035.804965043925 1889.502717177244 8011.987504289198
 -2639.472985140584 -3812.067440325205 -549.1900288132856 7001.187050759279
 -2639.472985140584 -3812.067440325205 -549.1900288132856 7001.187050759279
 -24481.38164126468 -15343.53494951666 3255.899887308045 6661.64044685009
 -2639.472985140584 -3812.067440325205 -549.1900288132856 7001.187050759279
 -12324.96219059049 9355.107383389375 -5323.163790297406 23476.82309470501
 -2639.472985140584 -3812.067440325205 -549.1900288132856 7001.187050759279
 -2639.472985140584 -3812.067440325205 -549.1900288132856 7001.187050759279
 -17999.19697184505 5836.902441345386 2668.371070497375 18383.06921887106
 -13989.44776871025 -21865.19745144641 -4246.647247554161 23127.76107305136
 -2639.472985140584 -3812.067440325205 -549.1900288132856 7001.187050759279
 1230.768161336874 -7922.781009783407 -6006.444490794574 13495.29474720799
 -2639.472985140584 -3812.067440325205 -549.1900288132856 7001.187050759279
 1027.589513453235 -5523.821531497556 4074.198683759207 160.320671661857
 2711.727343758546 9286.068509814093 3316.995468463482 -5291.638571468648
 988.5697085971487 -20320.84152438279 -30882.76698991493 19105.74933899014
 1067.886554571641 -7943.740035043177 971.5383521409899 -666.8024149942803
 -2639.472985140584 -3812.067440325205 -549.1900288132856 7001.187050759279
 -2639.472985140584 -3812.067440325205 -549.1900288132856 7001.187050759279
