# Created by Octave 4.2.1, Mon Oct 09 19:39:12 2017 BRT <root@mosqueiro>
# name: pop
# type: matrix
# rows: 1000
# columns: 4
 -7481.569794447016 -1323.528330876475 4103.402975084896 4700.743403129503
 -7481.569794447016 -1323.528330876475 4103.402975084896 4700.743403129503
 -7481.569794447016 -1323.528330876475 4103.402975084896 4700.743403129503
 -7481.569794447016 -1323.528330876475 4103.402975084896 4700.743403129503
 -7481.569794447016 -1323.528330876475 4103.402975084896 4700.743403129503
 -7458.030824930877 -1281.996564027595 4101.431803850456 4647.275230285675
 -7481.569794447016 -1323.528330876475 4103.402975084896 4700.743403129503
 -7491.357089269941 -1281.035141976859 4123.025856152989 4650.102740940573
 -7491.357089269941 -1281.035141976859 4123.025856152989 4650.102740940573
 -7090.242948329165 -1206.75288270171 3601.967347483417 4699.434180134276
 -7462.276698656667 -1278.666884137887 4006.409621644495 4739.020235372632
 -7481.569794447016 -1323.528330876475 4103.402975084896 4700.743403129503
 -7193.018903389282 -1741.737327394913 4276.94747369678 4715.944813838113
 -10324.82158791877 -379.1637934029191 6712.090700467143 4000.236401409895
 -7260.627599568838 -1696.408883013105 4236.426105685516 4729.666236933876
 -7481.569794447016 -1323.528330876475 4103.402975084896 4700.743403129503
 -7491.357089269941 -1281.035141976859 4123.025856152989 4650.102740940573
 -7491.357089269941 -1281.035141976859 4123.025856152989 4650.102740940573
 -7388.118906136311 -1280.759136014043 4066.935166573163 4616.641127117166
 -7481.569794447016 -1323.528330876475 4103.402975084896 4700.743403129503
 -10299.2553384134 -372.6925831461331 6715.822261175471 3927.348742916442
 -7491.357089269941 -1281.035141976859 4123.025856152989 4650.102740940573
 -7481.569794447016 -1323.528330876475 4103.402975084896 4700.743403129503
 -10234.78163492593 -131.2351437746945 6452.403322161806 2289.951606064921
 -7481.569794447016 -1323.528330876475 4103.402975084896 4700.743403129503
 -7491.357089269941 -1281.035141976859 4123.025856152989 4650.102740940573
 -7483.137908717399 -1293.562373988393 4113.033476496524 4662.785845818444
 -7481.569794447016 -1323.528330876475 4103.402975084896 4700.743403129503
 -7228.36790054567 -1739.482123216074 4262.792602182199 4707.249679122707
 -7491.357089269941 -1281.035141976859 4123.025856152989 4650.102740940573
 -7491.357089269941 -1281.035141976859 4123.025856152989 4650.102740940573
 -7491.357089269941 -1281.035141976859 4123.025856152989 4650.102740940573
 -10324.82158791877 -379.1637934029191 6712.090700467143 4000.236401409895
 -7481.569794447016 -1323.528330876475 4103.402975084896 4700.743403129503
 -7491.357089269941 -1281.035141976859 4123.025856152989 4650.102740940573
 -7481.569794447016 -1323.528330876475 4103.402975084896 4700.743403129503
 -7507.316577023085 -1271.439073366419 4107.99578319986 4670.47482058463
 -7491.357089269941 -1281.035141976859 4123.025856152989 4650.102740940573
 -7477.308726691911 -1298.901553815035 4123.84526578945 4620.75179718465
 -7491.357089269941 -1281.035141976859 4123.025856152989 4650.102740940573
 -7491.357089269941 -1281.035141976859 4123.025856152989 4650.102740940573
 -7481.569794447016 -1323.528330876475 4103.402975084896 4700.743403129503
 -7481.569794447016 -1323.528330876475 4103.402975084896 4700.743403129503
 -7491.357089269941 -1281.035141976859 4123.025856152989 4650.102740940573
 -7507.316577023085 -1271.439073366419 4107.99578319986 4670.47482058463
 -7491.357089269941 -1281.035141976859 4123.025856152989 4650.102740940573
 -10297.94697195682 -399.2729118662128 6720.668676029678 4018.439202144784
 -7481.569794447016 -1323.528330876475 4103.402975084896 4700.743403129503
 -7491.357089269941 -1281.035141976859 4123.025856152989 4650.102740940573
 -7243.465826283204 -1703.319203678468 4274.926953201226 4671.838563233879
 -7481.569794447016 -1323.528330876475 4103.402975084896 4700.743403129503
 -7491.357089269941 -1281.035141976859 4123.025856152989 4650.102740940573
 -10364.43082209934 -335.6379717146562 6691.134395456805 3934.760693459615
 -10324.82158791877 -379.1637934029191 6712.090700467143 4000.236401409895
 -10324.82158791877 -379.1637934029191 6712.090700467143 4000.236401409895
 -7491.357089269941 -1281.035141976859 4123.025856152989 4650.102740940573
 -7491.357089269941 -1281.035141976859 4123.025856152989 4650.102740940573
 -7168.093836459507 -1802.135971471472 4200.018046383849 4732.594122099356
 -10328.18484532027 -367.8123709108528 6704.759559335146 3990.713273238714
 -7243.465826283204 -1703.319203678468 4274.926953201226 4671.838563233879
 -7491.169603908854 -1332.473999049934 4097.08017779507 4704.30413773159
 -10324.82158791877 -379.1637934029191 6712.090700467143 4000.236401409895
 -7491.357089269941 -1281.035141976859 4123.025856152989 4650.102740940573
 -7481.569794447016 -1323.528330876475 4103.402975084896 4700.743403129503
 -7228.36790054567 -1739.482123216074 4262.792602182199 4707.249679122707
 -7491.357089269941 -1281.035141976859 4123.025856152989 4650.102740940573
 -7491.357089269941 -1281.035141976859 4123.025856152989 4650.102740940573
 -7090.242948329165 -1206.75288270171 3601.967347483417 4699.434180134276
 -7090.242948329165 -1206.75288270171 3601.967347483417 4699.434180134276
 -10234.78163492593 -131.2351437746945 6452.403322161806 2289.951606064921
 -7228.36790054567 -1739.482123216074 4262.792602182199 4707.249679122707
 -7467.816411411175 -1246.952067483052 4009.919411731521 4621.137107028804
 -10320.58980292762 -335.6770326453035 6716.259458628771 4007.15843679621
 -7404.867464355943 -1298.346635918426 3980.356735903499 4695.855263926918
 -7491.357089269941 -1281.035141976859 4123.025856152989 4650.102740940573
 -7243.465826283204 -1703.319203678468 4274.926953201226 4671.838563233879
 -5737.98870350066 -1082.930591420158 3569.758530177905 3260.315854470912
 -7494.374593096509 -1288.134404678224 4121.796236043819 4649.259132707165
 -7481.569794447016 -1323.528330876475 4103.402975084896 4700.743403129503
 -10324.82158791877 -379.1637934029191 6712.090700467143 4000.236401409895
 -7430.479099984313 -1368.833574685592 3916.870622267239 4565.264384679956
 -7491.357089269941 -1281.035141976859 4123.025856152989 4650.102740940573
 -7388.118906136311 -1280.759136014043 4066.935166573163 4616.641127117166
 -10409.93961626337 -416.3797234589031 6853.967942544987 3987.002681793132
 -7492.504744799885 -1320.455169802291 4168.175841764305 4672.814368599016
 -7491.357089269941 -1281.035141976859 4123.025856152989 4650.102740940573
 -7481.569794447016 -1323.528330876475 4103.402975084896 4700.743403129503
 -7491.357089269941 -1281.035141976859 4123.025856152989 4650.102740940573
 -7491.357089269941 -1281.035141976859 4123.025856152989 4650.102740940573
 -7481.569794447016 -1323.528330876475 4103.402975084896 4700.743403129503
 -7228.36790054567 -1739.482123216074 4262.792602182199 4707.249679122707
 -5737.98870350066 -1082.930591420158 3569.758530177905 3260.315854470912
 -7491.357089269941 -1281.035141976859 4123.025856152989 4650.102740940573
 -7481.569794447016 -1323.528330876475 4103.402975084896 4700.743403129503
 -10324.82158791877 -379.1637934029191 6712.090700467143 4000.236401409895
 -7481.569794447016 -1323.528330876475 4103.402975084896 4700.743403129503
 -10409.93961626337 -416.3797234589031 6853.967942544987 3987.002681793132
 -7491.357089269941 -1281.035141976859 4123.025856152989 4650.102740940573
 -7481.569794447016 -1323.528330876475 4103.402975084896 4700.743403129503
 -8356.742382366449 -3369.829201003341 4343.179675474597 4402.691054103341
 -7490.21112049096 -1283.660789211536 4109.884978435406 4645.89102463641
 -7491.357089269941 -1281.035141976859 4123.025856152989 4650.102740940573
 -7491.357089269941 -1281.035141976859 4123.025856152989 4650.102740940573
 -7491.357089269941 -1281.035141976859 4123.025856152989 4650.102740940573
 -7501.82669988498 -1282.510296284485 4140.702766363187 4643.289575861545
