# Created by Octave 4.2.1, Mon Oct 09 19:22:20 2017 BRT <root@mosqueiro>
# name: pop
# type: matrix
# rows: 1000
# columns: 4
 8859.722995447715 9610.665130783051 -9668.173892285931 -8789.072782198587
 -9866.578198257794 7588.734456191767 -2821.00552771719 5123.679337178926
 -5411.001826405629 -2425.812030730642 3524.778344016495 4282.78926340209
 4038.305933627855 -5377.349028499712 9557.256545872853 -8240.897753826604
 619.2601645634259 -3577.349653998018 -6635.912269297309 9707.803360453669
 -5826.498584934904 9776.69711706544 -9885.883248222206 -9831.056429417224
 4830.836615256221 5186.560931882954 -479.5408764940275 3008.100264521032
 -5050.193294126964 7524.132772074616 4844.738582951417 3323.30008653197
 -4677.274778670037 1577.673348821567 -3235.349940443971 5982.861103259605
 4789.945034752469 2939.783301303551 -752.8070992538214 -6295.660864729483
 3311.682636859761 -1488.994306487511 -2099.245719805856 9568.226204653478
 -8264.201399449808 -7743.283257203004 -3591.772539291357 -7622.223545965731
 -9095.494502109716 -7396.423068520627 7151.57096871945 -3159.620620895926
 7176.606913895666 1703.02893967385 7540.288684724776 -6349.580188188063
 -1119.61666755391 -3506.423157630171 8539.994678996693 -2425.412464707638
 -6708.333340330602 581.0788507665129 -4538.538724129138 -7030.051601175117
 -2755.24204381297 8769.748092078695 3359.117656906606 -6594.114894185218
 3473.822167275563 5230.460940931347 -2853.725380757709 -6306.202245153387
 7329.6307897359 -7978.983725942676 165.7502044869034 8984.447768531154
 6802.313172549017 -1970.78495250337 -2346.052037880545 1908.537151197606
 179.2676948811786 338.8976601189643 6963.498057238685 -4138.608942680858
 -9866.578198257794 7588.734456191767 -2821.00552771719 5123.679337178926
 -9985.100707027839 -6872.938213657233 -8581.730439920149 -3595.841906361035
 -6228.698367680892 -8311.584816025672 -1682.658081574504 9711.852259647818
 -4546.965423947492 4935.138215783394 -706.6542819038605 1894.288043354723
 4530.841751966136 -3201.045977348712 -7821.901035046411 -1269.150356040534
 -7376.611807592051 -8904.31392914503 -8409.156525999135 -1877.223974572047
 -4569.737360777156 7071.643051876483 4378.054320553318 -1300.797243009782
 5819.618206046398 -3524.092046965722 8637.137971354197 500.0755354704143
 -1462.873425335907 5347.212561756365 -773.1674977600378 5130.389769216446
 1766.543125951963 -2315.35985318852 1320.727147087213 7529.93471798698
 -9561.811569452924 5707.378034072621 8140.174295161087 4493.492176781436
 7738.121876196896 5992.882119755726 7820.001483723132 5545.559622052448
 2099.701896707631 -3015.646365778512 -2854.17823991056 4406.064366565652
 4038.305933627855 -5377.349028499712 9557.256545872853 -8240.897753826604
 5873.676920844822 -9726.581501522565 2171.975533630115 -3157.621713781248
 -865.6887521966892 4628.402975316838 3064.534220470234 -4162.820345837132
 5686.582074485596 -9677.317444339549 6307.037250906764 1183.240566148415
 3404.533176912813 7929.912165143662 4651.281369594677 2100.205253456515
 6110.321683156364 3834.628074557775 -7528.616118820838 -1404.953886556355
 7056.164606745417 -2021.201860673035 -9615.000596718128 4126.53878834502
 -2816.81101657305 -5214.019448979844 9277.356051158094 3137.308812234927
 9907.088708620598 2315.878703409742 -7970.653214799534 3489.054057705725
 -7762.887137530033 -9116.190013155325 7255.888390582513 -1867.379620305217
 -9749.135523089817 7241.201708892917 -1783.466357349656 7008.709272004966
 6524.930409869896 5243.918864693936 2791.178592386987 -8939.39619119949
 1756.084353325694 -6561.763678285798 -2876.389836722416 6975.18038090015
 6876.638120626474 -4728.582106623872 4353.488674310092 -784.7560068365328
 -8585.219947270485 -3287.374642694004 -6185.26138178315 6689.790963752112
 -8628.139358474922 -8060.980739950751 7632.884592747552 9679.492986244306
 9779.259891458078 9235.628057142829 -4235.178951660062 8275.648415727774
 -2582.025068953285 9290.957330548626 3164.927618476093 -773.0578871958351
 -7579.040334470474 3960.190352104406 8372.992915167521 -3581.052795032663
 9370.993736122877 4545.191642252385 7568.970876142437 -1847.788661715301
 -7787.100473391092 5261.761479084804 -9046.382989173375 -1450.976888855059
 4131.21528330693 -6530.908213492085 9537.228293897086 3011.253253462282
 -5411.001826405629 -2425.812030730642 3524.778344016495 4282.78926340209
 3996.075822423381 -9365.279088244366 -5878.649567176641 -3710.087230801137
 -552.6425837097977 -1462.932996416223 -698.6482895674908 1458.294613980643
 6790.944637244276 1298.175412112081 467.0600019745325 4035.870224377613
 -1958.257934329087 5918.518645388478 4578.344006415249 -8813.233331085412
 -4121.012710079911 978.4206841773648 4638.770818490098 1167.543237730328
 1990.322646237018 -910.4331939218791 -3130.774778175395 -5701.94778675525
 -4313.155872375078 -3289.123563596933 9663.867938116113 5557.773173702699
 -2864.846477469954 5096.112127572263 9119.896892755918 -41.64457769215369
 -4581.600795127438 9922.197836940551 1902.208921339683 -6709.515999190284
 -5289.528212189257 -2815.18590467127 4407.29060558771 9630.202446274652
 -2527.962911936571 6908.356216514632 1215.583192881673 -6701.184305201565
 -3802.990368020641 6300.675659571538 -7897.441758947887 -4906.344215245827
 4796.362023184136 -8188.556685247915 -2446.34872641538 8745.625597595423
 -410.6352668179552 -2215.317315186994 -2839.374131747242 3115.093735491484
 -4400.974054876975 5406.530193310873 8589.118553425651 4958.084743201145
 -7410.228550478967 1515.225745202284 -2401.351913499595 -7004.890111511188
 -5881.477921601373 6821.211549586104 5857.724955361062 -6384.352944791457
 -9684.344733386779 7170.927355544787 9405.011161579998 115.1116861221453
 4876.321484546374 -7514.94492519576 2384.58602163356 -9725.661432234281
 507.6335032769366 7466.365673719629 -9331.111208078586 -933.3210254931782
 -9999.42485634864 -6854.390453626173 -5586.725272708647 -3170.202855717646
 4793.963424347883 -5477.393522245836 -9369.078392782623 -8818.976171447208
 -1047.573777136553 -8583.075669039821 -801.9082596497246 9409.803030432889
 -8892.486244419133 3494.576872800457 -8728.240741735164 10.13345923602537
 1022.886758142538 -6241.510563533484 -2973.533611478661 -2408.696770602071
 -9496.676985855283 3426.915972600615 4222.865922626896 -5598.414289060026
 3649.440730340228 -135.8388112122175 -1761.004595994906 5482.240439687313
 9106.864646289214 -4067.209540293336 -4181.70978524624 419.1086918594356
 -4743.617169444777 1491.282509002598 8445.181527087476 -1209.025603207336
 589.9385956033839 6281.04573609908 4385.348197142432 6039.519874343983
 9471.408439557428 -3827.626718359244 7239.700946212706 -6774.188937184055
 -2024.593137821603 -6231.57078058508 5411.371323582898 3353.223923742036
 2333.849651995568 2455.035777614004 2648.581297192724 -7907.251267043406
 5258.98248739444 1649.350590738271 6155.643413351985 2641.082086441438
 -5011.519786463559 1923.699334785957 4542.385893595167 -5151.112794885167
 -3978.085601679514 800.50914943727 9762.856417952145 -1449.975530552707
 -629.9570341228009 9837.500343182146 -797.7054326748348 4634.502923351673
 7731.840932568757 -7655.153562895639 -6461.651808644314 9455.870668844553
 3763.059372071613 2316.968526245806 2183.214319719284 5324.498348728472
 -1958.257934329087 5918.518645388478 4578.344006415249 -8813.233331085412
 1084.945191039491 -4060.993493279367 -110.3152712623105 -4457.577333486961
 4222.443980552836 9543.701665588807 9028.900405098037 747.869428731432
 -1197.300612156871 5502.12156407206 -4633.666956353382 -9189.418671871113
 -4548.139448384524 6608.937834917248 -1415.160605857436 1267.462964054805
 -7549.033819314192 7157.998488346337 -85.66541928281549 -9872.353038359857
 -9999.42485634864 -6854.390453626173 -5586.725272708647 -3170.202855717646
 -3899.042638964191 8100.842386384687 6833.752847789881 6972.156503215112
 5053.833651841704 3456.178961581772 1783.293685564435 -5763.66030312473
