# Created by Octave 4.2.1, Mon Oct 09 19:16:24 2017 BRT <root@mosqueiro>
# name: pop
# type: matrix
# rows: 1000
# columns: 4
 -7550.994568967475 9422.043339869355 8908.925889460448 -10742.73349019874
 -7550.994568967475 9422.043339869355 8908.925889460448 -10742.73349019874
 -7550.994568967475 9422.043339869355 8908.925889460448 -10742.73349019874
 -7550.994568967475 9422.043339869355 8908.925889460448 -10742.73349019874
 -7550.994568967475 9422.043339869355 8908.925889460448 -10742.73349019874
 -7550.994568967475 9422.043339869355 8908.925889460448 -10742.73349019874
 10695.12410603638 -1062.629574139699 -7183.262448215886 8616.921742218121
 -7550.994568967475 9422.043339869355 8908.925889460448 -10742.73349019874
 -8834.832186634865 14492.38797348743 6632.069828465945 -11073.42689932548
 -7550.994568967475 9422.043339869355 8908.925889460448 -10742.73349019874
 -7550.994568967475 9422.043339869355 8908.925889460448 -10742.73349019874
 -7550.994568967475 9422.043339869355 8908.925889460448 -10742.73349019874
 -7550.994568967475 9422.043339869355 8908.925889460448 -10742.73349019874
 -7550.994568967475 9422.043339869355 8908.925889460448 -10742.73349019874
 -7550.994568967475 9422.043339869355 8908.925889460448 -10742.73349019874
 -7550.994568967475 9422.043339869355 8908.925889460448 -10742.73349019874
 8877.093308277172 -4058.304075618619 7827.312752550714 143.9175544490627
 6578.308467050072 -7455.179293266177 -2641.327490118966 3562.587425725307
 -7550.994568967475 9422.043339869355 8908.925889460448 -10742.73349019874
 -7550.994568967475 9422.043339869355 8908.925889460448 -10742.73349019874
 -10906.08524107555 15317.46766635551 740.7266211358092 -12581.26745104382
 6074.017671543318 -10762.41641584893 -319.0530600750608 5289.224553724098
 -7550.994568967475 9422.043339869355 8908.925889460448 -10742.73349019874
 -7550.994568967475 9422.043339869355 8908.925889460448 -10742.73349019874
 -7550.994568967475 9422.043339869355 8908.925889460448 -10742.73349019874
 6578.308467050072 -7455.179293266177 -2641.327490118966 3562.587425725307
 4099.79916274067 -13157.09807871706 1084.598452671999 3039.889316110504
 -7550.994568967475 9422.043339869355 8908.925889460448 -10742.73349019874
 -7550.994568967475 9422.043339869355 8908.925889460448 -10742.73349019874
 -7550.994568967475 9422.043339869355 8908.925889460448 -10742.73349019874
 -7550.994568967475 9422.043339869355 8908.925889460448 -10742.73349019874
 -7550.994568967475 9422.043339869355 8908.925889460448 -10742.73349019874
 -11367.90352424476 290.8283464060387 5506.505341085005 17098.08874855828
 -7324.65498601083 3776.469498488025 16349.84296674921 -18017.77588861409
 -7550.994568967475 9422.043339869355 8908.925889460448 -10742.73349019874
 -7550.994568967475 9422.043339869355 8908.925889460448 -10742.73349019874
 7616.935668013746 -13508.26990044739 11274.8310173016 6419.974319365749
 6578.308467050072 -7455.179293266177 -2641.327490118966 3562.587425725307
 -7550.994568967475 9422.043339869355 8908.925889460448 -10742.73349019874
 -3046.131717536329 8025.962852102637 10032.37933483499 -11330.58976264936
 -7550.994568967475 9422.043339869355 8908.925889460448 -10742.73349019874
 -7066.29450685571 12926.46040458294 9420.746652388965 -13420.81493992476
 17672.51272218706 -4961.221424947531 -3531.488060617346 7880.987727978349
 -7550.994568967475 9422.043339869355 8908.925889460448 -10742.73349019874
 6578.308467050072 -7455.179293266177 -2641.327490118966 3562.587425725307
 10375.01151856514 -1941.72349049486 -15442.54431384926 9448.405573030372
 -4680.70258170044 11342.15032070072 7959.71494611346 -7956.317911621296
 -7550.994568967475 9422.043339869355 8908.925889460448 -10742.73349019874
 14676.15628262664 -6782.867019244472 -593.5070117090208 8148.663512070806
 -515.0736355987337 -14567.2992057727 3423.115515315894 -827.4278568222171
 -6523.445285544374 1108.199584074569 6421.071799166981 -14270.00760281377
 -7550.994568967475 9422.043339869355 8908.925889460448 -10742.73349019874
 -3173.825111005175 18387.04754555054 11970.51478514599 -10024.17251795234
 -7550.994568967475 9422.043339869355 8908.925889460448 -10742.73349019874
 -7720.936469880209 8619.044842582731 10570.1473741855 -9383.818914829892
 -7550.994568967475 9422.043339869355 8908.925889460448 -10742.73349019874
 -7550.994568967475 9422.043339869355 8908.925889460448 -10742.73349019874
 -7550.994568967475 9422.043339869355 8908.925889460448 -10742.73349019874
 6578.308467050072 -7455.179293266177 -2641.327490118966 3562.587425725307
 -7550.994568967475 9422.043339869355 8908.925889460448 -10742.73349019874
 8895.406336208169 -3638.158107439205 -12260.77349098631 7912.111206181743
 -13493.33312392274 12804.35080505324 7777.310974976656 -9244.504555902635
 -7550.994568967475 9422.043339869355 8908.925889460448 -10742.73349019874
 -7550.994568967475 9422.043339869355 8908.925889460448 -10742.73349019874
 -7550.994568967475 9422.043339869355 8908.925889460448 -10742.73349019874
 -7550.994568967475 9422.043339869355 8908.925889460448 -10742.73349019874
 -7550.994568967475 9422.043339869355 8908.925889460448 -10742.73349019874
 -7550.994568967475 9422.043339869355 8908.925889460448 -10742.73349019874
 6578.308467050072 -7455.179293266177 -2641.327490118966 3562.587425725307
 -7825.692995023844 11354.81170290147 9619.565989781588 -5181.545419239617
 -7550.994568967475 9422.043339869355 8908.925889460448 -10742.73349019874
 -15221.39650786794 17379.97527431101 11725.02512717976 -10823.52544333366
 -7550.994568967475 9422.043339869355 8908.925889460448 -10742.73349019874
 -7550.994568967475 9422.043339869355 8908.925889460448 -10742.73349019874
 -7550.994568967475 9422.043339869355 8908.925889460448 -10742.73349019874
 6578.308467050072 -7455.179293266177 -2641.327490118966 3562.587425725307
 6578.308467050072 -7455.179293266177 -2641.327490118966 3562.587425725307
 -7550.994568967475 9422.043339869355 8908.925889460448 -10742.73349019874
 -7550.994568967475 9422.043339869355 8908.925889460448 -10742.73349019874
 6578.308467050072 -7455.179293266177 -2641.327490118966 3562.587425725307
 -7550.994568967475 9422.043339869355 8908.925889460448 -10742.73349019874
 -7550.994568967475 9422.043339869355 8908.925889460448 -10742.73349019874
 6578.308467050072 -7455.179293266177 -2641.327490118966 3562.587425725307
 5581.217468830875 -5192.415650092287 6415.728518026925 -4272.986576377192
 6578.308467050072 -7455.179293266177 -2641.327490118966 3562.587425725307
 -7550.994568967475 9422.043339869355 8908.925889460448 -10742.73349019874
 -10341.45175505677 22222.81785178557 -2922.014631856482 -15056.84389291743
 -7550.994568967475 9422.043339869355 8908.925889460448 -10742.73349019874
 -7550.994568967475 9422.043339869355 8908.925889460448 -10742.73349019874
 -3726.026575090685 7226.773043547681 10403.22772184936 -12654.00783568431
 -7550.994568967475 9422.043339869355 8908.925889460448 -10742.73349019874
 -7550.994568967475 9422.043339869355 8908.925889460448 -10742.73349019874
 -7550.994568967475 9422.043339869355 8908.925889460448 -10742.73349019874
 -7550.994568967475 9422.043339869355 8908.925889460448 -10742.73349019874
 6578.308467050072 -7455.179293266177 -2641.327490118966 3562.587425725307
 -7550.994568967475 9422.043339869355 8908.925889460448 -10742.73349019874
 -7550.994568967475 9422.043339869355 8908.925889460448 -10742.73349019874
 -7550.994568967475 9422.043339869355 8908.925889460448 -10742.73349019874
 -7550.994568967475 9422.043339869355 8908.925889460448 -10742.73349019874
 -7550.994568967475 9422.043339869355 8908.925889460448 -10742.73349019874
 6578.308467050072 -7455.179293266177 -2641.327490118966 3562.587425725307
 6578.308467050072 -7455.179293266177 -2641.327490118966 3562.587425725307
 6578.308467050072 -7455.179293266177 -2641.327490118966 3562.587425725307
 -7550.994568967475 9422.043339869355 8908.925889460448 -10742.73349019874
 9130.834582540851 -6064.965844182281 -9635.401023076563 6802.787191951145
