# Created by Octave 4.2.1, Mon Oct 09 19:49:23 2017 BRT <root@mosqueiro>
# name: pop
# type: matrix
# rows: 1000
# columns: 4
 -5018.977923266052 -2977.783775745662 6440.71503300968 1555.280267566299
 -5016.376615240914 -2982.69199037718 6443.818254701167 1554.632604343973
 -5016.376615240914 -2982.69199037718 6443.818254701167 1554.632604343973
 -5016.376615240914 -2982.69199037718 6443.818254701167 1554.632604343973
 -5016.376615240914 -2982.69199037718 6443.818254701167 1554.632604343973
 -5017.992783309098 -2982.11731898659 6447.003229202737 1552.775801152004
 -4968.988079062525 -2978.391233083111 6447.975950660069 1593.765836569832
 -4992.598528051896 -3008.366981801299 6415.896530081 1585.058856400466
 -4992.598528051896 -3008.366981801299 6415.896530081 1585.058856400466
 -4994.377707950999 -3004.819258647422 6421.09850162475 1573.599645294341
 -4992.598528051896 -3008.366981801299 6415.896530081 1585.058856400466
 -4995.457053621943 -2956.188286109102 6452.221782119415 1541.645276418134
 -4992.598528051896 -3008.366981801299 6415.896530081 1585.058856400466
 -5017.992783309098 -2982.11731898659 6447.003229202737 1552.775801152004
 -5032.977853790967 -2967.266047482728 6449.122723025178 1546.285926694381
 -5017.992783309098 -2982.11731898659 6447.003229202737 1552.775801152004
 -5017.992783309098 -2982.11731898659 6447.003229202737 1552.775801152004
 -4987.215160943683 -3011.099760622534 6417.283596084165 1585.742121121264
 -5016.376615240914 -2982.69199037718 6443.818254701167 1554.632604343973
 -5017.992783309098 -2982.11731898659 6447.003229202737 1552.775801152004
 -5017.992783309098 -2982.11731898659 6447.003229202737 1552.775801152004
 -5022.742687745013 -2981.563808455961 6450.313433296637 1554.479471998479
 -5013.599190261686 -2980.581015911623 6446.417788400529 1549.639325569692
 -5017.992783309098 -2982.11731898659 6447.003229202737 1552.775801152004
 -5017.992783309098 -2982.11731898659 6447.003229202737 1552.775801152004
 -5017.992783309098 -2982.11731898659 6447.003229202737 1552.775801152004
 -5017.992783309098 -2982.11731898659 6447.003229202737 1552.775801152004
 -5017.992783309098 -2982.11731898659 6447.003229202737 1552.775801152004
 -5017.992783309098 -2982.11731898659 6447.003229202737 1552.775801152004
 -5017.992783309098 -2982.11731898659 6447.003229202737 1552.775801152004
 -4992.598528051896 -3008.366981801299 6415.896530081 1585.058856400466
 -2633.175580061236 -3807.480201513134 -562.5156901545017 6993.436251483665
 -2636.312806699136 -3808.972405649762 -544.628242154209 7000.709923424592
 -4856.311406029345 -3147.878157212992 6516.398223401997 1409.271625121463
 -5017.992783309098 -2982.11731898659 6447.003229202737 1552.775801152004
 -4992.598528051896 -3008.366981801299 6415.896530081 1585.058856400466
 -5016.376615240914 -2982.69199037718 6443.818254701167 1554.632604343973
 -2687.768294208884 -3910.54975322331 -566.8927409384145 6978.012378751763
 -4994.248088188036 -3011.412961066536 6417.23501099799 1587.556536684383
 -5017.992783309098 -2982.11731898659 6447.003229202737 1552.775801152004
 -5017.992783309098 -2982.11731898659 6447.003229202737 1552.775801152004
 -5017.992783309098 -2982.11731898659 6447.003229202737 1552.775801152004
 -4992.598528051896 -3008.366981801299 6415.896530081 1585.058856400466
 -5017.130821997708 -2977.470680157392 6443.374914068352 1547.344870298109
 -5017.992783309098 -2982.11731898659 6447.003229202737 1552.775801152004
 -4975.674530405711 -3054.625244854014 6261.917869168455 1671.952951259922
 -5016.376615240914 -2982.69199037718 6443.818254701167 1554.632604343973
 -5017.912017248397 -2967.496149559272 6444.330296081526 1564.476045978939
 -5014.852532579438 -2967.675658469119 6458.5380619135 1539.92484093183
 -4996.800181125222 -3009.895077170118 6418.147960688433 1583.166866017774
 -2805.010528502809 -3720.694768164156 -577.3937518006394 7036.507114294331
 -4995.593776602237 -3005.487696028857 6419.087835402071 1581.589833415496
 -4992.598528051896 -3008.366981801299 6415.896530081 1585.058856400466
 -4992.598528051896 -3008.366981801299 6415.896530081 1585.058856400466
 -5017.992783309098 -2982.11731898659 6447.003229202737 1552.775801152004
 -5017.992783309098 -2982.11731898659 6447.003229202737 1552.775801152004
 -4999.888978846258 -3040.202629305227 6411.043643788825 1588.279285730218
 -4757.306845827246 -3193.234419293802 6539.503499277448 1451.928237528555
 -5026.495496167268 -3005.393381376743 6444.968254564509 1593.874696773847
 -4992.598528051896 -3008.366981801299 6415.896530081 1585.058856400466
 -5016.376615240914 -2982.69199037718 6443.818254701167 1554.632604343973
 -5014.536381585744 -2984.577333898854 6454.731191290035 1543.520868240688
 -5017.992783309098 -2982.11731898659 6447.003229202737 1552.775801152004
 -4992.598528051896 -3008.366981801299 6415.896530081 1585.058856400466
 -5017.992783309098 -2982.11731898659 6447.003229202737 1552.775801152004
 -5017.992783309098 -2982.11731898659 6447.003229202737 1552.775801152004
 -5017.992783309098 -2982.11731898659 6447.003229202737 1552.775801152004
 -4992.598528051896 -3008.366981801299 6415.896530081 1585.058856400466
 -5016.376615240914 -2982.69199037718 6443.818254701167 1554.632604343973
 -5014.736472282233 -2981.589495711546 6441.776827378251 1557.671991902902
 -4947.370681140447 -2962.594304878836 6432.071411996987 1607.383542942991
 -4982.050240198273 -2997.23338258987 6413.594728549867 1589.497842574948
 -5017.992783309098 -2982.11731898659 6447.003229202737 1552.775801152004
 -5016.559813297652 -2986.395043101939 6447.649874756979 1553.556865518869
 -4991.175397930375 -3006.334805673589 6418.006818682213 1586.788044858007
 -4992.598528051896 -3008.366981801299 6415.896530081 1585.058856400466
 -5017.992783309098 -2982.11731898659 6447.003229202737 1552.775801152004
 -4992.598528051896 -3008.366981801299 6415.896530081 1585.058856400466
 -5017.992783309098 -2982.11731898659 6447.003229202737 1552.775801152004
 -4992.598528051896 -3008.366981801299 6415.896530081 1585.058856400466
 -4992.598528051896 -3008.366981801299 6415.896530081 1585.058856400466
 -5017.992783309098 -2982.11731898659 6447.003229202737 1552.775801152004
 -4992.598528051896 -3008.366981801299 6415.896530081 1585.058856400466
 -4940.973117620711 -2984.780806482015 6424.912577873531 1607.106942448569
 -5017.992783309098 -2982.11731898659 6447.003229202737 1552.775801152004
 -5017.992783309098 -2982.11731898659 6447.003229202737 1552.775801152004
 -4992.598528051896 -3008.366981801299 6415.896530081 1585.058856400466
 -4994.248088188036 -3011.412961066536 6417.23501099799 1587.556536684383
 -5017.992783309098 -2982.11731898659 6447.003229202737 1552.775801152004
 -4932.629893480756 -3039.536948119345 6471.241813405381 1646.521451816653
 -4983.581531011338 -3012.741144725675 6427.589343693957 1599.882599290621
 -5017.992783309098 -2982.11731898659 6447.003229202737 1552.775801152004
 -4992.598528051896 -3008.366981801299 6415.896530081 1585.058856400466
 -5017.992783309098 -2982.11731898659 6447.003229202737 1552.775801152004
 -4995.593776602237 -3005.487696028857 6419.087835402071 1581.589833415496
 -5017.992783309098 -2982.11731898659 6447.003229202737 1552.775801152004
 -5017.992783309098 -2982.11731898659 6447.003229202737 1552.775801152004
 -4992.598528051896 -3008.366981801299 6415.896530081 1585.058856400466
 -4940.973117620711 -2984.780806482015 6424.912577873531 1607.106942448569
 -4786.347366923438 -2841.701947638071 6428.686680294286 1525.277629938051
 -5017.992783309098 -2982.11731898659 6447.003229202737 1552.775801152004
 -5017.992783309098 -2982.11731898659 6447.003229202737 1552.775801152004
 -4994.248088188036 -3011.412961066536 6417.23501099799 1587.556536684383
 -4992.598528051896 -3008.366981801299 6415.896530081 1585.058856400466
 -4983.581531011338 -3012.741144725675 6427.589343693957 1599.882599290621
 -5017.992783309098 -2982.11731898659 6447.003229202737 1552.775801152004
