# Created by Octave 4.2.1, Mon Oct 09 19:24:53 2017 BRT <root@mosqueiro>
# name: pop
# type: matrix
# rows: 1000
# columns: 4
 8859.722995447715 9610.665130783051 -9668.173892285931 -8789.072782198587
 8859.722995447715 9610.665130783051 -9668.173892285931 -8789.072782198587
 8859.722995447715 9610.665130783051 -9668.173892285931 -8789.072782198587
 8859.722995447715 9610.665130783051 -9668.173892285931 -8789.072782198587
 8859.722995447715 9610.665130783051 -9668.173892285931 -8789.072782198587
 8859.722995447715 9610.665130783051 -9668.173892285931 -8789.072782198587
 8988.592315744503 19989.22118509806 -7720.116987721431 -19685.08559726397
 8859.722995447715 9610.665130783051 -9668.173892285931 -8789.072782198587
 8859.722995447715 9610.665130783051 -9668.173892285931 -8789.072782198587
 8859.722995447715 9610.665130783051 -9668.173892285931 -8789.072782198587
 8859.722995447715 9610.665130783051 -9668.173892285931 -8789.072782198587
 8859.722995447715 9610.665130783051 -9668.173892285931 -8789.072782198587
 8859.722995447715 9610.665130783051 -9668.173892285931 -8789.072782198587
 8859.722995447715 9610.665130783051 -9668.173892285931 -8789.072782198587
 -11472.31565192437 -2686.052941327094 24639.87794905216 -1091.291404151185
 5124.274407164721 9692.427765386514 -7395.655718418966 -6629.943332815217
 8859.722995447715 9610.665130783051 -9668.173892285931 -8789.072782198587
 8859.722995447715 9610.665130783051 -9668.173892285931 -8789.072782198587
 8859.722995447715 9610.665130783051 -9668.173892285931 -8789.072782198587
 16343.91810115276 10354.76156601663 -32421.43712936089 4428.90970616228
 8859.722995447715 9610.665130783051 -9668.173892285931 -8789.072782198587
 8859.722995447715 9610.665130783051 -9668.173892285931 -8789.072782198587
 8859.722995447715 9610.665130783051 -9668.173892285931 -8789.072782198587
 8859.722995447715 9610.665130783051 -9668.173892285931 -8789.072782198587
 4796.745899110902 12177.61979117172 8086.03607212227 11661.00688157908
 8988.592315744503 19989.22118509806 -7720.116987721431 -19685.08559726397
 8859.722995447715 9610.665130783051 -9668.173892285931 -8789.072782198587
 8859.722995447715 9610.665130783051 -9668.173892285931 -8789.072782198587
 8859.722995447715 9610.665130783051 -9668.173892285931 -8789.072782198587
 8859.722995447715 9610.665130783051 -9668.173892285931 -8789.072782198587
 4253.684547485018 27146.82833999998 1751.159754734319 -30252.35271778418
 19080.10674693012 31258.86425036826 15417.94936288549 3829.492281801409
 -9727.240377433469 23091.717192233 15521.81349938082 -28156.43428118016
 8859.722995447715 9610.665130783051 -9668.173892285931 -8789.072782198587
 8859.722995447715 9610.665130783051 -9668.173892285931 -8789.072782198587
 8859.722995447715 9610.665130783051 -9668.173892285931 -8789.072782198587
 1041.877924246565 18704.83936733924 -17211.53693738315 30124.78315985682
 4018.092856762151 -5058.524125488446 205.8973317449272 -13479.24174891137
 8859.722995447715 9610.665130783051 -9668.173892285931 -8789.072782198587
 8859.722995447715 9610.665130783051 -9668.173892285931 -8789.072782198587
 8859.722995447715 9610.665130783051 -9668.173892285931 -8789.072782198587
 8859.722995447715 9610.665130783051 -9668.173892285931 -8789.072782198587
 -7600.533879302242 14856.49076783226 -12328.07727636493 -622.0273699832178
 8859.722995447715 9610.665130783051 -9668.173892285931 -8789.072782198587
 4819.476147083934 3428.248050293929 7024.669998325693 -3217.005369796643
 22669.5120385892 -6460.264983064091 -10849.98419503268 -12358.60918483667
 8859.722995447715 9610.665130783051 -9668.173892285931 -8789.072782198587
 8859.722995447715 9610.665130783051 -9668.173892285931 -8789.072782198587
 24487.88472806384 -1215.274704379153 6281.645364076361 -5333.155592368419
 23048.67353733278 14107.92610857086 -5434.225042374111 -17907.97137862049
 8859.722995447715 9610.665130783051 -9668.173892285931 -8789.072782198587
 7900.443211681331 8953.545983764554 19353.81771368998 10167.62384490278
 8859.722995447715 9610.665130783051 -9668.173892285931 -8789.072782198587
 8859.722995447715 9610.665130783051 -9668.173892285931 -8789.072782198587
 -6429.277462550202 -4903.64283502451 -20036.15154438679 -14207.35873418933
 -15435.98063190318 13028.33692397513 -17109.60802461348 -2447.907942047303
 -12162.50382447574 11612.91264113354 7084.942658862004 21714.22073667764
 9462.128173948433 21538.41154883549 -13319.63953994796 -7227.914767423521
 -16015.80486580523 -1697.667001140539 -2591.414178810203 -1308.282524239764
 -19530.42340568671 27182.41701413529 -14711.92758260599 2460.60021299144
 3292.86821713586 801.6487003200345 5142.816580066494 -2401.73433296699
 8859.722995447715 9610.665130783051 -9668.173892285931 -8789.072782198587
 -1236.306636825208 13960.76779767008 -9389.057360233646 -7706.810197548367
 8859.722995447715 9610.665130783051 -9668.173892285931 -8789.072782198587
 8859.722995447715 9610.665130783051 -9668.173892285931 -8789.072782198587
 8859.722995447715 9610.665130783051 -9668.173892285931 -8789.072782198587
 8859.722995447715 9610.665130783051 -9668.173892285931 -8789.072782198587
 8859.722995447715 9610.665130783051 -9668.173892285931 -8789.072782198587
 8859.722995447715 9610.665130783051 -9668.173892285931 -8789.072782198587
 7871.402526770896 20780.12150912549 -12243.03216868197 -8476.55339418145
 619.2601645634259 -3577.349653998018 -6635.912269297309 9707.803360453669
 8859.722995447715 9610.665130783051 -9668.173892285931 -8789.072782198587
 -7279.830986501314 34014.92536089395 -8545.849444239004 -1315.186134664579
 19423.30352480829 9027.645318641155 1673.505861328957 -23934.28399760939
 8859.722995447715 9610.665130783051 -9668.173892285931 -8789.072782198587
 7871.402526770896 20780.12150912549 -12243.03216868197 -8476.55339418145
 8859.722995447715 9610.665130783051 -9668.173892285931 -8789.072782198587
 23298.64750112154 21950.58801262756 -484.117279190943 -4935.117064719961
 8859.722995447715 9610.665130783051 -9668.173892285931 -8789.072782198587
 8859.722995447715 9610.665130783051 -9668.173892285931 -8789.072782198587
 8859.722995447715 9610.665130783051 -9668.173892285931 -8789.072782198587
 3292.86821713586 801.6487003200345 5142.816580066494 -2401.73433296699
 8859.722995447715 9610.665130783051 -9668.173892285931 -8789.072782198587
 8859.722995447715 9610.665130783051 -9668.173892285931 -8789.072782198587
 8859.722995447715 9610.665130783051 -9668.173892285931 -8789.072782198587
 5711.731088316048 7366.90549198111 -47543.25685180619 -7837.61811597757
 1467.250357410589 36096.05729530042 -7031.228011097835 -2517.517508277673
 8859.722995447715 9610.665130783051 -9668.173892285931 -8789.072782198587
 6911.550096212073 14917.45534173495 -2687.941296870215 -20840.33456458218
 -10960.53463442669 6790.903243976211 25835.15843291601 2236.160079385641
 8859.722995447715 9610.665130783051 -9668.173892285931 -8789.072782198587
 -6429.277462550202 -4903.64283502451 -20036.15154438679 -14207.35873418933
 8859.722995447715 9610.665130783051 -9668.173892285931 -8789.072782198587
 34846.8159697675 -5737.503777547096 -29708.44972446624 7954.036413662326
 8859.722995447715 9610.665130783051 -9668.173892285931 -8789.072782198587
 34274.67069573085 4622.898327297263 1517.081690282081 21275.58705150766
 8859.722995447715 9610.665130783051 -9668.173892285931 -8789.072782198587
 8859.722995447715 9610.665130783051 -9668.173892285931 -8789.072782198587
 8859.722995447715 9610.665130783051 -9668.173892285931 -8789.072782198587
 8859.722995447715 9610.665130783051 -9668.173892285931 -8789.072782198587
 20371.35188363435 -6664.236527814137 11901.00004218151 8642.952056056849
 -9876.960091473005 -14843.55672693278 -1214.946268278401 -14232.96232056498
 8859.722995447715 9610.665130783051 -9668.173892285931 -8789.072782198587
 8859.722995447715 9610.665130783051 -9668.173892285931 -8789.072782198587
 11053.44952123213 32820.4029977165 -11700.73522104009 -19772.50043335115
