# Created by Octave 4.2.1, Mon Oct 09 19:44:14 2017 BRT <root@mosqueiro>
# name: pop
# type: matrix
# rows: 1000
# columns: 4
 -2639.472985140584 -3812.067440325205 -549.1900288132856 7001.187050759279
 -2639.472985140584 -3812.067440325205 -549.1900288132856 7001.187050759279
 -2639.472985140584 -3812.067440325205 -549.1900288132856 7001.187050759279
 -2639.472985140584 -3812.067440325205 -549.1900288132856 7001.187050759279
 -2639.472985140584 -3812.067440325205 -549.1900288132856 7001.187050759279
 -2639.472985140584 -3812.067440325205 -549.1900288132856 7001.187050759279
 -2639.472985140584 -3812.067440325205 -549.1900288132856 7001.187050759279
 -2639.472985140584 -3812.067440325205 -549.1900288132856 7001.187050759279
 -2639.472985140584 -3812.067440325205 -549.1900288132856 7001.187050759279
 -2639.472985140584 -3812.067440325205 -549.1900288132856 7001.187050759279
 516.1840086937191 -8556.545158010009 35485.18966302529 -25489.85282294352
 -2639.472985140584 -3812.067440325205 -549.1900288132856 7001.187050759279
 -2639.472985140584 -3812.067440325205 -549.1900288132856 7001.187050759279
 -11033.6188977624 -538.7957356747802 -4071.189110664385 12871.72378226583
 -20236.01258263088 -7308.994847188107 -5739.942652021759 12867.29529548601
 50222.78237094 -31004.35757146866 -10393.22895391128 18979.57244291712
 -2639.472985140584 -3812.067440325205 -549.1900288132856 7001.187050759279
 -7024.472176357127 -3035.804965043925 1889.502717177244 8011.987504289198
 -2639.472985140584 -3812.067440325205 -549.1900288132856 7001.187050759279
 -7528.210573351518 -12105.98314743391 -2644.521917284128 -3652.153089976229
 -4293.851893083363 11811.3902570838 8023.257121947403 6802.163435992844
 -9518.740038257398 -7698.576563636831 8124.73546961206 9154.357607225324
 -9518.740038257398 -7698.576563636831 8124.73546961206 9154.357607225324
 3087.384891613554 -22199.80899196487 -7178.673132031096 -8093.076844212663
 -2639.472985140584 -3812.067440325205 -549.1900288132856 7001.187050759279
 -2639.472985140584 -3812.067440325205 -549.1900288132856 7001.187050759279
 -2639.472985140584 -3812.067440325205 -549.1900288132856 7001.187050759279
 -2639.472985140584 -3812.067440325205 -549.1900288132856 7001.187050759279
 -2639.472985140584 -3812.067440325205 -549.1900288132856 7001.187050759279
 -2639.472985140584 -3812.067440325205 -549.1900288132856 7001.187050759279
 22142.63166141399 -501.788908187435 41882.74186031432 18705.88723094346
 25471.35508685194 -9406.221032572874 -29288.83162922995 13544.80626884968
 -2639.472985140584 -3812.067440325205 -549.1900288132856 7001.187050759279
 -14436.21380464411 -7852.522556337619 882.4899330833612 -1177.372754014951
 -2639.472985140584 -3812.067440325205 -549.1900288132856 7001.187050759279
 26221.38734411448 7766.275241347397 8327.468371506926 -23124.06608014314
 -2639.472985140584 -3812.067440325205 -549.1900288132856 7001.187050759279
 -2639.472985140584 -3812.067440325205 -549.1900288132856 7001.187050759279
 -2639.472985140584 -3812.067440325205 -549.1900288132856 7001.187050759279
 4779.705923621088 -15379.64141148589 2314.480061828408 3307.322153204657
 -2639.472985140584 -3812.067440325205 -549.1900288132856 7001.187050759279
 -2791.596052418507 -5974.184896443097 8724.101679431171 -12243.35742994385
 -2639.472985140584 -3812.067440325205 -549.1900288132856 7001.187050759279
 13467.50760812459 -21726.48398119929 14583.09673096813 -1900.682753206217
 -2639.472985140584 -3812.067440325205 -549.1900288132856 7001.187050759279
 -2639.472985140584 -3812.067440325205 -549.1900288132856 7001.187050759279
 -2639.472985140584 -3812.067440325205 -549.1900288132856 7001.187050759279
 -2639.472985140584 -3812.067440325205 -549.1900288132856 7001.187050759279
 -1458.306077233947 4575.661996639274 12619.46103941847 2671.676897559979
 -2639.472985140584 -3812.067440325205 -549.1900288132856 7001.187050759279
 1027.589513453235 -5523.821531497556 4074.198683759207 160.320671661857
 -2639.472985140584 -3812.067440325205 -549.1900288132856 7001.187050759279
 -2639.472985140584 -3812.067440325205 -549.1900288132856 7001.187050759279
 -2639.472985140584 -3812.067440325205 -549.1900288132856 7001.187050759279
 -2639.472985140584 -3812.067440325205 -549.1900288132856 7001.187050759279
 -2639.472985140584 -3812.067440325205 -549.1900288132856 7001.187050759279
 -2639.472985140584 -3812.067440325205 -549.1900288132856 7001.187050759279
 -2639.472985140584 -3812.067440325205 -549.1900288132856 7001.187050759279
 -21974.05305451501 -40453.21048124378 9059.18615322844 3077.501908993195
 2225.261003634527 925.0701987196589 -6444.031981127644 3432.819854045354
 -2639.472985140584 -3812.067440325205 -549.1900288132856 7001.187050759279
 -2639.472985140584 -3812.067440325205 -549.1900288132856 7001.187050759279
 -2639.472985140584 -3812.067440325205 -549.1900288132856 7001.187050759279
 4669.743616253881 -11023.61759267168 25896.52322430412 -8325.311166269139
 -2639.472985140584 -3812.067440325205 -549.1900288132856 7001.187050759279
 -2639.472985140584 -3812.067440325205 -549.1900288132856 7001.187050759279
 -9518.740038257398 -7698.576563636831 8124.73546961206 9154.357607225324
 -2639.472985140584 -3812.067440325205 -549.1900288132856 7001.187050759279
 16632.30529309014 15832.29696580688 15570.14790082048 -9188.771909507959
 -2639.472985140584 -3812.067440325205 -549.1900288132856 7001.187050759279
 5336.509855207382 22699.74713959259 -1782.936046750029 -17443.07047961614
 -2639.472985140584 -3812.067440325205 -549.1900288132856 7001.187050759279
 -25019.81172449484 6430.657943896102 7956.488027656251 -32253.87558630713
 -2639.472985140584 -3812.067440325205 -549.1900288132856 7001.187050759279
 13350.178567129 -2412.367463966112 -6903.764276334213 17724.45539530495
 -7024.472176357127 -3035.804965043925 1889.502717177244 8011.987504289198
 -2639.472985140584 -3812.067440325205 -549.1900288132856 7001.187050759279
 -2639.472985140584 -3812.067440325205 -549.1900288132856 7001.187050759279
 14642.40311083493 35952.80050814337 -10742.67363028557 1295.778521190343
 -2639.472985140584 -3812.067440325205 -549.1900288132856 7001.187050759279
 -2639.472985140584 -3812.067440325205 -549.1900288132856 7001.187050759279
 -2639.472985140584 -3812.067440325205 -549.1900288132856 7001.187050759279
 -2639.472985140584 -3812.067440325205 -549.1900288132856 7001.187050759279
 -2639.472985140584 -3812.067440325205 -549.1900288132856 7001.187050759279
 -2639.472985140584 -3812.067440325205 -549.1900288132856 7001.187050759279
 -3152.767821603425 -5336.61448144959 15872.94169243871 -7961.741332678119
 516.1840086937191 -8556.545158010009 35485.18966302529 -25489.85282294352
 -2639.472985140584 -3812.067440325205 -549.1900288132856 7001.187050759279
 -2639.472985140584 -3812.067440325205 -549.1900288132856 7001.187050759279
 -22276.04937432795 2282.012272526903 -1105.8044202359 5109.023940088933
 -2639.472985140584 -3812.067440325205 -549.1900288132856 7001.187050759279
 -2639.472985140584 -3812.067440325205 -549.1900288132856 7001.187050759279
 2225.261003634527 925.0701987196589 -6444.031981127644 3432.819854045354
 -2639.472985140584 -3812.067440325205 -549.1900288132856 7001.187050759279
 3401.371095808967 28115.20204903475 11016.58811513035 10150.3030111834
 -209.8974273900749 -3319.145493662815 -4725.47996167524 8484.977539166455
 2161.69263508277 9523.205952400165 -16860.08265912788 -18194.50095583378
 -2639.472985140584 -3812.067440325205 -549.1900288132856 7001.187050759279
 -2639.472985140584 -3812.067440325205 -549.1900288132856 7001.187050759279
 -2639.472985140584 -3812.067440325205 -549.1900288132856 7001.187050759279
 -2639.472985140584 -3812.067440325205 -549.1900288132856 7001.187050759279
 -2639.472985140584 -3812.067440325205 -549.1900288132856 7001.187050759279
 -2639.472985140584 -3812.067440325205 -549.1900288132856 7001.187050759279
 -2639.472985140584 -3812.067440325205 -549.1900288132856 7001.187050759279
