# Created by Octave 4.2.1, Mon Oct 09 19:37:56 2017 BRT <root@mosqueiro>
# name: pop
# type: matrix
# rows: 1000
# columns: 4
 -7491.357089269941 -1281.035141976859 4123.025856152989 4650.102740940573
 -7491.357089269941 -1281.035141976859 4123.025856152989 4650.102740940573
 -7491.357089269941 -1281.035141976859 4123.025856152989 4650.102740940573
 -7491.357089269941 -1281.035141976859 4123.025856152989 4650.102740940573
 -7491.357089269941 -1281.035141976859 4123.025856152989 4650.102740940573
 -10121.17385963526 -23.82740727299898 6815.941433882244 4066.599042241619
 -10324.82158791877 -379.1637934029191 6712.090700467143 4000.236401409895
 -10068.29696244688 -328.2526474309947 6451.888775369187 3822.01363503015
 -7438.165887676229 -1203.991394486903 4154.625397067265 4802.744459200184
 -10324.82158791877 -379.1637934029191 6712.090700467143 4000.236401409895
 -5781.345580375325 -1061.164465534442 3852.120062671684 3063.445202224389
 -10324.82158791877 -379.1637934029191 6712.090700467143 4000.236401409895
 -10324.82158791877 -379.1637934029191 6712.090700467143 4000.236401409895
 -7491.357089269941 -1281.035141976859 4123.025856152989 4650.102740940573
 -7491.357089269941 -1281.035141976859 4123.025856152989 4650.102740940573
 -5517.372606001662 -626.5640646455552 3724.162157825805 3772.975945676915
 -7388.118906136311 -1280.759136014043 4066.935166573163 4616.641127117166
 -7388.118906136311 -1280.759136014043 4066.935166573163 4616.641127117166
 -7491.357089269941 -1281.035141976859 4123.025856152989 4650.102740940573
 10640.63196984188 -2294.133166473014 3767.861442021767 -6435.653343565646
 -7388.118906136311 -1280.759136014043 4066.935166573163 4616.641127117166
 -7188.13199114311 -1198.10417919499 4055.590560043875 4550.667186700622
 -5737.98870350066 -1082.930591420158 3569.758530177905 3260.315854470912
 -10324.82158791877 -379.1637934029191 6712.090700467143 4000.236401409895
 -10324.82158791877 -379.1637934029191 6712.090700467143 4000.236401409895
 -7388.118906136311 -1280.759136014043 4066.935166573163 4616.641127117166
 -7228.36790054567 -1739.482123216074 4262.792602182199 4707.249679122707
 -20367.18133498181 12505.69238640817 729.1818378076505 6723.143697023072
 -10324.82158791877 -379.1637934029191 6712.090700467143 4000.236401409895
 -7273.445385572461 -1634.597338606576 4149.175214841129 5458.372071210649
 -7388.118906136311 -1280.759136014043 4066.935166573163 4616.641127117166
 10449.77250403216 -1803.245631342419 3932.536533264787 -6362.472106998767
 -10510.08911972512 -165.4439598445483 6710.414598247425 4538.182609689631
 -10324.82158791877 -379.1637934029191 6712.090700467143 4000.236401409895
 -5737.98870350066 -1082.930591420158 3569.758530177905 3260.315854470912
 -10324.82158791877 -379.1637934029191 6712.090700467143 4000.236401409895
 -10324.82158791877 -379.1637934029191 6712.090700467143 4000.236401409895
 -7090.242948329165 -1206.75288270171 3601.967347483417 4699.434180134276
 -7640.535311485725 -1271.891036043558 4162.539615195963 4440.258187428885
 -10324.82158791877 -379.1637934029191 6712.090700467143 4000.236401409895
 -7491.357089269941 -1281.035141976859 4123.025856152989 4650.102740940573
 -5737.98870350066 -1082.930591420158 3569.758530177905 3260.315854470912
 -10324.82158791877 -379.1637934029191 6712.090700467143 4000.236401409895
 -7228.36790054567 -1739.482123216074 4262.792602182199 4707.249679122707
 -7388.118906136311 -1280.759136014043 4066.935166573163 4616.641127117166
 -7228.36790054567 -1739.482123216074 4262.792602182199 4707.249679122707
 -10324.82158791877 -379.1637934029191 6712.090700467143 4000.236401409895
 -7388.118906136311 -1280.759136014043 4066.935166573163 4616.641127117166
 -10324.82158791877 -379.1637934029191 6712.090700467143 4000.236401409895
 -5808.488772429835 -198.7588122676722 2743.622205094774 4446.263981940571
 -7388.118906136311 -1280.759136014043 4066.935166573163 4616.641127117166
 -10452.60243935193 -426.3338883988723 6483.544628374246 3844.616029284232
 -7491.357089269941 -1281.035141976859 4123.025856152989 4650.102740940573
 -10324.82158791877 -379.1637934029191 6712.090700467143 4000.236401409895
 -7491.357089269941 -1281.035141976859 4123.025856152989 4650.102740940573
 -7388.118906136311 -1280.759136014043 4066.935166573163 4616.641127117166
 -6761.056097722936 -3353.545328030918 -10655.31189304106 24557.99269162129
 -10324.82158791877 -379.1637934029191 6712.090700467143 4000.236401409895
 -10324.82158791877 -379.1637934029191 6712.090700467143 4000.236401409895
 -10324.82158791877 -379.1637934029191 6712.090700467143 4000.236401409895
 -10324.82158791877 -379.1637934029191 6712.090700467143 4000.236401409895
 -5720.893296242302 -968.5766101762634 3606.631205380409 3237.177978350546
 -5737.805852278988 -644.4412815030951 3497.993483299917 2685.534763201011
 -7937.679274451806 -1190.319404764086 4428.79167823931 5057.503538961687
 -10324.82158791877 -379.1637934029191 6712.090700467143 4000.236401409895
 -10324.82158791877 -379.1637934029191 6712.090700467143 4000.236401409895
 -7388.118906136311 -1280.759136014043 4066.935166573163 4616.641127117166
 -7090.242948329165 -1206.75288270171 3601.967347483417 4699.434180134276
 -7388.118906136311 -1280.759136014043 4066.935166573163 4616.641127117166
 -9965.297371265338 -207.371467614192 6551.696653629978 3954.65517958283
 -7388.118906136311 -1280.759136014043 4066.935166573163 4616.641127117166
 -10324.82158791877 -379.1637934029191 6712.090700467143 4000.236401409895
 -7388.118906136311 -1280.759136014043 4066.935166573163 4616.641127117166
 -5737.98870350066 -1082.930591420158 3569.758530177905 3260.315854470912
 -10324.82158791877 -379.1637934029191 6712.090700467143 4000.236401409895
 -10324.82158791877 -379.1637934029191 6712.090700467143 4000.236401409895
 -7269.655359330415 -1138.956452695629 3967.870668198335 4622.005518924647
 -10324.82158791877 -379.1637934029191 6712.090700467143 4000.236401409895
 -10324.82158791877 -379.1637934029191 6712.090700467143 4000.236401409895
 -6761.056097722936 -3353.545328030918 -10655.31189304106 24557.99269162129
 -10324.82158791877 -379.1637934029191 6712.090700467143 4000.236401409895
 -7388.118906136311 -1280.759136014043 4066.935166573163 4616.641127117166
 -7034.601284347111 -1213.836319802669 3804.086010340583 4833.547174052847
 -10324.82158791877 -379.1637934029191 6712.090700467143 4000.236401409895
 -5737.805852278988 -644.4412815030951 3497.993483299917 2685.534763201011
 -10324.82158791877 -379.1637934029191 6712.090700467143 4000.236401409895
 -10324.82158791877 -379.1637934029191 6712.090700467143 4000.236401409895
 -7342.202667003929 -1153.401805878084 4102.094754690237 4692.666516979633
 -10324.82158791877 -379.1637934029191 6712.090700467143 4000.236401409895
 -7388.118906136311 -1280.759136014043 4066.935166573163 4616.641127117166
 -10324.82158791877 -379.1637934029191 6712.090700467143 4000.236401409895
 -7090.242948329165 -1206.75288270171 3601.967347483417 4699.434180134276
 -8316.979927239783 -3379.852366995247 4257.736435558193 4410.52780600651
 -10201.42173875388 136.0254600112434 6999.966244578658 4239.340146092505
 -7388.118906136311 -1280.759136014043 4066.935166573163 4616.641127117166
 -7228.36790054567 -1739.482123216074 4262.792602182199 4707.249679122707
 -7478.889410132454 -1067.427744870848 3983.360047216237 4688.26320710186
 -10324.82158791877 -379.1637934029191 6712.090700467143 4000.236401409895
 -10324.82158791877 -379.1637934029191 6712.090700467143 4000.236401409895
 -10324.82158791877 -379.1637934029191 6712.090700467143 4000.236401409895
 -10324.82158791877 -379.1637934029191 6712.090700467143 4000.236401409895
 -10324.82158791877 -379.1637934029191 6712.090700467143 4000.236401409895
 -7388.118906136311 -1280.759136014043 4066.935166573163 4616.641127117166
 -10324.82158791877 -379.1637934029191 6712.090700467143 4000.236401409895
 -7388.118906136311 -1280.759136014043 4066.935166573163 4616.641127117166
