# Created by Octave 4.2.1, Mon Oct 09 19:42:57 2017 BRT <root@mosqueiro>
# name: pop
# type: matrix
# rows: 1000
# columns: 4
 -2639.472985140584 -3812.067440325205 -549.1900288132856 7001.187050759279
 -2639.472985140584 -3812.067440325205 -549.1900288132856 7001.187050759279
 -2639.472985140584 -3812.067440325205 -549.1900288132856 7001.187050759279
 -2639.472985140584 -3812.067440325205 -549.1900288132856 7001.187050759279
 -2639.472985140584 -3812.067440325205 -549.1900288132856 7001.187050759279
 -2440.168445708858 5966.421825181254 7376.165283956885 -9137.463313417637
 -2639.472985140584 -3812.067440325205 -549.1900288132856 7001.187050759279
 -8078.016103889144 47.47843641653344 -779.3021357054604 -2077.591500545042
 -3511.821583197147 9285.199346870606 -776.3271878993874 -3737.784163051595
 -9456.007626089433 -5117.596250863487 8014.944364213083 6480.178417884101
 -2639.472985140584 -3812.067440325205 -549.1900288132856 7001.187050759279
 -2639.472985140584 -3812.067440325205 -549.1900288132856 7001.187050759279
 -2639.472985140584 -3812.067440325205 -549.1900288132856 7001.187050759279
 -2639.472985140584 -3812.067440325205 -549.1900288132856 7001.187050759279
 -2639.472985140584 -3812.067440325205 -549.1900288132856 7001.187050759279
 -2639.472985140584 -3812.067440325205 -549.1900288132856 7001.187050759279
 -2639.472985140584 -3812.067440325205 -549.1900288132856 7001.187050759279
 5969.861120228684 7840.443356610504 38745.89263221643 2860.293409006475
 -1444.565203120839 8819.110600344942 -86.43453890902492 -7215.193710622583
 -9456.007626089433 -5117.596250863487 8014.944364213083 6480.178417884101
 -9518.740038257398 -7698.576563636831 8124.73546961206 9154.357607225324
 -2639.472985140584 -3812.067440325205 -549.1900288132856 7001.187050759279
 558.1303227819008 -7819.457587171105 687.4093076091976 6294.258227280576
 -9456.007626089433 -5117.596250863487 8014.944364213083 6480.178417884101
 6502.255216657516 5928.945286251781 31351.27618510405 -28482.63196830583
 -2639.472985140584 -3812.067440325205 -549.1900288132856 7001.187050759279
 -9456.007626089433 -5117.596250863487 8014.944364213083 6480.178417884101
 -2639.472985140584 -3812.067440325205 -549.1900288132856 7001.187050759279
 8442.692516730986 -17446.68974353345 -14918.90697572918 23935.80150911482
 -7792.76479524368 -6386.729825976558 17401.17567865253 -2561.82525629456
 690.1095867140521 -611.9204346840852 431.19169587529 1243.385534164829
 -2639.472985140584 -3812.067440325205 -549.1900288132856 7001.187050759279
 -16691.44487621338 -33707.2358878603 6306.963670979141 12082.47293212266
 -2639.472985140584 -3812.067440325205 -549.1900288132856 7001.187050759279
 12339.40823799093 -1028.201624524407 7807.671181364871 10713.72382978984
 -2639.472985140584 -3812.067440325205 -549.1900288132856 7001.187050759279
 5102.72766929763 268.7705402996053 -6200.537025330831 1583.439391016662
 4730.167586184915 7869.365743888714 -8752.193840342798 32823.38647078863
 6987.899023570324 -9507.61031165993 966.4545480178404 4076.515293794067
 -3339.82892640217 -6836.058662419158 -9372.315494926974 2696.250049503864
 -2639.472985140584 -3812.067440325205 -549.1900288132856 7001.187050759279
 -28518.71745857981 9600.138558221077 -5067.2573390405 -3280.110803890557
 3405.57407783398 -22626.6686686826 -15930.57588294058 -14488.86415983518
 -15181.72264002809 6174.855000158092 -8952.524795208394 -16793.61344443311
 7500.101013924861 -6430.730971508126 1772.784047438327 -3629.436924936912
 4042.719925437372 -66.47186392386539 542.2566188471137 6723.029943744219
 -9456.007626089433 -5117.596250863487 8014.944364213083 6480.178417884101
 -2639.472985140584 -3812.067440325205 -549.1900288132856 7001.187050759279
 11947.09361099395 -20205.83239464379 -17555.82616200248 -8195.114306657271
 558.1303227819008 -7819.457587171105 687.4093076091976 6294.258227280576
 -9456.007626089433 -5117.596250863487 8014.944364213083 6480.178417884101
 -2639.472985140584 -3812.067440325205 -549.1900288132856 7001.187050759279
 -26048.39548493347 5456.147275255528 -13595.59610421679 525.8138566137704
 -6789.250117098916 4372.170711331632 -5887.311175919469 8754.788543863899
 -2639.472985140584 -3812.067440325205 -549.1900288132856 7001.187050759279
 -3627.016557488379 8569.927762766038 -7901.499693136353 3881.353597851314
 2135.527204745431 4243.495653514057 4447.69383659346 -966.59061344767
 -7024.472176357127 -3035.804965043925 1889.502717177244 8011.987504289198
 -9907.4417020488 7330.874035432105 4150.271425278715 936.6025586958276
 2225.261003634527 925.0701987196589 -6444.031981127644 3432.819854045354
 8644.525608862006 23665.49112828513 -4183.366714870279 25940.98019053237
 -2639.472985140584 -3812.067440325205 -549.1900288132856 7001.187050759279
 -2639.472985140584 -3812.067440325205 -549.1900288132856 7001.187050759279
 -6509.365334379175 13097.55723776795 -10739.48574789228 -23165.21385252241
 -9518.740038257398 -7698.576563636831 8124.73546961206 9154.357607225324
 12507.43683941256 -12065.83163868131 -45077.99604823095 1114.030484285297
 35953.38851147023 24421.47222633717 16173.40986174528 -9882.546003117113
 -2639.472985140584 -3812.067440325205 -549.1900288132856 7001.187050759279
 -2639.472985140584 -3812.067440325205 -549.1900288132856 7001.187050759279
 5809.855987272356 9184.951102516639 7756.657181106424 -7258.565539356276
 -2639.472985140584 -3812.067440325205 -549.1900288132856 7001.187050759279
 8403.726614872743 -6871.865927534505 1257.438724426851 5600.086656094092
 -1444.565203120839 8819.110600344942 -86.43453890902492 -7215.193710622583
 -5774.782074660186 5214.494765460309 -166.146871037703 1099.419814307199
 -5596.865588644135 7335.001016702303 7363.012302188326 -6974.700083200882
 -8979.045778988109 22769.17643531767 -26843.08685248834 6298.505216307956
 -2639.472985140584 -3812.067440325205 -549.1900288132856 7001.187050759279
 -2730.018752726989 9693.245303790118 -2858.437659397856 -4613.636170438905
 -8780.753289306704 -8519.68957397423 9154.080993649215 9493.427606331152
 -3398.144551624803 8980.861531414081 2585.97514917296 -6385.882173667091
 -9456.007626089433 -5117.596250863487 8014.944364213083 6480.178417884101
 -2805.783557210185 -31767.95725058595 7419.818645911573 36875.43612146119
 -7024.472176357127 -3035.804965043925 1889.502717177244 8011.987504289198
 -5223.904251991732 -7326.715874236257 6137.537375689519 6232.785425147651
 2476.128928722778 9572.534972491851 -3174.502183804354 -42095.05521877423
 6452.62364412137 -853.2815307492983 9703.786513744319 2755.968840450376
 -2639.472985140584 -3812.067440325205 -549.1900288132856 7001.187050759279
 -21000.41096117585 16425.69099988246 17504.16161256865 1571.978302593699
 -30602.47147304173 -24136.54648976489 -8452.00011900264 -12682.31109009903
 11400.09633560287 -4242.884596563133 11047.98621972277 -28749.01412732217
 20275.43320889462 2838.003997738319 -14603.95935598535 7789.857162219814
 -2639.472985140584 -3812.067440325205 -549.1900288132856 7001.187050759279
 -2639.472985140584 -3812.067440325205 -549.1900288132856 7001.187050759279
 2225.261003634527 925.0701987196589 -6444.031981127644 3432.819854045354
 -27646.66365695971 -4871.751527491859 -28177.11486738004 28305.67871642204
 5156.49272463843 -9064.347527162268 3417.080043088492 99.25144007181552
 -2639.472985140584 -3812.067440325205 -549.1900288132856 7001.187050759279
 -1444.565203120839 8819.110600344942 -86.43453890902492 -7215.193710622583
 13101.96552649266 -63532.1857077702 53734.82610713886 25407.36331061849
 7366.761583141575 -8982.31287149952 7582.676277165858 1933.86123480833
 17397.32638583419 1427.130344490263 -29531.54886702264 -11564.49581860759
 2225.261003634527 925.0701987196589 -6444.031981127644 3432.819854045354
 -21781.01730613199 -12324.31709049822 -16397.76676270559 13955.22453639113
 16392.69981469676 -25155.64242049059 44349.89837728749 -9955.808061380019
 7604.767127147436 4615.785975025792 6042.962201499695 -3850.231851713909
