# Created by Octave 4.2.1, Mon Oct 09 19:51:22 2017 BRT <root@mosqueiro>
# name: w1
# type: matrix
# rows: 50
# columns: 12
 -0.002045269230765062 -0.07841579511471963 -0.04341953316483761 -0.019705760365129 0.0672150735031414 -0.06987567999017512 0.03491496583345741 0.0938938564502235 0.0238202436458784 -0.09731759284103389 -0.06373818627496609 0.09742808176608128
 -0.01438034080289832 -0.05715145524129396 -0.0761429905990864 -0.01919027308725728 -0.05382745357337146 -0.05237311770231578 0.005679551223791782 0.08242070140136176 -0.04495815659345474 0.08079914222212861 -0.06877733555051448 -0.03443414729692278
 0.006715771925165842 -0.04723084427170593 0.06680607757961757 0.07097070948239501 -0.005875617030609626 -0.09920552819993045 0.03898665385104763 -0.03013730928709261 -0.03204923384235013 -0.07123332495124818 -0.001999888798436295 0.06459313076669562
 -0.08186694988412321 0.0493368048362014 -0.04040542082528912 0.06655653536249376 0.05505133750028149 -0.05604746848815451 -0.08336276574532468 -0.02296636623261349 -0.08149597041876111 -0.09952434296816541 -0.04814225486789238 -0.09089873649786936
 0.06637647684000544 -0.07222854520326699 -0.09708393824715135 0.04328571839953949 0.086055943029062 0.041984118278132 -0.07978166744773352 -0.08354538569095424 0.03778026330940285 -0.05066715417855736 0.04520905131527467 0.04989284348666503
 0.05022917160345877 0.03397568719023272 0.01095389367006491 0.07243461901350967 0.08798553256555042 0.04415369075681147 -0.02478021230037628 -0.08833141241860788 -0.06107123202438393 -0.002013781458421335 -0.08708786383831832 0.04847475614773641
 0.006807061436797726 0.02969982889691941 -0.01565961541933841 -0.0611531573091024 0.002284965901276331 0.07080829253841592 0.0123453960936027 0.003677994787320629 -0.09523455163133784 0.04121412987317288 0.00753474769528642 0.02865780013500485
 0.08022709490602117 -0.08925775323082556 -0.01486757011984977 0.009165802987991675 0.08902862393897379 -0.0286179376167006 -0.09096616004054063 0.08574211901461279 0.04287426509814379 0.05297532256011003 -0.0708528406054478 0.07633830580616416
 -0.03154741289383321 0.08558545245438431 -0.05167119049342361 0.01138851380386523 -0.02759185742180438 -0.07333880018802652 -0.08873799988966286 0.0948766483009626 0.03099293634552863 -0.01037873841628247 -0.03333794495696028 -0.02331906476885712
 0.06086522902860231 0.004129096598096432 0.03768238915314912 0.08146249483964274 0.01660117403849411 -0.06993353905436259 0.05397285394784632 0.004277290302968972 0.07518308192946818 0.07274430271396592 0.007503802408569141 0.03731535206034176
 0.04986463229600338 0.06316849557961488 0.07044029243766728 -0.08602346234399369 -0.04173279732226131 0.04594901460218398 -0.07619081384472931 -0.06908062885582633 -0.08050631803879764 -0.04921826888017555 0.02623631077108346 0.07137805256257715
 0.08263394398375087 -0.0005014650068861648 -0.07807189079643008 -0.04575818388460404 -0.02789453593688655 -0.01876609537305723 -0.06782448728123874 0.006930693355257311 0.09803937682033848 0.001439973203793923 -0.04592335353213148 -0.0665677433982837
 0.00789396407056682 -0.06730011972234251 0.07703558505868599 -0.08755242864360954 0.01053934418484352 0.009675167652238165 0.002596974379526926 -0.06918408786516188 0.0001810711955406025 -0.01309964056541926 0.06362174862638093 -0.08660656052149811
 -0.08905337756970955 -0.00981497011407137 0.009234891409312773 -0.01354051729601441 0.009966556276351346 -0.04273800580140014 -0.0462869530350368 -0.0171608532817758 0.09095162356298458 -0.08684725051346215 0.063053446550286 -0.09712834434054436
 -0.08151128711398985 0.0877172353442579 -0.09346547566768049 -0.041702151819279 -0.06237642161674498 0.006819313076473127 -0.04996378261934077 0.05713023843963524 0.04440440945144855 0.09927301848432526 -0.03603076207795967 0.0144664184183331
 -0.05506596192180507 0.08598306621101345 0.02228978558283692 -0.06011453941847117 0.02082138976993017 -0.008621582763859284 -0.02138586403450057 -0.07719250476084927 0.008860361640179643 0.02147202617103346 -0.03972050247488056 0.03867969448834263
 -0.06196346012157716 0.05951306141001222 0.03307407323586517 0.06086438006738157 0.07092003084339499 -0.05147335430691286 -0.02815293081462859 -0.01247960221759693 0.07923104965682776 -0.02723634916998095 0.01476074166950263 0.02449972519973398
 0.02261610285254823 0.03906072809896571 -0.02343309279691662 0.09578496867009034 0.05691179500458488 -0.05296993539293868 0.05810094239525759 -0.02125044221118183 -0.04633262741525112 -0.004539241612137673 0.0286038513020577 -0.01364131187116574
 -0.06987584922630927 0.06409506716558994 0.001708020622119541 0.04107648431954705 -0.002663147425733675 0.01220302515343794 -0.05383616309184324 0.01766849816119527 -0.06207917173091845 0.08754392776614642 -0.07899007878816805 -0.06957901614666037
 0.06714581782535689 0.07364694304640482 0.0482888100943154 -0.09355199229458219 0.02653647026002018 0.03057517517975797 0.03852663481804613 0.02437662374646603 0.05354630910421232 0.03811534094492805 0.09120512477045012 -0.06495823288088645
 -0.08957156746021652 0.07763563551460834 0.02501650202808442 -0.09207195118654328 -0.026374354485333 0.04573979965366465 0.02299913374916174 0.05972679205033493 0.05001752930126213 -0.06673715799283247 0.02510099508139893 0.0155118167905571
 -0.09870372118774688 -0.02508371085086107 -0.06469987447676252 -0.06444225057424591 0.02398183136439216 -0.03103325916409221 0.08430134501350095 -0.0330681510530087 -0.01185187864222136 0.08583517835673279 0.008906597509823991 0.004841980393204229
 -0.09296460171382592 -0.08370252139566238 -0.02982802118358446 -0.09766107440527161 0.08103959169925198 -0.08475148124447482 -0.09062742233227784 -0.0003055438017446205 0.06584226142039215 -0.06662473443937605 -0.06808012635861549 0.07730083456475942
 0.03229614957298901 -0.02602339928632544 -0.06980345184159033 -0.04714898189766742 -0.08174492755776117 -0.06380441175958831 0.003402996183901857 0.05584539745038591 0.01808164734988679 -0.0812221029569411 0.01416921487205369 0.02841425625672911
 -0.09911781497854279 -0.01831777292904471 0.05791732785567288 -0.02991529274258548 -0.06228987192662051 0.09008693894615158 -0.06697422726269811 0.05579100949390811 0.05964867927754225 0.05276972776438091 0.06235233020409869 0.01626701053947069
 -0.0491025730910757 0.03624479095521133 0.08766228555274924 -0.05560244671680793 -0.08941207778192034 -0.02915348496895648 0.05743964079871114 -0.05095186864581073 0.03392924527647626 0.09530485136307934 0.09510781887410044 0.04472969667732885
 0.003705311057522614 0.01291683896424059 0.07618738157536631 -0.04336238869236097 -0.06272685686610499 -0.06936658510396471 -0.08214670574844178 0.03041164327200091 0.00630181255289472 -0.02789920832923508 0.05448826191312736 0.06490281954378668
 -0.09721165116647509 0.03842204211909736 -0.06385401227111244 -0.02040768465401946 -0.06177742206665572 -0.03177230489494925 -0.07622652055241569 0.07153520563428681 -0.0601543785778438 -0.05009979805716228 -0.0271982792252316 0.08788940890178251
 -0.03084918887733606 -0.03120211399572097 -0.07224136064774409 0.01158021767158864 0.01912488952850537 0.07700274066179333 0.03027334290479866 0.07155871102452668 0.02935486857559827 -0.07771279682877719 0.002153001641354194 -0.05052733951342118
 -0.07988820079366236 -0.01533754071091351 -0.09264757629943056 -0.07336561548203085 -0.07871513702225889 -0.09073705720025478 0.09275327823470977 -0.06044328177997563 0.0120459948707435 -0.03894218467972991 -0.0979325182173177 0.02342430519254943
 0.04702044525358018 0.04640375086403245 0.05018014103954779 0.05754956058526184 0.05216002839010264 0.01354742962820341 -0.01622364421107642 0.01069009327052924 0.0655298096157938 0.05687358467264958 0.05526058513216719 0.03330785181810533
