# Created by Octave 4.2.1, Mon Oct 09 19:41:30 2017 BRT <root@mosqueiro>
# name: w2
# type: matrix
# rows: 1
# columns: 51
 -4.446370153704123 -5.95382353960099 10.67818579487626 4.692926891595089 -6.967218984659617 -6.620127879093729 -3.296960408627481 9.968868681264517 3.051398505725984 2.19333789616293 1.477478770928888 3.398290658544909 8.130601210957117 -12.07462522589183 -0.3036016836257076 -7.150418223586136 3.919494473866148 8.889881583167494 -0.1101169812966702 -1.58531389945286 -3.080144959226557 -0.1250193542624629 3.296823241676705 -3.000790820909003 -2.545511631204249 -3.406075701940498 4.884476488294069 -4.254868993036794 2.246228977230146 6.022453415249103 -6.540721651335424 -3.520361308493591 4.073799705544388 -3.798952173080011 -17.10833380546811 7.907408731361585 -12.82770755867159 -2.31796450068714 -6.888845359567817 2.834423109200742 -11.48271521737286 -1.800941411502066 3.766149004699969 2.731838726564348 -0.739185178181188 1.483801590748453 13.13825230396264 9.304358231362109 -3.094926343069881 8.467976894846984 -2.093245544779592


