# Created by Octave 4.2.1, Mon Oct 09 19:51:22 2017 BRT <root@mosqueiro>
# name: w2
# type: matrix
# rows: 1
# columns: 51
 -0.3237307532696302 0.1092580558254717 -0.05001498893628858 -0.3729431118743769 0.3875246227204432 -0.486479557551913 -0.00481289366149926 0.01055122480195297 -0.1815100436687039 0.04833970867502915 -0.0991120618464762 -0.08469339158195564 0.2052475023511842 0.1393593865246939 0.03621668747423337 -0.4044196861846655 -0.1790244657825392 -0.07255471386915889 -0.2310142768823198 -0.01644144240284321 -0.249606812506573 0.1303145906283341 -0.2095388022020714 0.1209443536775179 0.5501702208062994 0.3939746405367257 0.2296380425285851 0.000712651419488762 -0.004628956280072713 -0.3758882978877781 0.1328836759622496 0.1593976668347518 0.118851290469628 0.1003083814776293 0.3186924549042277 0.2174721909247852 0.07054124744760332 -0.04529990549552962 -0.0130917233506818 -0.1153480801888898 0.3538179266856518 -0.2054181571088005 -0.1448400360528931 0.1619326040815551 -0.3988966314625961 0.01098778466727693 -0.2604392645740267 0.2009131455375043 -0.1595960938981833 0.09342075817329198 0.3637640103007366


