# Created by Octave 4.0.0, Mon Oct 09 01:20:49 2017 BRT <wander@wander-S400CA>
# name: X
# type: matrix
# rows: 287
# columns: 11
 0.6226415094339622 0.2025316455696203 0.5600000000000001 0.1290322580645161 0.1194762684124386 0.04166666666666666 0.02768166089965398 0.00991680698223555 0.7855361596009975 0.365 0.7651006711409396
 0.5723270440251572 0.4050632911392405 0.23 0.2 0.1554828150572831 0.1805555555555556 0.1314878892733564 0.009961243013280994 0.8179551122194514 0.295 0.6510067114093959
 0.5471698113207547 0.4367088607594936 0 0.2064516129032258 0.1374795417348609 0.1805555555555556 0.1141868512110727 0.009955265071884744 0.8379052369077307 0.225 0.6308724832214765
 0.440251572327044 0.4715189873417721 0.12 0.1161290322580645 0.1865793780687398 0.2083333333333333 0.2214532871972318 0.009922187129492175 0.802992518703242 0.295 0.6375838926174496
 0.4779874213836477 0.3924050632911392 0.32 0.1419354838709677 0.1342062193126023 0.09722222222222222 0.1868512110726644 0.009929360659167672 0.8379052369077307 0.26 0.6308724832214765
 0.440251572327044 0.3670886075949367 0.28 0.3096774193548387 0.1391162029459902 0.1666666666666667 0.2387543252595156 0.00992667058553936 0.8279301745635911 0.35 0.7382550335570469
 0.339622641509434 0.4683544303797468 0.09 0.1096774193548387 0.1456628477905074 0.2222222222222222 0.08996539792387544 0.009903655511163807 0.915211970074813 0.28 0.7785234899328859
 0.389937106918239 0.3797468354430379 0.08 0.1290322580645161 0.1472995090016367 0.4444444444444444 0.1522491349480969 0.009912423158544969 0.8603491271820449 0.29 0.7046979865771812
 0.6289308176100629 0.2594936708860759 0.45 0.4 0.11620294599018 0.08333333333333333 0.04844290657439446 0.009933545218145046 0.800498753117207 0.245 0.7919463087248323
 0.5031446540880503 0.2721518987341772 0.36 0.1483870967741935 0.1227495908346972 0.1388888888888889 0.1660899653979239 0.009939323894828085 0.8329177057356608 0.23 0.6308724832214765
 0.5031446540880503 0.2405063291139241 0.44 0.1225806451612903 0.1603927986906711 0.08333333333333333 0.05190311418685121 0.009919397423507259 0.8229426433915212 0.32 0.7651006711409396
 0.4150943396226415 0.4462025316455696 0.07000000000000001 0.1032258064516129 0.1243862520458265 0.08333333333333333 0.05190311418685121 0.009925375364903505 0.8578553615960101 0.29 0.7181208053691275
 0.5094339622641509 0.8417721518987342 0 0.1161290322580645 0.1342062193126023 0.04166666666666666 0.04152249134948097 0.009927368012035588 0.8827930174563592 0.24 0.7315436241610739
 0.559748427672956 0.3734177215189873 0.39 0.1483870967741935 0.1554828150572831 0.06944444444444445 0.07612456747404844 0.009949287130488498 0.8403990024937656 0.29 0.6912751677852349
 0.559748427672956 0.2531645569620253 0.51 0.167741935483871 0.0851063829787234 0.1805555555555556 0.09342560553633218 0.009913419482111011 0.8279301745635911 0.45 0.8993288590604027
 0.4528301886792453 0.1582278481012658 0.37 0.1612903225806452 0.1031096563011457 0.1527777777777778 0.1418685121107267 0.009907341908358158 0.8778054862842893 0.4 0.8322147651006712
 0.559748427672956 0.2531645569620253 0.32 0.3612903225806451 0.1423895253682488 0.1388888888888889 0.1626297577854671 0.009954268748318704 0.8428927680798005 0.385 0.7046979865771812
 0.4968553459119497 0.3797468354430379 0.06 0.1032258064516129 0.1129296235679215 0.2083333333333333 0.2041522491349481 0.009927368012035588 0.8229426433915212 0.23 0.6308724832214765
 0.5283018867924528 0.3544303797468354 0.08 0.1354838709677419 0.1718494271685761 0.2222222222222222 0.1522491349480969 0.00992139007063934 0.7805486284289277 0.26 0.7382550335570469
 0.5157232704402516 0.4430379746835443 0.23 0.1290322580645161 0.1620294599018003 0.1944444444444444 0.2802768166089966 0.00993633492412996 0.7955112219451372 0.35 0.6308724832214765
 0.5849056603773585 0.2278481012658228 0.39 0.09677419354838709 0.1309328968903437 0.5694444444444444 0.1903114186851211 0.009928563600314837 0.8653366583541148 0.365 0.7315436241610739
 0.5345911949685535 0.2911392405063291 0.59 0.09032258064516129 0.6775777414075286 0.2222222222222222 0.1557093425605536 0.009933545218145046 0.7556109725685786 0.67 0.6174496644295301
 0.679245283018868 0.1835443037974683 0.42 0.1032258064516129 0.1374795417348609 0.2638888888888889 0.09342560553633218 0.009917902938158196 0.8179551122194514 0.365 0.7986577181208053
 0.6729559748427673 0.2215189873417721 0.53 0.167741935483871 0.1145662847790507 0.06944444444444445 0.05536332179930796 0.009935338600563918 0.7855361596009975 0.325 0.7382550335570469
 0.559748427672956 0.1835443037974683 0.35 0.1225806451612903 0.1096563011456629 0.3472222222222222 0.1972318339100346 0.009933345953431837 0.7930174563591024 0.68 0.6912751677852349
 0.679245283018868 0.2974683544303797 0.43 0.1354838709677419 0.2798690671031097 0.375 0.2283737024221453 0.009945301836224331 0.7905236907730674 0.38 0.7248322147651007
 0.3962264150943396 0.2974683544303797 0 0.09032258064516129 0.09001636661211129 0.375 0.1141868512110727 0.009885522422261853 0.8603491271820449 0.24 0.825503355704698
 0.4905660377358491 0.3164556962025316 0.3 0.1225806451612903 0.1227495908346972 0.1111111111111111 0.07612456747404844 0.009922386394205382 0.8254364089775562 0.28 0.697986577181208
 0.4276729559748427 0.3544303797468354 0.22 0.1161290322580645 0.1211129296235679 0.2083333333333333 0.08304498269896193 0.009907242276001555 0.8478802992518704 0.41 0.7516778523489932
 0.440251572327044 0.3797468354430379 0.3 0.2903225806451613 0.1112929623567922 0.2777777777777778 0.3806228373702422 0.009954667277745121 0.8229426433915212 0.585 0.6845637583892616
 0.6729559748427673 0.569620253164557 0.34 0.4258064516129032 0.1833060556464812 0.3194444444444444 0.342560553633218 0.999202941147167 0.802992518703242 0.34 0.6241610738255033
 0.4591194968553459 0.2784810126582278 0.2 0.1032258064516129 0.08019639934533553 0.3333333333333333 0.2214532871972318 0.009898474628620391 0.8428927680798005 0.285 0.785234899328859
 0.4528301886792453 0.2468354430379747 0.32 0.1161290322580645 0.1063829787234043 0.4722222222222222 0.2076124567474048 0.009934740806424295 0.8628428927680798 0.39 0.6644295302013423
 0.8050314465408805 0.189873417721519 0.74 0.167741935483871 0.1554828150572831 0.125 0.09688581314878893 0.009957257719016828 0.7980049875311721 0.385 0.7248322147651007
 0.5031446540880503 0.2088607594936709 0.53 0.1612903225806452 0.148936170212766 0.25 0.2768166089965398 0.009939323894828085 0.8403990024937656 0.4 0.6442953020134228
 0.4276729559748427 0.2278481012658228 0.32 0.1161290322580645 0.1096563011456629 0.05555555555555555 0.02768166089965398 0.009891500363658101 0.8379052369077307 0.275 0.8590604026845637
 0.4905660377358491 0.4082278481012658 0 0.3548387096774194 0.1407528641571195 0.06944444444444445 0.06228373702422145 0.009949287130488498 0.8478802992518704 0.275 0.6442953020134228
 0.6415094339622641 0.3417721518987342 0.37 0.9935483870967742 0.3502454991816694 0.7638888888888888 0.328719723183391 1 0.7930174563591024 0.385 0.6040268456375839
 0.7987421383647798 0.3734177215189873 0.45 0.1483870967741935 0.1342062193126023 0.1527777777777778 0.07612456747404844 0.009963235660413076 0.7481296758104738 0.35 0.6241610738255033
 0.6289308176100629 0.1835443037974683 0.4 0.1870967741935484 0.1603927986906711 0.1388888888888889 0.08996539792387544 0.09969213601809324 0.8678304239401496 0.455 0.6510067114093959
 0.4339622641509434 0.3417721518987342 0.04 0.1935483870967742 0.1260229132569558 0.09722222222222222 0.09342560553633218 0.009950283454054539 0.9201995012468829 0.455 0.6308724832214765
 0.4779874213836477 0.2721518987341772 0.29 0.1354838709677419 0.1227495908346972 0.2638888888888889 0.2283737024221453 0.009935139335850711 0.8478802992518704 0.32 0.6375838926174496
 0.4213836477987422 0.2025316455696203 0.44 0.1548387096774194 0.09983633387888707 0.3333333333333333 0.1176470588235294 0.009911825364405344 0.8204488778054864 0.4 0.7785234899328859
