# Created by Octave 4.0.0, Mon Oct 09 01:20:49 2017 BRT <wander@wander-S400CA>
# name: X
# type: matrix
# rows: 287
# columns: 11
 0.5220125786163522 0.2721518987341772 0.3 0.2193548387096774 0.1292962356792144 0.09722222222222222 0.1176470588235294 0.009942113600813001 0.8379052369077307 0.305 0.7046979865771812
 0.4591194968553459 0.370253164556962 0.18 0.1548387096774194 0.1276595744680851 0.2083333333333333 0.2076124567474048 0.009927168747322381 0.8254364089775562 0.27 0.6577181208053692
 0.5345911949685535 0.310126582278481 0.11 0.1483870967741935 0.1374795417348609 0.125 0.2318339100346021 0.009931353306299753 0.7905236907730674 0.265 0.6308724832214765
 0.5974842767295597 0.3544303797468354 0.33 0.1548387096774194 0.1456628477905074 0.4861111111111111 0.2318339100346021 0.009935338600563918 0.8179551122194514 0.365 0.7919463087248323
 0.5157232704402516 0.2215189873417721 0.33 0.1548387096774194 0.1243862520458265 0.1527777777777778 0.1626297577854671 0.009923283085414819 0.8154613466334165 0.405 0.7382550335570469
 0.5345911949685535 0.2974683544303797 0.27 0.1225806451612903 0.09492635024549918 0.25 0.1314878892733564 0.009915212864529885 0.7880299251870325 0.425 0.7449664429530201
 0.3522012578616352 0.1962025316455696 0.37 0.09032258064516129 0.1211129296235679 0.1666666666666667 0.3321799307958477 0.009917404776375175 0.8279301745635911 0.29 0.6174496644295301
 0.4654088050314465 0.4050632911392405 0.07000000000000001 0.1161290322580645 0.1636661211129296 0.1111111111111111 0.07958477508650519 0.009924379041337465 0.8229426433915212 0.29 0.6442953020134228
 0.610062893081761 0.2025316455696203 0.54 0.1612903225806452 0.1538461538461539 0.3888888888888889 0.28719723183391 0.009947294483356415 0.8179551122194514 0.41 0.6442953020134228
 0.4905660377358491 0.2911392405063291 0.26 0.1225806451612903 0.1440261865793781 0.3194444444444444 0.1833910034602076 0.009944305512658291 0.8553615960099752 0.37 0.6174496644295301
 0.5660377358490566 0.3354430379746836 0.49 0.1225806451612903 0.2798690671031097 0.08333333333333333 0.08650519031141868 0.009938327571262043 0.8154613466334165 0.305 0.6308724832214765
 0.5283018867924528 0.4018987341772152 0.36 0.1290322580645161 0.1456628477905074 0.2083333333333333 0.1903114186851211 0.009937829409479022 0.8254364089775562 0.285 0.697986577181208
 0.440251572327044 0.2658227848101266 0.19 0.1483870967741935 0.11620294599018 0.25 0.1245674740484429 0.009911028305552511 0.8453865336658355 0.28 0.7315436241610739
 0.8805031446540881 0.2594936708860759 0.63 0.2451612903225806 0.1456628477905074 0.08333333333333333 0.1626297577854671 0.09977184190337654 0.7506234413965087 0.405 0.7248322147651007
 0.4654088050314465 0.3797468354430379 0.26 0.1354838709677419 0.1358428805237316 0.2361111111111111 0.314878892733564 0.009924976835477091 0.8204488778054864 0.28 0.6577181208053692
 0.6540880503144654 0.1518987341772152 0.46 0.1161290322580645 0.1227495908346972 0.08333333333333333 0.0726643598615917 0.009939323894828085 0.8104738154613467 0.51 0.7248322147651007
 0.5094339622641509 0.550632911392405 0 0.2129032258064516 0.1571194762684124 0.3611111111111111 0.2110726643598616 0.996572646932818 0.8977556109725686 0.36 0.6577181208053692
 0.5031446540880503 0.3164556962025316 0.39 0.167741935483871 0.1342062193126023 0.1666666666666667 0.1591695501730104 0.009948290806922456 0.8553615960099752 0.31 0.7181208053691275
 0.7987421383647798 0.3797468354430379 0.49 0.1806451612903226 0.1227495908346972 0.06944444444444445 0.06574394463667819 0.009957257719016828 0.7830423940149627 0.285 0.7651006711409396
 0.5786163522012578 0.3417721518987342 0.31 0.1483870967741935 0.1833060556464812 0.1527777777777778 0.1314878892733564 0.009933246321075232 0.8079800498753118 0.28 0.7315436241610739
 0.7232704402515723 0.2848101265822785 0.5 0.1935483870967742 0.1276595744680851 0.2638888888888889 0.1626297577854671 0.09966224631111199 0.8129675810473815 0.555 0.7382550335570469
 0.4905660377358491 0.3734177215189873 0.18 0.1483870967741935 0.1243862520458265 0.2361111111111111 0.1868512110726644 0.009938327571262043 0.8553615960099752 0.295 0.6711409395973155
 0.5157232704402516 0.4050632911392405 0.27 0.1290322580645161 0.1554828150572831 0.06944444444444445 0.2664359861591695 0.00993802867419223 0.7805486284289277 0.31 0.6107382550335571
 0.4276729559748427 0.3607594936708861 0 0.1612903225806452 0.1178396072013093 0.4444444444444444 0.2214532871972318 0.009912522790901573 0.8553615960099752 0.28 0.7516778523489932
 0.6226415094339622 0.2215189873417721 0.41 0.1483870967741935 0.1358428805237316 0.1527777777777778 0.2110726643598616 0.009945301836224331 0.800498753117207 0.25 0.6375838926174496
 0.5283018867924528 0.1582278481012658 0.39 0.1290322580645161 0.06710310965630115 0.05555555555555555 0.03460207612456748 0.00990206139345814 0.8154613466334165 0.355 0.8389261744966443
 0.5534591194968553 0.3860759493670886 0.14 0.1548387096774194 0.1096563011456629 0.1388888888888889 0.1453287197231834 0.009932349629865795 0.7955112219451372 0.295 0.6375838926174496
 0.4465408805031446 0.1012658227848101 0.44 0.1612903225806452 0.1112929623567922 0.2361111111111111 0.1072664359861592 0.0098962827167751 0.8354114713216958 0.27 0.8322147651006712
 0.6037735849056604 0.2025316455696203 0.47 0.09032258064516129 0.0916530278232406 0.125 0.08304498269896193 0.009932847791648816 0.802992518703242 0.41 0.6912751677852349
 0.8301886792452829 0.2911392405063291 0.52 0.1419354838709677 0.11620294599018 0.1666666666666667 0.1211072664359862 0.09969213601809324 0.773067331670823 0.28 0.6040268456375839
 0.7547169811320754 0.3987341772151898 0.5 0.09032258064516129 0.11620294599018 0.08333333333333333 0.08996539792387544 0.009942412497882813 0.7655860349127183 0.3 0.697986577181208
 0.6289308176100629 0.3544303797468354 0.24 0.1419354838709677 0.1292962356792144 0.2638888888888889 0.2006920415224913 0.009954268748318704 0.7930174563591024 0.28 0.6778523489932885
 0.6729559748427673 0.2215189873417721 0.53 0.167741935483871 0.1145662847790507 0.06944444444444445 0.05536332179930796 0.009935338600563918 0.7855361596009975 0.325 0.7382550335570469
 0.7484276729559749 0.2468354430379747 0.6899999999999999 0.1806451612903226 0.1554828150572831 0.2361111111111111 0.1211072664359862 0.009957257719016828 0.773067331670823 0.305 0.7248322147651007
 0.6163522012578617 0.3164556962025316 0.49 0.167741935483871 0.409165302782324 0.06944444444444445 0.06920415224913495 0.009953272424752663 0.8254364089775562 0.395 0.7181208053691275
 0.3773584905660377 0.4050632911392405 0.05 0.1225806451612903 0.1080196399345336 0.125 0.05882352941176471 0.009913020952684594 0.8778054862842893 0.39 0.7114093959731543
 0.4025157232704403 0.4050632911392405 0.21 0.1161290322580645 0.132569558101473 0.1944444444444444 0.1072664359861592 0.009932249997509192 0.8952618453865336 0.33 0.6577181208053692
 0.5283018867924528 0.2278481012658228 0.32 0.1419354838709677 0.132569558101473 0.4444444444444444 0.2733564013840831 0.009927368012035588 0.8229426433915212 0.36 0.7382550335570469
 0.6037735849056604 0.5569620253164557 0.28 0.1548387096774194 0.1407528641571195 0.4166666666666667 0.5086505190311419 0.009942312865526208 0.8079800498753118 0.265 0.6308724832214765
 0.440251572327044 0.3734177215189873 0 0.1096774193548387 0.0851063829787234 0.04166666666666666 0.02768166089965398 0.009923382717771424 0.8503740648379053 0.235 0.6912751677852349
 0.4716981132075472 0.3797468354430379 0.03 0.1161290322580645 0.1554828150572831 0.3472222222222222 0.342560553633218 0.009913419482111011 0.8354114713216958 0.27 0.6778523489932885
 0.5534591194968553 0.3860759493670886 0.14 0.1548387096774194 0.1096563011456629 0.1388888888888889 0.1453287197231834 0.009932349629865795 0.7955112219451372 0.295 0.6375838926174496
 0.9433962264150944 0.1329113924050633 0.44 0.1419354838709677 0.1227495908346972 0.1388888888888889 0.08304498269896193 0.9963733822196096 0.7655860349127183 0.42 0.6174496644295301
