# Created by Octave 4.0.0, Mon Oct 09 01:20:49 2017 BRT <wander@wander-S400CA>
# name: X
# type: matrix
# rows: 287
# columns: 11
 0.6666666666666666 0.2278481012658228 0.57 0.1483870967741935 0.1423895253682488 0.08333333333333333 0.06920415224913495 0.009930954776873337 0.7830423940149627 0.36 0.7449664429530201
 0.4968553459119497 0.6582278481012658 0.05 0.1419354838709677 0.1374795417348609 0.1805555555555556 0.1003460207612457 0.009922386394205382 0.802992518703242 0.275 0.6644295302013423
 0.389937106918239 0.3670886075949367 0 0.1032258064516129 0.1063829787234043 0.1111111111111111 0.06228373702422145 0.009929360659167672 0.887780548628429 0.42 0.6308724832214765
 0.4905660377358491 0.3481012658227848 0.35 0.1419354838709677 0.1211129296235679 0.2916666666666667 0.2283737024221453 0.009937331247696001 0.8104738154613467 0.28 0.6174496644295301
 0.4025157232704403 0.3544303797468354 0.15 0.1161290322580645 0.1276595744680851 0.2361111111111111 0.2249134948096886 0.009892895216650559 0.8304239401496259 0.3 0.7046979865771812
 0.4528301886792453 0.3354430379746836 0.13 0.1290322580645161 0.09492635024549918 0.25 0.07612456747404844 0.009920692644143112 0.800498753117207 0.34 0.6644295302013423
 0.4654088050314465 0.4177215189873418 0 0.1161290322580645 0.1227495908346972 0.1805555555555556 0.1384083044982699 0.009941316541960166 0.8753117206982544 0.28 0.6308724832214765
 0.559748427672956 0.3924050632911392 0.19 0.2516129032258064 0.2782324058919804 0.7083333333333334 0.5121107266435986 0.009949287130488498 0.7905236907730674 0.465 0.6174496644295301
 0.4591194968553459 0.4177215189873418 0 0.1290322580645161 0.1374795417348609 0.08333333333333333 0.07958477508650519 0.009946298159790373 0.9002493765586035 0.48 0.6644295302013423
 0.5157232704402516 0.1518987341772152 0.34 0.3290322580645161 0.1014729950900164 0.1111111111111111 0.07612456747404844 0.009937331247696001 0.802992518703242 0.47 0.7315436241610739
 0.5723270440251572 0.1582278481012658 0.34 0.1290322580645161 0.11620294599018 0.625 0.2318339100346021 0.009940220586037522 0.8578553615960101 0.43 0.6845637583892616
 0.5974842767295597 0.3481012658227848 0.66 0.1483870967741935 0.6333878887070377 0.1666666666666667 0.1280276816608996 0.009945301836224331 0.7905236907730674 0.335 0.6442953020134228
 0.4591194968553459 0.2531645569620253 0.3 0.1096774193548387 0.1309328968903437 0.4583333333333333 0.2733564013840831 0.009932349629865795 0.8503740648379053 0.325 0.6375838926174496
 0.4276729559748427 0.4303797468354431 0.21 0.1354838709677419 0.1145662847790507 0.125 0.07958477508650519 0.009918002570514801 0.8428927680798005 0.3 0.6912751677852349
 0.6477987421383649 0.3164556962025316 0.42 0.1290322580645161 0.1129296235679215 0.2916666666666667 0.1764705882352941 0.009945301836224331 0.7880299251870325 0.36 0.7718120805369127
 0.559748427672956 0.4018987341772152 0.37 0.1096774193548387 0.4304418985270049 0.06944444444444445 0.2145328719723184 0.009934342276997878 0.7481296758104738 0.545 0.6241610738255033
 0.4150943396226415 0.3987341772151898 0 0.2774193548387097 0.1522094926350246 0.7083333333333334 0.2681660899653979 0.00991919815879405 0.7980049875311721 0.225 0.6375838926174496
 0.5471698113207547 0.4841772151898734 0.22 0.1483870967741935 0.104746317512275 0.125 0.1453287197231834 0.009926371688469547 0.773067331670823 0.275 0.6308724832214765
 0.4528301886792453 0.3987341772151898 0 0.1225806451612903 0.1587561374795417 0.1944444444444444 0.1314878892733564 0.009930855144516734 0.8403990024937656 0.29 0.6040268456375839
 0.4779874213836477 0.2594936708860759 0.33 0.1612903225806452 0.1276595744680851 0.08333333333333333 0.07958477508650519 0.0099203937470733 0.8229426433915212 0.29 0.7516778523489932
 0.4465408805031446 0.3924050632911392 0.06 0.08387096774193549 0.1145662847790507 0.06944444444444445 0.04152249134948097 0.009905448893582679 0.7905236907730674 0.24 0.6577181208053692
 0.5911949685534591 0.25 0.46 0.2967741935483871 0.1538461538461539 0.04166666666666666 0.03460207612456748 0.009927268379678984 0.8154613466334165 0.32 0.8187919463087248
 0.5220125786163522 0.1772151898734177 0.48 0.1354838709677419 0.1522094926350246 0.08333333333333333 0.04152249134948097 0.00990425330530343 0.8129675810473815 0.31 0.8322147651006712
 0.5157232704402516 0.3797468354430379 0.17 0.1483870967741935 0.1178396072013093 0.1527777777777778 0.2525951557093425 0.009926371688469547 0.7980049875311721 0.225 0.6241610738255033
 0.6226415094339622 0.2531645569620253 0.53 0.432258064516129 0.1587561374795417 0.08333333333333333 0.06574394463667819 0.009949287130488498 0.8154613466334165 0.41 0.785234899328859
 0.4213836477987422 0.4810126582278481 0.02 0.1161290322580645 0.1276595744680851 0.08333333333333333 0.04152249134948097 0.009923382717771424 0.8852867830423941 0.315 0.6677852348993288
 0.4528301886792453 0.2405063291139241 0.3 0.1161290322580645 0.1194762684124386 0.4305555555555556 0.2422145328719723 0.009931851468082774 0.8528678304239402 0.295 0.6375838926174496
 0.4213836477987422 0.4050632911392405 0.23 0.1354838709677419 0.1309328968903437 0.1527777777777778 0.4117647058823529 0.009917205511661968 0.8379052369077307 0.35 0.7315436241610739
 0.4968553459119497 0.560126582278481 0.03 0.1161290322580645 0.09492635024549918 0.05555555555555555 0.02768166089965398 0.009935338600563918 0.8379052369077307 0.165 0.6107382550335571
 0.4339622641509434 0.3607594936708861 0 0.1806451612903226 0.132569558101473 0.2916666666666667 0.1418685121107267 0.009915212864529885 0.8503740648379053 0.26 0.7248322147651007
 0.5723270440251572 0.189873417721519 0.34 0.1290322580645161 0.104746317512275 0.1666666666666667 0.08650519031141868 0.009915013599816678 0.8129675810473815 0.42 0.785234899328859
 0.4905660377358491 0.3354430379746836 0.01 0.1032258064516129 0.1260229132569558 0.04166666666666666 0.06574394463667819 0.009913419482111011 0.7880299251870325 0.23 0.6577181208053692
 0.7295597484276729 0.2974683544303797 0.44 0.1032258064516129 0.2405891980360065 0.5 0.1764705882352941 0.009946895953929998 0.8428927680798005 0.43 0.6644295302013423
 0.7987421383647798 0.3797468354430379 0.65 0.1483870967741935 0.1031096563011457 0.08333333333333333 0.08650519031141868 0.009960246689714953 0.7556109725685786 0.285 0.6644295302013423
 0.4905660377358491 0.5759493670886076 0.07000000000000001 0.1225806451612903 0.09492635024549918 0.3055555555555556 0.1626297577854671 0.009915910291026113 0.8753117206982544 0.215 0.7181208053691275
 0.5786163522012578 0.3291139240506329 1 0.2193548387096774 0.9983633387888707 0.4444444444444444 0.2387543252595156 0.009959250366148911 0.6832917705735662 1 0.6308724832214765
 0.4465408805031446 0.3860759493670886 0.02 0.1612903225806452 0.132569558101473 0.2361111111111111 0.301038062283737 0.009937829409479022 0.8678304239401496 0.3 0.6510067114093959
 0.5408805031446541 0.2974683544303797 0.47 0.1548387096774194 0.1211129296235679 0.09722222222222222 0.1003460207612457 0.009942312865526208 0.7680798004987531 0.23 0.6375838926174496
 0.6477987421383649 0.2784810126582278 0.5 0.2903225806451613 0.1751227495908347 0.06944444444444445 0.04498269896193772 0.00994330918909225 0.8179551122194514 0.415 0.7718120805369127
 0.3270440251572327 0.2151898734177215 0 0.1161290322580645 0.08183306055646482 0.375 0.2179930795847751 0.009879544480865607 0.917705735660848 0.395 0.9395973154362416
 0.5974842767295597 0.2341772151898734 0.52 0.1290322580645161 0.1342062193126023 0.08333333333333333 0.08996539792387544 0.00994330918909225 0.7930174563591024 0.255 0.6375838926174496
 0.4339622641509434 0.3987341772151898 0.01 0.1548387096774194 0.1243862520458265 0.1944444444444444 0.1349480968858132 0.009915611393956301 0.8329177057356608 0.265 0.7248322147651007
 0.440251572327044 0.1455696202531646 0.4 0.1032258064516129 0.1031096563011457 0.2916666666666667 0.2318339100346021 0.009915412129243092 0.8728179551122195 0.315 0.7449664429530201
