# Created by Octave 4.0.0, Mon Oct 09 01:20:49 2017 BRT <wander@wander-S400CA>
# name: X
# type: matrix
# rows: 286
# columns: 11
 0.4339622641509434 0.3037974683544303 0.2 0.1225806451612903 0.1342062193126023 0.125 0.07958477508650519 0.009921888232422361 0.8453865336658355 0.215 0.6073825503355705
 0.4276729559748427 0.5158227848101266 0 0.07741935483870968 0.4369885433715222 0.2222222222222222 0.1003460207612457 0.00991053014376949 0.8279301745635911 0.255 0.6577181208053692
 0.5220125786163522 0.3417721518987342 0.28 0.1225806451612903 0.1260229132569558 0.1527777777777778 0.1384083044982699 0.009941316541960166 0.8453865336658355 0.305 0.6711409395973155
 0.4528301886792453 0.2468354430379747 0.44 0.167741935483871 0.1080196399345336 0.3055555555555556 0.1660899653979239 0.009912821687971387 0.8229426433915212 0.42 0.7718120805369127
 0.5031446540880503 0.2658227848101266 0.17 0.1290322580645161 0.1194762684124386 0.08333333333333333 0.06228373702422145 0.009935338600563918 0.8204488778054864 0.305 0.6174496644295301
 0.4528301886792453 0.4082278481012658 0 0.1225806451612903 0.1587561374795417 0.2083333333333333 0.1349480968858132 0.009930855144516734 0.8403990024937656 0.29 0.6174496644295301
 0.7484276729559749 0.4398734177215189 0.53 0.2193548387096774 0.2094926350245499 0.09722222222222222 0.0726643598615917 0.009955265071884744 0.7905236907730674 0.42 0.8187919463087248
 0.5283018867924528 0.3734177215189873 0.29 0.167741935483871 0.1783960720130933 0.4305555555555556 0.4117647058823529 0.009943408821448852 0.7855361596009975 0.25 0.6107382550335571
 0.4276729559748427 0.2594936708860759 0.31 0.567741935483871 0.1374795417348609 0.3611111111111111 0.1557093425605536 0.009945700365650749 0.8428927680798005 0.32 0.6778523489932885
 0.4779874213836477 0.3481012658227848 0.21 0.1419354838709677 0.11620294599018 0.09722222222222222 0.09688581314878893 0.009927368012035588 0.8179551122194514 0.275 0.6510067114093959
 0.4088050314465408 0.2468354430379747 0.23 0.535483870967742 0.08346972176759411 0.3888888888888889 0.314878892733564 0.009915412129243092 0.8578553615960101 0.275 0.8120805369127516
 0.4465408805031446 0.2721518987341772 0.42 0.3548387096774194 0.11620294599018 0.3888888888888889 0.4429065743944637 0.00993633492412996 0.8528678304239402 0.355 0.7046979865771812
 0.6855345911949685 0.2025316455696203 0.52 0.1161290322580645 0.2160392798690671 0.2361111111111111 0.1522491349480969 0.009936733453556378 0.8179551122194514 0.385 0.7718120805369127
 0.3773584905660377 0.3670886075949367 0.2 0.1548387096774194 0.1227495908346972 0.2083333333333333 0.1730103806228374 0.009910131614343074 0.8927680798004988 0.335 0.8389261744966443
 0.5849056603773585 0.2278481012658228 0.39 0.09677419354838709 0.1309328968903437 0.5694444444444444 0.1903114186851211 0.009928563600314837 0.8653366583541148 0.365 0.7315436241610739
 0.5786163522012578 0.3670886075949367 0.2 0.1935483870967742 0.132569558101473 0.2083333333333333 0.3979238754325259 0.00994330918909225 0.8054862842892768 0.295 0.6375838926174496
 0.4213836477987422 0.4746835443037974 0.01 0.1548387096774194 0.1276595744680851 0.2361111111111111 0.1107266435986159 0.009918401099941217 0.8852867830423941 0.305 0.8590604026845637
 0.5723270440251572 0.3164556962025316 0.3 0.1225806451612903 0.1063829787234043 0.1111111111111111 0.05882352941176471 0.009940718747820541 0.8279301745635911 0.355 0.7046979865771812
 0.6540880503144654 0.1772151898734177 0.54 0.1741935483870968 0.1718494271685761 0.06944444444444445 0.06574394463667819 0.009951279777620581 0.8104738154613467 0.315 0.6375838926174496
 0.6352201257861635 0.1772151898734177 0.46 0.1161290322580645 0.08183306055646482 0.06944444444444445 0.04498269896193772 0.009937331247696001 0.7581047381546135 0.395 0.6845637583892616
 0.7232704402515723 0.3417721518987342 0.71 0.2838709677419355 0.2029459901800327 0.08333333333333333 0.05190311418685121 0.009947294483356415 0.7506234413965087 0.415 0.7919463087248323
 0.6226415094339622 0.3417721518987342 0.45 0.1483870967741935 0.11620294599018 0.2222222222222222 0.1384083044982699 0.009954268748318704 0.8453865336658355 0.31 0.6308724832214765
 0.4591194968553459 0.3734177215189873 0.26 0.4645161290322581 0.1145662847790507 0.4861111111111111 0.4186851211072664 0.009944305512658291 0.8403990024937656 0.245 0.6308724832214765
 0.389937106918239 0.3544303797468354 0.09 0.1096774193548387 0.08674304418985269 0.3333333333333333 0.1107266435986159 0.009903655511163807 0.8827930174563592 0.3 0.7583892617449665
 0.4465408805031446 0.3544303797468354 0.14 0.1032258064516129 0.1276595744680851 0.09722222222222222 0.06228373702422145 0.009922585658918591 0.8154613466334165 0.31 0.6241610738255033
 0.4842767295597484 0.3797468354430379 0.06 0.1290322580645161 0.1292962356792144 0.2638888888888889 0.1418685121107267 0.009933047056362025 0.8453865336658355 0.31 0.6778523489932885
 0.4654088050314465 0.4430379746835443 0 0.1225806451612903 0.1243862520458265 0.1527777777777778 0.1176470588235294 0.009941316541960166 0.8753117206982544 0.28 0.6308724832214765
 0.7358490566037735 0.2848101265822785 0.63 0.1419354838709677 0.1194762684124386 0.09722222222222222 0.07958477508650519 0.009960645219141369 0.800498753117207 0.345 0.7315436241610739
 0.440251572327044 0.3924050632911392 0.1 0.09032258064516129 0.11620294599018 0.375 0.2179930795847751 0.009923382717771424 0.8179551122194514 0.305 0.6174496644295301
 0.6540880503144654 0.2784810126582278 0.73 0.4225806451612903 0.1211129296235679 0.5277777777777778 0.2629757785467128 0.009953272424752663 0.7905236907730674 0.425 0.8053691275167785
 0.559748427672956 0.2531645569620253 0.32 0.3612903225806451 0.1423895253682488 0.1388888888888889 0.1626297577854671 0.009954268748318704 0.8428927680798005 0.385 0.7046979865771812
 0.3270440251572327 0.2151898734177215 0 0.1161290322580645 0.08183306055646482 0.375 0.2179930795847751 0.009879544480865607 0.917705735660848 0.395 0.9395973154362416
 0.4088050314465408 0.569620253164557 0 0.1032258064516129 0.0851063829787234 0.125 0.05882352941176471 0.009910131614343074 0.8728179551122195 0.315 0.7315436241610739
 0.6415094339622641 0.2278481012658228 0.64 0.1870967741935484 0.1996726677577741 0.1388888888888889 0.1418685121107267 0.00994330918909225 0.8054862842892768 0.33 0.8389261744966443
 0.5911949685534591 0.4335443037974684 0.26 0.1548387096774194 0.1342062193126023 0.3194444444444444 0.4948096885813149 0.009941316541960166 0.8179551122194514 0.275 0.6308724832214765
 0.4150943396226415 0.4651898734177215 0.02 0.5096774193548387 0.1996726677577741 0.9444444444444444 0.4290657439446367 0.009957257719016828 0.8653366583541148 0.265 0.6644295302013423
 0.4968553459119497 0.1139240506329114 0.4 0.1419354838709677 0.08019639934533553 0.5277777777777778 0.2318339100346021 0.009923382717771424 0.8304239401496259 0.465 0.7583892617449665
 0.5031446540880503 0.4462025316455696 0.05 0.1225806451612903 0.1211129296235679 0.1111111111111111 0.06574394463667819 0.009925375364903505 0.8329177057356608 0.475 0.7046979865771812
 0.6226415094339622 0.2215189873417721 0.38 0.09677419354838709 0.09492635024549918 0.4305555555555556 0.1626297577854671 0.009930954776873337 0.8129675810473815 0.41 0.7114093959731543
 0.4276729559748427 0.3734177215189873 0.1 0.1096774193548387 0.1031096563011457 0.4722222222222222 0.1833910034602076 0.00992139007063934 0.8503740648379053 0.335 0.6510067114093959
 0.4905660377358491 0.3544303797468354 0.19 0.1161290322580645 0.1702127659574468 0.1666666666666667 0.1626297577854671 0.009927368012035588 0.7955112219451372 0.465 0.6375838926174496
 0.5660377358490566 0.2848101265822785 0.49 0.167741935483871 0.1374795417348609 0.2916666666666667 0.259515570934256 0.009950283454054539 0.8354114713216958 0.285 0.6510067114093959
