# Created by Octave 4.0.0, Mon Oct 09 01:20:49 2017 BRT <wander@wander-S400CA>
# name: X
# type: matrix
# rows: 287
# columns: 11
 0.4591194968553459 0.2848101265822785 0.36 0.3806451612903226 0.1211129296235679 0.1666666666666667 0.301038062283737 0.009941316541960166 0.8304239401496259 0.415 0.7046979865771812
 0.4339622641509434 0.2594936708860759 0.31 0.1290322580645161 0.1292962356792144 0.2916666666666667 0.1764705882352941 0.009930157718020504 0.8653366583541148 0.275 0.6375838926174496
 0.6352201257861635 0.2848101265822785 0.23 0.1225806451612903 0.1342062193126023 0.1388888888888889 0.06228373702422145 0.009940718747820541 0.802992518703242 0.325 0.6241610738255033
 0.4716981132075472 0.2721518987341772 0.3 0.1419354838709677 0.1014729950900164 0.08333333333333333 0.04152249134948097 0.00991292132032799 0.8578553615960101 0.36 0.7718120805369127
 0.4276729559748427 0.5791139240506329 0.29 0.3096774193548387 0.1145662847790507 0.2083333333333333 0.1349480968858132 0.009921091173569528 0.8802992518703242 0.27 0.7449664429530201
 0.5220125786163522 0.4113924050632911 0.1 0.1870967741935484 0.1456628477905074 0.2361111111111111 0.1384083044982699 0.009943608086162061 0.8204488778054864 0.275 0.6375838926174496
 0.559748427672956 0.1962025316455696 0.57 0.1290322580645161 0.1816693944353519 0.3611111111111111 0.2941176470588235 0.009934342276997878 0.8129675810473815 0.265 0.6510067114093959
 0.4528301886792453 0.2151898734177215 0.21 0.1612903225806452 0.1227495908346972 0.5694444444444444 0.2352941176470588 0.009921987864778966 0.8403990024937656 0.27 0.6778523489932885
 0.5345911949685535 0.1772151898734177 0.35 0.1096774193548387 0.09983633387888707 0.08333333333333333 0.05190311418685121 0.00991581065866951 0.8229426433915212 0.37 0.7919463087248323
 0.4276729559748427 0.4050632911392405 0 0.1741935483870968 0.2013093289689034 0.2083333333333333 0.1141868512110727 0.009917205511661968 0.8578553615960101 0.315 0.7583892617449665
 0.4025157232704403 0.3607594936708861 0.02 0.1161290322580645 0.1096563011456629 0.05555555555555555 0.03806228373702422 0.009933345953431837 0.8628428927680798 0.34 0.6375838926174496
 0.6037735849056604 0.3544303797468354 0.31 0.1806451612903226 0.1456628477905074 0.2083333333333333 0.1591695501730104 0.009942312865526208 0.7755610972568578 0.46 0.6711409395973155
 0.6540880503144654 0.2721518987341772 0.5 0.1483870967741935 0.1112929623567922 0.1805555555555556 0.06574394463667819 0.009923382717771424 0.773067331670823 0.435 0.7651006711409396
 0.5534591194968553 0.2594936708860759 0.64 0.1419354838709677 0.1522094926350246 0.125 0.1453287197231834 0.009949287130488498 0.8827930174563592 0.33 0.7046979865771812
 0.8176100628930817 0.2025316455696203 0.65 0.167741935483871 0.1522094926350246 0.2083333333333333 0.1626297577854671 0.009959250366148911 0.7605985037406484 0.305 0.7114093959731543
 0.4465408805031446 0.1392405063291139 0.49 0.1161290322580645 0.06382978723404255 0.1111111111111111 0.06228373702422145 0.009897876834480766 0.8453865336658355 0.28 0.8322147651006712
 0.5220125786163522 0.3544303797468354 0.22 0.1548387096774194 0.1342062193126023 0.1388888888888889 0.2975778546712803 0.009946298159790373 0.8403990024937656 0.31 0.6375838926174496
 0.6037735849056604 0.2088607594936709 0.52 0.1419354838709677 0.1211129296235679 0.1805555555555556 0.08650519031141868 0.009914316173320448 0.8379052369077307 0.38 0.8322147651006712
 0.4842767295597484 0.3924050632911392 0.04 0.2451612903225806 0.1374795417348609 0.3472222222222222 0.1557093425605536 0.009941316541960166 0.8329177057356608 0.265 0.6375838926174496
 0.7484276729559749 0.3670886075949367 0.58 0.1225806451612903 0.11620294599018 0.06944444444444445 0.06228373702422145 0.00994330918909225 0.770573566084788 0.315 0.6711409395973155
 0.4528301886792453 0.3037974683544303 0.07000000000000001 0.3548387096774194 0.1456628477905074 0.1388888888888889 0.06228373702422145 0.00993175183572617 0.8403990024937656 0.34 0.7516778523489932
 0.559748427672956 0.5316455696202531 0.34 0.09032258064516129 0.08183306055646482 0.05555555555555555 0.03460207612456748 0.009918799629367633 0.7780548628428928 0.24 0.6107382550335571
 0.4716981132075472 0.2658227848101266 0.32 0.1741935483870968 0.1096563011456629 0.09722222222222222 0.08650519031141868 0.00992617242375634 0.8079800498753118 0.22 0.697986577181208
 0.5283018867924528 0.6550632911392404 0.15 0.3870967741935484 0.1194762684124386 0.1527777777777778 0.1868512110726644 0.009953272424752663 0.8403990024937656 0.245 0.6644295302013423
 0.3522012578616352 0.3164556962025316 0.09 0.1483870967741935 0.08019639934533553 0.2361111111111111 0.342560553633218 0.009900467275752474 0.9052369077306733 0.315 0.87248322147651
 0.6289308176100629 0.1645569620253164 0.54 0.1225806451612903 0.1358428805237316 0.5833333333333334 0.2560553633217993 0.009908537496637409 0.743142144638404 0.315 0.7919463087248323
 0.4716981132075472 0.3860759493670886 0.26 0.1225806451612903 0.1194762684124386 0.3333333333333333 0.3044982698961938 0.009924578306050673 0.8229426433915212 0.265 0.6577181208053692
 0.5911949685534591 0.3734177215189873 0.14 0.1290322580645161 0.1374795417348609 0.3472222222222222 0.1660899653979239 0.009944305512658291 0.7830423940149627 0.28 0.6510067114093959
 0.7484276729559749 0.2531645569620253 0.65 0.1387096774193548 0.1112929623567922 0.09722222222222222 0.09342560553633218 0.009951279777620581 0.7630922693266834 0.34 0.7583892617449665
 0.4842767295597484 0.6075949367088607 0.2 0.1290322580645161 0.07692307692307693 0.2083333333333333 0.2076124567474048 0.009918401099941217 0.8379052369077307 0.22 0.7315436241610739
 0.7232704402515723 0.2215189873417721 0.49 0.2129032258064516 0.1145662847790507 0.1388888888888889 0.1280276816608996 0.09966224631111199 0.8279301745635911 0.455 0.7382550335570469
 0.6666666666666666 0.6487341772151898 0.43 0.1806451612903226 0.1309328968903437 0.2916666666666667 0.2906574394463668 0.009948290806922456 0.7630922693266834 0.285 0.6778523489932885
 0.4716981132075472 0.3734177215189873 0.22 0.1161290322580645 0.1342062193126023 0.5972222222222222 0.2076124567474048 0.009913319849754406 0.773067331670823 0.21 0.6174496644295301
 0.4905660377358491 0.3354430379746836 0.33 0.1548387096774194 0.1309328968903437 0.3333333333333333 0.4982698961937716 0.009928862497384651 0.8229426433915212 0.3 0.6375838926174496
 0.6729559748427673 0.2721518987341772 0.39 0.1419354838709677 0.1734860883797054 0.1111111111111111 0.1107266435986159 0.009949287130488498 0.7206982543640899 0.25 0.6442953020134228
 0.440251572327044 0.2721518987341772 0.3 0.1290322580645161 0.1391162029459902 0.08333333333333333 0.1349480968858132 0.009898076099193975 0.8304239401496259 0.23 0.7986577181208053
 0.5094339622641509 0.4177215189873418 0.7 0.1419354838709677 0.1603927986906711 0.3472222222222222 0.4463667820069204 0.009935338600563918 0.7680798004987531 0.265 0.6040268456375839
 0.5471698113207547 0.3417721518987342 0.26 0.1612903225806452 0.1587561374795417 0.09722222222222222 0.1072664359861592 0.009939323894828085 0.8154613466334165 0.3 0.6241610738255033
 0.5031446540880503 0.3037974683544303 0.34 0.1419354838709677 0.1194762684124386 0.2222222222222222 0.08650519031141868 0.009899470952186433 0.8179551122194514 0.33 0.8322147651006712
 0.4339622641509434 0.2594936708860759 0.33 0.1419354838709677 0.132569558101473 0.3055555555555556 0.1245674740484429 0.009912423158544969 0.8503740648379053 0.375 0.7449664429530201
 0.5786163522012578 0.2721518987341772 0.52 0.1483870967741935 0.1358428805237316 0.1944444444444444 0.07958477508650519 0.009939323894828085 0.8354114713216958 0.305 0.7583892617449665
 0.5408805031446541 0.2658227848101266 0.39 0.1161290322580645 0.1112929623567922 0.08333333333333333 0.04152249134948097 0.009915013599816678 0.8354114713216958 0.345 0.785234899328859
