# Created by Octave 4.0.0, Mon Oct 09 01:20:49 2017 BRT <wander@wander-S400CA>
# name: X
# type: matrix
# rows: 0
# columns: 0


# name: S
# type: matrix
# rows: 0
# columns: 0


