# Created by Octave 4.0.0, Mon Oct 09 02:00:26 2017 BRT <wander@wander-S400CA>
# name: w1
# type: matrix
# rows: 200
# columns: 12
 0.008258101866373518 0.01397850946077757 -0.03052195404048882 0.06853830715119805 -0.07956437627549541 0.01171489107211524 0.06463470098754992 -0.08747604485160154 0.09352473084023838 0.06533721309838458 -0.04140750527664782 0.02025219590235401
 -0.09372250064302587 -0.0291961459614741 -0.04295693422002175 0.09856441885310949 -0.06760557720675053 -0.05963477492103485 0.09539131384243751 -0.01984589282128355 0.01366582716668514 -0.05836025420125267 -0.04188375349262458 0.08333148754483755
 -0.04942562278195536 -0.05204048905206465 -0.04535949035887369 0.09710233575850408 0.06141235134351136 -0.03370945504183455 -0.03337258283735416 0.0003572761502119021 -0.09454999020404091 0.05710022321350158 0.02683898191045525 0.0003777297304706495
 0.02251612453798393 0.07394321633286025 -0.06879477881290849 0.002689731338642282 -0.02674368649460167 0.06361479693288677 -0.00392366606570721 -0.05988181559101714 0.06598733119522579 -0.08548338619164131 0.08093327250994389 0.07492156359973401
 -0.04536193175699536 0.09466057029791264 -0.05713169481920421 -0.07149624058995091 0.0421104319417436 -0.09832636052337036 0.05547935038067855 0.05972782362025661 -0.07506967778649848 0.07944196799264974 0.07267549102788554 0.0693822202555435
 0.03527356608089557 -0.0767766872208069 -0.09756376685966987 -0.02067623455680997 -0.03016690189070553 0.04518338650090231 0.005568544428656688 0.08494696060244225 0.03164233355552631 0.003651663043256065 0.06270057339360915 0.09070987702090003
 -0.07758937176618234 0.03411092941572963 0.05904082623324444 0.09833848673540455 -0.05032954071479076 0.008597559665586577 0.007956826495328806 -0.06749770310182329 -0.09574543485953492 -0.08938344561719563 0.05046885831969 -0.02243028959450241
 -0.09190150759977771 -0.03212275518833989 -0.04915868873335608 -0.02194912326121487 0.009396900764441968 0.04093156107881049 -0.03150841900535072 -0.05018970844296233 0.08168581285397389 0.06398901483959471 0.001684923875119912 0.09088352817308262
 -0.04193828700343177 0.0178802272928226 -0.09822007712708025 -0.02650180288725294 0.02622713952786557 -0.05040093139484528 -0.00460601843806635 0.09058026282957035 0.08595739951273423 0.06559555991574414 0.05570644028718716 0.07423919582763916
 -0.06944853975318105 -0.05028195125410929 0.04920628108164543 -0.04950410381723497 0.0477378585051052 -0.01758744954018418 0.03237682484718629 -0.06374721492067434 -0.04259467166592414 -0.05329783923241277 -0.04722822114841795 0.02888189390933216
 6.958962348151132e-05 0.04047180912889847 -0.007515151762749098 -0.03676537802384051 -0.008482003879561162 -0.03620505096128052 0.09436715675759286 -0.0217720676715918 -0.02196313205766329 -0.01763021078098445 0.03658717925530769 -0.00675483197751045
 -0.03295170686336155 -0.005941069441799007 0.05887533555005572 -0.02673461121922446 0.09608955722264809 0.09942104459273732 0.002379679950829952 -0.06644159940282202 -0.07734597135324732 -0.008765121656644198 -0.03527354749769659 0.01285798661318863
 -0.06294551877921176 0.08259111636576325 0.06926210812446656 0.05687419252479689 0.01933948789442004 -0.06047903370840101 0.09400125010438184 -0.01335454979827365 0.02449986173434449 -0.0480395030661798 -0.01354507239232604 0.08118443471321488
 0.0853409297257342 -0.03967615301327069 -0.06423234052344981 0.08436640241375998 -0.06259495484081395 -0.01251934863704976 0.05514077892310448 -0.03524811601422985 0.04713250492488447 0.09626119331954852 -0.07990087476221623 0.004892546332941936
 0.06807679140680564 0.05241872063939224 -0.0355030872716308 0.08843404338262054 0.01657043239798812 0.05083040244336381 -0.05559236225164565 -0.02993410123120505 0.09647752833805412 0.04623616737922676 0.009526160314272641 -0.0009170374960241756
 -0.07438083127089647 -0.02611127038159508 -0.03445712019615407 0.02014911990287364 0.07328271761832317 -0.03095697964926007 0.09560408705077003 -0.06499299547399608 0.07871311507759357 -0.02018617708433292 0.06933324540030064 -0.02778321351316936
 -0.08290468461021414 0.0851980118951875 0.04129393630935843 0.07668402108952962 0.07939365831933251 0.05109967592615502 -0.01747403351240608 0.002441830881286799 0.0428901360297842 -0.04704717030639782 0.08800689750559562 -0.03751610879181856
 0.06023323291853674 0.07382702475314781 0.0002730858695696031 -0.09708665922504553 0.05059273989322552 -0.02646895967338346 -0.09163181375217108 -0.06828831271744965 0.01839752383260007 0.08505237407837432 0.007961412013021321 -0.05884053139186741
 0.06923955849740412 -0.09484496758323344 -0.04326298021537053 -0.01661769256701878 -0.03071944216168791 0.02599638155122672 -0.06248950755159103 0.01663170241983007 -0.06178556482028629 0.07086439280812318 -0.06960840409162733 -0.08020484737319597
 0.02144777059564773 0.0586138055383334 0.0972289456389176 -0.03887648561999714 -0.05558382650959123 0.0613141203432615 -0.02150459128005949 -0.008561180533281226 0.05435343574009444 0.08643482125928068 0.05269983177217413 0.06546956164356219
 0.07221430861684189 -0.09560987871738302 0.07601195426531379 0.0538811272121735 0.09389941281004868 0.07740358490438215 0.08091046005148916 -0.01319878146584461 0.00546980470645346 -0.03608449051409054 0.04297625903519101 -0.04691474620232364
 0.007328460504658324 0.09638611556721485 -0.06661906956157757 -0.00129041029484632 -0.04516472518369933 0.02751965373573417 -0.05798355994321078 0.04491664013698471 -0.09006095861953001 -0.09494014691791092 0.03337596052775743 0.0581600527886755
 0.007778674586388881 0.04292499758951973 0.07343494395732533 0.009757181283950353 0.09011102950044012 -0.05174969953227492 -0.08557695018441315 -0.08937993176675955 -0.01737629103687685 0.05905586100660745 0.06177011147387876 0.04635912216356769
 -0.07127707236446157 -0.07477436192987849 -0.008186913869458495 0.04705335400260963 -0.07189993672446857 -0.06722950474644304 -0.02686900392431769 0.05014430832655095 0.005793857158218937 0.03731233185303184 -0.03432693547560707 -0.0976079914277146
 0.02835857129708685 -0.009637739741698931 -0.09415036413151145 -0.02404139692608626 -0.04802819195258647 0.08681976281584555 0.07765764981000445 0.07035919736620092 0.08625093252969132 0.02623429750821418 0.01925454535916002 -0.07588300576546178
 0.07128850744694021 0.08040365940747546 -0.02604636334594695 0.01011037515256885 -0.05075365863006997 -0.04399662256372433 0.0733862077982235 0.05272014165693217 -0.01931373353073643 0.0494891518141948 0.04200999021022817 -0.05672473801598236
 0.06258745615877398 0.09473031354316794 0.06643444792185033 0.02724791071566915 0.001349996415947574 0.01570992150137226 0.07281906246925357 -0.01895555828239114 0.03214607198276026 -0.05208219178589499 -0.01003120535000815 -0.07143813762395125
 0.04428869650194087 0.01104501941877267 0.07620976850595002 -0.004647424763633903 0.05945485097245903 0.06625040957350836 0.06356410713065366 -0.05981679363277536 -0.08271379825659658 0.03595556340863321 0.06942317723769817 0.02680253983152558
 -0.03684028898198459 0.08024593462336169 0.08182888399556443 -0.04530322195198144 0.08103100961082935 0.09490418215375138 0.04809151683458954 0.07026899872723494 0.03131634278727211 -0.09284890704390593 -0.05823730511921524 -0.06349280814366055
 0.08109129569021833 -0.09587127207960322 0.07985660037611228 0.03703158566673057 -0.01151315149774325 -0.09308721117286789 0.01261000288759662 -0.009118802587936764 0.007079623451289541 -0.004251723888546763 0.06144365469197294 -0.05843899519490314
 -0.03410824686660009 0.02949310471575148 0.002065324295397852 0.07043030472684222 0.08826231799312637 0.02857511649826222 0.03255384338642853 -0.06997812917570465 -0.07011213374829395 -0.0856756494634479 0.03906817685561309 0.0871043747539165
