# Created by Octave 4.0.0, Mon Oct 09 02:50:22 2017 BRT <wander@wander-S400CA>
# name: w1
# type: matrix
# rows: 200
# columns: 12
 0.01858098600965388 -0.02651422647690553 0.04860260497745314 -0.07722834799376954 -0.04538499987141255 -0.09884129137178872 0.06857174392167101 0.08231191828554205 0.01034468478590318 -0.04369028162862842 0.09776071076741666 -0.07971629682893838
 0.05837201572953438 0.002780729459666148 -0.0524124485536487 0.01625937498123345 0.02650408249438657 0.09708181607547348 -0.04476184147353469 0.09170961522228277 0.01936185996584608 0.05919495021881171 0.01952450019186555 0.02978820300423329
 0.08067115134618177 0.04447724979930062 0.05911851931339623 -0.09434908367477879 -0.05399827036821178 0.09787916606579936 0.007225624798942953 -0.04895243409313187 -0.08220864668021478 -0.02404808967519635 0.05261226350323478 0.04261280582295962
 -0.0226110080352013 -0.06530716004343286 0.03292173635378176 -0.0238202567612812 -0.03608241972838365 -0.04246106179542299 0.00557217024685952 0.03940443148813097 0.07253049628811895 -0.07712240994161457 -0.07610955251892915 0.06828533719483793
 0.07094359937603684 -0.07091087768659447 0.08924091242803175 -0.06995751694137532 0.08493569790450617 0.06180917121459567 -0.09284071672957259 -0.04705169087938258 0.02375059208385924 -0.07635800068842281 -0.09175741315269725 -0.06981235554863713
 -0.003030218153538405 -0.02384400994002413 -0.083048772739858 0.0222899019111695 0.09795517015880278 0.06831041355143883 0.08293284128673928 0.05042250530591888 -0.09536139231267189 0.04772702849506497 -0.06265733703131116 0.04608127921686561
 0.002163864089009926 0.07351588674252993 -0.06988289328247951 -0.05985834124321285 -0.01510157044893225 0.04764829498641907 0.0208933129969818 -0.0198231316696814 0.0947868636166008 0.07569343514874347 0.08065158062807848 0.06187825569393823
 -0.05755253768326864 0.03054258084333333 -0.06983392909477912 -0.01136099414787353 0.0002502100461869994 -0.08642466551138855 0.06018876861747233 -0.01095193244152083 0.09189437551944901 -0.08423333694926702 -0.04839873050674665 0.006761100762665076
 0.04711484882015024 0.08692893812629557 0.02651237248047275 -0.05911459986679316 0.001009739275608365 -0.05313948070987219 -0.02951238082622559 -0.05879186338024472 0.0236619836207564 -0.09492440075269692 0.07349017265435179 0.01524631065044264
 0.05313220731572602 -0.007625862731325123 -0.08290384778018164 0.07750421735368487 -0.06765097662105014 0.09828540324168045 -0.04683709343787978 0.05592854032998609 -0.02133257822685462 0.09815350769872713 0.03744990857830888 -0.001709372549688046
 0.01279990914532596 -0.09597285642481264 -0.06223823001685406 0.07437281171478646 0.05966609994560126 0.09080001302700585 0.0144383153734076 -0.023127608605825 -0.09050620178395546 -0.0812063929493681 -0.08878590129773901 0.07457101139901423
 -0.02786211707502312 -0.05081633597078707 -0.02336243652346731 0.09354985846802907 0.07887180726955612 0.04157414073557458 -0.07783061035633114 -0.02459023724875928 0.05468781725218194 -0.03941523230293795 0.08027844367690182 -0.04002542686194443
 -0.0012686001363649 -0.004529047134522526 0.09392888984980916 -0.01967739491716071 -0.0502594513673368 -0.05476755690381655 0.05451178033624277 0.04683757463980351 0.003216288139168438 -0.01798694763980466 -0.06748268001903399 -0.01324069491610499
 0.05942194171105028 0.02875621004532833 -0.08415698666425654 0.04786246129603411 -0.05169892330075482 0.04833826569472885 0.0379604723842934 0.06151770062994733 0.02057583048580358 -0.098425549380098 -0.004714543070485411 0.08757862778643166
 0.01755126528881538 -0.05271640190830854 -0.02473573044676612 0.09417061746739777 0.0912019321079878 -0.03298727160972623 -0.02502200530016778 -0.03750772970563326 0.03561594859354128 -0.09856778129386241 -0.01973599445639072 0.06160791445271616
 -0.01675758280590298 0.03925722553357716 -0.07838575752909066 0.05926767589987689 -0.001607211180850443 0.05125329357281239 0.01523790558072979 0.01749067192433666 -0.01959694186447883 -0.0749226515534276 -0.0007594558508586952 -0.01825387702072158
 0.00672441283127867 -0.09240144858045145 0.08432716791050029 -0.07368246113898495 -0.04268690118764473 -0.02153494743647252 -0.01833116946105216 -0.0564090689295727 0.05423772157963294 0.05716550550804053 0.09359261323086143 0.08293837993374686
 -0.003474254622468517 0.009885818637300398 0.07914812006655367 0.003934100799083032 -0.05796867220480472 -0.04318723857975976 0.02324640597025787 0.004601749900487034 -0.03088767467973394 0.09446479333471614 -0.08138526708037427 -0.04727927192157943
 -0.06012089293350808 0.01094099700087228 -0.08111677017556986 -0.05820750101720566 -0.03252944166322289 0.090414036526099 0.02319951922336419 0.06985698432256993 -0.003323372584238843 -0.02633996270971796 -0.04432199185847242 0.04624375660225505
 -0.04004245791521951 -0.09967916240934704 0.06804651958511046 -0.06764715649707348 0.09171568465761112 -0.05910462728424479 0.09528227739581407 -0.03970746329170682 -0.09557253599354724 -0.02436401553440787 0.05046204184938249 -0.01099657188693225
 0.09030712773996197 0.07087110289058771 -0.02084053667275608 -0.09908612605099507 -0.00974377248553257 0.08412810268611279 -0.005701592904692354 0.02828633789174256 -0.05122113690240798 -0.0653896711865572 0.08633459494303511 -0.01392425418308602
 -0.08480651356181609 0.03070445048456238 -0.02939140649264424 -0.0677399747597997 0.01477485765441031 0.02401751261174441 0.06428821832728504 -0.03944691536359518 -0.03291881519952483 0.03926163298243399 -0.09898274565496713 0.07725651146508428
 -0.0411962938354383 -0.03490713578002923 0.08002562721044504 -0.07038624027283573 0.02299113834816488 -0.09805515538398987 -0.04216118815592068 0.007517654970328219 0.01821230757447689 -0.003483629255168111 -0.05120554194135338 -0.00551566303479753
 0.01352304018262659 -0.03722932330192898 0.09373729089741878 0.05263446691160054 0.08403503652813168 -0.07550710929070087 -0.0168095658979909 0.07140884779253145 -0.08010962726112662 -0.08627158010196778 -0.08671036916446651 -0.041942429747379
 -0.01222712153857654 0.0368713590806766 0.008523186771370761 -0.04882011532925043 0.0522879657249582 0.0119712443874789 -0.06761582961305521 0.04314338533938686 -0.002124976166509251 -0.08880450593046367 -0.03782736594095723 -0.008937219480831246
 -0.07237282432407507 0.09471006720380656 -0.06373855310441101 -0.08543248363699422 -0.06794779564331677 0.0961124944951835 0.001836935109621129 0.05657169016821353 0.07023092044101495 0.09910997752013925 0.06264591382240292 0.08124443155621788
 -0.06697961683130593 0.04395710691949922 0.08402931304080283 -0.091974319576989 -0.0993069969483235 0.05873234317416018 -0.005639961031683544 -0.07090670496990886 -0.06920318691443844 0.03954811123368379 0.07461313442043882 -0.06812478023888727
 0.005365685180139329 0.09106284778955542 -0.09351280927638783 -0.05956399794279774 0.08142014580363863 0.04255697787558049 -0.05030149255162228 -0.06472893375664068 -0.04996435463232879 -0.09599021639964449 0.05739345975531615 0.02110309128583183
 -0.08917479475930272 -0.01408378294464264 0.097832142468601 -0.002077652766923829 0.02973861295619409 0.01428580188422623 -0.06630775930093699 0.02124167068304858 0.03232371501334053 0.02803466685583891 -0.09217917330210676 -0.03465261069773144
 0.06281272685502179 -0.03857559700814256 -0.0001988189841018867 -0.04932685976991561 0.01992844273693958 -0.0379098144339188 -0.02551790181752299 -0.08033908350315483 -0.09004968910060966 -0.08696413939941913 0.04596441026446091 -0.07205997208590972
 0.003870663543232553 -0.0507408723264447 0.04341658996037775 0.04958355432243755 0.03044733051438767 0.03259768758741877 0.01488234899128879 0.01801182404495405 0.05200805899992056 0.09008604198498932 -0.03688110199367275 0.09748682172683845
