# Created by Octave 4.0.0, Mon Oct 09 02:17:14 2017 BRT <wander@wander-S400CA>
# name: w1
# type: matrix
# rows: 200
# columns: 12
 0.08762818071956077 0.07007741095314771 -0.01241661212407787 -0.06408824092049334 0.003177760546506758 -0.05054727412079973 0.09374520501472525 -0.04090885994921922 -0.007258453862198117 -0.09704473758491002 -0.0316103830789717 0.03184023521609572
 0.09878778845721492 -0.09903593260863246 0.05529324551052325 -0.06208935083211137 -0.0346815130467733 0.04681680184177933 -0.02384172400930504 -0.003825326194096174 -0.02465883134016564 -0.01241588844921061 0.01215553316453929 0.09342351496966414
 -0.01419792328942418 -0.003192851446490425 -0.06416891175870859 -0.06243689844542425 -0.0827536106925045 -0.04409391213341697 0.06161472900897261 0.0421864463381923 0.09604455184597357 -0.02840914131967817 -0.06063606708709196 0.01456199229264117
 0.0894094927557961 0.02257848099854656 0.02017946748005625 0.05371291614950507 -0.05906051129766063 0.06444624919561323 0.02205351573740429 0.07735886351291052 -0.06036114771784286 -0.008279510092400674 0.05319850743438745 -0.007733740143872264
 -0.02863213296886311 -0.03179319063702843 0.07806026899358406 0.09922108927023662 -0.02083558938003539 0.03417119110620662 0.09672678183919567 0.06263394932929958 0.06430146719705235 -0.06841770904056566 0.02986260931567694 0.07693529265296919
 -0.007059063372923266 -0.07412036315107279 -0.01160255503693407 0.01641809787205777 0.0473434423797027 0.07861891515510819 0.04722430328357111 -0.07199515551225071 0.06043108584086382 0.0852192527609392 0.01798737595789746 0.09710492236855148
 0.009795178895642187 0.005938528806026008 0.05836628154284268 0.05337170787955992 -0.005039629663096221 0.01437485031631595 0.03976073445723113 0.01265578619610572 -0.01905449020993678 0.005064123714311308 0.04125039544823775 0.05438810194965413
 0.06976816289201204 0.04560008136367916 0.07707178572390072 0.0737256682620184 0.01076806221199691 -0.01232597997639497 0.00214887031796171 -0.06651140667364122 -0.06877047070905018 0.03761868375817101 0.03624700266714739 -0.05120118061667946
 0.08196765733109074 -0.02658731066043883 -0.05532542509283039 0.09659097210688181 -0.03394636156538897 -0.0111240385774086 0.02341439394094988 -0.01328529086838638 0.09920951194581082 0.01997787137114579 0.03307094448546774 0.06148057514252336
 0.06493494338269168 0.0757881484346859 -0.05530726380099502 -0.0117840251113429 0.07795724152047173 0.02761412185512163 0.01692783203995778 -0.03463864616688023 0.0921361451843524 0.002992903063275848 -0.07665987912282779 0.02325602329165466
 0.004184246670691477 0.03319017707241778 -0.02171365761183794 0.02239128229356582 -0.07876582854975056 -0.01539650858356621 -0.05022962816755686 -0.08246567858197384 0.02102121096014012 0.01070280466448499 -0.06742156653625161 0.09391520082187052
 -0.04968545416585662 0.003198006825977734 0.02603271007094404 -0.03908269026243189 0.07538746388196482 0.024206602418876 0.0566786568201274 0.0943023631835628 0.007556730080360924 -0.03028051435124936 0.06990114997668836 0.0575562042197176
 0.08621147088087255 0.09298413390954693 -0.01886171041886188 -0.07443762283871055 0.03274531746148959 0.0748201322018944 0.06436393972449858 -0.09301227402591979 -0.008053413240502627 0.09293330650794743 -0.01855368756201331 0.07096613394641671
 -0.00348107737883642 -0.08433859382173305 -0.03776997661756004 0.03664737601649704 0.04418657725920913 0.09848489650691014 0.03285372115356536 0.002814352524527955 0.08182482222821333 -0.09384315807129037 -0.04234746031480036 -0.07663658619704698
 0.08664817733510383 0.04984575458588564 0.005541383173952474 0.03575450018455775 0.04984757893127764 0.05016546912488937 -0.05538929861309795 0.04259831561685307 -0.04092815093834316 -0.01722274142802595 -0.03289317810462987 -0.03417994383964597
 0.01099687628645604 0.06434308655948875 0.07897578972940439 0.08830396126080239 -0.03264397698313272 0.09660504615609497 -0.07870469759650722 0.03933053834958189 0.07297771429521002 -0.09010015062426044 0.03414494715410493 -0.04404590912245318
 0.03462135399924898 0.03958874027078854 -0.08185828092404195 -0.009550206905436634 -0.02155405315770673 0.02234351482554582 -0.09037294285863286 -0.00453726820796746 0.05078960694193613 -0.03606574881051404 0.06489702217285603 0.08805204039784251
 0.005763385105761465 0.07192064928367656 -0.0152791082624494 -0.0224188940704614 -0.0100003871224905 0.07279742644948251 -0.08897926734384062 -0.05586349864916668 0.004297442798320186 0.05869441242227111 0.03442718368397713 -0.05204843148326041
 -9.420577025799626e-05 -0.04555585758178032 0.02047697641491501 0.04420874584911316 0.05171164386931038 0.09991757740623627 -0.07785985692623081 0.03060628752905159 -0.09147731405543189 -0.0784491881994544 0.03570740777005618 0.04076117683551389
 0.06629667646521373 -0.09685318564510774 -0.03283376257902113 -0.07036803707629055 0.05899193218665541 -0.04398491918216642 0.03833793934679269 0.009910864375224621 -0.09757810195554151 0.03363627482546741 -0.07937091896416354 -0.02703191753217259
 0.08215832666092859 0.0290810374477512 -0.07967655056559639 0.04556844466025806 -0.02188705102844507 0.04311180382018198 0.008063026247899147 0.02048169229014955 -0.06365146371699615 -0.05781875396608173 0.03362558803994448 0.05439903227904266
 -0.03747526589740037 -0.003548025422693959 0.02394284154290942 0.06747077968285659 -0.02773736897193918 0.04235022786458428 -0.05161114364352905 -0.05205245451056523 -0.05525798769434446 0.01767290871984764 0.02937961967929678 0.002264764436989725
 -0.01898618606567916 -0.027086786291279 0.09740129177420129 -0.04998113728350223 0.04677319745214065 0.09988917388191129 0.008840810383261039 0.04080515368490933 -0.08256681771042812 0.01915749870362363 -0.01228606003401395 0.02612757429757137
 -0.08026660096667294 0.09451481858686644 0.07294173772884169 -0.01127470340381381 0.05457735019547785 0.07079262040485118 -0.04457547183016321 -0.06953981022680611 -0.03457392417522807 0.07339852124300719 0.07847927694343701 -0.03039142771459466
 0.09793606524045326 -0.05848819643088622 -0.0441039408112396 0.03479112409147489 -0.02069900182078482 -0.0076729724737752 0.07362939225563259 -0.07512746507480828 -0.0438088707864551 0.06029661354569224 0.0648656270642271 0.08205947629527907
 -0.061443096272047 0.05971064115495739 0.05821074484124833 -0.0004101624923282948 -0.09616892035627027 0.03700564827559866 0.04963710175833558 -0.02166631224658616 0.05690666932557503 0.06175276836945862 0.09204917715544333 0.05325395336457628
 -0.02797413468730611 0.002279389191326461 -0.06385809364788445 -0.03429777823144421 -0.08238903270528702 -0.03967069136327347 0.03302789790149288 -0.03706145727729442 -0.06369960840058088 0.04736465052318656 -0.04513379675728867 0.01803461735257054
 0.06100560212437167 0.09900730758997089 0.04864478408317902 -0.04427297851859625 0.03737711359012857 -0.04987606580784968 -0.0676084137750442 -0.04979666086007881 0.08426993456902604 0.01246168464860804 -0.0811794632896924 -0.06969555444573911
 0.02509175318939466 -0.0131517237885925 -0.09091017693828826 0.05350371887718761 0.08185097255700069 0.07127817882515455 -0.04788594862019999 0.05915797798076525 -0.02646191828552266 -0.06723691651642755 0.01770129791465669 0.08731132241725123
 -0.01379377989396899 -0.001417227795801418 -0.09949775139422314 0.08393909669877422 -0.08223556734279906 0.01027129454295175 -0.01448775229051659 -0.05063714687389213 0.03911723402701484 -0.09357707527762146 -0.02664959292899406 -0.07973826918816074
 -0.08056872536308257 -0.002323654512914969 -0.02450925101076938 0.03727753000587436 0.01464529413043955 -0.002691833410607872 0.07005537864246744 0.0008274371887347642 0.07830791095966597 -0.04408640207767988 -0.06211993509063675 -0.001676495727873067
