# Created by Octave 4.0.0, Mon Oct 09 02:50:22 2017 BRT <wander@wander-S400CA>
# name: w2
# type: matrix
# rows: 1
# columns: 201
 3.609153239668439e-06 0.0001472679117809406 -7.965329680982031e-05 -2.104581259328395e-06 -3.672500734976299e-05 -0.0005211571090938462 0.000132838445653409 6.359173915830278e-05 -0.0004822677937910902 -5.066582842393322e-05 6.227186610169323e-05 8.668798942260768e-05 3.24925753308648e-05 4.155943508091486e-05 -8.2837162978696e-05 -0.0002540715563141141 -0.000125418066686388 -2.921340030929869e-05 3.513807668366791e-05 0.0001098604774390404 -1.979587281531695e-05 8.08981428540428e-05 2.727410938128139e-05 -0.0001649100567490802 0.0001817728360329243 -0.0001643775785473206 -2.670366308004651e-05 -1.921479350904013e-05 4.542260141182526e-05 5.302776065268026e-05 -0.0001251750602020297 -5.922888483919569e-05 -7.590872563642641e-05 -5.629355084963529e-05 -7.341677107191398e-05 1.229937842116627e-05 -9.261978350167894e-05 7.555798196183793e-05 -0.0003306375098566273 2.630461631600487e-05 0.0003561795798501918 -0.0001105231102119968 2.722849539290104e-05 -7.015237672604066e-05 5.624702229864608e-05 0.0001982710931108074 -0.0001091019842751565 -0.0001913058396937282 -0.08331559359744897 3.608435610664841e-05 -0.0004215075909073201 -2.706189315247678e-05 1.068165791777221e-05 -0.0001320667676353447 7.141212906728958e-05 -6.764893464867046e-05 -3.577257777688527e-06 1.316420638881967e-05 3.063332503875049e-05 1.409774030194679e-05 -7.421300417042811e-05 -6.704742426852921e-06 -9.612648538143007e-05 3.68209573485563e-05 3.184163051611976e-05 0.001433098345719244 0.0001561133210412385 -0.0001298877524209117 -7.841428048355102e-05 -5.243492878860868e-05 -0.0002113165464683879 0.0001103475570693545 -0.000633841656867732 -2.000089328988035e-05 4.334525996741356e-05 -0.0005597199071652615 4.444099162149814e-05 6.608764438425463e-05 0.0001425509023558257 -0.0001038801799693509 -0.0002458785209635832 -0.0004798778530298767 -0.0001023690368964483 -6.128242420868589e-06 4.326180211064696e-05 0.0001131814291807635 9.357831669250377e-05 9.124740590227374e-06 -4.017786828010505e-05 3.642999830700722e-05 -0.0001617160452651445 8.974211995719062e-05 -0.0002289325455707152 5.403091228429086e-06 1.467679957660056e-05 -0.0001671725440105002 -0.0002462323658600006 7.381833135244105e-05 1.531633536889724e-05 0.0002700260384413524 -0.0001617443634252011 -1.61107160987976e-05 5.711062396608313e-05 7.933569790596382e-06 9.552490239691659e-05 1.570909747170807e-05 -4.78842563428951e-05 -0.003975470787563561 -5.016806755877449e-05 0.0003929871993668603 -0.0002733809188187064 -0.0003034155410992017 -6.571220671884332e-05 0.0004045542151690417 -8.908646192585952e-06 0.0001049812095765752 4.249408566012394e-05 -0.0003667095918706119 -4.142041283041367e-05 1.04349202494643e-05 -0.000482071166320053 4.294114649941603e-05 -3.430037306847109e-05 -4.083919379155115e-05 -0.001662071049879063 6.601484779430702e-05 -3.856475986003292e-05 -0.0004195575711935865 -0.0001608197159009484 -1.321396715184644e-05 5.933867054120513e-05 -0.0001293868935015097 -6.237184105500627e-05 8.524082533346775e-05 -1.027581037135673e-05 0.0003994457247725791 1.333444121699574e-05 -0.0002570223455886638 0.0001310576947653106 -7.735099605647931e-06 3.615598463651608e-05 -1.033629047517522e-05 0.0003080776009138612 0.0001539783853055629 -0.0001055472618983796 -0.0001267114472561501 4.419914055986192e-05 -9.305672404803968e-05 -9.765492817455418e-05 -5.7210310216543e-06 4.292243991114144e-05 -7.888534278407626e-05 -9.378452556972548e-05 -2.017889643789821e-06 -0.0001439043797262632 -7.927017265701721e-05 1.377687367089421e-05 0.0003513517808328767 -1.848972915191922e-05 3.763130958673488e-05 -3.892791433681605e-05 1.838246637556921e-05 -5.347285457066752e-07 -2.065042867977388e-05 0.0001264976954699096 -3.998119543530571e-06 0.0002726416041430619 -0.0003301411294909318 -0.0004870679485271678 -6.675322544046542e-05 -0.0002503188086416782 -0.001053376765299959 -4.150657031635293e-05 -1.881581813294026e-05 0.0001828130414420355 3.693114439783106e-06 -2.77621992901214e-05 2.700152152752567e-07 -0.0002023392737573795 0.0001626938880049066 -1.207920260769771e-05 -0.0001729963280441736 0.0004468828731672439 -0.0001582358504697506 0.000463131481085459 0.000660665707740583 -1.616394610874954e-05 1.567406897031766e-05 1.02632997338738e-05 6.462189011139467e-05 8.097874269648848e-05 9.922438425765046e-05 6.631563386565067e-05 -2.509144616657885e-05 2.36178391585863e-05 3.388512686456087e-05 -0.0001532610261028773 5.336206826550195e-05 6.464670347476511e-05 0.553101657954418 0.7338485463234686


