# Created by Octave 4.0.0, Mon Oct 09 03:06:34 2017 BRT <wander@wander-S400CA>
# name: w1
# type: matrix
# rows: 200
# columns: 12
 -0.02699431731379581 -0.02905296696343315 -0.03218545002708208 0.01833502356176024 0.03276659966755188 0.08812772888490947 -0.01236981825938886 0.06155305268371367 -0.08584499395216369 -0.006923655714789284 0.01100025236164963 -0.04968327352118171
 0.004222876521044541 0.01100313330688003 0.08294792086753441 -0.04422232969305084 0.06543530418122451 -0.02561803750717115 0.07682222440879541 0.018555409293373 -0.04778286251770007 0.00718488279802354 0.08318119224443951 -0.08467460713707262
 0.06764840473604841 0.02820303961992446 0.02236852273061114 0.09690913211607824 -0.09105657263880837 -0.03763854586188239 0.01852791017578803 0.02889353249375018 0.02219730595892795 -0.006120395738449372 -0.07838001800654412 0.06861138989132912
 -0.0910315398144492 -0.07767398537921599 -0.07790731561816616 0.05638425566701441 -0.06356550725106015 -0.06647721512319624 0.006473344986879612 0.01572697068080489 0.05370976529109603 -0.04737116768404352 -0.004917890505057074 0.001246095680491832
 -0.02674134712494623 0.05810445231371206 0.02978528167215105 -0.07550778093735645 0.05064156321459554 -0.01472269966186274 0.02738074965724624 0.006300196664547175 0.02864152424390537 0.01307668862620162 0.01925680872270615 -0.05867243471904372
 -0.004600740765286507 0.02812201368967931 0.0174350822325476 0.0287295152646069 -0.00886757968686204 -0.08421096773504426 -0.08556243705193191 -0.05311014062584018 0.05507279189858538 0.05520037147329632 0.05324205355237199 0.05198246793268152
 -0.09922122861166667 -0.07821376729535195 -0.01502878894572211 -0.04732302632185769 0.007569540643319522 -0.05952144253941186 -0.06033174446427069 0.07373436645585202 0.06757067241089576 0.01530077051837105 0.03684647929555457 0.08634518221788537
 0.05371816895134848 0.08127582206606959 0.065353067178266 -0.01313956870595213 -0.00414143577829941 0.08383043267383838 0.0756317796350236 0.0585912020578965 0.04993771699148736 -0.01621755369593859 -0.08670371990654396 0.07881039029868755
 -0.06091803485177469 0.03193384150259967 0.09556939796315111 0.04396479296482181 -0.01587383117756246 -0.05828079981035227 0.04218790315669865 -0.01351104383344198 -0.04854772144519296 -0.0472277658966274 0.08452739480713067 0.03406033648027559
 -0.07810355557122906 0.04055146477497343 0.09580091035841773 0.07648077753820501 0.009224274392671414 0.07642336938338937 0.0939922129925089 -0.02052682842997461 0.06169803426297568 -0.02924324694153428 0.06628229886685358 -0.06978374841206664
 -0.08823577168748031 0.04018524020698849 0.09797807632023364 0.01841463740022202 -0.0293425937468537 0.02676154843394377 0.01752467302592045 0.07455198053079262 0.08821544295109943 0.07909210422418472 -0.07499388557408095 0.04368372590219965
 0.06952026863573843 -0.01816296993799273 0.02654980298810983 0.03084666751778284 0.09123368436204812 -0.06350060942754733 0.01097326438422437 -0.07837322474685279 0.01405789107480196 0.0279926212828237 -0.05486977260001297 -0.0338193461741058
 0.04464157533026325 0.09972257756884981 0.0694281827607591 -0.06254450299700444 -0.06187360692657928 0.0009739404085574027 -0.0146693800472434 -0.03305191210497965 0.001892646295089076 0.03851451734233444 -0.07857688530039646 -0.05541969757106277
 0.01525919887484642 -0.08835696421440625 0.04028669109163147 -0.02737370754513523 -0.04909388170606178 0.001228421136298619 -0.02804302211463536 -0.05378338803856969 0.07315368410484926 -0.081811273545909 -0.01027915270184424 0.02033109256218735
 -0.02915526359454695 0.07481025192811527 -0.03914094267448526 -0.006578172723914019 -0.07988601620974176 -0.01067610857107645 0.06300821073687718 0.004793895016720492 0.05164370529998166 0.005475042405629946 0.0104338172264334 -0.003870963596361396
 0.02650535456886491 0.03003190228286273 0.0953662239514769 -0.0233180945295573 0.01325825787690942 0.0720370125827621 0.04895073335826919 -0.0739186682694673 -0.04157775248625794 0.01864719404501984 0.05887476481385839 -0.03307824912024669
 -0.0545938850045903 0.008465798626530852 -0.08728194599599648 -0.04283089191781927 -0.04629079440923611 -0.004530532777264312 0.001934260981310262 -0.02394158529978942 -0.08609797451645568 0.01736187802267775 0.06753873264710059 -0.002777141696478053
 0.01373168399754807 -0.07904176655404827 -0.00664243020848175 0.01506310860222815 -0.04535239674726183 -0.09120235504532827 -0.07871435229127179 0.0300415342215474 -0.08027322029661318 -0.09459819517619474 0.06553312747587212 -0.03990789810795844
 0.0267267365457961 0.06181585613031312 0.01693937151498162 0.07499463493492331 0.01507205771495339 0.09202537229967084 0.02041610392090039 0.02411527997715657 0.07117386372231144 0.04561762917134404 0.01020160255839311 0.0564815474035085
 -0.01014521589400751 0.09489603273413505 -0.05167743548456508 0.08726363742533425 -0.07202598947531917 0.05744395493942564 0.06039116667334241 -0.08323709890904742 -0.045986361608266 -0.07943757427089897 0.03113707670184809 0.03499124709940937
 -0.02541333541036532 0.05537369850133997 -0.01124544399644903 -0.07898185472912782 0.02963976745112643 -0.03321940559399771 -0.05521125302807312 0.04873666000635163 0.07826266284589944 0.06065558279563418 0.03263613587784903 0.09320888956734305
 -0.05394509243774145 -0.01559029965889755 0.08970092059374205 -0.07703645139165921 -0.02400616418387916 -0.06594588772636184 -0.08611562493596464 -0.03952456492785487 -0.07192491287293276 -0.02254432066327122 0.08967302079575179 -0.05736791834639771
 0.03535845827750256 -0.06840637395562223 -0.0294639914829793 0.0996029258071964 0.06731637884509498 0.06585404199242223 0.05874346596009236 0.04922529132923256 0.0875030071609488 -0.01409847885706225 0.05427412443310006 0.09532627063984267
 0.02940178851197292 -0.09352704975951986 -0.06407177839644015 0.02928734623447343 0.05554633373719753 0.02811568526020963 0.07833819311665022 0.01457897493736986 -0.0008864682976476995 -0.03775944202079434 -0.04093871034059517 0.02670024627902973
 0.04383645235691813 0.08332100387686694 -0.050107872536233 -0.03808655808037255 -0.02392818859173997 0.05073793830414194 0.07255662576908586 0.02873219412592568 -0.09922057732289329 -0.02796145205581674 0.05531029152514894 0.06502992069356064
 -0.07769975790245377 0.03828714242435377 -0.02527435161279636 0.08194829969459913 -0.04703556291643984 0.06980631787132827 -0.08007672417011788 0.05919243843858146 -0.00577366237432296 0.0963293637490307 -0.0516868108869612 -0.0495790852802776
 -0.0204025971262998 -0.08276758957910232 -0.02699876564657308 0.05021009481118763 0.05163324255026366 0.05730983144774879 -0.07277092272648128 0.03690470709232793 0.03151467475381689 -0.08993953989223606 0.01106725297106756 -0.08657840535943766
 -0.001217421274923955 0.07163034430961213 0.04394138801394804 0.04428715862678323 0.02878105505449291 0.08892717761031713 0.08318746436504951 0.07540392417643527 -0.06399698986797761 0.06228627385342797 0.05316761602952549 -0.03235779854951476
 -0.09255133012510597 0.0179413756929681 -0.02349021408411248 0.0482287564207948 -0.01831902635462165 -0.08228478924918398 0.07032179837266017 0.09393727438492772 0.06701468543708333 0.02740655406928888 -0.07986354208314855 0.003222811355154759
 0.07398668300770522 -0.03680246171973771 0.03574832806210346 -0.03026194078084504 0.03101990047066844 -0.07395451183913974 -0.08280148006314163 -0.0603889134392904 -0.02320482100992284 0.07185704961352157 0.05667276640435975 -0.09660378182302762
 -0.09377454282355399 -0.0103405897030119 0.08609844820044563 0.01068711026560812 -0.04368209217447806 -0.07615237503479297 -0.0302925293281428 -0.03132348486785705 0.07415256176259036 0.04820508254096875 -0.01984358958884512 -0.03486940733729572
