# Created by Octave 4.0.0, Mon Oct 09 02:00:26 2017 BRT <wander@wander-S400CA>
# name: w2
# type: matrix
# rows: 1
# columns: 201
 -0.0001302398175529486 0.0002850882288480123 0.0123138402999896 0.001834844532318565 -0.0001022009649578179 -0.0002144458084816896 0.000720927336435669 -0.0001413952273369668 0.00030271451923554 0.0002017780361363604 -3.45652334347573e-05 -0.0003118153345225895 0.0001263286316698419 0.0001088205909345937 -0.00161964064163418 -2.823230376719384e-05 0.0001135219516531498 -0.0002830615278586076 0.0006342847167191788 0.001026419442567218 -0.0001664432476825182 7.997906234547289e-05 -0.001525775322790173 -0.0004368976059092076 -0.0002051098148381076 5.24076078080461e-05 -5.924543879463965e-05 0.001151668847499218 0.0002822610888521495 -0.0001604248042061875 -4.439569319666391e-05 9.435100253443681e-06 -0.0005983366670152106 0.0008852696302143493 -0.0001228126585990733 0.001239077391408465 0.001034407648289849 -3.345614049664099e-06 0.0001443934796330213 0.0004969209959192479 0.0006099706695802912 0.0002209199114891096 -0.0002652596333672088 0.0004981277323798871 0.0002267998074700694 -6.894504663902529e-05 0.002311374476759983 0.0005552333541755063 -0.006248862927983029 0.0001871349993330519 0.00014103904059999 0.0001829877749080026 0.000524145682974084 -0.0008196818799004874 0.0002821082168032091 1.22004514230498e-05 0.0001852174456744452 0.0004473365700348317 0.0001188292078535354 -0.0004094915701631107 -3.082888924038423e-05 -9.468280258161949e-05 -0.0005228612227579616 4.999946716699146e-06 -0.0002274887419174729 0.0001567802524573592 -0.002232655403876631 3.103747557505509e-05 3.119397857196924e-05 -0.0005270270645872737 0.0001665702042092033 1.471931288912815e-05 0.00233519002085374 -0.0007388057382287113 3.73257355426844e-05 6.238179459491019e-05 0.0001932429638446971 -0.0002293309329003291 0.006768633086321286 -0.0001186593408598124 8.981991632495082e-06 -0.0003410140485267183 -0.0004178113588539211 -0.0005096076408244816 0.0002157277395756824 -0.0005080262445650004 -3.180543972050598e-05 -0.0001213892217344923 -0.0001597084901596182 0.0006983425151952727 -1.444300219817536 -0.0002186969439077837 0.0003009513514808696 -0.0002118360152021146 -0.0004726487921324902 -0.0001951738637861719 -0.0001576698700706929 0.00574216781838781 -0.00206128062042863 0.002117086292951503 0.0003895315430147001 0.001942209106882944 -0.0004796025049070892 0.0002349354743045769 0.0002177720492052469 -0.0001477650652114252 -0.000244193505658698 0.0004307512958385116 -7.088076133967202e-05 -0.0002802856884221149 -0.001084548886807462 -0.0005468102493893999 -0.001292788767732677 -7.063265830167279e-05 0.0003438301007096004 0.0002601989639526601 8.504739872433286e-05 7.145948642100725e-05 -0.0004257555948151801 0.000589647592030637 0.0001130344565275296 -0.0002502381962479168 0.0006528658177751229 -1.632833052185142e-05 5.691909867756483e-05 -8.64669887364044e-05 -0.0005581355485906585 0.0003754975203810402 -9.718111185779746e-06 7.996652928533883e-06 0.0002571429798625857 0.0006175803158234377 0.0003500293094571943 0.0001274503121608179 0.0009098659425259246 -0.0001059542697551995 -0.002991478783832869 -6.39468743624159e-05 -2.072542500339078e-05 -0.0001414071172146558 0.0003796784405203176 -0.0001860030261568491 0.0003164554841381192 0.001338636453062228 0.0001299959325367092 0.0005495458178107849 0.0001368403516784759 -5.155320435619366e-05 -0.0002082015883907589 -1.946738232174564e-05 -0.0001019965084177573 -0.002639352186737175 0.0002720849014852441 -0.0003225324305814883 -0.0001673287137410025 -7.245244998058715e-05 -7.454867893689309e-05 -0.0005939131146513356 9.901207334042177e-05 0.0001047608370128493 -0.000658198015298689 -0.0001219655453415484 -0.0001154672606347947 -3.241067145433112e-05 0.002139154781891135 7.245739883645925e-05 -0.0003033756609480157 -0.0001347873163184369 0.0004334413247936359 -0.000344827285481864 -5.074803415198987e-05 -1.730483857497552e-05 0.00752087618870912 0.00401677844590811 -0.0001131648299054691 -4.652210316464492e-05 0.0001279238446003539 0.0002935210296767056 0.007370285829471356 -0.0003550779024117888 -0.0005758312047068923 -0.0002541058099384831 -0.0007364286788354691 -0.0003365103936417637 0.0001365236925793929 8.795192563683029e-05 0.0001142754547077226 0.0001758518335506022 -0.0003810805273886681 0.000574731210242464 1.338337273782287e-05 0.002127820500108068 -0.0001283995134645141 0.0002261911840290566 -0.0002835142990084758 0.0003063466585972452 0.0004330222129235759 -4.043957973570475e-05 1.407878618853226e-05 -0.002723957471819615 0.8548821362593765


