# Created by Octave 4.2.1, Mon Oct 09 13:26:44 2017 BRT <root@mosqueiro>
# name: pop
# type: matrix
# rows: 300
# columns: 5
 1201.670144035395 -8073.147406453999 -262.5096039195796 4437.857937227654 2706.509769408711
 1201.670144035395 -8073.147406453999 -262.5096039195796 4437.857937227654 2706.509769408711
 1201.670144035395 -8073.147406453999 -262.5096039195796 4437.857937227654 2706.509769408711
 1201.670144035395 -8073.147406453999 -262.5096039195796 4437.857937227654 2706.509769408711
 1201.670144035395 -8073.147406453999 -262.5096039195796 4437.857937227654 2706.509769408711
 1201.670144035395 -8073.147406453999 -262.5096039195796 4437.857937227654 2706.509769408711
 -1218.931773593018 -9161.82531276346 8580.729008747727 9967.767793723524 -8415.965175543064
 30307.85881810591 8441.693789307843 45359.31430578472 -20228.6667563637 -25654.97791385453
 1201.670144035395 -8073.147406453999 -262.5096039195796 4437.857937227654 2706.509769408711
 1201.670144035395 -8073.147406453999 -262.5096039195796 4437.857937227654 2706.509769408711
 1201.670144035395 -8073.147406453999 -262.5096039195796 4437.857937227654 2706.509769408711
 106.5360902379048 -8398.802832301128 1315.926239078308 6472.423346164433 2118.312238640186
 8759.170230376079 -8594.845436765767 6321.373306545491 13759.41800205809 -2851.991711436893
 -2324.69810687496 -6233.213342583525 1642.036751698837 4539.01387811108 6235.887440548346
 6301.427787395179 5217.337601726407 3741.84836223968 6576.350135979792 -8719.017962133301
 1201.670144035395 -8073.147406453999 -262.5096039195796 4437.857937227654 2706.509769408711
 1201.670144035395 -8073.147406453999 -262.5096039195796 4437.857937227654 2706.509769408711
 1201.670144035395 -8073.147406453999 -262.5096039195796 4437.857937227654 2706.509769408711
 -8966.802841608531 6656.617363506462 6142.475938198535 8734.862898139505 -3217.099309879069
 1201.670144035395 -8073.147406453999 -262.5096039195796 4437.857937227654 2706.509769408711
 -4150.92183292947 6162.320825046389 -6056.954183701147 -2607.49801235778 6717.41847923776
 1201.670144035395 -8073.147406453999 -262.5096039195796 4437.857937227654 2706.509769408711
 -3010.058956313245 -5468.617482653458 -2136.799035462938 2136.34975727997 9191.692395992883
 1201.670144035395 -8073.147406453999 -262.5096039195796 4437.857937227654 2706.509769408711
 1201.670144035395 -8073.147406453999 -262.5096039195796 4437.857937227654 2706.509769408711
 11575.24921704806 10721.36294056879 -2087.59896136882 98.63775035802882 -3400.168987509551
 159.9582632419508 -6922.928489450753 258.1702456814529 456.9293702710329 5954.327325530134
 1201.670144035395 -8073.147406453999 -262.5096039195796 4437.857937227654 2706.509769408711
 1201.670144035395 -8073.147406453999 -262.5096039195796 4437.857937227654 2706.509769408711
 1201.670144035395 -8073.147406453999 -262.5096039195796 4437.857937227654 2706.509769408711
 1201.670144035395 -8073.147406453999 -262.5096039195796 4437.857937227654 2706.509769408711
 5367.02302631037 -8874.639973677895 -415.5406777328287 -1253.902583898291 -255.8130598294788
 1201.670144035395 -8073.147406453999 -262.5096039195796 4437.857937227654 2706.509769408711
 1201.670144035395 -8073.147406453999 -262.5096039195796 4437.857937227654 2706.509769408711
 1201.670144035395 -8073.147406453999 -262.5096039195796 4437.857937227654 2706.509769408711
 1201.670144035395 -8073.147406453999 -262.5096039195796 4437.857937227654 2706.509769408711
 -1455.115607119102 -9188.425772489163 -695.1725069926713 674.7085202415587 12.20631489019206
 -7438.014790743627 6062.489880874746 -3073.773723421148 8857.796283785516 -4633.767885757288
 1201.670144035395 -8073.147406453999 -262.5096039195796 4437.857937227654 2706.509769408711
 12797.11990327743 -266.9750523008806 -7158.322340187587 1395.493181627967 787.9580337204943
 -3010.058956313245 -5468.617482653458 -2136.799035462938 2136.34975727997 9191.692395992883
 -2324.69810687496 -6233.213342583525 1642.036751698837 4539.01387811108 6235.887440548346
 1201.670144035395 -8073.147406453999 -262.5096039195796 4437.857937227654 2706.509769408711
 1201.670144035395 -8073.147406453999 -262.5096039195796 4437.857937227654 2706.509769408711
 1201.670144035395 -8073.147406453999 -262.5096039195796 4437.857937227654 2706.509769408711
 1201.670144035395 -8073.147406453999 -262.5096039195796 4437.857937227654 2706.509769408711
 1201.670144035395 -8073.147406453999 -262.5096039195796 4437.857937227654 2706.509769408711
 1201.670144035395 -8073.147406453999 -262.5096039195796 4437.857937227654 2706.509769408711
 1201.670144035395 -8073.147406453999 -262.5096039195796 4437.857937227654 2706.509769408711
 1201.670144035395 -8073.147406453999 -262.5096039195796 4437.857937227654 2706.509769408711
 1201.670144035395 -8073.147406453999 -262.5096039195796 4437.857937227654 2706.509769408711
 1201.670144035395 -8073.147406453999 -262.5096039195796 4437.857937227654 2706.509769408711
 1201.670144035395 -8073.147406453999 -262.5096039195796 4437.857937227654 2706.509769408711
 1201.670144035395 -8073.147406453999 -262.5096039195796 4437.857937227654 2706.509769408711
 1201.670144035395 -8073.147406453999 -262.5096039195796 4437.857937227654 2706.509769408711
 -4150.92183292947 6162.320825046389 -6056.954183701147 -2607.49801235778 6717.41847923776
 1201.670144035395 -8073.147406453999 -262.5096039195796 4437.857937227654 2706.509769408711
 -1218.931773593018 -9161.82531276346 8580.729008747727 9967.767793723524 -8415.965175543064
 1201.670144035395 -8073.147406453999 -262.5096039195796 4437.857937227654 2706.509769408711
 1201.670144035395 -8073.147406453999 -262.5096039195796 4437.857937227654 2706.509769408711
 16919.2931091679 -3707.315699745118 -1723.378827685774 -15286.02274821755 -5104.826298501726
 1201.670144035395 -8073.147406453999 -262.5096039195796 4437.857937227654 2706.509769408711
 1201.670144035395 -8073.147406453999 -262.5096039195796 4437.857937227654 2706.509769408711
 1201.670144035395 -8073.147406453999 -262.5096039195796 4437.857937227654 2706.509769408711
 1201.670144035395 -8073.147406453999 -262.5096039195796 4437.857937227654 2706.509769408711
 -2324.69810687496 -6233.213342583525 1642.036751698837 4539.01387811108 6235.887440548346
 1201.670144035395 -8073.147406453999 -262.5096039195796 4437.857937227654 2706.509769408711
 -238.2008497707211 -13023.39559844013 -1146.657245756023 2978.790356386087 -450.2906866772723
 1201.670144035395 -8073.147406453999 -262.5096039195796 4437.857937227654 2706.509769408711
 8216.10507714394 9051.122399208782 -9928.599447440232 25526.4059344771 -16004.66820827047
 4197.022996546557 -4349.864757707053 -337.2174221342113 2928.054681685497 8448.887813857567
 1201.670144035395 -8073.147406453999 -262.5096039195796 4437.857937227654 2706.509769408711
 16919.2931091679 -3707.315699745118 -1723.378827685774 -15286.02274821755 -5104.826298501726
 -4520.827464517418 1098.066339202689 -1729.102321981688 35766.39832746964 -11824.61945870262
 -4150.92183292947 6162.320825046389 -6056.954183701147 -2607.49801235778 6717.41847923776
 1201.670144035395 -8073.147406453999 -262.5096039195796 4437.857937227654 2706.509769408711
 1201.670144035395 -8073.147406453999 -262.5096039195796 4437.857937227654 2706.509769408711
 1201.670144035395 -8073.147406453999 -262.5096039195796 4437.857937227654 2706.509769408711
 17895.29941536409 -6877.543593773165 11626.71625179746 8836.651213318095 3127.340472114351
 1201.670144035395 -8073.147406453999 -262.5096039195796 4437.857937227654 2706.509769408711
 1201.670144035395 -8073.147406453999 -262.5096039195796 4437.857937227654 2706.509769408711
 1201.670144035395 -8073.147406453999 -262.5096039195796 4437.857937227654 2706.509769408711
 1644.451567788328 -12837.53941295349 1240.305788735892 -235.448630301451 4252.126277587424
 1644.451567788328 -12837.53941295349 1240.305788735892 -235.448630301451 4252.126277587424
