# Created by Octave 4.2.1, Mon Oct 09 13:26:31 2017 BRT <root@mosqueiro>
# name: pop
# type: matrix
# rows: 300
# columns: 5
 1201.670144035395 -8073.147406453999 -262.5096039195796 4437.857937227654 2706.509769408711
 1201.670144035395 -8073.147406453999 -262.5096039195796 4437.857937227654 2706.509769408711
 -7121.023970545296 1512.946294244262 -2703.184574347829 2568.183553321331 9817.634967113943
 -5653.436688166205 -9800.883309614162 9796.521071361138 1389.3211258438 1658.044683707185
 3915.899583844324 -4072.371962722506 -2979.87087212708 4403.854121608279 -1256.962823348007
 4631.738969152982 -9637.284773830661 -5375.967751120071 -9746.031977736699 -9076.245969271638
 7062.008884611234 -3879.051710167122 -3744.689028356941 4435.994218737107 874.4151193051512
 5264.758023866346 18973.74852580915 -8588.698959467138 -8575.79809310475 -7291.216849195445
 14252.54512177965 30891.90495947186 -2686.173745984165 -10956.08960572652 -29141.95826944954
 -7577.53572832345 84.10908607018246 6587.930869272186 8203.232736182992 -4327.11011222157
 5663.134320090125 94.14151984140153 -637.1965520233189 1741.23177841182 -6069.683446337416
 1201.670144035395 -8073.147406453999 -262.5096039195796 4437.857937227654 2706.509769408711
 1201.670144035395 -8073.147406453999 -262.5096039195796 4437.857937227654 2706.509769408711
 -4850.535731185735 3056.905718243521 2105.240418164982 2845.760632006648 -3331.893067498816
 1201.670144035395 -8073.147406453999 -262.5096039195796 4437.857937227654 2706.509769408711
 -6050.355037500471 8588.928280604294 -247.2323505613313 -5554.620732742962 6358.131228375607
 1201.670144035395 -8073.147406453999 -262.5096039195796 4437.857937227654 2706.509769408711
 -1218.931773593018 -9161.82531276346 8580.729008747727 9967.767793723524 -8415.965175543064
 1201.670144035395 -8073.147406453999 -262.5096039195796 4437.857937227654 2706.509769408711
 1800.18201207528 -2514.948321512777 -5289.883207575351 3389.385639395703 8523.723013763571
 3915.899583844324 -4072.371962722506 -2979.87087212708 4403.854121608279 -1256.962823348007
 4084.52723615759 64.16789801015875 -5318.197524442877 378.7715525612421 -8600.226996622741
 1201.670144035395 -8073.147406453999 -262.5096039195796 4437.857937227654 2706.509769408711
 8390.484908364448 -1830.822904539777 5239.346179354141 207.1304129578839 -4187.541389331569
 1201.670144035395 -8073.147406453999 -262.5096039195796 4437.857937227654 2706.509769408711
 3915.899583844324 -4072.371962722506 -2979.87087212708 4403.854121608279 -1256.962823348007
 1201.670144035395 -8073.147406453999 -262.5096039195796 4437.857937227654 2706.509769408711
 -4276.359005239809 12198.11320622545 21355.22527706682 8169.201261551721 6126.978118160647
 -11918.00087901327 32915.13611493243 8250.998878690887 21587.75940046887 -4578.89710502738
 -1218.931773593018 -9161.82531276346 8580.729008747727 9967.767793723524 -8415.965175543064
 1201.670144035395 -8073.147406453999 -262.5096039195796 4437.857937227654 2706.509769408711
 1223.700980432055 2281.751824503675 -6226.774663621891 9080.747494407206 -6545.43276376213
 1201.670144035395 -8073.147406453999 -262.5096039195796 4437.857937227654 2706.509769408711
 -4150.92183292947 6162.320825046389 -6056.954183701147 -2607.49801235778 6717.41847923776
 -4150.92183292947 6162.320825046389 -6056.954183701147 -2607.49801235778 6717.41847923776
 -31662.49749137779 -1417.992449231417 9525.078108417732 553.4021938233881 3977.916066955397
 1201.670144035395 -8073.147406453999 -262.5096039195796 4437.857937227654 2706.509769408711
 6873.274882485635 9183.209064970913 -1044.4924529052 -5145.001322206838 2157.611817168488
 -3798.048044473253 -5718.90500632812 4264.021173325464 -9459.146682892373 3693.511357993271
 1201.670144035395 -8073.147406453999 -262.5096039195796 4437.857937227654 2706.509769408711
 -3010.058956313245 -5468.617482653458 -2136.799035462938 2136.34975727997 9191.692395992883
 3915.899583844324 -4072.371962722506 -2979.87087212708 4403.854121608279 -1256.962823348007
 1201.670144035395 -8073.147406453999 -262.5096039195796 4437.857937227654 2706.509769408711
 -4150.92183292947 6162.320825046389 -6056.954183701147 -2607.49801235778 6717.41847923776
 -4150.92183292947 6162.320825046389 -6056.954183701147 -2607.49801235778 6717.41847923776
 -2430.912878818066 -12102.28160240325 27375.42038246653 1297.113086278014 -5241.82099907177
 1201.670144035395 -8073.147406453999 -262.5096039195796 4437.857937227654 2706.509769408711
 14252.54512177965 30891.90495947186 -2686.173745984165 -10956.08960572652 -29141.95826944954
 1223.700980432055 2281.751824503675 -6226.774663621891 9080.747494407206 -6545.43276376213
 1201.670144035395 -8073.147406453999 -262.5096039195796 4437.857937227654 2706.509769408711
 1223.700980432055 2281.751824503675 -6226.774663621891 9080.747494407206 -6545.43276376213
 -4850.535731185735 3056.905718243521 2105.240418164982 2845.760632006648 -3331.893067498816
 -7605.276569300973 7563.204462962298 -4724.527968754165 349.9540030033913 6100.354515843364
 1201.670144035395 -8073.147406453999 -262.5096039195796 4437.857937227654 2706.509769408711
 -7438.014790743627 6062.489880874746 -3073.773723421148 8857.796283785516 -4633.767885757288
 3720.467769097706 7519.998492464943 -9447.19153658235 2413.910011093991 1407.208579071706
 1201.670144035395 -8073.147406453999 -262.5096039195796 4437.857937227654 2706.509769408711
 1223.700980432055 2281.751824503675 -6226.774663621891 9080.747494407206 -6545.43276376213
 1201.670144035395 -8073.147406453999 -262.5096039195796 4437.857937227654 2706.509769408711
 5264.758023866346 18973.74852580915 -8588.698959467138 -8575.79809310475 -7291.216849195445
 1201.670144035395 -8073.147406453999 -262.5096039195796 4437.857937227654 2706.509769408711
 -41167.26926659716 -1426.906767557991 2873.785081311878 -8735.362334932208 -43373.75620213642
 1201.670144035395 -8073.147406453999 -262.5096039195796 4437.857937227654 2706.509769408711
 1201.670144035395 -8073.147406453999 -262.5096039195796 4437.857937227654 2706.509769408711
 1201.670144035395 -8073.147406453999 -262.5096039195796 4437.857937227654 2706.509769408711
 5264.758023866346 18973.74852580915 -8588.698959467138 -8575.79809310475 -7291.216849195445
 5264.758023866346 18973.74852580915 -8588.698959467138 -8575.79809310475 -7291.216849195445
 3720.467769097706 7519.998492464943 -9447.19153658235 2413.910011093991 1407.208579071706
 -6815.49268443756 5590.657853101602 17288.49634958093 7806.921291331565 383.0543432030663
 -7121.023970545296 1512.946294244262 -2703.184574347829 2568.183553321331 9817.634967113943
 1201.670144035395 -8073.147406453999 -262.5096039195796 4437.857937227654 2706.509769408711
 1201.670144035395 -8073.147406453999 -262.5096039195796 4437.857937227654 2706.509769408711
 -7121.023970545296 1512.946294244262 -2703.184574347829 2568.183553321331 9817.634967113943
 3915.899583844324 -4072.371962722506 -2979.87087212708 4403.854121608279 -1256.962823348007
 1223.700980432055 2281.751824503675 -6226.774663621891 9080.747494407206 -6545.43276376213
 -5000.653110671202 8060.593779158789 572.4870540641696 3762.110098011533 -6621.20590442496
 3915.899583844324 -4072.371962722506 -2979.87087212708 4403.854121608279 -1256.962823348007
 2454.617875373053 510.3400142698174 -3636.594504705143 7043.215013278135 -4549.266607921198
 1201.670144035395 -8073.147406453999 -262.5096039195796 4437.857937227654 2706.509769408711
 1201.670144035395 -8073.147406453999 -262.5096039195796 4437.857937227654 2706.509769408711
 -4850.535731185735 3056.905718243521 2105.240418164982 2845.760632006648 -3331.893067498816
 -4150.92183292947 6162.320825046389 -6056.954183701147 -2607.49801235778 6717.41847923776
 19819.39176417267 9773.108618934501 714.8137758412968 35409.08766367502 -5122.190294250689
 -16723.91774034001 17890.0052985494 -813.4325548353336 47585.26895697491 10178.30766736961
