# Created by Octave 4.2.1, Mon Oct 09 13:26:23 2017 BRT <root@mosqueiro>
# name: pop
# type: matrix
# rows: 300
# columns: 5
 1201.670144035395 -8073.147406453999 -262.5096039195796 4437.857937227654 2706.509769408711
 3915.899583844324 -4072.371962722506 -2979.87087212708 4403.854121608279 -1256.962823348007
 7986.418295558844 701.2378532591429 5330.260860237939 8721.864873585986 3452.300938727671
 3155.111991728414 3374.764896000526 7601.660160502943 -840.2066819406737 -3176.648516230171
 3642.350482552014 3161.18239142021 926.3573924909469 -6625.610580954334 8979.159738557195
 -4919.8582406386 -5750.409974534162 5617.402016724729 -7826.94046650717 -4460.52828699606
 -4803.594821672343 -6226.932364482328 7397.476208900021 6725.986307504882 4870.543060419639
 1223.700980432055 2281.751824503675 -6226.774663621891 9080.747494407206 -6545.43276376213
 -1925.720338356008 -2538.77999880865 -3549.107761706362 1164.637987949303 -2340.446218203883
 6873.274882485635 9183.209064970913 -1044.4924529052 -5145.001322206838 2157.611817168488
 7062.008884611234 -3879.051710167122 -3744.689028356941 4435.994218737107 874.4151193051512
 7817.415987766446 -9449.336878872238 5233.630851838081 5343.334228110289 -7840.941026452514
 3858.510878291519 9750.18290274125 5978.159589914849 733.1314362622288 -8720.88992306269
 -7605.276569300973 7563.204462962298 -4724.527968754165 349.9540030033913 6100.354515843364
 7805.049574747081 -5070.768625955699 -6359.155518294056 -2647.424534312507 -1903.393897674858
 8847.136310596899 -1727.665401448765 5236.603893677286 -6923.966174219377 4394.379260314185
 -7605.276569300973 7563.204462962298 -4724.527968754165 349.9540030033913 6100.354515843364
 2379.52281349947 1642.515569394789 -2836.724617364392 5632.273191892069 -9706.594801902555
 -4702.104751210953 8042.762414943718 -8699.177818034626 -8933.351118398003 -1108.851520346085
 -5807.655475015559 7897.225820869451 -3045.180209651582 -4688.997868279644 -7391.10877673513
 5192.742705539857 -2685.237266507107 -7531.013698680774 5651.916177249863 3974.899565460544
 6021.319853160527 3406.756422286233 -4568.934888969126 2325.111440721408 1941.269136153423
 -1629.865824727165 -4602.005561585551 8816.234322553843 -5915.884293287618 2044.532042561215
 -9678.775672371903 1807.593859172381 1107.432759751538 8156.228663832462 4262.992621778743
 -8966.802841608531 6656.617363506462 6142.475938198535 8734.862898139505 -3217.099309879069
 1223.700980432055 2281.751824503675 -6226.774663621891 9080.747494407206 -6545.43276376213
 1201.670144035395 -8073.147406453999 -262.5096039195796 4437.857937227654 2706.509769408711
 3915.899583844324 -4072.371962722506 -2979.87087212708 4403.854121608279 -1256.962823348007
 -1005.987500640722 6246.508414198986 -709.3424233317055 -7890.291673651059 -1615.238779079373
 -1629.865824727165 -4602.005561585551 8816.234322553843 -5915.884293287618 2044.532042561215
 2060.165941327352 7987.710550474025 1167.894304894164 -6799.402862867557 -9784.89168222091
 -4850.535731185735 3056.905718243521 2105.240418164982 2845.760632006648 -3331.893067498816
 -7577.53572832345 84.10908607018246 6587.930869272186 8203.232736182992 -4327.11011222157
 5663.134320090125 94.14151984140153 -637.1965520233189 1741.23177841182 -6069.683446337416
 154.430316041271 4667.615471524126 4164.953876448613 8347.254790589857 -8347.505440495099
 -471.584519732116 5252.578219486339 2905.580934473992 4154.258574070749 7910.555785308043
 -3096.207942024923 2666.665174632633 4459.815396352935 9489.136840228799 4828.616328550841
 3547.649893451333 5130.546108888928 -1724.544321302279 -2598.909341162331 971.8283435445101
 -4803.594821672343 -6226.932364482328 7397.476208900021 6725.986307504882 4870.543060419639
 -2556.864292484234 -9534.306097712291 2018.639999264678 6445.918101751133 8772.201921709147
 4738.809815471006 -2737.698403817424 8113.266333098116 7946.099012585346 7726.420210561027
 -9847.732964929799 8478.12478706082 6717.565352238475 -1276.466843507618 6007.360214072805
 -8360.08808067369 -9454.517921484539 -393.9997517685424 4149.073493013577 -2457.546856298355
 7622.678436173625 -94.5487758505642 8126.867883726467 -8420.64297351807 -912.2697407143169
 -9084.042636506734 7183.107818372897 5767.508164462224 -9654.496944329305 -5584.089565799236
 6021.319853160527 3406.756422286233 -4568.934888969126 2325.111440721408 1941.269136153423
 2862.715613711805 -2586.947712945745 9326.207150819097 -9288.638080973962 -3916.866383016028
 -5000.653110671202 8060.593779158789 572.4870540641696 3762.110098011533 -6621.20590442496
 -6050.355037500471 8588.928280604294 -247.2323505613313 -5554.620732742962 6358.131228375607
 1201.670144035395 -8073.147406453999 -262.5096039195796 4437.857937227654 2706.509769408711
 -4850.535731185735 3056.905718243521 2105.240418164982 2845.760632006648 -3331.893067498816
 -1587.819241392654 4134.064013095724 3710.538610993972 3926.653140336817 -1707.293614401426
 8366.923836802805 -2708.625349369248 6207.73395945321 8321.004497671343 -6951.940234234275
 3547.649893451333 5130.546108888928 -1724.544321302279 -2598.909341162331 971.8283435445101
 -2478.751327058725 3303.12284686949 -2007.06829193887 -607.6303736237751 2267.510745874393
 -7438.014790743627 6062.489880874746 -3073.773723421148 8857.796283785516 -4633.767885757288
 -2416.319887483006 -3630.591375395999 -1958.159384857451 6573.333248202889 5760.49552528224
 6094.010050122019 9241.37066910564 -648.9018297613329 2588.777031891666 -1445.054864545284
 2379.52281349947 1642.515569394789 -2836.724617364392 5632.273191892069 -9706.594801902555
 -496.4746617117671 5798.258887129166 -8165.619692871243 -9366.578181047502 4464.780596187946
 4744.960102941024 7871.704072315017 -3535.800623219533 -5247.715708934139 -9003.707541829053
 -4590.255876865222 1164.87748774238 7511.322188551389 2957.160109415319 -6167.558355003934
 453.9996224327533 -9410.300515185678 -748.2897227337708 4818.36438745118 -1632.561313729166
 7062.008884611234 -3879.051710167122 -3744.689028356941 4435.994218737107 874.4151193051512
 394.7100848812297 -7968.535344232651 -7133.532975971291 816.7100551463609 -8773.348083105784
 -1381.628303807163 3905.268731999548 -9228.322108113422 9326.881831170529 -1140.505649976387
 3623.41388657206 6412.740258333779 -2399.234605901675 2512.636576377958 3134.139489313393
 -8774.282045860677 -6105.210654023198 4826.509042987525 6348.204358613524 4.583764737588353
 -4850.535731185735 3056.905718243521 2105.240418164982 2845.760632006648 -3331.893067498816
 -3195.79092182 8912.733415047402 -1015.635291154485 -2146.68387223817 -1554.634148651179
 -283.561309382254 6963.425352446062 -5170.779622425735 3954.500150406002 4364.911222210303
 -1162.226038978444 -4899.558077091149 -5997.072024762989 9167.672255715181 -8320.05957628372
 -5770.556131505321 79.41427268605548 6110.74613641225 -419.3108331779567 8766.721508609997
 685.2952767767765 -4074.622377465119 7129.628185994876 -4713.560964312692 3844.450454128644
 -3010.058956313245 -5468.617482653458 -2136.799035462938 2136.34975727997 9191.692395992883
 -6496.144931392688 -1538.243993356555 -1045.789776147647 -2114.788874553525 5152.773612670879
 4738.809815471006 -2737.698403817424 8113.266333098116 7946.099012585346 7726.420210561027
 -8360.08808067369 -9454.517921484539 -393.9997517685424 4149.073493013577 -2457.546856298355
 -6834.642819278739 -7180.049122097435 5987.998091402826 -7835.068576470189 3833.933048179093
 -3195.79092182 8912.733415047402 -1015.635291154485 -2146.68387223817 -1554.634148651179
 -8631.564432180821 8927.920844935681 9696.344299999942 -8750.25540488232 3347.010483268721
 5353.705263766738 -3373.363623482405 -637.9183211809159 8137.938274535725 3896.794967917433
 3146.515107760823 3078.585059993309 -8209.742974050097 106.0820040443305 2105.07936671975
 1534.358777480271 -5610.337163292666 3071.959436590836 3710.487479354297 -279.0083489424051
