# Created by Octave 4.2.1, Mon Oct 09 13:26:41 2017 BRT <root@mosqueiro>
# name: pop
# type: matrix
# rows: 300
# columns: 5
 1201.670144035395 -8073.147406453999 -262.5096039195796 4437.857937227654 2706.509769408711
 1201.670144035395 -8073.147406453999 -262.5096039195796 4437.857937227654 2706.509769408711
 1201.670144035395 -8073.147406453999 -262.5096039195796 4437.857937227654 2706.509769408711
 10571.91624720737 -11954.13825121577 19787.93405138349 16052.7855580525 -5242.00705515227
 1201.670144035395 -8073.147406453999 -262.5096039195796 4437.857937227654 2706.509769408711
 1201.670144035395 -8073.147406453999 -262.5096039195796 4437.857937227654 2706.509769408711
 1201.670144035395 -8073.147406453999 -262.5096039195796 4437.857937227654 2706.509769408711
 3915.899583844324 -4072.371962722506 -2979.87087212708 4403.854121608279 -1256.962823348007
 1201.670144035395 -8073.147406453999 -262.5096039195796 4437.857937227654 2706.509769408711
 4320.234319889394 -4145.185754044826 6532.920196712724 -3550.254286811324 5285.401219213887
 1201.670144035395 -8073.147406453999 -262.5096039195796 4437.857937227654 2706.509769408711
 1223.700980432055 2281.751824503675 -6226.774663621891 9080.747494407206 -6545.43276376213
 1201.670144035395 -8073.147406453999 -262.5096039195796 4437.857937227654 2706.509769408711
 1201.670144035395 -8073.147406453999 -262.5096039195796 4437.857937227654 2706.509769408711
 -1162.226038978444 -4899.558077091149 -5997.072024762989 9167.672255715181 -8320.05957628372
 1201.670144035395 -8073.147406453999 -262.5096039195796 4437.857937227654 2706.509769408711
 1201.670144035395 -8073.147406453999 -262.5096039195796 4437.857937227654 2706.509769408711
 1201.670144035395 -8073.147406453999 -262.5096039195796 4437.857937227654 2706.509769408711
 1201.670144035395 -8073.147406453999 -262.5096039195796 4437.857937227654 2706.509769408711
 1201.670144035395 -8073.147406453999 -262.5096039195796 4437.857937227654 2706.509769408711
 -7438.014790743627 6062.489880874746 -3073.773723421148 8857.796283785516 -4633.767885757288
 1201.670144035395 -8073.147406453999 -262.5096039195796 4437.857937227654 2706.509769408711
 1201.670144035395 -8073.147406453999 -262.5096039195796 4437.857937227654 2706.509769408711
 1201.670144035395 -8073.147406453999 -262.5096039195796 4437.857937227654 2706.509769408711
 1201.670144035395 -8073.147406453999 -262.5096039195796 4437.857937227654 2706.509769408711
 -4520.827464517418 1098.066339202689 -1729.102321981688 35766.39832746964 -11824.61945870262
 1223.700980432055 2281.751824503675 -6226.774663621891 9080.747494407206 -6545.43276376213
 -4150.92183292947 6162.320825046389 -6056.954183701147 -2607.49801235778 6717.41847923776
 1201.670144035395 -8073.147406453999 -262.5096039195796 4437.857937227654 2706.509769408711
 22261.84127866674 11493.50354812875 -17876.9239553241 567.7375561670779 -39729.85745003096
 6873.274882485635 9183.209064970913 -1044.4924529052 -5145.001322206838 2157.611817168488
 -6050.355037500471 8588.928280604294 -247.2323505613313 -5554.620732742962 6358.131228375607
 26453.2390233651 19870.84231762385 41726.80814033661 -19205.25932185296 -30479.35361308054
 1201.670144035395 -8073.147406453999 -262.5096039195796 4437.857937227654 2706.509769408711
 1.148739847670186 -10226.66000742084 -10319.38886760901 17988.53704382306 -18858.91581885899
 1201.670144035395 -8073.147406453999 -262.5096039195796 4437.857937227654 2706.509769408711
 8216.10507714394 9051.122399208782 -9928.599447440232 25526.4059344771 -16004.66820827047
 -10668.2133340332 -5183.240746215191 -17735.19557862574 5982.866919442869 3073.914397069554
 8759.170230376079 -8594.845436765767 6321.373306545491 13759.41800205809 -2851.991711436893
 -7471.985485903821 -7657.799554254243 -26539.79924726293 10788.60500822484 8168.91832790812
 1201.670144035395 -8073.147406453999 -262.5096039195796 4437.857937227654 2706.509769408711
 1201.670144035395 -8073.147406453999 -262.5096039195796 4437.857937227654 2706.509769408711
 1201.670144035395 -8073.147406453999 -262.5096039195796 4437.857937227654 2706.509769408711
 3915.899583844324 -4072.371962722506 -2979.87087212708 4403.854121608279 -1256.962823348007
 -4150.92183292947 6162.320825046389 -6056.954183701147 -2607.49801235778 6717.41847923776
 7599.371957143465 15645.74557178151 -11825.83101538011 10771.50854802252 -24836.25544526731
 1201.670144035395 -8073.147406453999 -262.5096039195796 4437.857937227654 2706.509769408711
 -2425.107911005025 -42121.55318858074 11586.59802260425 -10158.48597932576 9522.435510162109
 -16558.84782507196 -9953.675673528178 13652.35231113389 30078.31269978522 13849.83000492
 -1162.226038978444 -4899.558077091149 -5997.072024762989 9167.672255715181 -8320.05957628372
 -7471.985485903821 -7657.799554254243 -26539.79924726293 10788.60500822484 8168.91832790812
 1201.670144035395 -8073.147406453999 -262.5096039195796 4437.857937227654 2706.509769408711
 1201.670144035395 -8073.147406453999 -262.5096039195796 4437.857937227654 2706.509769408711
 1201.670144035395 -8073.147406453999 -262.5096039195796 4437.857937227654 2706.509769408711
 -8966.802841608531 6656.617363506462 6142.475938198535 8734.862898139505 -3217.099309879069
 2712.617118200211 5820.466308012275 -3556.298020575218 -2710.917902681118 2044.615790630886
 2464.294653679533 -12733.87661080198 3425.632273388554 2276.036421416889 12241.2838074246
 29598.15375758475 -4917.906318535275 -18227.19142599709 42469.20486479146 -13729.4380455421
 5264.758023866346 18973.74852580915 -8588.698959467138 -8575.79809310475 -7291.216849195445
 1201.670144035395 -8073.147406453999 -262.5096039195796 4437.857937227654 2706.509769408711
 1201.670144035395 -8073.147406453999 -262.5096039195796 4437.857937227654 2706.509769408711
 1223.700980432055 2281.751824503675 -6226.774663621891 9080.747494407206 -6545.43276376213
 1.148739847670186 -10226.66000742084 -10319.38886760901 17988.53704382306 -18858.91581885899
 1201.670144035395 -8073.147406453999 -262.5096039195796 4437.857937227654 2706.509769408711
 12764.03026386055 -16486.96722114021 -4320.264844701484 11721.27266758184 6449.997792089761
 -17062.03329934257 -48274.45218451816 -16253.36596704816 5950.439311190388 -24408.48540927099
 1201.670144035395 -8073.147406453999 -262.5096039195796 4437.857937227654 2706.509769408711
 -4150.92183292947 6162.320825046389 -6056.954183701147 -2607.49801235778 6717.41847923776
 1201.670144035395 -8073.147406453999 -262.5096039195796 4437.857937227654 2706.509769408711
 1201.670144035395 -8073.147406453999 -262.5096039195796 4437.857937227654 2706.509769408711
 -7438.014790743627 6062.489880874746 -3073.773723421148 8857.796283785516 -4633.767885757288
 16919.2931091679 -3707.315699745118 -1723.378827685774 -15286.02274821755 -5104.826298501726
 1201.670144035395 -8073.147406453999 -262.5096039195796 4437.857937227654 2706.509769408711
 1201.670144035395 -8073.147406453999 -262.5096039195796 4437.857937227654 2706.509769408711
 -4150.92183292947 6162.320825046389 -6056.954183701147 -2607.49801235778 6717.41847923776
 1201.670144035395 -8073.147406453999 -262.5096039195796 4437.857937227654 2706.509769408711
 1201.670144035395 -8073.147406453999 -262.5096039195796 4437.857937227654 2706.509769408711
 6398.638064774884 -682.8356203146286 -9368.847444199826 -12250.0395682476 -31891.15893634604
 1201.670144035395 -8073.147406453999 -262.5096039195796 4437.857937227654 2706.509769408711
 -3010.058956313245 -5468.617482653458 -2136.799035462938 2136.34975727997 9191.692395992883
 5664.100837864764 -13604.33023386918 -1345.199463905044 3122.484650255847 4196.667911099264
 1223.700980432055 2281.751824503675 -6226.774663621891 9080.747494407206 -6545.43276376213
 1201.670144035395 -8073.147406453999 -262.5096039195796 4437.857937227654 2706.509769408711
 -1218.931773593018 -9161.82531276346 8580.729008747727 9967.767793723524 -8415.965175543064
