# Created by Octave 4.2.1, Mon Oct 09 13:26:34 2017 BRT <root@mosqueiro>
# name: pop
# type: matrix
# rows: 300
# columns: 5
 1201.670144035395 -8073.147406453999 -262.5096039195796 4437.857937227654 2706.509769408711
 1201.670144035395 -8073.147406453999 -262.5096039195796 4437.857937227654 2706.509769408711
 19006.47507937851 -3525.04126371259 6240.764085154927 9251.389115022124 38839.69269748816
 1201.670144035395 -8073.147406453999 -262.5096039195796 4437.857937227654 2706.509769408711
 5264.758023866346 18973.74852580915 -8588.698959467138 -8575.79809310475 -7291.216849195445
 1201.670144035395 -8073.147406453999 -262.5096039195796 4437.857937227654 2706.509769408711
 1201.670144035395 -8073.147406453999 -262.5096039195796 4437.857937227654 2706.509769408711
 3720.467769097706 7519.998492464943 -9447.19153658235 2413.910011093991 1407.208579071706
 1201.670144035395 -8073.147406453999 -262.5096039195796 4437.857937227654 2706.509769408711
 1201.670144035395 -8073.147406453999 -262.5096039195796 4437.857937227654 2706.509769408711
 1201.670144035395 -8073.147406453999 -262.5096039195796 4437.857937227654 2706.509769408711
 22362.30292838061 -297.7715419929755 20567.36466784649 -4026.334203249099 -25283.51361480526
 1201.670144035395 -8073.147406453999 -262.5096039195796 4437.857937227654 2706.509769408711
 15753.81760227351 1503.562054331502 -5064.540555864596 -13061.2904845468 2455.033539215056
 3915.899583844324 -4072.371962722506 -2979.87087212708 4403.854121608279 -1256.962823348007
 -5000.653110671202 8060.593779158789 572.4870540641696 3762.110098011533 -6621.20590442496
 1201.670144035395 -8073.147406453999 -262.5096039195796 4437.857937227654 2706.509769408711
 1201.670144035395 -8073.147406453999 -262.5096039195796 4437.857937227654 2706.509769408711
 -7121.023970545296 1512.946294244262 -2703.184574347829 2568.183553321331 9817.634967113943
 -7438.014790743627 6062.489880874746 -3073.773723421148 8857.796283785516 -4633.767885757288
 -3032.195817359716 -4709.059926910772 6627.965588670882 -1515.83575094086 9853.584926263196
 1201.670144035395 -8073.147406453999 -262.5096039195796 4437.857937227654 2706.509769408711
 1201.670144035395 -8073.147406453999 -262.5096039195796 4437.857937227654 2706.509769408711
 -4150.92183292947 6162.320825046389 -6056.954183701147 -2607.49801235778 6717.41847923776
 -4960.996193300735 -30002.71175347976 21346.74888764914 9798.600265268798 27710.54427819724
 1201.670144035395 -8073.147406453999 -262.5096039195796 4437.857937227654 2706.509769408711
 1201.670144035395 -8073.147406453999 -262.5096039195796 4437.857937227654 2706.509769408711
 1201.670144035395 -8073.147406453999 -262.5096039195796 4437.857937227654 2706.509769408711
 22261.84127866674 11493.50354812875 -17876.9239553241 567.7375561670779 -39729.85745003096
 -4150.92183292947 6162.320825046389 -6056.954183701147 -2607.49801235778 6717.41847923776
 1201.670144035395 -8073.147406453999 -262.5096039195796 4437.857937227654 2706.509769408711
 1201.670144035395 -8073.147406453999 -262.5096039195796 4437.857937227654 2706.509769408711
 -5000.653110671202 8060.593779158789 572.4870540641696 3762.110098011533 -6621.20590442496
 18034.28682614733 -17087.31755261469 -1738.395719844335 -817.2491403581025 -12962.89406297421
 1201.670144035395 -8073.147406453999 -262.5096039195796 4437.857937227654 2706.509769408711
 -3032.195817359716 -4709.059926910772 6627.965588670882 -1515.83575094086 9853.584926263196
 1201.670144035395 -8073.147406453999 -262.5096039195796 4437.857937227654 2706.509769408711
 -16558.84782507196 -9953.675673528178 13652.35231113389 30078.31269978522 13849.83000492
 1201.670144035395 -8073.147406453999 -262.5096039195796 4437.857937227654 2706.509769408711
 7798.960173744988 14438.30335682592 -40345.19349625068 1786.912477395627 -18756.72582268544
 1201.670144035395 -8073.147406453999 -262.5096039195796 4437.857937227654 2706.509769408711
 3915.899583844324 -4072.371962722506 -2979.87087212708 4403.854121608279 -1256.962823348007
 -1218.931773593018 -9161.82531276346 8580.729008747727 9967.767793723524 -8415.965175543064
 -17082.59969760234 12245.04923267067 17502.26422210813 -1192.553003252 -20181.55913930673
 -4150.92183292947 6162.320825046389 -6056.954183701147 -2607.49801235778 6717.41847923776
 -4150.92183292947 6162.320825046389 -6056.954183701147 -2607.49801235778 6717.41847923776
 1.148739847670186 -10226.66000742084 -10319.38886760901 17988.53704382306 -18858.91581885899
 29598.15375758475 -4917.906318535275 -18227.19142599709 42469.20486479146 -13729.4380455421
 1201.670144035395 -8073.147406453999 -262.5096039195796 4437.857937227654 2706.509769408711
 1201.670144035395 -8073.147406453999 -262.5096039195796 4437.857937227654 2706.509769408711
 -3010.058956313245 -5468.617482653458 -2136.799035462938 2136.34975727997 9191.692395992883
 3720.467769097706 7519.998492464943 -9447.19153658235 2413.910011093991 1407.208579071706
 -8966.802841608531 6656.617363506462 6142.475938198535 8734.862898139505 -3217.099309879069
 -4850.535731185735 3056.905718243521 2105.240418164982 2845.760632006648 -3331.893067498816
 1201.670144035395 -8073.147406453999 -262.5096039195796 4437.857937227654 2706.509769408711
 1201.670144035395 -8073.147406453999 -262.5096039195796 4437.857937227654 2706.509769408711
 1201.670144035395 -8073.147406453999 -262.5096039195796 4437.857937227654 2706.509769408711
 11138.19559436412 9979.712768208197 6977.886771993692 22841.9671062087 -1668.028681958899
 1201.670144035395 -8073.147406453999 -262.5096039195796 4437.857937227654 2706.509769408711
 1201.670144035395 -8073.147406453999 -262.5096039195796 4437.857937227654 2706.509769408711
 1201.670144035395 -8073.147406453999 -262.5096039195796 4437.857937227654 2706.509769408711
 -4150.92183292947 6162.320825046389 -6056.954183701147 -2607.49801235778 6717.41847923776
 1201.670144035395 -8073.147406453999 -262.5096039195796 4437.857937227654 2706.509769408711
 1223.700980432055 2281.751824503675 -6226.774663621891 9080.747494407206 -6545.43276376213
 8048.16886529047 2429.65808817397 9281.50812677278 -7636.019140040766 9440.020370706359
 1223.700980432055 2281.751824503675 -6226.774663621891 9080.747494407206 -6545.43276376213
 -4150.92183292947 6162.320825046389 -6056.954183701147 -2607.49801235778 6717.41847923776
 1201.670144035395 -8073.147406453999 -262.5096039195796 4437.857937227654 2706.509769408711
 -7605.276569300973 7563.204462962298 -4724.527968754165 349.9540030033913 6100.354515843364
 1201.670144035395 -8073.147406453999 -262.5096039195796 4437.857937227654 2706.509769408711
 -3010.058956313245 -5468.617482653458 -2136.799035462938 2136.34975727997 9191.692395992883
 -8966.802841608531 6656.617363506462 6142.475938198535 8734.862898139505 -3217.099309879069
 1.148739847670186 -10226.66000742084 -10319.38886760901 17988.53704382306 -18858.91581885899
 1201.670144035395 -8073.147406453999 -262.5096039195796 4437.857937227654 2706.509769408711
 6520.352365503376 -28086.30146193348 51140.89030820525 7681.491294297404 -3525.845174243073
 -10668.2133340332 -5183.240746215191 -17735.19557862574 5982.866919442869 3073.914397069554
 -1162.226038978444 -4899.558077091149 -5997.072024762989 9167.672255715181 -8320.05957628372
 3915.899583844324 -4072.371962722506 -2979.87087212708 4403.854121608279 -1256.962823348007
 -4907.147503738146 2586.149631062179 848.7537956608539 4061.683703357809 -7293.163349035105
 -4150.92183292947 6162.320825046389 -6056.954183701147 -2607.49801235778 6717.41847923776
 1201.670144035395 -8073.147406453999 -262.5096039195796 4437.857937227654 2706.509769408711
 3915.899583844324 -4072.371962722506 -2979.87087212708 4403.854121608279 -1256.962823348007
 -9945.066737023082 8989.884612588608 663.3134121994372 -28767.63280538434 -15211.01661458012
 -20235.4127713362 -47027.12352048688 26594.26170228681 11868.51714165481 17084.08192829792
 1201.670144035395 -8073.147406453999 -262.5096039195796 4437.857937227654 2706.509769408711
