# Created by Octave 4.2.1, Mon Oct 09 13:26:38 2017 BRT <root@mosqueiro>
# name: pop
# type: matrix
# rows: 300
# columns: 5
 1201.670144035395 -8073.147406453999 -262.5096039195796 4437.857937227654 2706.509769408711
 1201.670144035395 -8073.147406453999 -262.5096039195796 4437.857937227654 2706.509769408711
 15514.35128663077 -39553.94499430228 47632.03057130546 23655.05721272533 37038.74944031467
 -1162.226038978444 -4899.558077091149 -5997.072024762989 9167.672255715181 -8320.05957628372
 1201.670144035395 -8073.147406453999 -262.5096039195796 4437.857937227654 2706.509769408711
 1201.670144035395 -8073.147406453999 -262.5096039195796 4437.857937227654 2706.509769408711
 2454.617875373053 510.3400142698174 -3636.594504705143 7043.215013278135 -4549.266607921198
 1201.670144035395 -8073.147406453999 -262.5096039195796 4437.857937227654 2706.509769408711
 1201.670144035395 -8073.147406453999 -262.5096039195796 4437.857937227654 2706.509769408711
 -4850.535731185735 3056.905718243521 2105.240418164982 2845.760632006648 -3331.893067498816
 -1218.931773593018 -9161.82531276346 8580.729008747727 9967.767793723524 -8415.965175543064
 -16558.84782507196 -9953.675673528178 13652.35231113389 30078.31269978522 13849.83000492
 -4150.92183292947 6162.320825046389 -6056.954183701147 -2607.49801235778 6717.41847923776
 1201.670144035395 -8073.147406453999 -262.5096039195796 4437.857937227654 2706.509769408711
 1201.670144035395 -8073.147406453999 -262.5096039195796 4437.857937227654 2706.509769408711
 1201.670144035395 -8073.147406453999 -262.5096039195796 4437.857937227654 2706.509769408711
 506.6018532481535 -16178.42075349877 13127.02467725422 6448.265529648666 11396.85713813493
 -4150.92183292947 6162.320825046389 -6056.954183701147 -2607.49801235778 6717.41847923776
 1201.670144035395 -8073.147406453999 -262.5096039195796 4437.857937227654 2706.509769408711
 1201.670144035395 -8073.147406453999 -262.5096039195796 4437.857937227654 2706.509769408711
 1201.670144035395 -8073.147406453999 -262.5096039195796 4437.857937227654 2706.509769408711
 1201.670144035395 -8073.147406453999 -262.5096039195796 4437.857937227654 2706.509769408711
 1201.670144035395 -8073.147406453999 -262.5096039195796 4437.857937227654 2706.509769408711
 -21696.39024908418 22383.83086550025 27897.29380019925 -256.0022225094208 17736.35697147092
 1201.670144035395 -8073.147406453999 -262.5096039195796 4437.857937227654 2706.509769408711
 1201.670144035395 -8073.147406453999 -262.5096039195796 4437.857937227654 2706.509769408711
 -7438.014790743627 6062.489880874746 -3073.773723421148 8857.796283785516 -4633.767885757288
 1201.670144035395 -8073.147406453999 -262.5096039195796 4437.857937227654 2706.509769408711
 1201.670144035395 -8073.147406453999 -262.5096039195796 4437.857937227654 2706.509769408711
 1201.670144035395 -8073.147406453999 -262.5096039195796 4437.857937227654 2706.509769408711
 1201.670144035395 -8073.147406453999 -262.5096039195796 4437.857937227654 2706.509769408711
 -3032.195817359716 -4709.059926910772 6627.965588670882 -1515.83575094086 9853.584926263196
 1201.670144035395 -8073.147406453999 -262.5096039195796 4437.857937227654 2706.509769408711
 1.148739847670186 -10226.66000742084 -10319.38886760901 17988.53704382306 -18858.91581885899
 506.6018532481535 -16178.42075349877 13127.02467725422 6448.265529648666 11396.85713813493
 1201.670144035395 -8073.147406453999 -262.5096039195796 4437.857937227654 2706.509769408711
 1201.670144035395 -8073.147406453999 -262.5096039195796 4437.857937227654 2706.509769408711
 -1218.931773593018 -9161.82531276346 8580.729008747727 9967.767793723524 -8415.965175543064
 -3010.058956313245 -5468.617482653458 -2136.799035462938 2136.34975727997 9191.692395992883
 1201.670144035395 -8073.147406453999 -262.5096039195796 4437.857937227654 2706.509769408711
 7798.960173744988 14438.30335682592 -40345.19349625068 1786.912477395627 -18756.72582268544
 -1381.628303807163 3905.268731999548 -9228.322108113422 9326.881831170529 -1140.505649976387
 1201.670144035395 -8073.147406453999 -262.5096039195796 4437.857937227654 2706.509769408711
 1201.670144035395 -8073.147406453999 -262.5096039195796 4437.857937227654 2706.509769408711
 1201.670144035395 -8073.147406453999 -262.5096039195796 4437.857937227654 2706.509769408711
 -17082.59969760234 12245.04923267067 17502.26422210813 -1192.553003252 -20181.55913930673
 1201.670144035395 -8073.147406453999 -262.5096039195796 4437.857937227654 2706.509769408711
 1201.670144035395 -8073.147406453999 -262.5096039195796 4437.857937227654 2706.509769408711
 -677.9598601306757 -4817.533169574997 26862.90488695445 11208.72850907735 5137.363524987931
 1201.670144035395 -8073.147406453999 -262.5096039195796 4437.857937227654 2706.509769408711
 -4150.92183292947 6162.320825046389 -6056.954183701147 -2607.49801235778 6717.41847923776
 1201.670144035395 -8073.147406453999 -262.5096039195796 4437.857937227654 2706.509769408711
 2454.617875373053 510.3400142698174 -3636.594504705143 7043.215013278135 -4549.266607921198
 3720.467769097706 7519.998492464943 -9447.19153658235 2413.910011093991 1407.208579071706
 -16723.91774034001 17890.0052985494 -813.4325548353336 47585.26895697491 10178.30766736961
 1201.670144035395 -8073.147406453999 -262.5096039195796 4437.857937227654 2706.509769408711
 -1162.226038978444 -4899.558077091149 -5997.072024762989 9167.672255715181 -8320.05957628372
 1201.670144035395 -8073.147406453999 -262.5096039195796 4437.857937227654 2706.509769408711
 1201.670144035395 -8073.147406453999 -262.5096039195796 4437.857937227654 2706.509769408711
 1201.670144035395 -8073.147406453999 -262.5096039195796 4437.857937227654 2706.509769408711
 14252.54512177965 30891.90495947186 -2686.173745984165 -10956.08960572652 -29141.95826944954
 1201.670144035395 -8073.147406453999 -262.5096039195796 4437.857937227654 2706.509769408711
 9085.023809764361 5708.343713041996 10569.81702228565 10586.94146278484 -7667.444269341337
 1201.670144035395 -8073.147406453999 -262.5096039195796 4437.857937227654 2706.509769408711
 -4150.92183292947 6162.320825046389 -6056.954183701147 -2607.49801235778 6717.41847923776
 -16723.91774034001 17890.0052985494 -813.4325548353336 47585.26895697491 10178.30766736961
 1201.670144035395 -8073.147406453999 -262.5096039195796 4437.857937227654 2706.509769408711
 1201.670144035395 -8073.147406453999 -262.5096039195796 4437.857937227654 2706.509769408711
 1201.670144035395 -8073.147406453999 -262.5096039195796 4437.857937227654 2706.509769408711
 1223.700980432055 2281.751824503675 -6226.774663621891 9080.747494407206 -6545.43276376213
 1201.670144035395 -8073.147406453999 -262.5096039195796 4437.857937227654 2706.509769408711
 1201.670144035395 -8073.147406453999 -262.5096039195796 4437.857937227654 2706.509769408711
 1201.670144035395 -8073.147406453999 -262.5096039195796 4437.857937227654 2706.509769408711
 1223.700980432055 2281.751824503675 -6226.774663621891 9080.747494407206 -6545.43276376213
 -6050.355037500471 8588.928280604294 -247.2323505613313 -5554.620732742962 6358.131228375607
 -3996.436596300724 -2064.439456347936 4267.300516612257 4122.703711595492 2049.997155432595
 1201.670144035395 -8073.147406453999 -262.5096039195796 4437.857937227654 2706.509769408711
 3915.899583844324 -4072.371962722506 -2979.87087212708 4403.854121608279 -1256.962823348007
 -1144.980585180056 -286.651623810103 -3392.725157575821 13411.78892769008 -4264.224457342508
 5264.758023866346 18973.74852580915 -8588.698959467138 -8575.79809310475 -7291.216849195445
 -17265.88421550936 -14361.66127713223 -8507.249715618669 -3813.538735422013 8561.412309825097
 1201.670144035395 -8073.147406453999 -262.5096039195796 4437.857937227654 2706.509769408711
 1201.670144035395 -8073.147406453999 -262.5096039195796 4437.857937227654 2706.509769408711
 -10668.2133340332 -5183.240746215191 -17735.19557862574 5982.866919442869 3073.914397069554
