# Created by Octave 4.2.1, Mon Oct 09 13:24:13 2017 BRT <root@mosqueiro>
# name: w2
# type: matrix
# rows: 1
# columns: 51
 -0.2151652923834737 -0.6164893746782055 -0.5507361146753826 0.5835095588742525 -0.3742359286068476 -0.2063661911158235 0.1062242541988551 0.01169454247870891 -0.5301343360569173 0.02137689326574179 0.513754272795768 -0.9376032335449269 -0.2990677180992302 -0.2032166078844274 -0.2122124663243287 -0.1215615353869938 -0.7481324409699761 -0.2377154675902372 -0.4122951403250785 -0.8289787424815818 0.5414167497414506 0.6552001763364843 0.1965570607131434 0.3781041531097444 -0.9705293361784524 -0.5426537784858358 0.4102950402007093 0.1206293410054334 -0.8114368279047042 -0.2381884246912412 1.1131518916294 0.3339796013134811 0.02494259287970803 -0.1784446520232987 0.3733515793019252 -0.5326105525416457 -0.04793901617930123 0.3168415813494453 -0.02186999563858881 -0.3046288171508291 0.7722142262746922 0.5743770158533861 -0.111452584241725 -0.008465478320195702 -0.3782019357225189 -0.3825803013400865 0.2127994491737412 0.1249111059518251 0.0468101274623612 0.02224733067876105 -0.330934221625143


