# Created by Octave 4.2.1, Mon Oct 09 13:25:37 2017 BRT <root@mosqueiro>
# name: w2
# type: matrix
# rows: 1
# columns: 51
 -0.109787236641526 -0.1176021584728907 -0.05950426994055497 -0.07636407055695729 -0.03350258772818375 -0.09638758760374566 0.04207568391702919 0.08102632478747297 0.07393026700910887 0.1414120317855944 0.1469564662394478 0.01140573379252305 -0.2212537442555722 0.3118948763791576 0.1529852182781754 -0.06354040680423351 0.1971666268145575 0.2614132194192123 -0.1361620404810644 -0.07514262484903665 -0.2370791638292126 0.06060401520816257 0.07624505565398218 0.05098097974512925 -0.1340375060035278 -0.1966577967634757 0.2472299818853853 0.1427255320044536 -0.04251381346601296 0.07691784988979244 -0.02587108565173513 -0.02020562734879317 -0.05531704955475758 -0.1509310473414929 0.0279222562103329 -0.07100982433831882 -0.0775496817568232 -0.08407843738847152 -0.08226607410472414 0.03740683127242258 -0.1070753294580973 -0.1598189507011243 -0.04748901833792211 0.07217223106356664 -0.1115275686261253 -0.1716732605826323 -0.05275090440856593 0.01397982282614355 -0.07170737275637863 -0.1327603606422178 0.36159077437723


