# Created by Octave 4.2.1, Mon Oct 09 13:26:17 2017 BRT <root@mosqueiro>
# name: w2
# type: matrix
# rows: 1
# columns: 51
 -0.02035392010157267 -0.1664545622543845 0.007938702598245969 0.09339119484260991 0.1348435266167088 0.08979361034382459 0.3351873681870255 -0.08772962956827754 0.3307314727617954 -0.0172187776436199 0.1531370200770103 -0.06172848520424921 0.08628792682256647 0.1468751291262268 0.01649227383475696 -0.07774651977235389 0.1750214177876037 0.1807426752542453 -0.2187066332147806 -0.03460261250288046 -0.03655476573265066 -0.03080842713016396 -0.1382125430035529 0.0142032776303157 -0.1574308256153465 -0.01549001366636688 0.01108220648047373 0.2387633254930117 0.02549238978967095 -0.0383827882111756 0.3149442105529551 0.01595144025102904 -0.06263713148028346 -0.2633621117890836 -0.03258612807000115 -0.1722717180530781 -0.226432742285729 -0.01794552070028138 -0.01238488718958172 -0.1447793436374158 -0.03520645696265358 0.2567166135008012 -0.1367972773200029 -0.2422350250360311 -0.06211236280545986 -0.1388737148782289 -0.0724794503447017 0.1321908114701978 -0.03424840623990805 -0.01515976778557806 0.4981630968060553


