# Created by Octave 4.2.1, Mon Oct 09 13:26:55 2017 BRT <root@mosqueiro>
# name: w2
# type: matrix
# rows: 1
# columns: 51
 -0.2775477244461834 0.1160648926878516 -0.001883134553743284 -0.2126444877112206 0.3477128502696974 0.0948365206763392 -0.04587301530798808 0.09287682435997704 0.001731085398356362 -0.1372945988684777 0.3014531612843501 -0.07648063382839457 -0.03337464420202412 0.018524402043434 0.2703124895204617 -0.322309659757633 -0.2679062776246773 -0.1969942291212755 0.08569910793070254 -0.06034131272827418 0.2865670538133293 0.1077323100803868 -0.1402099912620804 -0.1498307843661125 -0.1203062290424673 -0.3710286251384358 -0.0124527562223084 0.0526093338652226 -0.002627483598670245 0.005041144849277927 0.1750928796573343 -0.0005745631823424711 -0.1309466718484358 -0.2116346792774774 0.3722232217013856 -0.1478321138469215 -0.2579754132911204 0.20005283175101 -0.2834853881205742 -0.2498997666465664 0.4132007599453468 0.06578234214465833 -0.1741860856077239 -0.01605772392403598 -0.2113471262415066 0.09240948370779645 0.02251074537207635 0.1788788279539111 -0.08234801919293214 0.1659607665838775 0.4866764754343573


