# Created by Octave 4.2.1, Mon Oct 09 19:51:01 2017 BRT <root@mosqueiro>
# name: bestScores
# type: matrix
# rows: 1
# columns: 30
 0.08096329766908941 0.08096329766908941 0.08096329766908941 0.08096329766908941 0.08096329766908941 0.08096329766908941 0.08096329766908941 0.08096329766908941 0.08096329766908941 0.08096329766908941 0.08096329766908941 0.07976447990936351 0.07976447990936351 0.07976447990936351 0.07976447990936351 0.07976447990936351 0.07976447990936351 0.07976447990936351 0.07976447990936351 0.07881611297255212 0.07881611297255212 0.07881611297255212 0.07808935605988938 0.07803491323909389 0.07800204926642265 0.07800157783047151 0.07800118773209512 0.07800117890920247 0.07800117890920247 0.07800117877064819


