# Created by Octave 4.2.1, Mon Oct 09 19:21:32 2017 BRT <root@mosqueiro>
# name: bestScores
# type: matrix
# rows: 1
# columns: 30
 0.09981611711014381 0.09981611711014381 0.09981611711014381 0.09981611711014381 0.09981611711014381 0.09981611711014381 0.09904154399750685 0.09904154399750685 0.09904154399750685 0.09904154399750685 0.09904154399750685 0.09904154399750685 0.09904154399750685 0.09904154399750685 0.09904154399750685 0.09577411626056911 0.09577411626056911 0.09209922008514308 0.08248722756982949 0.08248722756982949 0.08248722756982949 0.08248263451638255 0.08248263451638255 0.08248263451638255 0.08234761269208493 0.08234761269208493 0.08234705064605605 0.0823470248082302 0.08220777987609997 0.08220777987609997


