# Created by Octave 4.2.1, Mon Oct 09 19:31:20 2017 BRT <root@mosqueiro>
# name: bestScores
# type: matrix
# rows: 1
# columns: 30
 0.09556898993582583 0.09556898993582583 0.09556898993582583 0.09556898993582583 0.09556898993582583 0.09556898993582583 0.09556898993582583 0.09556898993582583 0.09556898993582583 0.09556898993582583 0.09556898993582583 0.09556898993582583 0.09556898993582583 0.09556898993582583 0.09556898993582583 0.09556898993582583 0.09477241712897036 0.08691285427015567 0.08691285427015567 0.08691285427015567 0.08691285427015567 0.08542914946124068 0.08129422549351673 0.08129422549351673 0.07992851648351311 0.07992851648351311 0.07988013387474843 0.07987907912618633 0.07987907451046011 0.07987907444807021


