# Created by Octave 4.2.1, Mon Oct 09 19:21:32 2017 BRT <root@mosqueiro>
# name: meanScores
# type: matrix
# rows: 1
# columns: 30
 1.241641338231943 0.8396096160737987 0.670199772680416 0.5414088124927362 0.676492261029518 0.5841163105658035 0.4867847961732246 0.4172809287881019 0.5316551969855038 0.5105662670898874 0.5190074044478673 0.4030380101102074 0.4533337781354069 0.6088023195892491 0.7449817667366027 0.9081507073230474 0.5579407437079876 0.4874044633349495 0.3260793238723673 0.2584779299212442 0.1744352334956345 0.1340630004803081 0.1241657980400283 0.1180926249501352 0.1231984172413133 0.1503043312138328 0.1402091410722134 0.1543369228831399 0.1421414450780688 0.085600964560913


