# Created by Octave 4.2.1, Mon Oct 09 19:11:48 2017 BRT <root@mosqueiro>
# name: meanScores
# type: matrix
# rows: 1
# columns: 30
 1.045002020479676 0.7632866980488128 0.5365549076543136 0.4638537194431334 0.4242718436952148 0.4210584714400859 0.4763352679138935 0.4117160025389425 0.4139585271956833 0.3796739022188687 0.6815885658534339 0.4015713715805186 0.5260828021233198 0.7296402650940583 0.8816249262348101 1.026885431795672 1.019103677907506 0.2346379717395825 0.2072574739918628 0.1728546107321828 0.1489696477140746 0.1214910560983913 0.1188990761516682 0.1357807800932067 0.1267547869275901 0.1498135430530025 0.115629908588767 0.09598794376630182 0.09225312013163756 0.08924525664746205


