# Created by Octave 4.2.1, Mon Oct 09 19:31:20 2017 BRT <root@mosqueiro>
# name: meanScores
# type: matrix
# rows: 1
# columns: 30
 0.9304143121489168 0.7118408010081767 0.5984389968159688 0.5407957422538612 0.4434440825763209 0.4213559666577414 0.4414248467203643 0.5042965259695618 0.434729458912349 0.523152808515197 0.5084441651211543 0.5697874101611278 0.4923846636158344 0.5217223892782203 0.521024462414758 0.834059412993585 0.8128325080398604 0.6565512222798796 0.7353738510720408 0.1868797874298857 0.1561249742217703 0.1252305855892126 0.1186568976065222 0.1243862571730243 0.1453092208368074 0.110833369776714 0.1112097412958413 0.1018025689519443 0.09565309078709124 0.08878724878793555


