# Created by Octave 4.2.1, Mon Oct 09 19:34:23 2017 BRT <root@mosqueiro>
# name: pop
# type: matrix
# rows: 1000
# columns: 4
 -7388.118906136311 -1280.759136014043 4066.935166573163 4616.641127117166
 -7388.118906136311 -1280.759136014043 4066.935166573163 4616.641127117166
 -7388.118906136311 -1280.759136014043 4066.935166573163 4616.641127117166
 -7388.118906136311 -1280.759136014043 4066.935166573163 4616.641127117166
 -7388.118906136311 -1280.759136014043 4066.935166573163 4616.641127117166
 -7388.118906136311 -1280.759136014043 4066.935166573163 4616.641127117166
 2676.862880786228 17147.81002179378 35172.90509669627 -24172.58984106993
 -21524.90513094413 -12603.68633432834 2604.890313807379 16234.64176116789
 -21691.38755878432 -3171.78022793701 11417.16929897467 -7063.400811060045
 -42225.25823075308 22676.48806763878 4893.805225728767 22482.90322911675
 -24560.73591160936 8263.925489135405 1351.462273535112 -6585.797126422975
 -7388.118906136311 -1280.759136014043 4066.935166573163 4616.641127117166
 -7388.118906136311 -1280.759136014043 4066.935166573163 4616.641127117166
 -7388.118906136311 -1280.759136014043 4066.935166573163 4616.641127117166
 -7388.118906136311 -1280.759136014043 4066.935166573163 4616.641127117166
 -7388.118906136311 -1280.759136014043 4066.935166573163 4616.641127117166
 -7388.118906136311 -1280.759136014043 4066.935166573163 4616.641127117166
 -7388.118906136311 -1280.759136014043 4066.935166573163 4616.641127117166
 -7388.118906136311 -1280.759136014043 4066.935166573163 4616.641127117166
 8647.853734023192 -5863.481407795722 4927.626498868862 -7671.9267587524
 -12833.3150127101 -9504.455232848677 -3114.29950113862 7195.459418917676
 -7388.118906136311 -1280.759136014043 4066.935166573163 4616.641127117166
 -7388.118906136311 -1280.759136014043 4066.935166573163 4616.641127117166
 -30394.27833848129 -3233.463587060408 20375.57287652279 -10014.60233461186
 6428.856026000005 19412.30591516487 10538.24248458337 -5972.549581559966
 -7388.118906136311 -1280.759136014043 4066.935166573163 4616.641127117166
 -7388.118906136311 -1280.759136014043 4066.935166573163 4616.641127117166
 -1260.081298919818 26569.50454422279 11822.31562550558 21891.77203449884
 -7388.118906136311 -1280.759136014043 4066.935166573163 4616.641127117166
 -7388.118906136311 -1280.759136014043 4066.935166573163 4616.641127117166
 -6820.923585658494 -2776.197853556496 -18117.80243816227 -13432.46713985736
 -7388.118906136311 -1280.759136014043 4066.935166573163 4616.641127117166
 -7388.118906136311 -1280.759136014043 4066.935166573163 4616.641127117166
 -7388.118906136311 -1280.759136014043 4066.935166573163 4616.641127117166
 -7388.118906136311 -1280.759136014043 4066.935166573163 4616.641127117166
 -7388.118906136311 -1280.759136014043 4066.935166573163 4616.641127117166
 -3605.689309218903 10881.87348787535 8211.273467775649 -4883.20142398347
 -7388.118906136311 -1280.759136014043 4066.935166573163 4616.641127117166
 -7388.118906136311 -1280.759136014043 4066.935166573163 4616.641127117166
 -7388.118906136311 -1280.759136014043 4066.935166573163 4616.641127117166
 -7388.118906136311 -1280.759136014043 4066.935166573163 4616.641127117166
 7990.349923786745 -11814.151331919 5215.591084366345 -30748.61526061621
 2169.398658624776 8415.256337135896 -8320.372928742119 4075.27913713298
 -7388.118906136311 -1280.759136014043 4066.935166573163 4616.641127117166
 2169.398658624776 8415.256337135896 -8320.372928742119 4075.27913713298
 -7388.118906136311 -1280.759136014043 4066.935166573163 4616.641127117166
 -27308.36425070691 68153.54489135431 33694.8826850566 -50694.31000559954
 -7388.118906136311 -1280.759136014043 4066.935166573163 4616.641127117166
 -7388.118906136311 -1280.759136014043 4066.935166573163 4616.641127117166
 -7388.118906136311 -1280.759136014043 4066.935166573163 4616.641127117166
 -42225.25823075308 22676.48806763878 4893.805225728767 22482.90322911675
 5847.434772341481 4258.070773245106 -1061.937539811712 5558.124931667589
 -19874.962347287 13803.39271077686 2376.566777757591 18455.16840037475
 7012.077390042115 6343.879730101728 -19142.20423253236 19744.9259201064
 -1763.57823216245 3645.012284424094 1291.006327268764 -3124.54256094668
 -7388.118906136311 -1280.759136014043 4066.935166573163 4616.641127117166
 -7388.118906136311 -1280.759136014043 4066.935166573163 4616.641127117166
 -7388.118906136311 -1280.759136014043 4066.935166573163 4616.641127117166
 -7388.118906136311 -1280.759136014043 4066.935166573163 4616.641127117166
 15488.97181201783 89.20840146503542 17162.98144871604 -5327.655348283963
 -7388.118906136311 -1280.759136014043 4066.935166573163 4616.641127117166
 -7388.118906136311 -1280.759136014043 4066.935166573163 4616.641127117166
 -9776.548254960093 -4555.806069307395 25831.73177113905 7424.791027757149
 2169.398658624776 8415.256337135896 -8320.372928742119 4075.27913713298
 -7388.118906136311 -1280.759136014043 4066.935166573163 4616.641127117166
 -34687.67417282221 18600.6379990409 8467.386795847808 20006.4875873798
 -7388.118906136311 -1280.759136014043 4066.935166573163 4616.641127117166
 8098.073331283787 105238.9447290641 18416.45796141262 -31073.00887543793
 5523.385441832041 1102.450052173419 2693.160533926081 -13325.92134621015
 -3589.607744474955 -2143.455281894344 20781.39453359952 3304.052490272416
 2347.453569785959 6343.726073764979 4293.980912635896 917.742285320066
 -7388.118906136311 -1280.759136014043 4066.935166573163 4616.641127117166
 -7388.118906136311 -1280.759136014043 4066.935166573163 4616.641127117166
 -7388.118906136311 -1280.759136014043 4066.935166573163 4616.641127117166
 -7388.118906136311 -1280.759136014043 4066.935166573163 4616.641127117166
 -7388.118906136311 -1280.759136014043 4066.935166573163 4616.641127117166
 2575.722731280242 7645.852583977761 -4531.754801678697 -27219.02665831519
 -7388.118906136311 -1280.759136014043 4066.935166573163 4616.641127117166
 -7388.118906136311 -1280.759136014043 4066.935166573163 4616.641127117166
 -7388.118906136311 -1280.759136014043 4066.935166573163 4616.641127117166
 -12579.74973675561 554.1220051026276 -7898.517082018741 -13300.50106094019
 -7388.118906136311 -1280.759136014043 4066.935166573163 4616.641127117166
 -7388.118906136311 -1280.759136014043 4066.935166573163 4616.641127117166
 -7388.118906136311 -1280.759136014043 4066.935166573163 4616.641127117166
 -7388.118906136311 -1280.759136014043 4066.935166573163 4616.641127117166
 -7388.118906136311 -1280.759136014043 4066.935166573163 4616.641127117166
 13246.57734440721 1743.525358197565 9023.946506655677 917.4440895751859
 -7388.118906136311 -1280.759136014043 4066.935166573163 4616.641127117166
 -7388.118906136311 -1280.759136014043 4066.935166573163 4616.641127117166
 -7388.118906136311 -1280.759136014043 4066.935166573163 4616.641127117166
 -7388.118906136311 -1280.759136014043 4066.935166573163 4616.641127117166
 -7388.118906136311 -1280.759136014043 4066.935166573163 4616.641127117166
 -1708.085595088577 4945.860472587122 8013.252466402305 4394.691457776898
 4235.380522493899 3066.462654360344 1341.936856051538 -1295.677074272913
 -7388.118906136311 -1280.759136014043 4066.935166573163 4616.641127117166
 -3789.172663731105 -3213.907444638241 8609.718592347723 -1446.805023736211
 -7388.118906136311 -1280.759136014043 4066.935166573163 4616.641127117166
 -1763.57823216245 3645.012284424094 1291.006327268764 -3124.54256094668
 -7388.118906136311 -1280.759136014043 4066.935166573163 4616.641127117166
 3399.070315192073 -3204.5239746978 9226.507238796141 -9385.367300209158
 -7388.118906136311 -1280.759136014043 4066.935166573163 4616.641127117166
 -11827.02075152374 19655.4996486915 10646.7684850512 -1467.420732965721
 -7388.118906136311 -1280.759136014043 4066.935166573163 4616.641127117166
 -7388.118906136311 -1280.759136014043 4066.935166573163 4616.641127117166
 -7388.118906136311 -1280.759136014043 4066.935166573163 4616.641127117166
