# Created by Octave 4.2.1, Mon Oct 09 19:30:01 2017 BRT <root@mosqueiro>
# name: pop
# type: matrix
# rows: 1000
# columns: 4
 8812.863379719576 9711.783009536466 -9756.161889912977 -8769.505758475483
 8572.796002494068 9957.782698106217 -9805.090878437595 -8726.510621027899
 8817.509931361912 9710.2651576689 -9754.380183401068 -8774.305492951711
 7635.879425484354 9246.488771113474 -9728.420221775132 -7154.739388587779
 7635.879425484354 9246.488771113474 -9728.420221775132 -7154.739388587779
 8816.808671479168 9705.47065499185 -9756.484862098147 -8764.983522847808
 8828.672150595243 9705.138524190299 -9754.78968989534 -8779.74084582355
 8804.532071001184 9707.110876880077 -9741.774078844226 -8771.148463113601
 7635.879425484354 9246.488771113474 -9728.420221775132 -7154.739388587779
 8816.19990571794 9711.014861572821 -9753.81764537735 -8772.860665054008
 8816.19990571794 9711.014861572821 -9753.81764537735 -8772.860665054008
 8812.641858770359 9699.292106296221 -9763.521528379459 -8748.360427225507
 8816.19990571794 9711.014861572821 -9753.81764537735 -8772.860665054008
 7637.063582162737 9247.86832176622 -9728.158780253623 -7154.526917370329
 8950.733294139438 9585.813776049286 -9516.796415820996 -8820.336430305872
 7635.879425484354 9246.488771113474 -9728.420221775132 -7154.739388587779
 7635.879425484354 9246.488771113474 -9728.420221775132 -7154.739388587779
 8817.558198422361 9710.234304290687 -9763.722616986324 -8764.24427218197
 8812.098541568914 9713.244566630783 -9756.407305380564 -8769.398985650472
 7635.879425484354 9246.488771113474 -9728.420221775132 -7154.739388587779
 8812.641858770359 9699.292106296221 -9763.521528379459 -8748.360427225507
 8811.949310821799 9708.923481664859 -9727.862734838109 -8788.013073055992
 8936.062811209151 9494.012649356469 -9622.369974295307 -8637.962897676487
 8815.46586422787 9712.306286095838 -9750.515183071948 -8774.735759305857
 8816.19990571794 9711.014861572821 -9753.81764537735 -8772.860665054008
 7635.879425484354 9246.488771113474 -9728.420221775132 -7154.739388587779
 8812.098541568914 9713.244566630783 -9756.407305380564 -8769.398985650472
 8816.19990571794 9711.014861572821 -9753.81764537735 -8772.860665054008
 7635.879425484354 9246.488771113474 -9728.420221775132 -7154.739388587779
 8807.830925915359 9713.375900045658 -9750.813078342138 -8768.576228774846
 8814.592747045352 9701.286236468457 -9765.526945071422 -8741.495579559425
 8812.641858770359 9699.292106296221 -9763.521528379459 -8748.360427225507
 7635.879425484354 9246.488771113474 -9728.420221775132 -7154.739388587779
 8924.780817190072 9572.292685234976 -9729.129959213058 -8758.997795713687
 8853.453013576709 9575.795984887327 -9643.905821468057 -8780.073837590415
 8572.157625211619 9958.377950746371 -9805.885349002045 -8725.220441791353
 8817.275405635095 9713.962026357012 -9758.754892957433 -8772.707341058896
 7635.879425484354 9246.488771113474 -9728.420221775132 -7154.739388587779
 7635.879425484354 9246.488771113474 -9728.420221775132 -7154.739388587779
 8828.672150595243 9705.138524190299 -9754.78968989534 -8779.74084582355
 8812.641858770359 9699.292106296221 -9763.521528379459 -8748.360427225507
 8804.25080848216 9707.952462608269 -9740.350235667293 -8771.962971716523
 8812.641858770359 9699.292106296221 -9763.521528379459 -8748.360427225507
 8828.672150595243 9705.138524190299 -9754.78968989534 -8779.74084582355
 7635.879425484354 9246.488771113474 -9728.420221775132 -7154.739388587779
 7635.879425484354 9246.488771113474 -9728.420221775132 -7154.739388587779
 8817.558198422361 9710.234304290687 -9763.722616986324 -8764.24427218197
 7639.409165552664 9262.28502520956 -9733.973922997364 -7145.450571559471
 7635.879425484354 9246.488771113474 -9728.420221775132 -7154.739388587779
 7635.879425484354 9246.488771113474 -9728.420221775132 -7154.739388587779
 9539.341676561573 9677.781208771985 -10652.92699411121 -8524.614865402633
 8816.19990571794 9711.014861572821 -9753.81764537735 -8772.860665054008
 7635.879425484354 9246.488771113474 -9728.420221775132 -7154.739388587779
 8816.19990571794 9711.014861572821 -9753.81764537735 -8772.860665054008
 8828.672150595243 9705.138524190299 -9754.78968989534 -8779.74084582355
 8859.722995447715 9610.665130783051 -9668.173892285931 -8789.072782198587
 8859.08941900295 9638.70920799534 -9662.625743538923 -8755.699383422263
 8861.20901866299 9626.856359531286 -9656.311017409798 -8827.583814816191
 7635.879425484354 9246.488771113474 -9728.420221775132 -7154.739388587779
 9321.705861846405 9169.485071143448 -9877.989941871692 -8606.616330250868
 8812.641858770359 9699.292106296221 -9763.521528379459 -8748.360427225507
 8851.286096534606 9575.844311495643 -9646.009621484431 -8781.636648816111
 8791.793933775854 9704.492981923697 -9758.532701435921 -8800.318499217999
 7635.879425484354 9246.488771113474 -9728.420221775132 -7154.739388587779
 8816.19990571794 9711.014861572821 -9753.81764537735 -8772.860665054008
 7635.879425484354 9246.488771113474 -9728.420221775132 -7154.739388587779
 7637.282623557042 9245.415505908837 -9728.12708870357 -7155.168198358549
 8817.688793102741 9697.955815637137 -9762.420577383742 -8751.064060175337
 8816.449459293683 9707.353492431712 -9753.99324964367 -8772.763337425229
 8816.19990571794 9711.014861572821 -9753.81764537735 -8772.860665054008
 8572.157625211619 9958.377950746371 -9805.885349002045 -8725.220441791353
 8817.739119680766 9702.253539519397 -9756.456742992004 -8763.046504458114
 8817.558198422361 9710.234304290687 -9763.722616986324 -8764.24427218197
 7635.879425484354 9246.488771113474 -9728.420221775132 -7154.739388587779
 7635.879425484354 9246.488771113474 -9728.420221775132 -7154.739388587779
 8828.672150595243 9705.138524190299 -9754.78968989534 -8779.74084582355
 8803.261320119636 9633.929791838485 -9883.323206598743 -8536.678310684259
 7635.879425484354 9246.488771113474 -9728.420221775132 -7154.739388587779
 7635.879425484354 9246.488771113474 -9728.420221775132 -7154.739388587779
 7635.879425484354 9246.488771113474 -9728.420221775132 -7154.739388587779
 8816.19990571794 9711.014861572821 -9753.81764537735 -8772.860665054008
 7635.879425484354 9246.488771113474 -9728.420221775132 -7154.739388587779
 7635.879425484354 9246.488771113474 -9728.420221775132 -7154.739388587779
 8812.900938329927 9705.612736416264 -9742.139302172171 -8776.863916667131
 8816.19990571794 9711.014861572821 -9753.81764537735 -8772.860665054008
 8851.286096534606 9575.844311495643 -9646.009621484431 -8781.636648816111
 8812.098541568914 9713.244566630783 -9756.407305380564 -8769.398985650472
 8814.947621455869 9708.885586004901 -9748.8085777176 -8771.468750603339
 7637.063582162737 9247.86832176622 -9728.158780253623 -7154.526917370329
 9322.135339954089 9170.790106041663 -9878.286693508209 -8607.100346068813
 7635.879425484354 9246.488771113474 -9728.420221775132 -7154.739388587779
 8816.19990571794 9711.014861572821 -9753.81764537735 -8772.860665054008
 8812.641858770359 9699.292106296221 -9763.521528379459 -8748.360427225507
 8748.724918834709 9766.4825004048 -9530.546030320194 -8975.638007028165
 8815.613394638411 9703.147022634621 -9756.763658318889 -8764.388668206484
 8828.672150595243 9705.138524190299 -9754.78968989534 -8779.74084582355
 8812.641858770359 9699.292106296221 -9763.521528379459 -8748.360427225507
 8828.672150595243 9705.138524190299 -9754.78968989534 -8779.74084582355
 8816.19990571794 9711.014861572821 -9753.81764537735 -8772.860665054008
 8816.19990571794 9711.014861572821 -9753.81764537735 -8772.860665054008
 7635.879425484354 9246.488771113474 -9728.420221775132 -7154.739388587779
 8816.19990571794 9711.014861572821 -9753.81764537735 -8772.860665054008
 7640.488290932592 9248.378770208921 -9726.122130328684 -7152.673261618307
 8572.157625211619 9958.377950746371 -9805.885349002045 -8725.220441791353
 8812.863379719576 9711.783009536466 -9756.161889912977 -8769.505758475483
