# Created by Octave 4.2.1, Mon Oct 09 19:26:29 2017 BRT <root@mosqueiro>
# name: pop
# type: matrix
# rows: 1000
# columns: 4
 8859.722995447715 9610.665130783051 -9668.173892285931 -8789.072782198587
 8859.722995447715 9610.665130783051 -9668.173892285931 -8789.072782198587
 8859.722995447715 9610.665130783051 -9668.173892285931 -8789.072782198587
 8859.722995447715 9610.665130783051 -9668.173892285931 -8789.072782198587
 8859.722995447715 9610.665130783051 -9668.173892285931 -8789.072782198587
 8859.722995447715 9610.665130783051 -9668.173892285931 -8789.072782198587
 8859.722995447715 9610.665130783051 -9668.173892285931 -8789.072782198587
 8859.722995447715 9610.665130783051 -9668.173892285931 -8789.072782198587
 9052.620559206194 9782.157601426517 -9809.205673289407 -6910.610034896314
 8859.722995447715 9610.665130783051 -9668.173892285931 -8789.072782198587
 8398.76124451043 10107.51318546097 -7430.417257302212 -7621.066655453738
 7812.847882064721 832.9320152190423 -6088.322454660258 -1595.889828236263
 8164.545610526628 10331.44844992584 -16294.64218993336 -7163.705208045943
 8859.722995447715 9610.665130783051 -9668.173892285931 -8789.072782198587
 8859.722995447715 9610.665130783051 -9668.173892285931 -8789.072782198587
 8859.722995447715 9610.665130783051 -9668.173892285931 -8789.072782198587
 8859.722995447715 9610.665130783051 -9668.173892285931 -8789.072782198587
 8859.722995447715 9610.665130783051 -9668.173892285931 -8789.072782198587
 9459.237327005851 9339.176719579138 -10363.41878298875 -7614.459032205761
 8859.722995447715 9610.665130783051 -9668.173892285931 -8789.072782198587
 8859.722995447715 9610.665130783051 -9668.173892285931 -8789.072782198587
 8859.722995447715 9610.665130783051 -9668.173892285931 -8789.072782198587
 -18281.62679338987 19679.11822968752 -1711.906710423308 15623.66203071256
 8859.722995447715 9610.665130783051 -9668.173892285931 -8789.072782198587
 8613.561526582889 12078.66021317365 -9691.863977851495 -9730.850321639904
 12389.5025308701 8607.966455644961 -7621.143413663965 -4948.83419120297
 8742.839274869493 10505.53402000101 -3178.245708437942 -9255.487441175181
 11008.93879201648 14612.8652217548 -9255.779381515722 -5451.754474629694
 13391.63708329624 9838.904372520696 -10592.24163756196 -11233.59103636935
 8859.722995447715 9610.665130783051 -9668.173892285931 -8789.072782198587
 -7602.922957414145 21143.85673696614 -14840.7833606654 8120.470333371667
 8859.722995447715 9610.665130783051 -9668.173892285931 -8789.072782198587
 11408.72776312029 8460.824737435914 -7617.571050882055 -7774.297077207051
 8859.722995447715 9610.665130783051 -9668.173892285931 -8789.072782198587
 8859.722995447715 9610.665130783051 -9668.173892285931 -8789.072782198587
 8859.722995447715 9610.665130783051 -9668.173892285931 -8789.072782198587
 8859.722995447715 9610.665130783051 -9668.173892285931 -8789.072782198587
 8859.722995447715 9610.665130783051 -9668.173892285931 -8789.072782198587
 8303.086501747728 11432.6442730176 -10195.53987564971 -7893.699178661462
 8859.722995447715 9610.665130783051 -9668.173892285931 -8789.072782198587
 8859.722995447715 9610.665130783051 -9668.173892285931 -8789.072782198587
 8859.722995447715 9610.665130783051 -9668.173892285931 -8789.072782198587
 8859.722995447715 9610.665130783051 -9668.173892285931 -8789.072782198587
 8859.722995447715 9610.665130783051 -9668.173892285931 -8789.072782198587
 8859.722995447715 9610.665130783051 -9668.173892285931 -8789.072782198587
 8859.722995447715 9610.665130783051 -9668.173892285931 -8789.072782198587
 8859.722995447715 9610.665130783051 -9668.173892285931 -8789.072782198587
 8859.722995447715 9610.665130783051 -9668.173892285931 -8789.072782198587
 8859.722995447715 9610.665130783051 -9668.173892285931 -8789.072782198587
 -9866.578198257794 7588.734456191767 -2821.00552771719 5123.679337178926
 21766.49256470619 4309.701712029593 -7581.727799562644 -15732.482815646
 8859.722995447715 9610.665130783051 -9668.173892285931 -8789.072782198587
 9935.054378380037 9209.483532457443 -11809.67548798834 -7311.342473924768
 8859.722995447715 9610.665130783051 -9668.173892285931 -8789.072782198587
 8859.722995447715 9610.665130783051 -9668.173892285931 -8789.072782198587
 -3603.875358906167 -1728.068549955556 -4459.117103522103 5068.530015664805
 -9896.525834894215 19112.84403522055 13261.30177228487 -33029.70907128953
 11352.43723988187 9594.326177742762 -12184.64336769637 -8910.340901709211
 8859.722995447715 9610.665130783051 -9668.173892285931 -8789.072782198587
 8859.722995447715 9610.665130783051 -9668.173892285931 -8789.072782198587
 8859.722995447715 9610.665130783051 -9668.173892285931 -8789.072782198587
 8859.722995447715 9610.665130783051 -9668.173892285931 -8789.072782198587
 -8628.139358474922 -8060.980739950751 7632.884592747552 9679.492986244306
 -4677.274778670037 1577.673348821567 -3235.349940443971 5982.861103259605
 10413.88524346993 -304.9101207405974 -7268.749862665601 -6845.211689043084
 7837.8636766208 22091.06661017139 -17307.75492189593 -9441.451001637206
 8859.722995447715 9610.665130783051 -9668.173892285931 -8789.072782198587
 8859.722995447715 9610.665130783051 -9668.173892285931 -8789.072782198587
 8859.722995447715 9610.665130783051 -9668.173892285931 -8789.072782198587
 8859.722995447715 9610.665130783051 -9668.173892285931 -8789.072782198587
 8859.722995447715 9610.665130783051 -9668.173892285931 -8789.072782198587
 8859.722995447715 9610.665130783051 -9668.173892285931 -8789.072782198587
 8859.722995447715 9610.665130783051 -9668.173892285931 -8789.072782198587
 7330.805921389016 9476.101269356805 -9826.346092703938 -12988.92581740367
 8859.722995447715 9610.665130783051 -9668.173892285931 -8789.072782198587
 13784.1786249722 5785.019630251927 -10931.51844328161 -7443.381253772073
 13784.1786249722 5785.019630251927 -10931.51844328161 -7443.381253772073
 8859.722995447715 9610.665130783051 -9668.173892285931 -8789.072782198587
 4887.561230767936 9694.048101531829 -5305.051671011081 -9528.693492226963
 -4764.963912967166 11583.11006316356 2711.665092663628 -22046.54224578573
 6109.58916180602 15901.35543168222 -8940.304077303193 -10575.93274104783
 14811.58136844893 25731.0942300007 -4839.738744009643 -1631.653932128895
 8859.722995447715 9610.665130783051 -9668.173892285931 -8789.072782198587
 17630.87994632296 1885.769928130611 -6504.961601022859 -5958.859002582116
 10609.32171133878 10566.61293602647 -7477.819984468615 -7537.114153308114
 8859.722995447715 9610.665130783051 -9668.173892285931 -8789.072782198587
 10012.92339917281 8888.673126739195 -11792.65680304459 -7512.183890630079
 8859.722995447715 9610.665130783051 -9668.173892285931 -8789.072782198587
 8859.722995447715 9610.665130783051 -9668.173892285931 -8789.072782198587
 12410.43486490619 7438.374207655614 -11030.21331637435 -4603.929872739344
 8859.722995447715 9610.665130783051 -9668.173892285931 -8789.072782198587
 8859.722995447715 9610.665130783051 -9668.173892285931 -8789.072782198587
 8859.722995447715 9610.665130783051 -9668.173892285931 -8789.072782198587
 5777.70548153071 14657.96968275906 -82.02009445655858 -17254.77092793863
 8490.831125322358 10036.57100005824 -11899.48526344943 -7062.746065852347
 8859.722995447715 9610.665130783051 -9668.173892285931 -8789.072782198587
 6739.052837977412 8995.974590813414 -10511.47737361907 -6428.894752822939
 6318.074767416067 11529.69101593249 -2878.164900242587 -8507.761890607435
 8859.722995447715 9610.665130783051 -9668.173892285931 -8789.072782198587
 8859.722995447715 9610.665130783051 -9668.173892285931 -8789.072782198587
 8859.722995447715 9610.665130783051 -9668.173892285931 -8789.072782198587
 8859.722995447715 9610.665130783051 -9668.173892285931 -8789.072782198587
 6109.58916180602 15901.35543168222 -8940.304077303193 -10575.93274104783
 8859.722995447715 9610.665130783051 -9668.173892285931 -8789.072782198587
 8859.722995447715 9610.665130783051 -9668.173892285931 -8789.072782198587
