# Created by Octave 4.2.1, Mon Oct 09 19:29:22 2017 BRT <root@mosqueiro>
# name: pop
# type: matrix
# rows: 1000
# columns: 4
 7635.879425484354 9246.488771113474 -9728.420221775132 -7154.739388587779
 8828.672150595243 9705.138524190299 -9754.78968989534 -8779.74084582355
 8572.157625211619 9958.377950746371 -9805.885349002045 -8725.220441791353
 8851.286096534606 9575.844311495643 -9646.009621484431 -8781.636648816111
 8812.900938329927 9705.612736416264 -9742.139302172171 -8776.863916667131
 8816.19990571794 9711.014861572821 -9753.81764537735 -8772.860665054008
 8821.97645841723 9610.4113380698 -9632.031747129902 -8688.32495647736
 8822.979361860132 9719.263839428155 -9750.388201988928 -8771.713722249187
 8816.19990571794 9711.014861572821 -9753.81764537735 -8772.860665054008
 8817.558198422361 9710.234304290687 -9763.722616986324 -8764.24427218197
 8816.19990571794 9711.014861572821 -9753.81764537735 -8772.860665054008
 8804.25080848216 9707.952462608269 -9740.350235667293 -8771.962971716523
 8822.979361860132 9719.263839428155 -9750.388201988928 -8771.713722249187
 8818.551445362196 9709.351096613897 -9756.396676592154 -8765.689285397377
 8720.04575118411 9613.346605171837 -9816.459395448543 -8763.131341982013
 8812.900938329927 9705.612736416264 -9742.139302172171 -8776.863916667131
 8816.19990571794 9711.014861572821 -9753.81764537735 -8772.860665054008
 8816.19990571794 9711.014861572821 -9753.81764537735 -8772.860665054008
 8812.641858770359 9699.292106296221 -9763.521528379459 -8748.360427225507
 8816.19990571794 9711.014861572821 -9753.81764537735 -8772.860665054008
 8816.19990571794 9711.014861572821 -9753.81764537735 -8772.860665054008
 8817.739119680766 9702.253539519397 -9756.456742992004 -8763.046504458114
 8817.558198422361 9710.234304290687 -9763.722616986324 -8764.24427218197
 8804.25080848216 9707.952462608269 -9740.350235667293 -8771.962971716523
 8816.19990571794 9711.014861572821 -9753.81764537735 -8772.860665054008
 8812.641858770359 9699.292106296221 -9763.521528379459 -8748.360427225507
 8815.532807429212 9721.326270168103 -9737.725273676464 -8770.033895731263
 8884.544972025991 9812.927923903888 -10116.29278029583 -8734.380013021228
 8816.19990571794 9711.014861572821 -9753.81764537735 -8772.860665054008
 7652.493289417202 9165.516678478432 -9709.996647733344 -7132.59765132165
 8812.641858770359 9699.292106296221 -9763.521528379459 -8748.360427225507
 8816.19990571794 9711.014861572821 -9753.81764537735 -8772.860665054008
 8816.19990571794 9711.014861572821 -9753.81764537735 -8772.860665054008
 8865.960953701479 9618.25292039984 -9672.698265891657 -8785.31316264194
 8816.19990571794 9711.014861572821 -9753.81764537735 -8772.860665054008
 8816.19990571794 9711.014861572821 -9753.81764537735 -8772.860665054008
 8804.25080848216 9707.952462608269 -9740.350235667293 -8771.962971716523
 8816.19990571794 9711.014861572821 -9753.81764537735 -8772.860665054008
 8812.098541568914 9713.244566630783 -9756.407305380564 -8769.398985650472
 8804.25080848216 9707.952462608269 -9740.350235667293 -8771.962971716523
 8816.19990571794 9711.014861572821 -9753.81764537735 -8772.860665054008
 7640.488290932592 9248.378770208921 -9726.122130328684 -7152.673261618307
 8866.2073420863 9637.392955006148 -9595.88255785026 -8796.874663420862
 8816.19990571794 9711.014861572821 -9753.81764537735 -8772.860665054008
 8816.19990571794 9711.014861572821 -9753.81764537735 -8772.860665054008
 8802.576351857027 9611.922474370596 -9687.967337719114 -8792.983165685253
 8816.19990571794 9711.014861572821 -9753.81764537735 -8772.860665054008
 8571.485220109631 9966.533706031825 -9807.420118641707 -8722.574078815773
 7640.488290932592 9248.378770208921 -9726.122130328684 -7152.673261618307
 8816.19990571794 9711.014861572821 -9753.81764537735 -8772.860665054008
 8813.111480585139 9707.046155477377 -9762.155736979443 -8757.45129005283
 8816.19990571794 9711.014861572821 -9753.81764537735 -8772.860665054008
 8816.19990571794 9711.014861572821 -9753.81764537735 -8772.860665054008
 8807.830925915359 9713.375900045658 -9750.813078342138 -8768.576228774846
 8816.19990571794 9711.014861572821 -9753.81764537735 -8772.860665054008
 -9930.9556800461 7645.7051651447 -2748.809593988141 5078.06293912639
 8831.820033376818 9616.547692538084 -9744.500484198375 -8754.775119317572
 8816.19990571794 9711.014861572821 -9753.81764537735 -8772.860665054008
 8816.19990571794 9711.014861572821 -9753.81764537735 -8772.860665054008
 7635.879425484354 9246.488771113474 -9728.420221775132 -7154.739388587779
 8816.19990571794 9711.014861572821 -9753.81764537735 -8772.860665054008
 8816.19990571794 9711.014861572821 -9753.81764537735 -8772.860665054008
 8832.489458557035 9702.269649246577 -9764.446318471662 -8795.334117258173
 8859.722995447715 9610.665130783051 -9668.173892285931 -8789.072782198587
 8816.19990571794 9711.014861572821 -9753.81764537735 -8772.860665054008
 7640.488290932592 9248.378770208921 -9726.122130328684 -7152.673261618307
 8816.19990571794 9711.014861572821 -9753.81764537735 -8772.860665054008
 11810.35199935318 15722.03342205332 -15416.55075104927 -10981.20775836413
 8816.19990571794 9711.014861572821 -9753.81764537735 -8772.860665054008
 8817.739119680766 9702.253539519397 -9756.456742992004 -8763.046504458114
 7640.488290932592 9248.378770208921 -9726.122130328684 -7152.673261618307
 8817.739119680766 9702.253539519397 -9756.456742992004 -8763.046504458114
 7640.488290932592 9248.378770208921 -9726.122130328684 -7152.673261618307
 8816.19990571794 9711.014861572821 -9753.81764537735 -8772.860665054008
 8816.19990571794 9711.014861572821 -9753.81764537735 -8772.860665054008
 8859.722995447715 9610.665130783051 -9668.173892285931 -8789.072782198587
 8819.79375388868 9644.363756047842 -9458.940630098015 -9003.656987312273
 8812.641858770359 9699.292106296221 -9763.521528379459 -8748.360427225507
 8816.19990571794 9711.014861572821 -9753.81764537735 -8772.860665054008
 8812.641858770359 9699.292106296221 -9763.521528379459 -8748.360427225507
 8816.19990571794 9711.014861572821 -9753.81764537735 -8772.860665054008
 8813.945807193335 9711.851002516318 -9756.506204290279 -8776.827247196152
 8812.900938329927 9705.612736416264 -9742.139302172171 -8776.863916667131
 8889.291796208054 9596.282181857998 -9689.896248752593 -8778.159855988555
 8572.157625211619 9958.377950746371 -9805.885349002045 -8725.220441791353
 8816.19990571794 9711.014861572821 -9753.81764537735 -8772.860665054008
 8816.19990571794 9711.014861572821 -9753.81764537735 -8772.860665054008
 8819.22637420136 9714.941686357821 -9755.785618965851 -8773.29677766056
 8816.19990571794 9711.014861572821 -9753.81764537735 -8772.860665054008
 8816.19990571794 9711.014861572821 -9753.81764537735 -8772.860665054008
 8988.687047818374 9767.424875746678 -9683.171891225014 -8840.370030528577
 8812.641858770359 9699.292106296221 -9763.521528379459 -8748.360427225507
 8816.19990571794 9711.014861572821 -9753.81764537735 -8772.860665054008
 8815.194760827808 9714.381187598176 -9760.0264592596 -8771.635901320671
 8816.19990571794 9711.014861572821 -9753.81764537735 -8772.860665054008
 8816.19990571794 9711.014861572821 -9753.81764537735 -8772.860665054008
 7640.488290932592 9248.378770208921 -9726.122130328684 -7152.673261618307
 7635.879425484354 9246.488771113474 -9728.420221775132 -7154.739388587779
 8798.017793114846 9751.768817482041 -9755.900141246286 -8793.19269578085
 9366.190073620453 9157.937408124775 -9193.000352302441 -8472.610048206368
 8816.19990571794 9711.014861572821 -9753.81764537735 -8772.860665054008
 8859.722995447715 9610.665130783051 -9668.173892285931 -8789.072782198587
 8812.900938329927 9705.612736416264 -9742.139302172171 -8776.863916667131
 7612.686116662178 9266.931589036094 -9753.231427099247 -7237.67415050568
 8812.641858770359 9699.292106296221 -9763.521528379459 -8748.360427225507
 8816.19990571794 9711.014861572821 -9753.81764537735 -8772.860665054008
