# Created by Octave 4.2.1, Mon Oct 09 19:03:29 2017 BRT <root@mosqueiro>
# name: pop
# type: matrix
# rows: 1000
# columns: 4
 -3242.063772885232 5110.64106222893 5558.902254626702 -7417.344606165118
 -3242.063772885232 5110.64106222893 5558.902254626702 -7417.344606165118
 -3242.063772885232 5110.64106222893 5558.902254626702 -7417.344606165118
 -3242.063772885232 5110.64106222893 5558.902254626702 -7417.344606165118
 -3242.063772885232 5110.64106222893 5558.902254626702 -7417.344606165118
 6593.044839037873 -2307.148998703855 3610.411010234449 -7691.752160448365
 16250.17606580989 28664.19291397185 -24156.46071827257 1160.53854494594
 4302.456404017257 -6319.606558127101 8990.00969275309 7849.694079171124
 -1722.479681268182 -1646.61373544358 -3890.494745800734 -5363.610469609389
 -9742.154370291286 1630.877927581631 9338.340417268184 -1187.643890138514
 -3242.063772885232 5110.64106222893 5558.902254626702 -7417.344606165118
 33457.49626733328 19404.8005770005 -18188.81508176392 -4034.154835371079
 1537.721894714559 -1917.300877575962 868.9901821791427 5065.390663483051
 -3242.063772885232 5110.64106222893 5558.902254626702 -7417.344606165118
 -3242.063772885232 5110.64106222893 5558.902254626702 -7417.344606165118
 -3242.063772885232 5110.64106222893 5558.902254626702 -7417.344606165118
 3560.332518807156 -4500.257995917562 8964.717303558686 -7635.417253622567
 -3242.063772885232 5110.64106222893 5558.902254626702 -7417.344606165118
 -4321.396377557863 -193.2627771537809 7973.575902319786 -3520.098961155346
 9284.326906354006 -7596.791710428201 -1167.271117711818 -868.2931908848514
 -9742.154370291286 1630.877927581631 9338.340417268184 -1187.643890138514
 -3242.063772885232 5110.64106222893 5558.902254626702 -7417.344606165118
 11161.56760117125 -6716.189304017416 25032.22822280956 -26668.90664287715
 -3242.063772885232 5110.64106222893 5558.902254626702 -7417.344606165118
 -1633.456677111548 7600.063691859534 -9037.112235838333 4050.442317371802
 5495.496789545516 7291.038498259422 3701.302145088328 -1723.255287646916
 -3242.063772885232 5110.64106222893 5558.902254626702 -7417.344606165118
 -3730.065292246431 5673.892293077311 -1082.689040422534 -681.1157311015631
 -3242.063772885232 5110.64106222893 5558.902254626702 -7417.344606165118
 -15032.64379200293 4065.678727682625 -26353.39620720507 43494.51104353584
 -16673.44689093866 32954.77602588575 13814.33059723118 20332.33349144675
 -3242.063772885232 5110.64106222893 5558.902254626702 -7417.344606165118
 -3242.063772885232 5110.64106222893 5558.902254626702 -7417.344606165118
 14735.18424128753 30884.43743866334 -31574.49340316189 5377.33581047818
 -362.2978960492092 -4650.536905019255 -8184.270351448834 -5221.409772278681
 29461.34893460944 17387.95949582263 7003.938666826762 -20753.68304831642
 -3242.063772885232 5110.64106222893 5558.902254626702 -7417.344606165118
 -6933.479194418693 -2379.175709468178 13738.92903777187 -23003.02299824342
 -9742.154370291286 1630.877927581631 9338.340417268184 -1187.643890138514
 -9742.154370291286 1630.877927581631 9338.340417268184 -1187.643890138514
 16250.17606580989 28664.19291397185 -24156.46071827257 1160.53854494594
 -3242.063772885232 5110.64106222893 5558.902254626702 -7417.344606165118
 -3242.063772885232 5110.64106222893 5558.902254626702 -7417.344606165118
 3076.210642133703 1984.182348717852 -7032.301386421448 -2801.731793176482
 36172.32631583178 39639.00176551591 11710.39909821327 24083.69986472542
 6471.180676962063 612.4862076435347 433.4781412957582 -6272.919000988285
 1683.242098686052 2645.520903357268 8819.138100222386 -4411.840424187569
 -1265.924725574083 3638.709208571936 -3314.192912642161 2155.914462491124
 3090.393379898906 3177.111047806593 -1705.16919494946 4714.155087882618
 7939.199389721543 14999.10360888172 -4309.477894196922 10061.90428415549
 2822.328137534465 9016.715012873734 -6215.836071025903 7895.659956911735
 -4161.669430364622 6597.743700159554 9410.140619655911 -9267.143035554152
 -3242.063772885232 5110.64106222893 5558.902254626702 -7417.344606165118
 -6933.479194418693 -2379.175709468178 13738.92903777187 -23003.02299824342
 -5391.875085893315 -4342.58132021579 274.6442745945969 9713.159067782359
 3076.210642133703 1984.182348717852 -7032.301386421448 -2801.731793176482
 -3242.063772885232 5110.64106222893 5558.902254626702 -7417.344606165118
 -3242.063772885232 5110.64106222893 5558.902254626702 -7417.344606165118
 6175.000909762615 -1503.898969828884 1387.891406872432 2387.102001688241
 -3242.063772885232 5110.64106222893 5558.902254626702 -7417.344606165118
 11040.22033611725 -775.2773178878388 -36196.53547710452 13572.2200112716
 -7286.469088911315 -1166.29667342892 7723.84391042397 1773.216641377585
 -3242.063772885232 5110.64106222893 5558.902254626702 -7417.344606165118
 -3730.065292246431 5673.892293077311 -1082.689040422534 -681.1157311015631
 -5391.875085893315 -4342.58132021579 274.6442745945969 9713.159067782359
 2780.386308970285 9407.573643098611 -2916.647613524569 -9346.550545413007
 -11185.83248179539 -25951.64795567332 37376.69137450951 15222.44160817936
 77281.26725161166 -45071.79666094665 -8540.144918691734 3106.35976460143
 -9955.714568365134 -8277.575166884337 7289.188271201114 4266.65546910336
 25569.26886143692 -28749.60923548854 -3175.01755361735 -6650.163922153324
 -3242.063772885232 5110.64106222893 5558.902254626702 -7417.344606165118
 7838.588991377674 -5574.939884435163 2764.767534562343 2128.488311277189
 -1637.732226726568 9967.83640559197 -1280.237021546411 -7086.266306783838
 -4338.623223195622 8056.500997460738 1302.978287794002 -2822.060910587941
 1177.787411722818 -6795.58841119856 956.044391647918 4443.835277546859
 3076.210642133703 1984.182348717852 -7032.301386421448 -2801.731793176482
 -4321.396377557863 -193.2627771537809 7973.575902319786 -3520.098961155346
 -3242.063772885232 5110.64106222893 5558.902254626702 -7417.344606165118
 -9265.280247310307 4737.886246054148 -3428.220529342138 8166.638559470481
 -5339.196804640711 -8733.632370738176 11648.78446171646 2232.537051812432
 8282.975052771028 1315.673471985425 6154.906156517522 8669.44987452808
 -3242.063772885232 5110.64106222893 5558.902254626702 -7417.344606165118
 2008.518377291142 6145.383758363203 -5848.290005094986 2501.70796877935
 12581.49143531941 8012.36813730231 1583.246452866595 -15205.57228367978
 -3196.254587713482 -5146.206477363079 8121.781619565594 -6682.714447278366
 -1265.924725574083 3638.709208571936 -3314.192912642161 2155.914462491124
 -3242.063772885232 5110.64106222893 5558.902254626702 -7417.344606165118
 -9742.154370291286 1630.877927581631 9338.340417268184 -1187.643890138514
 -5570.380280888879 23890.25351625603 28342.14442967947 57993.82115571316
 6736.361623496381 -10329.48444073201 -10481.21060904882 10148.0951720583
 1028.190817024786 603.450320695938 -7884.233218418188 7375.22471150304
 -10459.10192739897 -14637.82400872388 -22500.74307564838 18242.6067920857
 4113.298501043622 7110.824086065491 -2492.642148681149 -7641.093077881115
 14735.18424128753 30884.43743866334 -31574.49340316189 5377.33581047818
 -3242.063772885232 5110.64106222893 5558.902254626702 -7417.344606165118
 14735.18424128753 30884.43743866334 -31574.49340316189 5377.33581047818
 -6918.288952705223 1024.960009688296 24134.72942799598 21825.67147513785
 3611.054382788303 2666.334525228151 1338.903511123599 -5735.963522085615
 -3242.063772885232 5110.64106222893 5558.902254626702 -7417.344606165118
 7101.217012610636 3163.018555504474 -7107.851034638871 7640.10847053571
 -4321.396377557863 -193.2627771537809 7973.575902319786 -3520.098961155346
 -4321.396377557863 -193.2627771537809 7973.575902319786 -3520.098961155346
 -4983.407324484163 -54.15266151560354 7461.138475929834 492.5738784147288
 -3242.063772885232 5110.64106222893 5558.902254626702 -7417.344606165118
 4045.201886150635 3999.448305583963 -8172.999263069082 3576.381230341503
