# Created by Octave 4.2.1, Mon Oct 09 19:38:53 2017 BRT <root@mosqueiro>
# name: pop
# type: matrix
# rows: 1000
# columns: 4
 -7481.569794447016 -1323.528330876475 4103.402975084896 4700.743403129503
 -7481.569794447016 -1323.528330876475 4103.402975084896 4700.743403129503
 -7481.569794447016 -1323.528330876475 4103.402975084896 4700.743403129503
 -7481.569794447016 -1323.528330876475 4103.402975084896 4700.743403129503
 -7481.569794447016 -1323.528330876475 4103.402975084896 4700.743403129503
 -7481.569794447016 -1323.528330876475 4103.402975084896 4700.743403129503
 -7388.118906136311 -1280.759136014043 4066.935166573163 4616.641127117166
 -10324.82158791877 -379.1637934029191 6712.090700467143 4000.236401409895
 -7491.357089269941 -1281.035141976859 4123.025856152989 4650.102740940573
 -10324.39085166938 -399.9823101702378 6730.273831998345 4016.244137542111
 -7491.357089269941 -1281.035141976859 4123.025856152989 4650.102740940573
 -7243.465826283204 -1703.319203678468 4274.926953201226 4671.838563233879
 -7481.569794447016 -1323.528330876475 4103.402975084896 4700.743403129503
 -7090.242948329165 -1206.75288270171 3601.967347483417 4699.434180134276
 -10324.82158791877 -379.1637934029191 6712.090700467143 4000.236401409895
 -7404.867464355943 -1298.346635918426 3980.356735903499 4695.855263926918
 -10300.39069612585 -379.3688887668235 6700.250791134837 4008.005664437067
 -7491.357089269941 -1281.035141976859 4123.025856152989 4650.102740940573
 -7490.21112049096 -1283.660789211536 4109.884978435406 4645.89102463641
 -7483.137908717399 -1293.562373988393 4113.033476496524 4662.785845818444
 -7481.569794447016 -1323.528330876475 4103.402975084896 4700.743403129503
 -7519.696441856083 -2497.313935031473 3445.245018210526 4796.606018845859
 -7388.118906136311 -1280.759136014043 4066.935166573163 4616.641127117166
 -7338.580238643497 -1282.369686811084 4104.569267315006 4593.106916616811
 -7368.203872527955 -1286.189238364138 4094.838236007841 4597.988975264902
 -7243.465826283204 -1703.319203678468 4274.926953201226 4671.838563233879
 -10324.82158791877 -379.1637934029191 6712.090700467143 4000.236401409895
 -10438.23782987815 -63.93703862298453 6584.579589253561 4016.755240176813
 -7474.153041914472 -1274.039013151169 4117.878445316515 4649.993398061474
 -7491.357089269941 -1281.035141976859 4123.025856152989 4650.102740940573
 -7491.357089269941 -1281.035141976859 4123.025856152989 4650.102740940573
 -10327.77197833292 -392.5904771366218 6727.462202579454 4013.02370199097
 -7491.357089269941 -1281.035141976859 4123.025856152989 4650.102740940573
 -7388.118906136311 -1280.759136014043 4066.935166573163 4616.641127117166
 -7491.357089269941 -1281.035141976859 4123.025856152989 4650.102740940573
 -7481.569794447016 -1323.528330876475 4103.402975084896 4700.743403129503
 -7491.357089269941 -1281.035141976859 4123.025856152989 4650.102740940573
 -7483.137908717399 -1293.562373988393 4113.033476496524 4662.785845818444
 -10324.82158791877 -379.1637934029191 6712.090700467143 4000.236401409895
 -7491.357089269941 -1281.035141976859 4123.025856152989 4650.102740940573
 -7491.357089269941 -1281.035141976859 4123.025856152989 4650.102740940573
 -7491.357089269941 -1281.035141976859 4123.025856152989 4650.102740940573
 -7531.279899422145 -1008.518531302187 4057.435994936871 4736.224219272838
 -10324.82158791877 -379.1637934029191 6712.090700467143 4000.236401409895
 -7090.242948329165 -1206.75288270171 3601.967347483417 4699.434180134276
 -7478.889410132454 -1067.427744870848 3983.360047216237 4688.26320710186
 -10324.82158791877 -379.1637934029191 6712.090700467143 4000.236401409895
 -7090.242948329165 -1206.75288270171 3601.967347483417 4699.434180134276
 -7491.357089269941 -1281.035141976859 4123.025856152989 4650.102740940573
 -10299.2553384134 -372.6925831461331 6715.822261175471 3927.348742916442
 -5737.98870350066 -1082.930591420158 3569.758530177905 3260.315854470912
 -7491.357089269941 -1281.035141976859 4123.025856152989 4650.102740940573
 -7243.465826283204 -1703.319203678468 4274.926953201226 4671.838563233879
 -7228.36790054567 -1739.482123216074 4262.792602182199 4707.249679122707
 -7491.357089269941 -1281.035141976859 4123.025856152989 4650.102740940573
 -10324.82158791877 -379.1637934029191 6712.090700467143 4000.236401409895
 -7228.36790054567 -1739.482123216074 4262.792602182199 4707.249679122707
 -7228.36790054567 -1739.482123216074 4262.792602182199 4707.249679122707
 -7529.170056974213 -1293.631891578289 4147.862422481716 4677.675089304396
 -7388.118906136311 -1280.759136014043 4066.935166573163 4616.641127117166
 -7491.357089269941 -1281.035141976859 4123.025856152989 4650.102740940573
 -7445.959863329029 -1132.127225645726 4051.030872856454 4521.827438037787
 -7491.357089269941 -1281.035141976859 4123.025856152989 4650.102740940573
 -7228.36790054567 -1739.482123216074 4262.792602182199 4707.249679122707
 -7491.357089269941 -1281.035141976859 4123.025856152989 4650.102740940573
 -7491.357089269941 -1281.035141976859 4123.025856152989 4650.102740940573
 -7119.86213119904 -1189.762281078545 3614.117992732813 4703.251487671599
 -7243.465826283204 -1703.319203678468 4274.926953201226 4671.838563233879
 -10300.39069612585 -379.3688887668235 6700.250791134837 4008.005664437067
 -7481.569794447016 -1323.528330876475 4103.402975084896 4700.743403129503
 -10324.82158791877 -379.1637934029191 6712.090700467143 4000.236401409895
 -10320.58980292762 -335.6770326453035 6716.259458628771 4007.15843679621
 -10324.82158791877 -379.1637934029191 6712.090700467143 4000.236401409895
 -7507.316577023085 -1271.439073366419 4107.99578319986 4670.47482058463
 -7481.569794447016 -1323.528330876475 4103.402975084896 4700.743403129503
 -10324.82158791877 -379.1637934029191 6712.090700467143 4000.236401409895
 -7491.357089269941 -1281.035141976859 4123.025856152989 4650.102740940573
 -10324.82158791877 -379.1637934029191 6712.090700467143 4000.236401409895
 -7090.242948329165 -1206.75288270171 3601.967347483417 4699.434180134276
 -7498.186486670573 -1311.482102292521 4118.905845843472 4630.501066969019
 -7491.357089269941 -1281.035141976859 4123.025856152989 4650.102740940573
 -7491.357089269941 -1281.035141976859 4123.025856152989 4650.102740940573
 -10324.82158791877 -379.1637934029191 6712.090700467143 4000.236401409895
 -7493.634843800504 -1260.325405988618 4096.118436947885 4657.674730288469
 -10234.78163492593 -131.2351437746945 6452.403322161806 2289.951606064921
 -7228.36790054567 -1739.482123216074 4262.792602182199 4707.249679122707
 -7089.360352738401 -1231.458582528363 3658.215857579387 4693.432738727946
 -10324.82158791877 -379.1637934029191 6712.090700467143 4000.236401409895
 -7228.36790054567 -1739.482123216074 4262.792602182199 4707.249679122707
 -6896.072939648082 -1020.003237019744 3880.857176435014 4794.180510145662
 -7228.36790054567 -1739.482123216074 4262.792602182199 4707.249679122707
 -7481.569794447016 -1323.528330876475 4103.402975084896 4700.743403129503
 -7480.639090305616 -1271.677534845309 4102.282799997502 4659.966914791799
 -7491.357089269941 -1281.035141976859 4123.025856152989 4650.102740940573
 -7412.632519650228 -1018.594783479861 3663.997629460777 5114.017444442151
 -7480.152150332869 -1299.287883253522 4115.126113565879 4627.947873724834
 -5737.98870350066 -1082.930591420158 3569.758530177905 3260.315854470912
 -7073.948417220177 -1215.900545372674 3597.309316735785 4691.978296328961
 -7491.357089269941 -1281.035141976859 4123.025856152989 4650.102740940573
 -7491.357089269941 -1281.035141976859 4123.025856152989 4650.102740940573
 -10324.82158791877 -379.1637934029191 6712.090700467143 4000.236401409895
 -7460.55165472884 -1289.123423511234 4120.988492929988 4644.942522742766
 -10298.05238877163 -384.5985489221611 6694.635028887457 3989.421994199387
 -7491.357089269941 -1281.035141976859 4123.025856152989 4650.102740940573
 -7499.272087865977 -1320.400610815469 4159.972417894363 4664.043554485544
