# Created by Octave 4.2.1, Mon Oct 09 19:49:03 2017 BRT <root@mosqueiro>
# name: pop
# type: matrix
# rows: 1000
# columns: 4
 -5016.376615240914 -2982.69199037718 6443.818254701167 1554.632604343973
 -5017.992783309098 -2982.11731898659 6447.003229202737 1552.775801152004
 -5017.992783309098 -2982.11731898659 6447.003229202737 1552.775801152004
 -5017.992783309098 -2982.11731898659 6447.003229202737 1552.775801152004
 -5017.992783309098 -2982.11731898659 6447.003229202737 1552.775801152004
 -5017.992783309098 -2982.11731898659 6447.003229202737 1552.775801152004
 -5047.960059760996 -2989.069527911169 6423.188462557327 1538.334892807102
 -5017.992783309098 -2982.11731898659 6447.003229202737 1552.775801152004
 -5017.992783309098 -2982.11731898659 6447.003229202737 1552.775801152004
 -4992.598528051896 -3008.366981801299 6415.896530081 1585.058856400466
 -4999.296940984312 -3078.466987510841 6461.633279744562 1557.611093256246
 -4999.294227148315 -3031.313298630616 6370.158049839652 1632.008272760868
 -4997.027175413922 -3017.625826806312 6418.491427430358 1587.721853342603
 -4757.306845827246 -3193.234419293802 6539.503499277448 1451.928237528555
 -5017.992783309098 -2982.11731898659 6447.003229202737 1552.775801152004
 -4992.598528051896 -3008.366981801299 6415.896530081 1585.058856400466
 -5017.992783309098 -2982.11731898659 6447.003229202737 1552.775801152004
 -4992.598528051896 -3008.366981801299 6415.896530081 1585.058856400466
 -4992.598528051896 -3008.366981801299 6415.896530081 1585.058856400466
 -4995.849630223411 -2991.907851229298 6423.15544232957 1586.919858365563
 -4992.598528051896 -3008.366981801299 6415.896530081 1585.058856400466
 -4992.598528051896 -3008.366981801299 6415.896530081 1585.058856400466
 -4992.598528051896 -3008.366981801299 6415.896530081 1585.058856400466
 -4995.849630223411 -2991.907851229298 6423.15544232957 1586.919858365563
 -2639.472985140584 -3812.067440325205 -549.1900288132856 7001.187050759279
 -4992.598528051896 -3008.366981801299 6415.896530081 1585.058856400466
 -4992.598528051896 -3008.366981801299 6415.896530081 1585.058856400466
 -4992.598528051896 -3008.366981801299 6415.896530081 1585.058856400466
 -5017.992783309098 -2982.11731898659 6447.003229202737 1552.775801152004
 -5017.992783309098 -2982.11731898659 6447.003229202737 1552.775801152004
 -4992.598528051896 -3008.366981801299 6415.896530081 1585.058856400466
 -2639.472985140584 -3812.067440325205 -549.1900288132856 7001.187050759279
 -5017.992783309098 -2982.11731898659 6447.003229202737 1552.775801152004
 -2658.247972070236 -3681.249225887663 -584.7548498868711 6930.360965831095
 -4992.598528051896 -3008.366981801299 6415.896530081 1585.058856400466
 -4948.082378210483 -3001.107566318852 6767.91410549143 1188.145875391269
 -4992.598528051896 -3008.366981801299 6415.896530081 1585.058856400466
 -5017.992783309098 -2982.11731898659 6447.003229202737 1552.775801152004
 -5017.992783309098 -2982.11731898659 6447.003229202737 1552.775801152004
 -5017.992783309098 -2982.11731898659 6447.003229202737 1552.775801152004
 -4992.598528051896 -3008.366981801299 6415.896530081 1585.058856400466
 -5017.992783309098 -2982.11731898659 6447.003229202737 1552.775801152004
 -4994.377707950999 -3004.819258647422 6421.09850162475 1573.599645294341
 -4975.674530405711 -3054.625244854014 6261.917869168455 1671.952951259922
 -4997.545698879278 -2998.838101769751 6413.165237517801 1579.740866469943
 -5017.992783309098 -2982.11731898659 6447.003229202737 1552.775801152004
 -4992.598528051896 -3008.366981801299 6415.896530081 1585.058856400466
 -4995.457053621943 -2956.188286109102 6452.221782119415 1541.645276418134
 -4992.598528051896 -3008.366981801299 6415.896530081 1585.058856400466
 -4992.598528051896 -3008.366981801299 6415.896530081 1585.058856400466
 -4992.598528051896 -3008.366981801299 6415.896530081 1585.058856400466
 -4992.598528051896 -3008.366981801299 6415.896530081 1585.058856400466
 -4992.598528051896 -3008.366981801299 6415.896530081 1585.058856400466
 -4992.598528051896 -3008.366981801299 6415.896530081 1585.058856400466
 -4992.598528051896 -3008.366981801299 6415.896530081 1585.058856400466
 -4992.598528051896 -3008.366981801299 6415.896530081 1585.058856400466
 -4999.124910076187 -2996.129237046578 6422.866488723511 1577.18175725702
 -4973.6173277221 -3002.51630419333 6420.889947728554 1601.212425070155
 -4997.259211505647 -3008.664271014467 6473.443793082311 1595.948968185427
 -5017.992783309098 -2982.11731898659 6447.003229202737 1552.775801152004
 -5017.992783309098 -2982.11731898659 6447.003229202737 1552.775801152004
 -5017.992783309098 -2982.11731898659 6447.003229202737 1552.775801152004
 -5017.992783309098 -2982.11731898659 6447.003229202737 1552.775801152004
 -5017.992783309098 -2982.11731898659 6447.003229202737 1552.775801152004
 -5017.992783309098 -2982.11731898659 6447.003229202737 1552.775801152004
 -4992.598528051896 -3008.366981801299 6415.896530081 1585.058856400466
 -2752.004722049754 -3733.203311943415 -531.6654296038356 7056.409105754712
 -5017.992783309098 -2982.11731898659 6447.003229202737 1552.775801152004
 -4992.598528051896 -3008.366981801299 6415.896530081 1585.058856400466
 -5017.992783309098 -2982.11731898659 6447.003229202737 1552.775801152004
 -4994.811684828867 -3038.580207341885 6411.308881033353 1562.074710274492
 -4992.598528051896 -3008.366981801299 6415.896530081 1585.058856400466
 -5007.125232668152 -3003.911514533077 6420.250503887902 1574.689160201176
 -4992.598528051896 -3008.366981801299 6415.896530081 1585.058856400466
 -4856.311406029345 -3147.878157212992 6516.398223401997 1409.271625121463
 -5017.992783309098 -2982.11731898659 6447.003229202737 1552.775801152004
 -4992.598528051896 -3008.366981801299 6415.896530081 1585.058856400466
 -5085.253864973127 -3064.567980324934 6417.373696722882 1590.82151356857
 -5017.992783309098 -2982.11731898659 6447.003229202737 1552.775801152004
 -5017.992783309098 -2982.11731898659 6447.003229202737 1552.775801152004
 -4929.509486273317 -2997.861190836006 6775.145175165805 1203.134155580554
 -5047.960059760996 -2989.069527911169 6423.188462557327 1538.334892807102
 -4992.598528051896 -3008.366981801299 6415.896530081 1585.058856400466
 -4992.598528051896 -3008.366981801299 6415.896530081 1585.058856400466
 -5017.992783309098 -2982.11731898659 6447.003229202737 1552.775801152004
 -5017.992783309098 -2982.11731898659 6447.003229202737 1552.775801152004
 -5017.992783309098 -2982.11731898659 6447.003229202737 1552.775801152004
 -2656.468543308958 -3804.358979330417 -549.2347498888671 6993.329792565328
 -4992.598528051896 -3008.366981801299 6415.896530081 1585.058856400466
 -4992.598528051896 -3008.366981801299 6415.896530081 1585.058856400466
 -4959.112663885337 -3005.268131833651 6420.744087032584 1583.138882976951
 -5017.992783309098 -2982.11731898659 6447.003229202737 1552.775801152004
 -4992.598528051896 -3008.366981801299 6415.896530081 1585.058856400466
 -5089.485697249054 -3030.095847038538 6383.331757168268 1554.531155120952
 -1700.115453172665 -4609.898667202436 -312.2570855137678 7211.805146289874
 -5017.992783309098 -2982.11731898659 6447.003229202737 1552.775801152004
 -5017.992783309098 -2982.11731898659 6447.003229202737 1552.775801152004
 -5017.992783309098 -2982.11731898659 6447.003229202737 1552.775801152004
 -4992.598528051896 -3008.366981801299 6415.896530081 1585.058856400466
 -5005.628118703412 -3036.826579989936 6405.642458290409 1602.227037539836
 -5017.992783309098 -2982.11731898659 6447.003229202737 1552.775801152004
 -4992.598528051896 -3008.366981801299 6415.896530081 1585.058856400466
 -4992.598528051896 -3008.366981801299 6415.896530081 1585.058856400466
 -5017.992783309098 -2982.11731898659 6447.003229202737 1552.775801152004
 -4990.753337284652 -2997.648663636761 6415.852938400324 1593.814265283295
 -5017.992783309098 -2982.11731898659 6447.003229202737 1552.775801152004
 -4992.598528051896 -3008.366981801299 6415.896530081 1585.058856400466
