# Created by Octave 4.2.1, Mon Oct 09 19:45:31 2017 BRT <root@mosqueiro>
# name: pop
# type: matrix
# rows: 1000
# columns: 4
 -4992.598528051896 -3008.366981801299 6415.896530081 1585.058856400466
 -2639.472985140584 -3812.067440325205 -549.1900288132856 7001.187050759279
 -2639.472985140584 -3812.067440325205 -549.1900288132856 7001.187050759279
 -2639.472985140584 -3812.067440325205 -549.1900288132856 7001.187050759279
 -2639.472985140584 -3812.067440325205 -549.1900288132856 7001.187050759279
 -2639.472985140584 -3812.067440325205 -549.1900288132856 7001.187050759279
 -5193.811943968846 361.2519498177803 -16583.62138453587 -7086.207239963362
 25471.35508685194 -9406.221032572874 -29288.83162922995 13544.80626884968
 8190.385871996218 -5193.95541919467 825.5632517809443 7523.916585959103
 -2639.472985140584 -3812.067440325205 -549.1900288132856 7001.187050759279
 -2639.472985140584 -3812.067440325205 -549.1900288132856 7001.187050759279
 -2639.472985140584 -3812.067440325205 -549.1900288132856 7001.187050759279
 -2639.472985140584 -3812.067440325205 -549.1900288132856 7001.187050759279
 -1592.745841932997 2351.056963917315 -3852.479937778222 2929.891780984695
 -2639.472985140584 -3812.067440325205 -549.1900288132856 7001.187050759279
 -2639.472985140584 -3812.067440325205 -549.1900288132856 7001.187050759279
 -372.1048658332047 5151.26636992472 19611.37750303916 -16447.60171196265
 -3438.429304416245 -4285.370840322306 7539.276091081168 10460.98846970198
 -2639.472985140584 -3812.067440325205 -549.1900288132856 7001.187050759279
 -2639.472985140584 -3812.067440325205 -549.1900288132856 7001.187050759279
 -2639.472985140584 -3812.067440325205 -549.1900288132856 7001.187050759279
 -2639.472985140584 -3812.067440325205 -549.1900288132856 7001.187050759279
 -2639.472985140584 -3812.067440325205 -549.1900288132856 7001.187050759279
 225.3092884052703 4520.450969904875 -12970.69026426712 -7686.776582640048
 -2639.472985140584 -3812.067440325205 -549.1900288132856 7001.187050759279
 7599.044811176531 8485.773655698318 -360.7446271391464 1708.609607529021
 -2639.472985140584 -3812.067440325205 -549.1900288132856 7001.187050759279
 -20036.33471446911 232.7663239237177 -10377.63245062676 18074.23528594524
 -2639.472985140584 -3812.067440325205 -549.1900288132856 7001.187050759279
 -2639.472985140584 -3812.067440325205 -549.1900288132856 7001.187050759279
 -2639.472985140584 -3812.067440325205 -549.1900288132856 7001.187050759279
 -1413.880890567793 5717.797390301073 2339.194659550886 -5291.491017093915
 -11108.47931732589 2566.349609976328 2277.387897161002 6363.708640637914
 -2639.472985140584 -3812.067440325205 -549.1900288132856 7001.187050759279
 -2639.472985140584 -3812.067440325205 -549.1900288132856 7001.187050759279
 -2639.472985140584 -3812.067440325205 -549.1900288132856 7001.187050759279
 -2639.472985140584 -3812.067440325205 -549.1900288132856 7001.187050759279
 -2639.472985140584 -3812.067440325205 -549.1900288132856 7001.187050759279
 -421.3099077332331 -10552.28493243385 1062.539097353575 6834.386718661888
 -2639.472985140584 -3812.067440325205 -549.1900288132856 7001.187050759279
 5319.280626362568 25747.39752238534 18991.13838331282 -9435.166381754732
 -2639.472985140584 -3812.067440325205 -549.1900288132856 7001.187050759279
 -2639.472985140584 -3812.067440325205 -549.1900288132856 7001.187050759279
 -2639.472985140584 -3812.067440325205 -549.1900288132856 7001.187050759279
 -2639.472985140584 -3812.067440325205 -549.1900288132856 7001.187050759279
 -2639.472985140584 -3812.067440325205 -549.1900288132856 7001.187050759279
 -2639.472985140584 -3812.067440325205 -549.1900288132856 7001.187050759279
 -2426.903762766817 679.9706757692502 -7923.133356397863 3396.549280231733
 7594.918939395078 22245.10188626932 31102.32438534988 -3255.961165259645
 -2639.472985140584 -3812.067440325205 -549.1900288132856 7001.187050759279
 -4992.598528051896 -3008.366981801299 6415.896530081 1585.058856400466
 -2639.472985140584 -3812.067440325205 -549.1900288132856 7001.187050759279
 -5369.919005804797 -139.2148111065294 2727.388095085703 5438.868410673615
 -2639.472985140584 -3812.067440325205 -549.1900288132856 7001.187050759279
 -6435.138037734207 -941.0228555438489 679.4849247231316 15159.97514329389
 246.1892391341339 22384.13435323496 135.3633549401598 -16740.44901053649
 -2639.472985140584 -3812.067440325205 -549.1900288132856 7001.187050759279
 -2639.472985140584 -3812.067440325205 -549.1900288132856 7001.187050759279
 -2639.472985140584 -3812.067440325205 -549.1900288132856 7001.187050759279
 -6195.670006760267 -13093.94911538336 14542.85154816316 -1721.361910545142
 -2639.472985140584 -3812.067440325205 -549.1900288132856 7001.187050759279
 -2639.472985140584 -3812.067440325205 -549.1900288132856 7001.187050759279
 -2639.472985140584 -3812.067440325205 -549.1900288132856 7001.187050759279
 4978.135945746551 -5323.050650263454 11025.81151274864 4141.369920289704
 -2639.472985140584 -3812.067440325205 -549.1900288132856 7001.187050759279
 -2639.472985140584 -3812.067440325205 -549.1900288132856 7001.187050759279
 2018.059428548489 -26458.40696169746 -1814.132278654261 9529.914464143696
 -2639.472985140584 -3812.067440325205 -549.1900288132856 7001.187050759279
 -4992.598528051896 -3008.366981801299 6415.896530081 1585.058856400466
 -2639.472985140584 -3812.067440325205 -549.1900288132856 7001.187050759279
 -2639.472985140584 -3812.067440325205 -549.1900288132856 7001.187050759279
 -2639.472985140584 -3812.067440325205 -549.1900288132856 7001.187050759279
 -1592.745841932997 2351.056963917315 -3852.479937778222 2929.891780984695
 110.9477354729033 -5760.839526110277 16409.07942113244 -9850.020147586287
 -2639.472985140584 -3812.067440325205 -549.1900288132856 7001.187050759279
 -2639.472985140584 -3812.067440325205 -549.1900288132856 7001.187050759279
 -4992.598528051896 -3008.366981801299 6415.896530081 1585.058856400466
 -9155.818690752194 -14457.36641371103 4161.147498707096 4322.138721360669
 -35.18458270804331 -5789.630216356854 -2120.138183341265 23457.59467344146
 -5284.034445586303 23888.01317840641 33738.90021277254 -3849.474992851033
 -2639.472985140584 -3812.067440325205 -549.1900288132856 7001.187050759279
 -2639.472985140584 -3812.067440325205 -549.1900288132856 7001.187050759279
 -2639.472985140584 -3812.067440325205 -549.1900288132856 7001.187050759279
 -11156.01017786912 -41840.88801919833 -1899.30104582499 40977.46852778283
 -2639.472985140584 -3812.067440325205 -549.1900288132856 7001.187050759279
 110.9477354729033 -5760.839526110277 16409.07942113244 -9850.020147586287
 -2639.472985140584 -3812.067440325205 -549.1900288132856 7001.187050759279
 7605.258689241299 -1120.884833214523 -10280.58160579909 -6192.087508126406
 -5215.083712065845 -13812.07636914591 -7863.035485957548 9025.651420980537
 -2639.472985140584 -3812.067440325205 -549.1900288132856 7001.187050759279
 -6258.245954445487 -6046.359624564437 -7045.515577846931 2072.993425955952
 6089.682937679006 2351.537640376011 22466.22979677247 7188.75613506059
 -2639.472985140584 -3812.067440325205 -549.1900288132856 7001.187050759279
 -2639.472985140584 -3812.067440325205 -549.1900288132856 7001.187050759279
 -2639.472985140584 -3812.067440325205 -549.1900288132856 7001.187050759279
 -2639.472985140584 -3812.067440325205 -549.1900288132856 7001.187050759279
 -2639.472985140584 -3812.067440325205 -549.1900288132856 7001.187050759279
 -8734.024954939796 -4285.471490430007 -5573.897287298015 9473.044417362269
 -2639.472985140584 -3812.067440325205 -549.1900288132856 7001.187050759279
 -2639.472985140584 -3812.067440325205 -549.1900288132856 7001.187050759279
 1966.113878305305 -9587.552603186312 -1377.521258802304 5788.003025210463
 -2639.472985140584 -3812.067440325205 -549.1900288132856 7001.187050759279
 -2639.472985140584 -3812.067440325205 -549.1900288132856 7001.187050759279
 1075.341273732363 -3903.733316110708 -2049.091859463704 10900.28208023783
