# Created by Octave 4.2.1, Mon Oct 09 19:26:48 2017 BRT <root@mosqueiro>
# name: pop
# type: matrix
# rows: 1000
# columns: 4
 8859.722995447715 9610.665130783051 -9668.173892285931 -8789.072782198587
 8859.722995447715 9610.665130783051 -9668.173892285931 -8789.072782198587
 8859.722995447715 9610.665130783051 -9668.173892285931 -8789.072782198587
 8859.722995447715 9610.665130783051 -9668.173892285931 -8789.072782198587
 8859.722995447715 9610.665130783051 -9668.173892285931 -8789.072782198587
 8859.722995447715 9610.665130783051 -9668.173892285931 -8789.072782198587
 8859.722995447715 9610.665130783051 -9668.173892285931 -8789.072782198587
 8859.722995447715 9610.665130783051 -9668.173892285931 -8789.072782198587
 8859.722995447715 9610.665130783051 -9668.173892285931 -8789.072782198587
 8859.722995447715 9610.665130783051 -9668.173892285931 -8789.072782198587
 8859.722995447715 9610.665130783051 -9668.173892285931 -8789.072782198587
 7803.632402222879 -134.7903100720332 -7042.065990720845 -603.4676310924061
 8859.722995447715 9610.665130783051 -9668.173892285931 -8789.072782198587
 8859.722995447715 9610.665130783051 -9668.173892285931 -8789.072782198587
 6765.905083350524 5628.04206632448 -1789.442994265153 -1313.286822746327
 8859.722995447715 9610.665130783051 -9668.173892285931 -8789.072782198587
 15241.09679647444 13997.56542229402 -12313.85150593784 -10185.57811540087
 8859.722995447715 9610.665130783051 -9668.173892285931 -8789.072782198587
 8859.722995447715 9610.665130783051 -9668.173892285931 -8789.072782198587
 8859.722995447715 9610.665130783051 -9668.173892285931 -8789.072782198587
 8179.041638432272 11545.55067055649 -11005.3224232787 -9129.364082315813
 -15435.98063190318 13028.33692397513 -17109.60802461348 -2447.907942047303
 8431.593203836301 9828.489458974742 -8900.042297990845 -8181.797247271509
 8859.722995447715 9610.665130783051 -9668.173892285931 -8789.072782198587
 8859.722995447715 9610.665130783051 -9668.173892285931 -8789.072782198587
 8859.722995447715 9610.665130783051 -9668.173892285931 -8789.072782198587
 9079.497718507087 11739.19179626681 -9753.949577708292 -7594.652705888048
 20315.80284073482 16609.89543399247 -5904.5094217882 10990.89456714475
 8859.722995447715 9610.665130783051 -9668.173892285931 -8789.072782198587
 13571.20085275805 5732.781845082689 -11010.62115202642 -14032.55555396035
 8859.722995447715 9610.665130783051 -9668.173892285931 -8789.072782198587
 3600.740955207756 1488.331546392758 24341.6678998014 21882.91665885233
 8859.722995447715 9610.665130783051 -9668.173892285931 -8789.072782198587
 8859.722995447715 9610.665130783051 -9668.173892285931 -8789.072782198587
 8859.722995447715 9610.665130783051 -9668.173892285931 -8789.072782198587
 8859.722995447715 9610.665130783051 -9668.173892285931 -8789.072782198587
 8859.722995447715 9610.665130783051 -9668.173892285931 -8789.072782198587
 8352.795204614835 9256.435442848944 -5177.214914588557 -7864.029274733821
 8859.722995447715 9610.665130783051 -9668.173892285931 -8789.072782198587
 3548.687355086675 12876.40153618467 -6238.67422924646 -3270.118569345945
 8859.722995447715 9610.665130783051 -9668.173892285931 -8789.072782198587
 8859.722995447715 9610.665130783051 -9668.173892285931 -8789.072782198587
 8859.722995447715 9610.665130783051 -9668.173892285931 -8789.072782198587
 7411.872056944772 15897.28993514102 -8336.031350761139 -11083.1275134716
 8770.694281103843 9820.608654351567 -7738.275993535593 -8548.425898749212
 10680.30976793619 11322.3130238369 -9861.101747891757 -9803.218477823704
 22347.39779069949 -11351.27954768369 9102.513429160321 13070.57849942353
 9935.054378380037 9209.483532457443 -11809.67548798834 -7311.342473924768
 8859.722995447715 9610.665130783051 -9668.173892285931 -8789.072782198587
 8859.722995447715 9610.665130783051 -9668.173892285931 -8789.072782198587
 8859.722995447715 9610.665130783051 -9668.173892285931 -8789.072782198587
 9383.995615485042 1384.924220593202 -6267.570987151355 2835.304389822727
 8859.722995447715 9610.665130783051 -9668.173892285931 -8789.072782198587
 8859.722995447715 9610.665130783051 -9668.173892285931 -8789.072782198587
 9310.593007655758 7955.903454472746 -10941.86932279125 -10237.54168849542
 8859.722995447715 9610.665130783051 -9668.173892285931 -8789.072782198587
 2365.326008986614 6265.600903456507 -16272.97800850086 1530.966525111797
 -12679.22885118416 7139.521973426097 -5949.049385578936 -20348.00462030932
 8859.722995447715 9610.665130783051 -9668.173892285931 -8789.072782198587
 8859.722995447715 9610.665130783051 -9668.173892285931 -8789.072782198587
 8859.722995447715 9610.665130783051 -9668.173892285931 -8789.072782198587
 8859.722995447715 9610.665130783051 -9668.173892285931 -8789.072782198587
 -38223.77669098627 21235.67791489173 8255.849222271427 1983.101264416086
 8859.722995447715 9610.665130783051 -9668.173892285931 -8789.072782198587
 8859.722995447715 9610.665130783051 -9668.173892285931 -8789.072782198587
 8859.722995447715 9610.665130783051 -9668.173892285931 -8789.072782198587
 8859.722995447715 9610.665130783051 -9668.173892285931 -8789.072782198587
 8859.722995447715 9610.665130783051 -9668.173892285931 -8789.072782198587
 8859.722995447715 9610.665130783051 -9668.173892285931 -8789.072782198587
 6285.349175392713 16496.84522059825 -23836.97642182959 -1896.985150942624
 8859.722995447715 9610.665130783051 -9668.173892285931 -8789.072782198587
 8398.76124451043 10107.51318546097 -7430.417257302212 -7621.066655453738
 20348.54653144693 6068.411546825582 -4737.910444480527 -14129.10606030387
 8859.722995447715 9610.665130783051 -9668.173892285931 -8789.072782198587
 8898.893937382496 9525.870967033432 -13566.08939707886 -7476.107529848611
 6295.062711874258 8507.760707268058 -5325.724659164413 -7171.823070644848
 8859.722995447715 9610.665130783051 -9668.173892285931 -8789.072782198587
 8859.722995447715 9610.665130783051 -9668.173892285931 -8789.072782198587
 8859.722995447715 9610.665130783051 -9668.173892285931 -8789.072782198587
 11443.21915185094 15443.41458862703 -15160.85771369661 -11126.16593120426
 8859.722995447715 9610.665130783051 -9668.173892285931 -8789.072782198587
 5549.655456684603 4978.641829381626 -892.8412191126503 -4955.319402587586
 9173.020675795979 21340.04315388142 -7220.758172280845 -4499.629646733149
 -3603.875358906167 -1728.068549955556 -4459.117103522103 5068.530015664805
 -9866.578198257794 7588.734456191767 -2821.00552771719 5123.679337178926
 8859.722995447715 9610.665130783051 -9668.173892285931 -8789.072782198587
 8859.722995447715 9610.665130783051 -9668.173892285931 -8789.072782198587
 8859.722995447715 9610.665130783051 -9668.173892285931 -8789.072782198587
 8859.722995447715 9610.665130783051 -9668.173892285931 -8789.072782198587
 8859.722995447715 9610.665130783051 -9668.173892285931 -8789.072782198587
 8859.722995447715 9610.665130783051 -9668.173892285931 -8789.072782198587
 8859.722995447715 9610.665130783051 -9668.173892285931 -8789.072782198587
 8859.722995447715 9610.665130783051 -9668.173892285931 -8789.072782198587
 10756.05764760121 5883.702870152136 -10474.11368928233 -8320.600413873106
 8859.722995447715 9610.665130783051 -9668.173892285931 -8789.072782198587
 15002.07446129243 3700.13960091557 1789.632550778246 -19772.25043027596
 8859.722995447715 9610.665130783051 -9668.173892285931 -8789.072782198587
 8398.76124451043 10107.51318546097 -7430.417257302212 -7621.066655453738
 -3603.875358906167 -1728.068549955556 -4459.117103522103 5068.530015664805
 9024.019156466771 9053.517047667829 -7999.368395476844 -10338.85152214539
 8859.722995447715 9610.665130783051 -9668.173892285931 -8789.072782198587
 8398.76124451043 10107.51318546097 -7430.417257302212 -7621.066655453738
 3600.740955207756 1488.331546392758 24341.6678998014 21882.91665885233
 8859.722995447715 9610.665130783051 -9668.173892285931 -8789.072782198587
 8859.722995447715 9610.665130783051 -9668.173892285931 -8789.072782198587
