# Created by Octave 4.2.1, Mon Oct 09 19:22:57 2017 BRT <root@mosqueiro>
# name: pop
# type: matrix
# rows: 1000
# columns: 4
 8859.722995447715 9610.665130783051 -9668.173892285931 -8789.072782198587
 8859.722995447715 9610.665130783051 -9668.173892285931 -8789.072782198587
 8859.722995447715 9610.665130783051 -9668.173892285931 -8789.072782198587
 8859.722995447715 9610.665130783051 -9668.173892285931 -8789.072782198587
 8859.722995447715 9610.665130783051 -9668.173892285931 -8789.072782198587
 -3300.691392461616 3145.432524517346 -4951.013333340898 5282.206246768132
 4418.375570040871 3523.698690893807 3146.466584338827 -8176.185909122745
 3966.992780213008 6103.614198810701 -5860.760078274719 -4680.09965199616
 -22495.9058805823 -5190.612162636873 40215.27258771421 3228.955797171804
 4038.305933627855 -5377.349028499712 9557.256545872853 -8240.897753826604
 8859.722995447715 9610.665130783051 -9668.173892285931 -8789.072782198587
 9511.892521908085 5179.324172649753 -2799.00652629944 -8306.902845678196
 7146.940868632857 1623.173344383325 1597.749659529736 -503.571204173295
 -38779.98253391171 -14396.46504189435 -15727.59424621994 -6460.580459940382
 -5900.015677077347 3825.130216194189 -6901.078752287911 -5478.868288375927
 -3300.691392461616 3145.432524517346 -4951.013333340898 5282.206246768132
 37560.49761456644 8894.539979318215 3628.293159504473 -12504.16750014987
 2767.175548302772 -9615.237462027128 7947.935899814951 10.43549144220015
 -4677.274778670037 1577.673348821567 -3235.349940443971 5982.861103259605
 22866.17516291855 -9295.874798056819 11900.06922204804 -50977.96482901711
 295.4341361897896 5526.614644093597 452.7618624922252 -684.5903215717335
 4038.305933627855 -5377.349028499712 9557.256545872853 -8240.897753826604
 -3300.691392461616 3145.432524517346 -4951.013333340898 5282.206246768132
 8859.722995447715 9610.665130783051 -9668.173892285931 -8789.072782198587
 5498.905487870779 2743.977136384092 -8607.593247052058 8368.00943384727
 -9866.578198257794 7588.734456191767 -2821.00552771719 5123.679337178926
 8859.722995447715 9610.665130783051 -9668.173892285931 -8789.072782198587
 9370.993736122877 4545.191642252385 7568.970876142437 -1847.788661715301
 8859.722995447715 9610.665130783051 -9668.173892285931 -8789.072782198587
 6503.650592940881 6173.122953736736 -2652.323493699008 -9196.861945382281
 -5881.477921601373 6821.211549586104 5857.724955361062 -6384.352944791457
 -532.486169038204 9571.838840702003 -3975.392190110153 3160.655537408878
 28270.87520037802 32654.60329207568 -20818.06024645957 -44207.3848972191
 8577.261370480879 3285.378345992942 -5279.395282105002 -2195.722384732711
 -5881.477921601373 6821.211549586104 5857.724955361062 -6384.352944791457
 8859.722995447715 9610.665130783051 -9668.173892285931 -8789.072782198587
 5909.81166381896 -3828.580191760357 -999.877291323457 7884.67631950324
 4121.798577527703 -1775.993201555772 -30.0648363197688 -779.2755292274942
 -7393.212877256781 6973.291453771519 -2357.198253048404 3515.004415506757
 -5411.001826405629 -2425.812030730642 3524.778344016495 4282.78926340209
 179.2676948811786 338.8976601189643 6963.498057238685 -4138.608942680858
 8587.759457795972 -1601.538979115725 6852.505170160897 -7381.866062710516
 -464.706420734934 8250.762262717068 -5116.046070616421 2537.480698012536
 -763.481451359894 -9358.373186818366 -1451.836682449959 -264.4933434409741
 -1958.257934329087 5918.518645388478 4578.344006415249 -8813.233331085412
 -253.2083875679109 8410.669222129054 -3537.608681528965 -3534.490367497193
 -22039.21897101825 1369.672866446625 -21259.40965107674 -6768.987849187291
 -2679.404029333078 1937.267259552224 3087.321543646805 -930.0429271494795
 6110.321683156364 3834.628074557775 -7528.616118820838 -1404.953886556355
 8374.022165394006 -8804.080361848903 -2211.103404340787 3592.430664493184
 8859.722995447715 9610.665130783051 -9668.173892285931 -8789.072782198587
 -5411.001826405629 -2425.812030730642 3524.778344016495 4282.78926340209
 -21017.84000435505 20656.10847063952 -5310.219985837887 33589.04305025948
 -22739.46665499974 -17476.89860140025 -9211.754586230754 -9315.434479223826
 -5411.001826405629 -2425.812030730642 3524.778344016495 4282.78926340209
 -9917.85473167179 6261.142486363078 -7090.791271122946 -7327.474986127679
 -5411.001826405629 -2425.812030730642 3524.778344016495 4282.78926340209
 8859.722995447715 9610.665130783051 -9668.173892285931 -8789.072782198587
 -8602.89499158641 4276.6350931706 2582.395927103136 1957.537194662022
 -9866.578198257794 7588.734456191767 -2821.00552771719 5123.679337178926
 -1984.326580761403 -6465.194204638295 -894.9567027346493 -5989.189411809339
 -9999.42485634864 -6854.390453626173 -5586.725272708647 -3170.202855717646
 9511.892521908085 5179.324172649753 -2799.00652629944 -8306.902845678196
 -5411.001826405629 -2425.812030730642 3524.778344016495 4282.78926340209
 -10992.39151434375 -9016.288816837219 -31571.64085455889 8072.586823699326
 -5411.001826405629 -2425.812030730642 3524.778344016495 4282.78926340209
 -3300.691392461616 3145.432524517346 -4951.013333340898 5282.206246768132
 8859.722995447715 9610.665130783051 -9668.173892285931 -8789.072782198587
 7403.151744065101 -5095.233544776337 -1114.645321432039 -905.5490590003992
 -8628.139358474922 -8060.980739950751 7632.884592747552 9679.492986244306
 8859.722995447715 9610.665130783051 -9668.173892285931 -8789.072782198587
 5258.98248739444 1649.350590738271 6155.643413351985 2641.082086441438
 4038.305933627855 -5377.349028499712 9557.256545872853 -8240.897753826604
 -9866.578198257794 7588.734456191767 -2821.00552771719 5123.679337178926
 -6867.462526358771 1951.78342409711 8591.087876902351 9523.881081740925
 -410.6352668179552 -2215.317315186994 -2839.374131747242 3115.093735491484
 -7393.212877256781 6973.291453771519 -2357.198253048404 3515.004415506757
 8465.400222921999 -2313.818609799151 -4631.39062688794 -2001.255975900252
 8387.417005704985 -8948.056272272848 -232.7391435384689 967.1890908964451
 -3367.283617710005 -2145.009474062288 -3721.23544791011 9087.558366697322
 3473.822167275563 5230.460940931347 -2853.725380757709 -6306.202245153387
 6524.930409869896 5243.918864693936 2791.178592386987 -8939.39619119949
 -2024.593137821603 -6231.57078058508 5411.371323582898 3353.223923742036
 -24382.80448583818 6036.139135664073 -21116.94343301516 11847.31308576666
 -9866.578198257794 7588.734456191767 -2821.00552771719 5123.679337178926
 32490.95141097128 9488.235614460373 15436.99461416674 -10974.46536248272
 22486.11599913906 1729.915664111741 6415.857362762103 -11251.86682406381
 -1368.973733338211 -9021.171380499374 7130.297561098454 2811.766660361884
 12772.91249450042 -33399.74937007909 12260.02230110358 -40044.70461851983
 9744.938063850976 1229.298013432463 -7866.44567428723 1952.591179432909
 2656.686396380288 2080.308969319575 2528.089976614338 21043.13054771154
 1086.437732174058 1668.513844363732 -8552.568622878754 30740.32383780619
 -9866.578198257794 7588.734456191767 -2821.00552771719 5123.679337178926
 -8628.139358474922 -8060.980739950751 7632.884592747552 9679.492986244306
 8859.722995447715 9610.665130783051 -9668.173892285931 -8789.072782198587
 8859.722995447715 9610.665130783051 -9668.173892285931 -8789.072782198587
 8859.722995447715 9610.665130783051 -9668.173892285931 -8789.072782198587
 8859.722995447715 9610.665130783051 -9668.173892285931 -8789.072782198587
 8859.722995447715 9610.665130783051 -9668.173892285931 -8789.072782198587
 8859.722995447715 9610.665130783051 -9668.173892285931 -8789.072782198587
 3199.358300543247 -2100.455741711324 6332.827368459557 -4457.737840655188
 3763.059372071613 2316.968526245806 2183.214319719284 5324.498348728472
 -7579.040334470474 3960.190352104406 8372.992915167521 -3581.052795032663
 -8628.139358474922 -8060.980739950751 7632.884592747552 9679.492986244306
 4038.305933627855 -5377.349028499712 9557.256545872853 -8240.897753826604
