# Created by Octave 4.2.1, Mon Oct 09 19:11:09 2017 BRT <root@mosqueiro>
# name: pop
# type: matrix
# rows: 1000
# columns: 4
 -10022.28276671218 14099.34043190752 12462.60399578985 -16540.69133983052
 -10022.30216148924 14099.35197105047 12462.54273699436 -16540.62202740841
 -10022.47472060539 14099.81185897638 12462.0181800105 -16540.38470660057
 -10022.47472060539 14099.81185897638 12462.0181800105 -16540.38470660057
 -10022.47472060539 14099.81185897638 12462.0181800105 -16540.38470660057
 -10023.8175434774 14098.42409353739 12464.43023302037 -16539.77754768704
 -10022.30878808644 14099.36283349158 12462.62530998718 -16540.61623986461
 -10022.30878808644 14099.36283349158 12462.62530998718 -16540.61623986461
 -10131.2384934713 14022.75819796791 12399.97637100215 -16456.6303269026
 -10022.47472060539 14099.81185897638 12462.0181800105 -16540.38470660057
 -10022.01078136578 14099.6353950201 12462.51667333179 -16540.22579994634
 -10022.30878808644 14099.36283349158 12462.62530998718 -16540.61623986461
 -10164.79122653997 14174.87826954975 12418.56867473054 -16429.68000163314
 -10022.30878808644 14099.36283349158 12462.62530998718 -16540.61623986461
 -10022.30216148924 14099.35197105047 12462.54273699436 -16540.62202740841
 -10022.0616364253 14099.88480832219 12463.41821335506 -16540.65289928114
 -10164.79122653997 14174.87826954975 12418.56867473054 -16429.68000163314
 -8997.480816536225 13655.60719147824 12013.31500166485 -16664.49924841844
 -10164.79122653997 14174.87826954975 12418.56867473054 -16429.68000163314
 -10022.36175458483 14099.91072771703 12462.56553046496 -16540.80157279853
 -10067.98085825814 14053.74687475338 12471.71266640627 -16455.83537771952
 -10079.55510690081 14062.42605438883 12477.80088674093 -16461.03155856262
 -10022.47472060539 14099.81185897638 12462.0181800105 -16540.38470660057
 -10022.47472060539 14099.81185897638 12462.0181800105 -16540.38470660057
 -10022.30878808644 14099.36283349158 12462.62530998718 -16540.61623986461
 -10164.78295692717 14174.55216800177 12418.92401802078 -16429.71896437687
 -10022.30878808644 14099.36283349158 12462.62530998718 -16540.61623986461
 -10022.30878808644 14099.36283349158 12462.62530998718 -16540.61623986461
 -10066.4836721681 14036.96478621542 12476.70841529508 -16447.97248684429
 -10021.28360925849 14097.24733971778 12463.16512746766 -16540.41075042899
 -10022.30878808644 14099.36283349158 12462.62530998718 -16540.61623986461
 -10024.08591278262 14101.06301916437 12463.60675321947 -16541.59677978302
 -10022.30878808644 14099.36283349158 12462.62530998718 -16540.61623986461
 -10164.79122653997 14174.87826954975 12418.56867473054 -16429.68000163314
 -10022.30878808644 14099.36283349158 12462.62530998718 -16540.61623986461
 -10164.79122653997 14174.87826954975 12418.56867473054 -16429.68000163314
 -10164.79122653997 14174.87826954975 12418.56867473054 -16429.68000163314
 -10164.79122653997 14174.87826954975 12418.56867473054 -16429.68000163314
 -10164.30457558436 14175.12128335017 12418.2351418421 -16429.67778950042
 -10024.08591278262 14101.06301916437 12463.60675321947 -16541.59677978302
 -9001.553943227304 13652.33871177484 12009.03051103206 -16663.05047293248
 -10022.47472060539 14099.81185897638 12462.0181800105 -16540.38470660057
 -10022.30878808644 14099.36283349158 12462.62530998718 -16540.61623986461
 -10021.80270027834 14098.44819848047 12462.99314485644 -16540.59321549221
 -10162.94587029961 14175.8375648989 12417.73625028046 -16428.60626175011
 -10164.79122653997 14174.87826954975 12418.56867473054 -16429.68000163314
 -10023.48254368648 14099.87670144711 12453.4442555297 -16542.71496100532
 -10164.78295692717 14174.55216800177 12418.92401802078 -16429.71896437687
 -10164.79122653997 14174.87826954975 12418.56867473054 -16429.68000163314
 -10164.79122653997 14174.87826954975 12418.56867473054 -16429.68000163314
 -10022.30878808644 14099.36283349158 12462.62530998718 -16540.61623986461
 -10023.25798976928 14100.16499902119 12463.38373537267 -16541.54266516151
 -10022.30878808644 14099.36283349158 12462.62530998718 -16540.61623986461
 -10022.46455826817 14099.34300426385 12462.49844592482 -16540.64349848431
 -10022.30878808644 14099.36283349158 12462.62530998718 -16540.61623986461
 -10022.30878808644 14099.36283349158 12462.62530998718 -16540.61623986461
 -10022.30878808644 14099.36283349158 12462.62530998718 -16540.61623986461
 -10164.79122653997 14174.87826954975 12418.56867473054 -16429.68000163314
 -8997.803505769616 13655.01585580725 12013.59180493194 -16664.03093994917
 -10022.30878808644 14099.36283349158 12462.62530998718 -16540.61623986461
 -10164.79122653997 14174.87826954975 12418.56867473054 -16429.68000163314
 -10022.30878808644 14099.36283349158 12462.62530998718 -16540.61623986461
 -10022.47472060539 14099.81185897638 12462.0181800105 -16540.38470660057
 -10022.30878808644 14099.36283349158 12462.62530998718 -16540.61623986461
 -10022.24624729429 14099.25817868268 12462.74603147388 -16540.64031896651
 -10022.30878808644 14099.36283349158 12462.62530998718 -16540.61623986461
 -10021.64308166178 14099.43815218651 12462.84530202086 -16541.36474480145
 -10164.79122653997 14174.87826954975 12418.56867473054 -16429.68000163314
 -10069.17122531588 14054.40057356214 12473.15442806913 -16455.27734600434
 -10022.20015576107 14099.67512844615 12462.64411749584 -16540.78059907101
 -10022.30878808644 14099.36283349158 12462.62530998718 -16540.61623986461
 -10022.30216148924 14099.35197105047 12462.54273699436 -16540.62202740841
 -10165.04446959479 14174.90620494433 12418.56280398434 -16429.67799845551
 -10022.30878808644 14099.36283349158 12462.62530998718 -16540.61623986461
 -9034.020119526303 13876.63744527505 11856.25490328486 -16738.82625631664
 -10069.17122531588 14054.40057356214 12473.15442806913 -16455.27734600434
 -9771.536160117083 14375.05091689431 12501.58265781902 -17640.36307384463
 -10164.79122653997 14174.87826954975 12418.56867473054 -16429.68000163314
 -10068.65621577125 14051.75055750319 12487.16585896915 -16465.64915647163
 -10164.79122653997 14174.87826954975 12418.56867473054 -16429.68000163314
 -10024.08591278262 14101.06301916437 12463.60675321947 -16541.59677978302
 -10022.30878808644 14099.36283349158 12462.62530998718 -16540.61623986461
 -10022.30878808644 14099.36283349158 12462.62530998718 -16540.61623986461
 -10022.30878808644 14099.36283349158 12462.62530998718 -16540.61623986461
 -10022.30878808644 14099.36283349158 12462.62530998718 -16540.61623986461
 -10022.47472060539 14099.81185897638 12462.0181800105 -16540.38470660057
 -10022.47472060539 14099.81185897638 12462.0181800105 -16540.38470660057
 -10022.24942421527 14099.26998823488 12462.35935958217 -16540.27431306596
 -10022.30878808644 14099.36283349158 12462.62530998718 -16540.61623986461
 -8960.679973873028 13581.36484207149 12063.46450349627 -16844.14363139679
 -10022.30878808644 14099.36283349158 12462.62530998718 -16540.61623986461
 -10164.30457558436 14175.12128335017 12418.2351418421 -16429.67778950042
 -10024.08591278262 14101.06301916437 12463.60675321947 -16541.59677978302
 -10022.30878808644 14099.36283349158 12462.62530998718 -16540.61623986461
 -10164.79122653997 14174.87826954975 12418.56867473054 -16429.68000163314
 -10022.30878808644 14099.36283349158 12462.62530998718 -16540.61623986461
 -10024.08591278262 14101.06301916437 12463.60675321947 -16541.59677978302
 -10022.25000000476 14099.31796428927 12462.53427108071 -16540.64157220739
 -10069.17122531588 14054.40057356214 12473.15442806913 -16455.27734600434
 -9019.799179742009 13732.29685123496 11938.05503233374 -16647.74423775668
 -10164.79122653997 14174.87826954975 12418.56867473054 -16429.68000163314
 -10023.61561175704 14098.59484396685 12464.36667001865 -16539.83252602122
 -10022.47472060539 14099.81185897638 12462.0181800105 -16540.38470660057
 -10022.30878808644 14099.36283349158 12462.62530998718 -16540.61623986461
 -10022.30878808644 14099.36283349158 12462.62530998718 -16540.61623986461
