# Created by Octave 4.2.1, Mon Oct 09 19:10:10 2017 BRT <root@mosqueiro>
# name: pop
# type: matrix
# rows: 1000
# columns: 4
 -10022.30878808644 14099.36283349158 12462.62530998718 -16540.61623986461
 -10022.30878808644 14099.36283349158 12462.62530998718 -16540.61623986461
 -10022.30878808644 14099.36283349158 12462.62530998718 -16540.61623986461
 -10022.30878808644 14099.36283349158 12462.62530998718 -16540.61623986461
 -10022.30878808644 14099.36283349158 12462.62530998718 -16540.61623986461
 -10069.17122531588 14054.40057356214 12473.15442806913 -16455.27734600434
 -9019.867117204019 13732.27411438352 11937.4247819585 -16647.81006366348
 -10022.30878808644 14099.36283349158 12462.62530998718 -16540.61623986461
 -10074.87669713056 14051.27188897644 12476.27371420431 -16448.10260863226
 -10162.94587029961 14175.8375648989 12417.73625028046 -16428.60626175011
 -10022.30878808644 14099.36283349158 12462.62530998718 -16540.61623986461
 -9019.867117204019 13732.27411438352 11937.4247819585 -16647.81006366348
 -10022.30878808644 14099.36283349158 12462.62530998718 -16540.61623986461
 -10022.30878808644 14099.36283349158 12462.62530998718 -16540.61623986461
 -10022.30878808644 14099.36283349158 12462.62530998718 -16540.61623986461
 -10022.30878808644 14099.36283349158 12462.62530998718 -16540.61623986461
 -10022.30878808644 14099.36283349158 12462.62530998718 -16540.61623986461
 -10015.75401482904 14102.47961546925 12456.30538607709 -16541.83582969625
 -10112.79497596626 14093.31014923126 12499.5618946553 -16414.28588035022
 -8997.480816536225 13655.60719147824 12013.31500166485 -16664.49924841844
 -9025.860123803483 13740.04668701334 11951.20046152168 -16654.31242632171
 -10069.17122531588 14054.40057356214 12473.15442806913 -16455.27734600434
 -8996.25273129288 13652.89041431068 12020.12552345704 -16673.82760252731
 -10068.7965255174 14054.60359597233 12475.14012823104 -16454.8205593326
 -10023.71592818202 14102.7190495576 12463.94996560474 -16541.71520909047
 -10022.30878808644 14099.36283349158 12462.62530998718 -16540.61623986461
 -10069.17122531588 14054.40057356214 12473.15442806913 -16455.27734600434
 -10022.30878808644 14099.36283349158 12462.62530998718 -16540.61623986461
 -10058.3397796169 14063.59115393487 12462.15554529087 -16448.6068885093
 -10069.17122531588 14054.40057356214 12473.15442806913 -16455.27734600434
 -10069.17122531588 14054.40057356214 12473.15442806913 -16455.27734600434
 -8767.505580897816 13952.55043920925 12232.72725327152 -16798.4118369891
 -10022.30878808644 14099.36283349158 12462.62530998718 -16540.61623986461
 -10022.30878808644 14099.36283349158 12462.62530998718 -16540.61623986461
 -10022.30878808644 14099.36283349158 12462.62530998718 -16540.61623986461
 -10069.17122531588 14054.40057356214 12473.15442806913 -16455.27734600434
 -10068.01587545705 14059.02130003533 12468.52113307136 -16456.5995117659
 -10022.30878808644 14099.36283349158 12462.62530998718 -16540.61623986461
 -10022.30878808644 14099.36283349158 12462.62530998718 -16540.61623986461
 -10162.94587029961 14175.8375648989 12417.73625028046 -16428.60626175011
 -8997.480816536225 13655.60719147824 12013.31500166485 -16664.49924841844
 -8997.480816536225 13655.60719147824 12013.31500166485 -16664.49924841844
 -10048.61220644436 14039.97625979924 12481.17570120893 -16472.58727269181
 -10069.17122531588 14054.40057356214 12473.15442806913 -16455.27734600434
 -9008.992522734017 13649.8267573929 12018.58211897057 -16658.8615969276
 -10022.30878808644 14099.36283349158 12462.62530998718 -16540.61623986461
 -10022.30878808644 14099.36283349158 12462.62530998718 -16540.61623986461
 -10073.79077221142 14058.19893339501 12471.83173333433 -16461.16166756135
 -10022.30878808644 14099.36283349158 12462.62530998718 -16540.61623986461
 -10064.14492542622 14053.60458654921 12487.95635229534 -16447.32829558036
 -10069.17122531588 14054.40057356214 12473.15442806913 -16455.27734600434
 -9019.867117204019 13732.27411438352 11937.4247819585 -16647.81006366348
 -10022.30878808644 14099.36283349158 12462.62530998718 -16540.61623986461
 -10069.17122531588 14054.40057356214 12473.15442806913 -16455.27734600434
 -10022.30878808644 14099.36283349158 12462.62530998718 -16540.61623986461
 -10069.17122531588 14054.40057356214 12473.15442806913 -16455.27734600434
 -10022.30878808644 14099.36283349158 12462.62530998718 -16540.61623986461
 -10069.17122531588 14054.40057356214 12473.15442806913 -16455.27734600434
 -10022.30878808644 14099.36283349158 12462.62530998718 -16540.61623986461
 -10069.17122531588 14054.40057356214 12473.15442806913 -16455.27734600434
 -10022.30878808644 14099.36283349158 12462.62530998718 -16540.61623986461
 -10022.30878808644 14099.36283349158 12462.62530998718 -16540.61623986461
 -10022.30878808644 14099.36283349158 12462.62530998718 -16540.61623986461
 -3609.783929200278 7180.254563201924 2834.645943018004 -1328.906937829309
 -10069.17122531588 14054.40057356214 12473.15442806913 -16455.27734600434
 -10022.30878808644 14099.36283349158 12462.62530998718 -16540.61623986461
 -10022.30878808644 14099.36283349158 12462.62530998718 -16540.61623986461
 -9008.992522734017 13649.8267573929 12018.58211897057 -16658.8615969276
 -8997.480816536225 13655.60719147824 12013.31500166485 -16664.49924841844
 -10022.48855764247 14100.97594659508 12460.90416144345 -16541.02208513609
 -9984.15145127763 14120.37739968301 12439.71239886323 -16557.81689736301
 -10022.30878808644 14099.36283349158 12462.62530998718 -16540.61623986461
 -10060.22325592122 14018.42286693206 12452.73065138373 -16419.12153423737
 -10022.30878808644 14099.36283349158 12462.62530998718 -16540.61623986461
 -10022.30878808644 14099.36283349158 12462.62530998718 -16540.61623986461
 -10022.30878808644 14099.36283349158 12462.62530998718 -16540.61623986461
 -10022.30878808644 14099.36283349158 12462.62530998718 -16540.61623986461
 -10067.60897023208 14049.84172280459 12474.09525720691 -16451.86185288204
 -10069.17122531588 14054.40057356214 12473.15442806913 -16455.27734600434
 -9000.045758277915 13651.07454918325 12011.72632569639 -16660.01950000087
 -10022.30878808644 14099.36283349158 12462.62530998718 -16540.61623986461
 -10069.17122531588 14054.40057356214 12473.15442806913 -16455.27734600434
 -10022.30878808644 14099.36283349158 12462.62530998718 -16540.61623986461
 -10069.17122531588 14054.40057356214 12473.15442806913 -16455.27734600434
 -10069.17122531588 14054.40057356214 12473.15442806913 -16455.27734600434
 -10039.96253301773 14045.47675795855 12481.00728493197 -16471.10998177012
 -10022.30878808644 14099.36283349158 12462.62530998718 -16540.61623986461
 -10022.30878808644 14099.36283349158 12462.62530998718 -16540.61623986461
 -10022.30878808644 14099.36283349158 12462.62530998718 -16540.61623986461
 -10022.30878808644 14099.36283349158 12462.62530998718 -16540.61623986461
 -10066.4836721681 14036.96478621542 12476.70841529508 -16447.97248684429
 -10097.51146620225 14030.16237607881 12449.14995173198 -16468.99134960492
 -9019.867117204019 13732.27411438352 11937.4247819585 -16647.81006366348
 -10022.30878808644 14099.36283349158 12462.62530998718 -16540.61623986461
 -10069.17122531588 14054.40057356214 12473.15442806913 -16455.27734600434
 -10022.30878808644 14099.36283349158 12462.62530998718 -16540.61623986461
 -8997.480816536225 13655.60719147824 12013.31500166485 -16664.49924841844
 -10055.24762597633 14071.66648047688 12429.92232049135 -16554.43652178134
 -9019.867117204019 13732.27411438352 11937.4247819585 -16647.81006366348
 -10022.30878808644 14099.36283349158 12462.62530998718 -16540.61623986461
 -10162.94587029961 14175.8375648989 12417.73625028046 -16428.60626175011
 -10162.94587029961 14175.8375648989 12417.73625028046 -16428.60626175011
 -10022.30878808644 14099.36283349158 12462.62530998718 -16540.61623986461
 -10072.46871980712 14051.41263694128 12488.23053225225 -16464.76939483169
 -10022.30878808644 14099.36283349158 12462.62530998718 -16540.61623986461
