# Created by Octave 4.2.1, Mon Oct 09 19:06:21 2017 BRT <root@mosqueiro>
# name: pop
# type: matrix
# rows: 1000
# columns: 4
 -8997.480816536225 13655.60719147824 12013.31500166485 -16664.49924841844
 -8997.480816536225 13655.60719147824 12013.31500166485 -16664.49924841844
 -8997.480816536225 13655.60719147824 12013.31500166485 -16664.49924841844
 -8997.480816536225 13655.60719147824 12013.31500166485 -16664.49924841844
 -8997.480816536225 13655.60719147824 12013.31500166485 -16664.49924841844
 -8997.480816536225 13655.60719147824 12013.31500166485 -16664.49924841844
 -3743.896385416504 6778.808311913541 -1752.628155974518 -5177.5948166076
 4113.298501043622 7110.824086065491 -2492.642148681149 -7641.093077881115
 -3242.063772885232 5110.64106222893 5558.902254626702 -7417.344606165118
 720.1912584674792 -7134.652604186947 9050.043888645643 3730.667154438991
 -8997.480816536225 13655.60719147824 12013.31500166485 -16664.49924841844
 -3242.063772885232 5110.64106222893 5558.902254626702 -7417.344606165118
 -9470.529364875767 10190.92250876628 15545.77777926475 -24243.08007506831
 4113.298501043622 7110.824086065491 -2492.642148681149 -7641.093077881115
 -8997.480816536225 13655.60719147824 12013.31500166485 -16664.49924841844
 -14271.76193552756 20746.02983532732 11646.26664573928 -5883.715842070455
 -8997.480816536225 13655.60719147824 12013.31500166485 -16664.49924841844
 -3242.063772885232 5110.64106222893 5558.902254626702 -7417.344606165118
 -3242.063772885232 5110.64106222893 5558.902254626702 -7417.344606165118
 -8997.480816536225 13655.60719147824 12013.31500166485 -16664.49924841844
 -8997.480816536225 13655.60719147824 12013.31500166485 -16664.49924841844
 -5477.283841175158 7510.175218405105 10921.49933507196 -15005.70713863746
 -2260.390473018985 8996.99620591671 -4550.557545609947 -9100.113699856711
 -1637.732226726568 9967.83640559197 -1280.237021546411 -7086.266306783838
 -9818.809447722833 7239.85591654286 7054.713810078085 -8542.978854364152
 -3201.168148416363 1702.088117794328 13368.59793835312 -11806.29813335792
 -3242.063772885232 5110.64106222893 5558.902254626702 -7417.344606165118
 -8864.537567939909 14303.89237973609 4065.321014045135 -15167.42180444688
 -8997.480816536225 13655.60719147824 12013.31500166485 -16664.49924841844
 -8997.480816536225 13655.60719147824 12013.31500166485 -16664.49924841844
 -3242.063772885232 5110.64106222893 5558.902254626702 -7417.344606165118
 -3504.767248608365 3972.484757694572 10937.19823535504 -6793.959244367695
 -5650.988048340834 -6215.125117429518 -1990.676853469546 -4049.36795380007
 -8997.480816536225 13655.60719147824 12013.31500166485 -16664.49924841844
 -12971.83958991264 6369.965744334209 9949.684126740553 -15442.44210081132
 367.9404152684733 9250.726085295548 3575.950988281231 -10551.89738056343
 -8997.480816536225 13655.60719147824 12013.31500166485 -16664.49924841844
 -8997.480816536225 13655.60719147824 12013.31500166485 -16664.49924841844
 -8864.537567939909 14303.89237973609 4065.321014045135 -15167.42180444688
 -2541.373001796507 1942.338435492779 14318.10375883295 -40.83840470854375
 -8997.480816536225 13655.60719147824 12013.31500166485 -16664.49924841844
 -8997.480816536225 13655.60719147824 12013.31500166485 -16664.49924841844
 -8997.480816536225 13655.60719147824 12013.31500166485 -16664.49924841844
 -6635.435371137608 11736.12463581664 16819.88189978465 -30084.2123042288
 -2938.138790688308 13173.09438231584 -2981.499772367884 -6161.481033707427
 -3242.063772885232 5110.64106222893 5558.902254626702 -7417.344606165118
 -3242.063772885232 5110.64106222893 5558.902254626702 -7417.344606165118
 -8997.480816536225 13655.60719147824 12013.31500166485 -16664.49924841844
 -3242.063772885232 5110.64106222893 5558.902254626702 -7417.344606165118
 -763.5557435080882 10161.30677507552 -4069.649476952742 -11408.47618583633
 -5010.232492628349 11478.51355501759 12189.14953138729 -23457.82483325322
 -8997.480816536225 13655.60719147824 12013.31500166485 -16664.49924841844
 -8997.480816536225 13655.60719147824 12013.31500166485 -16664.49924841844
 -8997.480816536225 13655.60719147824 12013.31500166485 -16664.49924841844
 -8997.480816536225 13655.60719147824 12013.31500166485 -16664.49924841844
 -8997.480816536225 13655.60719147824 12013.31500166485 -16664.49924841844
 -8997.480816536225 13655.60719147824 12013.31500166485 -16664.49924841844
 -3242.063772885232 5110.64106222893 5558.902254626702 -7417.344606165118
 -3242.063772885232 5110.64106222893 5558.902254626702 -7417.344606165118
 17992.43241494939 500.3039909607444 22475.30271892961 -18540.57141274104
 -8997.480816536225 13655.60719147824 12013.31500166485 -16664.49924841844
 -10689.02027824441 15414.46327272335 12780.70279651991 -17309.38032815754
 -8997.480816536225 13655.60719147824 12013.31500166485 -16664.49924841844
 -3242.063772885232 5110.64106222893 5558.902254626702 -7417.344606165118
 -9742.154370291286 1630.877927581631 9338.340417268184 -1187.643890138514
 -3242.063772885232 5110.64106222893 5558.902254626702 -7417.344606165118
 -8997.480816536225 13655.60719147824 12013.31500166485 -16664.49924841844
 11608.19441747255 425.8131506546815 22022.08231393631 -19787.33942844965
 -8997.480816536225 13655.60719147824 12013.31500166485 -16664.49924841844
 -3242.063772885232 5110.64106222893 5558.902254626702 -7417.344606165118
 -8997.480816536225 13655.60719147824 12013.31500166485 -16664.49924841844
 -8997.480816536225 13655.60719147824 12013.31500166485 -16664.49924841844
 -8997.480816536225 13655.60719147824 12013.31500166485 -16664.49924841844
 -8997.480816536225 13655.60719147824 12013.31500166485 -16664.49924841844
 -8997.480816536225 13655.60719147824 12013.31500166485 -16664.49924841844
 -1583.383605137298 5447.394192004051 5598.079589183942 -6109.815482135115
 -5090.120362111307 14373.23549943335 -1873.644530360694 -9326.51337814207
 -8997.480816536225 13655.60719147824 12013.31500166485 -16664.49924841844
 -2036.789324374417 -16731.74582806323 13297.1651315341 151.5598381494956
 -3242.063772885232 5110.64106222893 5558.902254626702 -7417.344606165118
 -3242.063772885232 5110.64106222893 5558.902254626702 -7417.344606165118
 -8997.480816536225 13655.60719147824 12013.31500166485 -16664.49924841844
 5133.413601120072 26706.26663173772 -12464.35797566386 -8846.080055821991
 -20349.6335125861 16305.81003474309 11446.89592630449 -24333.61982383347
 -8997.480816536225 13655.60719147824 12013.31500166485 -16664.49924841844
 -8997.480816536225 13655.60719147824 12013.31500166485 -16664.49924841844
 -3242.063772885232 5110.64106222893 5558.902254626702 -7417.344606165118
 -3242.063772885232 5110.64106222893 5558.902254626702 -7417.344606165118
 -3242.063772885232 5110.64106222893 5558.902254626702 -7417.344606165118
 -8997.480816536225 13655.60719147824 12013.31500166485 -16664.49924841844
 -8997.480816536225 13655.60719147824 12013.31500166485 -16664.49924841844
 -3242.063772885232 5110.64106222893 5558.902254626702 -7417.344606165118
 -8997.480816536225 13655.60719147824 12013.31500166485 -16664.49924841844
 1359.893555450502 -168.3012735590237 6019.217985077705 -11806.17581538915
 -8997.480816536225 13655.60719147824 12013.31500166485 -16664.49924841844
 -4489.812778083649 4452.098616527239 5835.531276859429 -1646.949946175134
 -8997.480816536225 13655.60719147824 12013.31500166485 -16664.49924841844
 -8997.480816536225 13655.60719147824 12013.31500166485 -16664.49924841844
 -4197.400662222612 2641.855649105904 119.7758177517117 -5243.758080350477
 -8997.480816536225 13655.60719147824 12013.31500166485 -16664.49924841844
 -6048.524339701161 10372.57718993503 1257.897095228123 1227.19496547334
 -8997.480816536225 13655.60719147824 12013.31500166485 -16664.49924841844
 -3242.063772885232 5110.64106222893 5558.902254626702 -7417.344606165118
 -8997.480816536225 13655.60719147824 12013.31500166485 -16664.49924841844
 -8997.480816536225 13655.60719147824 12013.31500166485 -16664.49924841844
