# Created by Octave 4.2.1, Mon Oct 09 19:27:27 2017 BRT <root@mosqueiro>
# name: pop
# type: matrix
# rows: 1000
# columns: 4
 7640.488290932592 9248.378770208921 -9726.122130328684 -7152.673261618307
 8859.722995447715 9610.665130783051 -9668.173892285931 -8789.072782198587
 8859.722995447715 9610.665130783051 -9668.173892285931 -8789.072782198587
 8859.722995447715 9610.665130783051 -9668.173892285931 -8789.072782198587
 8859.722995447715 9610.665130783051 -9668.173892285931 -8789.072782198587
 8884.544972025991 9812.927923903888 -10116.29278029583 -8734.380013021228
 8859.722995447715 9610.665130783051 -9668.173892285931 -8789.072782198587
 8859.722995447715 9610.665130783051 -9668.173892285931 -8789.072782198587
 8859.722995447715 9610.665130783051 -9668.173892285931 -8789.072782198587
 8859.722995447715 9610.665130783051 -9668.173892285931 -8789.072782198587
 8859.722995447715 9610.665130783051 -9668.173892285931 -8789.072782198587
 13091.29504052514 28701.4969782459 -16935.70003733016 -22238.37820830905
 8859.722995447715 9610.665130783051 -9668.173892285931 -8789.072782198587
 7640.488290932592 9248.378770208921 -9726.122130328684 -7152.673261618307
 8859.722995447715 9610.665130783051 -9668.173892285931 -8789.072782198587
 8859.722995447715 9610.665130783051 -9668.173892285931 -8789.072782198587
 11443.21915185094 15443.41458862703 -15160.85771369661 -11126.16593120426
 8859.722995447715 9610.665130783051 -9668.173892285931 -8789.072782198587
 8859.722995447715 9610.665130783051 -9668.173892285931 -8789.072782198587
 8859.722995447715 9610.665130783051 -9668.173892285931 -8789.072782198587
 9322.320164413235 8227.357931625589 -9107.391935729416 -7932.226762427729
 8500.848394766601 10837.1822466104 -9642.493936260431 -8279.246985926908
 8859.722995447715 9610.665130783051 -9668.173892285931 -8789.072782198587
 8859.722995447715 9610.665130783051 -9668.173892285931 -8789.072782198587
 9943.053252732745 8099.867200157776 -8676.962248983897 -8007.635258182818
 8859.722995447715 9610.665130783051 -9668.173892285931 -8789.072782198587
 8859.722995447715 9610.665130783051 -9668.173892285931 -8789.072782198587
 8859.722995447715 9610.665130783051 -9668.173892285931 -8789.072782198587
 8825.563507473931 8475.847206883489 -7853.464631485994 -9536.792232233296
 11443.21915185094 15443.41458862703 -15160.85771369661 -11126.16593120426
 8859.722995447715 9610.665130783051 -9668.173892285931 -8789.072782198587
 8859.722995447715 9610.665130783051 -9668.173892285931 -8789.072782198587
 8859.722995447715 9610.665130783051 -9668.173892285931 -8789.072782198587
 8859.722995447715 9610.665130783051 -9668.173892285931 -8789.072782198587
 9806.99591430385 9624.600198211572 -10053.75665765913 -8468.419340693734
 7147.145215465198 -2902.06432967748 -5496.977882587034 -13173.77881943492
 7640.488290932592 9248.378770208921 -9726.122130328684 -7152.673261618307
 8859.722995447715 9610.665130783051 -9668.173892285931 -8789.072782198587
 8859.722995447715 9610.665130783051 -9668.173892285931 -8789.072782198587
 8859.722995447715 9610.665130783051 -9668.173892285931 -8789.072782198587
 8859.722995447715 9610.665130783051 -9668.173892285931 -8789.072782198587
 4299.792106313361 9827.329335422197 -7916.405247354545 -5699.303612720683
 9054.445028141081 11119.73339734127 -9077.495560378709 -10551.99710523319
 7185.246891403299 21651.69213502872 -17050.72342123448 -9035.089372566168
 15002.07446129243 3700.13960091557 1789.632550778246 -19772.25043027596
 8859.722995447715 9610.665130783051 -9668.173892285931 -8789.072782198587
 8859.722995447715 9610.665130783051 -9668.173892285931 -8789.072782198587
 -4677.274778670037 1577.673348821567 -3235.349940443971 5982.861103259605
 7418.117328239928 9280.011960017775 -10537.24560420472 -6404.671299593307
 8859.722995447715 9610.665130783051 -9668.173892285931 -8789.072782198587
 8859.722995447715 9610.665130783051 -9668.173892285931 -8789.072782198587
 8859.722995447715 9610.665130783051 -9668.173892285931 -8789.072782198587
 8859.722995447715 9610.665130783051 -9668.173892285931 -8789.072782198587
 8859.722995447715 9610.665130783051 -9668.173892285931 -8789.072782198587
 8303.086501747728 11432.6442730176 -10195.53987564971 -7893.699178661462
 8859.722995447715 9610.665130783051 -9668.173892285931 -8789.072782198587
 8859.722995447715 9610.665130783051 -9668.173892285931 -8789.072782198587
 8859.722995447715 9610.665130783051 -9668.173892285931 -8789.072782198587
 8859.722995447715 9610.665130783051 -9668.173892285931 -8789.072782198587
 -8535.001382349459 -7880.955550950361 7687.411478024644 10494.53080029705
 8859.722995447715 9610.665130783051 -9668.173892285931 -8789.072782198587
 1947.828309384259 -5878.801783933414 -8864.2856420275 -3951.489222380543
 9039.59663836889 10009.86358131838 -9820.2720157888 -8335.907944552599
 8859.722995447715 9610.665130783051 -9668.173892285931 -8789.072782198587
 8859.722995447715 9610.665130783051 -9668.173892285931 -8789.072782198587
 8859.722995447715 9610.665130783051 -9668.173892285931 -8789.072782198587
 8859.722995447715 9610.665130783051 -9668.173892285931 -8789.072782198587
 8859.722995447715 9610.665130783051 -9668.173892285931 -8789.072782198587
 8859.722995447715 9610.665130783051 -9668.173892285931 -8789.072782198587
 8859.722995447715 9610.665130783051 -9668.173892285931 -8789.072782198587
 8859.722995447715 9610.665130783051 -9668.173892285931 -8789.072782198587
 8859.722995447715 9610.665130783051 -9668.173892285931 -8789.072782198587
 9348.597360359558 11518.4867663525 -8178.691973150142 -10576.95527406902
 8859.722995447715 9610.665130783051 -9668.173892285931 -8789.072782198587
 8859.722995447715 9610.665130783051 -9668.173892285931 -8789.072782198587
 8859.722995447715 9610.665130783051 -9668.173892285931 -8789.072782198587
 9257.613839309788 9018.179939622651 -10907.51785818175 -8089.216139091091
 8859.722995447715 9610.665130783051 -9668.173892285931 -8789.072782198587
 8859.722995447715 9610.665130783051 -9668.173892285931 -8789.072782198587
 8859.722995447715 9610.665130783051 -9668.173892285931 -8789.072782198587
 8859.722995447715 9610.665130783051 -9668.173892285931 -8789.072782198587
 8859.722995447715 9610.665130783051 -9668.173892285931 -8789.072782198587
 6109.58916180602 15901.35543168222 -8940.304077303193 -10575.93274104783
 8839.76430879024 9561.36124296138 -9227.191418297645 -9043.51847930612
 8859.722995447715 9610.665130783051 -9668.173892285931 -8789.072782198587
 8859.722995447715 9610.665130783051 -9668.173892285931 -8789.072782198587
 9282.321813203884 9070.290568985536 -9144.489280861158 -9375.919708304291
 8859.722995447715 9610.665130783051 -9668.173892285931 -8789.072782198587
 9080.325825112368 8667.53858506604 -10187.88496563097 -8845.875406583686
 7640.488290932592 9248.378770208921 -9726.122130328684 -7152.673261618307
 -9866.578198257794 7588.734456191767 -2821.00552771719 5123.679337178926
 8859.722995447715 9610.665130783051 -9668.173892285931 -8789.072782198587
 22099.88446079813 -10327.4100037012 9890.8779776099 12833.37252895916
 8859.722995447715 9610.665130783051 -9668.173892285931 -8789.072782198587
 8859.722995447715 9610.665130783051 -9668.173892285931 -8789.072782198587
 8859.722995447715 9610.665130783051 -9668.173892285931 -8789.072782198587
 11761.95111588048 9959.168559028898 -3176.79866927463 -10706.84097446125
 8859.722995447715 9610.665130783051 -9668.173892285931 -8789.072782198587
 9660.995406325601 9270.516264999689 -9846.380523237669 -8012.372582625544
 13571.20085275805 5732.781845082689 -11010.62115202642 -14032.55555396035
 8859.722995447715 9610.665130783051 -9668.173892285931 -8789.072782198587
 8859.722995447715 9610.665130783051 -9668.173892285931 -8789.072782198587
 8859.722995447715 9610.665130783051 -9668.173892285931 -8789.072782198587
 9603.120977101964 9779.432283815529 -8806.398337806961 -8845.162721797034
 8859.722995447715 9610.665130783051 -9668.173892285931 -8789.072782198587
