# Created by Octave 4.2.1, Mon Oct 09 19:21:59 2017 BRT <root@mosqueiro>
# name: pop
# type: matrix
# rows: 1000
# columns: 4
 1084.945191039491 -4060.993493279367 -110.3152712623105 -4457.577333486961
 9735.02851330219 3039.084556921125 -1819.446221918563 -1614.59455615827
 4876.321484546374 -7514.94492519576 2384.58602163356 -9725.661432234281
 -9095.494502109716 -7396.423068520627 7151.57096871945 -3159.620620895926
 9033.223568165315 -376.3812007310171 6566.03667610035 5592.386978478778
 1677.378912607066 2303.45626071601 1099.293974548158 9940.728476125303
 5442.571353062944 -5023.663710386602 1324.611148450655 -6071.994735155032
 -1009.381830933604 779.8539389853086 2655.769281865749 8770.760696474248
 -9684.344733386779 7170.927355544787 9405.011161579998 115.1116861221453
 -6817.037119624674 -9124.498603631582 -1706.341536909205 -3576.114718229534
 7866.471369391755 -7704.774196925893 164.5492130005314 387.6031245831364
 3292.86821713586 801.6487003200345 5142.816580066494 -2401.73433296699
 -6283.289570747143 -275.2268940264912 6784.62682118038 2465.742645550186
 -8199.471544825858 6250.132213171522 -6227.761761084097 3647.66987216485
 2278.853278591881 4074.654957906943 -5482.989960614709 -9515.329631219405
 -5844.9145088244 5590.726890808908 6353.449013095838 -8053.86572227226
 8782.268121086268 1664.928840199003 6905.172219346336 -15.41846910548702
 -1463.261159681197 3861.520069658302 558.4730223921142 3942.404376243614
 -9966.642889690758 8609.96060556942 6597.824006586336 -3005.460652098918
 -2644.771576192627 -1951.744623138768 2877.437470607805 -1960.608640058733
 9795.402396729936 8653.7876562854 -7417.714846110014 -7052.976424943754
 -4960.612822323528 4720.828831996636 -9720.688686908145 1115.953181243167
 -5043.725350736758 3602.867780494007 8735.852038409554 8279.2616957233
 4840.023502395174 -3568.141217295612 -7084.390207723855 -7329.670552372068
 -83.03550365888259 571.8446520530233 4464.338519447805 -7835.506883535805
 2884.27676762955 -4640.832426758351 7577.003926374982 -2919.489198727915
 5799.553239447701 7998.383422551015 5619.593425846164 -9712.814952943861
 -1982.919467437575 5716.514524049988 7387.892535274495 2382.64786843965
 -865.6887521966892 4628.402975316838 3064.534220470234 -4162.820345837132
 -8350.584899824655 -3541.556357557904 -3818.978117908794 -9024.096887725254
 -4076.259247112223 4602.99226669469 7245.073838537897 6751.242762592312
 1664.183969303473 -2319.415042322756 6044.564645486636 6324.196500401327
 2726.107757956157 1613.248260992561 -6734.961371062943 4504.129689513531
 5610.785360828742 6666.291195471527 -252.875053000258 9062.007699403024
 6399.133547601989 5567.188566649944 -3979.250205070618 5020.671301552333
 -4820.193586414493 5114.481747446764 -3313.788689959369 503.6354070880607
 -6318.218053582846 -9085.050714538893 825.0689230008593 -8785.384309484771
 -6657.56086217657 -1567.414807990099 3762.444699193426 2749.692911332311
 -9270.318526873167 -1965.593269697133 -1367.216478104008 -2645.958843640152
 5605.83026605773 -9049.594747926501 2632.886769101931 9204.319583687782
 9370.993736122877 4545.191642252385 7568.970876142437 -1847.788661715301
 -1081.232637244928 -1040.35762844081 -4547.252944495571 -3474.582630100815
 -2435.807819516097 690.1521992103117 465.3776796687926 -1235.991476655621
 -8854.318437630638 -7957.30464069618 2610.597211837283 -5230.322364991938
 -2969.106719175648 -6671.713884264484 -5077.263755404135 2334.21227745728
 201.18782921809 -4063.129764082468 -7255.445222043565 -4819.528530427436
 -7678.260671224814 -687.6217987370201 8159.341007350438 3781.353891402625
 -1309.820676503647 3672.457301570696 -4164.363378498116 3286.135814745106
 9710.001014810663 -2021.512439543963 -2096.639136530322 -802.6806167872855
 -4104.359094766309 -5007.467651139804 -2024.003440638164 7500.130576418993
 5124.274407164721 9692.427765386514 -7395.655718418966 -6629.943332815217
 -9633.271896209053 5882.11590566714 5292.856559072707 6234.845982980662
 5374.21612307732 -1294.725001299155 735.2519099325764 -7073.875958293953
 -5997.059331609533 -454.7602965564347 5215.822478213911 -5991.895199489003
 -3019.987301020505 2603.381208277455 9020.331707093323 4109.249954702407
 6876.638120626474 -4728.582106623872 4353.488674310092 -784.7560068365328
 4889.109277705045 -8026.214042928296 -9573.313607723134 -6070.998745649997
 9106.864646289214 -4067.209540293336 -4181.70978524624 419.1086918594356
 -5367.893142553511 -609.8689156634355 8656.892184697561 9790.971282903123
 7870.381003564129 -7305.53024250013 726.2633674755143 5301.880106198469
 -5011.519786463559 1923.699334785957 4542.385893595167 -5151.112794885167
 2572.989179729979 2361.135298441641 2008.540385214121 -9852.212821846517
 -429.0210114528545 6467.438513091456 8429.713080069734 -1509.42587887226
 3410.834089828952 -4792.362670201752 1033.71053698176 -8290.473294885309
 -1979.489778885998 -2141.875381915606 1746.209193887671 -7493.704658573789
 -3932.006589190801 8839.66904008558 5228.423497425274 7314.745766843636
 889.0327195309819 -7656.763801865085 -4545.286205880504 -7921.609253252855
 -314.0573102231847 5252.179440873681 -1111.792377594988 -6570.840490566248
 -8616.718070074196 4048.833008276573 7931.264877419289 3943.274275184329
 4083.734715574314 5240.801129005911 2005.804071603625 4997.71443618774
 8587.759457795972 -1601.538979115725 6852.505170160897 -7381.866062710516
 9907.088708620598 2315.878703409742 -7970.653214799534 3489.054057705725
 -5341.249589509673 -2466.970436614492 -2708.285220000076 786.9373430570304
 5634.972393584592 6719.187840969604 -9089.246697849952 -7451.463790458229
 5218.344472876046 -1575.853395597353 -4213.308298748066 -3678.784343257567
 657.7371399757158 2457.18776271177 -2748.620311144091 -5984.58401462112
 -4581.600795127438 9922.197836940551 1902.208921339683 -6709.515999190284
 -4298.503355741531 7460.6956909332 8363.085996002126 3939.062669173723
 9376.770742897759 -7417.750224967364 5439.098120171637 6546.307665430548
 2673.557105011972 2458.188703957654 -548.7667626359544 -8088.65178745095
 -4176.54580981074 -7625.573099219515 2240.555114292529 -7119.419394243956
 -9201.922578881487 -8629.654030468222 366.9379037863546 9410.853681577104
 587.0779132680018 6471.005393694828 9372.776253379659 7152.238992224909
 -2024.593137821603 -6231.57078058508 5411.371323582898 3353.223923742036
 1870.473777105484 5053.153954297606 4155.078016341942 1023.669302674411
 -526.9404381531276 2573.549623800107 -7892.950747572244 -3701.171749027409
 -4412.557088722203 -8453.865094675133 5727.883928016337 4922.216967190205
 -1866.554417858966 3476.867350284572 6495.072116482355 -1486.254406840735
 -7085.535355886575 -9165.447878126926 -5476.645556552854 9852.749186090412
 -1135.194033439473 4250.903662881472 3238.738998233084 433.0793483357338
 1773.571764088125 8136.988990433671 -4075.059137139224 4908.754332275521
 2179.765707528764 -6980.903377748891 5047.522769556448 -7667.471447350917
 193.6837122914985 5771.856680889832 7268.086163151656 9217.49086919145
 8749.371223860566 -3106.062000655195 -2366.008799233562 -6727.658060233451
 2580.977003192149 2157.360672687617 2959.059630254285 -5917.421982815973
 -4231.973947473219 -2321.758991976647 -7572.296237344828 1801.368556964104
 -8349.960275660025 -7331.493093257248 2081.9994876195 -9122.086762456956
 -7787.100473391092 5261.761479084804 -9046.382989173375 -1450.976888855059
 -9985.100707027839 -6872.938213657233 -8581.730439920149 -3595.841906361035
 -498.6063162690625 -7170.593483574608 401.3220887170519 5967.652259518616
 -901.6158611511546 -7110.479045506085 -1462.698765418974 -3919.278967272277
 8192.521952868196 7295.735133409726 -6537.067468560863 677.4858229553702
 2392.419230250753 -9752.595477995914 -6734.778799559974 4723.755227692156
 -3382.997856993827 1987.404319987851 -5560.427680403201 -5496.260193548551
 -5674.53205401485 -1747.919436785689 3168.755160821698 -131.2726074973998
