# Created by Octave 4.2.1, Mon Oct 09 19:42:18 2017 BRT <root@mosqueiro>
# name: pop
# type: matrix
# rows: 1000
# columns: 4
 -2639.472985140584 -3812.067440325205 -549.1900288132856 7001.187050759279
 -2639.472985140584 -3812.067440325205 -549.1900288132856 7001.187050759279
 -2639.472985140584 -3812.067440325205 -549.1900288132856 7001.187050759279
 -2639.472985140584 -3812.067440325205 -549.1900288132856 7001.187050759279
 -2639.472985140584 -3812.067440325205 -549.1900288132856 7001.187050759279
 -7747.083993240899 5742.117363574935 892.698330839261 9403.577589748056
 161.3943110939999 6719.354854178076 -7974.902706737395 924.4194455703037
 -9456.007626089433 -5117.596250863487 8014.944364213083 6480.178417884101
 6340.772464680553 1870.932852679965 26473.16853232003 18441.51178766144
 -6550.976035771291 6894.960074557705 -4014.218657575374 7584.317343139573
 15909.34378013744 -17314.45163734855 -17563.7038534814 5271.488084982979
 -2639.472985140584 -3812.067440325205 -549.1900288132856 7001.187050759279
 2167.280571819305 -8557.900470774621 4563.56043742043 3158.864014014935
 -2639.472985140584 -3812.067440325205 -549.1900288132856 7001.187050759279
 -2639.472985140584 -3812.067440325205 -549.1900288132856 7001.187050759279
 9634.226546807829 -747.1430697862343 -8997.660323356002 4542.441372941805
 -30512.96308126594 -18885.76488082094 -57461.60794286686 -5947.926866110801
 -6781.36349177123 -3109.639872704176 1798.370058371878 -9058.005273590456
 4692.405741967292 9628.356584276164 -6761.128979821111 -4785.187571885429
 5400.140110456772 -5437.914452339757 5720.301350354996 -1263.302031741019
 -1279.760686047051 9963.037194695842 -14384.76378538429 -33137.81118703794
 5131.313391038091 -19538.72921023363 17309.57280245622 5141.52556918333
 -1085.960817232341 -3760.376109987814 7361.285325854933 3555.828790094218
 9389.722703285162 -8255.08410126803 3787.641469241777 -4641.26022688547
 7628.65772658397 -2319.921793259584 -5684.263008657558 -61.5108548547687
 -7422.725372040226 2260.92277113308 -5400.220927190974 -7905.217495765024
 1147.566738800617 -23976.66906240335 16418.60866371971 -9575.237805521476
 -15902.04227727402 11944.6601713514 9328.574485505971 -2839.937495116483
 7980.780112479111 -3850.615087864967 -5965.398916318455 3746.379333448936
 5535.716121943162 1213.187253579772 4499.958593838641 6637.605089486387
 -9456.007626089433 -5117.596250863487 8014.944364213083 6480.178417884101
 -6486.999465295215 -3481.149385566661 -1643.677087404172 1632.699363598704
 2225.261003634527 925.0701987196589 -6444.031981127644 3432.819854045354
 34404.1300104556 -9544.173681210654 -8441.641083445633 12960.64917283725
 2212.033906979668 -7614.433528900161 5859.045371314691 -310.5180165227248
 143.6733804108767 16763.46505220503 9648.007217490218 11571.98487011892
 6987.899023570324 -9507.61031165993 966.4545480178404 4076.515293794067
 -2639.472985140584 -3812.067440325205 -549.1900288132856 7001.187050759279
 7328.381433207029 9882.029013755444 -1823.229170013437 8755.657561763623
 -1444.565203120839 8819.110600344942 -86.43453890902492 -7215.193710622583
 19012.35213374902 6953.480238366252 -35092.99075283387 -25764.26119689176
 4808.570109005212 938.347080090829 -229.9259975829864 -2680.762931349566
 -467.652107833932 2291.632274910678 7257.266346223747 -7939.006613044312
 -9518.740038257398 -7698.576563636831 8124.73546961206 9154.357607225324
 -6550.976035771291 6894.960074557705 -4014.218657575374 7584.317343139573
 5748.042737129406 -7303.390480883038 2347.237277232822 -467.401351380704
 -2639.472985140584 -3812.067440325205 -549.1900288132856 7001.187050759279
 -8857.059857508299 7116.328930817956 4011.624467845502 1437.820094517958
 7666.537470295876 -3965.044122890216 -792.6162424193935 -795.3107537426786
 -9739.175191525992 12742.65087618287 -19671.36523248574 54701.49777261721
 1419.067674539203 -5715.924271816827 -8750.023870957628 4103.253169759657
 2710.723859712842 -8593.622686848264 -7690.88703924424 2153.164994810115
 -1577.108830314215 -9936.404184368974 -7377.25641654747 274.2982715757462
 6513.061981486695 -3574.636573695372 -4028.238884429368 2278.570524819565
 -6486.999465295215 -3481.149385566661 -1643.677087404172 1632.699363598704
 -6789.250117098916 4372.170711331632 -5887.311175919469 8754.788543863899
 6848.084708226123 -13675.05081571404 5122.738389412043 -25938.28788694173
 2727.362448148699 -354.5145514299293 -9571.748692060364 -7412.957077897529
 -5596.865588644135 7335.001016702303 7363.012302188326 -6974.700083200882
 -2658.235789227841 -8093.187868441111 6551.307731080353 20935.92066036549
 3904.537822597953 2253.511205054339 1535.089898011713 -7995.000404286687
 6983.080107726539 -311.6329643483023 -4338.75666873145 -1428.784288971741
 -2185.870185113935 2872.201770583864 1858.000438935065 6318.714942794779
 1027.589513453235 -5523.821531497556 4074.198683759207 160.320671661857
 690.1095867140521 -611.9204346840852 431.19169587529 1243.385534164829
 -2719.540055652317 -7784.623541259678 -16.96791394154934 8354.821266953
 3436.070471295528 3161.985945038574 5067.799626429452 -3323.656975510071
 -1361.006753665697 7578.46871163962 5993.09467941213 -8628.120688556652
 262.3887191856738 -1465.825116774024 6028.038852686195 -4522.679453555921
 9344.161514991873 5381.441339323161 9253.700092976746 -9181.546701678935
 2048.695181235307 -8021.002934229239 -3053.207853651662 9795.016326196474
 1948.451387102634 5760.034913406855 1151.035427178806 4730.032892992107
 5748.042737129406 -7303.390480883038 2347.237277232822 -467.401351380704
 2225.261003634527 925.0701987196589 -6444.031981127644 3432.819854045354
 -4818.34983433142 -25949.53917077802 -32969.07843178488 15371.07198267392
 -9456.007626089433 -5117.596250863487 8014.944364213083 6480.178417884101
 2225.261003634527 925.0701987196589 -6444.031981127644 3432.819854045354
 -6717.438805869974 325.7751046780104 4404.428233516697 1789.908529691238
 558.1303227819008 -7819.457587171105 687.4093076091976 6294.258227280576
 1761.985086814317 -4603.87845652492 6863.436636710616 -4186.701066836197
 4507.042288957879 -1919.982473896567 -9650.427444794735 -3955.847454520177
 2435.021337180209 3660.802843826863 7076.31450993937 5621.9099408415
 2135.527204745431 4243.495653514057 4447.69383659346 -966.59061344767
 2225.261003634527 925.0701987196589 -6444.031981127644 3432.819854045354
 9940.166755327322 -8610.963387718581 -8976.361518103364 -2869.534544668108
 2476.128928722778 9572.534972491851 -3174.502183804354 -42095.05521877423
 35000.92796185978 -26671.43761465021 36607.57961506108 -1278.341597938264
 2435.021337180209 3660.802843826863 7076.31450993937 5621.9099408415
 -9739.175191525992 12742.65087618287 -19671.36523248574 54701.49777261721
 1761.985086814317 -4603.87845652492 6863.436636710616 -4186.701066836197
 2863.893756064823 4200.166507886812 2614.756641782224 -6558.459571566689
 161.3943110939999 6719.354854178076 -7974.902706737395 924.4194455703037
 -2087.72782200969 -6669.410734590996 -129.0705793359975 -3234.624098169704
 -6789.250117098916 4372.170711331632 -5887.311175919469 8754.788543863899
 -7787.818555182234 2270.534460439667 6566.695668418921 2727.927069669369
 1088.849373068903 -23422.74700999342 -13485.48466103642 25096.09594262806
 9634.226546807829 -747.1430697862343 -8997.660323356002 4542.441372941805
 7628.65772658397 -2319.921793259584 -5684.263008657558 -61.5108548547687
 2727.362448148699 -354.5145514299293 -9571.748692060364 -7412.957077897529
 7471.675962046555 12555.62551887914 -24163.56494446342 -10505.79256940256
 1027.589513453235 -5523.821531497556 4074.198683759207 160.320671661857
 4507.042288957879 -1919.982473896567 -9650.427444794735 -3955.847454520177
 -294.6252101967293 -5260.181075180276 1469.133241152869 -4333.757149451782
 3727.646556300002 -4142.089682722626 -2805.939239379039 4055.639387531828
 -3547.620809517372 6317.030095784819 3821.421661549353 26014.87886319004
