# Created by Octave 4.2.1, Mon Oct 09 19:48:44 2017 BRT <root@mosqueiro>
# name: pop
# type: matrix
# rows: 1000
# columns: 4
 -5017.992783309098 -2982.11731898659 6447.003229202737 1552.775801152004
 -5017.992783309098 -2982.11731898659 6447.003229202737 1552.775801152004
 -5017.992783309098 -2982.11731898659 6447.003229202737 1552.775801152004
 -5017.992783309098 -2982.11731898659 6447.003229202737 1552.775801152004
 -5017.992783309098 -2982.11731898659 6447.003229202737 1552.775801152004
 -5017.992783309098 -2982.11731898659 6447.003229202737 1552.775801152004
 -4958.501635395535 -2988.322909234646 6409.409046350797 1572.230823100893
 -5017.992783309098 -2982.11731898659 6447.003229202737 1552.775801152004
 -4981.692657838861 -3054.273538724342 6448.95807889824 1639.114226058092
 -4992.598528051896 -3008.366981801299 6415.896530081 1585.058856400466
 -5017.992783309098 -2982.11731898659 6447.003229202737 1552.775801152004
 -5021.44143916184 -2987.14872292316 6465.062659730892 1552.814509496666
 -4992.598528051896 -3008.366981801299 6415.896530081 1585.058856400466
 -4992.598528051896 -3008.366981801299 6415.896530081 1585.058856400466
 -4887.295787791483 -2973.548439921503 6387.496329802526 1559.303796009457
 -5017.992783309098 -2982.11731898659 6447.003229202737 1552.775801152004
 -5017.992783309098 -2982.11731898659 6447.003229202737 1552.775801152004
 -4992.598528051896 -3008.366981801299 6415.896530081 1585.058856400466
 -5117.589918454613 -3021.67895954162 6530.208380963488 1656.8922020357
 -5004.691511934015 -2944.605045299284 6429.615479986215 1575.83844678345
 -4992.598528051896 -3008.366981801299 6415.896530081 1585.058856400466
 -4992.598528051896 -3008.366981801299 6415.896530081 1585.058856400466
 -5004.17621623435 -3041.246171741874 6407.46625388683 1586.991736610971
 -4992.598528051896 -3008.366981801299 6415.896530081 1585.058856400466
 -4992.598528051896 -3008.366981801299 6415.896530081 1585.058856400466
 -2719.542161478373 -3775.988176613872 -438.2708286325164 6856.190367504296
 -4992.598528051896 -3008.366981801299 6415.896530081 1585.058856400466
 -4992.598528051896 -3008.366981801299 6415.896530081 1585.058856400466
 -4992.598528051896 -3008.366981801299 6415.896530081 1585.058856400466
 -4988.639975951548 -3028.460990265336 6416.308347385853 1593.51402230627
 -5017.992783309098 -2982.11731898659 6447.003229202737 1552.775801152004
 -4992.598528051896 -3008.366981801299 6415.896530081 1585.058856400466
 -5017.992783309098 -2982.11731898659 6447.003229202737 1552.775801152004
 -5017.992783309098 -2982.11731898659 6447.003229202737 1552.775801152004
 -5017.992783309098 -2982.11731898659 6447.003229202737 1552.775801152004
 -2123.298715723469 -3296.208904922612 -432.8524089097003 7279.913020578332
 -4992.598528051896 -3008.366981801299 6415.896530081 1585.058856400466
 -5017.992783309098 -2982.11731898659 6447.003229202737 1552.775801152004
 -2639.472985140584 -3812.067440325205 -549.1900288132856 7001.187050759279
 -5017.992783309098 -2982.11731898659 6447.003229202737 1552.775801152004
 -5017.992783309098 -2982.11731898659 6447.003229202737 1552.775801152004
 -2602.404543259844 -3880.655555540251 -521.655836914454 6980.539193881459
 -4992.598528051896 -3008.366981801299 6415.896530081 1585.058856400466
 -4932.664591389188 -2870.058181214293 6474.00264214255 1697.475709844651
 -4992.598528051896 -3008.366981801299 6415.896530081 1585.058856400466
 -5017.992783309098 -2982.11731898659 6447.003229202737 1552.775801152004
 -4862.520512468285 -3218.167162118121 6435.68137374788 2030.846148093535
 -4992.598528051896 -3008.366981801299 6415.896530081 1585.058856400466
 -4992.598528051896 -3008.366981801299 6415.896530081 1585.058856400466
 -4992.598528051896 -3008.366981801299 6415.896530081 1585.058856400466
 -4529.32367973316 -2466.947381836542 5914.174471444881 2279.26297041738
 -4992.598528051896 -3008.366981801299 6415.896530081 1585.058856400466
 -5017.992783309098 -2982.11731898659 6447.003229202737 1552.775801152004
 -4992.598528051896 -3008.366981801299 6415.896530081 1585.058856400466
 -5017.992783309098 -2982.11731898659 6447.003229202737 1552.775801152004
 -4992.598528051896 -3008.366981801299 6415.896530081 1585.058856400466
 -5017.992783309098 -2982.11731898659 6447.003229202737 1552.775801152004
 -5017.992783309098 -2982.11731898659 6447.003229202737 1552.775801152004
 -4992.598528051896 -3008.366981801299 6415.896530081 1585.058856400466
 -4992.598528051896 -3008.366981801299 6415.896530081 1585.058856400466
 -5017.992783309098 -2982.11731898659 6447.003229202737 1552.775801152004
 -4992.598528051896 -3008.366981801299 6415.896530081 1585.058856400466
 -4992.598528051896 -3008.366981801299 6415.896530081 1585.058856400466
 -4992.598528051896 -3008.366981801299 6415.896530081 1585.058856400466
 -4999.83124643661 -3009.227783431308 6390.866072846147 1592.835519411231
 -4992.598528051896 -3008.366981801299 6415.896530081 1585.058856400466
 -4992.598528051896 -3008.366981801299 6415.896530081 1585.058856400466
 -4992.598528051896 -3008.366981801299 6415.896530081 1585.058856400466
 -4992.598528051896 -3008.366981801299 6415.896530081 1585.058856400466
 -5017.992783309098 -2982.11731898659 6447.003229202737 1552.775801152004
 -4992.598528051896 -3008.366981801299 6415.896530081 1585.058856400466
 -4992.598528051896 -3008.366981801299 6415.896530081 1585.058856400466
 -4992.598528051896 -3008.366981801299 6415.896530081 1585.058856400466
 -4983.433394500088 -3006.655186705526 6465.517626700173 1604.498819294991
 -4786.347366923438 -2841.701947638071 6428.686680294286 1525.277629938051
 -4894.822848983948 -2986.510079731548 6405.679243442739 1517.944929965058
 -5017.992783309098 -2982.11731898659 6447.003229202737 1552.775801152004
 -4992.598528051896 -3008.366981801299 6415.896530081 1585.058856400466
 -4992.598528051896 -3008.366981801299 6415.896530081 1585.058856400466
 -4992.598528051896 -3008.366981801299 6415.896530081 1585.058856400466
 -4992.598528051896 -3008.366981801299 6415.896530081 1585.058856400466
 -4992.598528051896 -3008.366981801299 6415.896530081 1585.058856400466
 -5018.647391535499 -3018.589821971294 6460.037773232169 1532.633194587
 -2802.68149751654 -3715.003856002612 -573.8944387649697 7037.486225198953
 -4992.598528051896 -3008.366981801299 6415.896530081 1585.058856400466
 -4992.598528051896 -3008.366981801299 6415.896530081 1585.058856400466
 -5017.992783309098 -2982.11731898659 6447.003229202737 1552.775801152004
 -2092.517890209415 -3367.156816215029 -433.5305764499107 7254.063519452176
 -4992.598528051896 -3008.366981801299 6415.896530081 1585.058856400466
 -4989.117603813017 -2993.037273482401 6438.404215976491 1599.578665028312
 -4992.598528051896 -3008.366981801299 6415.896530081 1585.058856400466
 -4992.598528051896 -3008.366981801299 6415.896530081 1585.058856400466
 -4992.598528051896 -3008.366981801299 6415.896530081 1585.058856400466
 -5193.134017723907 -2984.033518308036 6574.243841500625 1498.574198389561
 -4992.598528051896 -3008.366981801299 6415.896530081 1585.058856400466
 -4955.263857828189 -3019.675977978149 6411.304628367009 1574.457184105464
 -5017.992783309098 -2982.11731898659 6447.003229202737 1552.775801152004
 -4992.598528051896 -3008.366981801299 6415.896530081 1585.058856400466
 -4856.311406029345 -3147.878157212992 6516.398223401997 1409.271625121463
 -2592.614486133644 -3816.144920310347 -517.1104362203628 6996.334999999111
 -4992.598528051896 -3008.366981801299 6415.896530081 1585.058856400466
 -4998.311697018988 -3004.873729361254 6435.322610710006 1612.384507485282
 -5000.757701702345 -3081.018007130527 6601.653845054549 1590.357240810288
 -4992.598528051896 -3008.366981801299 6415.896530081 1585.058856400466
 -4981.379517375133 -2999.398929700564 6406.85017369162 1569.875624788363
 -4976.103391605013 -3011.109647850788 6437.118966828063 1560.433668062859
 -5004.400104068329 -3036.862956530552 6400.97506312349 1568.030792788112
