# Created by Octave 4.2.1, Mon Oct 09 19:14:10 2017 BRT <root@mosqueiro>
# name: pop
# type: matrix
# rows: 1000
# columns: 4
 6578.308467050072 -7455.179293266177 -2641.327490118966 3562.587425725307
 6578.308467050072 -7455.179293266177 -2641.327490118966 3562.587425725307
 6578.308467050072 -7455.179293266177 -2641.327490118966 3562.587425725307
 6578.308467050072 -7455.179293266177 -2641.327490118966 3562.587425725307
 6578.308467050072 -7455.179293266177 -2641.327490118966 3562.587425725307
 379.405207367332 3132.827736658739 200.3387800702531 -3563.723173810892
 7578.943341417915 -6030.744340852515 2359.498209906011 -3231.90522080871
 7025.636582242681 -6813.101883949923 6705.931551415833 -6721.261610489159
 8635.367824146357 2954.679814811141 -3249.935043442028 -8460.958957023406
 5434.09301068859 5598.31483255704 -3614.040857802795 -7643.22907565573
 3759.287649611711 11985.68634690559 19038.32650572954 8297.596779082996
 6578.308467050072 -7455.179293266177 -2641.327490118966 3562.587425725307
 -20056.80245798998 4460.867693415646 3881.104281773111 -15985.77666044621
 -14792.68611922781 2807.002140950158 -4390.534313105753 19302.16504894885
 9992.87610355622 5565.330687253387 -9185.95670017757 -6400.645024325235
 -70514.32443348812 38964.10206418923 19126.74227351951 -119.1345279394809
 6578.308467050072 -7455.179293266177 -2641.327490118966 3562.587425725307
 -564.598173704404 3186.913121748074 9852.337087458091 -4582.643149348268
 31141.92081511233 11208.18806357811 16123.86559427532 2246.074701023224
 6578.308467050072 -7455.179293266177 -2641.327490118966 3562.587425725307
 7025.636582242681 -6813.101883949923 6705.931551415833 -6721.261610489159
 6578.308467050072 -7455.179293266177 -2641.327490118966 3562.587425725307
 5361.222130775774 -9121.304074494727 7073.678430104232 -3224.1967778833
 6578.308467050072 -7455.179293266177 -2641.327490118966 3562.587425725307
 6578.308467050072 -7455.179293266177 -2641.327490118966 3562.587425725307
 4455.105711582682 -25998.16566676576 14200.03379900059 13890.42717327062
 6680.806935101088 -1554.326484327964 -13667.18599374099 34961.895247902
 6578.308467050072 -7455.179293266177 -2641.327490118966 3562.587425725307
 -777.232075413991 5076.263762012482 -4003.697737210351 -457.4625793881532
 6578.308467050072 -7455.179293266177 -2641.327490118966 3562.587425725307
 9601.371260991185 -4061.342868705141 3464.342477403159 -8890.44202215272
 6578.308467050072 -7455.179293266177 -2641.327490118966 3562.587425725307
 5361.222130775774 -9121.304074494727 7073.678430104232 -3224.1967778833
 6578.308467050072 -7455.179293266177 -2641.327490118966 3562.587425725307
 6578.308467050072 -7455.179293266177 -2641.327490118966 3562.587425725307
 6578.308467050072 -7455.179293266177 -2641.327490118966 3562.587425725307
 6578.308467050072 -7455.179293266177 -2641.327490118966 3562.587425725307
 -23381.33552092454 3907.111522275082 -4251.363227974424 -1643.783140464418
 6578.308467050072 -7455.179293266177 -2641.327490118966 3562.587425725307
 -6610.152775930786 11509.95671860928 5439.209681102926 757.3666652184575
 4854.642645723639 6955.421502424069 3912.759674901876 5976.015389327538
 5581.217468830875 -5192.415650092287 6415.728518026925 -4272.986576377192
 6578.308467050072 -7455.179293266177 -2641.327490118966 3562.587425725307
 150.2444232856433 -19053.46506429704 -754.069257996312 -17149.21815529853
 -6610.152775930786 11509.95671860928 5439.209681102926 757.3666652184575
 6578.308467050072 -7455.179293266177 -2641.327490118966 3562.587425725307
 -4956.321186344702 -1113.80149904483 3987.109318387018 2032.163084530512
 9601.371260991185 -4061.342868705141 3464.342477403159 -8890.44202215272
 -1204.995312921425 -57.4931712974485 892.2720204209272 238.4268909279763
 6578.308467050072 -7455.179293266177 -2641.327490118966 3562.587425725307
 -3411.818931476058 9525.704369935913 -8035.390816012626 2045.35685342855
 6578.308467050072 -7455.179293266177 -2641.327490118966 3562.587425725307
 9769.800268033232 -5567.456069798052 -1727.135248392595 -392.2809659170234
 6578.308467050072 -7455.179293266177 -2641.327490118966 3562.587425725307
 1491.875441122767 -26816.31233344357 -9332.575275216346 -16165.54770225015
 5107.224878640206 18849.495416367 1474.040889253017 -10956.39336157384
 6578.308467050072 -7455.179293266177 -2641.327490118966 3562.587425725307
 12513.63693062123 4403.938130654486 -18422.60069347368 16097.91383491776
 -8624.26092596086 14318.37819501956 14444.31902335959 -13875.83515902376
 9601.371260991185 -4061.342868705141 3464.342477403159 -8890.44202215272
 6578.308467050072 -7455.179293266177 -2641.327490118966 3562.587425725307
 5361.222130775774 -9121.304074494727 7073.678430104232 -3224.1967778833
 5287.967953111398 -186.2491226333259 -2346.142048947956 3642.216597086644
 9992.87610355622 5565.330687253387 -9185.95670017757 -6400.645024325235
 37889.16681853039 1921.271170101757 -7840.016226573962 -4909.435081793503
 6578.308467050072 -7455.179293266177 -2641.327490118966 3562.587425725307
 6578.308467050072 -7455.179293266177 -2641.327490118966 3562.587425725307
 6578.308467050072 -7455.179293266177 -2641.327490118966 3562.587425725307
 6578.308467050072 -7455.179293266177 -2641.327490118966 3562.587425725307
 6578.308467050072 -7455.179293266177 -2641.327490118966 3562.587425725307
 -8624.26092596086 14318.37819501956 14444.31902335959 -13875.83515902376
 9601.371260991185 -4061.342868705141 3464.342477403159 -8890.44202215272
 5581.217468830875 -5192.415650092287 6415.728518026925 -4272.986576377192
 12638.4866356429 17694.88649248125 13725.66617445371 8650.362691401395
 17492.13815547564 14876.95357745807 61224.9973458932 13872.85454524508
 -19256.70369173266 -13980.4817508064 40303.54970702836 16111.42923542415
 6578.308467050072 -7455.179293266177 -2641.327490118966 3562.587425725307
 9992.87610355622 5565.330687253387 -9185.95670017757 -6400.645024325235
 17458.8958027369 -10341.48922820223 8288.531417051749 -7317.332402126505
 6578.308467050072 -7455.179293266177 -2641.327490118966 3562.587425725307
 12406.23370623449 -2753.106259841867 25943.45398541399 11522.25301945641
 1307.031539456531 -5990.833392068951 8853.72149252941 -4999.162221685164
 6578.308467050072 -7455.179293266177 -2641.327490118966 3562.587425725307
 -20300.54080673245 4436.637074288737 -2371.854759892591 906.1384846059518
 6320.853062837764 10950.65751268873 -18630.61564137618 9517.31406223914
 3549.03146153104 -401.4294845481072 -7495.903630523514 4263.185332926989
 4854.642645723639 6955.421502424069 3912.759674901876 5976.015389327538
 6578.308467050072 -7455.179293266177 -2641.327490118966 3562.587425725307
 -6610.152775930786 11509.95671860928 5439.209681102926 757.3666652184575
 6578.308467050072 -7455.179293266177 -2641.327490118966 3562.587425725307
 19529.02272749502 -34510.72061020637 8082.862340352457 3596.436221349672
 -3411.818931476058 9525.704369935913 -8035.390816012626 2045.35685342855
 39854.49133381587 -8108.057691932707 771.8948920639978 -8777.701581778478
 6578.308467050072 -7455.179293266177 -2641.327490118966 3562.587425725307
 6578.308467050072 -7455.179293266177 -2641.327490118966 3562.587425725307
 -14792.68611922781 2807.002140950158 -4390.534313105753 19302.16504894885
 -20922.24024545944 -3678.532955845559 -9854.574179854593 -9473.109485256131
 6578.308467050072 -7455.179293266177 -2641.327490118966 3562.587425725307
 6578.308467050072 -7455.179293266177 -2641.327490118966 3562.587425725307
 -1534.461906529494 3070.742202030919 -9311.484359849925 8762.024784912315
 6578.308467050072 -7455.179293266177 -2641.327490118966 3562.587425725307
 -1204.995312921425 -57.4931712974485 892.2720204209272 238.4268909279763
 502.4361616520546 -1569.833401875447 -11746.98020503691 33045.36857125192
 9992.87610355622 5565.330687253387 -9185.95670017757 -6400.645024325235
 11175.95576510134 28042.99377523836 -9242.233862523743 27039.93157369916
