# Created by Octave 4.2.1, Mon Oct 09 19:40:30 2017 BRT <root@mosqueiro>
# name: pop
# type: matrix
# rows: 1000
# columns: 4
 -7480.181020760931 -1323.684231566536 4102.039049875563 4700.842070198772
 -7480.435130299403 -1323.738457048257 4102.306969383488 4700.881856917817
 -7480.435130299403 -1323.738457048257 4102.306969383488 4700.881856917817
 -7480.435130299403 -1323.738457048257 4102.306969383488 4700.881856917817
 -7480.435130299403 -1323.738457048257 4102.306969383488 4700.881856917817
 -7480.435130299403 -1323.738457048257 4102.306969383488 4700.881856917817
 -7395.791088765245 -1308.165518290362 4062.623926302736 4640.333799653859
 -7480.435130299403 -1323.738457048257 4102.306969383488 4700.881856917817
 -7481.503273869589 -1323.890419343375 4103.831668713451 4700.586704819271
 -7480.435130299403 -1323.738457048257 4102.306969383488 4700.881856917817
 -7395.791088765245 -1308.165518290362 4062.623926302736 4640.333799653859
 -7481.569794447016 -1323.528330876475 4103.402975084896 4700.743403129503
 -7481.569794447016 -1323.528330876475 4103.402975084896 4700.743403129503
 -7491.357089269941 -1281.035141976859 4123.025856152989 4650.102740940573
 -7395.791088765245 -1308.165518290362 4062.623926302736 4640.333799653859
 -7395.791088765245 -1308.165518290362 4062.623926302736 4640.333799653859
 -7482.902838005481 -1293.539994316829 4113.533745657391 4662.943910282606
 -7481.569794447016 -1323.528330876475 4103.402975084896 4700.743403129503
 -7491.460360958828 -1281.107360693117 4122.698765777668 4650.043413538959
 -7395.791088765245 -1308.165518290362 4062.623926302736 4640.333799653859
 -7481.895756091521 -1322.297447995973 4103.67683687727 4700.737131296149
 -7481.569794447016 -1323.528330876475 4103.402975084896 4700.743403129503
 -7481.569794447016 -1323.528330876475 4103.402975084896 4700.743403129503
 -7395.791088765245 -1308.165518290362 4062.623926302736 4640.333799653859
 -7395.791088765245 -1308.165518290362 4062.623926302736 4640.333799653859
 -7491.357089269941 -1281.035141976859 4123.025856152989 4650.102740940573
 -7481.569794447016 -1323.528330876475 4103.402975084896 4700.743403129503
 -7481.569794447016 -1323.528330876475 4103.402975084896 4700.743403129503
 -7481.471513513019 -1323.429812418815 4103.279732003952 4700.676065752086
 -7481.180487997073 -1331.176177197334 4103.857699664496 4695.286931025108
 -7481.569794447016 -1323.528330876475 4103.402975084896 4700.743403129503
 -7395.791088765245 -1308.165518290362 4062.623926302736 4640.333799653859
 -7482.316397400408 -1324.575358100057 4103.462169117367 4701.325699677089
 -7481.569794447016 -1323.528330876475 4103.402975084896 4700.743403129503
 -7395.791088765245 -1308.165518290362 4062.623926302736 4640.333799653859
 -7481.569794447016 -1323.528330876475 4103.402975084896 4700.743403129503
 -7480.435130299403 -1323.738457048257 4102.306969383488 4700.881856917817
 -7395.791088765245 -1308.165518290362 4062.623926302736 4640.333799653859
 -7619.702461402525 -1154.560562511419 4172.215188768144 4515.964896502386
 -7481.569794447016 -1323.528330876475 4103.402975084896 4700.743403129503
 -7243.465826283204 -1703.319203678468 4274.926953201226 4671.838563233879
 -7395.791088765245 -1308.165518290362 4062.623926302736 4640.333799653859
 -7395.791088765245 -1308.165518290362 4062.623926302736 4640.333799653859
 -10324.82158791877 -379.1637934029191 6712.090700467143 4000.236401409895
 -7480.435130299403 -1323.738457048257 4102.306969383488 4700.881856917817
 -7395.791088765245 -1308.165518290362 4062.623926302736 4640.333799653859
 -7395.791088765245 -1308.165518290362 4062.623926302736 4640.333799653859
 -7481.569794447016 -1323.528330876475 4103.402975084896 4700.743403129503
 -7395.666685163574 -1308.244704731152 4062.561100824479 4640.215992818816
 -7481.315988263188 -1323.860928761404 4103.54774838283 4700.507729826665
 -7480.435130299403 -1323.738457048257 4102.306969383488 4700.881856917817
 -7481.569794447016 -1323.528330876475 4103.402975084896 4700.743403129503
 -7491.898263033821 -1286.170955164398 4123.702296127494 4653.386246922735
 -7481.569794447016 -1323.528330876475 4103.402975084896 4700.743403129503
 -7395.791088765245 -1308.165518290362 4062.623926302736 4640.333799653859
 -7168.783879011961 -1802.391112009085 4201.23230045908 4732.767103856511
 -7481.569794447016 -1323.528330876475 4103.402975084896 4700.743403129503
 -7481.569794447016 -1323.528330876475 4103.402975084896 4700.743403129503
 -7481.569794447016 -1323.528330876475 4103.402975084896 4700.743403129503
 -7491.532143695513 -1280.653367048516 4123.957237049995 4650.103594359458
 -7481.982258380274 -1323.705730140225 4103.544783659347 4701.786032497607
 -7395.791088765245 -1308.165518290362 4062.623926302736 4640.333799653859
 -7480.435130299403 -1323.738457048257 4102.306969383488 4700.881856917817
 -7491.768244695821 -1284.303797015316 4120.140334034718 4658.01628006342
 -7479.826747139005 -1322.650221678265 4102.632620282372 4699.922874650033
 -10324.82158791877 -379.1637934029191 6712.090700467143 4000.236401409895
 -7481.569794447016 -1323.528330876475 4103.402975084896 4700.743403129503
 -7481.569794447016 -1323.528330876475 4103.402975084896 4700.743403129503
 -7481.569794447016 -1323.528330876475 4103.402975084896 4700.743403129503
 -7474.962801967178 -1317.53286369634 4101.983620305617 4697.202795087097
 -7481.569794447016 -1323.528330876475 4103.402975084896 4700.743403129503
 -7480.435130299403 -1323.738457048257 4102.306969383488 4700.881856917817
 -7395.791088765245 -1308.165518290362 4062.623926302736 4640.333799653859
 -7395.791088765245 -1308.165518290362 4062.623926302736 4640.333799653859
 -7481.49543864088 -1323.260726627371 4103.978644303807 4700.570250559828
 -7491.622559643338 -1284.240607280592 4120.090306015535 4658.222325090163
 -7481.359071939493 -1323.517597755204 4103.556517717876 4700.376215778601
 -7388.268439230355 -1280.938425608895 4066.735796019292 4616.614247739049
 -7481.569794447016 -1323.528330876475 4103.402975084896 4700.743403129503
 -7480.435130299403 -1323.738457048257 4102.306969383488 4700.881856917817
 -7481.569794447016 -1323.528330876475 4103.402975084896 4700.743403129503
 -7481.833178085118 -1323.466740923893 4103.51897664839 4700.609259119587
 -5737.98870350066 -1082.930591420158 3569.758530177905 3260.315854470912
 -7481.569794447016 -1323.528330876475 4103.402975084896 4700.743403129503
 -7481.640862997927 -1323.505125474983 4103.651958214387 4700.363249165669
 -7480.435130299403 -1323.738457048257 4102.306969383488 4700.881856917817
 -7491.618063037479 -1282.540920252206 4126.428215943002 4646.555285856101
 -7480.435130299403 -1323.738457048257 4102.306969383488 4700.881856917817
 -7481.569794447016 -1323.528330876475 4103.402975084896 4700.743403129503
 -7395.791088765245 -1308.165518290362 4062.623926302736 4640.333799653859
 -7395.791088765245 -1308.165518290362 4062.623926302736 4640.333799653859
 -7395.791088765245 -1308.165518290362 4062.623926302736 4640.333799653859
 -7481.569794447016 -1323.528330876475 4103.402975084896 4700.743403129503
 -7481.569794447016 -1323.528330876475 4103.402975084896 4700.743403129503
 -7395.791088765245 -1308.165518290362 4062.623926302736 4640.333799653859
 -7480.435130299403 -1323.738457048257 4102.306969383488 4700.881856917817
 -7481.569794447016 -1323.528330876475 4103.402975084896 4700.743403129503
 -7481.569794447016 -1323.528330876475 4103.402975084896 4700.743403129503
 -7480.435130299403 -1323.738457048257 4102.306969383488 4700.881856917817
 -7481.569794447016 -1323.528330876475 4103.402975084896 4700.743403129503
 -7480.435130299403 -1323.738457048257 4102.306969383488 4700.881856917817
 -7480.435130299403 -1323.738457048257 4102.306969383488 4700.881856917817
 -7480.435130299403 -1323.738457048257 4102.306969383488 4700.881856917817
 -7481.569794447016 -1323.528330876475 4103.402975084896 4700.743403129503
 -7395.791088765245 -1308.165518290362 4062.623926302736 4640.333799653859
