# Created by Octave 4.2.1, Mon Oct 09 19:47:46 2017 BRT <root@mosqueiro>
# name: pop
# type: matrix
# rows: 1000
# columns: 4
 -4992.598528051896 -3008.366981801299 6415.896530081 1585.058856400466
 -4992.598528051896 -3008.366981801299 6415.896530081 1585.058856400466
 -4992.598528051896 -3008.366981801299 6415.896530081 1585.058856400466
 -4992.598528051896 -3008.366981801299 6415.896530081 1585.058856400466
 -4992.598528051896 -3008.366981801299 6415.896530081 1585.058856400466
 -4992.598528051896 -3008.366981801299 6415.896530081 1585.058856400466
 -4992.598528051896 -3008.366981801299 6415.896530081 1585.058856400466
 -2639.472985140584 -3812.067440325205 -549.1900288132856 7001.187050759279
 -4992.598528051896 -3008.366981801299 6415.896530081 1585.058856400466
 -2715.66557514648 -4147.802984960827 -561.2808442813322 7093.744160298013
 -4992.598528051896 -3008.366981801299 6415.896530081 1585.058856400466
 -4992.598528051896 -3008.366981801299 6415.896530081 1585.058856400466
 -5292.431885848022 -2421.444409655365 5803.508862775092 1686.980856303576
 -2688.324680971897 -3182.843178386953 -1162.140944689039 7963.081066071992
 -4992.598528051896 -3008.366981801299 6415.896530081 1585.058856400466
 -4772.210036832065 -3541.367680843214 7133.112236236911 1502.393126493658
 -4992.598528051896 -3008.366981801299 6415.896530081 1585.058856400466
 -2762.025033665962 -3666.074894593584 -917.7052232385614 6869.308019651327
 -4992.598528051896 -3008.366981801299 6415.896530081 1585.058856400466
 -4992.598528051896 -3008.366981801299 6415.896530081 1585.058856400466
 -5124.142203169351 -3001.920378854139 6463.840608997884 1356.474046597293
 -2639.472985140584 -3812.067440325205 -549.1900288132856 7001.187050759279
 12005.30800161148 -20065.75112370324 -2034.935840890452 9175.754481525975
 -4976.971573387578 -3245.613741230287 6570.675304891091 1737.158933261316
 -2639.472985140584 -3812.067440325205 -549.1900288132856 7001.187050759279
 -3553.021097534805 -3667.543409463454 -948.0215069469622 7098.029202672379
 -5092.116577355077 -3021.123206225202 6842.122914534584 1753.249008231705
 -5054.79833255018 -2517.734601703566 6917.705799908421 823.2758319011914
 -4992.598528051896 -3008.366981801299 6415.896530081 1585.058856400466
 -4992.598528051896 -3008.366981801299 6415.896530081 1585.058856400466
 -4992.598528051896 -3008.366981801299 6415.896530081 1585.058856400466
 -4992.598528051896 -3008.366981801299 6415.896530081 1585.058856400466
 -2639.472985140584 -3812.067440325205 -549.1900288132856 7001.187050759279
 -2639.472985140584 -3812.067440325205 -549.1900288132856 7001.187050759279
 -4992.598528051896 -3008.366981801299 6415.896530081 1585.058856400466
 -4992.598528051896 -3008.366981801299 6415.896530081 1585.058856400466
 -1824.325244998728 -4199.197251995563 -226.9719884323654 7477.586578362333
 -4929.509486273317 -2997.861190836006 6775.145175165805 1203.134155580554
 -5138.946800933341 -2791.193891655036 6140.891913808779 1342.520276539031
 -4795.236975787026 -3141.897414841115 6497.605415022254 1585.509958908758
 -4992.598528051896 -3008.366981801299 6415.896530081 1585.058856400466
 -2958.99482511358 -4018.116616598677 -1064.936318458997 6971.910530530819
 -2688.295881058818 -4359.490744148767 -248.6011897225601 7145.403424683397
 -4947.974387216808 -2992.245153937454 6407.552200874503 1614.89763283253
 -4992.598528051896 -3008.366981801299 6415.896530081 1585.058856400466
 -4992.598528051896 -3008.366981801299 6415.896530081 1585.058856400466
 -4992.598528051896 -3008.366981801299 6415.896530081 1585.058856400466
 -4970.607683505024 -2994.353933109719 6674.436222702188 1699.256771540083
 -2639.472985140584 -3812.067440325205 -549.1900288132856 7001.187050759279
 -8803.919696497169 -638.3900807950536 6885.099846157077 5680.203074653467
 -4992.598528051896 -3008.366981801299 6415.896530081 1585.058856400466
 -4992.598528051896 -3008.366981801299 6415.896530081 1585.058856400466
 -2639.472985140584 -3812.067440325205 -549.1900288132856 7001.187050759279
 -4992.598528051896 -3008.366981801299 6415.896530081 1585.058856400466
 -2237.518678176585 -4381.870379825854 -24.01825320313685 6842.656032540945
 -4992.598528051896 -3008.366981801299 6415.896530081 1585.058856400466
 -4992.598528051896 -3008.366981801299 6415.896530081 1585.058856400466
 -4992.598528051896 -3008.366981801299 6415.896530081 1585.058856400466
 -4974.826749621776 -3076.860679607149 6273.117081904591 1692.774719431286
 -5218.659659504307 -3337.82125281034 6090.447784772173 1196.35811454338
 -4992.598528051896 -3008.366981801299 6415.896530081 1585.058856400466
 -4992.598528051896 -3008.366981801299 6415.896530081 1585.058856400466
 -4992.598528051896 -3008.366981801299 6415.896530081 1585.058856400466
 -4913.64463028896 -3039.286601601417 6446.623649147188 1499.96467621375
 -4992.598528051896 -3008.366981801299 6415.896530081 1585.058856400466
 -4873.898023354109 -2999.073469139968 6629.061225556632 1734.991976775209
 -4992.598528051896 -3008.366981801299 6415.896530081 1585.058856400466
 -4992.598528051896 -3008.366981801299 6415.896530081 1585.058856400466
 -5212.32801823639 -2871.78392437607 6053.266983955365 1330.854537222412
 -4992.598528051896 -3008.366981801299 6415.896530081 1585.058856400466
 -2642.967359881762 -4951.494373383465 1656.007361751334 6085.13164687665
 -5333.593783791905 -4331.819486846488 5719.701051664475 1206.972670165622
 -2649.147094836411 -3911.451393109475 -635.9590813397322 6976.65601937406
 -4992.598528051896 -3008.366981801299 6415.896530081 1585.058856400466
 -4992.598528051896 -3008.366981801299 6415.896530081 1585.058856400466
 -4992.598528051896 -3008.366981801299 6415.896530081 1585.058856400466
 -4992.598528051896 -3008.366981801299 6415.896530081 1585.058856400466
 -4992.598528051896 -3008.366981801299 6415.896530081 1585.058856400466
 -2741.134189104534 -4161.542578468133 -468.4779744721033 7071.587225778447
 -4992.598528051896 -3008.366981801299 6415.896530081 1585.058856400466
 -1824.325244998728 -4199.197251995563 -226.9719884323654 7477.586578362333
 -4992.598528051896 -3008.366981801299 6415.896530081 1585.058856400466
 -4992.598528051896 -3008.366981801299 6415.896530081 1585.058856400466
 -5006.914016515251 -3099.25797820281 6696.467015026804 1276.831314513499
 -4992.598528051896 -3008.366981801299 6415.896530081 1585.058856400466
 -4992.598528051896 -3008.366981801299 6415.896530081 1585.058856400466
 -4992.598528051896 -3008.366981801299 6415.896530081 1585.058856400466
 -4992.598528051896 -3008.366981801299 6415.896530081 1585.058856400466
 -2349.93316601549 -1339.41086046218 -1284.421367375547 7546.330514095771
 -4992.598528051896 -3008.366981801299 6415.896530081 1585.058856400466
 -4992.598528051896 -3008.366981801299 6415.896530081 1585.058856400466
 -4849.684572142794 -3088.622240237225 6532.961235583422 1348.721423957433
 -2639.472985140584 -3812.067440325205 -549.1900288132856 7001.187050759279
 -2639.472985140584 -3812.067440325205 -549.1900288132856 7001.187050759279
 -4992.598528051896 -3008.366981801299 6415.896530081 1585.058856400466
 -4992.598528051896 -3008.366981801299 6415.896530081 1585.058856400466
 -4992.598528051896 -3008.366981801299 6415.896530081 1585.058856400466
 -4759.221322206763 -3220.679829154712 5635.985430250755 1192.294044548428
 -2648.59000900503 -3643.040829218288 -462.409787793669 7483.045247786552
 -2639.472985140584 -3812.067440325205 -549.1900288132856 7001.187050759279
 -2639.472985140584 -3812.067440325205 -549.1900288132856 7001.187050759279
 430.7098790332857 -740.3961394118592 -4308.808524283113 4897.782050152969
 -4992.598528051896 -3008.366981801299 6415.896530081 1585.058856400466
 -2804.84701551341 -3699.254251839589 -643.5792373432256 6961.539538078602
 -4932.664591389188 -2870.058181214293 6474.00264214255 1697.475709844651
 -2639.472985140584 -3812.067440325205 -549.1900288132856 7001.187050759279
 -4953.854644867305 -3124.305559336484 6401.780463861547 1266.615288436387
