# Created by Octave 4.2.1, Mon Oct 09 19:36:20 2017 BRT <root@mosqueiro>
# name: pop
# type: matrix
# rows: 1000
# columns: 4
 -7388.118906136311 -1280.759136014043 4066.935166573163 4616.641127117166
 -7388.118906136311 -1280.759136014043 4066.935166573163 4616.641127117166
 -7388.118906136311 -1280.759136014043 4066.935166573163 4616.641127117166
 -7388.118906136311 -1280.759136014043 4066.935166573163 4616.641127117166
 -7388.118906136311 -1280.759136014043 4066.935166573163 4616.641127117166
 -7388.118906136311 -1280.759136014043 4066.935166573163 4616.641127117166
 -7388.118906136311 -1280.759136014043 4066.935166573163 4616.641127117166
 -7388.118906136311 -1280.759136014043 4066.935166573163 4616.641127117166
 -1260.081298919818 26569.50454422279 11822.31562550558 21891.77203449884
 -7388.118906136311 -1280.759136014043 4066.935166573163 4616.641127117166
 -7388.118906136311 -1280.759136014043 4066.935166573163 4616.641127117166
 -7388.118906136311 -1280.759136014043 4066.935166573163 4616.641127117166
 -7388.118906136311 -1280.759136014043 4066.935166573163 4616.641127117166
 -7388.118906136311 -1280.759136014043 4066.935166573163 4616.641127117166
 -7388.118906136311 -1280.759136014043 4066.935166573163 4616.641127117166
 -6039.386243392686 -249.0292236579912 3436.743845596096 3074.381030738826
 6207.577674472775 2055.715652728216 12925.14724477776 -7891.372646850035
 -7916.430835838094 -228.7952248413214 1226.335453179738 3750.678159600309
 -7388.118906136311 -1280.759136014043 4066.935166573163 4616.641127117166
 -7388.118906136311 -1280.759136014043 4066.935166573163 4616.641127117166
 -7388.118906136311 -1280.759136014043 4066.935166573163 4616.641127117166
 -7388.118906136311 -1280.759136014043 4066.935166573163 4616.641127117166
 -6461.999792154394 -1804.575325543606 1628.874506659359 4194.703772020222
 -9843.629524439861 -3337.073115064791 2900.547456800103 2141.577676210706
 -7388.118906136311 -1280.759136014043 4066.935166573163 4616.641127117166
 -7388.118906136311 -1280.759136014043 4066.935166573163 4616.641127117166
 -7388.118906136311 -1280.759136014043 4066.935166573163 4616.641127117166
 -7388.118906136311 -1280.759136014043 4066.935166573163 4616.641127117166
 -7881.326298915381 -400.5436396827049 1595.11352519097 11732.91500179767
 -6039.386243392686 -249.0292236579912 3436.743845596096 3074.381030738826
 -7388.118906136311 -1280.759136014043 4066.935166573163 4616.641127117166
 -8776.063518312283 2298.51815518712 4147.059046968649 6495.6751366545
 -7388.118906136311 -1280.759136014043 4066.935166573163 4616.641127117166
 -7388.118906136311 -1280.759136014043 4066.935166573163 4616.641127117166
 -7388.118906136311 -1280.759136014043 4066.935166573163 4616.641127117166
 -7388.118906136311 -1280.759136014043 4066.935166573163 4616.641127117166
 2125.633039671485 5257.468181654027 -17470.07971998213 -6644.885393715362
 -8937.77980041808 650.0459503889124 6774.594308751049 5953.42259264596
 -7388.118906136311 -1280.759136014043 4066.935166573163 4616.641127117166
 -6805.636621181481 -1748.050639026526 478.7940956191514 2565.385537318866
 -7388.118906136311 -1280.759136014043 4066.935166573163 4616.641127117166
 -7693.811822982616 -229.08367236911 3102.328498392917 4693.945876660403
 -4134.728385062744 -562.0858365559675 4700.865675889779 6747.39352116404
 -7388.118906136311 -1280.759136014043 4066.935166573163 4616.641127117166
 -7388.118906136311 -1280.759136014043 4066.935166573163 4616.641127117166
 -7388.118906136311 -1280.759136014043 4066.935166573163 4616.641127117166
 -7388.118906136311 -1280.759136014043 4066.935166573163 4616.641127117166
 -7388.118906136311 -1280.759136014043 4066.935166573163 4616.641127117166
 -7388.118906136311 -1280.759136014043 4066.935166573163 4616.641127117166
 -7388.118906136311 -1280.759136014043 4066.935166573163 4616.641127117166
 -7388.118906136311 -1280.759136014043 4066.935166573163 4616.641127117166
 -7388.118906136311 -1280.759136014043 4066.935166573163 4616.641127117166
 -19867.8084094807 11605.070318428 4149.231336959809 -559.0515938610242
 -7011.772029249883 2414.245154209017 2876.816525185587 4591.366359241231
 -7388.118906136311 -1280.759136014043 4066.935166573163 4616.641127117166
 -7388.118906136311 -1280.759136014043 4066.935166573163 4616.641127117166
 -7388.118906136311 -1280.759136014043 4066.935166573163 4616.641127117166
 -7388.118906136311 -1280.759136014043 4066.935166573163 4616.641127117166
 -12358.099031305 73.05161375083071 6091.844713156555 7614.196909327398
 -7388.118906136311 -1280.759136014043 4066.935166573163 4616.641127117166
 -7388.118906136311 -1280.759136014043 4066.935166573163 4616.641127117166
 3210.179676911543 -10750.6430649226 -7685.828569940089 -5554.842121501192
 -7388.118906136311 -1280.759136014043 4066.935166573163 4616.641127117166
 -7388.118906136311 -1280.759136014043 4066.935166573163 4616.641127117166
 -12323.58513834852 -64.2725317195715 3535.578378475169 4094.405627812994
 -7388.118906136311 -1280.759136014043 4066.935166573163 4616.641127117166
 -7388.118906136311 -1280.759136014043 4066.935166573163 4616.641127117166
 -7388.118906136311 -1280.759136014043 4066.935166573163 4616.641127117166
 -7542.123338424798 704.1127957877754 3453.81935364842 3958.991850856798
 -7943.426799411615 -4607.794877577577 4323.453807935955 8095.641131464592
 -8638.933698337793 577.7901239886594 4233.24642229524 5574.884908002551
 -7388.118906136311 -1280.759136014043 4066.935166573163 4616.641127117166
 -7388.118906136311 -1280.759136014043 4066.935166573163 4616.641127117166
 5028.121259596922 -7323.230081565145 17104.97702952101 25123.14506507063
 -7388.118906136311 -1280.759136014043 4066.935166573163 4616.641127117166
 -7388.118906136311 -1280.759136014043 4066.935166573163 4616.641127117166
 -7388.118906136311 -1280.759136014043 4066.935166573163 4616.641127117166
 -7388.118906136311 -1280.759136014043 4066.935166573163 4616.641127117166
 -2889.553295470491 -6669.654051730098 13201.93889558965 7042.560893603833
 -8599.181904249799 42.43857584472994 8395.65805059643 792.7149404072029
 -7388.118906136311 -1280.759136014043 4066.935166573163 4616.641127117166
 -6503.508221061299 7355.069229470357 7540.810517729162 7609.371446260394
 -3498.425476680231 1975.174436183315 -85.68876422991343 3687.747419517773
 -7403.534640158004 -727.1368861543812 1791.218419733912 3269.521559846861
 -7388.118906136311 -1280.759136014043 4066.935166573163 4616.641127117166
 -7388.118906136311 -1280.759136014043 4066.935166573163 4616.641127117166
 -6161.942266272134 3737.36970999669 -47.31478540440548 10982.98582705202
 1068.013434499388 7024.232188803526 -14735.89286886614 6554.530659520729
 -7388.118906136311 -1280.759136014043 4066.935166573163 4616.641127117166
 -9559.163849873474 3688.438293364875 3943.092516273509 2436.516755189293
 -7388.118906136311 -1280.759136014043 4066.935166573163 4616.641127117166
 -7388.118906136311 -1280.759136014043 4066.935166573163 4616.641127117166
 -2331.529096536318 -1636.320029607428 -4473.121811338468 20194.51652292927
 -37243.18833255967 25107.49901712385 -569.5567864636332 8611.598622218433
 -6444.307002786794 -3240.797917245301 4430.257662457046 2362.501887766787
 -7388.118906136311 -1280.759136014043 4066.935166573163 4616.641127117166
 -7388.118906136311 -1280.759136014043 4066.935166573163 4616.641127117166
 -7388.118906136311 -1280.759136014043 4066.935166573163 4616.641127117166
 -6161.942266272134 3737.36970999669 -47.31478540440548 10982.98582705202
 -6039.386243392686 -249.0292236579912 3436.743845596096 3074.381030738826
 -10689.85868183679 6688.417641610459 -538.2202964066191 4749.848735954953
 -7388.118906136311 -1280.759136014043 4066.935166573163 4616.641127117166
 -7388.118906136311 -1280.759136014043 4066.935166573163 4616.641127117166
 -7388.118906136311 -1280.759136014043 4066.935166573163 4616.641127117166
 -10695.17556984788 -30.50376851338456 895.5857270182405 10363.09504449573
