# Created by Octave 4.2.1, Mon Oct 09 19:17:22 2017 BRT <root@mosqueiro>
# name: pop
# type: matrix
# rows: 1000
# columns: 4
 -7148.103312701941 9110.658303641747 9020.659766140016 -10968.80655961632
 -8421.019129482293 10501.41336096712 8570.920293701953 -10633.86916672773
 -7550.994568967475 9422.043339869355 8908.925889460448 -10742.73349019874
 -7550.994568967475 9422.043339869355 8908.925889460448 -10742.73349019874
 -7550.994568967475 9422.043339869355 8908.925889460448 -10742.73349019874
 -7550.994568967475 9422.043339869355 8908.925889460448 -10742.73349019874
 -7550.994568967475 9422.043339869355 8908.925889460448 -10742.73349019874
 -7550.994568967475 9422.043339869355 8908.925889460448 -10742.73349019874
 -7664.50920817592 8812.228727274847 9374.283994206464 -10321.28954449865
 -7550.994568967475 9422.043339869355 8908.925889460448 -10742.73349019874
 -7550.994568967475 9422.043339869355 8908.925889460448 -10742.73349019874
 -7550.994568967475 9422.043339869355 8908.925889460448 -10742.73349019874
 4026.897489658364 -6169.691739450638 7143.120042999336 -4453.723972978433
 -7550.994568967475 9422.043339869355 8908.925889460448 -10742.73349019874
 -7550.994568967475 9422.043339869355 8908.925889460448 -10742.73349019874
 -7550.994568967475 9422.043339869355 8908.925889460448 -10742.73349019874
 -7550.994568967475 9422.043339869355 8908.925889460448 -10742.73349019874
 -7550.994568967475 9422.043339869355 8908.925889460448 -10742.73349019874
 -7550.994568967475 9422.043339869355 8908.925889460448 -10742.73349019874
 -7550.994568967475 9422.043339869355 8908.925889460448 -10742.73349019874
 -7550.994568967475 9422.043339869355 8908.925889460448 -10742.73349019874
 8897.239152926377 -2449.70285251634 -14831.46307973471 9475.209334569656
 -7550.994568967475 9422.043339869355 8908.925889460448 -10742.73349019874
 -7550.994568967475 9422.043339869355 8908.925889460448 -10742.73349019874
 -8182.51147207636 6954.73794815856 6327.36705995933 -9528.794323840366
 -7148.103312701941 9110.658303641747 9020.659766140016 -10968.80655961632
 -9369.76562222772 11757.36794013126 11132.8912893385 -11933.83015351705
 -7148.103312701941 9110.658303641747 9020.659766140016 -10968.80655961632
 -7550.994568967475 9422.043339869355 8908.925889460448 -10742.73349019874
 -7550.994568967475 9422.043339869355 8908.925889460448 -10742.73349019874
 -8421.019129482293 10501.41336096712 8570.920293701953 -10633.86916672773
 -7550.994568967475 9422.043339869355 8908.925889460448 -10742.73349019874
 -7550.994568967475 9422.043339869355 8908.925889460448 -10742.73349019874
 -7550.994568967475 9422.043339869355 8908.925889460448 -10742.73349019874
 -5289.231967806725 11547.86299611658 9260.407814318267 -10172.83263674339
 -7550.994568967475 9422.043339869355 8908.925889460448 -10742.73349019874
 -7550.994568967475 9422.043339869355 8908.925889460448 -10742.73349019874
 -7550.994568967475 9422.043339869355 8908.925889460448 -10742.73349019874
 -7550.994568967475 9422.043339869355 8908.925889460448 -10742.73349019874
 -7550.994568967475 9422.043339869355 8908.925889460448 -10742.73349019874
 -7550.994568967475 9422.043339869355 8908.925889460448 -10742.73349019874
 -7550.994568967475 9422.043339869355 8908.925889460448 -10742.73349019874
 -7550.994568967475 9422.043339869355 8908.925889460448 -10742.73349019874
 -4125.990244923959 11583.23592184916 9571.240812884809 -10239.00479971815
 -7036.88040262399 9151.50197007152 7796.738802674282 -11539.04217367011
 -8667.112049019406 11056.39470599272 7785.078021369119 -10927.94920254845
 -7550.994568967475 9422.043339869355 8908.925889460448 -10742.73349019874
 -7550.994568967475 9422.043339869355 8908.925889460448 -10742.73349019874
 -7550.994568967475 9422.043339869355 8908.925889460448 -10742.73349019874
 -4034.727339610809 6278.614925695449 12775.19671122229 -11245.79358367861
 -7550.994568967475 9422.043339869355 8908.925889460448 -10742.73349019874
 9520.233742227298 -8355.427779356305 -6348.218582918382 2065.649285625543
 -7550.994568967475 9422.043339869355 8908.925889460448 -10742.73349019874
 -7550.994568967475 9422.043339869355 8908.925889460448 -10742.73349019874
 -7036.493451927126 9013.405872087857 9179.391096988335 -10599.70187474415
 -7550.994568967475 9422.043339869355 8908.925889460448 -10742.73349019874
 -7198.776582681371 9277.577569225594 9005.51534809869 -10448.81900123328
 11736.59168583331 -5510.948243153434 2479.308370719498 -5805.990905842742
 -7550.994568967475 9422.043339869355 8908.925889460448 -10742.73349019874
 -7550.994568967475 9422.043339869355 8908.925889460448 -10742.73349019874
 6578.308467050072 -7455.179293266177 -2641.327490118966 3562.587425725307
 -3488.073551844812 8234.852104473603 8983.763354998679 -10848.54417613742
 -7550.994568967475 9422.043339869355 8908.925889460448 -10742.73349019874
 -7550.994568967475 9422.043339869355 8908.925889460448 -10742.73349019874
 -2442.182254804591 14509.56370155352 7947.374065358444 -11993.66949424839
 -7550.994568967475 9422.043339869355 8908.925889460448 -10742.73349019874
 -6105.761915397862 7968.859892418128 9225.252817785442 -11539.17386492094
 -7293.013652394803 9594.287631294754 5967.507666565272 -11658.57937840708
 6578.308467050072 -7455.179293266177 -2641.327490118966 3562.587425725307
 -7550.994568967475 9422.043339869355 8908.925889460448 -10742.73349019874
 -7550.994568967475 9422.043339869355 8908.925889460448 -10742.73349019874
 -6272.03043375919 7593.150226067357 11231.64009236342 -9578.94275212239
 -7550.994568967475 9422.043339869355 8908.925889460448 -10742.73349019874
 -7550.994568967475 9422.043339869355 8908.925889460448 -10742.73349019874
 -8013.786394632812 11290.23133587127 7568.918980348382 -9925.00309548008
 6071.636298368317 -7949.601472590331 -2915.566299764522 6657.359579043561
 -7937.167036276745 7440.9847837435 9385.978676637134 -11350.8067903725
 -2442.182254804591 14509.56370155352 7947.374065358444 -11993.66949424839
 -7550.994568967475 9422.043339869355 8908.925889460448 -10742.73349019874
 -5950.095052427612 10486.13131162781 10793.37613778672 -9237.484517079653
 -6851.304968317437 10624.12417186899 8606.395419432649 -11802.26617735504
 -8421.019129482293 10501.41336096712 8570.920293701953 -10633.86916672773
 -7550.994568967475 9422.043339869355 8908.925889460448 -10742.73349019874
 -7550.994568967475 9422.043339869355 8908.925889460448 -10742.73349019874
 -7550.994568967475 9422.043339869355 8908.925889460448 -10742.73349019874
 -7550.994568967475 9422.043339869355 8908.925889460448 -10742.73349019874
 4742.380662130271 -9251.887527100998 11192.36971190769 -3104.688330038411
 -7550.994568967475 9422.043339869355 8908.925889460448 -10742.73349019874
 -7550.994568967475 9422.043339869355 8908.925889460448 -10742.73349019874
 -7550.994568967475 9422.043339869355 8908.925889460448 -10742.73349019874
 -7550.994568967475 9422.043339869355 8908.925889460448 -10742.73349019874
 -7550.994568967475 9422.043339869355 8908.925889460448 -10742.73349019874
 -7550.994568967475 9422.043339869355 8908.925889460448 -10742.73349019874
 -7550.994568967475 9422.043339869355 8908.925889460448 -10742.73349019874
 -7550.994568967475 9422.043339869355 8908.925889460448 -10742.73349019874
 -8267.385221383189 10425.6120766959 9730.175167400545 -10645.95589545109
 12795.25218458082 -7159.298409302268 3833.52577117693 5104.51677972886
 -7550.994568967475 9422.043339869355 8908.925889460448 -10742.73349019874
 -7550.994568967475 9422.043339869355 8908.925889460448 -10742.73349019874
 -7550.994568967475 9422.043339869355 8908.925889460448 -10742.73349019874
 -7550.994568967475 9422.043339869355 8908.925889460448 -10742.73349019874
 -7550.994568967475 9422.043339869355 8908.925889460448 -10742.73349019874
 -7550.994568967475 9422.043339869355 8908.925889460448 -10742.73349019874
 -7550.994568967475 9422.043339869355 8908.925889460448 -10742.73349019874
 1307.11737841886 9965.152798339444 -9350.796354745804 5402.214317062847
