# Created by Octave 4.2.1, Mon Oct 09 19:44:52 2017 BRT <root@mosqueiro>
# name: pop
# type: matrix
# rows: 1000
# columns: 4
 -2639.472985140584 -3812.067440325205 -549.1900288132856 7001.187050759279
 -2639.472985140584 -3812.067440325205 -549.1900288132856 7001.187050759279
 -2639.472985140584 -3812.067440325205 -549.1900288132856 7001.187050759279
 -2639.472985140584 -3812.067440325205 -549.1900288132856 7001.187050759279
 -2639.472985140584 -3812.067440325205 -549.1900288132856 7001.187050759279
 9477.236408655539 2095.538280190258 3134.944932809103 10379.582240934
 -4497.568857416212 -3215.740269251661 15866.69390237386 6953.205735748104
 14446.26780171322 -2654.273334836341 8477.394609953355 7727.21706472326
 7605.258689241299 -1120.884833214523 -10280.58160579909 -6192.087508126406
 -9518.740038257398 -7698.576563636831 8124.73546961206 9154.357607225324
 -2639.472985140584 -3812.067440325205 -549.1900288132856 7001.187050759279
 12183.38457447396 32274.26180806265 -30163.97233054883 12685.25298374407
 3595.949880516157 -3502.875980104331 -4227.977107439781 4220.511861877443
 5319.280626362568 25747.39752238534 18991.13838331282 -9435.166381754732
 -11745.48325805957 -13491.50628198246 -3126.685527507099 16261.78257934713
 -2639.472985140584 -3812.067440325205 -549.1900288132856 7001.187050759279
 -5303.490644915727 18915.08946316661 -7899.076834251191 -5514.756616243108
 -6420.438683641212 -20654.28113239352 -7102.880626952083 9466.335481039474
 1159.538263998917 18427.61748719524 9986.655713244827 -9222.652165341993
 -2639.472985140584 -3812.067440325205 -549.1900288132856 7001.187050759279
 -2639.472985140584 -3812.067440325205 -549.1900288132856 7001.187050759279
 -2639.472985140584 -3812.067440325205 -549.1900288132856 7001.187050759279
 2006.88620968532 1240.47913369987 -603.2445594236202 11462.93597459119
 -7173.283127696167 -4560.908928828049 -18272.85282299057 1418.573807706842
 1027.589513453235 -5523.821531497556 4074.198683759207 160.320671661857
 -2639.472985140584 -3812.067440325205 -549.1900288132856 7001.187050759279
 -2639.472985140584 -3812.067440325205 -549.1900288132856 7001.187050759279
 -20121.9136237258 3849.283674273774 7788.3366230582 5901.635708991631
 -2639.472985140584 -3812.067440325205 -549.1900288132856 7001.187050759279
 -2639.472985140584 -3812.067440325205 -549.1900288132856 7001.187050759279
 -2639.472985140584 -3812.067440325205 -549.1900288132856 7001.187050759279
 -2639.472985140584 -3812.067440325205 -549.1900288132856 7001.187050759279
 -2639.472985140584 -3812.067440325205 -549.1900288132856 7001.187050759279
 -2639.472985140584 -3812.067440325205 -549.1900288132856 7001.187050759279
 -15229.56871800021 -4109.51341109551 2770.726412164357 -5243.239721655567
 -2639.472985140584 -3812.067440325205 -549.1900288132856 7001.187050759279
 -7420.193080296946 159.7842698560244 3366.690399043183 -7685.777115714234
 -2639.472985140584 -3812.067440325205 -549.1900288132856 7001.187050759279
 -2639.472985140584 -3812.067440325205 -549.1900288132856 7001.187050759279
 3595.949880516157 -3502.875980104331 -4227.977107439781 4220.511861877443
 -2639.472985140584 -3812.067440325205 -549.1900288132856 7001.187050759279
 9258.352695076544 -18075.90648895291 7436.463786939104 16403.3626500776
 -2639.472985140584 -3812.067440325205 -549.1900288132856 7001.187050759279
 -2639.472985140584 -3812.067440325205 -549.1900288132856 7001.187050759279
 -9518.740038257398 -7698.576563636831 8124.73546961206 9154.357607225324
 -6859.41884399842 9439.065359047961 7365.183556258686 2512.915486251212
 -2639.472985140584 -3812.067440325205 -549.1900288132856 7001.187050759279
 -2639.472985140584 -3812.067440325205 -549.1900288132856 7001.187050759279
 -6258.245954445487 -6046.359624564437 -7045.515577846931 2072.993425955952
 -2639.472985140584 -3812.067440325205 -549.1900288132856 7001.187050759279
 -2379.702054695978 -6791.949438357653 -6181.520584616702 10336.93391938655
 -2639.472985140584 -3812.067440325205 -549.1900288132856 7001.187050759279
 -7024.472176357127 -3035.804965043925 1889.502717177244 8011.987504289198
 -6610.807662010931 -6820.788873792842 -7873.678683812143 5483.177402744628
 -2639.472985140584 -3812.067440325205 -549.1900288132856 7001.187050759279
 -2639.472985140584 -3812.067440325205 -549.1900288132856 7001.187050759279
 -14955.60620229663 10598.35272953778 -19869.28998955735 3806.20421092947
 -5039.466718367287 -12476.19869980342 -5072.698566006849 14464.82556405493
 25471.35508685194 -9406.221032572874 -29288.83162922995 13544.80626884968
 -768.9124956055443 -3007.5922176371 -19420.63806662363 20342.0212377146
 -2639.472985140584 -3812.067440325205 -549.1900288132856 7001.187050759279
 246.1892391341339 22384.13435323496 135.3633549401598 -16740.44901053649
 -13709.05889840649 -1242.934228325038 -10800.61668618836 15877.68125512447
 -2639.472985140584 -3812.067440325205 -549.1900288132856 7001.187050759279
 -2639.472985140584 -3812.067440325205 -549.1900288132856 7001.187050759279
 -2639.472985140584 -3812.067440325205 -549.1900288132856 7001.187050759279
 -2607.375591565312 3941.367366029478 7419.136620731044 14456.57099102932
 -2639.472985140584 -3812.067440325205 -549.1900288132856 7001.187050759279
 -2639.472985140584 -3812.067440325205 -549.1900288132856 7001.187050759279
 -2639.472985140584 -3812.067440325205 -549.1900288132856 7001.187050759279
 -2639.472985140584 -3812.067440325205 -549.1900288132856 7001.187050759279
 4978.135945746551 -5323.050650263454 11025.81151274864 4141.369920289704
 -2639.472985140584 -3812.067440325205 -549.1900288132856 7001.187050759279
 -5226.975500531074 -4929.628668899615 -5443.696909763567 1984.82234027167
 -2639.472985140584 -3812.067440325205 -549.1900288132856 7001.187050759279
 -2639.472985140584 -3812.067440325205 -549.1900288132856 7001.187050759279
 -12116.79636104373 14.24088365662919 6729.792001530161 31916.52883623234
 -5873.147024932128 -7050.566929194491 18042.36436967035 5580.892080844767
 -2639.472985140584 -3812.067440325205 -549.1900288132856 7001.187050759279
 -2639.472985140584 -3812.067440325205 -549.1900288132856 7001.187050759279
 106.5656692623816 4208.515677820422 2354.864800572643 -7241.728351434914
 5274.203593154712 -3370.652120981162 -1575.290829311547 28236.83596224964
 -2639.472985140584 -3812.067440325205 -549.1900288132856 7001.187050759279
 -2639.472985140584 -3812.067440325205 -549.1900288132856 7001.187050759279
 -2639.472985140584 -3812.067440325205 -549.1900288132856 7001.187050759279
 -2639.472985140584 -3812.067440325205 -549.1900288132856 7001.187050759279
 -2639.472985140584 -3812.067440325205 -549.1900288132856 7001.187050759279
 -12324.96219059049 9355.107383389375 -5323.163790297406 23476.82309470501
 -2639.472985140584 -3812.067440325205 -549.1900288132856 7001.187050759279
 -12328.22302370429 -5620.52705106103 22472.95061291843 15591.46445001743
 -2639.472985140584 -3812.067440325205 -549.1900288132856 7001.187050759279
 -2639.472985140584 -3812.067440325205 -549.1900288132856 7001.187050759279
 -2639.472985140584 -3812.067440325205 -549.1900288132856 7001.187050759279
 -2639.472985140584 -3812.067440325205 -549.1900288132856 7001.187050759279
 -2639.472985140584 -3812.067440325205 -549.1900288132856 7001.187050759279
 -2639.472985140584 -3812.067440325205 -549.1900288132856 7001.187050759279
 1696.216974104123 -3573.673621274919 -16142.38672857287 -4726.016955795611
 -2639.472985140584 -3812.067440325205 -549.1900288132856 7001.187050759279
 10165.73884624663 7038.374187098241 -25973.4387783348 15631.33512985319
 -2639.472985140584 -3812.067440325205 -549.1900288132856 7001.187050759279
 -2639.472985140584 -3812.067440325205 -549.1900288132856 7001.187050759279
 -2639.472985140584 -3812.067440325205 -549.1900288132856 7001.187050759279
 -2639.472985140584 -3812.067440325205 -549.1900288132856 7001.187050759279
 9977.445899712817 -15710.19578514954 -3551.105137622567 9966.740982231966
