# Created by Octave 4.2.1, Mon Oct 09 19:46:29 2017 BRT <root@mosqueiro>
# name: pop
# type: matrix
# rows: 1000
# columns: 4
 -4992.598528051896 -3008.366981801299 6415.896530081 1585.058856400466
 -4992.598528051896 -3008.366981801299 6415.896530081 1585.058856400466
 -4992.598528051896 -3008.366981801299 6415.896530081 1585.058856400466
 -4992.598528051896 -3008.366981801299 6415.896530081 1585.058856400466
 -4992.598528051896 -3008.366981801299 6415.896530081 1585.058856400466
 1195.621213380913 -9058.87477790565 -520.6561620538321 10933.72287987624
 46.88680194108201 -6186.756249080843 2445.251240590655 5295.029552742198
 -4992.598528051896 -3008.366981801299 6415.896530081 1585.058856400466
 -918.543575735396 -4293.926172330829 -1623.193691308386 6020.273201485225
 -2639.472985140584 -3812.067440325205 -549.1900288132856 7001.187050759279
 -1726.49598076296 -4932.546270483612 1357.609401851375 8899.786838925789
 -2639.472985140584 -3812.067440325205 -549.1900288132856 7001.187050759279
 269.4385732297023 25159.11691597212 -1786.13894444612 18065.45950154398
 -2639.472985140584 -3812.067440325205 -549.1900288132856 7001.187050759279
 -2639.472985140584 -3812.067440325205 -549.1900288132856 7001.187050759279
 -3250.74139413509 -20179.13653908815 4444.276597075501 6249.164504502155
 -2913.836726188767 -8368.489132758601 -0.1427035637991878 6148.138632275593
 -4992.598528051896 -3008.366981801299 6415.896530081 1585.058856400466
 7376.465778135032 9281.113398054325 2693.288650907454 13421.80953894672
 -3412.179673780414 -2787.466162030039 -1313.237715214209 7144.276046352703
 -2639.472985140584 -3812.067440325205 -549.1900288132856 7001.187050759279
 -3768.135508194237 -7777.710860923034 171.4117630541554 5049.796940711058
 -4992.598528051896 -3008.366981801299 6415.896530081 1585.058856400466
 -4992.598528051896 -3008.366981801299 6415.896530081 1585.058856400466
 -3477.88096930223 -996.8815923167804 5645.555366330408 2580.899603879513
 -2639.472985140584 -3812.067440325205 -549.1900288132856 7001.187050759279
 -2639.472985140584 -3812.067440325205 -549.1900288132856 7001.187050759279
 -12754.74329679928 -8889.055692930217 902.4752130085881 -10316.0377730302
 -2639.472985140584 -3812.067440325205 -549.1900288132856 7001.187050759279
 -4992.598528051896 -3008.366981801299 6415.896530081 1585.058856400466
 -4992.598528051896 -3008.366981801299 6415.896530081 1585.058856400466
 -2639.472985140584 -3812.067440325205 -549.1900288132856 7001.187050759279
 -2639.472985140584 -3812.067440325205 -549.1900288132856 7001.187050759279
 -2639.472985140584 -3812.067440325205 -549.1900288132856 7001.187050759279
 -4992.598528051896 -3008.366981801299 6415.896530081 1585.058856400466
 800.6368912530943 1446.183636596947 453.2642049905758 -406.6499604047794
 -2639.472985140584 -3812.067440325205 -549.1900288132856 7001.187050759279
 -4992.598528051896 -3008.366981801299 6415.896530081 1585.058856400466
 -4992.598528051896 -3008.366981801299 6415.896530081 1585.058856400466
 -2639.472985140584 -3812.067440325205 -549.1900288132856 7001.187050759279
 -4992.598528051896 -3008.366981801299 6415.896530081 1585.058856400466
 -4992.598528051896 -3008.366981801299 6415.896530081 1585.058856400466
 -2639.472985140584 -3812.067440325205 -549.1900288132856 7001.187050759279
 -18824.61811924305 9803.22782613737 -3069.668050298643 19977.52700023706
 -2639.472985140584 -3812.067440325205 -549.1900288132856 7001.187050759279
 -4992.598528051896 -3008.366981801299 6415.896530081 1585.058856400466
 -4992.598528051896 -3008.366981801299 6415.896530081 1585.058856400466
 -4420.43296833206 -2296.311518236462 -1195.537140539275 5160.632182699643
 -4992.598528051896 -3008.366981801299 6415.896530081 1585.058856400466
 -4992.598528051896 -3008.366981801299 6415.896530081 1585.058856400466
 -4992.598528051896 -3008.366981801299 6415.896530081 1585.058856400466
 430.7098790332857 -740.3961394118592 -4308.808524283113 4897.782050152969
 -4992.598528051896 -3008.366981801299 6415.896530081 1585.058856400466
 -2670.101177284935 -464.4639173901764 -2265.379971453249 4740.891403796886
 -2639.472985140584 -3812.067440325205 -549.1900288132856 7001.187050759279
 -2639.472985140584 -3812.067440325205 -549.1900288132856 7001.187050759279
 -5369.919005804797 -139.2148111065294 2727.388095085703 5438.868410673615
 1640.250288218573 -214.6367743331803 818.8543242594043 12165.57884594133
 -2639.472985140584 -3812.067440325205 -549.1900288132856 7001.187050759279
 -18863.73737653133 -3465.914527207451 2078.057874882963 -9280.66182438907
 -4992.598528051896 -3008.366981801299 6415.896530081 1585.058856400466
 -1388.811816154762 -2352.870336701984 -773.7467406632045 6563.277782228972
 -2639.472985140584 -3812.067440325205 -549.1900288132856 7001.187050759279
 22066.56929024002 -11268.84479655514 -44412.45969493042 30940.47434514223
 -2639.472985140584 -3812.067440325205 -549.1900288132856 7001.187050759279
 -2639.472985140584 -3812.067440325205 -549.1900288132856 7001.187050759279
 -4992.598528051896 -3008.366981801299 6415.896530081 1585.058856400466
 -4992.598528051896 -3008.366981801299 6415.896530081 1585.058856400466
 -2639.472985140584 -3812.067440325205 -549.1900288132856 7001.187050759279
 -2608.339655880442 -3507.418141891643 -1383.749033058107 6006.727643999491
 -4992.598528051896 -3008.366981801299 6415.896530081 1585.058856400466
 2278.761285814072 -4094.485074978992 3129.984800766043 2485.187410670376
 -4992.598528051896 -3008.366981801299 6415.896530081 1585.058856400466
 -4992.598528051896 -3008.366981801299 6415.896530081 1585.058856400466
 -4992.598528051896 -3008.366981801299 6415.896530081 1585.058856400466
 -6513.836116442009 -3970.071866088256 -1688.317842608094 10217.41568680201
 -4992.598528051896 -3008.366981801299 6415.896530081 1585.058856400466
 -3486.152029942202 -5144.047439165712 3069.609925370897 7361.775924765574
 -2528.560305076755 -2087.187448556432 -439.2571672306531 3048.341133519683
 -2639.472985140584 -3812.067440325205 -549.1900288132856 7001.187050759279
 -2686.717609559217 -5519.937745321576 -1189.878617357281 6908.975166381603
 -5333.593783791905 -4331.819486846488 5719.701051664475 1206.972670165622
 -4992.598528051896 -3008.366981801299 6415.896530081 1585.058856400466
 -4992.598528051896 -3008.366981801299 6415.896530081 1585.058856400466
 -2639.472985140584 -3812.067440325205 -549.1900288132856 7001.187050759279
 -2639.472985140584 -3812.067440325205 -549.1900288132856 7001.187050759279
 -918.575612861524 -2430.852071456502 -6572.182962807214 2218.524342603249
 -4017.676484307232 -943.1085739154637 8129.36983737178 1149.692838785815
 -4992.598528051896 -3008.366981801299 6415.896530081 1585.058856400466
 -3387.876397011019 -5725.494000152455 5995.210099616782 2689.038471491513
 -2639.472985140584 -3812.067440325205 -549.1900288132856 7001.187050759279
 2278.761285814072 -4094.485074978992 3129.984800766043 2485.187410670376
 -2913.836726188767 -8368.489132758601 -0.1427035637991878 6148.138632275593
 -2639.472985140584 -3812.067440325205 -549.1900288132856 7001.187050759279
 -5879.589632405255 -7724.97655899754 -226.0007531806133 8943.012858167791
 -534.9399697244153 -773.4738371884546 371.0000361355842 4992.956360991421
 -4992.598528051896 -3008.366981801299 6415.896530081 1585.058856400466
 -4992.598528051896 -3008.366981801299 6415.896530081 1585.058856400466
 -4992.598528051896 -3008.366981801299 6415.896530081 1585.058856400466
 -3002.743772812023 -4529.777584233671 1373.023060942915 8122.508971579615
 18158.61631256299 -25204.44785227605 -5547.067428840015 21604.63971076201
 -4992.598528051896 -3008.366981801299 6415.896530081 1585.058856400466
 -5303.490644915727 18915.08946316661 -7899.076834251191 -5514.756616243108
 -2639.472985140584 -3812.067440325205 -549.1900288132856 7001.187050759279
 -4228.423713885987 -1723.715764516201 6755.625346482717 7907.077924776678
 -2639.472985140584 -3812.067440325205 -549.1900288132856 7001.187050759279
