# Created by Octave 4.2.1, Mon Oct 09 19:28:05 2017 BRT <root@mosqueiro>
# name: pop
# type: matrix
# rows: 1000
# columns: 4
 8816.19990571794 9711.014861572821 -9753.81764537735 -8772.860665054008
 8816.19990571794 9711.014861572821 -9753.81764537735 -8772.860665054008
 8816.19990571794 9711.014861572821 -9753.81764537735 -8772.860665054008
 8816.19990571794 9711.014861572821 -9753.81764537735 -8772.860665054008
 8816.19990571794 9711.014861572821 -9753.81764537735 -8772.860665054008
 8859.722995447715 9610.665130783051 -9668.173892285931 -8789.072782198587
 8572.789859140461 10231.70712086021 -9396.42756282279 -9616.946003560606
 -5411.001826405629 -2425.812030730642 3524.778344016495 4282.78926340209
 8859.722995447715 9610.665130783051 -9668.173892285931 -8789.072782198587
 8859.722995447715 9610.665130783051 -9668.173892285931 -8789.072782198587
 7570.328407745287 9036.288253918543 -9797.344044476906 -7219.292729057769
 9016.004773589953 9713.617660771009 -9514.239944696854 -8233.638331163025
 8748.724918834709 9766.4825004048 -9530.546030320194 -8975.638007028165
 8859.722995447715 9610.665130783051 -9668.173892285931 -8789.072782198587
 7687.920557369375 9323.940202925192 -9697.979155228617 -7046.696606489078
 8859.722995447715 9610.665130783051 -9668.173892285931 -8789.072782198587
 8859.722995447715 9610.665130783051 -9668.173892285931 -8789.072782198587
 8859.722995447715 9610.665130783051 -9668.173892285931 -8789.072782198587
 8859.722995447715 9610.665130783051 -9668.173892285931 -8789.072782198587
 8859.722995447715 9610.665130783051 -9668.173892285931 -8789.072782198587
 8859.722995447715 9610.665130783051 -9668.173892285931 -8789.072782198587
 8816.19990571794 9711.014861572821 -9753.81764537735 -8772.860665054008
 8816.19990571794 9711.014861572821 -9753.81764537735 -8772.860665054008
 7916.640017508394 9372.78661604513 -9832.929322930035 -7045.754267753738
 8859.722995447715 9610.665130783051 -9668.173892285931 -8789.072782198587
 7640.488290932592 9248.378770208921 -9726.122130328684 -7152.673261618307
 7640.488290932592 9248.378770208921 -9726.122130328684 -7152.673261618307
 8816.19990571794 9711.014861572821 -9753.81764537735 -8772.860665054008
 9035.548838841631 10001.0776387591 -9378.062194456004 -8801.601008517262
 8859.722995447715 9610.665130783051 -9668.173892285931 -8789.072782198587
 7640.488290932592 9248.378770208921 -9726.122130328684 -7152.673261618307
 10517.8598203736 13697.77322279163 -10605.52898675465 -12989.24661955117
 8004.098474061854 9560.94773345915 -9856.734164134583 -8846.208424671746
 7872.965939819814 10017.50044579131 -6103.697794237236 -3288.427647972357
 11443.21915185094 15443.41458862703 -15160.85771369661 -11126.16593120426
 8859.722995447715 9610.665130783051 -9668.173892285931 -8789.072782198587
 8859.722995447715 9610.665130783051 -9668.173892285931 -8789.072782198587
 8859.722995447715 9610.665130783051 -9668.173892285931 -8789.072782198587
 8859.722995447715 9610.665130783051 -9668.173892285931 -8789.072782198587
 7640.488290932592 9248.378770208921 -9726.122130328684 -7152.673261618307
 8748.724918834709 9766.4825004048 -9530.546030320194 -8975.638007028165
 7640.488290932592 9248.378770208921 -9726.122130328684 -7152.673261618307
 3464.051094894585 1655.428048100736 24363.78279583093 21525.1343079419
 8859.722995447715 9610.665130783051 -9668.173892285931 -8789.072782198587
 -8535.001382349459 -7880.955550950361 7687.411478024644 10494.53080029705
 8859.722995447715 9610.665130783051 -9668.173892285931 -8789.072782198587
 7640.488290932592 9248.378770208921 -9726.122130328684 -7152.673261618307
 8859.722995447715 9610.665130783051 -9668.173892285931 -8789.072782198587
 8816.19990571794 9711.014861572821 -9753.81764537735 -8772.860665054008
 1947.828309384259 -5878.801783933414 -8864.2856420275 -3951.489222380543
 9572.290388315418 9482.947639025369 -9684.795954012174 -8404.774495287016
 8859.722995447715 9610.665130783051 -9668.173892285931 -8789.072782198587
 8859.722995447715 9610.665130783051 -9668.173892285931 -8789.072782198587
 8575.031812613894 9511.88063976406 -9592.034124153439 -8837.433493423929
 8816.19990571794 9711.014861572821 -9753.81764537735 -8772.860665054008
 8859.722995447715 9610.665130783051 -9668.173892285931 -8789.072782198587
 7640.488290932592 9248.378770208921 -9726.122130328684 -7152.673261618307
 8859.722995447715 9610.665130783051 -9668.173892285931 -8789.072782198587
 8870.039465741307 9812.36967677435 -9701.004748327558 -8800.073740463438
 10132.95396233654 9556.066509665248 -9612.038958106574 -8899.6651259296
 8859.722995447715 9610.665130783051 -9668.173892285931 -8789.072782198587
 8816.19990571794 9711.014861572821 -9753.81764537735 -8772.860665054008
 8859.722995447715 9610.665130783051 -9668.173892285931 -8789.072782198587
 8219.959720567364 9819.884515770924 -8818.543318616736 -8469.524255496661
 7640.488290932592 9248.378770208921 -9726.122130328684 -7152.673261618307
 8708.112355342104 9640.656096615534 -9518.95934424324 -8555.730071126165
 8859.722995447715 9610.665130783051 -9668.173892285931 -8789.072782198587
 7640.488290932592 9248.378770208921 -9726.122130328684 -7152.673261618307
 8859.722995447715 9610.665130783051 -9668.173892285931 -8789.072782198587
 9125.47328459545 10517.66458595359 -10356.540085046 -9177.03035366593
 8859.722995447715 9610.665130783051 -9668.173892285931 -8789.072782198587
 8816.19990571794 9711.014861572821 -9753.81764537735 -8772.860665054008
 8859.722995447715 9610.665130783051 -9668.173892285931 -8789.072782198587
 -8535.001382349459 -7880.955550950361 7687.411478024644 10494.53080029705
 7640.488290932592 9248.378770208921 -9726.122130328684 -7152.673261618307
 7640.488290932592 9248.378770208921 -9726.122130328684 -7152.673261618307
 7640.488290932592 9248.378770208921 -9726.122130328684 -7152.673261618307
 10703.81412354064 10652.20739871479 -8034.013201586127 -9180.486997433953
 7640.488290932592 9248.378770208921 -9726.122130328684 -7152.673261618307
 9124.645575648748 9451.752615305955 -9577.027810338528 -8766.857132512614
 8859.722995447715 9610.665130783051 -9668.173892285931 -8789.072782198587
 8859.722995447715 9610.665130783051 -9668.173892285931 -8789.072782198587
 8859.722995447715 9610.665130783051 -9668.173892285931 -8789.072782198587
 8843.382685396009 9740.005143871607 -9102.335370461811 -8807.460491184329
 7885.075610192224 9144.857817209053 -9953.142419070391 -7226.469321247365
 13769.28923439904 5390.930032290056 -11089.42614746936 -14174.04273571417
 8859.722995447715 9610.665130783051 -9668.173892285931 -8789.072782198587
 8859.722995447715 9610.665130783051 -9668.173892285931 -8789.072782198587
 8816.19990571794 9711.014861572821 -9753.81764537735 -8772.860665054008
 8859.722995447715 9610.665130783051 -9668.173892285931 -8789.072782198587
 9090.454642189277 9607.743949610538 -9468.924302642467 -8571.563691046518
 8816.19990571794 9711.014861572821 -9753.81764537735 -8772.860665054008
 8859.722995447715 9610.665130783051 -9668.173892285931 -8789.072782198587
 8816.19990571794 9711.014861572821 -9753.81764537735 -8772.860665054008
 8390.075731929377 9992.889132113789 -9648.061531669033 -10590.49010799511
 7640.488290932592 9248.378770208921 -9726.122130328684 -7152.673261618307
 8859.722995447715 9610.665130783051 -9668.173892285931 -8789.072782198587
 8859.722995447715 9610.665130783051 -9668.173892285931 -8789.072782198587
 8859.722995447715 9610.665130783051 -9668.173892285931 -8789.072782198587
 8859.722995447715 9610.665130783051 -9668.173892285931 -8789.072782198587
 7942.556521812634 9154.150283039085 -10641.45441583935 -16004.35002688146
 7570.328407745287 9036.288253918543 -9797.344044476906 -7219.292729057769
 8859.722995447715 9610.665130783051 -9668.173892285931 -8789.072782198587
 8859.722995447715 9610.665130783051 -9668.173892285931 -8789.072782198587
 8572.789859140461 10231.70712086021 -9396.42756282279 -9616.946003560606
