# Created by Octave 4.2.1, Mon Oct 09 19:23:55 2017 BRT <root@mosqueiro>
# name: pop
# type: matrix
# rows: 1000
# columns: 4
 8859.722995447715 9610.665130783051 -9668.173892285931 -8789.072782198587
 8859.722995447715 9610.665130783051 -9668.173892285931 -8789.072782198587
 8859.722995447715 9610.665130783051 -9668.173892285931 -8789.072782198587
 8859.722995447715 9610.665130783051 -9668.173892285931 -8789.072782198587
 8859.722995447715 9610.665130783051 -9668.173892285931 -8789.072782198587
 8859.722995447715 9610.665130783051 -9668.173892285931 -8789.072782198587
 -9866.578198257794 7588.734456191767 -2821.00552771719 5123.679337178926
 8859.722995447715 9610.665130783051 -9668.173892285931 -8789.072782198587
 -32269.02953735186 21788.56238439205 -3472.704529120513 -1980.893754693534
 8859.722995447715 9610.665130783051 -9668.173892285931 -8789.072782198587
 28599.88249198542 28670.60065057842 -17276.02283459399 -16221.57852192515
 8859.722995447715 9610.665130783051 -9668.173892285931 -8789.072782198587
 8859.722995447715 9610.665130783051 -9668.173892285931 -8789.072782198587
 8859.722995447715 9610.665130783051 -9668.173892285931 -8789.072782198587
 8859.722995447715 9610.665130783051 -9668.173892285931 -8789.072782198587
 -5619.520388371733 14147.70809859966 15645.12646850594 -25403.95592291846
 -9866.578198257794 7588.734456191767 -2821.00552771719 5123.679337178926
 8859.722995447715 9610.665130783051 -9668.173892285931 -8789.072782198587
 8859.722995447715 9610.665130783051 -9668.173892285931 -8789.072782198587
 -12162.50382447574 11612.91264113354 7084.942658862004 21714.22073667764
 8859.722995447715 9610.665130783051 -9668.173892285931 -8789.072782198587
 -5411.001826405629 -2425.812030730642 3524.778344016495 4282.78926340209
 -1192.890749636481 19051.46498409533 27606.97088593958 13075.89073265285
 8859.722995447715 9610.665130783051 -9668.173892285931 -8789.072782198587
 8859.722995447715 9610.665130783051 -9668.173892285931 -8789.072782198587
 -61921.34379797133 -58523.3089623766 -34678.06112829975 37129.9498864079
 8859.722995447715 9610.665130783051 -9668.173892285931 -8789.072782198587
 -24237.99968058849 14156.19328740688 10934.85982951534 -3824.876228865141
 8859.722995447715 9610.665130783051 -9668.173892285931 -8789.072782198587
 8859.722995447715 9610.665130783051 -9668.173892285931 -8789.072782198587
 -9866.578198257794 7588.734456191767 -2821.00552771719 5123.679337178926
 -4925.306847469792 15394.08407612489 -24614.46905782398 -8452.765524678805
 8859.722995447715 9610.665130783051 -9668.173892285931 -8789.072782198587
 -36003.42161343469 14610.70587402427 -2576.898225667937 25387.11929267447
 8859.722995447715 9610.665130783051 -9668.173892285931 -8789.072782198587
 -2679.404029333078 1937.267259552224 3087.321543646805 -930.0429271494795
 -15125.98533570153 19951.55715106836 -8647.121717271031 -8324.48048480654
 8859.722995447715 9610.665130783051 -9668.173892285931 -8789.072782198587
 8859.722995447715 9610.665130783051 -9668.173892285931 -8789.072782198587
 4038.305933627855 -5377.349028499712 9557.256545872853 -8240.897753826604
 8859.722995447715 9610.665130783051 -9668.173892285931 -8789.072782198587
 8859.722995447715 9610.665130783051 -9668.173892285931 -8789.072782198587
 8859.722995447715 9610.665130783051 -9668.173892285931 -8789.072782198587
 8859.722995447715 9610.665130783051 -9668.173892285931 -8789.072782198587
 -9866.578198257794 7588.734456191767 -2821.00552771719 5123.679337178926
 4038.305933627855 -5377.349028499712 9557.256545872853 -8240.897753826604
 4796.362023184136 -8188.556685247915 -2446.34872641538 8745.625597595423
 -6513.954725889917 2629.208307047237 20601.98415543511 -11691.75692836033
 3814.678388557873 2193.065675724236 -1790.280582170311 4634.527884631681
 7228.988372643584 -167.6679429037904 8225.333358476928 -8948.798892362347
 8859.722995447715 9610.665130783051 -9668.173892285931 -8789.072782198587
 8859.722995447715 9610.665130783051 -9668.173892285931 -8789.072782198587
 -14218.53833120246 -4946.864799039004 43343.76440116508 35505.41190406401
 882.5741728108073 2351.8663629923 -8967.331573632589 12892.01386165466
 8859.722995447715 9610.665130783051 -9668.173892285931 -8789.072782198587
 -5164.194019845596 7893.122801108213 1991.024922982743 -4606.113342621838
 8859.722995447715 9610.665130783051 -9668.173892285931 -8789.072782198587
 -3300.691392461616 3145.432524517346 -4951.013333340898 5282.206246768132
 -28746.75800562081 8475.29924052278 -13891.74905332874 20038.07745762651
 5139.514580303988 -15602.25246063372 -4536.789314821588 -12960.64325884329
 9511.892521908085 5179.324172649753 -2799.00652629944 -8306.902845678196
 -9866.578198257794 7588.734456191767 -2821.00552771719 5123.679337178926
 8859.722995447715 9610.665130783051 -9668.173892285931 -8789.072782198587
 5124.274407164721 9692.427765386514 -7395.655718418966 -6629.943332815217
 9199.258676495581 8887.805227542331 41551.42270949592 -60139.96964496643
 4819.476147083934 3428.248050293929 7024.669998325693 -3217.005369796643
 8859.722995447715 9610.665130783051 -9668.173892285931 -8789.072782198587
 8859.722995447715 9610.665130783051 -9668.173892285931 -8789.072782198587
 -3300.691392461616 3145.432524517346 -4951.013333340898 5282.206246768132
 -45113.6355468395 25363.66039843258 -43992.25350830815 -7061.573881463629
 4038.305933627855 -5377.349028499712 9557.256545872853 -8240.897753826604
 -7042.424134008695 -9502.137434380809 -2903.392976419489 134.2514960269109
 -19157.23803688139 23501.44621950929 -17023.30354857714 8735.608856328032
 8859.722995447715 9610.665130783051 -9668.173892285931 -8789.072782198587
 -14172.69672501405 9673.760236120193 -1729.595361296106 -9334.396082775886
 8859.722995447715 9610.665130783051 -9668.173892285931 -8789.072782198587
 8859.722995447715 9610.665130783051 -9668.173892285931 -8789.072782198587
 8859.722995447715 9610.665130783051 -9668.173892285931 -8789.072782198587
 8859.722995447715 9610.665130783051 -9668.173892285931 -8789.072782198587
 8859.722995447715 9610.665130783051 -9668.173892285931 -8789.072782198587
 12800.98379137287 1946.282795777521 -3236.446595889943 2737.454568481931
 8859.722995447715 9610.665130783051 -9668.173892285931 -8789.072782198587
 -7767.259481953462 -7679.702642510923 6142.274941952244 9574.969660083189
 8859.722995447715 9610.665130783051 -9668.173892285931 -8789.072782198587
 -9866.578198257794 7588.734456191767 -2821.00552771719 5123.679337178926
 -11307.41246975448 16501.78264237989 10250.28830674651 -24787.94850939373
 8859.722995447715 9610.665130783051 -9668.173892285931 -8789.072782198587
 8859.722995447715 9610.665130783051 -9668.173892285931 -8789.072782198587
 -6795.788400028301 666.0665758068644 11531.01923080093 -24026.61402847093
 6480.30718148356 1051.729916703821 -47384.28052683156 4083.130000245284
 9275.61884849862 -4751.650521066605 -8986.504439819131 4621.059355856625
 8859.722995447715 9610.665130783051 -9668.173892285931 -8789.072782198587
 2767.175548302772 -9615.237462027128 7947.935899814951 10.43549144220015
 8859.722995447715 9610.665130783051 -9668.173892285931 -8789.072782198587
 8859.722995447715 9610.665130783051 -9668.173892285931 -8789.072782198587
 8859.722995447715 9610.665130783051 -9668.173892285931 -8789.072782198587
 4038.305933627855 -5377.349028499712 9557.256545872853 -8240.897753826604
 8859.722995447715 9610.665130783051 -9668.173892285931 -8789.072782198587
 8859.722995447715 9610.665130783051 -9668.173892285931 -8789.072782198587
 -8051.752856597323 -7118.327432867645 24812.38564052279 779.0510570601182
 8859.722995447715 9610.665130783051 -9668.173892285931 -8789.072782198587
 8859.722995447715 9610.665130783051 -9668.173892285931 -8789.072782198587
 8859.722995447715 9610.665130783051 -9668.173892285931 -8789.072782198587
 8859.722995447715 9610.665130783051 -9668.173892285931 -8789.072782198587
 -3174.497745237386 -5449.926707659182 28487.91077237023 5063.503691604372
