# Created by Octave 4.2.1, Mon Oct 09 19:24:14 2017 BRT <root@mosqueiro>
# name: pop
# type: matrix
# rows: 1000
# columns: 4
 8859.722995447715 9610.665130783051 -9668.173892285931 -8789.072782198587
 8859.722995447715 9610.665130783051 -9668.173892285931 -8789.072782198587
 8859.722995447715 9610.665130783051 -9668.173892285931 -8789.072782198587
 8859.722995447715 9610.665130783051 -9668.173892285931 -8789.072782198587
 8859.722995447715 9610.665130783051 -9668.173892285931 -8789.072782198587
 8859.722995447715 9610.665130783051 -9668.173892285931 -8789.072782198587
 2184.803186990433 42237.50576155898 -51482.2500101668 -14120.38431056256
 -1557.453901286269 -9403.968896344601 -34877.43685009614 9938.910244275308
 4819.476147083934 3428.248050293929 7024.669998325693 -3217.005369796643
 8859.722995447715 9610.665130783051 -9668.173892285931 -8789.072782198587
 8859.722995447715 9610.665130783051 -9668.173892285931 -8789.072782198587
 8859.722995447715 9610.665130783051 -9668.173892285931 -8789.072782198587
 8859.722995447715 9610.665130783051 -9668.173892285931 -8789.072782198587
 -2130.118598764531 29605.88271747692 12542.85785493685 14444.59925118005
 -6110.81008485321 -10851.38006261419 -6356.961678126123 24349.26301581374
 -9866.578198257794 7588.734456191767 -2821.00552771719 5123.679337178926
 -4917.837747210782 -16355.7541909902 16250.3566723813 16305.44774431247
 8859.722995447715 9610.665130783051 -9668.173892285931 -8789.072782198587
 8859.722995447715 9610.665130783051 -9668.173892285931 -8789.072782198587
 8859.722995447715 9610.665130783051 -9668.173892285931 -8789.072782198587
 -9866.578198257794 7588.734456191767 -2821.00552771719 5123.679337178926
 8859.722995447715 9610.665130783051 -9668.173892285931 -8789.072782198587
 8859.722995447715 9610.665130783051 -9668.173892285931 -8789.072782198587
 8859.722995447715 9610.665130783051 -9668.173892285931 -8789.072782198587
 8859.722995447715 9610.665130783051 -9668.173892285931 -8789.072782198587
 619.2601645634259 -3577.349653998018 -6635.912269297309 9707.803360453669
 20651.52542932332 -5726.876240405436 -15868.79672422181 462.5005100121525
 8859.722995447715 9610.665130783051 -9668.173892285931 -8789.072782198587
 8859.722995447715 9610.665130783051 -9668.173892285931 -8789.072782198587
 7900.443211681331 8953.545983764554 19353.81771368998 10167.62384490278
 8387.417005704985 -8948.056272272848 -232.7391435384689 967.1890908964451
 8859.722995447715 9610.665130783051 -9668.173892285931 -8789.072782198587
 -48707.49427329015 42211.05843441532 -11840.28272957628 49461.6103080861
 -12162.50382447574 11612.91264113354 7084.942658862004 21714.22073667764
 13525.03591690631 28265.75323321254 12517.02552761388 -14450.47214573251
 8859.722995447715 9610.665130783051 -9668.173892285931 -8789.072782198587
 8859.722995447715 9610.665130783051 -9668.173892285931 -8789.072782198587
 8859.722995447715 9610.665130783051 -9668.173892285931 -8789.072782198587
 8859.722995447715 9610.665130783051 -9668.173892285931 -8789.072782198587
 8859.722995447715 9610.665130783051 -9668.173892285931 -8789.072782198587
 -5019.864351343819 10222.05965192763 -19971.25640044271 413.1765242749016
 8859.722995447715 9610.665130783051 -9668.173892285931 -8789.072782198587
 2113.639473437558 27857.47170464334 -9375.866713360347 -13008.89225443194
 8859.722995447715 9610.665130783051 -9668.173892285931 -8789.072782198587
 8859.722995447715 9610.665130783051 -9668.173892285931 -8789.072782198587
 4038.305933627855 -5377.349028499712 9557.256545872853 -8240.897753826604
 8859.722995447715 9610.665130783051 -9668.173892285931 -8789.072782198587
 8859.722995447715 9610.665130783051 -9668.173892285931 -8789.072782198587
 -9866.578198257794 7588.734456191767 -2821.00552771719 5123.679337178926
 -45113.6355468395 25363.66039843258 -43992.25350830815 -7061.573881463629
 3292.86821713586 801.6487003200345 5142.816580066494 -2401.73433296699
 8859.722995447715 9610.665130783051 -9668.173892285931 -8789.072782198587
 8859.722995447715 9610.665130783051 -9668.173892285931 -8789.072782198587
 8859.722995447715 9610.665130783051 -9668.173892285931 -8789.072782198587
 3814.678388557873 2193.065675724236 -1790.280582170311 4634.527884631681
 8859.722995447715 9610.665130783051 -9668.173892285931 -8789.072782198587
 8859.722995447715 9610.665130783051 -9668.173892285931 -8789.072782198587
 15171.65953367294 7255.885848252952 -6315.180201754692 -1309.090761885526
 7187.229564337475 -3850.471611039946 705.0778000997689 -4635.192765220265
 8859.722995447715 9610.665130783051 -9668.173892285931 -8789.072782198587
 8859.722995447715 9610.665130783051 -9668.173892285931 -8789.072782198587
 8859.722995447715 9610.665130783051 -9668.173892285931 -8789.072782198587
 8859.722995447715 9610.665130783051 -9668.173892285931 -8789.072782198587
 11053.44952123213 32820.4029977165 -11700.73522104009 -19772.50043335115
 8859.722995447715 9610.665130783051 -9668.173892285931 -8789.072782198587
 8859.722995447715 9610.665130783051 -9668.173892285931 -8789.072782198587
 -14287.69330998524 57877.74550530974 -13329.16353716326 -11670.97244830928
 4038.305933627855 -5377.349028499712 9557.256545872853 -8240.897753826604
 8859.722995447715 9610.665130783051 -9668.173892285931 -8789.072782198587
 8859.722995447715 9610.665130783051 -9668.173892285931 -8789.072782198587
 -7600.533879302242 14856.49076783226 -12328.07727636493 -622.0273699832178
 16.84119044879787 18040.13650641702 -26700.53400269295 2227.644321191273
 8859.722995447715 9610.665130783051 -9668.173892285931 -8789.072782198587
 -52654.57664201497 -48382.45586103691 -7767.950433788414 20246.18811187623
 8859.722995447715 9610.665130783051 -9668.173892285931 -8789.072782198587
 -1100.160779696216 -7988.651373953424 -29477.84551133459 -2754.628768553748
 8859.722995447715 9610.665130783051 -9668.173892285931 -8789.072782198587
 13119.66459063578 29907.62187209466 14760.59316261573 -18350.86508004139
 8859.722995447715 9610.665130783051 -9668.173892285931 -8789.072782198587
 8859.722995447715 9610.665130783051 -9668.173892285931 -8789.072782198587
 27775.90797462383 15106.61952432262 9733.93689834932 72.74620476048767
 22702.38507928891 -6552.66265934277 -10561.40780742534 -31233.76229155451
 -20441.37507079013 -10335.66439494633 -14314.72694064018 8806.04808590113
 1052.439197225955 11032.66975918775 -25053.13810002437 -4076.339460013085
 8859.722995447715 9610.665130783051 -9668.173892285931 -8789.072782198587
 4418.375570040871 3523.698690893807 3146.466584338827 -8176.185909122745
 -4677.274778670037 1577.673348821567 -3235.349940443971 5982.861103259605
 8859.722995447715 9610.665130783051 -9668.173892285931 -8789.072782198587
 8859.722995447715 9610.665130783051 -9668.173892285931 -8789.072782198587
 -9866.578198257794 7588.734456191767 -2821.00552771719 5123.679337178926
 8859.722995447715 9610.665130783051 -9668.173892285931 -8789.072782198587
 8859.722995447715 9610.665130783051 -9668.173892285931 -8789.072782198587
 8859.722995447715 9610.665130783051 -9668.173892285931 -8789.072782198587
 -21775.91154738271 33711.73174934283 28830.6631569278 -5826.207676233139
 8859.722995447715 9610.665130783051 -9668.173892285931 -8789.072782198587
 -6167.459056964623 -15465.50797861489 -21674.2304749607 9093.68735812227
 8859.722995447715 9610.665130783051 -9668.173892285931 -8789.072782198587
 -7793.144437448183 13132.12951305021 -33034.80421267024 5173.425632719936
 9391.134672428849 -8699.356732687271 17134.36679575768 -6061.513830614708
 -9687.57412237057 6875.559973167512 -23140.60096266372 -21481.26808569908
 8859.722995447715 9610.665130783051 -9668.173892285931 -8789.072782198587
 8387.417005704985 -8948.056272272848 -232.7391435384689 967.1890908964451
 8859.722995447715 9610.665130783051 -9668.173892285931 -8789.072782198587
 -9866.578198257794 7588.734456191767 -2821.00552771719 5123.679337178926
 8859.722995447715 9610.665130783051 -9668.173892285931 -8789.072782198587
