# Created by Octave 4.2.1, Mon Oct 09 19:15:46 2017 BRT <root@mosqueiro>
# name: pop
# type: matrix
# rows: 1000
# columns: 4
 -7550.994568967475 9422.043339869355 8908.925889460448 -10742.73349019874
 -7550.994568967475 9422.043339869355 8908.925889460448 -10742.73349019874
 -7550.994568967475 9422.043339869355 8908.925889460448 -10742.73349019874
 -7550.994568967475 9422.043339869355 8908.925889460448 -10742.73349019874
 -7550.994568967475 9422.043339869355 8908.925889460448 -10742.73349019874
 -7550.994568967475 9422.043339869355 8908.925889460448 -10742.73349019874
 -6614.105659630979 5872.070227274738 12633.01242847773 -17632.48235053487
 -7550.994568967475 9422.043339869355 8908.925889460448 -10742.73349019874
 5942.881532447076 -1632.622865957655 -18856.66586439088 10905.86958524924
 6578.308467050072 -7455.179293266177 -2641.327490118966 3562.587425725307
 -7550.994568967475 9422.043339869355 8908.925889460448 -10742.73349019874
 -7550.994568967475 9422.043339869355 8908.925889460448 -10742.73349019874
 -7550.994568967475 9422.043339869355 8908.925889460448 -10742.73349019874
 6578.308467050072 -7455.179293266177 -2641.327490118966 3562.587425725307
 -7426.197456622663 12501.94292805478 7633.550392840844 -5288.41296517612
 -7550.994568967475 9422.043339869355 8908.925889460448 -10742.73349019874
 -7550.994568967475 9422.043339869355 8908.925889460448 -10742.73349019874
 -7550.994568967475 9422.043339869355 8908.925889460448 -10742.73349019874
 -7550.994568967475 9422.043339869355 8908.925889460448 -10742.73349019874
 6578.308467050072 -7455.179293266177 -2641.327490118966 3562.587425725307
 768.8980618455025 19757.2343999246 16353.65888236092 -1553.864374813505
 -7550.994568967475 9422.043339869355 8908.925889460448 -10742.73349019874
 6578.308467050072 -7455.179293266177 -2641.327490118966 3562.587425725307
 -7550.994568967475 9422.043339869355 8908.925889460448 -10742.73349019874
 -7550.994568967475 9422.043339869355 8908.925889460448 -10742.73349019874
 6578.308467050072 -7455.179293266177 -2641.327490118966 3562.587425725307
 6305.467362625643 -14598.80012777082 3464.944960239191 -1208.068250087298
 6578.308467050072 -7455.179293266177 -2641.327490118966 3562.587425725307
 -7550.994568967475 9422.043339869355 8908.925889460448 -10742.73349019874
 -7550.994568967475 9422.043339869355 8908.925889460448 -10742.73349019874
 -9333.348838973598 9864.304996836734 -2297.815089940634 4453.4368211631
 899.0153275831108 -3225.295882469794 3066.949375933861 -3681.594022404129
 6578.308467050072 -7455.179293266177 -2641.327490118966 3562.587425725307
 -7550.994568967475 9422.043339869355 8908.925889460448 -10742.73349019874
 6578.308467050072 -7455.179293266177 -2641.327490118966 3562.587425725307
 6578.308467050072 -7455.179293266177 -2641.327490118966 3562.587425725307
 -7550.994568967475 9422.043339869355 8908.925889460448 -10742.73349019874
 -7550.994568967475 9422.043339869355 8908.925889460448 -10742.73349019874
 -7550.994568967475 9422.043339869355 8908.925889460448 -10742.73349019874
 -7550.994568967475 9422.043339869355 8908.925889460448 -10742.73349019874
 6578.308467050072 -7455.179293266177 -2641.327490118966 3562.587425725307
 2966.296549134882 13730.62048171661 5770.371049127054 -14576.88577086518
 -13373.718813263 -9736.162123607563 -6116.732626314883 -10668.27799674468
 -7550.994568967475 9422.043339869355 8908.925889460448 -10742.73349019874
 6578.308467050072 -7455.179293266177 -2641.327490118966 3562.587425725307
 -7550.994568967475 9422.043339869355 8908.925889460448 -10742.73349019874
 -7550.994568967475 9422.043339869355 8908.925889460448 -10742.73349019874
 6578.308467050072 -7455.179293266177 -2641.327490118966 3562.587425725307
 9104.923705615809 -3543.248687136832 2536.283042309578 -787.7620988452209
 -7550.994568967475 9422.043339869355 8908.925889460448 -10742.73349019874
 2966.296549134882 13730.62048171661 5770.371049127054 -14576.88577086518
 -7550.994568967475 9422.043339869355 8908.925889460448 -10742.73349019874
 -7550.994568967475 9422.043339869355 8908.925889460448 -10742.73349019874
 6578.308467050072 -7455.179293266177 -2641.327490118966 3562.587425725307
 -7550.994568967475 9422.043339869355 8908.925889460448 -10742.73349019874
 -2004.609337855663 10855.3163871207 20248.2529226381 13116.97205862479
 -15384.56639895853 -18758.74813712215 -13915.9402056623 29132.65683727129
 -4630.713173187251 28256.42544902684 37262.15449170597 1382.893581883402
 -7550.994568967475 9422.043339869355 8908.925889460448 -10742.73349019874
 6578.308467050072 -7455.179293266177 -2641.327490118966 3562.587425725307
 5361.222130775774 -9121.304074494727 7073.678430104232 -3224.1967778833
 -7550.994568967475 9422.043339869355 8908.925889460448 -10742.73349019874
 449.8680719118602 5185.77107627797 -5734.39000699561 -827.5188173895795
 -7550.994568967475 9422.043339869355 8908.925889460448 -10742.73349019874
 -7550.994568967475 9422.043339869355 8908.925889460448 -10742.73349019874
 31490.92018801661 11499.46454609131 -42643.80927983754 -21765.98270658038
 5361.222130775774 -9121.304074494727 7073.678430104232 -3224.1967778833
 -7550.994568967475 9422.043339869355 8908.925889460448 -10742.73349019874
 6578.308467050072 -7455.179293266177 -2641.327490118966 3562.587425725307
 -7550.994568967475 9422.043339869355 8908.925889460448 -10742.73349019874
 -3208.78077179085 16944.0266682764 10822.04378965467 -14387.59942613415
 -7550.994568967475 9422.043339869355 8908.925889460448 -10742.73349019874
 6578.308467050072 -7455.179293266177 -2641.327490118966 3562.587425725307
 -7550.994568967475 9422.043339869355 8908.925889460448 -10742.73349019874
 -7550.994568967475 9422.043339869355 8908.925889460448 -10742.73349019874
 -7550.994568967475 9422.043339869355 8908.925889460448 -10742.73349019874
 6578.308467050072 -7455.179293266177 -2641.327490118966 3562.587425725307
 -8008.808744546346 17789.69578386902 -695.0133292927731 -20543.2709455889
 6578.308467050072 -7455.179293266177 -2641.327490118966 3562.587425725307
 18965.05788567217 -1248.668242002631 -4959.289318573413 489.1508440066164
 6578.308467050072 -7455.179293266177 -2641.327490118966 3562.587425725307
 6578.308467050072 -7455.179293266177 -2641.327490118966 3562.587425725307
 -7550.994568967475 9422.043339869355 8908.925889460448 -10742.73349019874
 -7550.994568967475 9422.043339869355 8908.925889460448 -10742.73349019874
 -7550.994568967475 9422.043339869355 8908.925889460448 -10742.73349019874
 -7550.994568967475 9422.043339869355 8908.925889460448 -10742.73349019874
 -7550.994568967475 9422.043339869355 8908.925889460448 -10742.73349019874
 -7550.994568967475 9422.043339869355 8908.925889460448 -10742.73349019874
 6578.308467050072 -7455.179293266177 -2641.327490118966 3562.587425725307
 6578.308467050072 -7455.179293266177 -2641.327490118966 3562.587425725307
 -7550.994568967475 9422.043339869355 8908.925889460448 -10742.73349019874
 6578.308467050072 -7455.179293266177 -2641.327490118966 3562.587425725307
 -7550.994568967475 9422.043339869355 8908.925889460448 -10742.73349019874
 31153.28260842374 -9506.018764729259 -3998.613661182988 -4055.018161105013
 -12340.45727963858 8780.349276559165 10901.72499922022 -15465.52151727412
 -15970.66172890386 5005.206840109023 2904.297820548011 21013.04249225541
 -7550.994568967475 9422.043339869355 8908.925889460448 -10742.73349019874
 -7550.994568967475 9422.043339869355 8908.925889460448 -10742.73349019874
 -7550.994568967475 9422.043339869355 8908.925889460448 -10742.73349019874
 -7550.994568967475 9422.043339869355 8908.925889460448 -10742.73349019874
 -7550.994568967475 9422.043339869355 8908.925889460448 -10742.73349019874
 449.8680719118602 5185.77107627797 -5734.39000699561 -827.5188173895795
 -7550.994568967475 9422.043339869355 8908.925889460448 -10742.73349019874
 -1541.551092799556 14489.28245274647 10532.94532845505 -16692.5917931843
 -11597.96149128758 18791.14350535965 -2462.747451935 -18139.09447764192
