# Created by Octave 4.2.1, Mon Oct 09 19:13:31 2017 BRT <root@mosqueiro>
# name: pop
# type: matrix
# rows: 1000
# columns: 4
 6578.308467050072 -7455.179293266177 -2641.327490118966 3562.587425725307
 6578.308467050072 -7455.179293266177 -2641.327490118966 3562.587425725307
 6578.308467050072 -7455.179293266177 -2641.327490118966 3562.587425725307
 6578.308467050072 -7455.179293266177 -2641.327490118966 3562.587425725307
 6578.308467050072 -7455.179293266177 -2641.327490118966 3562.587425725307
 13322.1100369393 -10904.00858133749 -9778.027818881454 2141.728295954945
 6578.308467050072 -7455.179293266177 -2641.327490118966 3562.587425725307
 -2975.531911266708 26308.70131696449 19720.3758396256 23538.20867238135
 6578.308467050072 -7455.179293266177 -2641.327490118966 3562.587425725307
 -9519.481738425931 -2915.380332214456 -7748.269194992878 -9725.595683620411
 -3016.527132046205 16667.90640777282 -23407.21189026986 -6081.565646450563
 -777.232075413991 5076.263762012482 -4003.697737210351 -457.4625793881532
 6578.308467050072 -7455.179293266177 -2641.327490118966 3562.587425725307
 -3024.912136324344 6529.474645456987 1793.087546779911 424.6035668585882
 42362.96821890054 -1370.761291127186 4340.985159567706 -4161.955987397141
 -21807.84401840375 728.6646843337021 16052.80162871378 4873.05487700297
 9992.87610355622 5565.330687253387 -9185.95670017757 -6400.645024325235
 6578.308467050072 -7455.179293266177 -2641.327490118966 3562.587425725307
 6578.308467050072 -7455.179293266177 -2641.327490118966 3562.587425725307
 6578.308467050072 -7455.179293266177 -2641.327490118966 3562.587425725307
 6279.163639196278 -604.8798564413955 8043.882743227274 -1382.718095478325
 6578.308467050072 -7455.179293266177 -2641.327490118966 3562.587425725307
 -7889.716183788226 2248.031762541515 2604.516964591192 3203.230787299601
 30259.25543949311 -27929.00099895143 10842.63359986327 18800.9978472295
 6578.308467050072 -7455.179293266177 -2641.327490118966 3562.587425725307
 8635.367824146357 2954.679814811141 -3249.935043442028 -8460.958957023406
 19603.77504036845 1732.030935735982 -16297.95002534048 2154.708064641311
 8682.360030781281 934.7537171294771 -5306.83155770829 -264.7285440671221
 1867.267680100504 9597.118425065732 7978.603102396086 -6820.306053481143
 7526.560071716158 2197.272475059137 -5578.189607286911 7869.924602991239
 6578.308467050072 -7455.179293266177 -2641.327490118966 3562.587425725307
 43648.74240711232 -11751.61507564192 6788.297225870749 21580.7313771616
 7791.667496631939 -931.8492983362609 8453.341797993073 20645.35244839748
 6680.806935101088 -1554.326484327964 -13667.18599374099 34961.895247902
 9992.87610355622 5565.330687253387 -9185.95670017757 -6400.645024325235
 6578.308467050072 -7455.179293266177 -2641.327490118966 3562.587425725307
 9992.87610355622 5565.330687253387 -9185.95670017757 -6400.645024325235
 -15174.41274343452 2755.241685997576 -6294.575311105481 20220.99589208482
 7936.158724082197 -9689.234439216982 -2742.249068442429 5507.348286098131
 -660.4724181204692 3633.308525747549 8080.050704596226 8129.041266016444
 6578.308467050072 -7455.179293266177 -2641.327490118966 3562.587425725307
 6578.308467050072 -7455.179293266177 -2641.327490118966 3562.587425725307
 -29819.73479733744 -6247.392769073156 17252.29659270788 20892.68934743237
 14463.2127478726 -9673.572168735258 10138.13291736 -5315.998950731208
 9992.87610355622 5565.330687253387 -9185.95670017757 -6400.645024325235
 -319.9105362332793 7465.685771699063 -1601.34252599635 -3273.460891590448
 -1618.425903306834 1280.026925157845 -4389.185666541496 4889.524090635365
 6578.308467050072 -7455.179293266177 -2641.327490118966 3562.587425725307
 -5013.543254278789 -18937.04946922201 6843.185959309675 7983.861777396844
 6578.308467050072 -7455.179293266177 -2641.327490118966 3562.587425725307
 9601.371260991185 -4061.342868705141 3464.342477403159 -8890.44202215272
 -7040.532270698875 9870.56158160745 -4795.900392783596 2258.334994261464
 10114.86407092247 -30707.22255989075 4918.543432398837 16566.54427403126
 7936.158724082197 -9689.234439216982 -2742.249068442429 5507.348286098131
 -9640.293994960713 890.6124185290446 6564.985780566207 9929.269357459201
 6578.308467050072 -7455.179293266177 -2641.327490118966 3562.587425725307
 9976.489452083904 -18466.62851999495 -21578.82408247929 7085.037945653599
 -4377.621188372182 5555.208961626144 -939.3334738459853 5988.68293914541
 -3411.818931476058 9525.704369935913 -8035.390816012626 2045.35685342855
 6578.308467050072 -7455.179293266177 -2641.327490118966 3562.587425725307
 5012.179249473489 15465.89179060459 -20181.65939796148 -4529.817862501905
 6578.308467050072 -7455.179293266177 -2641.327490118966 3562.587425725307
 16860.38783948237 -12010.28465832744 -28050.41421047326 10513.48613142699
 6578.308467050072 -7455.179293266177 -2641.327490118966 3562.587425725307
 7708.898599661543 -34401.48324026744 -22025.51199963419 -36850.77596919039
 -3411.818931476058 9525.704369935913 -8035.390816012626 2045.35685342855
 9601.371260991185 -4061.342868705141 3464.342477403159 -8890.44202215272
 6578.308467050072 -7455.179293266177 -2641.327490118966 3562.587425725307
 9992.87610355622 5565.330687253387 -9185.95670017757 -6400.645024325235
 6578.308467050072 -7455.179293266177 -2641.327490118966 3562.587425725307
 7420.99841918876 5900.998930513191 -5849.87638766168 5469.516579449779
 8395.174626275053 -3196.832402208679 1370.02293199922 436.2978492249422
 -4956.321186344702 -1113.80149904483 3987.109318387018 2032.163084530512
 6578.308467050072 -7455.179293266177 -2641.327490118966 3562.587425725307
 8682.360030781281 934.7537171294771 -5306.83155770829 -264.7285440671221
 6578.308467050072 -7455.179293266177 -2641.327490118966 3562.587425725307
 -9058.772815783608 32838.54526733067 -2401.894185284358 25236.31164813133
 6578.308467050072 -7455.179293266177 -2641.327490118966 3562.587425725307
 34607.09217726377 -9370.705751633453 -19965.64432801157 10441.50941261012
 6578.308467050072 -7455.179293266177 -2641.327490118966 3562.587425725307
 -8796.317241877885 4465.346522140017 8236.746672766312 -7699.635586483663
 11839.78887155771 -22068.20886355058 9957.790983452564 15421.51152990519
 6578.308467050072 -7455.179293266177 -2641.327490118966 3562.587425725307
 -777.232075413991 5076.263762012482 -4003.697737210351 -457.4625793881532
 -5076.230600934037 -3954.243703714591 -26132.61313640483 -7698.097610503339
 5361.222130775774 -9121.304074494727 7073.678430104232 -3224.1967778833
 6578.308467050072 -7455.179293266177 -2641.327490118966 3562.587425725307
 7111.28830315423 -9043.995869454373 6395.878883001147 -970.7864021998757
 6578.308467050072 -7455.179293266177 -2641.327490118966 3562.587425725307
 40864.41034574 3720.556196124307 -34678.36857928506 -9310.935985565997
 -18230.48546769048 -7843.818517468354 -22429.33468950311 -4726.290267418408
 7926.497084062536 4550.723719467573 -8550.93171547667 7090.665042208853
 11368.50172011703 -3421.399771810175 -32641.16289919861 -36482.40548866375
 1683.582398904156 9924.172091235547 -7950.956381223058 -27454.57381483765
 5392.882594771218 -7287.897003773035 -982.3079228652969 9055.946886836544
 8635.367824146357 2954.679814811141 -3249.935043442028 -8460.958957023406
 6578.308467050072 -7455.179293266177 -2641.327490118966 3562.587425725307
 8635.367824146357 2954.679814811141 -3249.935043442028 -8460.958957023406
 3985.366146921366 -1080.857434505237 -1248.500431248169 830.4033600086841
 6138.094570341367 -5044.069316969665 1834.54467789999 7829.546533256667
 6578.308467050072 -7455.179293266177 -2641.327490118966 3562.587425725307
 -9315.160590336493 5386.904418920876 713.9512104913501 3077.01458808118
 27392.15725653054 -36937.69745716034 -11198.51277938339 -1134.532544267141
 6578.308467050072 -7455.179293266177 -2641.327490118966 3562.587425725307
 6578.308467050072 -7455.179293266177 -2641.327490118966 3562.587425725307
