# Created by Octave 4.2.1, Mon Oct 09 19:10:49 2017 BRT <root@mosqueiro>
# name: pop
# type: matrix
# rows: 1000
# columns: 4
 -10022.47472060539 14099.81185897638 12462.0181800105 -16540.38470660057
 -10164.78295692717 14174.55216800177 12418.92401802078 -16429.71896437687
 -10164.79122653997 14174.87826954975 12418.56867473054 -16429.68000163314
 -10164.79122653997 14174.87826954975 12418.56867473054 -16429.68000163314
 -10164.79122653997 14174.87826954975 12418.56867473054 -16429.68000163314
 -10022.30878808644 14099.36283349158 12462.62530998718 -16540.61623986461
 -10022.30878808644 14099.36283349158 12462.62530998718 -16540.61623986461
 -10022.47472060539 14099.81185897638 12462.0181800105 -16540.38470660057
 -10069.36805623146 14054.25694606312 12473.90060436153 -16454.79939220343
 -10053.87239399699 14059.91194450903 12459.58978763563 -16446.21081561598
 -10131.2384934713 14022.75819796791 12399.97637100215 -16456.6303269026
 -9022.044197945079 13732.64622303767 11937.58065711041 -16649.14119243036
 -10022.30878808644 14099.36283349158 12462.62530998718 -16540.61623986461
 -10069.17122531588 14054.40057356214 12473.15442806913 -16455.27734600434
 -10054.50506049034 14070.96903808934 12430.38607542003 -16554.52357188898
 -10021.71934257447 14083.51596003903 12459.3514215789 -16450.47497032694
 -10022.30878808644 14099.36283349158 12462.62530998718 -16540.61623986461
 -10022.30878808644 14099.36283349158 12462.62530998718 -16540.61623986461
 -10022.47472060539 14099.81185897638 12462.0181800105 -16540.38470660057
 -10022.30878808644 14099.36283349158 12462.62530998718 -16540.61623986461
 -10022.30878808644 14099.36283349158 12462.62530998718 -16540.61623986461
 -10022.30878808644 14099.36283349158 12462.62530998718 -16540.61623986461
 -10022.30878808644 14099.36283349158 12462.62530998718 -16540.61623986461
 -10022.30878808644 14099.36283349158 12462.62530998718 -16540.61623986461
 -10029.89629077964 14098.13227346782 12464.90673616215 -16540.68340712224
 -10023.05681622282 14099.42109269242 12462.05230655636 -16541.54326745599
 -8996.68301980569 13652.68089032482 12011.87271864634 -16661.99974293213
 -10022.30878808644 14099.36283349158 12462.62530998718 -16540.61623986461
 -10164.79122653997 14174.87826954975 12418.56867473054 -16429.68000163314
 -8996.804805198793 13655.29702793558 12012.91016998176 -16663.92256699721
 -10022.30878808644 14099.36283349158 12462.62530998718 -16540.61623986461
 -9025.860123803483 13740.04668701334 11951.20046152168 -16654.31242632171
 -10022.30878808644 14099.36283349158 12462.62530998718 -16540.61623986461
 -10022.30878808644 14099.36283349158 12462.62530998718 -16540.61623986461
 -10022.30878808644 14099.36283349158 12462.62530998718 -16540.61623986461
 -10022.30878808644 14099.36283349158 12462.62530998718 -16540.61623986461
 -10022.30878808644 14099.36283349158 12462.62530998718 -16540.61623986461
 -10022.30878808644 14099.36283349158 12462.62530998718 -16540.61623986461
 -9022.044197945079 13732.64622303767 11937.58065711041 -16649.14119243036
 -10021.26793063317 14098.34791587915 12462.85679640867 -16540.05263328278
 -10022.30878808644 14099.36283349158 12462.62530998718 -16540.61623986461
 -8990.343519513677 13647.14235296019 12006.98572322499 -16662.58470078026
 -10022.30878808644 14099.36283349158 12462.62530998718 -16540.61623986461
 -10164.79122653997 14174.87826954975 12418.56867473054 -16429.68000163314
 -10164.79122653997 14174.87826954975 12418.56867473054 -16429.68000163314
 -9019.867117204019 13732.27411438352 11937.4247819585 -16647.81006366348
 -10020.14195101433 14098.12569573701 12464.3007827728 -16532.29519606999
 -10164.78295692717 14174.55216800177 12418.92401802078 -16429.71896437687
 -10164.79122653997 14174.87826954975 12418.56867473054 -16429.68000163314
 -10022.30878808644 14099.36283349158 12462.62530998718 -16540.61623986461
 -10021.12236635006 14097.34448251227 12463.4423322617 -16540.65474262651
 -10162.94587029961 14175.8375648989 12417.73625028046 -16428.60626175011
 -10022.27587236037 14099.69012047106 12462.4114232408 -16540.47020280858
 -10022.30878808644 14099.36283349158 12462.62530998718 -16540.61623986461
 -10164.79122653997 14174.87826954975 12418.56867473054 -16429.68000163314
 -10022.30878808644 14099.36283349158 12462.62530998718 -16540.61623986461
 -10072.28919816509 14055.12247888071 12473.77941864463 -16455.78650828329
 -10022.29651029585 14099.51617299174 12462.73892626293 -16540.94599461329
 -10022.30878808644 14099.36283349158 12462.62530998718 -16540.61623986461
 -10022.30878808644 14099.36283349158 12462.62530998718 -16540.61623986461
 -10022.30878808644 14099.36283349158 12462.62530998718 -16540.61623986461
 -10022.30878808644 14099.36283349158 12462.62530998718 -16540.61623986461
 -10088.559150426 14031.42466866053 12372.74931941272 -16427.1200041162
 -10162.94587029961 14175.8375648989 12417.73625028046 -16428.60626175011
 -10022.30878808644 14099.36283349158 12462.62530998718 -16540.61623986461
 -10022.30878808644 14099.36283349158 12462.62530998718 -16540.61623986461
 -10022.30878808644 14099.36283349158 12462.62530998718 -16540.61623986461
 -8997.480816536225 13655.60719147824 12013.31500166485 -16664.49924841844
 -10022.38167566623 14100.06430230488 12461.66368554885 -16539.9958826217
 -10064.14492542622 14053.60458654921 12487.95635229534 -16447.32829558036
 -10022.30878808644 14099.36283349158 12462.62530998718 -16540.61623986461
 -10022.30878808644 14099.36283349158 12462.62530998718 -16540.61623986461
 -10022.30878808644 14099.36283349158 12462.62530998718 -16540.61623986461
 -10022.30878808644 14099.36283349158 12462.62530998718 -16540.61623986461
 -10022.30878808644 14099.36283349158 12462.62530998718 -16540.61623986461
 -10021.90215074528 14099.55919774541 12462.281772238 -16540.46925495903
 -10022.30878808644 14099.36283349158 12462.62530998718 -16540.61623986461
 -10022.30878808644 14099.36283349158 12462.62530998718 -16540.61623986461
 -10069.17122531588 14054.40057356214 12473.15442806913 -16455.27734600434
 -10022.30878808644 14099.36283349158 12462.62530998718 -16540.61623986461
 -10022.30878808644 14099.36283349158 12462.62530998718 -16540.61623986461
 -10022.30878808644 14099.36283349158 12462.62530998718 -16540.61623986461
 -10020.67746978845 14098.62137041251 12461.91939375921 -16541.01156475502
 -10024.08591278262 14101.06301916437 12463.60675321947 -16541.59677978302
 -10022.30878808644 14099.36283349158 12462.62530998718 -16540.61623986461
 -2220.821148043688 8346.588049187878 3073.995720308668 -874.6173813428198
 -10022.30878808644 14099.36283349158 12462.62530998718 -16540.61623986461
 -10022.30878808644 14099.36283349158 12462.62530998718 -16540.61623986461
 -10022.30878808644 14099.36283349158 12462.62530998718 -16540.61623986461
 -10022.45798570134 14099.74602870919 12462.38378633773 -16540.61505893909
 -10022.47472060539 14099.81185897638 12462.0181800105 -16540.38470660057
 -10071.21531217269 14055.60816976808 12476.08878732194 -16454.50668367765
 -10022.30878808644 14099.36283349158 12462.62530998718 -16540.61623986461
 -10164.79122653997 14174.87826954975 12418.56867473054 -16429.68000163314
 -9018.895282369169 13640.78766705079 11858.79067286669 -16681.38694010581
 -10022.30878808644 14099.36283349158 12462.62530998718 -16540.61623986461
 -10069.17122531588 14054.40057356214 12473.15442806913 -16455.27734600434
 -8997.480816536225 13655.60719147824 12013.31500166485 -16664.49924841844
 -10022.30878808644 14099.36283349158 12462.62530998718 -16540.61623986461
 -10022.30878808644 14099.36283349158 12462.62530998718 -16540.61623986461
 -10022.30878808644 14099.36283349158 12462.62530998718 -16540.61623986461
 -10022.30878808644 14099.36283349158 12462.62530998718 -16540.61623986461
 -10022.30878808644 14099.36283349158 12462.62530998718 -16540.61623986461
 -10022.30878808644 14099.36283349158 12462.62530998718 -16540.61623986461
 -10022.30878808644 14099.36283349158 12462.62530998718 -16540.61623986461
