# Created by Octave 4.2.1, Mon Oct 09 19:36:59 2017 BRT <root@mosqueiro>
# name: pop
# type: matrix
# rows: 1000
# columns: 4
 -10324.82158791877 -379.1637934029191 6712.090700467143 4000.236401409895
 -10324.82158791877 -379.1637934029191 6712.090700467143 4000.236401409895
 -10324.82158791877 -379.1637934029191 6712.090700467143 4000.236401409895
 -10324.82158791877 -379.1637934029191 6712.090700467143 4000.236401409895
 -10324.82158791877 -379.1637934029191 6712.090700467143 4000.236401409895
 -7388.118906136311 -1280.759136014043 4066.935166573163 4616.641127117166
 -7388.118906136311 -1280.759136014043 4066.935166573163 4616.641127117166
 -7388.118906136311 -1280.759136014043 4066.935166573163 4616.641127117166
 -7388.118906136311 -1280.759136014043 4066.935166573163 4616.641127117166
 -7388.118906136311 -1280.759136014043 4066.935166573163 4616.641127117166
 -7388.118906136311 -1280.759136014043 4066.935166573163 4616.641127117166
 -4047.762587459033 579.0596815644699 9833.490592003003 8939.494007559437
 -7388.118906136311 -1280.759136014043 4066.935166573163 4616.641127117166
 -4239.21048789997 1842.985959810053 -1582.719271044909 -44.52640330637263
 -7388.118906136311 -1280.759136014043 4066.935166573163 4616.641127117166
 -7388.118906136311 -1280.759136014043 4066.935166573163 4616.641127117166
 -10002.54947922577 -1811.196221995592 2810.36203010353 5045.699671119389
 -7388.118906136311 -1280.759136014043 4066.935166573163 4616.641127117166
 -7388.118906136311 -1280.759136014043 4066.935166573163 4616.641127117166
 -10324.82158791877 -379.1637934029191 6712.090700467143 4000.236401409895
 -6952.013002156278 -1181.77518880246 3976.740315417232 3997.744483500361
 -5737.98870350066 -1082.930591420158 3569.758530177905 3260.315854470912
 -10324.82158791877 -379.1637934029191 6712.090700467143 4000.236401409895
 -7388.118906136311 -1280.759136014043 4066.935166573163 4616.641127117166
 -5737.98870350066 -1082.930591420158 3569.758530177905 3260.315854470912
 -6697.221470466266 -1163.41526401682 4236.24224327389 2097.765763248761
 -7388.118906136311 -1280.759136014043 4066.935166573163 4616.641127117166
 -11553.63983427109 -224.9879812585864 3588.293950227763 11603.82422672156
 -5737.98870350066 -1082.930591420158 3569.758530177905 3260.315854470912
 -10324.82158791877 -379.1637934029191 6712.090700467143 4000.236401409895
 -5206.847654488936 2296.025770968011 7629.659314722076 1207.838347135167
 -7388.118906136311 -1280.759136014043 4066.935166573163 4616.641127117166
 -7388.118906136311 -1280.759136014043 4066.935166573163 4616.641127117166
 -10324.82158791877 -379.1637934029191 6712.090700467143 4000.236401409895
 -7388.118906136311 -1280.759136014043 4066.935166573163 4616.641127117166
 -9559.163849873474 3688.438293364875 3943.092516273509 2436.516755189293
 -7388.118906136311 -1280.759136014043 4066.935166573163 4616.641127117166
 -7064.671650579548 -1796.066364375101 4311.882383157164 5015.898084854291
 -5932.592164528191 -944.0225953505212 6140.160573117702 6157.523823522425
 -7388.118906136311 -1280.759136014043 4066.935166573163 4616.641127117166
 -5737.98870350066 -1082.930591420158 3569.758530177905 3260.315854470912
 -4881.290686184294 -1640.247823825272 3834.723397223284 2987.578250250729
 -7388.118906136311 -1280.759136014043 4066.935166573163 4616.641127117166
 -7388.118906136311 -1280.759136014043 4066.935166573163 4616.641127117166
 -5125.123199988637 -1541.781525037743 190.0826696635743 -259.4009092531425
 -7388.118906136311 -1280.759136014043 4066.935166573163 4616.641127117166
 -8124.638558565439 -181.5973677219627 3359.133684114603 4638.327559829952
 -7388.118906136311 -1280.759136014043 4066.935166573163 4616.641127117166
 -10324.82158791877 -379.1637934029191 6712.090700467143 4000.236401409895
 -5132.348059409396 -2908.981970771954 2407.768969083 7781.408624758366
 -7388.118906136311 -1280.759136014043 4066.935166573163 4616.641127117166
 -7388.118906136311 -1280.759136014043 4066.935166573163 4616.641127117166
 -7388.118906136311 -1280.759136014043 4066.935166573163 4616.641127117166
 -7388.118906136311 -1280.759136014043 4066.935166573163 4616.641127117166
 -7388.118906136311 -1280.759136014043 4066.935166573163 4616.641127117166
 -7388.118906136311 -1280.759136014043 4066.935166573163 4616.641127117166
 -7388.118906136311 -1280.759136014043 4066.935166573163 4616.641127117166
 -8488.314569023771 11575.59286861997 -836.8214596483901 1578.833450084346
 -10324.82158791877 -379.1637934029191 6712.090700467143 4000.236401409895
 -7388.118906136311 -1280.759136014043 4066.935166573163 4616.641127117166
 -5470.50853584592 424.4967680154803 4033.450075940876 4285.00302238749
 -7388.118906136311 -1280.759136014043 4066.935166573163 4616.641127117166
 -7388.118906136311 -1280.759136014043 4066.935166573163 4616.641127117166
 3210.179676911543 -10750.6430649226 -7685.828569940089 -5554.842121501192
 -7438.949645164843 5036.781456587906 -579.3178720328726 6237.277778328717
 -7388.118906136311 -1280.759136014043 4066.935166573163 4616.641127117166
 -7388.118906136311 -1280.759136014043 4066.935166573163 4616.641127117166
 -7388.118906136311 -1280.759136014043 4066.935166573163 4616.641127117166
 -8528.440998650291 -367.2063543810654 2975.249396331827 4034.076469077978
 -10038.16080232884 -1302.526486451089 6053.383860435972 4420.279958774321
 -10324.82158791877 -379.1637934029191 6712.090700467143 4000.236401409895
 -7388.118906136311 -1280.759136014043 4066.935166573163 4616.641127117166
 -7388.118906136311 -1280.759136014043 4066.935166573163 4616.641127117166
 -7388.118906136311 -1280.759136014043 4066.935166573163 4616.641127117166
 -7388.118906136311 -1280.759136014043 4066.935166573163 4616.641127117166
 -10324.82158791877 -379.1637934029191 6712.090700467143 4000.236401409895
 -7388.118906136311 -1280.759136014043 4066.935166573163 4616.641127117166
 -8711.059558297262 -1441.161328292882 3725.560179587978 3268.849096586577
 -7388.118906136311 -1280.759136014043 4066.935166573163 4616.641127117166
 -2554.935731353491 23123.99652321072 13756.27222642283 22555.83033791139
 -7388.118906136311 -1280.759136014043 4066.935166573163 4616.641127117166
 -7388.118906136311 -1280.759136014043 4066.935166573163 4616.641127117166
 -7388.118906136311 -1280.759136014043 4066.935166573163 4616.641127117166
 -7388.118906136311 -1280.759136014043 4066.935166573163 4616.641127117166
 -7388.118906136311 -1280.759136014043 4066.935166573163 4616.641127117166
 -5737.98870350066 -1082.930591420158 3569.758530177905 3260.315854470912
 -7388.118906136311 -1280.759136014043 4066.935166573163 4616.641127117166
 -7388.118906136311 -1280.759136014043 4066.935166573163 4616.641127117166
 -7388.118906136311 -1280.759136014043 4066.935166573163 4616.641127117166
 -7388.118906136311 -1280.759136014043 4066.935166573163 4616.641127117166
 -10324.82158791877 -379.1637934029191 6712.090700467143 4000.236401409895
 -7388.118906136311 -1280.759136014043 4066.935166573163 4616.641127117166
 -4413.286691764461 941.3642897911568 4996.69932340276 2351.163969807899
 -5737.98870350066 -1082.930591420158 3569.758530177905 3260.315854470912
 -7388.118906136311 -1280.759136014043 4066.935166573163 4616.641127117166
 -7388.118906136311 -1280.759136014043 4066.935166573163 4616.641127117166
 -7388.118906136311 -1280.759136014043 4066.935166573163 4616.641127117166
 -8937.77980041808 650.0459503889124 6774.594308751049 5953.42259264596
 -7388.118906136311 -1280.759136014043 4066.935166573163 4616.641127117166
 -7388.118906136311 -1280.759136014043 4066.935166573163 4616.641127117166
 -8088.615647676694 -215.0430104959464 4585.350739685758 4216.279439600007
 -6580.302041950793 1879.914525327692 7620.91597248206 1637.582771973165
 -7388.118906136311 -1280.759136014043 4066.935166573163 4616.641127117166
 -7388.118906136311 -1280.759136014043 4066.935166573163 4616.641127117166
 -10324.82158791877 -379.1637934029191 6712.090700467143 4000.236401409895
