# Created by Octave 4.2.1, Mon Oct 09 19:18:58 2017 BRT <root@mosqueiro>
# name: pop
# type: matrix
# rows: 1000
# columns: 4
 -7169.826561157347 9244.889888163483 9008.084035636477 -11084.17672481621
 -7169.826561157347 9244.889888163483 9008.084035636477 -11084.17672481621
 -7169.826561157347 9244.889888163483 9008.084035636477 -11084.17672481621
 -7169.826561157347 9244.889888163483 9008.084035636477 -11084.17672481621
 -7169.826561157347 9244.889888163483 9008.084035636477 -11084.17672481621
 -7103.37826922589 9259.436396609883 9205.894624406897 -11361.23503793489
 -7503.952382599239 9537.906702140564 8850.692563606155 -10656.10704396215
 -7103.37826922589 9259.436396609883 9205.894624406897 -11361.23503793489
 -7991.742986580851 9533.076291205038 8633.950150833352 -10170.4998353404
 -7103.37826922589 9259.436396609883 9205.894624406897 -11361.23503793489
 -7103.37826922589 9259.436396609883 9205.894624406897 -11361.23503793489
 -7991.742986580851 9533.076291205038 8633.950150833352 -10170.4998353404
 -7148.103312701941 9110.658303641747 9020.659766140016 -10968.80655961632
 -7169.826561157347 9244.889888163483 9008.084035636477 -11084.17672481621
 -7273.470966900396 9815.508158670886 9115.165836574199 -10326.75810991789
 -7103.37826922589 9259.436396609883 9205.894624406897 -11361.23503793489
 -7191.28669555926 9193.678567727844 9009.188616035282 -11138.01203712426
 -7169.826561157347 9244.889888163483 9008.084035636477 -11084.17672481621
 -7148.103312701941 9110.658303641747 9020.659766140016 -10968.80655961632
 -7550.994568967475 9422.043339869355 8908.925889460448 -10742.73349019874
 -7550.994568967475 9422.043339869355 8908.925889460448 -10742.73349019874
 -7991.742986580851 9533.076291205038 8633.950150833352 -10170.4998353404
 -7148.103312701941 9110.658303641747 9020.659766140016 -10968.80655961632
 -7148.103312701941 9110.658303641747 9020.659766140016 -10968.80655961632
 -7991.742986580851 9533.076291205038 8633.950150833352 -10170.4998353404
 -7169.826561157347 9244.889888163483 9008.084035636477 -11084.17672481621
 -7169.826561157347 9244.889888163483 9008.084035636477 -11084.17672481621
 -7148.103312701941 9110.658303641747 9020.659766140016 -10968.80655961632
 -8034.574142914234 9572.285636032826 8630.827355337229 -10160.04538514472
 -7550.994568967475 9422.043339869355 8908.925889460448 -10742.73349019874
 -7169.826561157347 9244.889888163483 9008.084035636477 -11084.17672481621
 -7103.37826922589 9259.436396609883 9205.894624406897 -11361.23503793489
 -8421.019129482293 10501.41336096712 8570.920293701953 -10633.86916672773
 -7549.220846238717 9422.705501701659 8885.796436447799 -10756.06460443645
 -7080.952727299329 9099.724492084366 8991.564477120313 -10934.52054303567
 -7169.826561157347 9244.889888163483 9008.084035636477 -11084.17672481621
 -7550.994568967475 9422.043339869355 8908.925889460448 -10742.73349019874
 -7543.062173287187 9376.865175566987 8909.169817603482 -10646.2895380957
 -7148.103312701941 9110.658303641747 9020.659766140016 -10968.80655961632
 -7550.994568967475 9422.043339869355 8908.925889460448 -10742.73349019874
 -7550.994568967475 9422.043339869355 8908.925889460448 -10742.73349019874
 -7148.103312701941 9110.658303641747 9020.659766140016 -10968.80655961632
 -7186.920346404769 9155.312015079864 9034.035218260808 -11001.534231358
 -7169.826561157347 9244.889888163483 9008.084035636477 -11084.17672481621
 -7461.608058109351 9451.855620904122 9188.705251243508 -10486.41234496653
 -7169.826561157347 9244.889888163483 9008.084035636477 -11084.17672481621
 -7991.742986580851 9533.076291205038 8633.950150833352 -10170.4998353404
 -7103.37826922589 9259.436396609883 9205.894624406897 -11361.23503793489
 -7503.187521013556 10159.72590581562 7599.395318183071 -11055.01441906296
 -7991.742986580851 9533.076291205038 8633.950150833352 -10170.4998353404
 -7147.012898351824 9116.34276857835 9020.312502510486 -10966.44432270663
 -7991.742986580851 9533.076291205038 8633.950150833352 -10170.4998353404
 -7590.241338047221 9430.979849790192 8845.612659507464 -10743.56883322845
 -8421.019129482293 10501.41336096712 8570.920293701953 -10633.86916672773
 -7991.742986580851 9533.076291205038 8633.950150833352 -10170.4998353404
 -7550.994568967475 9422.043339869355 8908.925889460448 -10742.73349019874
 -7169.826561157347 9244.889888163483 9008.084035636477 -11084.17672481621
 -7077.636951545085 9222.30309276853 9271.49414687944 -11374.44369892801
 -7148.103312701941 9110.658303641747 9020.659766140016 -10968.80655961632
 -7991.742986580851 9533.076291205038 8633.950150833352 -10170.4998353404
 -7991.742986580851 9533.076291205038 8633.950150833352 -10170.4998353404
 -7989.60844043524 9520.628812515984 8634.700852878908 -10196.72350876921
 -7550.994568967475 9422.043339869355 8908.925889460448 -10742.73349019874
 -7148.103312701941 9110.658303641747 9020.659766140016 -10968.80655961632
 -7169.826561157347 9244.889888163483 9008.084035636477 -11084.17672481621
 -8011.309162220871 9530.923618809895 8625.403502297522 -10163.19078068736
 -7985.271732212326 9539.525204043102 8577.397463850994 -10087.38540185525
 -7991.742986580851 9533.076291205038 8633.950150833352 -10170.4998353404
 -7521.911347576668 9402.168155538549 8870.439322561413 -10712.00366078043
 -7380.123320573893 9220.669767546937 9165.390410358807 -11097.17823163391
 -7550.994568967475 9422.043339869355 8908.925889460448 -10742.73349019874
 -8448.326589676572 10548.16405689853 8586.817341752305 -10653.16949264928
 -7169.826561157347 9244.889888163483 9008.084035636477 -11084.17672481621
 -2510.161151745378 10116.82478458526 10620.43885601449 -3191.784280552719
 -7103.37826922589 9259.436396609883 9205.894624406897 -11361.23503793489
 -8421.019129482293 10501.41336096712 8570.920293701953 -10633.86916672773
 -7550.994568967475 9422.043339869355 8908.925889460448 -10742.73349019874
 -7103.37826922589 9259.436396609883 9205.894624406897 -11361.23503793489
 -7169.826561157347 9244.889888163483 9008.084035636477 -11084.17672481621
 -7169.826561157347 9244.889888163483 9008.084035636477 -11084.17672481621
 -7535.673717510927 9418.158742097696 8886.087170814844 -10767.08574747614
 -7169.826561157347 9244.889888163483 9008.084035636477 -11084.17672481621
 -7550.994568967475 9422.043339869355 8908.925889460448 -10742.73349019874
 -7549.220846238717 9422.705501701659 8885.796436447799 -10756.06460443645
 -8066.026895913026 9599.211286551445 8567.190773561093 -10058.3754107495
 -7169.826561157347 9244.889888163483 9008.084035636477 -11084.17672481621
 -7148.103312701941 9110.658303641747 9020.659766140016 -10968.80655961632
 -7758.799956687437 9401.393125134939 9229.817326458287 -10733.20981227352
 -7154.944243115457 9226.620468753072 9015.799421264908 -11035.70281529141
 -7169.826561157347 9244.889888163483 9008.084035636477 -11084.17672481621
 -7103.37826922589 9259.436396609883 9205.894624406897 -11361.23503793489
 -7178.33095320135 9297.170989894674 8995.71997347927 -11009.19921500115
 -7550.994568967475 9422.043339869355 8908.925889460448 -10742.73349019874
 -7550.994568967475 9422.043339869355 8908.925889460448 -10742.73349019874
 -7124.07557874227 9093.233645796307 9031.329826033585 -10964.00875160569
 -7103.37826922589 9259.436396609883 9205.894624406897 -11361.23503793489
 -7550.994568967475 9422.043339869355 8908.925889460448 -10742.73349019874
 -7550.994568967475 9422.043339869355 8908.925889460448 -10742.73349019874
 -7169.826561157347 9244.889888163483 9008.084035636477 -11084.17672481621
 -7614.751618976292 9484.88266489902 8899.19126028979 -10863.34647699102
 -8484.090944198626 10830.71027087723 8393.233680407726 -10679.34279812631
 -7550.994568967475 9422.043339869355 8908.925889460448 -10742.73349019874
 -7103.37826922589 9259.436396609883 9205.894624406897 -11361.23503793489
 -7169.826561157347 9244.889888163483 9008.084035636477 -11084.17672481621
 -7169.826561157347 9244.889888163483 9008.084035636477 -11084.17672481621
