# Created by Octave 4.2.1, Mon Oct 09 19:50:03 2017 BRT <root@mosqueiro>
# name: pop
# type: matrix
# rows: 1000
# columns: 4
 -4993.1068250101 -3008.417033474075 6415.02585129796 1585.788450883973
 -5017.386015084709 -2983.316471322473 6447.472876341988 1552.505493733531
 -5017.386015084709 -2983.316471322473 6447.472876341988 1552.505493733531
 -5017.386015084709 -2983.316471322473 6447.472876341988 1552.505493733531
 -5017.386015084709 -2983.316471322473 6447.472876341988 1552.505493733531
 -5018.977923266052 -2977.783775745662 6440.71503300968 1555.280267566299
 -5017.992783309098 -2982.11731898659 6447.003229202737 1552.775801152004
 -5017.386015084709 -2983.316471322473 6447.472876341988 1552.505493733531
 -2632.591911303952 -3799.886232430496 -556.722735642669 6998.310313548093
 -5017.992783309098 -2982.11731898659 6447.003229202737 1552.775801152004
 -5017.992783309098 -2982.11731898659 6447.003229202737 1552.775801152004
 -5018.211377081089 -2982.002327291104 6447.71666382654 1552.233601442475
 -5018.977923266052 -2977.783775745662 6440.71503300968 1555.280267566299
 -4786.347366923438 -2841.701947638071 6428.686680294286 1525.277629938051
 -4991.057576585109 -3008.204266855398 6415.214319847047 1583.512706339239
 -4992.598528051896 -3008.366981801299 6415.896530081 1585.058856400466
 -5018.977923266052 -2977.783775745662 6440.71503300968 1555.280267566299
 -5016.376615240914 -2982.69199037718 6443.818254701167 1554.632604343973
 -4994.822202256967 -3004.773243330744 6413.26222826857 1585.431606750408
 -5018.244905954311 -2983.223292412383 6448.149293628493 1551.893001678249
 -5015.2633966435 -2984.302888787315 6448.089392018926 1552.017251815563
 -4992.598528051896 -3008.366981801299 6415.896530081 1585.058856400466
 -4993.239038653716 -3011.509917620298 6417.364709845054 1586.920234265484
 -5017.386015084709 -2983.316471322473 6447.472876341988 1552.505493733531
 -5017.992783309098 -2982.11731898659 6447.003229202737 1552.775801152004
 -5017.386015084709 -2983.316471322473 6447.472876341988 1552.505493733531
 -5017.386015084709 -2983.316471322473 6447.472876341988 1552.505493733531
 -5018.977923266052 -2977.783775745662 6440.71503300968 1555.280267566299
 -5016.376615240914 -2982.69199037718 6443.818254701167 1554.632604343973
 -5018.186015511288 -2982.305199393223 6446.925383767769 1552.90678064555
 -5017.629299308112 -2982.94105148463 6446.58070097222 1553.182609235353
 -5018.977923266052 -2977.783775745662 6440.71503300968 1555.280267566299
 -5017.477518868197 -2981.786202521113 6446.92790170921 1552.673256716152
 -5017.992783309098 -2982.11731898659 6447.003229202737 1552.775801152004
 -5017.992783309098 -2982.11731898659 6447.003229202737 1552.775801152004
 -5020.122415747584 -2984.395707544722 6448.023055778478 1552.01784719272
 -5017.479705548586 -2982.114042321851 6446.147165716417 1552.746129563078
 -5017.992783309098 -2982.11731898659 6447.003229202737 1552.775801152004
 -5017.992783309098 -2982.11731898659 6447.003229202737 1552.775801152004
 -4992.598528051896 -3008.366981801299 6415.896530081 1585.058856400466
 -5017.992783309098 -2982.11731898659 6447.003229202737 1552.775801152004
 -4994.248088188036 -3011.412961066536 6417.23501099799 1587.556536684383
 -5017.992783309098 -2982.11731898659 6447.003229202737 1552.775801152004
 -5018.977923266052 -2977.783775745662 6440.71503300968 1555.280267566299
 -5017.992783309098 -2982.11731898659 6447.003229202737 1552.775801152004
 -5017.992783309098 -2982.11731898659 6447.003229202737 1552.775801152004
 -5017.386015084709 -2983.316471322473 6447.472876341988 1552.505493733531
 -5018.977923266052 -2977.783775745662 6440.71503300968 1555.280267566299
 -5017.992783309098 -2982.11731898659 6447.003229202737 1552.775801152004
 -5017.332314560443 -2981.277002188373 6446.987050304708 1552.474228833086
 -4992.598528051896 -3008.366981801299 6415.896530081 1585.058856400466
 -5017.82581907937 -2981.500222700496 6444.639824091271 1552.204366400638
 -4992.598528051896 -3008.366981801299 6415.896530081 1585.058856400466
 -2639.472985140584 -3812.067440325205 -549.1900288132856 7001.187050759279
 -5018.977923266052 -2977.783775745662 6440.71503300968 1555.280267566299
 -5017.992783309098 -2982.11731898659 6447.003229202737 1552.775801152004
 -4995.175297514254 -3013.823092527477 6421.292576340182 1587.039539132592
 -5016.376615240914 -2982.69199037718 6443.818254701167 1554.632604343973
 -5018.977923266052 -2977.783775745662 6440.71503300968 1555.280267566299
 -5017.386015084709 -2983.316471322473 6447.472876341988 1552.505493733531
 -5016.376615240914 -2982.69199037718 6443.818254701167 1554.632604343973
 -5019.166216943144 -2981.472185089321 6447.577269809861 1554.076329838088
 -5017.992783309098 -2982.11731898659 6447.003229202737 1552.775801152004
 -5017.806363761607 -2983.019994292061 6447.754286811084 1552.542613862118
 -5016.66843466961 -2983.081097603843 6443.314136789909 1554.863419409066
 -5016.400855607202 -2983.155802709802 6443.752703462033 1554.164279210094
 -5017.992783309098 -2982.11731898659 6447.003229202737 1552.775801152004
 -4992.598528051896 -3008.366981801299 6415.896530081 1585.058856400466
 -5018.977923266052 -2977.783775745662 6440.71503300968 1555.280267566299
 -5017.992783309098 -2982.11731898659 6447.003229202737 1552.775801152004
 -5017.992783309098 -2982.11731898659 6447.003229202737 1552.775801152004
 -5017.114674761091 -2982.228469800538 6446.72551366782 1551.951841061635
 -5016.115165986534 -2981.510971738752 6446.672542415328 1550.144705931408
 -5016.376615240914 -2982.69199037718 6443.818254701167 1554.632604343973
 -4992.598528051896 -3008.366981801299 6415.896530081 1585.058856400466
 -5016.115165986534 -2981.510971738752 6446.672542415328 1550.144705931408
 -5017.992783309098 -2982.11731898659 6447.003229202737 1552.775801152004
 -4992.639935716535 -3008.421363797439 6415.583365247857 1585.679584193202
 -5017.386015084709 -2983.316471322473 6447.472876341988 1552.505493733531
 -5018.977923266052 -2977.783775745662 6440.71503300968 1555.280267566299
 -5018.338299284181 -2982.616547909805 6446.976999885175 1552.606985030507
 -5017.992783309098 -2982.11731898659 6447.003229202737 1552.775801152004
 -4995.175297514254 -3013.823092527477 6421.292576340182 1587.039539132592
 -5017.585827350203 -2981.997287170333 6447.750988401491 1552.576095822081
 -5017.992783309098 -2982.11731898659 6447.003229202737 1552.775801152004
 -5017.992783309098 -2982.11731898659 6447.003229202737 1552.775801152004
 -5017.992783309098 -2982.11731898659 6447.003229202737 1552.775801152004
 -5017.479705548586 -2982.114042321851 6446.147165716417 1552.746129563078
 -5017.992783309098 -2982.11731898659 6447.003229202737 1552.775801152004
 -4992.05126530366 -3008.181153043823 6414.026785367173 1585.301282328382
 -5017.585827350203 -2981.997287170333 6447.750988401491 1552.576095822081
 -5017.386015084709 -2983.316471322473 6447.472876341988 1552.505493733531
 -5017.992783309098 -2982.11731898659 6447.003229202737 1552.775801152004
 -4991.900743725686 -3011.535468409954 6415.948748260181 1587.659398162081
 -4995.175297514254 -3013.823092527477 6421.292576340182 1587.039539132592
 -5017.992783309098 -2982.11731898659 6447.003229202737 1552.775801152004
 -5016.376615240914 -2982.69199037718 6443.818254701167 1554.632604343973
 -5016.02263561181 -2982.373066347763 6443.815483697731 1553.834735382086
 -5018.977923266052 -2977.783775745662 6440.71503300968 1555.280267566299
 -5017.992783309098 -2982.11731898659 6447.003229202737 1552.775801152004
 -4992.598528051896 -3008.366981801299 6415.896530081 1585.058856400466
 -5017.992783309098 -2982.11731898659 6447.003229202737 1552.775801152004
 -4991.628387559879 -3006.439272954447 6410.925599025612 1581.235776843122
 -4994.248088188036 -3011.412961066536 6417.23501099799 1587.556536684383
 -5018.977923266052 -2977.783775745662 6440.71503300968 1555.280267566299
 -5017.992783309098 -2982.11731898659 6447.003229202737 1552.775801152004
