# Created by Octave 4.2.1, Mon Oct 09 19:43:35 2017 BRT <root@mosqueiro>
# name: pop
# type: matrix
# rows: 1000
# columns: 4
 -2639.472985140584 -3812.067440325205 -549.1900288132856 7001.187050759279
 -2639.472985140584 -3812.067440325205 -549.1900288132856 7001.187050759279
 -2639.472985140584 -3812.067440325205 -549.1900288132856 7001.187050759279
 -2639.472985140584 -3812.067440325205 -549.1900288132856 7001.187050759279
 -2639.472985140584 -3812.067440325205 -549.1900288132856 7001.187050759279
 -2639.472985140584 -3812.067440325205 -549.1900288132856 7001.187050759279
 -2639.472985140584 -3812.067440325205 -549.1900288132856 7001.187050759279
 -2639.472985140584 -3812.067440325205 -549.1900288132856 7001.187050759279
 -9518.740038257398 -7698.576563636831 8124.73546961206 9154.357607225324
 -2639.472985140584 -3812.067440325205 -549.1900288132856 7001.187050759279
 -26985.67545116582 -19462.87540525013 39146.16993438802 14521.01837338919
 -8357.20698253133 26290.34601567447 -2467.995362396984 -4517.120518618187
 -9876.904421638323 20743.74390502013 11588.43462292081 -3821.389850922116
 22005.90721751661 11317.5527335742 32462.37715423931 47577.30267264896
 -2639.472985140584 -3812.067440325205 -549.1900288132856 7001.187050759279
 -1444.565203120839 8819.110600344942 -86.43453890902492 -7215.193710622583
 -9518.740038257398 -7698.576563636831 8124.73546961206 9154.357607225324
 -2639.472985140584 -3812.067440325205 -549.1900288132856 7001.187050759279
 6440.589546702692 34421.17149160299 -2976.456862489565 9397.675081568577
 -2639.472985140584 -3812.067440325205 -549.1900288132856 7001.187050759279
 54993.42726408252 4018.543905470606 10054.76985731969 10560.46742978523
 -2639.472985140584 -3812.067440325205 -549.1900288132856 7001.187050759279
 69061.29128581271 -6677.112568447234 8052.629977431344 2014.721927200952
 43625.67447812686 -22129.75921948867 43619.94009445477 21893.76176742957
 69061.29128581271 -6677.112568447234 8052.629977431344 2014.721927200952
 -3735.464491056325 15789.75922569164 -8797.287407950515 25383.94632926189
 -9518.740038257398 -7698.576563636831 8124.73546961206 9154.357607225324
 22005.90721751661 11317.5527335742 32462.37715423931 47577.30267264896
 18614.08355075616 19640.07608846016 15473.83139682676 -14880.13937819187
 24328.58201812593 -36285.98197822999 -17555.46635742032 -18001.04349557431
 12069.00648174856 7333.474776239704 19467.01075824659 20963.51465936236
 -9456.007626089433 -5117.596250863487 8014.944364213083 6480.178417884101
 -2639.472985140584 -3812.067440325205 -549.1900288132856 7001.187050759279
 -2639.472985140584 -3812.067440325205 -549.1900288132856 7001.187050759279
 -2639.472985140584 -3812.067440325205 -549.1900288132856 7001.187050759279
 7274.723816897989 2247.997776341072 -9559.492447080775 -4786.234369933341
 106.5656692623816 4208.515677820422 2354.864800572643 -7241.728351434914
 -2639.472985140584 -3812.067440325205 -549.1900288132856 7001.187050759279
 -2639.472985140584 -3812.067440325205 -549.1900288132856 7001.187050759279
 -2639.472985140584 -3812.067440325205 -549.1900288132856 7001.187050759279
 -2639.472985140584 -3812.067440325205 -549.1900288132856 7001.187050759279
 4715.972852670465 27465.48407540598 -15195.00649214983 12643.07614735927
 -2639.472985140584 -3812.067440325205 -549.1900288132856 7001.187050759279
 -2639.472985140584 -3812.067440325205 -549.1900288132856 7001.187050759279
 -2639.472985140584 -3812.067440325205 -549.1900288132856 7001.187050759279
 -3168.811709190934 -5387.477070366467 3338.991706336255 8030.978945462433
 -2639.472985140584 -3812.067440325205 -549.1900288132856 7001.187050759279
 -2639.472985140584 -3812.067440325205 -549.1900288132856 7001.187050759279
 -9518.740038257398 -7698.576563636831 8124.73546961206 9154.357607225324
 10310.05674655793 20534.20395625965 -4919.21477298349 -4300.380141827765
 -2639.472985140584 -3812.067440325205 -549.1900288132856 7001.187050759279
 -2639.472985140584 -3812.067440325205 -549.1900288132856 7001.187050759279
 -2639.472985140584 -3812.067440325205 -549.1900288132856 7001.187050759279
 -7024.472176357127 -3035.804965043925 1889.502717177244 8011.987504289198
 -2639.472985140584 -3812.067440325205 -549.1900288132856 7001.187050759279
 -9456.007626089433 -5117.596250863487 8014.944364213083 6480.178417884101
 -2639.472985140584 -3812.067440325205 -549.1900288132856 7001.187050759279
 -2639.472985140584 -3812.067440325205 -549.1900288132856 7001.187050759279
 -2639.472985140584 -3812.067440325205 -549.1900288132856 7001.187050759279
 -1821.96881536138 -17739.07345388049 -355.3608191878116 -11290.29828453648
 -2639.472985140584 -3812.067440325205 -549.1900288132856 7001.187050759279
 -2639.472985140584 -3812.067440325205 -549.1900288132856 7001.187050759279
 -2639.472985140584 -3812.067440325205 -549.1900288132856 7001.187050759279
 -7024.472176357127 -3035.804965043925 1889.502717177244 8011.987504289198
 -7024.472176357127 -3035.804965043925 1889.502717177244 8011.987504289198
 -5024.95729582599 -11352.74483929099 9542.427189281812 22932.29549688079
 -2639.472985140584 -3812.067440325205 -549.1900288132856 7001.187050759279
 -2639.472985140584 -3812.067440325205 -549.1900288132856 7001.187050759279
 -2639.472985140584 -3812.067440325205 -549.1900288132856 7001.187050759279
 -2639.472985140584 -3812.067440325205 -549.1900288132856 7001.187050759279
 -2639.472985140584 -3812.067440325205 -549.1900288132856 7001.187050759279
 26221.38734411448 7766.275241347397 8327.468371506926 -23124.06608014314
 -2639.472985140584 -3812.067440325205 -549.1900288132856 7001.187050759279
 -2639.472985140584 -3812.067440325205 -549.1900288132856 7001.187050759279
 6761.58567720677 -9829.6354065218 3724.608008714343 2459.328550879863
 -2639.472985140584 -3812.067440325205 -549.1900288132856 7001.187050759279
 -2639.472985140584 -3812.067440325205 -549.1900288132856 7001.187050759279
 -2639.472985140584 -3812.067440325205 -549.1900288132856 7001.187050759279
 -2639.472985140584 -3812.067440325205 -549.1900288132856 7001.187050759279
 -2639.472985140584 -3812.067440325205 -549.1900288132856 7001.187050759279
 -2639.472985140584 -3812.067440325205 -549.1900288132856 7001.187050759279
 -2639.472985140584 -3812.067440325205 -549.1900288132856 7001.187050759279
 -2440.168445708858 5966.421825181254 7376.165283956885 -9137.463313417637
 -2837.320166152801 -28526.94204872818 31475.26366553777 26889.51907226704
 2225.261003634527 925.0701987196589 -6444.031981127644 3432.819854045354
 -9518.740038257398 -7698.576563636831 8124.73546961206 9154.357607225324
 -9827.638082870501 -7148.105885247399 -3842.791402032544 27537.43643368514
 161.3943110939999 6719.354854178076 -7974.902706737395 924.4194455703037
 -2639.472985140584 -3812.067440325205 -549.1900288132856 7001.187050759279
 -2639.472985140584 -3812.067440325205 -549.1900288132856 7001.187050759279
 1193.524642663038 11104.77741021848 13587.92108031052 2210.439242406967
 -2639.472985140584 -3812.067440325205 -549.1900288132856 7001.187050759279
 16493.85140935412 -13774.72617362274 -13566.73510704027 -25216.34019200958
 21200.39505780185 11916.18882279672 16319.67469872514 22842.82409961876
 -2639.472985140584 -3812.067440325205 -549.1900288132856 7001.187050759279
 -2639.472985140584 -3812.067440325205 -549.1900288132856 7001.187050759279
 -9518.740038257398 -7698.576563636831 8124.73546961206 9154.357607225324
 -6119.727626552873 -3920.72549506656 9198.401340276174 -30845.00255046944
 -2440.168445708858 5966.421825181254 7376.165283956885 -9137.463313417637
 28551.41663497201 -38260.27506341199 -33118.30971620101 -34066.36859518545
 -2639.472985140584 -3812.067440325205 -549.1900288132856 7001.187050759279
 -2639.472985140584 -3812.067440325205 -549.1900288132856 7001.187050759279
 2225.261003634527 925.0701987196589 -6444.031981127644 3432.819854045354
 2167.280571819305 -8557.900470774621 4563.56043742043 3158.864014014935
