# Created by Octave 4.2.1, Mon Oct 09 19:06:02 2017 BRT <root@mosqueiro>
# name: pop
# type: matrix
# rows: 1000
# columns: 4
 -8997.480816536225 13655.60719147824 12013.31500166485 -16664.49924841844
 -8997.480816536225 13655.60719147824 12013.31500166485 -16664.49924841844
 -8997.480816536225 13655.60719147824 12013.31500166485 -16664.49924841844
 -8997.480816536225 13655.60719147824 12013.31500166485 -16664.49924841844
 -8997.480816536225 13655.60719147824 12013.31500166485 -16664.49924841844
 -2617.087558829417 18519.65733900845 11155.51429958409 -12650.96544231751
 -3242.063772885232 5110.64106222893 5558.902254626702 -7417.344606165118
 -8997.480816536225 13655.60719147824 12013.31500166485 -16664.49924841844
 -8997.480816536225 13655.60719147824 12013.31500166485 -16664.49924841844
 -3242.063772885232 5110.64106222893 5558.902254626702 -7417.344606165118
 -8997.480816536225 13655.60719147824 12013.31500166485 -16664.49924841844
 -3242.063772885232 5110.64106222893 5558.902254626702 -7417.344606165118
 -8997.480816536225 13655.60719147824 12013.31500166485 -16664.49924841844
 4006.741225369356 9415.301570246753 13247.46524258611 -16102.85650111675
 -8641.827861782582 -5012.494660805793 -5089.203543851276 -7527.50950458867
 -8997.480816536225 13655.60719147824 12013.31500166485 -16664.49924841844
 -3242.063772885232 5110.64106222893 5558.902254626702 -7417.344606165118
 22746.67410012038 14005.8131212168 20912.42286015626 -33141.01114014485
 -8997.480816536225 13655.60719147824 12013.31500166485 -16664.49924841844
 -8997.480816536225 13655.60719147824 12013.31500166485 -16664.49924841844
 5564.392905113028 8987.18497346965 6380.27619165076 1622.592852570285
 -3242.063772885232 5110.64106222893 5558.902254626702 -7417.344606165118
 -3242.063772885232 5110.64106222893 5558.902254626702 -7417.344606165118
 -3242.063772885232 5110.64106222893 5558.902254626702 -7417.344606165118
 -8997.480816536225 13655.60719147824 12013.31500166485 -16664.49924841844
 -8997.480816536225 13655.60719147824 12013.31500166485 -16664.49924841844
 -3242.063772885232 5110.64106222893 5558.902254626702 -7417.344606165118
 -3242.063772885232 5110.64106222893 5558.902254626702 -7417.344606165118
 -3242.063772885232 5110.64106222893 5558.902254626702 -7417.344606165118
 -8997.480816536225 13655.60719147824 12013.31500166485 -16664.49924841844
 -8997.480816536225 13655.60719147824 12013.31500166485 -16664.49924841844
 -8997.480816536225 13655.60719147824 12013.31500166485 -16664.49924841844
 -3242.063772885232 5110.64106222893 5558.902254626702 -7417.344606165118
 -3200.532536220215 7953.451844089512 -6573.621420515656 -14799.91430235788
 -3242.063772885232 5110.64106222893 5558.902254626702 -7417.344606165118
 5564.392905113028 8987.18497346965 6380.27619165076 1622.592852570285
 -8997.480816536225 13655.60719147824 12013.31500166485 -16664.49924841844
 -8997.480816536225 13655.60719147824 12013.31500166485 -16664.49924841844
 -12730.77845618008 15687.36293722717 15890.90920866606 -18924.22678278862
 -3242.063772885232 5110.64106222893 5558.902254626702 -7417.344606165118
 -1350.860501911437 -3882.204943992375 -5280.966491980462 -3944.563612504965
 -8997.480816536225 13655.60719147824 12013.31500166485 -16664.49924841844
 -8997.480816536225 13655.60719147824 12013.31500166485 -16664.49924841844
 -3242.063772885232 5110.64106222893 5558.902254626702 -7417.344606165118
 -3242.063772885232 5110.64106222893 5558.902254626702 -7417.344606165118
 -3242.063772885232 5110.64106222893 5558.902254626702 -7417.344606165118
 -3242.063772885232 5110.64106222893 5558.902254626702 -7417.344606165118
 6176.464903850168 17348.7694053937 26242.50549816014 -17330.8256679924
 -8997.480816536225 13655.60719147824 12013.31500166485 -16664.49924841844
 -3242.063772885232 5110.64106222893 5558.902254626702 -7417.344606165118
 -8997.480816536225 13655.60719147824 12013.31500166485 -16664.49924841844
 -13952.47524764519 17597.25507660672 7069.080065185563 -21804.5427655437
 -3242.063772885232 5110.64106222893 5558.902254626702 -7417.344606165118
 -8997.480816536225 13655.60719147824 12013.31500166485 -16664.49924841844
 -3242.063772885232 5110.64106222893 5558.902254626702 -7417.344606165118
 7006.870489677352 37066.05163910806 -3718.720379205221 -1859.016607939563
 -8997.480816536225 13655.60719147824 12013.31500166485 -16664.49924841844
 -3242.063772885232 5110.64106222893 5558.902254626702 -7417.344606165118
 -2986.76861286297 7930.135386941638 8891.335932038073 -1145.233317718054
 -8997.480816536225 13655.60719147824 12013.31500166485 -16664.49924841844
 -3242.063772885232 5110.64106222893 5558.902254626702 -7417.344606165118
 -3242.063772885232 5110.64106222893 5558.902254626702 -7417.344606165118
 -8997.480816536225 13655.60719147824 12013.31500166485 -16664.49924841844
 -8997.480816536225 13655.60719147824 12013.31500166485 -16664.49924841844
 -3743.896385416504 6778.808311913541 -1752.628155974518 -5177.5948166076
 -8997.480816536225 13655.60719147824 12013.31500166485 -16664.49924841844
 -6453.942273927583 6211.409545331003 8061.006732229444 -12617.27103915501
 -3242.063772885232 5110.64106222893 5558.902254626702 -7417.344606165118
 -10309.30510211264 -20979.15318065301 17326.63301339975 4526.481618081138
 -8997.480816536225 13655.60719147824 12013.31500166485 -16664.49924841844
 -8997.480816536225 13655.60719147824 12013.31500166485 -16664.49924841844
 -3242.063772885232 5110.64106222893 5558.902254626702 -7417.344606165118
 28670.4793642209 -10032.39955801004 -23877.09417043282 16483.73349316486
 -6635.435371137608 11736.12463581664 16819.88189978465 -30084.2123042288
 -8997.480816536225 13655.60719147824 12013.31500166485 -16664.49924841844
 -3242.063772885232 5110.64106222893 5558.902254626702 -7417.344606165118
 -9742.154370291286 1630.877927581631 9338.340417268184 -1187.643890138514
 -8997.480816536225 13655.60719147824 12013.31500166485 -16664.49924841844
 6739.410883209837 5972.563493470172 25346.25967875075 10359.08699755633
 -8997.480816536225 13655.60719147824 12013.31500166485 -16664.49924841844
 -6399.888767236502 7272.534456222807 4409.421632096796 5427.558367340665
 -8997.480816536225 13655.60719147824 12013.31500166485 -16664.49924841844
 -3242.063772885232 5110.64106222893 5558.902254626702 -7417.344606165118
 -8997.480816536225 13655.60719147824 12013.31500166485 -16664.49924841844
 -8997.480816536225 13655.60719147824 12013.31500166485 -16664.49924841844
 -3242.063772885232 5110.64106222893 5558.902254626702 -7417.344606165118
 -8997.480816536225 13655.60719147824 12013.31500166485 -16664.49924841844
 -8997.480816536225 13655.60719147824 12013.31500166485 -16664.49924841844
 -8997.480816536225 13655.60719147824 12013.31500166485 -16664.49924841844
 -8997.480816536225 13655.60719147824 12013.31500166485 -16664.49924841844
 -3242.063772885232 5110.64106222893 5558.902254626702 -7417.344606165118
 -8997.480816536225 13655.60719147824 12013.31500166485 -16664.49924841844
 -8997.480816536225 13655.60719147824 12013.31500166485 -16664.49924841844
 -8997.480816536225 13655.60719147824 12013.31500166485 -16664.49924841844
 -3242.063772885232 5110.64106222893 5558.902254626702 -7417.344606165118
 9959.603684819565 21569.68811394825 -34810.76089895476 56619.83082454611
 12495.32896178954 -5240.316698244536 2484.889789484886 -14379.07478503481
 -11904.11046915054 2564.216654822847 5288.295743073058 -6745.937035551968
 -3242.063772885232 5110.64106222893 5558.902254626702 -7417.344606165118
 -13000.90464151379 31187.80979647221 47822.60798328227 13644.4971757294
 -8997.480816536225 13655.60719147824 12013.31500166485 -16664.49924841844
 -3468.617424291812 16864.69895775546 3165.502764567402 -12953.02875648086
 -3242.063772885232 5110.64106222893 5558.902254626702 -7417.344606165118
 -3242.063772885232 5110.64106222893 5558.902254626702 -7417.344606165118
 -3242.063772885232 5110.64106222893 5558.902254626702 -7417.344606165118
