# Created by Octave 4.2.1, Mon Oct 09 19:23:16 2017 BRT <root@mosqueiro>
# name: pop
# type: matrix
# rows: 1000
# columns: 4
 8859.722995447715 9610.665130783051 -9668.173892285931 -8789.072782198587
 8859.722995447715 9610.665130783051 -9668.173892285931 -8789.072782198587
 8859.722995447715 9610.665130783051 -9668.173892285931 -8789.072782198587
 8859.722995447715 9610.665130783051 -9668.173892285931 -8789.072782198587
 8859.722995447715 9610.665130783051 -9668.173892285931 -8789.072782198587
 4026.545123336092 -1812.676751328211 -10202.94696404594 -16091.47671992804
 7606.627995619883 9850.34254592865 -6485.687917332702 32906.95383420589
 8465.400222921999 -2313.818609799151 -4631.39062688794 -2001.255975900252
 -8602.89499158641 4276.6350931706 2582.395927103136 1957.537194662022
 -3367.283617710005 -2145.009474062288 -3721.23544791011 9087.558366697322
 -5411.001826405629 -2425.812030730642 3524.778344016495 4282.78926340209
 8859.722995447715 9610.665130783051 -9668.173892285931 -8789.072782198587
 8859.722995447715 9610.665130783051 -9668.173892285931 -8789.072782198587
 -25102.43223711119 8713.357777078596 -3328.159246915182 -5780.301636376404
 -9866.578198257794 7588.734456191767 -2821.00552771719 5123.679337178926
 2884.906939144561 4568.39332318599 -6243.372426500198 7183.424828577863
 -5881.477921601373 6821.211549586104 5857.724955361062 -6384.352944791457
 8387.417005704985 -8948.056272272848 -232.7391435384689 967.1890908964451
 -9866.578198257794 7588.734456191767 -2821.00552771719 5123.679337178926
 -2024.593137821603 -6231.57078058508 5411.371323582898 3353.223923742036
 17921.93031117959 35052.38145520066 -12798.13279093228 4999.506764867287
 2259.828450674196 19911.03887004468 13019.98473109096 -18856.77578530031
 -9866.578198257794 7588.734456191767 -2821.00552771719 5123.679337178926
 8859.722995447715 9610.665130783051 -9668.173892285931 -8789.072782198587
 -4466.048624112612 464.2615599511209 -4647.549345103029 2059.606716542772
 8859.722995447715 9610.665130783051 -9668.173892285931 -8789.072782198587
 -4677.274778670037 1577.673348821567 -3235.349940443971 5982.861103259605
 8859.722995447715 9610.665130783051 -9668.173892285931 -8789.072782198587
 -9866.578198257794 7588.734456191767 -2821.00552771719 5123.679337178926
 -3300.691392461616 3145.432524517346 -4951.013333340898 5282.206246768132
 -9866.578198257794 7588.734456191767 -2821.00552771719 5123.679337178926
 -5411.001826405629 -2425.812030730642 3524.778344016495 4282.78926340209
 32490.95141097128 9488.235614460373 15436.99461416674 -10974.46536248272
 8859.722995447715 9610.665130783051 -9668.173892285931 -8789.072782198587
 -2679.404029333078 1937.267259552224 3087.321543646805 -930.0429271494795
 -9561.811569452924 5707.378034072621 8140.174295161087 4493.492176781436
 8859.722995447715 9610.665130783051 -9668.173892285931 -8789.072782198587
 -9586.124442375032 5746.741605387233 33.29674018576407 4432.625742428607
 2656.686396380288 2080.308969319575 2528.089976614338 21043.13054771154
 -2024.593137821603 -6231.57078058508 5411.371323582898 3353.223923742036
 -3367.283617710005 -2145.009474062288 -3721.23544791011 9087.558366697322
 -940.0558672690277 -28934.32568839968 -37968.28509165049 -22195.24559229478
 9275.61884849862 -4751.650521066605 -8986.504439819131 4621.059355856625
 -20476.44930233393 -7751.789317975457 13837.88723324121 5577.000899582432
 27460.66276567796 18218.79026289094 -22740.53215576068 15.95183258829411
 283.5145670606234 10619.57297640125 8943.446435547376 1328.146151295347
 8859.722995447715 9610.665130783051 -9668.173892285931 -8789.072782198587
 -9866.578198257794 7588.734456191767 -2821.00552771719 5123.679337178926
 -8138.035095046746 4287.92888790498 7960.130648271926 -3178.805494218723
 8859.722995447715 9610.665130783051 -9668.173892285931 -8789.072782198587
 295.4341361897896 5526.614644093597 452.7618624922252 -684.5903215717335
 8173.007425677057 -7319.366640355996 -6296.277789676347 -1792.61415135178
 5789.078519638648 -811.1538838350298 24978.13266806439 794.4576413458535
 8859.722995447715 9610.665130783051 -9668.173892285931 -8789.072782198587
 8859.722995447715 9610.665130783051 -9668.173892285931 -8789.072782198587
 -17492.14854627109 8262.58961693839 -45878.44122955731 9280.524762361318
 8859.722995447715 9610.665130783051 -9668.173892285931 -8789.072782198587
 -3300.691392461616 3145.432524517346 -4951.013333340898 5282.206246768132
 -8138.035095046746 4287.92888790498 7960.130648271926 -3178.805494218723
 -9684.344733386779 7170.927355544787 9405.011161579998 115.1116861221453
 8859.722995447715 9610.665130783051 -9668.173892285931 -8789.072782198587
 -8602.89499158641 4276.6350931706 2582.395927103136 1957.537194662022
 8859.722995447715 9610.665130783051 -9668.173892285931 -8789.072782198587
 -5881.477921601373 6821.211549586104 5857.724955361062 -6384.352944791457
 -21775.91154738271 33711.73174934283 28830.6631569278 -5826.207676233139
 26600.39622328297 -22547.51797996903 22223.41943299829 32369.47125714106
 -3367.283617710005 -2145.009474062288 -3721.23544791011 9087.558366697322
 28021.51035437809 8590.222113177377 30836.71022692503 -12063.06842285958
 -17168.81415304525 17592.41770702759 -12827.55500470719 -3860.040376184754
 8859.722995447715 9610.665130783051 -9668.173892285931 -8789.072782198587
 5789.078519638648 -811.1538838350298 24978.13266806439 794.4576413458535
 -9866.578198257794 7588.734456191767 -2821.00552771719 5123.679337178926
 2580.977003192149 2157.360672687617 2959.059630254285 -5917.421982815973
 8859.722995447715 9610.665130783051 -9668.173892285931 -8789.072782198587
 -5411.001826405629 -2425.812030730642 3524.778344016495 4282.78926340209
 -9866.578198257794 7588.734456191767 -2821.00552771719 5123.679337178926
 -17080.13028271171 12992.70307345114 -20601.65345809111 10143.77076551749
 -2679.404029333078 1937.267259552224 3087.321543646805 -930.0429271494795
 5789.078519638648 -811.1538838350298 24978.13266806439 794.4576413458535
 13711.70882688753 1965.888318932826 33937.94579301208 10581.99476629351
 -7767.259481953462 -7679.702642510923 6142.274941952244 9574.969660083189
 -5252.16830875714 6487.757055088554 7849.503651158604 2633.109284821476
 -4027.783199482379 -512.223582080529 -2288.622457434898 8477.7587467925
 8859.722995447715 9610.665130783051 -9668.173892285931 -8789.072782198587
 5258.98248739444 1649.350590738271 6155.643413351985 2641.082086441438
 -19604.94728014565 -4321.965879698902 -5801.338692583528 26028.80202579551
 19419.26660995002 -5767.194740294701 1415.277100483043 -6142.08428969121
 4038.305933627855 -5377.349028499712 9557.256545872853 -8240.897753826604
 16457.51814707122 -12704.53561698441 7435.446606395164 -49437.228096237
 4690.768632378204 8559.377760872274 -7303.377260461224 -5461.920774400088
 4038.305933627855 -5377.349028499712 9557.256545872853 -8240.897753826604
 8859.722995447715 9610.665130783051 -9668.173892285931 -8789.072782198587
 2704.12021794344 -7362.696725902917 2894.424742873232 9572.603508900411
 8859.722995447715 9610.665130783051 -9668.173892285931 -8789.072782198587
 -2679.404029333078 1937.267259552224 3087.321543646805 -930.0429271494795
 -3300.691392461616 3145.432524517346 -4951.013333340898 5282.206246768132
 -9866.578198257794 7588.734456191767 -2821.00552771719 5123.679337178926
 8859.722995447715 9610.665130783051 -9668.173892285931 -8789.072782198587
 4121.798577527703 -1775.993201555772 -30.0648363197688 -779.2755292274942
 23363.1335315348 -50688.52296109739 -28666.01727806858 32829.89944006827
 5124.274407164721 9692.427765386514 -7395.655718418966 -6629.943332815217
 -726.1132352619243 6210.485101186472 -8157.657754848569 3358.274598954506
 8859.722995447715 9610.665130783051 -9668.173892285931 -8789.072782198587
 30445.89633339092 -17050.11233759114 30834.37202143754 -3176.457021386977
 9305.811383682601 2662.456530070518 -1275.949710332512 -9508.698622242346
