# Created by Octave 4.2.1, Mon Oct 09 19:04:44 2017 BRT <root@mosqueiro>
# name: pop
# type: matrix
# rows: 1000
# columns: 4
 -3242.063772885232 5110.64106222893 5558.902254626702 -7417.344606165118
 -3242.063772885232 5110.64106222893 5558.902254626702 -7417.344606165118
 -3242.063772885232 5110.64106222893 5558.902254626702 -7417.344606165118
 -3242.063772885232 5110.64106222893 5558.902254626702 -7417.344606165118
 -3242.063772885232 5110.64106222893 5558.902254626702 -7417.344606165118
 -3242.063772885232 5110.64106222893 5558.902254626702 -7417.344606165118
 -7768.773128767331 17386.76390425329 21495.59451788183 18440.03008190685
 -3242.063772885232 5110.64106222893 5558.902254626702 -7417.344606165118
 6515.1195380315 6682.388211841917 3784.612248842184 6120.069799270126
 -35164.41125956544 26243.64299600789 6523.619701958542 422.703966640167
 -3242.063772885232 5110.64106222893 5558.902254626702 -7417.344606165118
 -3242.063772885232 5110.64106222893 5558.902254626702 -7417.344606165118
 -3069.398460495413 7287.373481027396 3575.620274211757 -1987.635511993101
 -8142.518133654573 -21394.32316595536 -27643.65240557768 17725.9587587399
 -3242.063772885232 5110.64106222893 5558.902254626702 -7417.344606165118
 -3242.063772885232 5110.64106222893 5558.902254626702 -7417.344606165118
 -14607.02928509857 21265.30241798834 11810.10341607174 -57398.2774588541
 -3242.063772885232 5110.64106222893 5558.902254626702 -7417.344606165118
 -3242.063772885232 5110.64106222893 5558.902254626702 -7417.344606165118
 -3242.063772885232 5110.64106222893 5558.902254626702 -7417.344606165118
 -3242.063772885232 5110.64106222893 5558.902254626702 -7417.344606165118
 -3242.063772885232 5110.64106222893 5558.902254626702 -7417.344606165118
 19334.89499744228 42703.11302714816 -33029.77243415696 23422.77607442303
 -3242.063772885232 5110.64106222893 5558.902254626702 -7417.344606165118
 -3242.063772885232 5110.64106222893 5558.902254626702 -7417.344606165118
 -3242.063772885232 5110.64106222893 5558.902254626702 -7417.344606165118
 -3242.063772885232 5110.64106222893 5558.902254626702 -7417.344606165118
 -3242.063772885232 5110.64106222893 5558.902254626702 -7417.344606165118
 -3242.063772885232 5110.64106222893 5558.902254626702 -7417.344606165118
 -45074.74086149139 21037.06501622451 -8375.577507613219 -10288.35874754241
 -3242.063772885232 5110.64106222893 5558.902254626702 -7417.344606165118
 -3242.063772885232 5110.64106222893 5558.902254626702 -7417.344606165118
 -13815.78859440858 4291.915094513615 28826.13273608353 11274.8677536425
 -3242.063772885232 5110.64106222893 5558.902254626702 -7417.344606165118
 -3242.063772885232 5110.64106222893 5558.902254626702 -7417.344606165118
 -3242.063772885232 5110.64106222893 5558.902254626702 -7417.344606165118
 -3242.063772885232 5110.64106222893 5558.902254626702 -7417.344606165118
 12787.72611936888 11190.57965060459 21928.50715520384 -16775.58362154111
 41467.0429211389 10481.34511180325 -33743.82662050545 -10344.59195165893
 -3242.063772885232 5110.64106222893 5558.902254626702 -7417.344606165118
 7603.85639179992 1849.085503321317 -15878.27322984872 1633.124765389464
 -3242.063772885232 5110.64106222893 5558.902254626702 -7417.344606165118
 -3242.063772885232 5110.64106222893 5558.902254626702 -7417.344606165118
 -3242.063772885232 5110.64106222893 5558.902254626702 -7417.344606165118
 29827.3761310442 -20314.35417182312 31918.37564870388 -21657.75284733487
 -3242.063772885232 5110.64106222893 5558.902254626702 -7417.344606165118
 7678.015703512153 8478.075139720479 16104.00036773361 -11700.48968700448
 -3242.063772885232 5110.64106222893 5558.902254626702 -7417.344606165118
 -19784.69808603253 9960.286197914067 1233.865507845834 9145.178298653096
 -9345.608581356044 -1553.880795615045 1073.938430940269 9635.502678720386
 -1637.732226726568 9967.83640559197 -1280.237021546411 -7086.266306783838
 -3242.063772885232 5110.64106222893 5558.902254626702 -7417.344606165118
 37146.39607227425 -58563.37465615386 -33378.92662614011 10606.66427604863
 2616.114569529946 10364.16094446758 17327.91579116748 -16707.9997555819
 -3242.063772885232 5110.64106222893 5558.902254626702 -7417.344606165118
 -664.0897625532489 9275.542130260324 9796.128674870142 -15983.33110500483
 -3242.063772885232 5110.64106222893 5558.902254626702 -7417.344606165118
 31460.6154773178 25645.06321769816 -4337.016326461466 -2365.030812500911
 -3242.063772885232 5110.64106222893 5558.902254626702 -7417.344606165118
 6014.666390983391 2444.26914290124 13246.87475220124 -20967.67275888522
 -3242.063772885232 5110.64106222893 5558.902254626702 -7417.344606165118
 -3242.063772885232 5110.64106222893 5558.902254626702 -7417.344606165118
 -3242.063772885232 5110.64106222893 5558.902254626702 -7417.344606165118
 -3242.063772885232 5110.64106222893 5558.902254626702 -7417.344606165118
 -36847.2969731129 29408.27781753673 17199.75100085701 -2815.118486230464
 -1637.732226726568 9967.83640559197 -1280.237021546411 -7086.266306783838
 -3242.063772885232 5110.64106222893 5558.902254626702 -7417.344606165118
 211.277929604556 -2704.23846056497 -31743.74157858009 -11254.48958523051
 -3242.063772885232 5110.64106222893 5558.902254626702 -7417.344606165118
 -3201.991772902177 302.8387044730835 -778.616986663742 -16182.52774396591
 -12644.77720062498 9808.607947580256 -2060.422500680098 -27127.80238552552
 -3242.063772885232 5110.64106222893 5558.902254626702 -7417.344606165118
 -9265.280247310307 4737.886246054148 -3428.220529342138 8166.638559470481
 -3242.063772885232 5110.64106222893 5558.902254626702 -7417.344606165118
 -3242.063772885232 5110.64106222893 5558.902254626702 -7417.344606165118
 -3242.063772885232 5110.64106222893 5558.902254626702 -7417.344606165118
 -3242.063772885232 5110.64106222893 5558.902254626702 -7417.344606165118
 -9742.154370291286 1630.877927581631 9338.340417268184 -1187.643890138514
 -9265.280247310307 4737.886246054148 -3428.220529342138 8166.638559470481
 -3242.063772885232 5110.64106222893 5558.902254626702 -7417.344606165118
 5890.970718650012 16287.48153915751 -1138.457566426022 -1361.091346261802
 -3242.063772885232 5110.64106222893 5558.902254626702 -7417.344606165118
 -3242.063772885232 5110.64106222893 5558.902254626702 -7417.344606165118
 -1053.294351877723 7223.794361319055 20658.41611622657 5278.470439524848
 -13000.90464151379 31187.80979647221 47822.60798328227 13644.4971757294
 -3242.063772885232 5110.64106222893 5558.902254626702 -7417.344606165118
 -11126.36097929451 4357.984859441039 12241.5281626634 -450.5049188148087
 -3242.063772885232 5110.64106222893 5558.902254626702 -7417.344606165118
 -3242.063772885232 5110.64106222893 5558.902254626702 -7417.344606165118
 -3242.063772885232 5110.64106222893 5558.902254626702 -7417.344606165118
 -3242.063772885232 5110.64106222893 5558.902254626702 -7417.344606165118
 -3242.063772885232 5110.64106222893 5558.902254626702 -7417.344606165118
 -3553.866659866987 12494.76675175159 11974.2167570894 -15207.80944676494
 -3242.063772885232 5110.64106222893 5558.902254626702 -7417.344606165118
 15504.76527040231 15146.99512825765 -3705.504906166292 13821.47745412852
 -3242.063772885232 5110.64106222893 5558.902254626702 -7417.344606165118
 -3242.063772885232 5110.64106222893 5558.902254626702 -7417.344606165118
 -3242.063772885232 5110.64106222893 5558.902254626702 -7417.344606165118
 -3242.063772885232 5110.64106222893 5558.902254626702 -7417.344606165118
 4113.298501043622 7110.824086065491 -2492.642148681149 -7641.093077881115
 -5066.927850757021 5437.720314682901 17565.81529978104 3095.388181501695
 -3242.063772885232 5110.64106222893 5558.902254626702 -7417.344606165118
 -1689.520382261403 37640.0138114803 7385.550791505477 -26090.34892921637
 -16362.12129301432 -27358.02740556954 9872.998184466271 16419.22021978948
 -3242.063772885232 5110.64106222893 5558.902254626702 -7417.344606165118
 577.7221805881736 19053.11675637515 6904.760008932461 5016.682335867717
