# Created by Octave 4.2.1, Mon Oct 09 19:33:06 2017 BRT <root@mosqueiro>
# name: pop
# type: matrix
# rows: 1000
# columns: 4
 -7388.118906136311 -1280.759136014043 4066.935166573163 4616.641127117166
 -7388.118906136311 -1280.759136014043 4066.935166573163 4616.641127117166
 -7388.118906136311 -1280.759136014043 4066.935166573163 4616.641127117166
 -7388.118906136311 -1280.759136014043 4066.935166573163 4616.641127117166
 -7388.118906136311 -1280.759136014043 4066.935166573163 4616.641127117166
 -1763.57823216245 3645.012284424094 1291.006327268764 -3124.54256094668
 -1763.57823216245 3645.012284424094 1291.006327268764 -3124.54256094668
 8965.870634144441 -2253.547110942867 -2655.331718119286 -9589.70585165493
 -4009.303668933243 1161.832858475267 -3757.256039700735 6687.453250693983
 -7388.118906136311 -1280.759136014043 4066.935166573163 4616.641127117166
 7847.879785410217 6222.422952943324 -24409.00578326241 -7340.992202110532
 8647.853734023192 -5863.481407795722 4927.626498868862 -7671.9267587524
 40211.44509793411 -21978.18063699104 -11238.8182126812 33501.18735469125
 9362.020300094762 -3766.628100374091 4570.234866748457 -7845.671670285962
 -4009.303668933243 1161.832858475267 -3757.256039700735 6687.453250693983
 2872.407516375054 -25991.58579939657 23432.09967441687 59.34741606828993
 -15018.79905603648 -12173.20129145854 16668.66321773793 14524.69881604539
 -7388.118906136311 -1280.759136014043 4066.935166573163 4616.641127117166
 -7388.118906136311 -1280.759136014043 4066.935166573163 4616.641127117166
 -7388.118906136311 -1280.759136014043 4066.935166573163 4616.641127117166
 -7388.118906136311 -1280.759136014043 4066.935166573163 4616.641127117166
 -7388.118906136311 -1280.759136014043 4066.935166573163 4616.641127117166
 3399.070315192073 -3204.5239746978 9226.507238796141 -9385.367300209158
 -7388.118906136311 -1280.759136014043 4066.935166573163 4616.641127117166
 -21369.33938065446 -4073.109343370184 10469.54850934327 -21124.73719518245
 -9434.474512432724 3480.825710420831 7848.441889860365 8866.774349441996
 -7388.118906136311 -1280.759136014043 4066.935166573163 4616.641127117166
 8194.133916980361 681.1494209602388 306.9715039212315 -9711.270051681737
 -1763.57823216245 3645.012284424094 1291.006327268764 -3124.54256094668
 -7388.118906136311 -1280.759136014043 4066.935166573163 4616.641127117166
 -7388.118906136311 -1280.759136014043 4066.935166573163 4616.641127117166
 -7388.118906136311 -1280.759136014043 4066.935166573163 4616.641127117166
 -7388.118906136311 -1280.759136014043 4066.935166573163 4616.641127117166
 8514.368866869412 401.7161670730056 -1351.650957901955 -7146.242140421394
 8647.853734023192 -5863.481407795722 4927.626498868862 -7671.9267587524
 -7388.118906136311 -1280.759136014043 4066.935166573163 4616.641127117166
 -7388.118906136311 -1280.759136014043 4066.935166573163 4616.641127117166
 -15018.79905603648 -12173.20129145854 16668.66321773793 14524.69881604539
 -7388.118906136311 -1280.759136014043 4066.935166573163 4616.641127117166
 1289.873305947602 1356.986697401728 13528.4969891275 -7759.074190988729
 41020.06587132644 -11488.09758028388 12750.59746420224 -23459.5049250065
 3399.070315192073 -3204.5239746978 9226.507238796141 -9385.367300209158
 -18422.36690099561 14048.41552719756 -33615.54868089339 38417.02247187824
 6244.947262332316 -2433.597144660452 215.5194004483837 -9757.442811467892
 -2188.446236341239 18642.22927040141 -51488.28379329135 28105.07989281977
 -7388.118906136311 -1280.759136014043 4066.935166573163 4616.641127117166
 -7388.118906136311 -1280.759136014043 4066.935166573163 4616.641127117166
 604.8617298231396 17777.73141199972 -4805.587337990632 -32876.03187721081
 6601.461576820533 -974.2709129411942 -903.3105227629821 -1822.097834627071
 -8662.618068593307 5874.887661765299 4447.591459207966 -187.6695926517059
 9039.04140554554 -8266.744105598847 -8515.012726523335 8228.963975194169
 -7388.118906136311 -1280.759136014043 4066.935166573163 4616.641127117166
 -6774.700075250092 5304.115827494727 5179.26680273604 4889.196316933419
 8647.853734023192 -5863.481407795722 4927.626498868862 -7671.9267587524
 7818.242219465847 5373.369783225535 -966.7125639821134 -3112.702050160237
 -7388.118906136311 -1280.759136014043 4066.935166573163 4616.641127117166
 202.8799686149841 16288.38785608418 -25671.92733329746 3251.928667454247
 -7388.118906136311 -1280.759136014043 4066.935166573163 4616.641127117166
 -8496.657574643486 2882.029739881298 5414.835180475968 2172.405180884558
 -9222.383714861075 -3077.477041235078 1790.569872364533 -2207.535711783001
 -11843.30731210132 13396.09176940796 17938.04260955215 4952.864322292833
 3859.098193186124 8611.279982682707 3682.512553801984 -950.884706871786
 8551.615115020941 2255.040118943643 -4038.060807063607 -6795.855853332221
 9501.59678439247 -9746.512160671406 5530.527025332425 -1605.358131070481
 -7388.118906136311 -1280.759136014043 4066.935166573163 4616.641127117166
 504.5787441195389 6514.2304477455 -1628.528029133126 7334.93301372476
 2241.100810603974 -3113.607386364071 664.0929771972733 -8856.278599087136
 19143.54960777599 3215.347047289043 -17304.22727679688 -1299.935617693912
 -7388.118906136311 -1280.759136014043 4066.935166573163 4616.641127117166
 14138.9777392637 5826.05078549173 -7598.026163103007 4014.928096832731
 9800.553344434395 36917.94585046625 22092.25981043547 -20767.17123314346
 -7388.118906136311 -1280.759136014043 4066.935166573163 4616.641127117166
 -7388.118906136311 -1280.759136014043 4066.935166573163 4616.641127117166
 -796.5436247598609 6730.871345171057 5129.756787507045 -1218.565926815911
 3399.070315192073 -3204.5239746978 9226.507238796141 -9385.367300209158
 6430.255610667689 8221.694767284716 -9380.09288333386 -4950.486935649702
 -7371.281791310448 916.8132665924932 3534.55940394245 3323.538241587028
 -7388.118906136311 -1280.759136014043 4066.935166573163 4616.641127117166
 -7388.118906136311 -1280.759136014043 4066.935166573163 4616.641127117166
 -7388.118906136311 -1280.759136014043 4066.935166573163 4616.641127117166
 21206.22507219344 681.1722056060335 -1804.031091224268 -35260.59048746122
 7895.033586961941 3462.105645859967 -421.3489680646198 -4911.071199982021
 -7388.118906136311 -1280.759136014043 4066.935166573163 4616.641127117166
 -7388.118906136311 -1280.759136014043 4066.935166573163 4616.641127117166
 -7388.118906136311 -1280.759136014043 4066.935166573163 4616.641127117166
 -7388.118906136311 -1280.759136014043 4066.935166573163 4616.641127117166
 8762.400149758163 8162.69892540474 -3604.863298782605 -8838.184679142356
 -3405.015682347911 43770.22724212406 9433.229399074504 13059.45107088419
 3399.070315192073 -3204.5239746978 9226.507238796141 -9385.367300209158
 14104.61037216879 13151.78636509279 -26194.05634537302 -20667.01321682349
 -7388.118906136311 -1280.759136014043 4066.935166573163 4616.641127117166
 -7388.118906136311 -1280.759136014043 4066.935166573163 4616.641127117166
 5996.407301333651 -596.1290489717776 9431.887463589403 -310.3674658236905
 -7388.118906136311 -1280.759136014043 4066.935166573163 4616.641127117166
 14774.8361796064 16869.07021678426 -43464.66708251852 -56497.26667988561
 9032.53516700846 -7450.782604081506 7616.627358121012 9105.894859543936
 26526.24162899543 16249.54525221497 32493.45139911141 -25171.18408028503
 -7388.118906136311 -1280.759136014043 4066.935166573163 4616.641127117166
 -7388.118906136311 -1280.759136014043 4066.935166573163 4616.641127117166
 -7388.118906136311 -1280.759136014043 4066.935166573163 4616.641127117166
 8649.851784440274 -233.8516916259596 5186.664107731067 -5855.578735189813
 -7388.118906136311 -1280.759136014043 4066.935166573163 4616.641127117166
 -7388.118906136311 -1280.759136014043 4066.935166573163 4616.641127117166
 6425.244886809661 9026.30962890304 7667.708761290572 1260.805023752036
 20359.72962016682 10206.74785006091 -16715.43169571765 -9068.214775456514
