# Created by Octave 4.2.1, Mon Oct 09 19:15:08 2017 BRT <root@mosqueiro>
# name: pop
# type: matrix
# rows: 1000
# columns: 4
 -7550.994568967475 9422.043339869355 8908.925889460448 -10742.73349019874
 -7550.994568967475 9422.043339869355 8908.925889460448 -10742.73349019874
 -7550.994568967475 9422.043339869355 8908.925889460448 -10742.73349019874
 -7550.994568967475 9422.043339869355 8908.925889460448 -10742.73349019874
 -7550.994568967475 9422.043339869355 8908.925889460448 -10742.73349019874
 10833.9501628263 -13692.48389031752 -5813.198244669534 14156.87460550391
 6578.308467050072 -7455.179293266177 -2641.327490118966 3562.587425725307
 6578.308467050072 -7455.179293266177 -2641.327490118966 3562.587425725307
 -7550.994568967475 9422.043339869355 8908.925889460448 -10742.73349019874
 6578.308467050072 -7455.179293266177 -2641.327490118966 3562.587425725307
 6578.308467050072 -7455.179293266177 -2641.327490118966 3562.587425725307
 -7550.994568967475 9422.043339869355 8908.925889460448 -10742.73349019874
 6578.308467050072 -7455.179293266177 -2641.327490118966 3562.587425725307
 -7550.994568967475 9422.043339869355 8908.925889460448 -10742.73349019874
 -7550.994568967475 9422.043339869355 8908.925889460448 -10742.73349019874
 6578.308467050072 -7455.179293266177 -2641.327490118966 3562.587425725307
 -1204.995312921425 -57.4931712974485 892.2720204209272 238.4268909279763
 6578.308467050072 -7455.179293266177 -2641.327490118966 3562.587425725307
 6578.308467050072 -7455.179293266177 -2641.327490118966 3562.587425725307
 10868.94348618798 -236.6183937714475 24763.24402084479 -8881.106662586029
 6578.308467050072 -7455.179293266177 -2641.327490118966 3562.587425725307
 9992.87610355622 5565.330687253387 -9185.95670017757 -6400.645024325235
 19568.56875018113 32490.35971549816 -3750.841147044363 2438.866321620409
 9992.87610355622 5565.330687253387 -9185.95670017757 -6400.645024325235
 6578.308467050072 -7455.179293266177 -2641.327490118966 3562.587425725307
 -1003.598458128988 2188.893274918668 -15249.34261867679 709.5961330337341
 -7550.994568967475 9422.043339869355 8908.925889460448 -10742.73349019874
 6578.308467050072 -7455.179293266177 -2641.327490118966 3562.587425725307
 6578.308467050072 -7455.179293266177 -2641.327490118966 3562.587425725307
 6578.308467050072 -7455.179293266177 -2641.327490118966 3562.587425725307
 6578.308467050072 -7455.179293266177 -2641.327490118966 3562.587425725307
 -7550.994568967475 9422.043339869355 8908.925889460448 -10742.73349019874
 6578.308467050072 -7455.179293266177 -2641.327490118966 3562.587425725307
 -7550.994568967475 9422.043339869355 8908.925889460448 -10742.73349019874
 6578.308467050072 -7455.179293266177 -2641.327490118966 3562.587425725307
 6578.308467050072 -7455.179293266177 -2641.327490118966 3562.587425725307
 6578.308467050072 -7455.179293266177 -2641.327490118966 3562.587425725307
 2559.27264092877 -2375.532267219034 -20743.1933738001 21550.56775367746
 -7524.155411143483 -1588.32189587653 -15335.47578997658 -8350.840978591612
 6333.339454916543 -2039.787671276163 7519.231450771572 541.8411582761128
 -7550.994568967475 9422.043339869355 8908.925889460448 -10742.73349019874
 -7550.994568967475 9422.043339869355 8908.925889460448 -10742.73349019874
 6578.308467050072 -7455.179293266177 -2641.327490118966 3562.587425725307
 6578.308467050072 -7455.179293266177 -2641.327490118966 3562.587425725307
 -1436.546752215867 -3809.019289647104 3938.183133631648 106.3139249314645
 6578.308467050072 -7455.179293266177 -2641.327490118966 3562.587425725307
 6578.308467050072 -7455.179293266177 -2641.327490118966 3562.587425725307
 2300.001956269922 1111.984150751196 1398.375543250735 10299.85140162267
 6578.308467050072 -7455.179293266177 -2641.327490118966 3562.587425725307
 6578.308467050072 -7455.179293266177 -2641.327490118966 3562.587425725307
 6578.308467050072 -7455.179293266177 -2641.327490118966 3562.587425725307
 6578.308467050072 -7455.179293266177 -2641.327490118966 3562.587425725307
 6578.308467050072 -7455.179293266177 -2641.327490118966 3562.587425725307
 -5143.786834755925 -31823.30038477176 -9141.03451575158 -7498.595137051434
 1375.58609901822 -15480.25637124675 -5481.28354726272 16762.15834706832
 -7550.994568967475 9422.043339869355 8908.925889460448 -10742.73349019874
 5581.217468830875 -5192.415650092287 6415.728518026925 -4272.986576377192
 6578.308467050072 -7455.179293266177 -2641.327490118966 3562.587425725307
 6578.308467050072 -7455.179293266177 -2641.327490118966 3562.587425725307
 6578.308467050072 -7455.179293266177 -2641.327490118966 3562.587425725307
 -7550.994568967475 9422.043339869355 8908.925889460448 -10742.73349019874
 -7550.994568967475 9422.043339869355 8908.925889460448 -10742.73349019874
 6578.308467050072 -7455.179293266177 -2641.327490118966 3562.587425725307
 6578.308467050072 -7455.179293266177 -2641.327490118966 3562.587425725307
 -15888.11118089661 24971.36057097564 21074.39298850903 -7512.043192374589
 6578.308467050072 -7455.179293266177 -2641.327490118966 3562.587425725307
 7177.115232247551 -10237.82051055499 17125.56302777532 2644.236981686189
 -7550.994568967475 9422.043339869355 8908.925889460448 -10742.73349019874
 -7550.994568967475 9422.043339869355 8908.925889460448 -10742.73349019874
 656.9260816880178 2208.753882851614 -1742.365203517456 -1610.46471266482
 -7550.994568967475 9422.043339869355 8908.925889460448 -10742.73349019874
 6578.308467050072 -7455.179293266177 -2641.327490118966 3562.587425725307
 -4308.766893574002 9958.218910530944 10194.25475506342 -2827.313938636186
 -7550.994568967475 9422.043339869355 8908.925889460448 -10742.73349019874
 6578.308467050072 -7455.179293266177 -2641.327490118966 3562.587425725307
 -7550.994568967475 9422.043339869355 8908.925889460448 -10742.73349019874
 -7550.994568967475 9422.043339869355 8908.925889460448 -10742.73349019874
 3803.485822659173 -81.44670943729398 -11146.35274386509 33660.53883498644
 6578.308467050072 -7455.179293266177 -2641.327490118966 3562.587425725307
 -7550.994568967475 9422.043339869355 8908.925889460448 -10742.73349019874
 6578.308467050072 -7455.179293266177 -2641.327490118966 3562.587425725307
 5361.222130775774 -9121.304074494727 7073.678430104232 -3224.1967778833
 5361.222130775774 -9121.304074494727 7073.678430104232 -3224.1967778833
 6578.308467050072 -7455.179293266177 -2641.327490118966 3562.587425725307
 6523.494758792345 -1971.056468008133 544.4235828379433 -11733.15521519078
 6578.308467050072 -7455.179293266177 -2641.327490118966 3562.587425725307
 52148.03386502629 -21666.18256864285 5163.246991187135 -2390.527341703505
 6578.308467050072 -7455.179293266177 -2641.327490118966 3562.587425725307
 6578.308467050072 -7455.179293266177 -2641.327490118966 3562.587425725307
 6578.308467050072 -7455.179293266177 -2641.327490118966 3562.587425725307
 32994.74519186928 -5860.134683563811 5534.129325397661 -11770.84638072057
 6578.308467050072 -7455.179293266177 -2641.327490118966 3562.587425725307
 -1471.365401436621 -12488.1396699966 -2107.625662570532 5492.695608618698
 5581.217468830875 -5192.415650092287 6415.728518026925 -4272.986576377192
 6578.308467050072 -7455.179293266177 -2641.327490118966 3562.587425725307
 6578.308467050072 -7455.179293266177 -2641.327490118966 3562.587425725307
 6578.308467050072 -7455.179293266177 -2641.327490118966 3562.587425725307
 6578.308467050072 -7455.179293266177 -2641.327490118966 3562.587425725307
 -16605.10090426858 31997.97127786887 46436.9492504961 -2385.28269941095
 6578.308467050072 -7455.179293266177 -2641.327490118966 3562.587425725307
 20092.54313159561 -12088.41894694304 -8464.326650709427 2615.262586945946
 -7550.994568967475 9422.043339869355 8908.925889460448 -10742.73349019874
 6578.308467050072 -7455.179293266177 -2641.327490118966 3562.587425725307
 6578.308467050072 -7455.179293266177 -2641.327490118966 3562.587425725307
 6578.308467050072 -7455.179293266177 -2641.327490118966 3562.587425725307
