# Created by Octave 4.2.1, Mon Oct 09 19:31:00 2017 BRT <root@mosqueiro>
# name: pop
# type: matrix
# rows: 1000
# columns: 4
 7635.920761536137 9246.401866862556 -9728.390991906339 -7154.940242532939
 8812.899203867286 9711.75127705191 -9756.18015333427 -8769.479793735831
 7635.637049964463 9246.520825845038 -9728.427013886308 -7154.741475429716
 7635.637049964463 9246.520825845038 -9728.427013886308 -7154.741475429716
 7635.637049964463 9246.520825845038 -9728.427013886308 -7154.741475429716
 8804.301058570431 9707.694409876069 -9740.32646726956 -8772.194066838249
 7635.637049964463 9246.520825845038 -9728.427013886308 -7154.741475429716
 7635.808507020382 9246.672589464137 -9728.624246425239 -7154.860428134506
 7635.879425484354 9246.488771113474 -9728.420221775132 -7154.739388587779
 8812.863379719576 9711.783009536466 -9756.161889912977 -8769.505758475483
 8812.899203867286 9711.75127705191 -9756.18015333427 -8769.479793735831
 8851.019338074024 9575.639060547966 -9646.118023016514 -8781.560502822938
 8816.145030330907 9710.998757425989 -9753.873806926076 -8772.80837984881
 7635.817485955453 9246.579238257258 -9728.460970830096 -7154.72782622827
 7635.637049964463 9246.520825845038 -9728.427013886308 -7154.741475429716
 8572.796002494068 9957.782698106217 -9805.090878437595 -8726.510621027899
 7635.879425484354 9246.488771113474 -9728.420221775132 -7154.739388587779
 7635.689055817389 9246.451042463537 -9728.445561709887 -7154.699623022544
 8812.863379719576 9711.783009536466 -9756.161889912977 -8769.505758475483
 7635.879425484354 9246.488771113474 -9728.420221775132 -7154.739388587779
 7635.637049964463 9246.520825845038 -9728.427013886308 -7154.741475429716
 8812.863379719576 9711.783009536466 -9756.161889912977 -8769.505758475483
 8812.863379719576 9711.783009536466 -9756.161889912977 -8769.505758475483
 8812.863379719576 9711.783009536466 -9756.161889912977 -8769.505758475483
 8812.863379719576 9711.783009536466 -9756.161889912977 -8769.505758475483
 8816.19990571794 9711.014861572821 -9753.81764537735 -8772.860665054008
 7635.879425484354 9246.488771113474 -9728.420221775132 -7154.739388587779
 8851.019338074024 9575.639060547966 -9646.118023016514 -8781.560502822938
 7635.689055817389 9246.451042463537 -9728.445561709887 -7154.699623022544
 8815.597413882393 9704.222666523481 -9722.437689450981 -8788.872108024405
 7635.663995163181 9246.526554571514 -9728.483823971492 -7154.535184334208
 7635.689055817389 9246.451042463537 -9728.445561709887 -7154.699623022544
 8812.963920048769 9711.784919937551 -9756.198795147844 -8769.567403657067
 8572.796002494068 9957.782698106217 -9805.090878437595 -8726.510621027899
 7635.893663998405 9246.388132982494 -9728.359875310891 -7154.913213510468
 7635.637049964463 9246.520825845038 -9728.427013886308 -7154.741475429716
 8812.863379719576 9711.783009536466 -9756.161889912977 -8769.505758475483
 8817.558198422361 9710.234304290687 -9763.722616986324 -8764.24427218197
 7635.785096017828 9246.439257799477 -9728.532479406755 -7154.707237678271
 8889.234384733745 9596.309287229882 -9689.969050922358 -8778.10823260383
 8811.554240439427 9696.364076076112 -9763.895217612389 -8774.263977687355
 8812.098541568914 9713.244566630783 -9756.407305380564 -8769.398985650472
 8812.026717612478 9698.949383092666 -9765.669797748116 -8750.789936345242
 7635.879425484354 9246.488771113474 -9728.420221775132 -7154.739388587779
 8812.788961728864 9711.75588260417 -9756.197851048777 -8769.514850174479
 8812.863379719576 9711.783009536466 -9756.161889912977 -8769.505758475483
 7635.879425484354 9246.488771113474 -9728.420221775132 -7154.739388587779
 8812.863379719576 9711.783009536466 -9756.161889912977 -8769.505758475483
 7635.879425484354 9246.488771113474 -9728.420221775132 -7154.739388587779
 7635.637049964463 9246.520825845038 -9728.427013886308 -7154.741475429716
 7635.637049964463 9246.520825845038 -9728.427013886308 -7154.741475429716
 7635.637049964463 9246.520825845038 -9728.427013886308 -7154.741475429716
 8816.19990571794 9711.014861572821 -9753.81764537735 -8772.860665054008
 8812.863379719576 9711.783009536466 -9756.161889912977 -8769.505758475483
 7635.879425484354 9246.488771113474 -9728.420221775132 -7154.739388587779
 7635.879425484354 9246.488771113474 -9728.420221775132 -7154.739388587779
 8812.899203867286 9711.75127705191 -9756.18015333427 -8769.479793735831
 7635.637049964463 9246.520825845038 -9728.427013886308 -7154.741475429716
 8812.863379719576 9711.783009536466 -9756.161889912977 -8769.505758475483
 7635.879425484354 9246.488771113474 -9728.420221775132 -7154.739388587779
 7635.962975573273 9246.345821544806 -9728.555531346035 -7154.740998873166
 8815.613394638411 9703.147022634621 -9756.763658318889 -8764.388668206484
 8816.19990571794 9711.014861572821 -9753.81764537735 -8772.860665054008
 7635.81761563689 9246.58667620398 -9728.388236514642 -7154.675846143306
 7635.879425484354 9246.488771113474 -9728.420221775132 -7154.739388587779
 7635.689055817389 9246.451042463537 -9728.445561709887 -7154.699623022544
 8812.863379719576 9711.783009536466 -9756.161889912977 -8769.505758475483
 7635.890892937273 9246.58077621677 -9728.463809881807 -7154.791993839344
 8817.540050767011 9710.19243351528 -9754.344637043161 -8774.273213126762
 7635.855539738714 9246.502808461428 -9728.408654287779 -7154.74043945247
 7635.637049964463 9246.520825845038 -9728.427013886308 -7154.741475429716
 8572.124777126097 9958.342574027603 -9806.105825977194 -8725.170709230135
 8572.796002494068 9957.782698106217 -9805.090878437595 -8726.510621027899
 8812.863379719576 9711.783009536466 -9756.161889912977 -8769.505758475483
 7635.879425484354 9246.488771113474 -9728.420221775132 -7154.739388587779
 8817.739119680766 9702.253539519397 -9756.456742992004 -8763.046504458114
 8812.85470298946 9711.797644848248 -9756.178401831474 -8769.503607966841
 7635.879425484354 9246.488771113474 -9728.420221775132 -7154.739388587779
 7635.637049964463 9246.520825845038 -9728.427013886308 -7154.741475429716
 8812.863379719576 9711.783009536466 -9756.161889912977 -8769.505758475483
 8816.19990571794 9711.014861572821 -9753.81764537735 -8772.860665054008
 8851.019338074024 9575.639060547966 -9646.118023016514 -8781.560502822938
 8828.672150595243 9705.138524190299 -9754.78968989534 -8779.74084582355
 7635.808507020382 9246.672589464137 -9728.624246425239 -7154.860428134506
 7635.879425484354 9246.488771113474 -9728.420221775132 -7154.739388587779
 8812.914621343503 9711.786759973234 -9756.177007762059 -8769.483195612578
 8816.19990571794 9711.014861572821 -9753.81764537735 -8772.860665054008
 7635.785096017828 9246.439257799477 -9728.532479406755 -7154.707237678271
 7635.689055817389 9246.451042463537 -9728.445561709887 -7154.699623022544
 7633.980502584568 9246.469099058499 -9728.913294649696 -7154.207533190169
 7635.879425484354 9246.488771113474 -9728.420221775132 -7154.739388587779
 8812.728351929523 9699.07862963484 -9763.327528413298 -8748.285724467441
 8812.863379719576 9711.783009536466 -9756.161889912977 -8769.505758475483
 7635.879425484354 9246.488771113474 -9728.420221775132 -7154.739388587779
 7636.287931102368 9233.216244240821 -9713.099693208547 -7156.760392848839
 8812.771464693078 9711.740399146627 -9756.07243484153 -8769.590795801396
 8572.157625211619 9958.377950746371 -9805.885349002045 -8725.220441791353
 7635.637049964463 9246.520825845038 -9728.427013886308 -7154.741475429716
 8812.863379719576 9711.783009536466 -9756.161889912977 -8769.505758475483
 8816.19990571794 9711.014861572821 -9753.81764537735 -8772.860665054008
 8812.913233397037 9711.776452835291 -9756.167564169056 -8769.450341861715
 8812.863379719576 9711.783009536466 -9756.161889912977 -8769.505758475483
 8812.863379719576 9711.783009536466 -9756.161889912977 -8769.505758475483
 7635.893663998405 9246.388132982494 -9728.359875310891 -7154.913213510468
 7635.808507020382 9246.672589464137 -9728.624246425239 -7154.860428134506
