# Created by Octave 4.2.1, Mon Oct 09 19:43:16 2017 BRT <root@mosqueiro>
# name: pop
# type: matrix
# rows: 1000
# columns: 4
 -2639.472985140584 -3812.067440325205 -549.1900288132856 7001.187050759279
 -2639.472985140584 -3812.067440325205 -549.1900288132856 7001.187050759279
 -2639.472985140584 -3812.067440325205 -549.1900288132856 7001.187050759279
 -2639.472985140584 -3812.067440325205 -549.1900288132856 7001.187050759279
 -2639.472985140584 -3812.067440325205 -549.1900288132856 7001.187050759279
 -1444.565203120839 8819.110600344942 -86.43453890902492 -7215.193710622583
 -3511.821583197147 9285.199346870606 -776.3271878993874 -3737.784163051595
 -2639.472985140584 -3812.067440325205 -549.1900288132856 7001.187050759279
 -5223.904251991732 -7326.715874236257 6137.537375689519 6232.785425147651
 -25391.61657416553 -7412.042986685332 -18036.50160380466 -974.7789327939099
 -2639.472985140584 -3812.067440325205 -549.1900288132856 7001.187050759279
 1453.784117511729 16854.66012187433 -17785.10531357877 33582.55638091227
 -2639.472985140584 -3812.067440325205 -549.1900288132856 7001.187050759279
 2225.261003634527 925.0701987196589 -6444.031981127644 3432.819854045354
 -2639.472985140584 -3812.067440325205 -549.1900288132856 7001.187050759279
 -9518.740038257398 -7698.576563636831 8124.73546961206 9154.357607225324
 -13762.87867135937 -9331.594558303648 6632.992207468105 -36451.84442984586
 -2639.472985140584 -3812.067440325205 -549.1900288132856 7001.187050759279
 161.3943110939999 6719.354854178076 -7974.902706737395 924.4194455703037
 5748.042737129406 -7303.390480883038 2347.237277232822 -467.401351380704
 -9827.638082870501 -7148.105885247399 -3842.791402032544 27537.43643368514
 -2639.472985140584 -3812.067440325205 -549.1900288132856 7001.187050759279
 -2639.472985140584 -3812.067440325205 -549.1900288132856 7001.187050759279
 -2639.472985140584 -3812.067440325205 -549.1900288132856 7001.187050759279
 -2639.472985140584 -3812.067440325205 -549.1900288132856 7001.187050759279
 -2639.472985140584 -3812.067440325205 -549.1900288132856 7001.187050759279
 -1444.565203120839 8819.110600344942 -86.43453890902492 -7215.193710622583
 -2639.472985140584 -3812.067440325205 -549.1900288132856 7001.187050759279
 7366.761583141575 -8982.31287149952 7582.676277165858 1933.86123480833
 -2639.472985140584 -3812.067440325205 -549.1900288132856 7001.187050759279
 -2639.472985140584 -3812.067440325205 -549.1900288132856 7001.187050759279
 9918.65682143407 -15722.03072783959 35962.55319502749 -25578.09252973485
 -2639.472985140584 -3812.067440325205 -549.1900288132856 7001.187050759279
 -2639.472985140584 -3812.067440325205 -549.1900288132856 7001.187050759279
 -5223.904251991732 -7326.715874236257 6137.537375689519 6232.785425147651
 -2639.472985140584 -3812.067440325205 -549.1900288132856 7001.187050759279
 -2639.472985140584 -3812.067440325205 -549.1900288132856 7001.187050759279
 -2639.472985140584 -3812.067440325205 -549.1900288132856 7001.187050759279
 -2639.472985140584 -3812.067440325205 -549.1900288132856 7001.187050759279
 10979.85254098513 16510.57421734238 10569.81862410288 -42262.99814854348
 -9456.007626089433 -5117.596250863487 8014.944364213083 6480.178417884101
 -2639.472985140584 -3812.067440325205 -549.1900288132856 7001.187050759279
 -2639.472985140584 -3812.067440325205 -549.1900288132856 7001.187050759279
 -21000.41096117585 16425.69099988246 17504.16161256865 1571.978302593699
 -2639.472985140584 -3812.067440325205 -549.1900288132856 7001.187050759279
 9665.456392933123 3683.545494227334 14924.70692736726 1618.473978458314
 -2639.472985140584 -3812.067440325205 -549.1900288132856 7001.187050759279
 -19776.91179526807 33896.18045389326 18500.17916736827 8556.321182832995
 -9456.007626089433 -5117.596250863487 8014.944364213083 6480.178417884101
 -2639.472985140584 -3812.067440325205 -549.1900288132856 7001.187050759279
 -5596.865588644135 7335.001016702303 7363.012302188326 -6974.700083200882
 26221.38734411448 7766.275241347397 8327.468371506926 -23124.06608014314
 -1444.565203120839 8819.110600344942 -86.43453890902492 -7215.193710622583
 -1444.565203120839 8819.110600344942 -86.43453890902492 -7215.193710622583
 -2639.472985140584 -3812.067440325205 -549.1900288132856 7001.187050759279
 -2639.472985140584 -3812.067440325205 -549.1900288132856 7001.187050759279
 -2639.472985140584 -3812.067440325205 -549.1900288132856 7001.187050759279
 -2639.472985140584 -3812.067440325205 -549.1900288132856 7001.187050759279
 -4293.851893083363 11811.3902570838 8023.257121947403 6802.163435992844
 -3168.811709190934 -5387.477070366467 3338.991706336255 8030.978945462433
 -2639.472985140584 -3812.067440325205 -549.1900288132856 7001.187050759279
 -2639.472985140584 -3812.067440325205 -549.1900288132856 7001.187050759279
 -30245.06037129713 -19771.76107071797 -15495.85589117741 9329.737017501599
 -9456.007626089433 -5117.596250863487 8014.944364213083 6480.178417884101
 -2639.472985140584 -3812.067440325205 -549.1900288132856 7001.187050759279
 35147.88119904869 9687.058406700549 6608.432118279172 -3797.242288371055
 -2639.472985140584 -3812.067440325205 -549.1900288132856 7001.187050759279
 2476.128928722778 9572.534972491851 -3174.502183804354 -42095.05521877423
 43557.11056557678 26782.16653545757 9522.599977441892 8832.822184626013
 10832.97578349647 2879.324801923589 -30961.99233285498 -14208.40163863128
 -2639.472985140584 -3812.067440325205 -549.1900288132856 7001.187050759279
 -2639.472985140584 -3812.067440325205 -549.1900288132856 7001.187050759279
 8558.831364439226 -6531.172638622191 3383.270214614322 -5832.048386543544
 4730.167586184915 7869.365743888714 -8752.193840342798 32823.38647078863
 -2639.472985140584 -3812.067440325205 -549.1900288132856 7001.187050759279
 -2639.472985140584 -3812.067440325205 -549.1900288132856 7001.187050759279
 -3012.231454577224 -3335.041040377255 28155.99567901187 -13477.58198032671
 -9518.740038257398 -7698.576563636831 8124.73546961206 9154.357607225324
 -9456.007626089433 -5117.596250863487 8014.944364213083 6480.178417884101
 -2639.472985140584 -3812.067440325205 -549.1900288132856 7001.187050759279
 -9518.740038257398 -7698.576563636831 8124.73546961206 9154.357607225324
 7366.761583141575 -8982.31287149952 7582.676277165858 1933.86123480833
 18149.32461421855 -7528.896287340248 12990.52585501496 17739.53022125431
 -2639.472985140584 -3812.067440325205 -549.1900288132856 7001.187050759279
 2225.261003634527 925.0701987196589 -6444.031981127644 3432.819854045354
 -2639.472985140584 -3812.067440325205 -549.1900288132856 7001.187050759279
 -2639.472985140584 -3812.067440325205 -549.1900288132856 7001.187050759279
 -2639.472985140584 -3812.067440325205 -549.1900288132856 7001.187050759279
 -2463.326391931856 6378.269377153887 2024.720095886189 -6120.746964799409
 -2639.472985140584 -3812.067440325205 -549.1900288132856 7001.187050759279
 -2639.472985140584 -3812.067440325205 -549.1900288132856 7001.187050759279
 -2639.472985140584 -3812.067440325205 -549.1900288132856 7001.187050759279
 -2639.472985140584 -3812.067440325205 -549.1900288132856 7001.187050759279
 -2639.472985140584 -3812.067440325205 -549.1900288132856 7001.187050759279
 -2639.472985140584 -3812.067440325205 -549.1900288132856 7001.187050759279
 -2639.472985140584 -3812.067440325205 -549.1900288132856 7001.187050759279
 1761.985086814317 -4603.87845652492 6863.436636710616 -4186.701066836197
 -2639.472985140584 -3812.067440325205 -549.1900288132856 7001.187050759279
 10979.85254098513 16510.57421734238 10569.81862410288 -42262.99814854348
 2225.261003634527 925.0701987196589 -6444.031981127644 3432.819854045354
 7604.767127147436 4615.785975025792 6042.962201499695 -3850.231851713909
 7500.101013924861 -6430.730971508126 1772.784047438327 -3629.436924936912
 27534.54733981747 2842.758533769358 4844.81670981503 -2026.692512763651
 -2639.472985140584 -3812.067440325205 -549.1900288132856 7001.187050759279
