# Created by Octave 4.2.1, Mon Oct 09 19:41:09 2017 BRT <root@mosqueiro>
# name: pop
# type: matrix
# rows: 1000
# columns: 4
 -7480.391577761785 -1323.762026480436 4102.256724227663 4700.896901526867
 -7480.391577761785 -1323.762026480436 4102.256724227663 4700.896901526867
 -7480.391577761785 -1323.762026480436 4102.256724227663 4700.896901526867
 -7480.391577761785 -1323.762026480436 4102.256724227663 4700.896901526867
 -7480.391577761785 -1323.762026480436 4102.256724227663 4700.896901526867
 -7480.181020760931 -1323.684231566536 4102.039049875563 4700.842070198772
 -7480.181020760931 -1323.684231566536 4102.039049875563 4700.842070198772
 -7480.435130299403 -1323.738457048257 4102.306969383488 4700.881856917817
 -7481.569794447016 -1323.528330876475 4103.402975084896 4700.743403129503
 -7491.605408941772 -1284.314463843254 4119.965062646957 4658.289558825307
 -7395.791088765245 -1308.165518290362 4062.623926302736 4640.333799653859
 -7480.427663634422 -1323.743311611503 4102.305516152667 4700.882531525834
 -7480.435130299403 -1323.738457048257 4102.306969383488 4700.881856917817
 -7480.435130299403 -1323.738457048257 4102.306969383488 4700.881856917817
 -7480.181020760931 -1323.684231566536 4102.039049875563 4700.842070198772
 -7480.435130299403 -1323.738457048257 4102.306969383488 4700.881856917817
 -10324.82158791877 -379.1637934029191 6712.090700467143 4000.236401409895
 -7481.569794447016 -1323.528330876475 4103.402975084896 4700.743403129503
 -7395.791088765245 -1308.165518290362 4062.623926302736 4640.333799653859
 -7480.435130299403 -1323.738457048257 4102.306969383488 4700.881856917817
 -7480.435130299403 -1323.738457048257 4102.306969383488 4700.881856917817
 -7395.792843878225 -1308.155044664095 4062.599621947352 4640.326504026513
 -7480.181020760931 -1323.684231566536 4102.039049875563 4700.842070198772
 -7395.791088765245 -1308.165518290362 4062.623926302736 4640.333799653859
 -7481.529222034025 -1323.479190929668 4103.449450738226 4700.785900182187
 -7480.181020760931 -1323.684231566536 4102.039049875563 4700.842070198772
 -7480.181020760931 -1323.684231566536 4102.039049875563 4700.842070198772
 -7395.791088765245 -1308.165518290362 4062.623926302736 4640.333799653859
 -7480.435130299403 -1323.738457048257 4102.306969383488 4700.881856917817
 -7480.435130299403 -1323.738457048257 4102.306969383488 4700.881856917817
 -7480.397425451785 -1323.77061335004 4102.269423086483 4700.889242841592
 -7480.435130299403 -1323.738457048257 4102.306969383488 4700.881856917817
 -7395.791088765245 -1308.165518290362 4062.623926302736 4640.333799653859
 -7480.391577761785 -1323.762026480436 4102.256724227663 4700.896901526867
 -7480.435130299403 -1323.738457048257 4102.306969383488 4700.881856917817
 -7481.436639985643 -1324.474467179467 4103.598670574086 4700.460262042465
 -7480.181020760931 -1323.684231566536 4102.039049875563 4700.842070198772
 -7481.609555035286 -1323.470521807733 4103.726073426143 4700.747262684784
 -7480.435130299403 -1323.738457048257 4102.306969383488 4700.881856917817
 -7481.544642728687 -1323.629079473236 4103.393853571674 4700.788395469396
 -7481.569794447016 -1323.528330876475 4103.402975084896 4700.743403129503
 -7395.791088765245 -1308.165518290362 4062.623926302736 4640.333799653859
 -7480.435130299403 -1323.738457048257 4102.306969383488 4700.881856917817
 -7504.808668211345 -1283.80167408253 4142.137398585714 4642.104301712928
 -7480.178722754206 -1323.690120437412 4102.054967342441 4700.834944638348
 -7480.435130299403 -1323.738457048257 4102.306969383488 4700.881856917817
 -7481.569794447016 -1323.528330876475 4103.402975084896 4700.743403129503
 -7480.435130299403 -1323.738457048257 4102.306969383488 4700.881856917817
 -7480.181020760931 -1323.684231566536 4102.039049875563 4700.842070198772
 -7480.391577761785 -1323.762026480436 4102.256724227663 4700.896901526867
 -7395.791088765245 -1308.165518290362 4062.623926302736 4640.333799653859
 -7480.435130299403 -1323.738457048257 4102.306969383488 4700.881856917817
 -7480.435130299403 -1323.738457048257 4102.306969383488 4700.881856917817
 -7481.264712838575 -1323.611482373595 4103.159689491275 4700.816562950262
 -7480.391577761785 -1323.762026480436 4102.256724227663 4700.896901526867
 -7480.391577761785 -1323.762026480436 4102.256724227663 4700.896901526867
 -7480.476192777461 -1323.831212285601 4102.436549263157 4700.928779718754
 -7481.580786550265 -1323.580969725949 4103.383816873836 4700.720869604959
 -7480.435130299403 -1323.738457048257 4102.306969383488 4700.881856917817
 -7480.435130299403 -1323.738457048257 4102.306969383488 4700.881856917817
 -7395.852593316612 -1308.16871178321 4062.588953663117 4640.336767761578
 -7480.526815774944 -1323.922392268633 4102.853088713285 4700.604413649462
 -7395.786596518062 -1308.17208200215 4062.604982299632 4640.339434000475
 -7480.181020760931 -1323.684231566536 4102.039049875563 4700.842070198772
 -7481.544642728687 -1323.629079473236 4103.393853571674 4700.788395469396
 -7480.391577761785 -1323.762026480436 4102.256724227663 4700.896901526867
 -7491.622559643338 -1284.240607280592 4120.090306015535 4658.222325090163
 -7491.355489190722 -1281.037964077077 4123.015472210894 4650.126473141145
 -7480.435130299403 -1323.738457048257 4102.306969383488 4700.881856917817
 -7480.391577761785 -1323.762026480436 4102.256724227663 4700.896901526867
 -7480.435130299403 -1323.738457048257 4102.306969383488 4700.881856917817
 -7480.435130299403 -1323.738457048257 4102.306969383488 4700.881856917817
 -7480.391577761785 -1323.762026480436 4102.256724227663 4700.896901526867
 -7395.791088765245 -1308.165518290362 4062.623926302736 4640.333799653859
 -7480.391577761785 -1323.762026480436 4102.256724227663 4700.896901526867
 -7480.391577761785 -1323.762026480436 4102.256724227663 4700.896901526867
 -7481.569794447016 -1323.528330876475 4103.402975084896 4700.743403129503
 -7480.181020760931 -1323.684231566536 4102.039049875563 4700.842070198772
 -7480.391577761785 -1323.762026480436 4102.256724227663 4700.896901526867
 -7481.569794447016 -1323.528330876475 4103.402975084896 4700.743403129503
 -7480.181020760931 -1323.684231566536 4102.039049875563 4700.842070198772
 -7395.791088765245 -1308.165518290362 4062.623926302736 4640.333799653859
 -7480.391577761785 -1323.762026480436 4102.256724227663 4700.896901526867
 -7480.181020760931 -1323.684231566536 4102.039049875563 4700.842070198772
 -7480.435130299403 -1323.738457048257 4102.306969383488 4700.881856917817
 -7475.873297649091 -1325.251313819328 4104.568041718984 4699.53632032591
 -7481.566370768246 -1323.530111803253 4103.399209902744 4700.735801497309
 -7481.927272775094 -1322.997366351437 4103.426871468894 4700.48815657819
 -7480.445130094725 -1323.739840223756 4102.309568252807 4700.882234828125
 -7480.463178883861 -1323.682690909996 4102.324794076315 4700.851037400624
 -7480.181020760931 -1323.684231566536 4102.039049875563 4700.842070198772
 -7480.435130299403 -1323.738457048257 4102.306969383488 4700.881856917817
 -7395.791088765245 -1308.165518290362 4062.623926302736 4640.333799653859
 -7481.561458260158 -1323.535370067689 4103.421081246343 4700.754868975068
 -7480.435130299403 -1323.738457048257 4102.306969383488 4700.881856917817
 -7480.181020760931 -1323.684231566536 4102.039049875563 4700.842070198772
 -7480.391577761785 -1323.762026480436 4102.256724227663 4700.896901526867
 -7480.181020760931 -1323.684231566536 4102.039049875563 4700.842070198772
 -7480.435130299403 -1323.738457048257 4102.306969383488 4700.881856917817
 -7480.435130299403 -1323.738457048257 4102.306969383488 4700.881856917817
 -7480.181020760931 -1323.684231566536 4102.039049875563 4700.842070198772
 -7480.435130299403 -1323.738457048257 4102.306969383488 4700.881856917817
 -7480.435130299403 -1323.738457048257 4102.306969383488 4700.881856917817
 -7480.181020760931 -1323.684231566536 4102.039049875563 4700.842070198772
 -7480.435130299403 -1323.738457048257 4102.306969383488 4700.881856917817
