# Created by Octave 4.2.1, Mon Oct 09 19:12:53 2017 BRT <root@mosqueiro>
# name: pop
# type: matrix
# rows: 1000
# columns: 4
 6578.308467050072 -7455.179293266177 -2641.327490118966 3562.587425725307
 6578.308467050072 -7455.179293266177 -2641.327490118966 3562.587425725307
 6578.308467050072 -7455.179293266177 -2641.327490118966 3562.587425725307
 6578.308467050072 -7455.179293266177 -2641.327490118966 3562.587425725307
 6578.308467050072 -7455.179293266177 -2641.327490118966 3562.587425725307
 6903.998191828188 -1724.060535679329 -8875.898749841601 4365.689083146859
 8993.010455648538 2690.157877668638 -9228.937008420005 -2325.912403897282
 7111.28830315423 -9043.995869454373 6395.878883001147 -970.7864021998757
 3813.192132665218 -14424.71259287243 -11960.89308343271 7343.844331450029
 5361.222130775774 -9121.304074494727 7073.678430104232 -3224.1967778833
 9456.349661852317 -7092.716142307198 8177.16343268062 -8584.537851539822
 8635.367824146357 2954.679814811141 -3249.935043442028 -8460.958957023406
 2998.530532561865 1255.864499491225 -3494.157183051669 -1154.717512393387
 -7309.85251220556 7002.137945853032 -8567.18546219659 8611.018248408447
 -7889.716183788226 2248.031762541515 2604.516964591192 3203.230787299601
 9626.604199170564 6464.617378388037 3461.082031114549 -6513.424410553273
 4552.730722783794 -1212.364967959764 9045.044267920854 8453.580252435971
 -1298.874486820652 4178.068450479333 976.3581820984837 -3527.655845557979
 5316.548711588564 -3210.354495069138 -9077.075052934282 9319.361590195342
 -30528.22997991253 -7119.530478276265 32624.70668020767 6381.743452566338
 6578.308467050072 -7455.179293266177 -2641.327490118966 3562.587425725307
 6578.308467050072 -7455.179293266177 -2641.327490118966 3562.587425725307
 5259.917279923542 -2298.678120529022 4367.256886652985 9454.291177768861
 -4956.321186344702 -1113.80149904483 3987.109318387018 2032.163084530512
 -2564.842730472297 5296.771711324594 3941.435437294505 9887.705374064852
 -8196.966123757898 7948.023624502815 38217.12436580007 18705.82593315014
 7660.852387084244 1163.319931903365 1816.454233170134 4681.556192026115
 2998.530532561865 1255.864499491225 -3494.157183051669 -1154.717512393387
 -4956.321186344702 -1113.80149904483 3987.109318387018 2032.163084530512
 9992.87610355622 5565.330687253387 -9185.95670017757 -6400.645024325235
 -994.1953709577738 -9583.662463425866 3490.298640038845 7258.999052453437
 10576.44910770677 1563.647550584001 -20474.92846425989 -17961.25118749365
 10114.86407092247 -30707.22255989075 4918.543432398837 16566.54427403126
 9400.261858288715 -5496.5616687672 -9009.002140004444 6108.211925467958
 1767.806307900879 -9662.939928476168 -6706.568104333304 1019.842331191623
 -4296.062915609965 -1568.850917726506 4624.361352174867 -9286.91433814725
 1882.645616981072 7800.306909605199 -9696.586065887059 -560.4930055563109
 -1436.546752215867 -3809.019289647104 3938.183133631648 106.3139249314645
 7111.28830315423 -9043.995869454373 6395.878883001147 -970.7864021998757
 -2562.162683235846 5893.081419838973 1619.255984452207 -4653.230195190305
 6578.308467050072 -7455.179293266177 -2641.327490118966 3562.587425725307
 7198.984786917244 -4918.601729590165 2488.091157452876 -2920.583228881464
 -1204.995312921425 -57.4931712974485 892.2720204209272 238.4268909279763
 -341.8471273365212 -6256.931643323673 5247.751072605934 9381.921675435275
 -6200.670244435621 311.1249850149143 3798.648225630061 8900.01721957713
 8040.715979728149 -1303.662260438499 -2041.894855555356 -284.422474429537
 4909.99356405021 5217.742352010375 2256.65724965962 7038.591481969204
 -1204.995312921425 -57.4931712974485 892.2720204209272 238.4268909279763
 -8489.969314624441 -9508.483302261217 5099.476891430109 -833.0021416794716
 3985.366146921366 -1080.857434505237 -1248.500431248169 830.4033600086841
 6578.308467050072 -7455.179293266177 -2641.327490118966 3562.587425725307
 -4139.50013677781 -24465.9406129322 -26437.29789627163 7701.951719930045
 3331.850959830412 -3582.639395593673 6609.815960917174 -3261.025026705534
 -7995.282051937475 -9836.22152819841 -5286.308487750292 -4670.441826989714
 -8532.247437410002 -1027.256374535651 -5461.821225274105 9047.866436343327
 -8139.097248875745 2330.777617785936 8074.316672171884 1874.720687818035
 -114.066291750868 13748.74524348014 35568.24951838219 6219.666615905292
 5259.917279923542 -2298.678120529022 4367.256886652985 9454.291177768861
 -4884.687517695628 -6213.354956050249 -1534.968343780276 5441.339892917802
 -3411.818931476058 9525.704369935913 -8035.390816012626 2045.35685342855
 -4956.321186344702 -1113.80149904483 3987.109318387018 2032.163084530512
 6578.308467050072 -7455.179293266177 -2641.327490118966 3562.587425725307
 6279.163639196278 -604.8798564413955 8043.882743227274 -1382.718095478325
 18001.21413653977 14764.66934008831 5269.861316479926 13624.27914265946
 -3418.310566895716 9851.19059778528 498.6804217249173 5591.063063904285
 -1298.874486820652 4178.068450479333 976.3581820984837 -3527.655845557979
 3331.850959830412 -3582.639395593673 6609.815960917174 -3261.025026705534
 -7649.876146967999 7502.082652594807 -1476.668675367382 1933.318146516429
 -882.9373808080654 9495.14197586662 5911.906136866681 -5836.864992510614
 529.4335421348278 515.4573795197175 -4336.853638146662 4439.23901199628
 2784.259048789458 2053.786974506307 -9382.115080189596 5378.890575605974
 9992.87610355622 5565.330687253387 -9185.95670017757 -6400.645024325235
 3103.780496907018 7597.065804761183 -5646.898515161894 -4204.973749787267
 -5574.000424706585 -6709.795538769142 -4184.638946791373 597.9476101746332
 6578.308467050072 -7455.179293266177 -2641.327490118966 3562.587425725307
 6578.308467050072 -7455.179293266177 -2641.327490118966 3562.587425725307
 -2648.416957588596 -1743.929860467204 -5663.502630294564 6649.371566661965
 9992.87610355622 5565.330687253387 -9185.95670017757 -6400.645024325235
 5361.222130775774 -9121.304074494727 7073.678430104232 -3224.1967778833
 2301.006347133922 -7880.38239324664 8236.698201964005 3605.501716615971
 7198.984786917244 -4918.601729590165 2488.091157452876 -2920.583228881464
 6578.308467050072 -7455.179293266177 -2641.327490118966 3562.587425725307
 38138.81323542928 7686.035293217693 43722.76223591692 -18698.93220492227
 6578.308467050072 -7455.179293266177 -2641.327490118966 3562.587425725307
 5581.217468830875 -5192.415650092287 6415.728518026925 -4272.986576377192
 18001.21413653977 14764.66934008831 5269.861316479926 13624.27914265946
 -3883.852560983386 -9213.083904988534 -1752.469565622065 4203.252745258327
 25808.86125736725 20418.39191045729 20439.98032889076 -15250.23105686303
 -1066.068960967916 1879.062922953042 5812.160971840294 -6645.707781130788
 -5411.408091903657 470.3752831981847 8445.629642267842 -7584.084781911201
 9456.349661852317 -7092.716142307198 8177.16343268062 -8584.537851539822
 -9325.142374781906 2257.027561623981 -937.9485651747218 7703.490088811744
 8635.367824146357 2954.679814811141 -3249.935043442028 -8460.958957023406
 6617.56200756464 -5662.181737316686 4494.496159264794 -9655.585852562212
 9992.87610355622 5565.330687253387 -9185.95670017757 -6400.645024325235
 8395.174626275053 -3196.832402208679 1370.02293199922 436.2978492249422
 -9315.160590336493 5386.904418920876 713.9512104913501 3077.01458808118
 -7442.153260711671 -3029.988484178813 -6379.77435159067 -765.8853754497904
 -9315.160590336493 5386.904418920876 713.9512104913501 3077.01458808118
 -5772.869376134007 -4560.182167590535 2673.287415914161 8967.386351870522
 -3140.25917817137 28518.85313173688 -8444.099477025189 -87.048519245222
 31217.37330446609 -1014.657846989137 -14513.34808009796 10740.1695298552
 -4144.752919671038 -3441.314326202426 -9565.261685897494 -1003.176956071862
 -868.3391299362906 40982.49996128477 22113.22486319982 -1363.992312915422
 7303.383242735599 -1798.650294807161 -4112.607727304617 4463.453556555727
