# Created by Octave 4.2.1, Mon Oct 09 19:17:03 2017 BRT <root@mosqueiro>
# name: pop
# type: matrix
# rows: 1000
# columns: 4
 -7550.994568967475 9422.043339869355 8908.925889460448 -10742.73349019874
 -7550.994568967475 9422.043339869355 8908.925889460448 -10742.73349019874
 -7550.994568967475 9422.043339869355 8908.925889460448 -10742.73349019874
 -7550.994568967475 9422.043339869355 8908.925889460448 -10742.73349019874
 -7550.994568967475 9422.043339869355 8908.925889460448 -10742.73349019874
 -7550.994568967475 9422.043339869355 8908.925889460448 -10742.73349019874
 12795.25218458082 -7159.298409302268 3833.52577117693 5104.51677972886
 -7550.994568967475 9422.043339869355 8908.925889460448 -10742.73349019874
 -7550.994568967475 9422.043339869355 8908.925889460448 -10742.73349019874
 -7550.994568967475 9422.043339869355 8908.925889460448 -10742.73349019874
 -7550.994568967475 9422.043339869355 8908.925889460448 -10742.73349019874
 -7550.994568967475 9422.043339869355 8908.925889460448 -10742.73349019874
 6578.308467050072 -7455.179293266177 -2641.327490118966 3562.587425725307
 6578.308467050072 -7455.179293266177 -2641.327490118966 3562.587425725307
 -7550.994568967475 9422.043339869355 8908.925889460448 -10742.73349019874
 -6349.733241778204 12822.48413883312 9266.656375679942 -7235.230759280708
 6578.308467050072 -7455.179293266177 -2641.327490118966 3562.587425725307
 -8056.397324566912 7965.85154186674 9348.695832024236 -12152.11193775176
 26.53414083667712 9989.24019532391 24430.38827227195 1797.0817603317
 -7550.994568967475 9422.043339869355 8908.925889460448 -10742.73349019874
 6363.256893260129 -4591.399493543991 -354.8639509208774 3373.51752496968
 -7550.994568967475 9422.043339869355 8908.925889460448 -10742.73349019874
 15239.13086420313 -2326.522876411745 -17243.32624728639 -3623.010070547597
 -9503.418615140885 9486.484307968025 7577.251859646298 -10107.77004731554
 -7550.994568967475 9422.043339869355 8908.925889460448 -10742.73349019874
 -7550.994568967475 9422.043339869355 8908.925889460448 -10742.73349019874
 -7550.994568967475 9422.043339869355 8908.925889460448 -10742.73349019874
 -7550.994568967475 9422.043339869355 8908.925889460448 -10742.73349019874
 -6653.949743803664 8925.961659928418 8714.138370502749 -10480.9579220206
 -7550.994568967475 9422.043339869355 8908.925889460448 -10742.73349019874
 -7248.335795569551 9141.084263419583 9979.085167050267 -9789.894120439576
 -10175.60951352482 10455.16988782655 3622.792563976218 -12253.92530458714
 -6431.374867338468 -26428.11882029524 -10820.14926121044 9243.458050153427
 -7550.994568967475 9422.043339869355 8908.925889460448 -10742.73349019874
 -7550.994568967475 9422.043339869355 8908.925889460448 -10742.73349019874
 -7502.713257653742 7359.522412050394 9178.984939049134 -10555.63827881591
 -7550.994568967475 9422.043339869355 8908.925889460448 -10742.73349019874
 -7550.994568967475 9422.043339869355 8908.925889460448 -10742.73349019874
 -7096.597108380846 11670.64080059499 7686.256923147677 -10107.02620953251
 -2360.009493867279 -22161.35750630577 -10073.34960956314 -17047.25616142504
 -7550.994568967475 9422.043339869355 8908.925889460448 -10742.73349019874
 -2510.161151745378 10116.82478458526 10620.43885601449 -3191.784280552719
 -7550.994568967475 9422.043339869355 8908.925889460448 -10742.73349019874
 -7550.994568967475 9422.043339869355 8908.925889460448 -10742.73349019874
 -4034.727339610809 6278.614925695449 12775.19671122229 -11245.79358367861
 -489.9769879860523 9497.028629812748 24562.23350213301 60.14120287384446
 -7550.994568967475 9422.043339869355 8908.925889460448 -10742.73349019874
 -7550.994568967475 9422.043339869355 8908.925889460448 -10742.73349019874
 -7550.994568967475 9422.043339869355 8908.925889460448 -10742.73349019874
 -7550.994568967475 9422.043339869355 8908.925889460448 -10742.73349019874
 -7066.29450685571 12926.46040458294 9420.746652388965 -13420.81493992476
 -7036.88040262399 9151.50197007152 7796.738802674282 -11539.04217367011
 -7550.994568967475 9422.043339869355 8908.925889460448 -10742.73349019874
 -7550.994568967475 9422.043339869355 8908.925889460448 -10742.73349019874
 17672.51272218706 -4961.221424947531 -3531.488060617346 7880.987727978349
 -7550.994568967475 9422.043339869355 8908.925889460448 -10742.73349019874
 11736.59168583331 -5510.948243153434 2479.308370719498 -5805.990905842742
 -7550.994568967475 9422.043339869355 8908.925889460448 -10742.73349019874
 -7550.994568967475 9422.043339869355 8908.925889460448 -10742.73349019874
 -7550.994568967475 9422.043339869355 8908.925889460448 -10742.73349019874
 5526.538662141475 -8505.686175230261 -2040.126032444633 2615.058496677357
 -6105.761915397862 7968.859892418128 9225.252817785442 -11539.17386492094
 -7550.994568967475 9422.043339869355 8908.925889460448 -10742.73349019874
 -7550.994568967475 9422.043339869355 8908.925889460448 -10742.73349019874
 -6105.761915397862 7968.859892418128 9225.252817785442 -11539.17386492094
 -7550.994568967475 9422.043339869355 8908.925889460448 -10742.73349019874
 -9800.476649943907 12723.22338465263 8236.864996732505 -10417.6353235965
 -7550.994568967475 9422.043339869355 8908.925889460448 -10742.73349019874
 -7550.994568967475 9422.043339869355 8908.925889460448 -10742.73349019874
 -7550.994568967475 9422.043339869355 8908.925889460448 -10742.73349019874
 -7550.994568967475 9422.043339869355 8908.925889460448 -10742.73349019874
 -6646.916377194779 11376.19142194296 14329.55676648066 -7594.139563625176
 -2510.161151745378 10116.82478458526 10620.43885601449 -3191.784280552719
 -7550.994568967475 9422.043339869355 8908.925889460448 -10742.73349019874
 -7550.994568967475 9422.043339869355 8908.925889460448 -10742.73349019874
 -7550.994568967475 9422.043339869355 8908.925889460448 -10742.73349019874
 -7550.994568967475 9422.043339869355 8908.925889460448 -10742.73349019874
 -7550.994568967475 9422.043339869355 8908.925889460448 -10742.73349019874
 -6580.735044142345 13562.83198528841 7967.911551183436 -8662.42706034945
 -6773.819522055136 7412.936228664428 7512.511803734704 -9619.783579346768
 -7550.994568967475 9422.043339869355 8908.925889460448 -10742.73349019874
 -7550.994568967475 9422.043339869355 8908.925889460448 -10742.73349019874
 -7550.994568967475 9422.043339869355 8908.925889460448 -10742.73349019874
 -7550.994568967475 9422.043339869355 8908.925889460448 -10742.73349019874
 -7550.994568967475 9422.043339869355 8908.925889460448 -10742.73349019874
 -7550.994568967475 9422.043339869355 8908.925889460448 -10742.73349019874
 -7550.994568967475 9422.043339869355 8908.925889460448 -10742.73349019874
 -7550.994568967475 9422.043339869355 8908.925889460448 -10742.73349019874
 -7550.994568967475 9422.043339869355 8908.925889460448 -10742.73349019874
 -7550.994568967475 9422.043339869355 8908.925889460448 -10742.73349019874
 6578.308467050072 -7455.179293266177 -2641.327490118966 3562.587425725307
 -7550.994568967475 9422.043339869355 8908.925889460448 -10742.73349019874
 7392.389755614481 -2031.848475310213 -3740.093093699224 -4282.501720964361
 -5142.608645762238 9099.641269669171 10122.63842136143 -6843.656189741909
 9490.121726743035 -1401.75046406227 -2646.055226873783 707.3642767301267
 -8013.786394632812 11290.23133587127 7568.918980348382 -9925.00309548008
 9966.273386772689 -3121.549520913921 3101.568993615895 -5052.465825155011
 -7550.994568967475 9422.043339869355 8908.925889460448 -10742.73349019874
 5581.217468830875 -5192.415650092287 6415.728518026925 -4272.986576377192
 -10175.60951352482 10455.16988782655 3622.792563976218 -12253.92530458714
 -7550.994568967475 9422.043339869355 8908.925889460448 -10742.73349019874
 11428.96971049978 541.3889427703689 -2655.123737518932 9157.655799820368
 -7550.994568967475 9422.043339869355 8908.925889460448 -10742.73349019874
 -7550.994568967475 9422.043339869355 8908.925889460448 -10742.73349019874
 -7550.994568967475 9422.043339869355 8908.925889460448 -10742.73349019874
