# Created by Octave 4.2.1, Mon Oct 09 19:05:23 2017 BRT <root@mosqueiro>
# name: pop
# type: matrix
# rows: 1000
# columns: 4
 -8997.480816536225 13655.60719147824 12013.31500166485 -16664.49924841844
 -8997.480816536225 13655.60719147824 12013.31500166485 -16664.49924841844
 -8997.480816536225 13655.60719147824 12013.31500166485 -16664.49924841844
 -8997.480816536225 13655.60719147824 12013.31500166485 -16664.49924841844
 -8997.480816536225 13655.60719147824 12013.31500166485 -16664.49924841844
 -17562.91164351943 18008.94573452195 632.6333659359916 -505.6939473951315
 -3242.063772885232 5110.64106222893 5558.902254626702 -7417.344606165118
 -11988.27609484021 -27233.79041714085 11363.2170184369 -21636.59801104412
 -3242.063772885232 5110.64106222893 5558.902254626702 -7417.344606165118
 -3242.063772885232 5110.64106222893 5558.902254626702 -7417.344606165118
 -3242.063772885232 5110.64106222893 5558.902254626702 -7417.344606165118
 -36316.26920034233 -38110.79571090923 23822.7140427195 4125.105273248491
 -17511.14423173173 25367.53488860666 24662.6776021445 5408.113938670761
 -3242.063772885232 5110.64106222893 5558.902254626702 -7417.344606165118
 -3242.063772885232 5110.64106222893 5558.902254626702 -7417.344606165118
 -12514.76515986334 -8630.626063829339 -2366.785544587305 7882.059248858274
 -31043.38279264197 -5686.292035057137 -4602.536589522071 2364.447700881637
 37146.39607227425 -58563.37465615386 -33378.92662614011 10606.66427604863
 -3242.063772885232 5110.64106222893 5558.902254626702 -7417.344606165118
 15504.76527040231 15146.99512825765 -3705.504906166292 13821.47745412852
 -3242.063772885232 5110.64106222893 5558.902254626702 -7417.344606165118
 -3242.063772885232 5110.64106222893 5558.902254626702 -7417.344606165118
 -8997.480816536225 13655.60719147824 12013.31500166485 -16664.49924841844
 -31434.45266429849 40743.00246883841 40120.21544266858 13764.8220522502
 -3242.063772885232 5110.64106222893 5558.902254626702 -7417.344606165118
 -3242.063772885232 5110.64106222893 5558.902254626702 -7417.344606165118
 -10539.40202180855 11323.07893989678 -3857.969015954017 13214.4149216462
 -3242.063772885232 5110.64106222893 5558.902254626702 -7417.344606165118
 7603.85639179992 1849.085503321317 -15878.27322984872 1633.124765389464
 -3242.063772885232 5110.64106222893 5558.902254626702 -7417.344606165118
 -8997.480816536225 13655.60719147824 12013.31500166485 -16664.49924841844
 -3242.063772885232 5110.64106222893 5558.902254626702 -7417.344606165118
 -8997.480816536225 13655.60719147824 12013.31500166485 -16664.49924841844
 -9742.154370291286 1630.877927581631 9338.340417268184 -1187.643890138514
 -3242.063772885232 5110.64106222893 5558.902254626702 -7417.344606165118
 -4187.414451387243 12325.04270507945 4073.069980481477 -29920.44382540959
 -9345.608581356044 -1553.880795615045 1073.938430940269 9635.502678720386
 -3242.063772885232 5110.64106222893 5558.902254626702 -7417.344606165118
 -8997.480816536225 13655.60719147824 12013.31500166485 -16664.49924841844
 -353.1793273961903 12535.04679829691 -7805.983794392967 23812.92413107798
 -3242.063772885232 5110.64106222893 5558.902254626702 -7417.344606165118
 -3242.063772885232 5110.64106222893 5558.902254626702 -7417.344606165118
 -10852.2340720308 18811.3331680321 406.4262580917939 -4508.513975794707
 10218.77471885673 24980.96786540154 -4489.880099894853 35275.06714312346
 -3242.063772885232 5110.64106222893 5558.902254626702 -7417.344606165118
 -3242.063772885232 5110.64106222893 5558.902254626702 -7417.344606165118
 -3242.063772885232 5110.64106222893 5558.902254626702 -7417.344606165118
 -3242.063772885232 5110.64106222893 5558.902254626702 -7417.344606165118
 -19295.39705562295 26191.61438958771 3535.503486534199 9274.001079067231
 -3242.063772885232 5110.64106222893 5558.902254626702 -7417.344606165118
 12265.34046981689 12856.32455547912 -13349.51633242074 -11608.04226001248
 -3242.063772885232 5110.64106222893 5558.902254626702 -7417.344606165118
 -3242.063772885232 5110.64106222893 5558.902254626702 -7417.344606165118
 -8997.480816536225 13655.60719147824 12013.31500166485 -16664.49924841844
 -3242.063772885232 5110.64106222893 5558.902254626702 -7417.344606165118
 19012.36136290247 -9762.022463375677 43940.58640949222 -36815.09052902443
 -8997.480816536225 13655.60719147824 12013.31500166485 -16664.49924841844
 -3242.063772885232 5110.64106222893 5558.902254626702 -7417.344606165118
 -8997.480816536225 13655.60719147824 12013.31500166485 -16664.49924841844
 -3242.063772885232 5110.64106222893 5558.902254626702 -7417.344606165118
 -8842.942545061851 26522.09263216757 10735.24428446826 4091.246168415594
 -8997.480816536225 13655.60719147824 12013.31500166485 -16664.49924841844
 -3242.063772885232 5110.64106222893 5558.902254626702 -7417.344606165118
 -3242.063772885232 5110.64106222893 5558.902254626702 -7417.344606165118
 -4387.059673316779 5852.323507981996 10516.50681134647 -7892.891696626348
 -3242.063772885232 5110.64106222893 5558.902254626702 -7417.344606165118
 -3242.063772885232 5110.64106222893 5558.902254626702 -7417.344606165118
 -3242.063772885232 5110.64106222893 5558.902254626702 -7417.344606165118
 -3242.063772885232 5110.64106222893 5558.902254626702 -7417.344606165118
 -3242.063772885232 5110.64106222893 5558.902254626702 -7417.344606165118
 -3242.063772885232 5110.64106222893 5558.902254626702 -7417.344606165118
 -3242.063772885232 5110.64106222893 5558.902254626702 -7417.344606165118
 -3242.063772885232 5110.64106222893 5558.902254626702 -7417.344606165118
 -3242.063772885232 5110.64106222893 5558.902254626702 -7417.344606165118
 -3242.063772885232 5110.64106222893 5558.902254626702 -7417.344606165118
 2521.270194783912 -5647.574925478215 8694.733851206582 -2723.23204735142
 -3242.063772885232 5110.64106222893 5558.902254626702 -7417.344606165118
 -3242.063772885232 5110.64106222893 5558.902254626702 -7417.344606165118
 836.8178832005951 16451.83174051561 8337.323407085176 -15527.22646693997
 -3242.063772885232 5110.64106222893 5558.902254626702 -7417.344606165118
 11287.21441477079 -11704.61206545925 4406.285161130369 2329.764285892855
 -3242.063772885232 5110.64106222893 5558.902254626702 -7417.344606165118
 15930.67876961321 1432.656883644734 13412.05700511871 -16314.35508692338
 -3242.063772885232 5110.64106222893 5558.902254626702 -7417.344606165118
 -3242.063772885232 5110.64106222893 5558.902254626702 -7417.344606165118
 18.75108407505513 1056.954170328022 3877.961153000177 -8391.6031195452
 -3242.063772885232 5110.64106222893 5558.902254626702 -7417.344606165118
 -3242.063772885232 5110.64106222893 5558.902254626702 -7417.344606165118
 22746.67410012038 14005.8131212168 20912.42286015626 -33141.01114014485
 -3242.063772885232 5110.64106222893 5558.902254626702 -7417.344606165118
 -3242.063772885232 5110.64106222893 5558.902254626702 -7417.344606165118
 -3242.063772885232 5110.64106222893 5558.902254626702 -7417.344606165118
 -3242.063772885232 5110.64106222893 5558.902254626702 -7417.344606165118
 -15519.63822460292 28265.72700581225 -7722.724953018297 20070.85869260367
 -3242.063772885232 5110.64106222893 5558.902254626702 -7417.344606165118
 7006.870489677352 37066.05163910806 -3718.720379205221 -1859.016607939563
 -3242.063772885232 5110.64106222893 5558.902254626702 -7417.344606165118
 -6860.632799587491 -4208.370293972002 3385.153240959103 -23032.51043082681
 18234.15253062211 -15936.9365640328 11393.31412111995 36011.05630608494
 -3242.063772885232 5110.64106222893 5558.902254626702 -7417.344606165118
 2134.996595456441 -3545.782088060467 5275.113013441092 -10453.09585894794
 -4654.657335682413 5698.935811634106 618.1387877395218 -4843.966451882172
 -5391.875085893315 -4342.58132021579 274.6442745945969 9713.159067782359
 -3242.063772885232 5110.64106222893 5558.902254626702 -7417.344606165118
 -3242.063772885232 5110.64106222893 5558.902254626702 -7417.344606165118
 -3242.063772885232 5110.64106222893 5558.902254626702 -7417.344606165118
