# Created by Octave 4.2.1, Mon Oct 09 19:09:13 2017 BRT <root@mosqueiro>
# name: pop
# type: matrix
# rows: 1000
# columns: 4
 -10022.30878808644 14099.36283349158 12462.62530998718 -16540.61623986461
 -10022.30878808644 14099.36283349158 12462.62530998718 -16540.61623986461
 -10022.30878808644 14099.36283349158 12462.62530998718 -16540.61623986461
 -10022.30878808644 14099.36283349158 12462.62530998718 -16540.61623986461
 -10022.30878808644 14099.36283349158 12462.62530998718 -16540.61623986461
 -10069.17122531588 14054.40057356214 12473.15442806913 -16455.27734600434
 -10069.17122531588 14054.40057356214 12473.15442806913 -16455.27734600434
 -9010.134608070324 13605.15723895362 11996.56349791217 -16761.24395523867
 -10069.17122531588 14054.40057356214 12473.15442806913 -16455.27734600434
 -8664.675069274286 10020.22947356356 5962.612700566993 -4585.932441441128
 -10069.17122531588 14054.40057356214 12473.15442806913 -16455.27734600434
 -9106.680354938004 13665.63273759365 12059.6991132946 -16675.31116271105
 -1639.085775338101 9923.517405505036 -1203.615125524382 -7153.440356818879
 -9135.788571919282 13715.55460107692 11960.65420764118 -16605.53753184364
 -10069.17122531588 14054.40057356214 12473.15442806913 -16455.27734600434
 -10069.17122531588 14054.40057356214 12473.15442806913 -16455.27734600434
 -10162.94587029961 14175.8375648989 12417.73625028046 -16428.60626175011
 -10069.17122531588 14054.40057356214 12473.15442806913 -16455.27734600434
 -8871.209448319916 13648.22857601676 11946.98399743149 -16720.46022698708
 -10035.06922646777 14026.74475330252 12423.66227824381 -16439.4133047474
 -10069.17122531588 14054.40057356214 12473.15442806913 -16455.27734600434
 -9096.454873195988 14004.53371159691 12038.85238966671 -16583.37734564906
 -10069.17122531588 14054.40057356214 12473.15442806913 -16455.27734600434
 -10069.17122531588 14054.40057356214 12473.15442806913 -16455.27734600434
 -10022.30878808644 14099.36283349158 12462.62530998718 -16540.61623986461
 -10022.30878808644 14099.36283349158 12462.62530998718 -16540.61623986461
 -10099.56974272456 14065.12640336981 12487.4098290796 -16378.62916257554
 -8769.139866642554 13957.60378845702 12211.95088196652 -16789.89754471709
 -9021.142841390203 13649.86516527679 12069.59309884637 -16684.526223609
 -9019.867117204019 13732.27411438352 11937.4247819585 -16647.81006366348
 -10022.30878808644 14099.36283349158 12462.62530998718 -16540.61623986461
 -8997.480816536225 13655.60719147824 12013.31500166485 -16664.49924841844
 -10082.62865974614 14067.83588264341 12453.01427607535 -16438.07660700211
 -10069.17122531588 14054.40057356214 12473.15442806913 -16455.27734600434
 -8997.480816536225 13655.60719147824 12013.31500166485 -16664.49924841844
 -9124.680309183785 13662.28552919891 12130.47780278208 -16525.52279317561
 -8972.589779286767 13692.56351483154 11990.73101882502 -16735.85876276542
 -8963.738802986574 13666.09996350759 12025.91513605765 -16646.58372860547
 -10022.30878808644 14099.36283349158 12462.62530998718 -16540.61623986461
 -10022.30878808644 14099.36283349158 12462.62530998718 -16540.61623986461
 -8997.480816536225 13655.60719147824 12013.31500166485 -16664.49924841844
 -10029.71198373459 14188.136259004 12406.57416041336 -16443.38399427762
 -8997.480816536225 13655.60719147824 12013.31500166485 -16664.49924841844
 -10022.30878808644 14099.36283349158 12462.62530998718 -16540.61623986461
 -8997.480816536225 13655.60719147824 12013.31500166485 -16664.49924841844
 -9019.867117204019 13732.27411438352 11937.4247819585 -16647.81006366348
 -10069.17122531588 14054.40057356214 12473.15442806913 -16455.27734600434
 -10069.17122531588 14054.40057356214 12473.15442806913 -16455.27734600434
 -10069.17122531588 14054.40057356214 12473.15442806913 -16455.27734600434
 -10022.30878808644 14099.36283349158 12462.62530998718 -16540.61623986461
 -10074.8205476934 14136.07722187892 12425.37329043285 -16519.64538916027
 -10069.17122531588 14054.40057356214 12473.15442806913 -16455.27734600434
 -10069.17122531588 14054.40057356214 12473.15442806913 -16455.27734600434
 -8997.480816536225 13655.60719147824 12013.31500166485 -16664.49924841844
 -8997.480816536225 13655.60719147824 12013.31500166485 -16664.49924841844
 -10069.17122531588 14054.40057356214 12473.15442806913 -16455.27734600434
 -8997.480816536225 13655.60719147824 12013.31500166485 -16664.49924841844
 -10069.17122531588 14054.40057356214 12473.15442806913 -16455.27734600434
 -10069.17122531588 14054.40057356214 12473.15442806913 -16455.27734600434
 -9635.72992640661 13598.87078202539 12090.4601402329 -16552.7021289015
 -9401.815882979079 14001.19590687567 11596.26452482425 -16677.04696476541
 -10069.17122531588 14054.40057356214 12473.15442806913 -16455.27734600434
 -10069.17122531588 14054.40057356214 12473.15442806913 -16455.27734600434
 -8997.480816536225 13655.60719147824 12013.31500166485 -16664.49924841844
 -10066.4836721681 14036.96478621542 12476.70841529508 -16447.97248684429
 -10022.30878808644 14099.36283349158 12462.62530998718 -16540.61623986461
 -10069.17122531588 14054.40057356214 12473.15442806913 -16455.27734600434
 -10069.17122531588 14054.40057356214 12473.15442806913 -16455.27734600434
 -10069.17122531588 14054.40057356214 12473.15442806913 -16455.27734600434
 -8914.843208809689 13568.29703170192 12067.57322324085 -16642.62527821782
 -9219.826788220098 13704.73495741978 12004.14758866226 -16568.42202777875
 -10069.17122531588 14054.40057356214 12473.15442806913 -16455.27734600434
 -8850.302890625047 14787.83697526873 11890.74018091538 -15705.65621016723
 -8997.480816536225 13655.60719147824 12013.31500166485 -16664.49924841844
 -10060.77149590265 14053.85133705716 12483.95817021147 -16437.86435255483
 -10069.17122531588 14054.40057356214 12473.15442806913 -16455.27734600434
 -8997.480816536225 13655.60719147824 12013.31500166485 -16664.49924841844
 -10069.17122531588 14054.40057356214 12473.15442806913 -16455.27734600434
 -10069.17122531588 14054.40057356214 12473.15442806913 -16455.27734600434
 -10069.17122531588 14054.40057356214 12473.15442806913 -16455.27734600434
 -10022.30878808644 14099.36283349158 12462.62530998718 -16540.61623986461
 -10022.30878808644 14099.36283349158 12462.62530998718 -16540.61623986461
 -8988.414317629629 13599.4014713387 11998.31475839183 -16666.2163609018
 -10069.17122531588 14054.40057356214 12473.15442806913 -16455.27734600434
 -8997.480816536225 13655.60719147824 12013.31500166485 -16664.49924841844
 -10022.30878808644 14099.36283349158 12462.62530998718 -16540.61623986461
 -8997.480816536225 13655.60719147824 12013.31500166485 -16664.49924841844
 -8997.480816536225 13655.60719147824 12013.31500166485 -16664.49924841844
 -10022.30878808644 14099.36283349158 12462.62530998718 -16540.61623986461
 -9019.867117204019 13732.27411438352 11937.4247819585 -16647.81006366348
 -10069.17122531588 14054.40057356214 12473.15442806913 -16455.27734600434
 -3615.141075322613 7189.209002757631 2864.68250527256 -1344.702477156339
 -8928.149348148669 13490.82822339089 11867.023056563 -16708.41309531849
 -10162.94587029961 14175.8375648989 12417.73625028046 -16428.60626175011
 -10069.17122531588 14054.40057356214 12473.15442806913 -16455.27734600434
 -10069.17122531588 14054.40057356214 12473.15442806913 -16455.27734600434
 -8997.480816536225 13655.60719147824 12013.31500166485 -16664.49924841844
 -10044.77594799279 14037.98151991004 12423.06084732989 -16426.40044168873
 -8997.480816536225 13655.60719147824 12013.31500166485 -16664.49924841844
 -8997.480816536225 13655.60719147824 12013.31500166485 -16664.49924841844
 -8997.480816536225 13655.60719147824 12013.31500166485 -16664.49924841844
 -8893.07578548568 14021.60948594804 12625.54542551056 -17145.67700956322
 -8997.480816536225 13655.60719147824 12013.31500166485 -16664.49924841844
 -10069.17122531588 14054.40057356214 12473.15442806913 -16455.27734600434
 -10069.17122531588 14054.40057356214 12473.15442806913 -16455.27734600434
