# Created by Octave 4.2.1, Mon Oct 09 19:04:06 2017 BRT <root@mosqueiro>
# name: pop
# type: matrix
# rows: 1000
# columns: 4
 -3242.063772885232 5110.64106222893 5558.902254626702 -7417.344606165118
 -3242.063772885232 5110.64106222893 5558.902254626702 -7417.344606165118
 -3242.063772885232 5110.64106222893 5558.902254626702 -7417.344606165118
 -3242.063772885232 5110.64106222893 5558.902254626702 -7417.344606165118
 -3242.063772885232 5110.64106222893 5558.902254626702 -7417.344606165118
 -3242.063772885232 5110.64106222893 5558.902254626702 -7417.344606165118
 3873.897870771552 -10961.42059244876 16839.48458342319 -9430.603821220981
 -551.3256376334539 715.2403562738709 -7519.177518397239 7916.817384893067
 -3242.063772885232 5110.64106222893 5558.902254626702 -7417.344606165118
 -3242.063772885232 5110.64106222893 5558.902254626702 -7417.344606165118
 -3242.063772885232 5110.64106222893 5558.902254626702 -7417.344606165118
 -3242.063772885232 5110.64106222893 5558.902254626702 -7417.344606165118
 1608.834056739594 -6972.73851631799 9018.013751060771 3182.514204156956
 -3242.063772885232 5110.64106222893 5558.902254626702 -7417.344606165118
 -3242.063772885232 5110.64106222893 5558.902254626702 -7417.344606165118
 -3242.063772885232 5110.64106222893 5558.902254626702 -7417.344606165118
 22057.2656333041 -5515.503827782668 -18053.32466689677 46417.95683175946
 -3242.063772885232 5110.64106222893 5558.902254626702 -7417.344606165118
 -3242.063772885232 5110.64106222893 5558.902254626702 -7417.344606165118
 -3242.063772885232 5110.64106222893 5558.902254626702 -7417.344606165118
 -3242.063772885232 5110.64106222893 5558.902254626702 -7417.344606165118
 -3242.063772885232 5110.64106222893 5558.902254626702 -7417.344606165118
 2780.386308970285 9407.573643098611 -2916.647613524569 -9346.550545413007
 -3242.063772885232 5110.64106222893 5558.902254626702 -7417.344606165118
 -1689.809856749512 2734.506468858092 -21147.28469222845 3800.721248255855
 -3242.063772885232 5110.64106222893 5558.902254626702 -7417.344606165118
 -26825.05979833688 422.942889502543 -877.4790765733596 10961.94326029617
 -3242.063772885232 5110.64106222893 5558.902254626702 -7417.344606165118
 4120.2227771556 8616.662397162179 17015.0332993706 21296.11285199436
 6593.044839037873 -2307.148998703855 3610.411010234449 -7691.752160448365
 -3242.063772885232 5110.64106222893 5558.902254626702 -7417.344606165118
 -3730.065292246431 5673.892293077311 -1082.689040422534 -681.1157311015631
 -1637.732226726568 9967.83640559197 -1280.237021546411 -7086.266306783838
 -2361.444784796333 16401.55675680185 -11983.6562430916 6055.396428608616
 -3242.063772885232 5110.64106222893 5558.902254626702 -7417.344606165118
 -3242.063772885232 5110.64106222893 5558.902254626702 -7417.344606165118
 -3242.063772885232 5110.64106222893 5558.902254626702 -7417.344606165118
 20596.22517084401 10785.34603634594 -8938.280562514383 -22723.18728226168
 7838.588991377674 -5574.939884435163 2764.767534562343 2128.488311277189
 -3242.063772885232 5110.64106222893 5558.902254626702 -7417.344606165118
 -3242.063772885232 5110.64106222893 5558.902254626702 -7417.344606165118
 -3242.063772885232 5110.64106222893 5558.902254626702 -7417.344606165118
 -3242.063772885232 5110.64106222893 5558.902254626702 -7417.344606165118
 -3242.063772885232 5110.64106222893 5558.902254626702 -7417.344606165118
 -3135.587872435997 9909.004941916759 -6252.329625192582 3873.889132477954
 -3242.063772885232 5110.64106222893 5558.902254626702 -7417.344606165118
 -3242.063772885232 5110.64106222893 5558.902254626702 -7417.344606165118
 -3242.063772885232 5110.64106222893 5558.902254626702 -7417.344606165118
 -32393.19589767086 -16053.57641901419 8400.310629809508 5799.560163918853
 -3242.063772885232 5110.64106222893 5558.902254626702 -7417.344606165118
 -1637.732226726568 9967.83640559197 -1280.237021546411 -7086.266306783838
 -3242.063772885232 5110.64106222893 5558.902254626702 -7417.344606165118
 -3837.787732470055 -81024.20756446593 -7786.442274130402 22973.58453936873
 -357.0252653549942 793.1173878126865 6466.419808465336 1761.555471953983
 -3069.398460495413 7287.373481027396 3575.620274211757 -1987.635511993101
 -3242.063772885232 5110.64106222893 5558.902254626702 -7417.344606165118
 -2361.444784796333 16401.55675680185 -11983.6562430916 6055.396428608616
 -3242.063772885232 5110.64106222893 5558.902254626702 -7417.344606165118
 2324.364179326223 11434.50433958671 -529.056350606937 -34162.83004453569
 -3242.063772885232 5110.64106222893 5558.902254626702 -7417.344606165118
 -4321.396377557863 -193.2627771537809 7973.575902319786 -3520.098961155346
 35812.74163640256 2057.70871274745 7728.786805801685 -19036.25258525606
 -3242.063772885232 5110.64106222893 5558.902254626702 -7417.344606165118
 -3242.063772885232 5110.64106222893 5558.902254626702 -7417.344606165118
 -3242.063772885232 5110.64106222893 5558.902254626702 -7417.344606165118
 -460.2566471862083 5390.175494419571 -4320.072389629065 4853.535214081105
 -3242.063772885232 5110.64106222893 5558.902254626702 -7417.344606165118
 -3242.063772885232 5110.64106222893 5558.902254626702 -7417.344606165118
 -3242.063772885232 5110.64106222893 5558.902254626702 -7417.344606165118
 3682.986333772726 -4899.517194464705 2803.920893242674 -611.8238929287963
 -3242.063772885232 5110.64106222893 5558.902254626702 -7417.344606165118
 -3242.063772885232 5110.64106222893 5558.902254626702 -7417.344606165118
 -14607.02928509857 21265.30241798834 11810.10341607174 -57398.2774588541
 -3242.063772885232 5110.64106222893 5558.902254626702 -7417.344606165118
 -3242.063772885232 5110.64106222893 5558.902254626702 -7417.344606165118
 -2903.318734143107 30700.22010571062 34023.19435443679 -9900.030378304833
 -29102.61787941312 25497.36851017694 -2069.785775792213 11575.12285517877
 -45074.74086149139 21037.06501622451 -8375.577507613219 -10288.35874754241
 -3242.063772885232 5110.64106222893 5558.902254626702 -7417.344606165118
 -3242.063772885232 5110.64106222893 5558.902254626702 -7417.344606165118
 -1637.732226726568 9967.83640559197 -1280.237021546411 -7086.266306783838
 -3242.063772885232 5110.64106222893 5558.902254626702 -7417.344606165118
 -6918.288952705223 1024.960009688296 24134.72942799598 21825.67147513785
 -3242.063772885232 5110.64106222893 5558.902254626702 -7417.344606165118
 -9292.658684242841 -8824.690068605962 -7779.639901961868 17489.97713431694
 -3242.063772885232 5110.64106222893 5558.902254626702 -7417.344606165118
 -16673.44689093866 32954.77602588575 13814.33059723118 20332.33349144675
 -3242.063772885232 5110.64106222893 5558.902254626702 -7417.344606165118
 6471.180676962063 612.4862076435347 433.4781412957582 -6272.919000988285
 -4321.396377557863 -193.2627771537809 7973.575902319786 -3520.098961155346
 -1637.732226726568 9967.83640559197 -1280.237021546411 -7086.266306783838
 2722.180025207836 14430.47458264505 -2527.225093163251 -7702.124533123058
 -3242.063772885232 5110.64106222893 5558.902254626702 -7417.344606165118
 4398.891437060681 -3280.100380714984 25697.06242990899 4938.719771930644
 -20349.6335125861 16305.81003474309 11446.89592630449 -24333.61982383347
 -3242.063772885232 5110.64106222893 5558.902254626702 -7417.344606165118
 2780.386308970285 9407.573643098611 -2916.647613524569 -9346.550545413007
 -3242.063772885232 5110.64106222893 5558.902254626702 -7417.344606165118
 -5010.299028164994 8595.674908698289 -8532.617265801866 5127.507574258814
 7834.914626653634 7094.461815707051 -2124.979294311069 9479.850803223555
 -1073.614153602961 5992.324567537244 -6604.317236904719 9973.049110862856
 -15552.92989613098 -14581.38698625161 -9048.851913662105 -9215.291684936323
 -3242.063772885232 5110.64106222893 5558.902254626702 -7417.344606165118
 -3242.063772885232 5110.64106222893 5558.902254626702 -7417.344606165118
 -352.0834574158507 662.0615914754926 7646.757642322176 -7732.829276300747
