# Created by Octave 4.2.1, Mon Oct 09 19:19:18 2017 BRT <root@mosqueiro>
# name: pop
# type: matrix
# rows: 1000
# columns: 4
 -7110.832997500815 9259.01517918695 9222.633035726509 -11371.84441947265
 -7169.826561157347 9244.889888163483 9008.084035636477 -11084.17672481621
 -7169.826561157347 9244.889888163483 9008.084035636477 -11084.17672481621
 -7169.826561157347 9244.889888163483 9008.084035636477 -11084.17672481621
 -7169.826561157347 9244.889888163483 9008.084035636477 -11084.17672481621
 -7103.37826922589 9259.436396609883 9205.894624406897 -11361.23503793489
 -7869.056764861403 9383.661738065812 8737.501640941138 -10459.97163749252
 -7169.826561157347 9244.889888163483 9008.084035636477 -11084.17672481621
 -7103.37826922589 9259.436396609883 9205.894624406897 -11361.23503793489
 -7169.826561157347 9244.889888163483 9008.084035636477 -11084.17672481621
 -7003.838796063185 9134.455766009651 8862.302768877247 -11001.58003273392
 -7169.826561157347 9244.889888163483 9008.084035636477 -11084.17672481621
 -8499.84965499972 10427.23726629995 8544.428818956469 -10722.55475512657
 -7535.934440375486 9298.319953617603 8820.576687358411 -10847.75220721313
 -7169.826561157347 9244.889888163483 9008.084035636477 -11084.17672481621
 -7148.103312701941 9110.658303641747 9020.659766140016 -10968.80655961632
 -7169.826561157347 9244.889888163483 9008.084035636477 -11084.17672481621
 -7103.37826922589 9259.436396609883 9205.894624406897 -11361.23503793489
 -7521.911347576668 9402.168155538549 8870.439322561413 -10712.00366078043
 -7169.826561157347 9244.889888163483 9008.084035636477 -11084.17672481621
 -7169.826561157347 9244.889888163483 9008.084035636477 -11084.17672481621
 -7550.994568967475 9422.043339869355 8908.925889460448 -10742.73349019874
 -7991.742986580851 9533.076291205038 8633.950150833352 -10170.4998353404
 -7103.37826922589 9259.436396609883 9205.894624406897 -11361.23503793489
 -7169.826561157347 9244.889888163483 9008.084035636477 -11084.17672481621
 -7169.826561157347 9244.889888163483 9008.084035636477 -11084.17672481621
 -7169.826561157347 9244.889888163483 9008.084035636477 -11084.17672481621
 -7169.826561157347 9244.889888163483 9008.084035636477 -11084.17672481621
 -7254.798207484648 9122.495171772516 9004.018648227862 -10948.78526749048
 -7169.826561157347 9244.889888163483 9008.084035636477 -11084.17672481621
 -7103.37826922589 9259.436396609883 9205.894624406897 -11361.23503793489
 -7103.37826922589 9259.436396609883 9205.894624406897 -11361.23503793489
 -8375.912307267128 10392.40189301422 8569.035627015357 -10585.33806172012
 -7103.37826922589 9259.436396609883 9205.894624406897 -11361.23503793489
 -7175.302937504178 9291.759526839387 9015.832631348962 -11058.38877308525
 -7550.994568967475 9422.043339869355 8908.925889460448 -10742.73349019874
 -7169.826561157347 9244.889888163483 9008.084035636477 -11084.17672481621
 -7169.826561157347 9244.889888163483 9008.084035636477 -11084.17672481621
 -7989.60844043524 9520.628812515984 8634.700852878908 -10196.72350876921
 -7169.826561157347 9244.889888163483 9008.084035636477 -11084.17672481621
 -7169.826561157347 9244.889888163483 9008.084035636477 -11084.17672481621
 -7052.943606664227 9628.158865613525 8758.593498126113 -10694.80215883413
 -7147.016766770795 9142.93576582992 8919.304103237486 -10937.04332404337
 -7169.826561157347 9244.889888163483 9008.084035636477 -11084.17672481621
 -7169.826561157347 9244.889888163483 9008.084035636477 -11084.17672481621
 -7537.350175276579 9432.850097902403 8924.307130032776 -10740.34604052453
 -7991.742986580851 9533.076291205038 8633.950150833352 -10170.4998353404
 -7169.826561157347 9244.889888163483 9008.084035636477 -11084.17672481621
 -8091.11297412467 9557.012976894926 8619.206002563145 -10228.31996224191
 -7103.37826922589 9259.436396609883 9205.894624406897 -11361.23503793489
 -7169.826561157347 9244.889888163483 9008.084035636477 -11084.17672481621
 -7550.994568967475 9422.043339869355 8908.925889460448 -10742.73349019874
 -7103.37826922589 9259.436396609883 9205.894624406897 -11361.23503793489
 -7991.742986580851 9533.076291205038 8633.950150833352 -10170.4998353404
 -8375.912307267128 10392.40189301422 8569.035627015357 -10585.33806172012
 -7169.826561157347 9244.889888163483 9008.084035636477 -11084.17672481621
 -7991.742986580851 9533.076291205038 8633.950150833352 -10170.4998353404
 -7596.246482363656 7407.440253184374 9918.166614501863 -11278.4685597133
 -7169.826561157347 9244.889888163483 9008.084035636477 -11084.17672481621
 -7148.103312701941 9110.658303641747 9020.659766140016 -10968.80655961632
 6576.758046005867 -7438.944690946488 -2643.623997230977 3531.87345510228
 -7169.826561157347 9244.889888163483 9008.084035636477 -11084.17672481621
 -7148.39868439948 9242.680082777983 9021.888245709037 -11080.27383980435
 -7169.826561157347 9244.889888163483 9008.084035636477 -11084.17672481621
 -7169.826561157347 9244.889888163483 9008.084035636477 -11084.17672481621
 -8022.53387267807 9537.107782830728 8597.837314151189 -10113.44453178257
 -7550.994568967475 9422.043339869355 8908.925889460448 -10742.73349019874
 -7148.39868439948 9242.680082777983 9021.888245709037 -11080.27383980435
 -7991.742986580851 9533.076291205038 8633.950150833352 -10170.4998353404
 -7169.826561157347 9244.889888163483 9008.084035636477 -11084.17672481621
 -7991.742986580851 9533.076291205038 8633.950150833352 -10170.4998353404
 -7991.742986580851 9533.076291205038 8633.950150833352 -10170.4998353404
 -7148.103312701941 9110.658303641747 9020.659766140016 -10968.80655961632
 -7169.826561157347 9244.889888163483 9008.084035636477 -11084.17672481621
 -7148.103312701941 9110.658303641747 9020.659766140016 -10968.80655961632
 -7148.103312701941 9110.658303641747 9020.659766140016 -10968.80655961632
 -7570.542061040665 9479.944383891454 8949.944775144919 -10792.65371686365
 -7110.832997500815 9259.01517918695 9222.633035726509 -11371.84441947265
 -7103.37826922589 9259.436396609883 9205.894624406897 -11361.23503793489
 -7539.130063730177 9384.000170379435 8907.247893872716 -10721.27102051063
 -7169.826561157347 9244.889888163483 9008.084035636477 -11084.17672481621
 -7169.826561157347 9244.889888163483 9008.084035636477 -11084.17672481621
 -7148.103312701941 9110.658303641747 9020.659766140016 -10968.80655961632
 -8421.019129482293 10501.41336096712 8570.920293701953 -10633.86916672773
 -8022.044680249788 9609.282275104022 8676.209813048688 -10263.27724386731
 -7554.469375352069 9439.34451627333 8900.769612806518 -10783.45642787377
 -7991.742986580851 9533.076291205038 8633.950150833352 -10170.4998353404
 -7148.103312701941 9110.658303641747 9020.659766140016 -10968.80655961632
 -7550.994568967475 9422.043339869355 8908.925889460448 -10742.73349019874
 -8375.912307267128 10392.40189301422 8569.035627015357 -10585.33806172012
 -3652.400814734758 5023.342259573305 15125.73423953345 -8558.494041539949
 -7110.832997500815 9259.01517918695 9222.633035726509 -11371.84441947265
 -7103.37826922589 9259.436396609883 9205.894624406897 -11361.23503793489
 -7550.994568967475 9422.043339869355 8908.925889460448 -10742.73349019874
 -7169.826561157347 9244.889888163483 9008.084035636477 -11084.17672481621
 -7584.501803919315 9551.062251228277 8814.074309453392 -10778.14077176066
 -7484.005943663328 9439.23210844509 8841.555381771808 -10701.47858896239
 -7169.826561157347 9244.889888163483 9008.084035636477 -11084.17672481621
 -7991.742986580851 9533.076291205038 8633.950150833352 -10170.4998353404
 -7991.742986580851 9533.076291205038 8633.950150833352 -10170.4998353404
 -7206.839382701378 9146.016450201461 9022.224323670855 -10955.14073535733
 -7148.103312701941 9110.658303641747 9020.659766140016 -10968.80655961632
 -7156.358787400199 9101.178822464815 8986.169971943837 -10996.81325652759
 -7157.099299453957 9127.4042073538 9030.138409380246 -10933.82026365173
 -7169.826561157347 9244.889888163483 9008.084035636477 -11084.17672481621
