# Created by Octave 4.2.1, Mon Oct 09 19:38:15 2017 BRT <root@mosqueiro>
# name: pop
# type: matrix
# rows: 1000
# columns: 4
 -7491.357089269941 -1281.035141976859 4123.025856152989 4650.102740940573
 -7491.357089269941 -1281.035141976859 4123.025856152989 4650.102740940573
 -7491.357089269941 -1281.035141976859 4123.025856152989 4650.102740940573
 -7491.357089269941 -1281.035141976859 4123.025856152989 4650.102740940573
 -7491.357089269941 -1281.035141976859 4123.025856152989 4650.102740940573
 -7491.357089269941 -1281.035141976859 4123.025856152989 4650.102740940573
 -7518.169306306453 -1239.091126548439 4291.623834938735 4587.904847581264
 -7491.357089269941 -1281.035141976859 4123.025856152989 4650.102740940573
 -7388.118906136311 -1280.759136014043 4066.935166573163 4616.641127117166
 -5720.893296242302 -968.5766101762634 3606.631205380409 3237.177978350546
 -10324.82158791877 -379.1637934029191 6712.090700467143 4000.236401409895
 -7491.357089269941 -1281.035141976859 4123.025856152989 4650.102740940573
 -10324.82158791877 -379.1637934029191 6712.090700467143 4000.236401409895
 -10324.82158791877 -379.1637934029191 6712.090700467143 4000.236401409895
 -10324.82158791877 -379.1637934029191 6712.090700467143 4000.236401409895
 -7491.357089269941 -1281.035141976859 4123.025856152989 4650.102740940573
 -5737.98870350066 -1082.930591420158 3569.758530177905 3260.315854470912
 -10324.82158791877 -379.1637934029191 6712.090700467143 4000.236401409895
 -7388.118906136311 -1280.759136014043 4066.935166573163 4616.641127117166
 -10324.82158791877 -379.1637934029191 6712.090700467143 4000.236401409895
 -10324.82158791877 -379.1637934029191 6712.090700467143 4000.236401409895
 -6492.311253389067 -898.0820692183512 4481.220158424832 4746.221899669271
 -7228.36790054567 -1739.482123216074 4262.792602182199 4707.249679122707
 -10324.82158791877 -379.1637934029191 6712.090700467143 4000.236401409895
 -10324.82158791877 -379.1637934029191 6712.090700467143 4000.236401409895
 -10324.82158791877 -379.1637934029191 6712.090700467143 4000.236401409895
 -10681.71602920856 -262.5424926110852 7038.005104883103 3993.691170687207
 -7491.357089269941 -1281.035141976859 4123.025856152989 4650.102740940573
 -10409.93961626337 -416.3797234589031 6853.967942544987 3987.002681793132
 -10324.82158791877 -379.1637934029191 6712.090700467143 4000.236401409895
 -10324.82158791877 -379.1637934029191 6712.090700467143 4000.236401409895
 -7228.36790054567 -1739.482123216074 4262.792602182199 4707.249679122707
 -10320.14275254812 -295.1198470212995 6532.639679659344 3867.584512090021
 -7388.118906136311 -1280.759136014043 4066.935166573163 4616.641127117166
 -7090.242948329165 -1206.75288270171 3601.967347483417 4699.434180134276
 -7388.118906136311 -1280.759136014043 4066.935166573163 4616.641127117166
 -7400.685036262455 4993.132725211642 -462.2734878274883 6042.33325457816
 -7388.118906136311 -1280.759136014043 4066.935166573163 4616.641127117166
 -7388.118906136311 -1280.759136014043 4066.935166573163 4616.641127117166
 -10324.82158791877 -379.1637934029191 6712.090700467143 4000.236401409895
 -7491.357089269941 -1281.035141976859 4123.025856152989 4650.102740940573
 -10324.82158791877 -379.1637934029191 6712.090700467143 4000.236401409895
 -10324.82158791877 -379.1637934029191 6712.090700467143 4000.236401409895
 -7388.118906136311 -1280.759136014043 4066.935166573163 4616.641127117166
 -10324.82158791877 -379.1637934029191 6712.090700467143 4000.236401409895
 -10324.82158791877 -379.1637934029191 6712.090700467143 4000.236401409895
 -10324.82158791877 -379.1637934029191 6712.090700467143 4000.236401409895
 -7388.118906136311 -1280.759136014043 4066.935166573163 4616.641127117166
 -5737.98870350066 -1082.930591420158 3569.758530177905 3260.315854470912
 -7228.36790054567 -1739.482123216074 4262.792602182199 4707.249679122707
 -7388.118906136311 -1280.759136014043 4066.935166573163 4616.641127117166
 -7491.357089269941 -1281.035141976859 4123.025856152989 4650.102740940573
 -10324.82158791877 -379.1637934029191 6712.090700467143 4000.236401409895
 -10324.82158791877 -379.1637934029191 6712.090700467143 4000.236401409895
 -7491.357089269941 -1281.035141976859 4123.025856152989 4650.102740940573
 -7388.118906136311 -1280.759136014043 4066.935166573163 4616.641127117166
 -7491.357089269941 -1281.035141976859 4123.025856152989 4650.102740940573
 -7491.357089269941 -1281.035141976859 4123.025856152989 4650.102740940573
 -7491.357089269941 -1281.035141976859 4123.025856152989 4650.102740940573
 -10248.26952757681 -495.4601904008172 6772.296135282801 3904.656877323464
 -7491.357089269941 -1281.035141976859 4123.025856152989 4650.102740940573
 -7228.36790054567 -1739.482123216074 4262.792602182199 4707.249679122707
 -7022.688340161689 -1926.220936907314 4543.906415550304 4656.964885591621
 -7491.357089269941 -1281.035141976859 4123.025856152989 4650.102740940573
 -7388.118906136311 -1280.759136014043 4066.935166573163 4616.641127117166
 -7090.242948329165 -1206.75288270171 3601.967347483417 4699.434180134276
 -10324.82158791877 -379.1637934029191 6712.090700467143 4000.236401409895
 -10324.82158791877 -379.1637934029191 6712.090700467143 4000.236401409895
 -7491.357089269941 -1281.035141976859 4123.025856152989 4650.102740940573
 -7491.357089269941 -1281.035141976859 4123.025856152989 4650.102740940573
 -7491.357089269941 -1281.035141976859 4123.025856152989 4650.102740940573
 -7090.242948329165 -1206.75288270171 3601.967347483417 4699.434180134276
 -10324.82158791877 -379.1637934029191 6712.090700467143 4000.236401409895
 -7228.36790054567 -1739.482123216074 4262.792602182199 4707.249679122707
 -10324.82158791877 -379.1637934029191 6712.090700467143 4000.236401409895
 -7388.118906136311 -1280.759136014043 4066.935166573163 4616.641127117166
 -10324.82158791877 -379.1637934029191 6712.090700467143 4000.236401409895
 -7491.357089269941 -1281.035141976859 4123.025856152989 4650.102740940573
 -7491.357089269941 -1281.035141976859 4123.025856152989 4650.102740940573
 -7491.357089269941 -1281.035141976859 4123.025856152989 4650.102740940573
 -7491.357089269941 -1281.035141976859 4123.025856152989 4650.102740940573
 -7090.242948329165 -1206.75288270171 3601.967347483417 4699.434180134276
 -7491.357089269941 -1281.035141976859 4123.025856152989 4650.102740940573
 -10324.82158791877 -379.1637934029191 6712.090700467143 4000.236401409895
 -7388.118906136311 -1280.759136014043 4066.935166573163 4616.641127117166
 -7491.357089269941 -1281.035141976859 4123.025856152989 4650.102740940573
 -8316.979927239783 -3379.852366995247 4257.736435558193 4410.52780600651
 -7491.357089269941 -1281.035141976859 4123.025856152989 4650.102740940573
 -7491.357089269941 -1281.035141976859 4123.025856152989 4650.102740940573
 -7388.118906136311 -1280.759136014043 4066.935166573163 4616.641127117166
 -7324.935723410686 -1240.432244299944 3986.659449909962 4736.58722483572
 -7491.357089269941 -1281.035141976859 4123.025856152989 4650.102740940573
 -7388.118906136311 -1280.759136014043 4066.935166573163 4616.641127117166
 -7388.118906136311 -1280.759136014043 4066.935166573163 4616.641127117166
 -10324.82158791877 -379.1637934029191 6712.090700467143 4000.236401409895
 -7491.357089269941 -1281.035141976859 4123.025856152989 4650.102740940573
 -7388.118906136311 -1280.759136014043 4066.935166573163 4616.641127117166
 -10324.82158791877 -379.1637934029191 6712.090700467143 4000.236401409895
 -5769.996323200246 -1124.316092065496 3685.698058912559 3206.214246848929
 -7290.513398235488 -1753.937315160904 4316.363693834445 4720.222636519333
 -10345.06208853246 -228.5019698458401 6618.171998535871 3886.944429011588
 -10269.42974681035 -355.5220277483464 6744.696806007938 3943.897693804111
 -5668.897698904761 -1153.107703410444 3452.226625147996 3388.61473179002
 -10324.82158791877 -379.1637934029191 6712.090700467143 4000.236401409895
 -10324.82158791877 -379.1637934029191 6712.090700467143 4000.236401409895
