# Created by Octave 4.2.1, Mon Oct 09 19:39:31 2017 BRT <root@mosqueiro>
# name: pop
# type: matrix
# rows: 1000
# columns: 4
 -7395.791088765245 -1308.165518290362 4062.623926302736 4640.333799653859
 -7481.569794447016 -1323.528330876475 4103.402975084896 4700.743403129503
 -7481.569794447016 -1323.528330876475 4103.402975084896 4700.743403129503
 -7481.569794447016 -1323.528330876475 4103.402975084896 4700.743403129503
 -7481.569794447016 -1323.528330876475 4103.402975084896 4700.743403129503
 -7481.569794447016 -1323.528330876475 4103.402975084896 4700.743403129503
 -7224.01268789086 -1740.655910371997 4266.228494960511 4711.780136670222
 -7507.316577023085 -1271.439073366419 4107.99578319986 4670.47482058463
 -7481.569794447016 -1323.528330876475 4103.402975084896 4700.743403129503
 -7241.57115274985 -1701.506732341589 4273.827557255246 4668.745284292724
 -5721.520787147131 -970.5274711999392 3607.854361528942 3234.919093973204
 -7243.465826283204 -1703.319203678468 4274.926953201226 4671.838563233879
 -10298.05238877163 -384.5985489221611 6694.635028887457 3989.421994199387
 -7475.861991499118 -1325.246688957485 4104.592126551349 4699.531156252042
 -10324.82158791877 -379.1637934029191 6712.090700467143 4000.236401409895
 -7491.357089269941 -1281.035141976859 4123.025856152989 4650.102740940573
 -7260.627599568838 -1696.408883013105 4236.426105685516 4729.666236933876
 -10320.94369070112 -375.6318507090846 6712.860525664476 4001.323904321294
 -7468.876459753182 -1273.432870966035 4091.50891234464 4682.723616825317
 -7481.569794447016 -1323.528330876475 4103.402975084896 4700.743403129503
 -7491.357089269941 -1281.035141976859 4123.025856152989 4650.102740940573
 -10324.82158791877 -379.1637934029191 6712.090700467143 4000.236401409895
 -10324.82158791877 -379.1637934029191 6712.090700467143 4000.236401409895
 -7389.155302313035 -1276.19458444392 4077.072849119787 4617.51190953474
 -7507.316577023085 -1271.439073366419 4107.99578319986 4670.47482058463
 -7481.569794447016 -1323.528330876475 4103.402975084896 4700.743403129503
 -7491.357089269941 -1281.035141976859 4123.025856152989 4650.102740940573
 -7491.357089269941 -1281.035141976859 4123.025856152989 4650.102740940573
 -7491.357089269941 -1281.035141976859 4123.025856152989 4650.102740940573
 -7493.006181272754 -1278.660841832958 4130.336432415655 4651.400284087776
 -7491.357089269941 -1281.035141976859 4123.025856152989 4650.102740940573
 -7491.357089269941 -1281.035141976859 4123.025856152989 4650.102740940573
 -7481.569794447016 -1323.528330876475 4103.402975084896 4700.743403129503
 -7491.357089269941 -1281.035141976859 4123.025856152989 4650.102740940573
 -7481.569794447016 -1323.528330876475 4103.402975084896 4700.743403129503
 -7488.691310134875 -1279.560515244262 4127.562637465106 4639.803218054304
 -10324.82158791877 -379.1637934029191 6712.090700467143 4000.236401409895
 -7491.622559643338 -1284.240607280592 4120.090306015535 4658.222325090163
 -7491.357089269941 -1281.035141976859 4123.025856152989 4650.102740940573
 -10345.99602610204 -366.1704890378945 6634.064468008408 4080.149181141844
 -7481.569794447016 -1323.528330876475 4103.402975084896 4700.743403129503
 -10338.33685627794 -376.0956476977998 6689.912618745534 4024.393699318543
 -7214.47442875779 -1728.368641332954 4257.882098315749 4745.925172603898
 -7481.569794447016 -1323.528330876475 4103.402975084896 4700.743403129503
 -7481.569794447016 -1323.528330876475 4103.402975084896 4700.743403129503
 -7243.465826283204 -1703.319203678468 4274.926953201226 4671.838563233879
 -10324.82158791877 -379.1637934029191 6712.090700467143 4000.236401409895
 -7229.46214139777 -1740.532581087613 4257.10687050261 4702.312265764665
 -7491.357089269941 -1281.035141976859 4123.025856152989 4650.102740940573
 -7481.569794447016 -1323.528330876475 4103.402975084896 4700.743403129503
 -7481.569794447016 -1323.528330876475 4103.402975084896 4700.743403129503
 -7491.357089269941 -1281.035141976859 4123.025856152989 4650.102740940573
 -7491.357089269941 -1281.035141976859 4123.025856152989 4650.102740940573
 -10324.82158791877 -379.1637934029191 6712.090700467143 4000.236401409895
 -7089.497473876449 -1206.362402308419 3609.937360248721 4700.473644062502
 -7073.948417220177 -1215.900545372674 3597.309316735785 4691.978296328961
 -7481.569794447016 -1323.528330876475 4103.402975084896 4700.743403129503
 -7260.627599568838 -1696.408883013105 4236.426105685516 4729.666236933876
 -10324.39085166938 -399.9823101702378 6730.273831998345 4016.244137542111
 -10291.7953321715 -385.159454796106 6753.485603689837 4005.809954164934
 -7481.569794447016 -1323.528330876475 4103.402975084896 4700.743403129503
 -7228.36790054567 -1739.482123216074 4262.792602182199 4707.249679122707
 -7481.569794447016 -1323.528330876475 4103.402975084896 4700.743403129503
 -7243.465826283204 -1703.319203678468 4274.926953201226 4671.838563233879
 -7488.158023563691 -1282.477303849676 4103.327060012858 4633.878528517052
 -7487.909817724015 -1307.592764738448 4103.773652162121 4700.260895859832
 -7493.006181272754 -1278.660841832958 4130.336432415655 4651.400284087776
 -7447.377578180246 -1329.03067359015 4052.122097696686 4665.954678783466
 -7481.569794447016 -1323.528330876475 4103.402975084896 4700.743403129503
 -7491.357089269941 -1281.035141976859 4123.025856152989 4650.102740940573
 -7228.36790054567 -1739.482123216074 4262.792602182199 4707.249679122707
 -7503.519118251488 -1274.784431486484 4103.765772612954 4669.46900271272
 -7243.465826283204 -1703.319203678468 4274.926953201226 4671.838563233879
 -7481.569794447016 -1323.528330876475 4103.402975084896 4700.743403129503
 -7481.569794447016 -1323.528330876475 4103.402975084896 4700.743403129503
 -7501.348144264897 -1273.939899527388 4111.494717867403 4648.048032067668
 -7491.357089269941 -1281.035141976859 4123.025856152989 4650.102740940573
 -7481.569794447016 -1323.528330876475 4103.402975084896 4700.743403129503
 -7487.909817724015 -1307.592764738448 4103.773652162121 4700.260895859832
 -7481.569794447016 -1323.528330876475 4103.402975084896 4700.743403129503
 -7503.519118251488 -1274.784431486484 4103.765772612954 4669.46900271272
 -7481.569794447016 -1323.528330876475 4103.402975084896 4700.743403129503
 -7459.518449513281 -1237.26740357558 4189.099818652491 4654.510939852719
 -7491.357089269941 -1281.035141976859 4123.025856152989 4650.102740940573
 -7491.357089269941 -1281.035141976859 4123.025856152989 4650.102740940573
 -7481.569794447016 -1323.528330876475 4103.402975084896 4700.743403129503
 -7484.352881716624 -1294.207841708754 4107.632930634547 4617.789981781355
 -7481.569794447016 -1323.528330876475 4103.402975084896 4700.743403129503
 -7491.357089269941 -1281.035141976859 4123.025856152989 4650.102740940573
 -7481.569794447016 -1323.528330876475 4103.402975084896 4700.743403129503
 -7481.569794447016 -1323.528330876475 4103.402975084896 4700.743403129503
 -7481.569794447016 -1323.528330876475 4103.402975084896 4700.743403129503
 -10328.18484532027 -367.8123709108528 6704.759559335146 3990.713273238714
 -7491.357089269941 -1281.035141976859 4123.025856152989 4650.102740940573
 -7497.48770599593 -1282.374784182693 4124.784526813682 4659.35787567895
 -7491.357089269941 -1281.035141976859 4123.025856152989 4650.102740940573
 -7481.569794447016 -1323.528330876475 4103.402975084896 4700.743403129503
 -7490.63067179248 -1282.1119413655 4120.880508185186 4645.071509468979
 -7481.569794447016 -1323.528330876475 4103.402975084896 4700.743403129503
 -7477.921908526658 -1318.011731463856 4105.982164600456 4700.213063741093
 -10319.94877629392 -381.7792492955233 6718.217649704082 4000.756098348938
 -7458.030824930877 -1281.996564027595 4101.431803850456 4647.275230285675
 -7481.569794447016 -1323.528330876475 4103.402975084896 4700.743403129503
 -7395.791088765245 -1308.165518290362 4062.623926302736 4640.333799653859
 -7481.569794447016 -1323.528330876475 4103.402975084896 4700.743403129503
