# Created by Octave 4.2.1, Mon Oct 09 19:47:07 2017 BRT <root@mosqueiro>
# name: pop
# type: matrix
# rows: 1000
# columns: 4
 -4992.598528051896 -3008.366981801299 6415.896530081 1585.058856400466
 -4992.598528051896 -3008.366981801299 6415.896530081 1585.058856400466
 -4992.598528051896 -3008.366981801299 6415.896530081 1585.058856400466
 -4992.598528051896 -3008.366981801299 6415.896530081 1585.058856400466
 -4992.598528051896 -3008.366981801299 6415.896530081 1585.058856400466
 -2639.472985140584 -3812.067440325205 -549.1900288132856 7001.187050759279
 -2591.574640447761 -1099.733039543173 -1319.322229502699 7939.955392453074
 -2639.472985140584 -3812.067440325205 -549.1900288132856 7001.187050759279
 -4663.597683502548 -2831.911690370222 5945.633031931221 1654.516094816101
 -1283.507620778165 -5206.436630591095 -908.2369710540813 6997.643081774519
 -5934.480491658354 -2620.374331613259 6537.091393599389 1626.983855792068
 -6541.277516860111 -6529.443169406102 3177.27907586845 6112.384473818496
 -4992.598528051896 -3008.366981801299 6415.896530081 1585.058856400466
 -4992.598528051896 -3008.366981801299 6415.896530081 1585.058856400466
 -4992.598528051896 -3008.366981801299 6415.896530081 1585.058856400466
 -4992.598528051896 -3008.366981801299 6415.896530081 1585.058856400466
 -2639.472985140584 -3812.067440325205 -549.1900288132856 7001.187050759279
 -2639.472985140584 -3812.067440325205 -549.1900288132856 7001.187050759279
 -4192.268506415394 -2057.137370369862 7840.603504575062 851.7397082867966
 -4992.598528051896 -3008.366981801299 6415.896530081 1585.058856400466
 -2958.99482511358 -4018.116616598677 -1064.936318458997 6971.910530530819
 -4992.598528051896 -3008.366981801299 6415.896530081 1585.058856400466
 -4992.598528051896 -3008.366981801299 6415.896530081 1585.058856400466
 -4992.598528051896 -3008.366981801299 6415.896530081 1585.058856400466
 -4939.855187890738 -3641.792382709912 6333.554135241916 2035.503818260701
 -4992.598528051896 -3008.366981801299 6415.896530081 1585.058856400466
 -2639.472985140584 -3812.067440325205 -549.1900288132856 7001.187050759279
 -2750.398507461249 508.3114414016418 -1825.248487675059 5460.724229288669
 -4992.598528051896 -3008.366981801299 6415.896530081 1585.058856400466
 -2639.472985140584 -3812.067440325205 -549.1900288132856 7001.187050759279
 -4992.598528051896 -3008.366981801299 6415.896530081 1585.058856400466
 -4992.598528051896 -3008.366981801299 6415.896530081 1585.058856400466
 -4992.598528051896 -3008.366981801299 6415.896530081 1585.058856400466
 -2639.472985140584 -3812.067440325205 -549.1900288132856 7001.187050759279
 -4992.598528051896 -3008.366981801299 6415.896530081 1585.058856400466
 -2639.472985140584 -3812.067440325205 -549.1900288132856 7001.187050759279
 -4992.598528051896 -3008.366981801299 6415.896530081 1585.058856400466
 -384.3471193712833 -2883.600286658682 -1356.506117228805 7320.258547212167
 -4992.598528051896 -3008.366981801299 6415.896530081 1585.058856400466
 -2639.472985140584 -3812.067440325205 -549.1900288132856 7001.187050759279
 -4992.598528051896 -3008.366981801299 6415.896530081 1585.058856400466
 -4992.598528051896 -3008.366981801299 6415.896530081 1585.058856400466
 -2639.472985140584 -3812.067440325205 -549.1900288132856 7001.187050759279
 -2639.472985140584 -3812.067440325205 -549.1900288132856 7001.187050759279
 -2639.472985140584 -3812.067440325205 -549.1900288132856 7001.187050759279
 -5087.725424986993 -2657.560981828819 6900.827407339671 1503.159468738361
 -2639.472985140584 -3812.067440325205 -549.1900288132856 7001.187050759279
 -6119.028788048417 367.0220696337319 10877.11754688828 2641.778950383341
 -4992.598528051896 -3008.366981801299 6415.896530081 1585.058856400466
 -2639.472985140584 -3812.067440325205 -549.1900288132856 7001.187050759279
 -4992.598528051896 -3008.366981801299 6415.896530081 1585.058856400466
 -4992.598528051896 -3008.366981801299 6415.896530081 1585.058856400466
 -4992.598528051896 -3008.366981801299 6415.896530081 1585.058856400466
 -2639.472985140584 -3812.067440325205 -549.1900288132856 7001.187050759279
 -4992.598528051896 -3008.366981801299 6415.896530081 1585.058856400466
 -2639.472985140584 -3812.067440325205 -549.1900288132856 7001.187050759279
 -2646.613282586796 -3595.506818933811 -1602.90354011167 7369.884401081998
 22646.6700651223 -14122.664640528 -6725.258708830852 4057.862035529702
 800.6368912530943 1446.183636596947 453.2642049905758 -406.6499604047794
 -4992.598528051896 -3008.366981801299 6415.896530081 1585.058856400466
 -4992.598528051896 -3008.366981801299 6415.896530081 1585.058856400466
 -4992.598528051896 -3008.366981801299 6415.896530081 1585.058856400466
 -4992.598528051896 -3008.366981801299 6415.896530081 1585.058856400466
 -4992.598528051896 -3008.366981801299 6415.896530081 1585.058856400466
 -1899.692016549733 -3008.997343467269 -907.6596131207895 6359.68917662313
 -4578.680107584917 -3351.969744643687 6298.18762338828 1368.564811018219
 -2994.892270538734 1435.568252025646 -1649.131281333998 7310.453611689729
 -4992.598528051896 -3008.366981801299 6415.896530081 1585.058856400466
 -2639.472985140584 -3812.067440325205 -549.1900288132856 7001.187050759279
 -2639.472985140584 -3812.067440325205 -549.1900288132856 7001.187050759279
 -4992.598528051896 -3008.366981801299 6415.896530081 1585.058856400466
 -4992.598528051896 -3008.366981801299 6415.896530081 1585.058856400466
 -4992.598528051896 -3008.366981801299 6415.896530081 1585.058856400466
 -4992.598528051896 -3008.366981801299 6415.896530081 1585.058856400466
 -4992.598528051896 -3008.366981801299 6415.896530081 1585.058856400466
 -4992.598528051896 -3008.366981801299 6415.896530081 1585.058856400466
 -4992.598528051896 -3008.366981801299 6415.896530081 1585.058856400466
 -5333.593783791905 -4331.819486846488 5719.701051664475 1206.972670165622
 -4992.598528051896 -3008.366981801299 6415.896530081 1585.058856400466
 -4992.598528051896 -3008.366981801299 6415.896530081 1585.058856400466
 -4992.598528051896 -3008.366981801299 6415.896530081 1585.058856400466
 -2959.257660773061 -4816.064802443542 -1404.026179908244 7490.258138344462
 -4992.598528051896 -3008.366981801299 6415.896530081 1585.058856400466
 -4992.598528051896 -3008.366981801299 6415.896530081 1585.058856400466
 -5163.151896085393 -2635.797076679555 6106.907732196186 1395.125076814545
 -2101.526715865502 -3991.879841803168 -313.54879158251 7340.241665393764
 -4992.598528051896 -3008.366981801299 6415.896530081 1585.058856400466
 -2639.472985140584 -3812.067440325205 -549.1900288132856 7001.187050759279
 -2639.472985140584 -3812.067440325205 -549.1900288132856 7001.187050759279
 -4992.598528051896 -3008.366981801299 6415.896530081 1585.058856400466
 -2509.016182848126 -4132.065863253564 -756.9313061595302 7212.741921856497
 -4992.598528051896 -3008.366981801299 6415.896530081 1585.058856400466
 -2639.472985140584 -3812.067440325205 -549.1900288132856 7001.187050759279
 -4992.598528051896 -3008.366981801299 6415.896530081 1585.058856400466
 -1377.070857897081 -4340.803962201608 -963.9892871044603 6401.16552053954
 -4992.598528051896 -3008.366981801299 6415.896530081 1585.058856400466
 -4992.598528051896 -3008.366981801299 6415.896530081 1585.058856400466
 -4992.598528051896 -3008.366981801299 6415.896530081 1585.058856400466
 -2639.472985140584 -3812.067440325205 -549.1900288132856 7001.187050759279
 -5333.593783791905 -4331.819486846488 5719.701051664475 1206.972670165622
 -5716.996167778624 -3064.236479656011 6723.283530826184 1729.798219387537
 -2639.472985140584 -3812.067440325205 -549.1900288132856 7001.187050759279
 5721.783312243148 4851.406327417239 7988.534809996669 4588.38687327625
 -4992.598528051896 -3008.366981801299 6415.896530081 1585.058856400466
 -1186.161300149021 -4497.815694609595 -624.9683645919923 7310.792867857626
 -4992.598528051896 -3008.366981801299 6415.896530081 1585.058856400466
