# Created by Octave 4.2.1, Mon Oct 09 19:08:35 2017 BRT <root@mosqueiro>
# name: pop
# type: matrix
# rows: 1000
# columns: 4
 -10069.17122531588 14054.40057356214 12473.15442806913 -16455.27734600434
 -10069.17122531588 14054.40057356214 12473.15442806913 -16455.27734600434
 -10069.17122531588 14054.40057356214 12473.15442806913 -16455.27734600434
 -10069.17122531588 14054.40057356214 12473.15442806913 -16455.27734600434
 -10069.17122531588 14054.40057356214 12473.15442806913 -16455.27734600434
 -8997.480816536225 13655.60719147824 12013.31500166485 -16664.49924841844
 -10069.17122531588 14054.40057356214 12473.15442806913 -16455.27734600434
 -9117.249734625926 13913.85340320458 12481.8577753146 -16649.48004034946
 -10069.17122531588 14054.40057356214 12473.15442806913 -16455.27734600434
 -1637.732226726568 9967.83640559197 -1280.237021546411 -7086.266306783838
 -9358.111223962109 13699.45469385372 12069.96520934815 -17040.11819239914
 -10069.17122531588 14054.40057356214 12473.15442806913 -16455.27734600434
 -10069.17122531588 14054.40057356214 12473.15442806913 -16455.27734600434
 -10123.0078116168 14053.17421758684 12299.87333277845 -16924.78078545295
 -10069.17122531588 14054.40057356214 12473.15442806913 -16455.27734600434
 -7023.764218186096 13859.73122578325 11383.28745099619 -14069.24495136428
 -8997.480816536225 13655.60719147824 12013.31500166485 -16664.49924841844
 -10069.17122531588 14054.40057356214 12473.15442806913 -16455.27734600434
 -10069.17122531588 14054.40057356214 12473.15442806913 -16455.27734600434
 -5405.550030251139 17545.10198613338 5843.341179599578 -14133.36334354214
 -8997.480816536225 13655.60719147824 12013.31500166485 -16664.49924841844
 -8997.480816536225 13655.60719147824 12013.31500166485 -16664.49924841844
 -10069.17122531588 14054.40057356214 12473.15442806913 -16455.27734600434
 -10069.17122531588 14054.40057356214 12473.15442806913 -16455.27734600434
 -8762.62983635676 13429.35329051735 12023.47350802269 -16591.03171479546
 -9325.696306967497 15425.91163323504 14223.78780413732 -16375.84028323263
 -10069.17122531588 14054.40057356214 12473.15442806913 -16455.27734600434
 -8997.480816536225 13655.60719147824 12013.31500166485 -16664.49924841844
 -1637.732226726568 9967.83640559197 -1280.237021546411 -7086.266306783838
 -10069.17122531588 14054.40057356214 12473.15442806913 -16455.27734600434
 -8997.480816536225 13655.60719147824 12013.31500166485 -16664.49924841844
 -3242.063772885232 5110.64106222893 5558.902254626702 -7417.344606165118
 -8997.480816536225 13655.60719147824 12013.31500166485 -16664.49924841844
 -8997.480816536225 13655.60719147824 12013.31500166485 -16664.49924841844
 -9558.405228659061 14185.00716866627 11770.40564054354 -16335.47893853322
 -8997.480816536225 13655.60719147824 12013.31500166485 -16664.49924841844
 -10069.17122531588 14054.40057356214 12473.15442806913 -16455.27734600434
 -9219.826788220098 13704.73495741978 12004.14758866226 -16568.42202777875
 -10069.17122531588 14054.40057356214 12473.15442806913 -16455.27734600434
 -10069.17122531588 14054.40057356214 12473.15442806913 -16455.27734600434
 -10069.17122531588 14054.40057356214 12473.15442806913 -16455.27734600434
 -8818.197983934211 13457.44551955887 11796.21142332972 -16547.829935793
 -10069.17122531588 14054.40057356214 12473.15442806913 -16455.27734600434
 -8997.480816536225 13655.60719147824 12013.31500166485 -16664.49924841844
 -8997.480816536225 13655.60719147824 12013.31500166485 -16664.49924841844
 -8997.480816536225 13655.60719147824 12013.31500166485 -16664.49924841844
 -8997.480816536225 13655.60719147824 12013.31500166485 -16664.49924841844
 -8971.988840988868 13686.56208960343 12115.87061658185 -17003.99828018436
 -10069.17122531588 14054.40057356214 12473.15442806913 -16455.27734600434
 -10069.17122531588 14054.40057356214 12473.15442806913 -16455.27734600434
 -9544.068846476701 14143.41253093828 12613.93130109729 -16444.1085323975
 -8997.480816536225 13655.60719147824 12013.31500166485 -16664.49924841844
 -8997.480816536225 13655.60719147824 12013.31500166485 -16664.49924841844
 -8997.480816536225 13655.60719147824 12013.31500166485 -16664.49924841844
 -8997.480816536225 13655.60719147824 12013.31500166485 -16664.49924841844
 -8596.632080617628 13598.21708474111 12079.26011654243 -16566.92234261428
 -8997.480816536225 13655.60719147824 12013.31500166485 -16664.49924841844
 -10069.17122531588 14054.40057356214 12473.15442806913 -16455.27734600434
 -4131.052662155264 5390.249130919431 9618.078564575902 -8673.972459264038
 -10069.17122531588 14054.40057356214 12473.15442806913 -16455.27734600434
 -10069.17122531588 14054.40057356214 12473.15442806913 -16455.27734600434
 -10069.17122531588 14054.40057356214 12473.15442806913 -16455.27734600434
 -9009.046229038104 13888.68558458463 12084.41493036801 -16478.79938819496
 -8997.480816536225 13655.60719147824 12013.31500166485 -16664.49924841844
 -10069.17122531588 14054.40057356214 12473.15442806913 -16455.27734600434
 -8997.480816536225 13655.60719147824 12013.31500166485 -16664.49924841844
 -8997.480816536225 13655.60719147824 12013.31500166485 -16664.49924841844
 -8997.480816536225 13655.60719147824 12013.31500166485 -16664.49924841844
 -10069.17122531588 14054.40057356214 12473.15442806913 -16455.27734600434
 -8997.480816536225 13655.60719147824 12013.31500166485 -16664.49924841844
 -1637.732226726568 9967.83640559197 -1280.237021546411 -7086.266306783838
 -8913.38074663861 13633.44026718674 11693.55563570651 -16616.59040821996
 -10069.17122531588 14054.40057356214 12473.15442806913 -16455.27734600434
 -9301.740531233372 13545.69006174374 11707.5540763344 -16696.26560034376
 -8997.480816536225 13655.60719147824 12013.31500166485 -16664.49924841844
 -8085.765846507633 9706.855170224466 12685.79537847581 -14409.83472407458
 -10069.17122531588 14054.40057356214 12473.15442806913 -16455.27734600434
 -8997.480816536225 13655.60719147824 12013.31500166485 -16664.49924841844
 -10069.17122531588 14054.40057356214 12473.15442806913 -16455.27734600434
 -10069.17122531588 14054.40057356214 12473.15442806913 -16455.27734600434
 -9325.799133149621 14157.83436655164 11446.97727577118 -17103.40650134487
 -10069.17122531588 14054.40057356214 12473.15442806913 -16455.27734600434
 -10069.17122531588 14054.40057356214 12473.15442806913 -16455.27734600434
 -9569.627189737967 13670.02153534364 12043.61987399839 -17291.97441350918
 -10069.17122531588 14054.40057356214 12473.15442806913 -16455.27734600434
 -8997.480816536225 13655.60719147824 12013.31500166485 -16664.49924841844
 -8997.480816536225 13655.60719147824 12013.31500166485 -16664.49924841844
 -9095.292258695139 13269.34204027486 11573.35871469273 -16555.55324573579
 -1523.830442692838 9924.27161748353 -1231.613688621595 -6831.432928137916
 -8997.480816536225 13655.60719147824 12013.31500166485 -16664.49924841844
 -8997.480816536225 13655.60719147824 12013.31500166485 -16664.49924841844
 -8997.480816536225 13655.60719147824 12013.31500166485 -16664.49924841844
 -8925.165445219391 13758.05983503905 12233.09367879321 -16687.46872310347
 -8997.480816536225 13655.60719147824 12013.31500166485 -16664.49924841844
 -8997.480816536225 13655.60719147824 12013.31500166485 -16664.49924841844
 -8960.524593206335 13581.38577292069 12063.10931751181 -16844.01096156457
 -8993.531129625535 13503.92078477512 11945.40639357502 -16548.14200628795
 -10069.17122531588 14054.40057356214 12473.15442806913 -16455.27734600434
 -10899.07567260632 20174.22170338604 14070.73072745628 -16059.94735098975
 -8997.480816536225 13655.60719147824 12013.31500166485 -16664.49924841844
 -8997.480816536225 13655.60719147824 12013.31500166485 -16664.49924841844
 -8997.480816536225 13655.60719147824 12013.31500166485 -16664.49924841844
 -10069.17122531588 14054.40057356214 12473.15442806913 -16455.27734600434
 -10069.17122531588 14054.40057356214 12473.15442806913 -16455.27734600434
 -10069.17122531588 14054.40057356214 12473.15442806913 -16455.27734600434
