# Created by Octave 4.2.1, Mon Oct 09 19:06:40 2017 BRT <root@mosqueiro>
# name: pop
# type: matrix
# rows: 1000
# columns: 4
 -8997.480816536225 13655.60719147824 12013.31500166485 -16664.49924841844
 -8997.480816536225 13655.60719147824 12013.31500166485 -16664.49924841844
 -8997.480816536225 13655.60719147824 12013.31500166485 -16664.49924841844
 -8997.480816536225 13655.60719147824 12013.31500166485 -16664.49924841844
 -8997.480816536225 13655.60719147824 12013.31500166485 -16664.49924841844
 -8997.480816536225 13655.60719147824 12013.31500166485 -16664.49924841844
 -8997.480816536225 13655.60719147824 12013.31500166485 -16664.49924841844
 -3242.063772885232 5110.64106222893 5558.902254626702 -7417.344606165118
 -8997.480816536225 13655.60719147824 12013.31500166485 -16664.49924841844
 -8997.480816536225 13655.60719147824 12013.31500166485 -16664.49924841844
 -2986.76861286297 7930.135386941638 8891.335932038073 -1145.233317718054
 -4720.278819331788 12598.54072938809 10477.47650837537 -8912.228430124715
 -771.0402126043537 -3473.387919318313 10187.1449393256 -6930.877512400523
 -1823.415118708353 10672.20710684393 1307.433700447742 -7895.647512026427
 -8997.480816536225 13655.60719147824 12013.31500166485 -16664.49924841844
 -13396.08781809368 20950.08587959889 13175.26713092474 -19864.53700693875
 727.6864290264473 13145.09908466288 3343.700508378529 -7429.506702877532
 2328.301843988627 4062.387337270178 5408.327166708855 -12907.06772183953
 -8997.480816536225 13655.60719147824 12013.31500166485 -16664.49924841844
 -8997.480816536225 13655.60719147824 12013.31500166485 -16664.49924841844
 -3242.063772885232 5110.64106222893 5558.902254626702 -7417.344606165118
 -8997.480816536225 13655.60719147824 12013.31500166485 -16664.49924841844
 -9212.302187368332 6409.06634567214 -4188.095499301331 9494.988824212853
 -8997.480816536225 13655.60719147824 12013.31500166485 -16664.49924841844
 -8997.480816536225 13655.60719147824 12013.31500166485 -16664.49924841844
 -8842.942545061851 26522.09263216757 10735.24428446826 4091.246168415594
 -8997.480816536225 13655.60719147824 12013.31500166485 -16664.49924841844
 -8997.480816536225 13655.60719147824 12013.31500166485 -16664.49924841844
 -3242.063772885232 5110.64106222893 5558.902254626702 -7417.344606165118
 -4924.681094224907 13301.83265433783 13270.56169799823 -15412.48384146373
 -8997.480816536225 13655.60719147824 12013.31500166485 -16664.49924841844
 -3242.063772885232 5110.64106222893 5558.902254626702 -7417.344606165118
 4879.379841148802 -9427.257609564393 -1363.934209339985 -16188.6965307866
 -4624.602787712171 5409.077055041372 10214.33987130263 -9281.424984483445
 2015.785231794312 -6733.109438003145 -8316.190900432466 -7158.744020281785
 -8997.480816536225 13655.60719147824 12013.31500166485 -16664.49924841844
 -3743.896385416504 6778.808311913541 -1752.628155974518 -5177.5948166076
 -8997.480816536225 13655.60719147824 12013.31500166485 -16664.49924841844
 -13396.08781809368 20950.08587959889 13175.26713092474 -19864.53700693875
 -3242.063772885232 5110.64106222893 5558.902254626702 -7417.344606165118
 -8997.480816536225 13655.60719147824 12013.31500166485 -16664.49924841844
 -2260.390473018985 8996.99620591671 -4550.557545609947 -9100.113699856711
 -8997.480816536225 13655.60719147824 12013.31500166485 -16664.49924841844
 -3242.063772885232 5110.64106222893 5558.902254626702 -7417.344606165118
 -2765.13291322565 3197.060049866997 4950.414564797764 -8164.804840638617
 -8997.480816536225 13655.60719147824 12013.31500166485 -16664.49924841844
 -8997.480816536225 13655.60719147824 12013.31500166485 -16664.49924841844
 -8997.480816536225 13655.60719147824 12013.31500166485 -16664.49924841844
 -8997.480816536225 13655.60719147824 12013.31500166485 -16664.49924841844
 367.9404152684733 9250.726085295548 3575.950988281231 -10551.89738056343
 -11992.20245648874 13231.28187408652 8828.385272198 -12960.55705540986
 -3242.063772885232 5110.64106222893 5558.902254626702 -7417.344606165118
 -8997.480816536225 13655.60719147824 12013.31500166485 -16664.49924841844
 -8997.480816536225 13655.60719147824 12013.31500166485 -16664.49924841844
 -12097.93668856925 12705.38072579323 17897.85753894382 -15938.85629192252
 -8997.480816536225 13655.60719147824 12013.31500166485 -16664.49924841844
 -3242.063772885232 5110.64106222893 5558.902254626702 -7417.344606165118
 -3242.063772885232 5110.64106222893 5558.902254626702 -7417.344606165118
 -3242.063772885232 5110.64106222893 5558.902254626702 -7417.344606165118
 -8997.480816536225 13655.60719147824 12013.31500166485 -16664.49924841844
 -8997.480816536225 13655.60719147824 12013.31500166485 -16664.49924841844
 -8997.480816536225 13655.60719147824 12013.31500166485 -16664.49924841844
 -3242.063772885232 5110.64106222893 5558.902254626702 -7417.344606165118
 -9109.778961285298 12140.05223302828 13511.43591061915 -13515.56796132305
 -3242.063772885232 5110.64106222893 5558.902254626702 -7417.344606165118
 -5010.232492628349 11478.51355501759 12189.14953138729 -23457.82483325322
 -8997.480816536225 13655.60719147824 12013.31500166485 -16664.49924841844
 -3242.063772885232 5110.64106222893 5558.902254626702 -7417.344606165118
 -8864.537567939909 14303.89237973609 4065.321014045135 -15167.42180444688
 -3242.063772885232 5110.64106222893 5558.902254626702 -7417.344606165118
 13457.91671049711 7525.810738461561 -2167.189626148984 -1802.64049150168
 -8997.480816536225 13655.60719147824 12013.31500166485 -16664.49924841844
 -8997.480816536225 13655.60719147824 12013.31500166485 -16664.49924841844
 -6898.842768112991 5630.536936345631 9385.857159082319 -8989.33794632
 -8383.614643796252 14283.66051495468 13138.30553067269 -20660.73570137149
 -3242.063772885232 5110.64106222893 5558.902254626702 -7417.344606165118
 -8997.480816536225 13655.60719147824 12013.31500166485 -16664.49924841844
 -8997.480816536225 13655.60719147824 12013.31500166485 -16664.49924841844
 -8997.480816536225 13655.60719147824 12013.31500166485 -16664.49924841844
 -12097.93668856925 12705.38072579323 17897.85753894382 -15938.85629192252
 -3242.063772885232 5110.64106222893 5558.902254626702 -7417.344606165118
 -8997.480816536225 13655.60719147824 12013.31500166485 -16664.49924841844
 -12097.93668856925 12705.38072579323 17897.85753894382 -15938.85629192252
 -8997.480816536225 13655.60719147824 12013.31500166485 -16664.49924841844
 -8997.480816536225 13655.60719147824 12013.31500166485 -16664.49924841844
 -6549.459860657776 18097.69315061357 13960.79222107829 -21827.18175396526
 -8997.480816536225 13655.60719147824 12013.31500166485 -16664.49924841844
 -8997.480816536225 13655.60719147824 12013.31500166485 -16664.49924841844
 -8997.480816536225 13655.60719147824 12013.31500166485 -16664.49924841844
 15130.0262487296 -3959.113995215368 45443.24547116975 -38298.45618275776
 12356.78937492606 -1770.707293183616 17338.23534047166 -17222.44679693842
 -8997.480816536225 13655.60719147824 12013.31500166485 -16664.49924841844
 -2541.373001796507 1942.338435492779 14318.10375883295 -40.83840470854375
 -8997.480816536225 13655.60719147824 12013.31500166485 -16664.49924841844
 -396.0823962481263 12368.74015221076 18527.61228956212 -25419.02422016387
 -9598.39687054372 11744.08442215177 -2154.481085462224 -11642.79140820683
 -8997.480816536225 13655.60719147824 12013.31500166485 -16664.49924841844
 -8997.480816536225 13655.60719147824 12013.31500166485 -16664.49924841844
 -9667.854847979184 10532.14104923098 11822.6679127787 -16155.70036977888
 -10287.33761823602 11321.10382655105 15490.8476968942 -16672.58053870206
 -2617.087558829417 18519.65733900845 11155.51429958409 -12650.96544231751
 -8997.480816536225 13655.60719147824 12013.31500166485 -16664.49924841844
 -3242.063772885232 5110.64106222893 5558.902254626702 -7417.344606165118
 -8997.480816536225 13655.60719147824 12013.31500166485 -16664.49924841844
 -14364.85493582547 18018.44669074305 9444.436592137412 -17609.87429261277
