# Created by Octave 4.2.1, Mon Oct 09 19:38:34 2017 BRT <root@mosqueiro>
# name: pop
# type: matrix
# rows: 1000
# columns: 4
 -7481.569794447016 -1323.528330876475 4103.402975084896 4700.743403129503
 -7243.465826283204 -1703.319203678468 4274.926953201226 4671.838563233879
 -7491.357089269941 -1281.035141976859 4123.025856152989 4650.102740940573
 -7491.357089269941 -1281.035141976859 4123.025856152989 4650.102740940573
 -7491.357089269941 -1281.035141976859 4123.025856152989 4650.102740940573
 -7388.118906136311 -1280.759136014043 4066.935166573163 4616.641127117166
 -9871.863591083345 105.6189483058252 6754.371167891198 4287.937624063892
 -7491.357089269941 -1281.035141976859 4123.025856152989 4650.102740940573
 -7784.655921795391 -1238.143924990477 5344.337751802422 3347.185200770265
 -10324.82158791877 -379.1637934029191 6712.090700467143 4000.236401409895
 -7529.170056974213 -1293.631891578289 4147.862422481716 4677.675089304396
 -7228.36790054567 -1739.482123216074 4262.792602182199 4707.249679122707
 -10359.95518541008 -511.9868496070831 6883.890195107413 4182.604957037092
 -10390.09893564816 -617.187648837742 6525.892644716842 4054.199719141433
 -7506.227486014401 -1287.49123915666 4159.948003262178 4647.513833925289
 -7228.36790054567 -1739.482123216074 4262.792602182199 4707.249679122707
 -10324.82158791877 -379.1637934029191 6712.090700467143 4000.236401409895
 -10324.82158791877 -379.1637934029191 6712.090700467143 4000.236401409895
 -10324.82158791877 -379.1637934029191 6712.090700467143 4000.236401409895
 -7090.242948329165 -1206.75288270171 3601.967347483417 4699.434180134276
 -7301.743424736967 -1269.12308851825 4118.539556567867 4544.045430065762
 -7491.357089269941 -1281.035141976859 4123.025856152989 4650.102740940573
 -10438.23782987815 -63.93703862298453 6584.579589253561 4016.755240176813
 -7504.584594042041 -1292.62796882578 4031.411720697539 4670.030939621342
 -7491.357089269941 -1281.035141976859 4123.025856152989 4650.102740940573
 -7243.465826283204 -1703.319203678468 4274.926953201226 4671.838563233879
 -7228.36790054567 -1739.482123216074 4262.792602182199 4707.249679122707
 -10324.82158791877 -379.1637934029191 6712.090700467143 4000.236401409895
 -10345.99602610204 -366.1704890378945 6634.064468008408 4080.149181141844
 -10324.82158791877 -379.1637934029191 6712.090700467143 4000.236401409895
 -10324.82158791877 -379.1637934029191 6712.090700467143 4000.236401409895
 -10324.82158791877 -379.1637934029191 6712.090700467143 4000.236401409895
 -7388.118906136311 -1280.759136014043 4066.935166573163 4616.641127117166
 -7089.360352738401 -1231.458582528363 3658.215857579387 4693.432738727946
 -10354.76642555128 -317.076848859625 6748.183586705327 3981.552212272627
 -7388.118906136311 -1280.759136014043 4066.935166573163 4616.641127117166
 -10363.01858163854 -363.5933654585531 6703.169599160517 3989.754187312503
 -7491.357089269941 -1281.035141976859 4123.025856152989 4650.102740940573
 -7529.170056974213 -1293.631891578289 4147.862422481716 4677.675089304396
 -7491.357089269941 -1281.035141976859 4123.025856152989 4650.102740940573
 -7491.357089269941 -1281.035141976859 4123.025856152989 4650.102740940573
 -5737.98870350066 -1082.930591420158 3569.758530177905 3260.315854470912
 -10358.12569600768 -335.0874450115169 6696.321952040343 3944.462621359884
 -7491.357089269941 -1281.035141976859 4123.025856152989 4650.102740940573
 -7491.357089269941 -1281.035141976859 4123.025856152989 4650.102740940573
 -7228.36790054567 -1739.482123216074 4262.792602182199 4707.249679122707
 -5723.244260886209 -1068.415575905913 3542.657734580236 3285.360290550975
 -7388.118906136311 -1280.759136014043 4066.935166573163 4616.641127117166
 -10324.82158791877 -379.1637934029191 6712.090700467143 4000.236401409895
 -7491.357089269941 -1281.035141976859 4123.025856152989 4650.102740940573
 -10324.82158791877 -379.1637934029191 6712.090700467143 4000.236401409895
 -7491.357089269941 -1281.035141976859 4123.025856152989 4650.102740940573
 -10324.82158791877 -379.1637934029191 6712.090700467143 4000.236401409895
 -10324.82158791877 -379.1637934029191 6712.090700467143 4000.236401409895
 -7228.36790054567 -1739.482123216074 4262.792602182199 4707.249679122707
 -7491.357089269941 -1281.035141976859 4123.025856152989 4650.102740940573
 -7491.357089269941 -1281.035141976859 4123.025856152989 4650.102740940573
 -10324.82158791877 -379.1637934029191 6712.090700467143 4000.236401409895
 -7228.36790054567 -1739.482123216074 4262.792602182199 4707.249679122707
 -10324.82158791877 -379.1637934029191 6712.090700467143 4000.236401409895
 -7491.357089269941 -1281.035141976859 4123.025856152989 4650.102740940573
 -7228.36790054567 -1739.482123216074 4262.792602182199 4707.249679122707
 -10324.82158791877 -379.1637934029191 6712.090700467143 4000.236401409895
 -7388.118906136311 -1280.759136014043 4066.935166573163 4616.641127117166
 -7388.118906136311 -1280.759136014043 4066.935166573163 4616.641127117166
 -7228.36790054567 -1739.482123216074 4262.792602182199 4707.249679122707
 -10291.70149058251 -361.2755228717109 6727.418716170701 4068.352516499794
 -10345.99602610204 -366.1704890378945 6634.064468008408 4080.149181141844
 -7090.242948329165 -1206.75288270171 3601.967347483417 4699.434180134276
 -5723.244260886209 -1068.415575905913 3542.657734580236 3285.360290550975
 -10299.2553384134 -372.6925831461331 6715.822261175471 3927.348742916442
 -7434.066189247655 -454.8408151000242 3552.416977187322 4403.729715539403
 -10324.82158791877 -379.1637934029191 6712.090700467143 4000.236401409895
 -7491.357089269941 -1281.035141976859 4123.025856152989 4650.102740940573
 -7228.36790054567 -1739.482123216074 4262.792602182199 4707.249679122707
 -7491.357089269941 -1281.035141976859 4123.025856152989 4650.102740940573
 -7388.118906136311 -1280.759136014043 4066.935166573163 4616.641127117166
 -10274.32766604628 -373.2339280368259 6720.004893369257 4017.312465564026
 -7491.357089269941 -1281.035141976859 4123.025856152989 4650.102740940573
 -10269.42974681035 -355.5220277483464 6744.696806007938 3943.897693804111
 -10324.82158791877 -379.1637934029191 6712.090700467143 4000.236401409895
 -10269.26883750744 -421.3031673147882 6761.735496000598 4087.086784263622
 -7377.639036521638 -1155.223288440988 4104.646321101949 4628.229233468016
 -10324.82158791877 -379.1637934029191 6712.090700467143 4000.236401409895
 -7519.696441856083 -2497.313935031473 3445.245018210526 4796.606018845859
 -10363.01858163854 -363.5933654585531 6703.169599160517 3989.754187312503
 -10353.10876791655 -342.0587361202838 6707.059168286378 4005.558974371431
 -7491.357089269941 -1281.035141976859 4123.025856152989 4650.102740940573
 -5646.611437021796 -1049.575851818427 3556.227227363746 3300.968363342694
 -7228.36790054567 -1739.482123216074 4262.792602182199 4707.249679122707
 -7491.357089269941 -1281.035141976859 4123.025856152989 4650.102740940573
 -7491.357089269941 -1281.035141976859 4123.025856152989 4650.102740940573
 -10324.82158791877 -379.1637934029191 6712.090700467143 4000.236401409895
 -7491.357089269941 -1281.035141976859 4123.025856152989 4650.102740940573
 -7491.357089269941 -1281.035141976859 4123.025856152989 4650.102740940573
 -7491.357089269941 -1281.035141976859 4123.025856152989 4650.102740940573
 -7228.36790054567 -1739.482123216074 4262.792602182199 4707.249679122707
 -7491.357089269941 -1281.035141976859 4123.025856152989 4650.102740940573
 -7491.357089269941 -1281.035141976859 4123.025856152989 4650.102740940573
 -7491.357089269941 -1281.035141976859 4123.025856152989 4650.102740940573
 -7090.242948329165 -1206.75288270171 3601.967347483417 4699.434180134276
 -7090.242948329165 -1206.75288270171 3601.967347483417 4699.434180134276
 -10324.82158791877 -379.1637934029191 6712.090700467143 4000.236401409895
 -10324.82158791877 -379.1637934029191 6712.090700467143 4000.236401409895
 -7228.36790054567 -1739.482123216074 4262.792602182199 4707.249679122707
