# Created by Octave 4.2.1, Mon Oct 09 19:20:15 2017 BRT <root@mosqueiro>
# name: pop
# type: matrix
# rows: 1000
# columns: 4
 -7170.960291268502 9244.809215141586 9007.62077303779 -11082.48664030576
 -7110.832997500815 9259.01517918695 9222.633035726509 -11371.84441947265
 -7110.832997500815 9259.01517918695 9222.633035726509 -11371.84441947265
 -7110.832997500815 9259.01517918695 9222.633035726509 -11371.84441947265
 -7110.832997500815 9259.01517918695 9222.633035726509 -11371.84441947265
 -7170.960291268502 9244.809215141586 9007.62077303779 -11082.48664030576
 -7169.826561157347 9244.889888163483 9008.084035636477 -11084.17672481621
 -7110.038477556766 9260.135754991643 9224.183104048108 -11371.82463163413
 -7169.826561157347 9244.889888163483 9008.084035636477 -11084.17672481621
 -7170.478672059014 9244.427928119121 9007.37322020572 -11085.31900918982
 6604.500190568092 -7456.579919067984 -2661.703821132654 3534.606864677998
 -7110.832997500815 9259.01517918695 9222.633035726509 -11371.84441947265
 -7110.832997500815 9259.01517918695 9222.633035726509 -11371.84441947265
 -7110.832997500815 9259.01517918695 9222.633035726509 -11371.84441947265
 -7110.832997500815 9259.01517918695 9222.633035726509 -11371.84441947265
 -7169.826561157347 9244.889888163483 9008.084035636477 -11084.17672481621
 -7934.698706976328 9559.162207762944 8643.801280526701 -10200.86900466777
 -7174.812747514986 9240.147130922103 9005.648353897654 -11081.94695535481
 -7110.832997500815 9259.01517918695 9222.633035726509 -11371.84441947265
 -7109.491367277812 9259.646017405468 9222.906584978602 -11372.4409417642
 -7110.832997500815 9259.01517918695 9222.633035726509 -11371.84441947265
 -7170.126576368727 9247.647674112222 9005.513008430718 -11083.0835924668
 -7169.826561157347 9244.889888163483 9008.084035636477 -11084.17672481621
 -7169.826561157347 9244.889888163483 9008.084035636477 -11084.17672481621
 -7110.832997500815 9259.01517918695 9222.633035726509 -11371.84441947265
 -7110.832997500815 9259.01517918695 9222.633035726509 -11371.84441947265
 -7110.832997500815 9259.01517918695 9222.633035726509 -11371.84441947265
 -7188.510371087213 9236.642002130826 9014.334863949216 -11101.78734037976
 -7169.826561157347 9244.889888163483 9008.084035636477 -11084.17672481621
 -7170.960291268502 9244.809215141586 9007.62077303779 -11082.48664030576
 -7992.415373031929 9530.387137854952 8638.967507689758 -10182.35937211343
 -7110.832997500815 9259.01517918695 9222.633035726509 -11371.84441947265
 -7169.826561157347 9244.889888163483 9008.084035636477 -11084.17672481621
 -7148.103312701941 9110.658303641747 9020.659766140016 -10968.80655961632
 -7169.826561157347 9244.889888163483 9008.084035636477 -11084.17672481621
 -7169.826561157347 9244.889888163483 9008.084035636477 -11084.17672481621
 -7105.663280016193 9260.280870231276 9221.975728109815 -11369.63039758517
 -7169.826561157347 9244.889888163483 9008.084035636477 -11084.17672481621
 -7169.826561157347 9244.889888163483 9008.084035636477 -11084.17672481621
 -7110.832997500815 9259.01517918695 9222.633035726509 -11371.84441947265
 -7110.832997500815 9259.01517918695 9222.633035726509 -11371.84441947265
 -7110.832997500815 9259.01517918695 9222.633035726509 -11371.84441947265
 -8024.799110750764 9542.032966478979 8597.116579173309 -10113.72082342853
 -7110.832997500815 9259.01517918695 9222.633035726509 -11371.84441947265
 -7110.475364882076 9259.377683114455 9223.184415863798 -11372.20881082583
 -7169.138257943042 9246.055376902028 9006.990714286203 -11084.44442525661
 -7110.832997500815 9259.01517918695 9222.633035726509 -11371.84441947265
 -7110.832997500815 9259.01517918695 9222.633035726509 -11371.84441947265
 -7113.55542350118 9259.267241621799 9221.968645456502 -11369.85223917208
 -7169.370252566955 9246.33777347556 9009.608266074727 -11083.20278482692
 -7110.832997500815 9259.01517918695 9222.633035726509 -11371.84441947265
 -7109.27535583503 9258.883490013028 9224.532718577775 -11372.78161779637
 -7110.832997500815 9259.01517918695 9222.633035726509 -11371.84441947265
 -8024.241140239268 9536.542078564575 8597.3036424252 -10113.45064196439
 -8497.305799384299 10840.81978866863 8367.025478232754 -10714.14688343895
 -6105.761915397862 7968.859892418128 9225.252817785442 -11539.17386492094
 -7110.832997500815 9259.01517918695 9222.633035726509 -11371.84441947265
 -7110.832997500815 9259.01517918695 9222.633035726509 -11371.84441947265
 -7169.826561157347 9244.889888163483 9008.084035636477 -11084.17672481621
 -7169.826561157347 9244.889888163483 9008.084035636477 -11084.17672481621
 -7169.826561157347 9244.889888163483 9008.084035636477 -11084.17672481621
 -7110.832997500815 9259.01517918695 9222.633035726509 -11371.84441947265
 -7110.832997500815 9259.01517918695 9222.633035726509 -11371.84441947265
 -7110.832997500815 9259.01517918695 9222.633035726509 -11371.84441947265
 -7169.826561157347 9244.889888163483 9008.084035636477 -11084.17672481621
 -7110.832997500815 9259.01517918695 9222.633035726509 -11371.84441947265
 -7110.832997500815 9259.01517918695 9222.633035726509 -11371.84441947265
 -7169.826561157347 9244.889888163483 9008.084035636477 -11084.17672481621
 -8421.019129482293 10501.41336096712 8570.920293701953 -10633.86916672773
 -7169.826561157347 9244.889888163483 9008.084035636477 -11084.17672481621
 -7169.826561157347 9244.889888163483 9008.084035636477 -11084.17672481621
 -7103.37826922589 9259.436396609883 9205.894624406897 -11361.23503793489
 -7169.826561157347 9244.889888163483 9008.084035636477 -11084.17672481621
 -7169.826561157347 9244.889888163483 9008.084035636477 -11084.17672481621
 -7550.994568967475 9422.043339869355 8908.925889460448 -10742.73349019874
 -7904.688377764553 9579.138419355641 9185.263739597305 -11073.27136203451
 -7169.826561157347 9244.889888163483 9008.084035636477 -11084.17672481621
 -7169.826561157347 9244.889888163483 9008.084035636477 -11084.17672481621
 -7110.832997500815 9259.01517918695 9222.633035726509 -11371.84441947265
 -7169.826561157347 9244.889888163483 9008.084035636477 -11084.17672481621
 -7111.61743285197 9257.827744566517 9220.372217468357 -11371.17410340042
 -7110.832997500815 9259.01517918695 9222.633035726509 -11371.84441947265
 -7170.960291268502 9244.809215141586 9007.62077303779 -11082.48664030576
 -7110.832997500815 9259.01517918695 9222.633035726509 -11371.84441947265
 -7111.544007938655 9260.182409221936 9221.404776029703 -11369.9217510471
 -7110.832997500815 9259.01517918695 9222.633035726509 -11371.84441947265
 -7110.832997500815 9259.01517918695 9222.633035726509 -11371.84441947265
 -7110.832997500815 9259.01517918695 9222.633035726509 -11371.84441947265
 -7171.758994128192 9244.361391459943 9009.517692607684 -11083.33402046456
 -7170.960291268502 9244.809215141586 9007.62077303779 -11082.48664030576
 -7214.348103430478 9213.361011255423 9052.607941475444 -11071.6156686907
 -7169.826561157347 9244.889888163483 9008.084035636477 -11084.17672481621
 -7110.832997500815 9259.01517918695 9222.633035726509 -11371.84441947265
 -7110.832997500815 9259.01517918695 9222.633035726509 -11371.84441947265
 -7150.510673953579 9095.098621610494 9034.808656199984 -10980.15675787533
 -7169.826561157347 9244.889888163483 9008.084035636477 -11084.17672481621
 -7110.832997500815 9259.01517918695 9222.633035726509 -11371.84441947265
 -7170.296865225434 9243.362324104748 9010.92267283911 -11087.35662534517
 -7166.761958341839 9249.767011328482 9011.813849516733 -11084.60134495959
 -7110.832997500815 9259.01517918695 9222.633035726509 -11371.84441947265
 -7169.826561157347 9244.889888163483 9008.084035636477 -11084.17672481621
 -7110.832997500815 9259.01517918695 9222.633035726509 -11371.84441947265
 -7169.826561157347 9244.889888163483 9008.084035636477 -11084.17672481621
 -7169.826561157347 9244.889888163483 9008.084035636477 -11084.17672481621
 -7110.832997500815 9259.01517918695 9222.633035726509 -11371.84441947265
