# Created by Octave 4.2.1, Mon Oct 09 19:48:06 2017 BRT <root@mosqueiro>
# name: pop
# type: matrix
# rows: 1000
# columns: 4
 -5017.992783309098 -2982.11731898659 6447.003229202737 1552.775801152004
 -4992.598528051896 -3008.366981801299 6415.896530081 1585.058856400466
 -4992.598528051896 -3008.366981801299 6415.896530081 1585.058856400466
 -4992.598528051896 -3008.366981801299 6415.896530081 1585.058856400466
 -4992.598528051896 -3008.366981801299 6415.896530081 1585.058856400466
 -4992.598528051896 -3008.366981801299 6415.896530081 1585.058856400466
 -2639.472985140584 -3812.067440325205 -549.1900288132856 7001.187050759279
 -2575.045046271741 -3825.447130665817 -592.1372723948522 6970.140017421578
 -4992.598528051896 -3008.366981801299 6415.896530081 1585.058856400466
 -4992.598528051896 -3008.366981801299 6415.896530081 1585.058856400466
 -4992.598528051896 -3008.366981801299 6415.896530081 1585.058856400466
 -2958.99482511358 -4018.116616598677 -1064.936318458997 6971.910530530819
 -4992.598528051896 -3008.366981801299 6415.896530081 1585.058856400466
 -5017.992783309098 -2982.11731898659 6447.003229202737 1552.775801152004
 -4992.598528051896 -3008.366981801299 6415.896530081 1585.058856400466
 -4992.598528051896 -3008.366981801299 6415.896530081 1585.058856400466
 -4992.598528051896 -3008.366981801299 6415.896530081 1585.058856400466
 -4992.598528051896 -3008.366981801299 6415.896530081 1585.058856400466
 -4992.598528051896 -3008.366981801299 6415.896530081 1585.058856400466
 -4992.598528051896 -3008.366981801299 6415.896530081 1585.058856400466
 -4992.598528051896 -3008.366981801299 6415.896530081 1585.058856400466
 -4992.598528051896 -3008.366981801299 6415.896530081 1585.058856400466
 -4992.598528051896 -3008.366981801299 6415.896530081 1585.058856400466
 -4992.598528051896 -3008.366981801299 6415.896530081 1585.058856400466
 -4919.137140799035 -3060.118362759271 6538.920057397018 1638.807552941222
 -4992.598528051896 -3008.366981801299 6415.896530081 1585.058856400466
 -4992.598528051896 -3008.366981801299 6415.896530081 1585.058856400466
 -4992.598528051896 -3008.366981801299 6415.896530081 1585.058856400466
 -2639.472985140584 -3812.067440325205 -549.1900288132856 7001.187050759279
 -2639.472985140584 -3812.067440325205 -549.1900288132856 7001.187050759279
 -5118.639762496524 -3128.79057234139 6409.029360471895 1519.03725994932
 -4992.598528051896 -3008.366981801299 6415.896530081 1585.058856400466
 -4992.598528051896 -3008.366981801299 6415.896530081 1585.058856400466
 -4992.598528051896 -3008.366981801299 6415.896530081 1585.058856400466
 -4798.528630768855 -3059.07901684317 6380.754259994656 1640.697223099869
 -4992.598528051896 -3008.366981801299 6415.896530081 1585.058856400466
 -5412.343728187835 -3182.815007488338 6883.915511984426 1488.226945327174
 -4992.598528051896 -3008.366981801299 6415.896530081 1585.058856400466
 -4992.598528051896 -3008.366981801299 6415.896530081 1585.058856400466
 -4992.598528051896 -3008.366981801299 6415.896530081 1585.058856400466
 -5017.992783309098 -2982.11731898659 6447.003229202737 1552.775801152004
 -4992.598528051896 -3008.366981801299 6415.896530081 1585.058856400466
 -4992.598528051896 -3008.366981801299 6415.896530081 1585.058856400466
 -4992.598528051896 -3008.366981801299 6415.896530081 1585.058856400466
 -4950.938470384411 -2985.718040002361 6375.855075839769 1603.620848166106
 -4992.598528051896 -3008.366981801299 6415.896530081 1585.058856400466
 -4910.060147969974 -2989.655717781432 6424.198548082512 1596.374711200087
 -4992.598528051896 -3008.366981801299 6415.896530081 1585.058856400466
 -2758.380217843643 -3719.213631312571 -541.2176163365873 7057.585212134537
 -4992.598528051896 -3008.366981801299 6415.896530081 1585.058856400466
 -4992.598528051896 -3008.366981801299 6415.896530081 1585.058856400466
 -4992.598528051896 -3008.366981801299 6415.896530081 1585.058856400466
 -4983.754136000212 -2993.498939545182 6389.530828233742 1614.725414061623
 -4992.598528051896 -3008.366981801299 6415.896530081 1585.058856400466
 -8803.919696497169 -638.3900807950536 6885.099846157077 5680.203074653467
 -2829.802821347312 -4024.165187945891 -94.38037342375065 6429.726164122902
 -5089.385580275919 -3205.731556247566 6587.127041670692 1967.108756333495
 -2544.763195085489 -3838.571400132552 -591.4765111727972 6778.456571377634
 -5017.992783309098 -2982.11731898659 6447.003229202737 1552.775801152004
 -4992.598528051896 -3008.366981801299 6415.896530081 1585.058856400466
 -4992.598528051896 -3008.366981801299 6415.896530081 1585.058856400466
 -4992.598528051896 -3008.366981801299 6415.896530081 1585.058856400466
 -4992.598528051896 -3008.366981801299 6415.896530081 1585.058856400466
 -5146.730656966707 -2590.556482509042 7214.639008695807 898.7921023696783
 -4900.774272107267 -3179.715031934845 6439.85192387081 1526.387756183591
 -2639.472985140584 -3812.067440325205 -549.1900288132856 7001.187050759279
 -5123.186669434632 -3025.695321038606 6539.006453985001 1653.122737479847
 -5085.355551128204 -3024.181210907873 6407.122501124789 1549.231307030167
 -2642.967359881762 -4951.494373383465 1656.007361751334 6085.13164687665
 -4992.598528051896 -3008.366981801299 6415.896530081 1585.058856400466
 -2639.472985140584 -3812.067440325205 -549.1900288132856 7001.187050759279
 -4992.598528051896 -3008.366981801299 6415.896530081 1585.058856400466
 -4908.17360810567 -3035.302415123814 6551.481306808431 1401.833693551178
 -4992.598528051896 -3008.366981801299 6415.896530081 1585.058856400466
 -4942.293978073646 -3035.560307183634 6422.468088319032 1548.746000745102
 -4992.598528051896 -3008.366981801299 6415.896530081 1585.058856400466
 -5061.672951678547 -3052.984154322447 6577.894831166646 1437.854622171584
 -4992.598528051896 -3008.366981801299 6415.896530081 1585.058856400466
 -4992.598528051896 -3008.366981801299 6415.896530081 1585.058856400466
 -4992.598528051896 -3008.366981801299 6415.896530081 1585.058856400466
 -2544.763195085489 -3838.571400132552 -591.4765111727972 6778.456571377634
 -4992.598528051896 -3008.366981801299 6415.896530081 1585.058856400466
 -4973.533588384007 -3112.809987046479 6439.0549488336 1700.448120410045
 -2545.514090696755 -3922.553113641132 -544.1838469101666 7112.656851026514
 -4992.598528051896 -3008.366981801299 6415.896530081 1585.058856400466
 -4992.598528051896 -3008.366981801299 6415.896530081 1585.058856400466
 -4992.598528051896 -3008.366981801299 6415.896530081 1585.058856400466
 -4992.598528051896 -3008.366981801299 6415.896530081 1585.058856400466
 -2639.472985140584 -3812.067440325205 -549.1900288132856 7001.187050759279
 -2639.472985140584 -3812.067440325205 -549.1900288132856 7001.187050759279
 -4932.629893480756 -3039.536948119345 6471.241813405381 1646.521451816653
 -4992.598528051896 -3008.366981801299 6415.896530081 1585.058856400466
 -4992.598528051896 -3008.366981801299 6415.896530081 1585.058856400466
 -4992.598528051896 -3008.366981801299 6415.896530081 1585.058856400466
 -4992.598528051896 -3008.366981801299 6415.896530081 1585.058856400466
 -4798.784954751993 -3187.837961209589 6417.884296448181 1515.592572478372
 -2764.847678234263 -4809.978454504398 1359.869336025582 5918.045968877925
 -4992.598528051896 -3008.366981801299 6415.896530081 1585.058856400466
 -4992.598528051896 -3008.366981801299 6415.896530081 1585.058856400466
 -5017.992783309098 -2982.11731898659 6447.003229202737 1552.775801152004
 -4992.598528051896 -3008.366981801299 6415.896530081 1585.058856400466
 -2639.472985140584 -3812.067440325205 -549.1900288132856 7001.187050759279
 -4992.598528051896 -3008.366981801299 6415.896530081 1585.058856400466
 -4992.598528051896 -3008.366981801299 6415.896530081 1585.058856400466
 -4992.598528051896 -3008.366981801299 6415.896530081 1585.058856400466
 -5220.976000284938 -3179.572228997573 6352.375361451048 2021.964892107186
 -2706.862345334429 -3838.82613209683 -445.4821782430018 6934.531780839287
