# Created by Octave 4.2.1, Mon Oct 09 19:46:09 2017 BRT <root@mosqueiro>
# name: pop
# type: matrix
# rows: 1000
# columns: 4
 -4992.598528051896 -3008.366981801299 6415.896530081 1585.058856400466
 -4992.598528051896 -3008.366981801299 6415.896530081 1585.058856400466
 -4992.598528051896 -3008.366981801299 6415.896530081 1585.058856400466
 -4992.598528051896 -3008.366981801299 6415.896530081 1585.058856400466
 -4992.598528051896 -3008.366981801299 6415.896530081 1585.058856400466
 -2189.010955057296 -4452.526954791079 -1737.343187371631 9012.006702413146
 -4364.679968027369 -4505.573815356369 -1506.380995190128 7629.247441958116
 -2639.472985140584 -3812.067440325205 -549.1900288132856 7001.187050759279
 -3625.367554245117 1227.075000695396 -2019.388776048085 3653.376778659809
 -2639.472985140584 -3812.067440325205 -549.1900288132856 7001.187050759279
 -2639.472985140584 -3812.067440325205 -549.1900288132856 7001.187050759279
 -4992.598528051896 -3008.366981801299 6415.896530081 1585.058856400466
 -2639.472985140584 -3812.067440325205 -549.1900288132856 7001.187050759279
 -2639.472985140584 -3812.067440325205 -549.1900288132856 7001.187050759279
 -2639.472985140584 -3812.067440325205 -549.1900288132856 7001.187050759279
 -4992.598528051896 -3008.366981801299 6415.896530081 1585.058856400466
 -4992.598528051896 -3008.366981801299 6415.896530081 1585.058856400466
 -2639.472985140584 -3812.067440325205 -549.1900288132856 7001.187050759279
 -2639.472985140584 -3812.067440325205 -549.1900288132856 7001.187050759279
 -4992.598528051896 -3008.366981801299 6415.896530081 1585.058856400466
 4470.181965871321 -662.1145863676193 -13237.42018115832 4739.38720568293
 -4571.413868657973 -7732.084648418961 -588.1066491240543 7722.337098682595
 -2639.472985140584 -3812.067440325205 -549.1900288132856 7001.187050759279
 -1882.378608124212 -671.2960982875256 -5722.045696618532 -131.3138378238855
 -2639.472985140584 -3812.067440325205 -549.1900288132856 7001.187050759279
 -4992.598528051896 -3008.366981801299 6415.896530081 1585.058856400466
 -1266.815960067206 -126.176488128239 -18171.85247288871 -5856.482344620143
 -14328.28546791196 -15116.40455548013 4216.444981054309 13473.23044521238
 -2639.472985140584 -3812.067440325205 -549.1900288132856 7001.187050759279
 2924.522836826525 55669.73950332088 -31517.46583868669 -13594.25121022203
 -2639.472985140584 -3812.067440325205 -549.1900288132856 7001.187050759279
 -2639.472985140584 -3812.067440325205 -549.1900288132856 7001.187050759279
 -2688.684481291031 -11148.58930503582 -1771.470890739787 23698.34664368428
 -2639.472985140584 -3812.067440325205 -549.1900288132856 7001.187050759279
 -2639.472985140584 -3812.067440325205 -549.1900288132856 7001.187050759279
 -2639.472985140584 -3812.067440325205 -549.1900288132856 7001.187050759279
 -2639.472985140584 -3812.067440325205 -549.1900288132856 7001.187050759279
 -11156.01017786912 -41840.88801919833 -1899.30104582499 40977.46852778283
 -2639.472985140584 -3812.067440325205 -549.1900288132856 7001.187050759279
 -2639.472985140584 -3812.067440325205 -549.1900288132856 7001.187050759279
 -2639.472985140584 -3812.067440325205 -549.1900288132856 7001.187050759279
 2645.461784417991 -6368.347729903007 2719.503451077211 6615.145130375131
 -2639.472985140584 -3812.067440325205 -549.1900288132856 7001.187050759279
 -4992.598528051896 -3008.366981801299 6415.896530081 1585.058856400466
 191.5943765612369 -8952.309726171407 -1015.593414137146 9562.288515907567
 -4992.598528051896 -3008.366981801299 6415.896530081 1585.058856400466
 2278.761285814072 -4094.485074978992 3129.984800766043 2485.187410670376
 510.8275425407008 -6887.861299237587 -1936.962336257146 8081.75019329402
 -2639.472985140584 -3812.067440325205 -549.1900288132856 7001.187050759279
 -5350.741675108317 510.8729258580943 -15806.49069330537 -11381.69476742743
 -4126.440231102675 -6122.997475758779 -1272.171439409825 6546.918213162655
 -3629.719085743161 -3817.097053090288 -83.60029536797458 6524.499080799951
 -1266.815960067206 -126.176488128239 -18171.85247288871 -5856.482344620143
 -4992.598528051896 -3008.366981801299 6415.896530081 1585.058856400466
 -7289.915709350544 -7844.192356222743 5268.953907354655 11547.18099286998
 -2639.472985140584 -3812.067440325205 -549.1900288132856 7001.187050759279
 -2639.472985140584 -3812.067440325205 -549.1900288132856 7001.187050759279
 -2639.472985140584 -3812.067440325205 -549.1900288132856 7001.187050759279
 -2639.472985140584 -3812.067440325205 -549.1900288132856 7001.187050759279
 2278.761285814072 -4094.485074978992 3129.984800766043 2485.187410670376
 -2639.472985140584 -3812.067440325205 -549.1900288132856 7001.187050759279
 -2639.472985140584 -3812.067440325205 -549.1900288132856 7001.187050759279
 -2639.472985140584 -3812.067440325205 -549.1900288132856 7001.187050759279
 -4462.974750653952 -1789.932434458874 2469.73855120344 21748.87182438478
 -2639.472985140584 -3812.067440325205 -549.1900288132856 7001.187050759279
 -4992.598528051896 -3008.366981801299 6415.896530081 1585.058856400466
 3919.451460909507 23959.7296059038 15724.67053983003 -10222.3853501907
 158.4180428732652 -3656.937179337283 6638.863399609676 8358.124407503057
 -2639.472985140584 -3812.067440325205 -549.1900288132856 7001.187050759279
 -2670.172037292951 -2994.69870650252 -1121.865293194471 493.1084518957014
 -2639.472985140584 -3812.067440325205 -549.1900288132856 7001.187050759279
 -4992.598528051896 -3008.366981801299 6415.896530081 1585.058856400466
 -5789.003661211281 -514.6808627656591 -17982.02218945551 -5340.582026556039
 -2639.472985140584 -3812.067440325205 -549.1900288132856 7001.187050759279
 -4992.598528051896 -3008.366981801299 6415.896530081 1585.058856400466
 -2639.472985140584 -3812.067440325205 -549.1900288132856 7001.187050759279
 -2639.472985140584 -3812.067440325205 -549.1900288132856 7001.187050759279
 -2639.472985140584 -3812.067440325205 -549.1900288132856 7001.187050759279
 -6897.886782208701 2479.474061501921 8407.036950496553 15296.92837370599
 -5930.168231766431 -4868.493535914278 -2784.759424979753 3578.794901790004
 -2639.472985140584 -3812.067440325205 -549.1900288132856 7001.187050759279
 -1388.811816154762 -2352.870336701984 -773.7467406632045 6563.277782228972
 -4992.598528051896 -3008.366981801299 6415.896530081 1585.058856400466
 -4992.598528051896 -3008.366981801299 6415.896530081 1585.058856400466
 -2639.472985140584 -3812.067440325205 -549.1900288132856 7001.187050759279
 -2639.472985140584 -3812.067440325205 -549.1900288132856 7001.187050759279
 -2639.472985140584 -3812.067440325205 -549.1900288132856 7001.187050759279
 -2639.472985140584 -3812.067440325205 -549.1900288132856 7001.187050759279
 8190.385871996218 -5193.95541919467 825.5632517809443 7523.916585959103
 -403.298201687423 -1872.24627389049 -4977.012125742407 6824.602985298753
 -2639.472985140584 -3812.067440325205 -549.1900288132856 7001.187050759279
 -2141.22786143489 -2747.276702126855 -7854.91769424634 6863.412030177487
 -6435.138037734207 -941.0228555438489 679.4849247231316 15159.97514329389
 -3686.879618139098 -5141.148891359413 1702.204470812277 10045.82700117806
 -4992.598528051896 -3008.366981801299 6415.896530081 1585.058856400466
 -2639.472985140584 -3812.067440325205 -549.1900288132856 7001.187050759279
 -3768.135508194237 -7777.710860923034 171.4117630541554 5049.796940711058
 -2639.472985140584 -3812.067440325205 -549.1900288132856 7001.187050759279
 -2639.472985140584 -3812.067440325205 -549.1900288132856 7001.187050759279
 -2639.472985140584 -3812.067440325205 -549.1900288132856 7001.187050759279
 -4992.598528051896 -3008.366981801299 6415.896530081 1585.058856400466
 -2639.472985140584 -3812.067440325205 -549.1900288132856 7001.187050759279
 -4992.598528051896 -3008.366981801299 6415.896530081 1585.058856400466
 -2639.472985140584 -3812.067440325205 -549.1900288132856 7001.187050759279
 -2639.472985140584 -3812.067440325205 -549.1900288132856 7001.187050759279
