# Created by Octave 4.2.1, Mon Oct 09 19:03:09 2017 BRT <root@mosqueiro>
# name: pop
# type: matrix
# rows: 1000
# columns: 4
 -3242.063772885232 5110.64106222893 5558.902254626702 -7417.344606165118
 -3242.063772885232 5110.64106222893 5558.902254626702 -7417.344606165118
 -3242.063772885232 5110.64106222893 5558.902254626702 -7417.344606165118
 -3242.063772885232 5110.64106222893 5558.902254626702 -7417.344606165118
 -3242.063772885232 5110.64106222893 5558.902254626702 -7417.344606165118
 21591.64681633514 23951.89427326975 -13369.17350979633 -19912.36162674814
 4477.668270248061 -9123.425351506765 8346.082174919346 5369.895179721319
 -3040.943729233933 4599.292343550187 3525.388411139134 -347.0308581350655
 1186.564942491215 -2860.632011975827 7705.504497686914 8646.191842268938
 -103.3782312709482 3334.6353137679 4277.529993852935 -6386.248746197743
 8282.975052771028 1315.673471985425 6154.906156517522 8669.44987452808
 -2731.247041605068 -6209.050793902523 4434.256572070692 4342.816253936828
 -1637.732226726568 9967.83640559197 -1280.237021546411 -7086.266306783838
 -3242.063772885232 5110.64106222893 5558.902254626702 -7417.344606165118
 -9742.154370291286 1630.877927581631 9338.340417268184 -1187.643890138514
 9975.467982817507 -1659.27288176627 -2788.129444974704 4922.16651504991
 4979.548756667831 1875.381223899802 1104.503693485127 3571.438503200376
 -19660.66920036387 -6866.763694414576 -23747.39896667683 -36700.69249196468
 819.5674894423719 6054.018584541827 7974.154886311539 7030.584276935289
 1028.190817024786 603.450320695938 -7884.233218418188 7375.22471150304
 4113.298501043622 7110.824086065491 -2492.642148681149 -7641.093077881115
 -5955.217638763941 6482.797149623344 -40330.11858679989 40688.14417307405
 6898.86839109605 -4972.090282701359 7790.147845208514 -9592.898763076693
 14735.18424128753 30884.43743866334 -31574.49340316189 5377.33581047818
 2111.802810088766 -763.6382987662237 3026.286860985632 -4556.263539373236
 2008.518377291142 6145.383758363203 -5848.290005094986 2501.70796877935
 4713.512050700328 2226.722646011154 -3342.913907814718 -1271.598498522846
 -3242.063772885232 5110.64106222893 5558.902254626702 -7417.344606165118
 4045.201886150635 3999.448305583963 -8172.999263069082 3576.381230341503
 -3935.936904185704 -10780.41268625841 -47464.93854145781 17070.72067824373
 -32346.25873318097 -39600.84317290014 -19710.7404237882 -21758.69943502748
 -2731.247041605068 -6209.050793902523 4434.256572070692 4342.816253936828
 5933.657406810964 -8124.555360887901 8324.370470915292 -1009.111545524809
 4440.366712614172 -472.6964750095012 5173.537576017832 278.4995297098685
 -5722.444056365662 7832.039103369811 -4667.996306377039 -1136.242305436617
 3076.210642133703 1984.182348717852 -7032.301386421448 -2801.731793176482
 27656.1015030928 -15787.94248557412 5115.571403453 25960.22211556909
 -274.0812341322362 -7839.582431351996 4498.556688454108 8628.790564424089
 -103.3782312709482 3334.6353137679 4277.529993852935 -6386.248746197743
 1025.729538474887 -502.7940771313351 40.74823543954699 1981.173638391721
 -1637.732226726568 9967.83640559197 -1280.237021546411 -7086.266306783838
 5789.658186977669 -7998.976635274523 5977.576095746628 -5040.794420463088
 9150.790107208952 -6629.039774567992 -5075.033315030465 4237.580847043198
 8860.338079476976 -5588.38701616783 8463.389964495997 -7000.41793662047
 -2437.277702614836 9373.064351131696 5908.729594410202 -2274.711951541171
 1177.787411722818 -6795.58841119856 956.044391647918 4443.835277546859
 -4321.396377557863 -193.2627771537809 7973.575902319786 -3520.098961155346
 298.3924108020783 4450.644821379474 902.1169016697186 -574.896304272821
 -6794.055470785695 8911.161420400636 -2806.477345166204 3618.685539108572
 -1162.044946902019 -1507.126438265903 3733.225205563534 7067.059896066257
 -3242.063772885232 5110.64106222893 5558.902254626702 -7417.344606165118
 -3242.063772885232 5110.64106222893 5558.902254626702 -7417.344606165118
 9284.326906354006 -7596.791710428201 -1167.271117711818 -868.2931908848514
 -4073.800257726058 1076.605670742685 378.6148254045838 3218.274098044252
 -3242.063772885232 5110.64106222893 5558.902254626702 -7417.344606165118
 6319.889442909865 9327.340974143288 446.8292642366232 -9576.661338264719
 3682.986333772726 -4899.517194464705 2803.920893242674 -611.8238929287963
 7101.217012610636 3163.018555504474 -7107.851034638871 7640.10847053571
 -3135.587872435997 9909.004941916759 -6252.329625192582 3873.889132477954
 -3730.065292246431 5673.892293077311 -1082.689040422534 -681.1157311015631
 -3242.063772885232 5110.64106222893 5558.902254626702 -7417.344606165118
 -9345.608581356044 -1553.880795615045 1073.938430940269 9635.502678720386
 2780.386308970285 9407.573643098611 -2916.647613524569 -9346.550545413007
 6047.241681327043 6159.657431366983 7205.252948090791 -9375.561087665255
 7834.914626653634 7094.461815707051 -2124.979294311069 9479.850803223555
 2008.518377291142 6145.383758363203 -5848.290005094986 2501.70796877935
 1608.834056739594 -6972.73851631799 9018.013751060771 3182.514204156956
 -3242.063772885232 5110.64106222893 5558.902254626702 -7417.344606165118
 1031.718144914155 707.1526829920731 5796.655839250407 3853.691925435214
 -8818.586814708837 -7007.885408993549 9910.882220949028 7335.074268369804
 7621.323954325966 -770.7014142411299 140.6944655707885 -5053.326618491284
 -3242.063772885232 5110.64106222893 5558.902254626702 -7417.344606165118
 298.3924108020783 4450.644821379474 902.1169016697186 -574.896304272821
 31748.28562264911 -5564.046672871778 2576.872294522564 25685.99994510493
 -5285.148314091583 -7456.901635235355 994.5978607348025 2816.491639262103
 -1559.219057704007 4379.625114011298 -8238.506913884832 4664.468409069854
 9975.467982817507 -1659.27288176627 -2788.129444974704 4922.16651504991
 -1637.732226726568 9967.83640559197 -1280.237021546411 -7086.266306783838
 -4238.593555654467 -3035.574405232647 7873.651711823168 -5253.430846862867
 -3242.063772885232 5110.64106222893 5558.902254626702 -7417.344606165118
 2293.712383777116 637.2816903443509 -4743.295227416505 2419.218857535292
 22057.2656333041 -5515.503827782668 -18053.32466689677 46417.95683175946
 1360.570189277534 -330.2658065980777 8101.555618263308 -8974.371980915425
 -1641.471962047655 -2408.558831753372 5808.422609362879 1686.249374270228
 -3242.063772885232 5110.64106222893 5558.902254626702 -7417.344606165118
 483.257198040179 2154.386968890727 -8050.566139298062 7477.827175314102
 -9578.438933881189 3397.355213542383 438.9983054615004 7355.887735445882
 21420.98936422325 -7092.215576007316 -14938.59150901711 -13718.91899158911
 -2724.944348945419 5048.131235080724 -2753.190245391392 -116.2940124884844
 -4676.586407798392 6756.94727185935 3898.468535090789 -9416.836342699778
 -3242.063772885232 5110.64106222893 5558.902254626702 -7417.344606165118
 -24118.47687534549 -5366.028658046146 9372.289407410284 12117.57787706034
 -1637.732226726568 9967.83640559197 -1280.237021546411 -7086.266306783838
 8263.50329345898 3649.091323784796 -7557.907574271185 -611.5022736645133
 -3242.063772885232 5110.64106222893 5558.902254626702 -7417.344606165118
 9001.581395079957 -6394.257820915549 4312.801428013732 -4900.348877774307
 -5391.875085893315 -4342.58132021579 274.6442745945969 9713.159067782359
 8529.428750698738 -2930.466289004813 664.5585910168993 -3312.008598151984
 -3242.063772885232 5110.64106222893 5558.902254626702 -7417.344606165118
 -1991.202326630298 792.5827617355098 765.8076075076824 1427.030728040467
 1360.570189277534 -330.2658065980777 8101.555618263308 -8974.371980915425
 2111.802810088766 -763.6382987662237 3026.286860985632 -4556.263539373236
 4113.298501043622 7110.824086065491 -2492.642148681149 -7641.093077881115
 -1637.732226726568 9967.83640559197 -1280.237021546411 -7086.266306783838
 -473.4894271847352 -6959.258988994134 2618.978339100213 4915.121671251325
