# Created by Octave 4.2.1, Mon Oct 09 19:50:23 2017 BRT <root@mosqueiro>
# name: pop
# type: matrix
# rows: 1000
# columns: 4
 -5016.402968709818 -2982.849730784466 6443.820194338092 1554.716124470449
 -4995.481974685797 -3013.580273584622 6421.426943216164 1586.9186807269
 -4993.1068250101 -3008.417033474075 6415.02585129796 1585.788450883973
 -4993.1068250101 -3008.417033474075 6415.02585129796 1585.788450883973
 -4993.1068250101 -3008.417033474075 6415.02585129796 1585.788450883973
 -5017.405112241169 -2983.38501696561 6447.667800947273 1552.448257255097
 -4995.481974685797 -3013.580273584622 6421.426943216164 1586.9186807269
 -5018.977923266052 -2977.783775745662 6440.71503300968 1555.280267566299
 -5017.652728640845 -2983.117587254771 6447.544569932099 1552.56842373725
 -5017.386015084709 -2983.316471322473 6447.472876341988 1552.505493733531
 -5018.349711842359 -2981.414555068454 6446.425852493622 1552.970765382901
 -4992.598528051896 -3008.366981801299 6415.896530081 1585.058856400466
 -5017.386015084709 -2983.316471322473 6447.472876341988 1552.505493733531
 -5017.386015084709 -2983.316471322473 6447.472876341988 1552.505493733531
 -4992.056256948691 -3008.909652154612 6415.062258825402 1585.170137304868
 -5017.386015084709 -2983.316471322473 6447.472876341988 1552.505493733531
 -5018.977923266052 -2977.783775745662 6440.71503300968 1555.280267566299
 -5146.73550218247 -2864.980767960892 6502.45970999612 1506.833370470642
 -5018.977923266052 -2977.783775745662 6440.71503300968 1555.280267566299
 -5016.376615240914 -2982.69199037718 6443.818254701167 1554.632604343973
 -5016.402968709818 -2982.849730784466 6443.820194338092 1554.716124470449
 -5018.977923266052 -2977.783775745662 6440.71503300968 1555.280267566299
 -5017.992783309098 -2982.11731898659 6447.003229202737 1552.775801152004
 -4991.057576585109 -3008.204266855398 6415.214319847047 1583.512706339239
 -4992.598528051896 -3008.366981801299 6415.896530081 1585.058856400466
 -4992.865547271276 -3008.535250758373 6415.840655823087 1585.165352007252
 -5016.460388315762 -2981.432607041014 6446.424667093894 1550.770490002463
 -2639.472985140584 -3812.067440325205 -549.1900288132856 7001.187050759279
 -5018.271221042258 -2982.198867407592 6446.910305798049 1552.850322694259
 -4993.1068250101 -3008.417033474075 6415.02585129796 1585.788450883973
 -5017.46643139453 -2983.449441415552 6447.598515353175 1552.528624471066
 -5018.977923266052 -2977.783775745662 6440.71503300968 1555.280267566299
 -5016.990729883606 -2982.951651675004 6450.572368952166 1547.559408569145
 -5017.992783309098 -2982.11731898659 6447.003229202737 1552.775801152004
 -5017.386015084709 -2983.316471322473 6447.472876341988 1552.505493733531
 -2639.472985140584 -3812.067440325205 -549.1900288132856 7001.187050759279
 -4995.481974685797 -3013.580273584622 6421.426943216164 1586.9186807269
 -4994.096986596236 -3006.817916678147 6415.47876749746 1585.014491038966
 -4995.175297514254 -3013.823092527477 6421.292576340182 1587.039539132592
 -5017.992783309098 -2982.11731898659 6447.003229202737 1552.775801152004
 -5017.992783309098 -2982.11731898659 6447.003229202737 1552.775801152004
 -5016.115165986534 -2981.510971738752 6446.672542415328 1550.144705931408
 -5017.992783309098 -2982.11731898659 6447.003229202737 1552.775801152004
 -5018.186015511288 -2982.305199393223 6446.925383767769 1552.90678064555
 -5018.186015511288 -2982.305199393223 6446.925383767769 1552.90678064555
 -5018.18549818886 -2982.279017154024 6446.905256291929 1552.65318096645
 -5017.386015084709 -2983.316471322473 6447.472876341988 1552.505493733531
 -5017.386015084709 -2983.316471322473 6447.472876341988 1552.505493733531
 -5017.992783309098 -2982.11731898659 6447.003229202737 1552.775801152004
 -5017.992783309098 -2982.11731898659 6447.003229202737 1552.775801152004
 -5017.10723262062 -2980.734883097493 6447.423168468575 1554.704677548973
 -4992.975105428113 -3008.516376230107 6416.174081558152 1585.264272437918
 -5017.386015084709 -2983.316471322473 6447.472876341988 1552.505493733531
 -5019.023611239026 -2977.897053871722 6440.658956125249 1555.064338565198
 -5017.386015084709 -2983.316471322473 6447.472876341988 1552.505493733531
 -5017.386015084709 -2983.316471322473 6447.472876341988 1552.505493733531
 -5017.967613396243 -2982.135641334023 6446.989366224702 1552.844220296032
 -4932.449334008923 -3040.015277236447 6471.318979002049 1646.623322484939
 -5017.386015084709 -2983.316471322473 6447.472876341988 1552.505493733531
 -5018.977923266052 -2977.783775745662 6440.71503300968 1555.280267566299
 -5018.977923266052 -2977.783775745662 6440.71503300968 1555.280267566299
 -5017.611201513331 -2983.450798596119 6447.505223512269 1552.397911959443
 -5016.376615240914 -2982.69199037718 6443.818254701167 1554.632604343973
 -5017.386015084709 -2983.316471322473 6447.472876341988 1552.505493733531
 -4992.598528051896 -3008.366981801299 6415.896530081 1585.058856400466
 -5016.376615240914 -2982.69199037718 6443.818254701167 1554.632604343973
 -4995.250378669218 -3005.217424453419 6419.074335182073 1581.289889533502
 -5017.239446560868 -2983.36175778222 6447.266824936713 1552.422306202757
 -5017.442024266796 -2983.478210622412 6447.493562953246 1552.614111685863
 -4993.999298402465 -3007.233733660475 6415.502104831936 1585.243721995191
 -5016.29453441255 -2982.693539570505 6443.920460116068 1554.624890099223
 -5017.992783309098 -2982.11731898659 6447.003229202737 1552.775801152004
 -5017.477518868197 -2981.786202521113 6446.92790170921 1552.673256716152
 -5017.386015084709 -2983.316471322473 6447.472876341988 1552.505493733531
 -5017.386015084709 -2983.316471322473 6447.472876341988 1552.505493733531
 -5017.992783309098 -2982.11731898659 6447.003229202737 1552.775801152004
 -5017.386015084709 -2983.316471322473 6447.472876341988 1552.505493733531
 -5016.376615240914 -2982.69199037718 6443.818254701167 1554.632604343973
 -5017.933902117636 -2982.707831407056 6447.259825590987 1552.725913903042
 -5017.992783309098 -2982.11731898659 6447.003229202737 1552.775801152004
 -5017.992783309098 -2982.11731898659 6447.003229202737 1552.775801152004
 -5018.186015511288 -2982.305199393223 6446.925383767769 1552.90678064555
 -5017.386015084709 -2983.316471322473 6447.472876341988 1552.505493733531
 -4992.865891111578 -3008.520910878859 6415.781470298293 1585.007513405219
 -5016.460388315762 -2981.432607041014 6446.424667093894 1550.770490002463
 -5018.977923266052 -2977.783775745662 6440.71503300968 1555.280267566299
 -5017.386015084709 -2983.316471322473 6447.472876341988 1552.505493733531
 -4991.057576585109 -3008.204266855398 6415.214319847047 1583.512706339239
 -5016.66843466961 -2983.081097603843 6443.314136789909 1554.863419409066
 -4995.175297514254 -3013.823092527477 6421.292576340182 1587.039539132592
 -5017.386015084709 -2983.316471322473 6447.472876341988 1552.505493733531
 -4993.011765456326 -3007.663826244828 6415.263722610191 1585.885731153228
 -4993.1068250101 -3008.417033474075 6415.02585129796 1585.788450883973
 -4995.175297514254 -3013.823092527477 6421.292576340182 1587.039539132592
 -5018.473816625433 -2984.296140952571 6446.472245051444 1552.813266263464
 -5016.460388315762 -2981.432607041014 6446.424667093894 1550.770490002463
 -4992.056256948691 -3008.909652154612 6415.062258825402 1585.170137304868
 -5017.992783309098 -2982.11731898659 6447.003229202737 1552.775801152004
 -5017.992783309098 -2982.11731898659 6447.003229202737 1552.775801152004
 -5018.977923266052 -2977.783775745662 6440.71503300968 1555.280267566299
 -5017.992783309098 -2982.11731898659 6447.003229202737 1552.775801152004
 -5017.386015084709 -2983.316471322473 6447.472876341988 1552.505493733531
 -5018.977923266052 -2977.783775745662 6440.71503300968 1555.280267566299
 -5016.020590614135 -2982.700458326551 6443.192349751705 1554.667831144516
 -5017.386015084709 -2983.316471322473 6447.472876341988 1552.505493733531
