# Created by Octave 4.2.1, Mon Oct 09 19:23:35 2017 BRT <root@mosqueiro>
# name: pop
# type: matrix
# rows: 1000
# columns: 4
 8859.722995447715 9610.665130783051 -9668.173892285931 -8789.072782198587
 8859.722995447715 9610.665130783051 -9668.173892285931 -8789.072782198587
 8859.722995447715 9610.665130783051 -9668.173892285931 -8789.072782198587
 8859.722995447715 9610.665130783051 -9668.173892285931 -8789.072782198587
 8859.722995447715 9610.665130783051 -9668.173892285931 -8789.072782198587
 8859.722995447715 9610.665130783051 -9668.173892285931 -8789.072782198587
 5124.274407164721 9692.427765386514 -7395.655718418966 -6629.943332815217
 8387.417005704985 -8948.056272272848 -232.7391435384689 967.1890908964451
 295.4341361897896 5526.614644093597 452.7618624922252 -684.5903215717335
 -38295.6330290338 20207.82709593418 15746.64972555754 30087.32312207433
 8859.722995447715 9610.665130783051 -9668.173892285931 -8789.072782198587
 295.4341361897896 5526.614644093597 452.7618624922252 -684.5903215717335
 8859.722995447715 9610.665130783051 -9668.173892285931 -8789.072782198587
 65.46819620974384 766.8587059389629 -2286.069774895873 4843.595510488582
 -9866.578198257794 7588.734456191767 -2821.00552771719 5123.679337178926
 -9866.578198257794 7588.734456191767 -2821.00552771719 5123.679337178926
 -9866.578198257794 7588.734456191767 -2821.00552771719 5123.679337178926
 8859.722995447715 9610.665130783051 -9668.173892285931 -8789.072782198587
 -9554.421070975837 2717.106754841136 -1041.451331012287 -3985.15282485202
 -6166.589560148282 -39862.25546092029 10815.48835315571 -13894.04378823017
 8859.722995447715 9610.665130783051 -9668.173892285931 -8789.072782198587
 -5411.001826405629 -2425.812030730642 3524.778344016495 4282.78926340209
 -11307.41246975448 16501.78264237989 10250.28830674651 -24787.94850939373
 -7767.259481953462 -7679.702642510923 6142.274941952244 9574.969660083189
 8859.722995447715 9610.665130783051 -9668.173892285931 -8789.072782198587
 8859.722995447715 9610.665130783051 -9668.173892285931 -8789.072782198587
 8859.722995447715 9610.665130783051 -9668.173892285931 -8789.072782198587
 45067.37499003181 14791.0211087286 -25092.17342052406 -32028.6607915062
 8859.722995447715 9610.665130783051 -9668.173892285931 -8789.072782198587
 5103.31191759013 5543.062201909834 31064.39197254307 4906.506787178075
 -9866.578198257794 7588.734456191767 -2821.00552771719 5123.679337178926
 -7393.212877256781 6973.291453771519 -2357.198253048404 3515.004415506757
 8859.722995447715 9610.665130783051 -9668.173892285931 -8789.072782198587
 8859.722995447715 9610.665130783051 -9668.173892285931 -8789.072782198587
 -1958.257934329087 5918.518645388478 4578.344006415249 -8813.233331085412
 12989.74198257046 -4797.644916110645 -32986.97509577088 -14477.23569114269
 -5411.001826405629 -2425.812030730642 3524.778344016495 4282.78926340209
 -5881.477921601373 6821.211549586104 5857.724955361062 -6384.352944791457
 8859.722995447715 9610.665130783051 -9668.173892285931 -8789.072782198587
 -8051.752856597323 -7118.327432867645 24812.38564052279 779.0510570601182
 -1372.092022910936 -3409.931096030406 4451.805393786928 4442.903947430867
 -9866.578198257794 7588.734456191767 -2821.00552771719 5123.679337178926
 -9412.775174076412 -5269.520946062188 -9843.087962178652 -2633.268969649414
 -7975.94026193406 -10819.21006079263 21223.6539590448 3452.427538134534
 8859.722995447715 9610.665130783051 -9668.173892285931 -8789.072782198587
 8859.722995447715 9610.665130783051 -9668.173892285931 -8789.072782198587
 8859.722995447715 9610.665130783051 -9668.173892285931 -8789.072782198587
 3292.86821713586 801.6487003200345 5142.816580066494 -2401.73433296699
 -9866.578198257794 7588.734456191767 -2821.00552771719 5123.679337178926
 28599.88249198542 28670.60065057842 -17276.02283459399 -16221.57852192515
 8859.722995447715 9610.665130783051 -9668.173892285931 -8789.072782198587
 6524.930409869896 5243.918864693936 2791.178592386987 -8939.39619119949
 8859.722995447715 9610.665130783051 -9668.173892285931 -8789.072782198587
 5124.274407164721 9692.427765386514 -7395.655718418966 -6629.943332815217
 -18296.07812767022 24133.11409061127 -35050.8083313256 -23570.10998233917
 8859.722995447715 9610.665130783051 -9668.173892285931 -8789.072782198587
 3814.678388557873 2193.065675724236 -1790.280582170311 4634.527884631681
 -21775.91154738271 33711.73174934283 28830.6631569278 -5826.207676233139
 8859.722995447715 9610.665130783051 -9668.173892285931 -8789.072782198587
 8859.722995447715 9610.665130783051 -9668.173892285931 -8789.072782198587
 1945.979957277465 -1741.802932637416 7356.280788144377 -5303.565125592408
 4038.305933627855 -5377.349028499712 9557.256545872853 -8240.897753826604
 8859.722995447715 9610.665130783051 -9668.173892285931 -8789.072782198587
 2848.555396651849 8838.765475373126 39116.02088861794 -92833.3989331684
 8859.722995447715 9610.665130783051 -9668.173892285931 -8789.072782198587
 8859.722995447715 9610.665130783051 -9668.173892285931 -8789.072782198587
 6524.930409869896 5243.918864693936 2791.178592386987 -8939.39619119949
 8859.722995447715 9610.665130783051 -9668.173892285931 -8789.072782198587
 8859.722995447715 9610.665130783051 -9668.173892285931 -8789.072782198587
 8859.722995447715 9610.665130783051 -9668.173892285931 -8789.072782198587
 -5411.001826405629 -2425.812030730642 3524.778344016495 4282.78926340209
 -109.7938586286309 -2444.328357374656 2292.694996670722 -229.3235867652202
 9511.892521908085 5179.324172649753 -2799.00652629944 -8306.902845678196
 8859.722995447715 9610.665130783051 -9668.173892285931 -8789.072782198587
 -3300.691392461616 3145.432524517346 -4951.013333340898 5282.206246768132
 619.2601645634259 -3577.349653998018 -6635.912269297309 9707.803360453669
 8859.722995447715 9610.665130783051 -9668.173892285931 -8789.072782198587
 8859.722995447715 9610.665130783051 -9668.173892285931 -8789.072782198587
 -37466.65072614439 -5270.479644624278 -18623.57768240199 15463.41672420175
 -4399.521814395139 19307.28882933129 17478.40063691311 -22831.97364540512
 8387.417005704985 -8948.056272272848 -232.7391435384689 967.1890908964451
 8859.722995447715 9610.665130783051 -9668.173892285931 -8789.072782198587
 -2679.404029333078 1937.267259552224 3087.321543646805 -930.0429271494795
 -51305.42695529497 -71249.08170986864 14070.77409978886 -9556.852577597614
 7228.988372643584 -167.6679429037904 8225.333358476928 -8948.798892362347
 8859.722995447715 9610.665130783051 -9668.173892285931 -8789.072782198587
 283.5145670606234 10619.57297640125 8943.446435547376 1328.146151295347
 7176.606913895666 1703.02893967385 7540.288684724776 -6349.580188188063
 -7767.259481953462 -7679.702642510923 6142.274941952244 9574.969660083189
 -532.486169038204 9571.838840702003 -3975.392190110153 3160.655537408878
 8387.417005704985 -8948.056272272848 -232.7391435384689 967.1890908964451
 8859.722995447715 9610.665130783051 -9668.173892285931 -8789.072782198587
 8859.722995447715 9610.665130783051 -9668.173892285931 -8789.072782198587
 8859.722995447715 9610.665130783051 -9668.173892285931 -8789.072782198587
 8859.722995447715 9610.665130783051 -9668.173892285931 -8789.072782198587
 -8769.89802126432 27732.85360079555 3907.355260866169 -21607.55673944233
 8859.722995447715 9610.665130783051 -9668.173892285931 -8789.072782198587
 8859.722995447715 9610.665130783051 -9668.173892285931 -8789.072782198587
 8859.722995447715 9610.665130783051 -9668.173892285931 -8789.072782198587
 -7150.442407905588 2688.887177228024 6562.260472774926 867.9880928922757
 -4399.521814395139 19307.28882933129 17478.40063691311 -22831.97364540512
 8465.400222921999 -2313.818609799151 -4631.39062688794 -2001.255975900252
 8859.722995447715 9610.665130783051 -9668.173892285931 -8789.072782198587
 5139.514580303988 -15602.25246063372 -4536.789314821588 -12960.64325884329
 8859.722995447715 9610.665130783051 -9668.173892285931 -8789.072782198587
