# Created by Octave 4.2.1, Mon Oct 09 19:14:48 2017 BRT <root@mosqueiro>
# name: pop
# type: matrix
# rows: 1000
# columns: 4
 -7550.994568967475 9422.043339869355 8908.925889460448 -10742.73349019874
 -7550.994568967475 9422.043339869355 8908.925889460448 -10742.73349019874
 -7550.994568967475 9422.043339869355 8908.925889460448 -10742.73349019874
 -7550.994568967475 9422.043339869355 8908.925889460448 -10742.73349019874
 -7550.994568967475 9422.043339869355 8908.925889460448 -10742.73349019874
 -7550.994568967475 9422.043339869355 8908.925889460448 -10742.73349019874
 -58558.82795056047 5071.47413549362 -9474.990313535791 -49609.03965639123
 6578.308467050072 -7455.179293266177 -2641.327490118966 3562.587425725307
 6578.308467050072 -7455.179293266177 -2641.327490118966 3562.587425725307
 379.405207367332 3132.827736658739 200.3387800702531 -3563.723173810892
 6578.308467050072 -7455.179293266177 -2641.327490118966 3562.587425725307
 -2810.556341190095 -2510.845642407143 24176.44069002575 -13854.18769800529
 6578.308467050072 -7455.179293266177 -2641.327490118966 3562.587425725307
 6578.308467050072 -7455.179293266177 -2641.327490118966 3562.587425725307
 6578.308467050072 -7455.179293266177 -2641.327490118966 3562.587425725307
 6610.076325121001 -8477.264101131372 8925.991510119467 -7375.871297519265
 -17015.95049994982 5768.314170089053 -11244.89257320631 64544.76843704726
 6578.308467050072 -7455.179293266177 -2641.327490118966 3562.587425725307
 -13906.59411061622 -16899.81090078989 18656.27139476961 -12500.26834421626
 6578.308467050072 -7455.179293266177 -2641.327490118966 3562.587425725307
 6578.308467050072 -7455.179293266177 -2641.327490118966 3562.587425725307
 -12808.34636408803 4170.986074459059 -132.2056965015404 16748.20120679698
 6578.308467050072 -7455.179293266177 -2641.327490118966 3562.587425725307
 -6442.419525291485 13832.47505360374 5950.689374819366 -11894.9913564241
 6578.308467050072 -7455.179293266177 -2641.327490118966 3562.587425725307
 6578.308467050072 -7455.179293266177 -2641.327490118966 3562.587425725307
 6578.308467050072 -7455.179293266177 -2641.327490118966 3562.587425725307
 6578.308467050072 -7455.179293266177 -2641.327490118966 3562.587425725307
 6578.308467050072 -7455.179293266177 -2641.327490118966 3562.587425725307
 -24000.66714477268 -7842.99867575549 -9914.627657822441 -18591.35747008296
 10082.39993431441 -6654.203984727212 -6578.227308698863 2853.897401289802
 -782.0725489303377 22902.82438431236 47375.95502848601 -4236.611704698804
 6578.308467050072 -7455.179293266177 -2641.327490118966 3562.587425725307
 6578.308467050072 -7455.179293266177 -2641.327490118966 3562.587425725307
 6578.308467050072 -7455.179293266177 -2641.327490118966 3562.587425725307
 656.9260816880178 2208.753882851614 -1742.365203517456 -1610.46471266482
 6578.308467050072 -7455.179293266177 -2641.327490118966 3562.587425725307
 6578.308467050072 -7455.179293266177 -2641.327490118966 3562.587425725307
 6578.308467050072 -7455.179293266177 -2641.327490118966 3562.587425725307
 5581.217468830875 -5192.415650092287 6415.728518026925 -4272.986576377192
 9601.371260991185 -4061.342868705141 3464.342477403159 -8890.44202215272
 -7550.994568967475 9422.043339869355 8908.925889460448 -10742.73349019874
 6578.308467050072 -7455.179293266177 -2641.327490118966 3562.587425725307
 40864.41034574 3720.556196124307 -34678.36857928506 -9310.935985565997
 5361.222130775774 -9121.304074494727 7073.678430104232 -3224.1967778833
 6578.308467050072 -7455.179293266177 -2641.327490118966 3562.587425725307
 9601.371260991185 -4061.342868705141 3464.342477403159 -8890.44202215272
 11683.24003265595 2306.476760186531 961.6920072635266 -6953.6213311106
 5637.890432001428 -42907.73856302213 9228.645636072888 -19714.97723937716
 19568.56875018113 32490.35971549816 -3750.841147044363 2438.866321620409
 5361.222130775774 -9121.304074494727 7073.678430104232 -3224.1967778833
 8594.224170638763 2499.499170455563 -1834.58516320004 -8226.045859422944
 6578.308467050072 -7455.179293266177 -2641.327490118966 3562.587425725307
 22302.04856720291 -32779.96701070953 691.3891490530968 23263.58248076955
 6578.308467050072 -7455.179293266177 -2641.327490118966 3562.587425725307
 6320.853062837764 10950.65751268873 -18630.61564137618 9517.31406223914
 45596.19497926012 5443.895394883865 -3991.850204765216 -31572.41861267489
 24126.41039484639 3947.414789696805 809.7506482001081 29939.86806777578
 -28759.15143083722 16940.62658882571 -9458.497916523687 -10655.37384194203
 6578.308467050072 -7455.179293266177 -2641.327490118966 3562.587425725307
 -4308.766893574002 9958.218910530944 10194.25475506342 -2827.313938636186
 5361.222130775774 -9121.304074494727 7073.678430104232 -3224.1967778833
 -2068.880820298436 4007.236707574444 6595.271184972498 -6749.300416693275
 20909.7624073443 -1161.764167955311 -14426.64023215529 4013.168914120163
 6578.308467050072 -7455.179293266177 -2641.327490118966 3562.587425725307
 6578.308467050072 -7455.179293266177 -2641.327490118966 3562.587425725307
 6578.308467050072 -7455.179293266177 -2641.327490118966 3562.587425725307
 -7550.994568967475 9422.043339869355 8908.925889460448 -10742.73349019874
 -1867.342097526458 -18291.18926732227 18503.81641712008 431.763524567988
 6578.308467050072 -7455.179293266177 -2641.327490118966 3562.587425725307
 6578.308467050072 -7455.179293266177 -2641.327490118966 3562.587425725307
 6578.308467050072 -7455.179293266177 -2641.327490118966 3562.587425725307
 6578.308467050072 -7455.179293266177 -2641.327490118966 3562.587425725307
 6578.308467050072 -7455.179293266177 -2641.327490118966 3562.587425725307
 5581.217468830875 -5192.415650092287 6415.728518026925 -4272.986576377192
 251.6689010633131 7058.665579778093 -6364.209309840419 12837.41431295188
 11175.95576510134 28042.99377523836 -9242.233862523743 27039.93157369916
 -7550.994568967475 9422.043339869355 8908.925889460448 -10742.73349019874
 6578.308467050072 -7455.179293266177 -2641.327490118966 3562.587425725307
 6578.308467050072 -7455.179293266177 -2641.327490118966 3562.587425725307
 -12808.34636408803 4170.986074459059 -132.2056965015404 16748.20120679698
 9601.371260991185 -4061.342868705141 3464.342477403159 -8890.44202215272
 6578.308467050072 -7455.179293266177 -2641.327490118966 3562.587425725307
 6578.308467050072 -7455.179293266177 -2641.327490118966 3562.587425725307
 -17015.95049994982 5768.314170089053 -11244.89257320631 64544.76843704726
 6578.308467050072 -7455.179293266177 -2641.327490118966 3562.587425725307
 6578.308467050072 -7455.179293266177 -2641.327490118966 3562.587425725307
 -7550.994568967475 9422.043339869355 8908.925889460448 -10742.73349019874
 -24000.66714477268 -7842.99867575549 -9914.627657822441 -18591.35747008296
 6578.308467050072 -7455.179293266177 -2641.327490118966 3562.587425725307
 6578.308467050072 -7455.179293266177 -2641.327490118966 3562.587425725307
 9601.371260991185 -4061.342868705141 3464.342477403159 -8890.44202215272
 6578.308467050072 -7455.179293266177 -2641.327490118966 3562.587425725307
 -3411.818931476058 9525.704369935913 -8035.390816012626 2045.35685342855
 6578.308467050072 -7455.179293266177 -2641.327490118966 3562.587425725307
 6578.308467050072 -7455.179293266177 -2641.327490118966 3562.587425725307
 8635.367824146357 2954.679814811141 -3249.935043442028 -8460.958957023406
 6578.308467050072 -7455.179293266177 -2641.327490118966 3562.587425725307
 6578.308467050072 -7455.179293266177 -2641.327490118966 3562.587425725307
 6578.308467050072 -7455.179293266177 -2641.327490118966 3562.587425725307
 6578.308467050072 -7455.179293266177 -2641.327490118966 3562.587425725307
 6578.308467050072 -7455.179293266177 -2641.327490118966 3562.587425725307
 6578.308467050072 -7455.179293266177 -2641.327490118966 3562.587425725307
 6578.308467050072 -7455.179293266177 -2641.327490118966 3562.587425725307
 6578.308467050072 -7455.179293266177 -2641.327490118966 3562.587425725307
