# Created by Octave 4.2.1, Mon Oct 09 19:07:38 2017 BRT <root@mosqueiro>
# name: pop
# type: matrix
# rows: 1000
# columns: 4
 -10069.17122531588 14054.40057356214 12473.15442806913 -16455.27734600434
 -8997.480816536225 13655.60719147824 12013.31500166485 -16664.49924841844
 -8997.480816536225 13655.60719147824 12013.31500166485 -16664.49924841844
 -8997.480816536225 13655.60719147824 12013.31500166485 -16664.49924841844
 -8997.480816536225 13655.60719147824 12013.31500166485 -16664.49924841844
 -8997.480816536225 13655.60719147824 12013.31500166485 -16664.49924841844
 -8997.480816536225 13655.60719147824 12013.31500166485 -16664.49924841844
 -3242.063772885232 5110.64106222893 5558.902254626702 -7417.344606165118
 -9953.396129335566 12942.18652518062 11450.28037345516 -17026.3733071849
 -8997.480816536225 13655.60719147824 12013.31500166485 -16664.49924841844
 -8997.480816536225 13655.60719147824 12013.31500166485 -16664.49924841844
 -8058.830245549975 14764.51981128646 12047.139800562 -17899.30125241536
 -8997.480816536225 13655.60719147824 12013.31500166485 -16664.49924841844
 -10625.99760938502 15660.99861748435 9663.712809422877 -17851.93488616846
 -2938.138790688308 13173.09438231584 -2981.499772367884 -6161.481033707427
 -8997.480816536225 13655.60719147824 12013.31500166485 -16664.49924841844
 -7497.011390277801 12639.20813528543 12185.81890606576 -16915.82962138539
 -8997.480816536225 13655.60719147824 12013.31500166485 -16664.49924841844
 -8832.706575108188 -4106.857433918491 -4796.924602059174 -7516.047529620866
 -8997.480816536225 13655.60719147824 12013.31500166485 -16664.49924841844
 -8997.480816536225 13655.60719147824 12013.31500166485 -16664.49924841844
 -9390.035535633062 14858.15643579424 12584.38161108212 -15833.46398635986
 -7156.431234173464 14013.21189025617 11330.02577804543 -15279.14014898547
 -8997.480816536225 13655.60719147824 12013.31500166485 -16664.49924841844
 -8997.480816536225 13655.60719147824 12013.31500166485 -16664.49924841844
 -8997.480816536225 13655.60719147824 12013.31500166485 -16664.49924841844
 -8997.480816536225 13655.60719147824 12013.31500166485 -16664.49924841844
 -8997.480816536225 13655.60719147824 12013.31500166485 -16664.49924841844
 425.9718212396269 874.0621582824897 5250.612387522156 -13134.00094578904
 -8997.480816536225 13655.60719147824 12013.31500166485 -16664.49924841844
 -8997.480816536225 13655.60719147824 12013.31500166485 -16664.49924841844
 -10717.17539266716 17507.41012601339 14671.20698085274 -19372.87632662188
 -5865.27894334448 6280.200568828939 1186.187281897202 -8953.593920441373
 -10129.08140909999 14844.92127655116 13340.5052331909 -16242.85094545753
 -8706.313971699081 14026.23836228398 10343.34839828476 -15688.33791568252
 -8997.480816536225 13655.60719147824 12013.31500166485 -16664.49924841844
 -8997.480816536225 13655.60719147824 12013.31500166485 -16664.49924841844
 -6549.459860657776 18097.69315061357 13960.79222107829 -21827.18175396526
 -8997.480816536225 13655.60719147824 12013.31500166485 -16664.49924841844
 -9342.751314831163 13176.77955549795 10372.74065720653 -16299.8204180126
 -8997.480816536225 13655.60719147824 12013.31500166485 -16664.49924841844
 -3242.063772885232 5110.64106222893 5558.902254626702 -7417.344606165118
 -2954.811559617884 5574.396276956552 4111.303085394954 -7379.174222184552
 -8997.480816536225 13655.60719147824 12013.31500166485 -16664.49924841844
 -7929.716019669879 13809.27014746876 12874.84709292766 -16661.58954261346
 -8997.480816536225 13655.60719147824 12013.31500166485 -16664.49924841844
 -8997.480816536225 13655.60719147824 12013.31500166485 -16664.49924841844
 -8997.480816536225 13655.60719147824 12013.31500166485 -16664.49924841844
 -8997.480816536225 13655.60719147824 12013.31500166485 -16664.49924841844
 -8997.480816536225 13655.60719147824 12013.31500166485 -16664.49924841844
 -8997.480816536225 13655.60719147824 12013.31500166485 -16664.49924841844
 -3242.063772885232 5110.64106222893 5558.902254626702 -7417.344606165118
 -8997.480816536225 13655.60719147824 12013.31500166485 -16664.49924841844
 -3942.232739826971 4179.633072800177 7997.064873290563 -8333.717845665826
 -9719.524283611123 14161.49186243454 11301.6276355862 -16783.2508914896
 -8997.480816536225 13655.60719147824 12013.31500166485 -16664.49924841844
 -3311.891092948332 9480.336247009403 6312.386588833493 -5974.206169381519
 -8997.480816536225 13655.60719147824 12013.31500166485 -16664.49924841844
 -8997.480816536225 13655.60719147824 12013.31500166485 -16664.49924841844
 -9607.062534373235 13918.52229940925 11455.89742814346 -15877.98242017275
 -8997.480816536225 13655.60719147824 12013.31500166485 -16664.49924841844
 173.7839815025607 5947.339004323934 8262.635928189766 -8819.47709227889
 -8997.480816536225 13655.60719147824 12013.31500166485 -16664.49924841844
 -8706.313971699081 14026.23836228398 10343.34839828476 -15688.33791568252
 -8620.029908466418 16911.85977902244 16754.39114704318 -9998.735466331314
 -9165.445651981223 14026.32800147308 11446.50526700367 -16542.07933979011
 -8997.480816536225 13655.60719147824 12013.31500166485 -16664.49924841844
 -8997.480816536225 13655.60719147824 12013.31500166485 -16664.49924841844
 -9607.062534373235 13918.52229940925 11455.89742814346 -15877.98242017275
 -8997.480816536225 13655.60719147824 12013.31500166485 -16664.49924841844
 -8997.480816536225 13655.60719147824 12013.31500166485 -16664.49924841844
 -8356.559540931623 13895.13066709842 12288.86919357812 -15661.23656008167
 -8997.480816536225 13655.60719147824 12013.31500166485 -16664.49924841844
 -8997.480816536225 13655.60719147824 12013.31500166485 -16664.49924841844
 -8997.480816536225 13655.60719147824 12013.31500166485 -16664.49924841844
 -8997.480816536225 13655.60719147824 12013.31500166485 -16664.49924841844
 -2204.371924800181 8349.951993426175 3070.539442265486 -877.2953436157732
 -9863.972795924905 13548.220940678 12495.91730633334 -15722.01765242724
 -8997.480816536225 13655.60719147824 12013.31500166485 -16664.49924841844
 -3242.063772885232 5110.64106222893 5558.902254626702 -7417.344606165118
 -8997.480816536225 13655.60719147824 12013.31500166485 -16664.49924841844
 13445.67428051528 5133.539315791813 -4363.303320335356 2241.143587926925
 -8997.480816536225 13655.60719147824 12013.31500166485 -16664.49924841844
 -3242.063772885232 5110.64106222893 5558.902254626702 -7417.344606165118
 -8997.480816536225 13655.60719147824 12013.31500166485 -16664.49924841844
 -8997.480816536225 13655.60719147824 12013.31500166485 -16664.49924841844
 -2617.987826571218 4828.509229889716 11760.09075880227 -5657.933520844357
 -8997.480816536225 13655.60719147824 12013.31500166485 -16664.49924841844
 -8997.480816536225 13655.60719147824 12013.31500166485 -16664.49924841844
 -8997.480816536225 13655.60719147824 12013.31500166485 -16664.49924841844
 -8997.480816536225 13655.60719147824 12013.31500166485 -16664.49924841844
 -8997.480816536225 13655.60719147824 12013.31500166485 -16664.49924841844
 -2891.624355068784 6862.231295949679 2175.262548052239 -4492.964686602045
 -3242.063772885232 5110.64106222893 5558.902254626702 -7417.344606165118
 -9597.421010697015 12418.12186595553 11162.46650228021 -15772.42808692316
 -7929.716019669879 13809.27014746876 12874.84709292766 -16661.58954261346
 -8997.480816536225 13655.60719147824 12013.31500166485 -16664.49924841844
 -8997.480816536225 13655.60719147824 12013.31500166485 -16664.49924841844
 -3242.063772885232 5110.64106222893 5558.902254626702 -7417.344606165118
 -3242.063772885232 5110.64106222893 5558.902254626702 -7417.344606165118
 -9366.15510186053 14305.09545097821 12859.46525594736 -16818.30036058613
 -8997.480816536225 13655.60719147824 12013.31500166485 -16664.49924841844
 -8997.480816536225 13655.60719147824 12013.31500166485 -16664.49924841844
 -8860.358162322027 14090.36194111636 13143.80277641128 -17301.06148808046
 -10287.33761823602 11321.10382655105 15490.8476968942 -16672.58053870206
