# Created by Octave 4.2.1, Mon Oct 09 19:24:33 2017 BRT <root@mosqueiro>
# name: pop
# type: matrix
# rows: 1000
# columns: 4
 8859.722995447715 9610.665130783051 -9668.173892285931 -8789.072782198587
 8859.722995447715 9610.665130783051 -9668.173892285931 -8789.072782198587
 8859.722995447715 9610.665130783051 -9668.173892285931 -8789.072782198587
 8859.722995447715 9610.665130783051 -9668.173892285931 -8789.072782198587
 8859.722995447715 9610.665130783051 -9668.173892285931 -8789.072782198587
 35209.98772005118 -6923.921888200001 -27248.16448692057 4680.428767312246
 14593.39559549825 1482.930385385979 -26753.99163731166 -23380.26343268178
 16457.51814707122 -12704.53561698441 7435.446606395164 -49437.228096237
 8859.722995447715 9610.665130783051 -9668.173892285931 -8789.072782198587
 5172.249900263475 35661.29682697775 -16416.88010104695 -1324.905848958821
 -9866.578198257794 7588.734456191767 -2821.00552771719 5123.679337178926
 8859.722995447715 9610.665130783051 -9668.173892285931 -8789.072782198587
 19080.10674693012 31258.86425036826 15417.94936288549 3829.492281801409
 8859.722995447715 9610.665130783051 -9668.173892285931 -8789.072782198587
 8859.722995447715 9610.665130783051 -9668.173892285931 -8789.072782198587
 8859.722995447715 9610.665130783051 -9668.173892285931 -8789.072782198587
 8859.722995447715 9610.665130783051 -9668.173892285931 -8789.072782198587
 9275.61884849862 -4751.650521066605 -8986.504439819131 4621.059355856625
 8859.722995447715 9610.665130783051 -9668.173892285931 -8789.072782198587
 8859.722995447715 9610.665130783051 -9668.173892285931 -8789.072782198587
 8859.722995447715 9610.665130783051 -9668.173892285931 -8789.072782198587
 8859.722995447715 9610.665130783051 -9668.173892285931 -8789.072782198587
 8859.722995447715 9610.665130783051 -9668.173892285931 -8789.072782198587
 8859.722995447715 9610.665130783051 -9668.173892285931 -8789.072782198587
 8859.722995447715 9610.665130783051 -9668.173892285931 -8789.072782198587
 295.4341361897896 5526.614644093597 452.7618624922252 -684.5903215717335
 8859.722995447715 9610.665130783051 -9668.173892285931 -8789.072782198587
 8859.722995447715 9610.665130783051 -9668.173892285931 -8789.072782198587
 -5562.109601879916 6642.677524422647 2860.714651710901 -17572.58500527147
 10825.31970856581 20625.99837627504 -21376.86720337543 -11533.96593165928
 8859.722995447715 9610.665130783051 -9668.173892285931 -8789.072782198587
 882.5741728108073 2351.8663629923 -8967.331573632589 12892.01386165466
 3299.039994943653 9235.934382166261 3282.787380972313 -18539.94518018957
 8859.722995447715 9610.665130783051 -9668.173892285931 -8789.072782198587
 8859.722995447715 9610.665130783051 -9668.173892285931 -8789.072782198587
 8859.722995447715 9610.665130783051 -9668.173892285931 -8789.072782198587
 8859.722995447715 9610.665130783051 -9668.173892285931 -8789.072782198587
 8859.722995447715 9610.665130783051 -9668.173892285931 -8789.072782198587
 6411.6791678846 19718.2560448156 -29339.35247465872 -8646.145303312072
 8859.722995447715 9610.665130783051 -9668.173892285931 -8789.072782198587
 8859.722995447715 9610.665130783051 -9668.173892285931 -8789.072782198587
 -9412.775174076412 -5269.520946062188 -9843.087962178652 -2633.268969649414
 16645.2014658603 5465.732986254759 -10851.75311275931 3893.351632387461
 8859.722995447715 9610.665130783051 -9668.173892285931 -8789.072782198587
 8859.722995447715 9610.665130783051 -9668.173892285931 -8789.072782198587
 8859.722995447715 9610.665130783051 -9668.173892285931 -8789.072782198587
 8859.722995447715 9610.665130783051 -9668.173892285931 -8789.072782198587
 -11714.44895858661 10046.77521855677 12753.87328535767 652.4435109213209
 8387.417005704985 -8948.056272272848 -232.7391435384689 967.1890908964451
 8859.722995447715 9610.665130783051 -9668.173892285931 -8789.072782198587
 8859.722995447715 9610.665130783051 -9668.173892285931 -8789.072782198587
 -56017.59042341515 -77506.43226245001 -31720.02123220748 42093.44938963563
 -3263.85118713838 -28099.43744229503 -18403.94317684718 -9.69736647209993
 27666.09809266994 -7170.328936278442 -10951.56684355865 -23239.53395414121
 8387.417005704985 -8948.056272272848 -232.7391435384689 967.1890908964451
 8859.722995447715 9610.665130783051 -9668.173892285931 -8789.072782198587
 35209.98772005118 -6923.921888200001 -27248.16448692057 4680.428767312246
 8859.722995447715 9610.665130783051 -9668.173892285931 -8789.072782198587
 8859.722995447715 9610.665130783051 -9668.173892285931 -8789.072782198587
 -51305.42695529497 -71249.08170986864 14070.77409978886 -9556.852577597614
 -4677.274778670037 1577.673348821567 -3235.349940443971 5982.861103259605
 8859.722995447715 9610.665130783051 -9668.173892285931 -8789.072782198587
 8859.722995447715 9610.665130783051 -9668.173892285931 -8789.072782198587
 8859.722995447715 9610.665130783051 -9668.173892285931 -8789.072782198587
 8859.722995447715 9610.665130783051 -9668.173892285931 -8789.072782198587
 8859.722995447715 9610.665130783051 -9668.173892285931 -8789.072782198587
 8859.722995447715 9610.665130783051 -9668.173892285931 -8789.072782198587
 19071.22618526532 27168.10397264121 -5730.59673933476 6986.363084578479
 8859.722995447715 9610.665130783051 -9668.173892285931 -8789.072782198587
 9275.61884849862 -4751.650521066605 -8986.504439819131 4621.059355856625
 -825.8665320517102 -23838.93106240858 -5214.07751522583 10866.09972740316
 8387.417005704985 -8948.056272272848 -232.7391435384689 967.1890908964451
 7900.443211681331 8953.545983764554 19353.81771368998 10167.62384490278
 8859.722995447715 9610.665130783051 -9668.173892285931 -8789.072782198587
 8859.722995447715 9610.665130783051 -9668.173892285931 -8789.072782198587
 8859.722995447715 9610.665130783051 -9668.173892285931 -8789.072782198587
 -7793.144437448183 13132.12951305021 -33034.80421267024 5173.425632719936
 16533.01218977438 213.2192760807721 12437.81364284073 22619.78711079057
 -3300.691392461616 3145.432524517346 -4951.013333340898 5282.206246768132
 8859.722995447715 9610.665130783051 -9668.173892285931 -8789.072782198587
 8859.722995447715 9610.665130783051 -9668.173892285931 -8789.072782198587
 8859.722995447715 9610.665130783051 -9668.173892285931 -8789.072782198587
 7900.443211681331 8953.545983764554 19353.81771368998 10167.62384490278
 -9866.578198257794 7588.734456191767 -2821.00552771719 5123.679337178926
 8859.722995447715 9610.665130783051 -9668.173892285931 -8789.072782198587
 8859.722995447715 9610.665130783051 -9668.173892285931 -8789.072782198587
 4819.476147083934 3428.248050293929 7024.669998325693 -3217.005369796643
 19703.22949687138 -7769.388220848817 -17346.21451549137 -34017.3584340693
 -3593.153171407323 6372.798998963264 6463.092259733478 16231.89180606231
 7187.229564337475 -3850.471611039946 705.0778000997689 -4635.192765220265
 7207.748116412326 8399.625401251917 -5110.297307828474 -14525.82081094466
 8859.722995447715 9610.665130783051 -9668.173892285931 -8789.072782198587
 8859.722995447715 9610.665130783051 -9668.173892285931 -8789.072782198587
 8859.722995447715 9610.665130783051 -9668.173892285931 -8789.072782198587
 20371.35188363435 -6664.236527814137 11901.00004218151 8642.952056056849
 -31571.30629859365 14993.61081331825 -15482.75755149551 10860.48260225554
 28152.82904072912 27913.71727472784 -27366.13634148218 -31728.43550323021
 10825.31970856581 20625.99837627504 -21376.86720337543 -11533.96593165928
 8859.722995447715 9610.665130783051 -9668.173892285931 -8789.072782198587
 5124.274407164721 9692.427765386514 -7395.655718418966 -6629.943332815217
 8859.722995447715 9610.665130783051 -9668.173892285931 -8789.072782198587
 -5458.954511249707 -15271.12742056757 34110.73263984876 -2211.644223865153
 15728.36914483256 1360.537924927301 -6117.76533749772 -15585.77850480992
 8859.722995447715 9610.665130783051 -9668.173892285931 -8789.072782198587
 6090.405696604996 -643.0003895355949 3324.397475754333 -3550.905862174842
