# Created by Octave 4.2.1, Mon Oct 09 19:12:34 2017 BRT <root@mosqueiro>
# name: pop
# type: matrix
# rows: 1000
# columns: 4
 6578.308467050072 -7455.179293266177 -2641.327490118966 3562.587425725307
 5361.222130775774 -9121.304074494727 7073.678430104232 -3224.1967778833
 -4956.321186344702 -1113.80149904483 3987.109318387018 2032.163084530512
 9601.371260991185 -4061.342868705141 3464.342477403159 -8890.44202215272
 3549.03146153104 -401.4294845481072 -7495.903630523514 4263.185332926989
 1909.309061219661 5445.516422496448 258.790883382273 7924.05290148496
 -7145.256724059052 33.27827975094624 -6709.656240013157 1563.00910937011
 -3062.707780832003 -404.5581096035221 -2149.703048679433 6407.632730463294
 8345.779597734003 -4241.561757220923 -1404.809119808311 4308.573139908594
 389.8748355129046 -3210.535999850665 3531.760087167726 9707.409348220026
 -3947.977432154425 8699.654545897964 3302.701085624149 3057.013269912772
 1859.080336082452 -1225.781649194776 -6097.961400555361 6835.738356452897
 -1155.941695199746 -1204.751826745318 -6628.736842574415 -3776.551872353234
 7277.894356751221 1801.938128319798 245.44660312208 2091.210006301784
 8944.399684828673 5267.558433405558 8077.638564140416 -3898.121592049807
 -3411.818931476058 9525.704369935913 -8035.390816012626 2045.35685342855
 6578.308467050072 -7455.179293266177 -2641.327490118966 3562.587425725307
 6455.752875089416 2777.370322519077 -2735.820394533575 -4719.330146441124
 3316.702664404576 2750.8174018187 -9610.599499910235 -5687.105375428704
 7198.984786917244 -4918.601729590165 2488.091157452876 -2920.583228881464
 1859.080336082452 -1225.781649194776 -6097.961400555361 6835.738356452897
 9312.078938931591 -6447.300164176804 114.4343202155487 9833.83459885402
 -4956.321186344702 -1113.80149904483 3987.109318387018 2032.163084530512
 2998.530532561865 1255.864499491225 -3494.157183051669 -1154.717512393387
 1610.748628358493 8659.762020306331 -2930.382638697627 -3310.087604663964
 9456.349661852317 -7092.716142307198 8177.16343268062 -8584.537851539822
 -1204.995312921425 -57.4931712974485 892.2720204209272 238.4268909279763
 2197.61088706183 1405.27467168204 7212.943928559438 -9926.09041505313
 -8047.347400672814 -9529.583570943118 -6507.018785135718 6091.016612660758
 2301.006347133922 -7880.38239324664 8236.698201964005 3605.501716615971
 9387.605795316129 8488.119286931596 -5752.155651488887 -7325.868151286753
 6615.883341399043 -3313.120838377405 -6171.360804697202 4226.369618131534
 8854.269358905185 3794.906581999801 3384.988602978585 2062.828688639795
 -5772.869376134007 -4560.182167590535 2673.287415914161 8967.386351870522
 9907.991913299007 -9805.978773035362 -436.9771604213311 4060.920048641663
 -9640.293994960713 890.6124185290446 6564.985780566207 9929.269357459201
 7420.99841918876 5900.998930513191 -5849.87638766168 5469.516579449779
 -4884.687517695628 -6213.354956050249 -1534.968343780276 5441.339892917802
 -1585.586152648772 -1268.560014790848 -1149.386808535653 3860.12360573689
 7673.042632105884 3995.608454941123 7363.534244571329 1344.209269362631
 8682.360030781281 934.7537171294771 -5306.83155770829 -264.7285440671221
 -4956.321186344702 -1113.80149904483 3987.109318387018 2032.163084530512
 5009.023631636608 -3476.681835070835 -2999.743369217217 9012.146317675659
 2172.581686995954 8897.891622813841 4153.744417238047 3335.324569003225
 3902.150026226298 -5425.933777935887 5334.458654057844 -2832.669687642463
 8865.705746230342 2392.930870064034 -2580.603136120444 -9592.045555768238
 5170.628773236991 -6554.081687452568 4540.718187344617 2723.131439808751
 8398.789632106171 9478.326131697238 895.4617107776903 4625.556909440689
 562.0310423936808 8451.16404545632 9412.340059528993 -4052.851344640508
 6797.952747847645 761.162526315049 572.769124434486 -1301.413490388763
 6386.04828475141 -6489.252415228118 -8724.033890083199 -3204.940243621673
 -6636.969584802043 800.3929348913061 1447.168329322036 -1867.220252582987
 -7312.353094629754 4164.115562645782 -2568.410045067534 1082.587715569072
 4209.745451331541 -7079.843095846411 -4261.690302296623 31.48373080665624
 8373.68761798269 -6792.105217190022 7182.754289927216 5938.200074170554
 8384.159358627126 -6191.121577340367 -7407.959585635661 9680.182960071495
 1307.031539456531 -5990.833392068951 8853.72149252941 -4999.162221685164
 -8472.605256769491 -5497.194786691704 6934.83952403986 6507.281647515658
 -2068.880820298436 4007.236707574444 6595.271184972498 -6749.300416693275
 -7098.058539897936 -4238.787758363237 5235.765806202829 6758.166675205692
 -8337.700803730626 -4006.181429505288 8816.015387899257 -6417.647559805257
 -2402.457325091211 -2685.960791926579 5263.444342614112 -1866.94555415731
 7714.246558018003 -4038.416013652263 2315.564800882456 -1574.819858249433
 -8796.317241877885 4465.346522140017 8236.746672766312 -7699.635586483663
 6610.076325121001 -8477.264101131372 8925.991510119467 -7375.871297519265
 -6200.670244435621 311.1249850149143 3798.648225630061 8900.01721957713
 3680.116691432204 -4011.709799375945 -1779.94790204287 2924.299648064998
 -5256.604497724654 8511.742086108512 6160.4990452896 862.3845886595518
 -8451.358078292065 -6747.518105342031 1665.073779444698 -4820.142767482144
 -4031.474961230882 7630.956321005058 -3237.876786015156 3394.913368678061
 3549.03146153104 -401.4294845481072 -7495.903630523514 4263.185332926989
 1551.226581437768 2373.319135179525 2953.405967290357 -7563.799302042553
 9312.078938931591 -6447.300164176804 114.4343202155487 9833.83459885402
 8064.143417775282 -4248.202504146209 -4849.591017722342 -8264.952419754569
 8395.174626275053 -3196.832402208679 1370.02293199922 436.2978492249422
 3295.752163855779 6018.8359311942 9400.91645333116 -4474.761817006788
 -7474.378033112165 883.0576437751733 2359.114640175992 -8645.708093085803
 1468.189312943896 -5399.742481342699 -2098.729516632823 3451.350853000553
 -1420.12950877183 -8850.429935494847 2355.058307651352 -7446.638784397948
 -9939.444059433412 8207.141719368032 9213.59342269335 -6145.929822131554
 8809.123354064493 4061.856758629256 -9312.920825884472 8573.579559731355
 45.51934820617862 9176.325939845523 -2011.126079315392 -8117.894469499622
 7333.800221427144 3640.498385061461 -8332.981352160006 -2470.157535692751
 4401.930383514089 3189.486860620735 -854.079723553341 -6180.564990855758
 4818.848529486835 -294.0117945781294 9970.956198681772 1274.402666565004
 7526.560071716158 2197.272475059137 -5578.189607286911 7869.924602991239
 5259.917279923542 -2298.678120529022 4367.256886652985 9454.291177768861
 7214.81296147763 7761.614165758408 -295.1903041696423 6107.96882869653
 3833.606300445668 -1390.601681228007 3998.516516725465 9784.280988013434
 -3458.130418227393 -6603.502009539323 2976.712424655188 -8917.439510864082
 9387.605795316129 8488.119286931596 -5752.155651488887 -7325.868151286753
 -5293.290667442566 -5930.173810569971 -6425.244025540997 6785.444713925433
 -6663.832126390702 2355.39676164121 -5875.541540897694 5273.996738490538
 6087.296758639251 4194.469224000992 -9252.61330493815 -1248.249107840256
 6578.308467050072 -7455.179293266177 -2641.327490118966 3562.587425725307
 9992.87610355622 5565.330687253387 -9185.95670017757 -6400.645024325235
 -1204.995312921425 -57.4931712974485 892.2720204209272 238.4268909279763
 -3082.982271193916 2163.081083117202 5411.452544912521 6186.984018840989
 2216.340836134355 3803.306810051005 -4112.503734098997 5572.631883516564
 9474.002291554767 4174.381717255097 6419.069459993563 -5504.431123105456
 3680.116691432204 -4011.709799375945 -1779.94790204287 2924.299648064998
 -7442.153260711671 -3029.988484178813 -6379.77435159067 -765.8853754497904
 -3341.453845643437 9746.995400075903 -1286.646155830569 261.0256663652071
 -1534.461906529494 3070.742202030919 -9311.484359849925 8762.024784912315
 -2136.650656202134 6030.60005558995 2406.425903975094 -1197.46677784826
 529.4335421348278 515.4573795197175 -4336.853638146662 4439.23901199628
