# Created by Octave 4.2.1, Mon Oct 09 19:37:37 2017 BRT <root@mosqueiro>
# name: pop
# type: matrix
# rows: 1000
# columns: 4
 -7491.357089269941 -1281.035141976859 4123.025856152989 4650.102740940573
 -7228.36790054567 -1739.482123216074 4262.792602182199 4707.249679122707
 -7090.242948329165 -1206.75288270171 3601.967347483417 4699.434180134276
 -10324.82158791877 -379.1637934029191 6712.090700467143 4000.236401409895
 -10324.82158791877 -379.1637934029191 6712.090700467143 4000.236401409895
 -5711.998070265722 -1269.58324343579 3756.198740693273 3291.650317914058
 -7228.36790054567 -1739.482123216074 4262.792602182199 4707.249679122707
 -7388.118906136311 -1280.759136014043 4066.935166573163 4616.641127117166
 -3589.607744474955 -2143.455281894344 20781.39453359952 3304.052490272416
 -7388.118906136311 -1280.759136014043 4066.935166573163 4616.641127117166
 -5737.98870350066 -1082.930591420158 3569.758530177905 3260.315854470912
 -7388.118906136311 -1280.759136014043 4066.935166573163 4616.641127117166
 -10324.82158791877 -379.1637934029191 6712.090700467143 4000.236401409895
 -7388.118906136311 -1280.759136014043 4066.935166573163 4616.641127117166
 -7388.118906136311 -1280.759136014043 4066.935166573163 4616.641127117166
 -7491.357089269941 -1281.035141976859 4123.025856152989 4650.102740940573
 -7104.440560455861 -623.3688628859982 4703.184433713239 3621.57568072867
 -7388.118906136311 -1280.759136014043 4066.935166573163 4616.641127117166
 -6300.904364856461 -1234.144240955257 291.1782217034211 2627.511666314361
 -6092.228188780261 4080.578948984984 18.44999184161261 11007.85539120347
 -7388.118906136311 -1280.759136014043 4066.935166573163 4616.641127117166
 -5737.98870350066 -1082.930591420158 3569.758530177905 3260.315854470912
 -10324.82158791877 -379.1637934029191 6712.090700467143 4000.236401409895
 -7388.118906136311 -1280.759136014043 4066.935166573163 4616.641127117166
 -7388.118906136311 -1280.759136014043 4066.935166573163 4616.641127117166
 -10324.82158791877 -379.1637934029191 6712.090700467143 4000.236401409895
 -10324.82158791877 -379.1637934029191 6712.090700467143 4000.236401409895
 -7388.118906136311 -1280.759136014043 4066.935166573163 4616.641127117166
 -7228.36790054567 -1739.482123216074 4262.792602182199 4707.249679122707
 -10324.82158791877 -379.1637934029191 6712.090700467143 4000.236401409895
 -7090.242948329165 -1206.75288270171 3601.967347483417 4699.434180134276
 -7388.118906136311 -1280.759136014043 4066.935166573163 4616.641127117166
 -7228.36790054567 -1739.482123216074 4262.792602182199 4707.249679122707
 -10544.51673889307 -630.0021824655105 6687.841552600219 4197.334894810801
 -7388.118906136311 -1280.759136014043 4066.935166573163 4616.641127117166
 -10324.82158791877 -379.1637934029191 6712.090700467143 4000.236401409895
 -7054.0481555288 -1094.095499243536 4231.860217577769 4693.534378739735
 -5737.98870350066 -1082.930591420158 3569.758530177905 3260.315854470912
 -7388.118906136311 -1280.759136014043 4066.935166573163 4616.641127117166
 -10324.82158791877 -379.1637934029191 6712.090700467143 4000.236401409895
 -7388.118906136311 -1280.759136014043 4066.935166573163 4616.641127117166
 -10324.82158791877 -379.1637934029191 6712.090700467143 4000.236401409895
 -6534.411556772918 -1376.291449694221 3505.995419461544 6008.091237564043
 -6433.624932847796 -984.5630090855218 4582.043610095112 4781.401986593401
 -5075.77298453161 -4397.005420648456 2521.861263242156 8627.486799254195
 -4289.893733054214 -879.992057972585 3339.607739297709 2908.606473481436
 -6341.475139451356 -1426.994025978849 3852.225376690124 3906.889796307844
 -7514.461704172169 -1104.649984980053 4002.084049127656 4429.28219936493
 -7388.118906136311 -1280.759136014043 4066.935166573163 4616.641127117166
 -10324.82158791877 -379.1637934029191 6712.090700467143 4000.236401409895
 -10324.82158791877 -379.1637934029191 6712.090700467143 4000.236401409895
 -5961.842789559197 -683.9556971351321 3509.501244059426 3484.094599387063
 -10324.82158791877 -379.1637934029191 6712.090700467143 4000.236401409895
 -7388.118906136311 -1280.759136014043 4066.935166573163 4616.641127117166
 -10324.82158791877 -379.1637934029191 6712.090700467143 4000.236401409895
 -7388.118906136311 -1280.759136014043 4066.935166573163 4616.641127117166
 -5737.98870350066 -1082.930591420158 3569.758530177905 3260.315854470912
 -10324.82158791877 -379.1637934029191 6712.090700467143 4000.236401409895
 -7388.118906136311 -1280.759136014043 4066.935166573163 4616.641127117166
 -7388.118906136311 -1280.759136014043 4066.935166573163 4616.641127117166
 -5737.98870350066 -1082.930591420158 3569.758530177905 3260.315854470912
 -10324.82158791877 -379.1637934029191 6712.090700467143 4000.236401409895
 -5737.98870350066 -1082.930591420158 3569.758530177905 3260.315854470912
 -10324.82158791877 -379.1637934029191 6712.090700467143 4000.236401409895
 -10264.84798174337 -417.0533571099367 6983.59076958679 3640.458465608271
 -7557.553823475769 -1101.269325858453 4120.09172003265 4484.011393155671
 -5598.839608137851 -542.6437041301658 3744.198201008067 3500.685199893324
 -7388.118906136311 -1280.759136014043 4066.935166573163 4616.641127117166
 -7388.118906136311 -1280.759136014043 4066.935166573163 4616.641127117166
 -10324.82158791877 -379.1637934029191 6712.090700467143 4000.236401409895
 -10324.82158791877 -379.1637934029191 6712.090700467143 4000.236401409895
 -7376.896804727475 -1380.322006291778 4142.818478856373 4567.383491127929
 -7358.128041790666 -1284.241328197145 3809.212865843609 4873.194869675573
 -10324.82158791877 -379.1637934029191 6712.090700467143 4000.236401409895
 -7388.118906136311 -1280.759136014043 4066.935166573163 4616.641127117166
 -7434.066189247655 -454.8408151000242 3552.416977187322 4403.729715539403
 -10402.88635727993 -336.1070461571106 6628.703825358184 3846.92023013738
 -7388.118906136311 -1280.759136014043 4066.935166573163 4616.641127117166
 -7388.118906136311 -1280.759136014043 4066.935166573163 4616.641127117166
 -10324.82158791877 -379.1637934029191 6712.090700467143 4000.236401409895
 -7388.118906136311 -1280.759136014043 4066.935166573163 4616.641127117166
 -10324.82158791877 -379.1637934029191 6712.090700467143 4000.236401409895
 -3846.364533715538 -3033.723830784795 5094.048464357475 3061.144802179958
 -7388.118906136311 -1280.759136014043 4066.935166573163 4616.641127117166
 -7388.118906136311 -1280.759136014043 4066.935166573163 4616.641127117166
 -10324.82158791877 -379.1637934029191 6712.090700467143 4000.236401409895
 -7388.118906136311 -1280.759136014043 4066.935166573163 4616.641127117166
 -5808.488772429835 -198.7588122676722 2743.622205094774 4446.263981940571
 -5737.98870350066 -1082.930591420158 3569.758530177905 3260.315854470912
 -10324.82158791877 -379.1637934029191 6712.090700467143 4000.236401409895
 -6829.62769117234 -1375.461645308863 4266.880493488949 3812.035044301023
 -7388.118906136311 -1280.759136014043 4066.935166573163 4616.641127117166
 -7388.118906136311 -1280.759136014043 4066.935166573163 4616.641127117166
 -10324.82158791877 -379.1637934029191 6712.090700467143 4000.236401409895
 -7388.118906136311 -1280.759136014043 4066.935166573163 4616.641127117166
 -7491.357089269941 -1281.035141976859 4123.025856152989 4650.102740940573
 -3906.492621273845 152.8689808430731 4379.696644252844 4781.882615278537
 -10324.82158791877 -379.1637934029191 6712.090700467143 4000.236401409895
 -7388.118906136311 -1280.759136014043 4066.935166573163 4616.641127117166
 -7491.357089269941 -1281.035141976859 4123.025856152989 4650.102740940573
 -7388.118906136311 -1280.759136014043 4066.935166573163 4616.641127117166
 -7388.118906136311 -1280.759136014043 4066.935166573163 4616.641127117166
 -10324.82158791877 -379.1637934029191 6712.090700467143 4000.236401409895
 -7804.926368267573 -1606.471640650073 3894.902176804385 4659.958031548502
 -7271.574468855254 -1458.123089699543 4445.430243120194 3854.256737309408
