# Created by Octave 4.2.1, Mon Oct 09 19:13:51 2017 BRT <root@mosqueiro>
# name: pop
# type: matrix
# rows: 1000
# columns: 4
 6578.308467050072 -7455.179293266177 -2641.327490118966 3562.587425725307
 6578.308467050072 -7455.179293266177 -2641.327490118966 3562.587425725307
 6578.308467050072 -7455.179293266177 -2641.327490118966 3562.587425725307
 6578.308467050072 -7455.179293266177 -2641.327490118966 3562.587425725307
 6578.308467050072 -7455.179293266177 -2641.327490118966 3562.587425725307
 5434.09301068859 5598.31483255704 -3614.040857802795 -7643.22907565573
 5361.222130775774 -9121.304074494727 7073.678430104232 -3224.1967778833
 6578.308467050072 -7455.179293266177 -2641.327490118966 3562.587425725307
 23421.94483112489 -1063.457444188569 4929.975063857893 19529.83171701356
 8993.010455648538 2690.157877668638 -9228.937008420005 -2325.912403897282
 -4956.321186344702 -1113.80149904483 3987.109318387018 2032.163084530512
 27392.15725653054 -36937.69745716034 -11198.51277938339 -1134.532544267141
 9601.371260991185 -4061.342868705141 3464.342477403159 -8890.44202215272
 379.405207367332 3132.827736658739 200.3387800702531 -3563.723173810892
 6578.308467050072 -7455.179293266177 -2641.327490118966 3562.587425725307
 -7040.532270698875 9870.56158160745 -4795.900392783596 2258.334994261464
 6680.806935101088 -1554.326484327964 -13667.18599374099 34961.895247902
 379.405207367332 3132.827736658739 200.3387800702531 -3563.723173810892
 4267.26449750004 -7940.793746298659 3205.288374291611 1123.805316926371
 6578.308467050072 -7455.179293266177 -2641.327490118966 3562.587425725307
 9601.371260991185 -4061.342868705141 3464.342477403159 -8890.44202215272
 -4278.695463481452 42811.23098513258 -10014.78020820949 -6638.235573119944
 6624.122502044971 -4719.733961316056 -6762.230522691463 4725.363553775782
 6578.308467050072 -7455.179293266177 -2641.327490118966 3562.587425725307
 3549.03146153104 -401.4294845481072 -7495.903630523514 4263.185332926989
 9992.87610355622 5565.330687253387 -9185.95670017757 -6400.645024325235
 6578.308467050072 -7455.179293266177 -2641.327490118966 3562.587425725307
 -4956.321186344702 -1113.80149904483 3987.109318387018 2032.163084530512
 -4956.321186344702 -1113.80149904483 3987.109318387018 2032.163084530512
 5361.222130775774 -9121.304074494727 7073.678430104232 -3224.1967778833
 5361.222130775774 -9121.304074494727 7073.678430104232 -3224.1967778833
 -1679.666629018716 8664.879283431832 -10817.69188223742 38053.28687243717
 6578.308467050072 -7455.179293266177 -2641.327490118966 3562.587425725307
 59125.1984319036 167.9486384510192 8946.214059375479 6821.41923666957
 502.4361616520546 -1569.833401875447 -11746.98020503691 33045.36857125192
 7333.800221427144 3640.498385061461 -8332.981352160006 -2470.157535692751
 7526.560071716158 2197.272475059137 -5578.189607286911 7869.924602991239
 -37395.73088372588 34928.63520349684 12882.28031130224 28723.14577167368
 37670.03823851624 12779.92266650942 26364.34678831049 -5780.778064944116
 6578.308467050072 -7455.179293266177 -2641.327490118966 3562.587425725307
 -1204.995312921425 -57.4931712974485 892.2720204209272 238.4268909279763
 7025.636582242681 -6813.101883949923 6705.931551415833 -6721.261610489159
 -3411.818931476058 9525.704369935913 -8035.390816012626 2045.35685342855
 8993.010455648538 2690.157877668638 -9228.937008420005 -2325.912403897282
 -6741.763953571339 9765.979069156903 29011.3229478938 -3581.531275984184
 5361.222130775774 -9121.304074494727 7073.678430104232 -3224.1967778833
 -3411.818931476058 9525.704369935913 -8035.390816012626 2045.35685342855
 6578.308467050072 -7455.179293266177 -2641.327490118966 3562.587425725307
 6578.308467050072 -7455.179293266177 -2641.327490118966 3562.587425725307
 7600.029762168499 3494.768645218099 5753.580890122217 -6332.535051453582
 664.2655928088698 -44477.57318017865 7860.574531257146 5307.938950379216
 6578.308467050072 -7455.179293266177 -2641.327490118966 3562.587425725307
 -2068.880820298436 4007.236707574444 6595.271184972498 -6749.300416693275
 -4472.301145320605 -41543.09422041666 -19522.82982548346 2245.119764254931
 -20350.85701440943 38879.89336572158 -6247.991230294272 -31449.4176161785
 23269.80883294149 -21086.00858670197 -4196.067955567665 6718.226809125857
 -1204.995312921425 -57.4931712974485 892.2720204209272 238.4268909279763
 16978.62313893764 -935.6762639942879 7832.854848095583 3596.31866435478
 6578.308467050072 -7455.179293266177 -2641.327490118966 3562.587425725307
 23026.83356998643 -9787.940571822081 -26295.01485109741 12144.34469961236
 6578.308467050072 -7455.179293266177 -2641.327490118966 3562.587425725307
 22593.84758229772 7101.249193144382 9485.495845255635 -2382.781606528497
 9992.87610355622 5565.330687253387 -9185.95670017757 -6400.645024325235
 6578.308467050072 -7455.179293266177 -2641.327490118966 3562.587425725307
 6578.308467050072 -7455.179293266177 -2641.327490118966 3562.587425725307
 6578.308467050072 -7455.179293266177 -2641.327490118966 3562.587425725307
 6578.308467050072 -7455.179293266177 -2641.327490118966 3562.587425725307
 41059.3079051712 15127.11795513531 -179.32677892839 14127.56821108398
 6578.308467050072 -7455.179293266177 -2641.327490118966 3562.587425725307
 6578.308467050072 -7455.179293266177 -2641.327490118966 3562.587425725307
 40249.62334717071 -34910.69851484298 -24007.31671475931 -50433.16776819268
 -27949.86542772578 22288.97014186398 -10644.94356441538 -19394.08434897268
 6578.308467050072 -7455.179293266177 -2641.327490118966 3562.587425725307
 40249.62334717071 -34910.69851484298 -24007.31671475931 -50433.16776819268
 8993.010455648538 2690.157877668638 -9228.937008420005 -2325.912403897282
 8755.490945311534 11800.03554388467 4980.532731829016 3531.753550523656
 18127.32279475233 -14988.86156701679 -14.98365387415834 -5868.220569751591
 6578.308467050072 -7455.179293266177 -2641.327490118966 3562.587425725307
 5259.917279923542 -2298.678120529022 4367.256886652985 9454.291177768861
 3580.170491897781 1383.593804258218 -696.8373569736668 -2189.724598104911
 6578.308467050072 -7455.179293266177 -2641.327490118966 3562.587425725307
 6650.004681782874 -25563.86475872809 -13974.53493486378 17207.6380546436
 6578.308467050072 -7455.179293266177 -2641.327490118966 3562.587425725307
 6578.308467050072 -7455.179293266177 -2641.327490118966 3562.587425725307
 6578.308467050072 -7455.179293266177 -2641.327490118966 3562.587425725307
 23135.82816023419 5456.090912169241 -16944.10541800701 7677.317408012368
 3985.366146921366 -1080.857434505237 -1248.500431248169 830.4033600086841
 6578.308467050072 -7455.179293266177 -2641.327490118966 3562.587425725307
 6578.308467050072 -7455.179293266177 -2641.327490118966 3562.587425725307
 28713.62832072418 45586.69225603958 -22418.89511210237 37083.19547692889
 6578.308467050072 -7455.179293266177 -2641.327490118966 3562.587425725307
 6578.308467050072 -7455.179293266177 -2641.327490118966 3562.587425725307
 6578.308467050072 -7455.179293266177 -2641.327490118966 3562.587425725307
 -4956.321186344702 -1113.80149904483 3987.109318387018 2032.163084530512
 6578.308467050072 -7455.179293266177 -2641.327490118966 3562.587425725307
 6578.308467050072 -7455.179293266177 -2641.327490118966 3562.587425725307
 1867.267680100504 9597.118425065732 7978.603102396086 -6820.306053481143
 9992.87610355622 5565.330687253387 -9185.95670017757 -6400.645024325235
 6578.308467050072 -7455.179293266177 -2641.327490118966 3562.587425725307
 8635.367824146357 2954.679814811141 -3249.935043442028 -8460.958957023406
 9601.371260991185 -4061.342868705141 3464.342477403159 -8890.44202215272
 6578.308467050072 -7455.179293266177 -2641.327490118966 3562.587425725307
 2784.259048789458 2053.786974506307 -9382.115080189596 5378.890575605974
 6578.308467050072 -7455.179293266177 -2641.327490118966 3562.587425725307
 21288.13012473263 -5617.169900973618 9893.302455980709 5460.252963882546
