# Created by Octave 4.2.1, Mon Oct 09 19:47:27 2017 BRT <root@mosqueiro>
# name: pop
# type: matrix
# rows: 1000
# columns: 4
 -4992.598528051896 -3008.366981801299 6415.896530081 1585.058856400466
 -4992.598528051896 -3008.366981801299 6415.896530081 1585.058856400466
 -4992.598528051896 -3008.366981801299 6415.896530081 1585.058856400466
 -4992.598528051896 -3008.366981801299 6415.896530081 1585.058856400466
 -4992.598528051896 -3008.366981801299 6415.896530081 1585.058856400466
 -4992.598528051896 -3008.366981801299 6415.896530081 1585.058856400466
 110.9477354729033 -5760.839526110277 16409.07942113244 -9850.020147586287
 -4992.598528051896 -3008.366981801299 6415.896530081 1585.058856400466
 -4683.976223116503 -3444.193446660856 6292.816141308364 1102.564356593728
 -2639.472985140584 -3812.067440325205 -549.1900288132856 7001.187050759279
 -5610.714143603664 -2499.819040268651 6573.433835496385 2142.739433670111
 -2639.472985140584 -3812.067440325205 -549.1900288132856 7001.187050759279
 -4992.598528051896 -3008.366981801299 6415.896530081 1585.058856400466
 -4992.598528051896 -3008.366981801299 6415.896530081 1585.058856400466
 -4729.835189082705 -3545.932195432511 7265.797659162194 1496.608494427347
 -5058.791191213885 -2934.217109756961 6649.411147878343 1510.686006532854
 -2639.472985140584 -3812.067440325205 -549.1900288132856 7001.187050759279
 -4992.598528051896 -3008.366981801299 6415.896530081 1585.058856400466
 -3145.245631626732 -4443.234258054051 -584.12679029456 7335.536188315882
 -4992.598528051896 -3008.366981801299 6415.896530081 1585.058856400466
 -4992.598528051896 -3008.366981801299 6415.896530081 1585.058856400466
 -3548.526101155702 -4420.497121109599 1428.007338486653 7104.089225563028
 -4992.598528051896 -3008.366981801299 6415.896530081 1585.058856400466
 -4992.598528051896 -3008.366981801299 6415.896530081 1585.058856400466
 -4992.598528051896 -3008.366981801299 6415.896530081 1585.058856400466
 -4992.598528051896 -3008.366981801299 6415.896530081 1585.058856400466
 269.4385732297023 25159.11691597212 -1786.13894444612 18065.45950154398
 -4992.598528051896 -3008.366981801299 6415.896530081 1585.058856400466
 -4992.598528051896 -3008.366981801299 6415.896530081 1585.058856400466
 -2639.472985140584 -3812.067440325205 -549.1900288132856 7001.187050759279
 -4992.598528051896 -3008.366981801299 6415.896530081 1585.058856400466
 -4992.598528051896 -3008.366981801299 6415.896530081 1585.058856400466
 -4992.598528051896 -3008.366981801299 6415.896530081 1585.058856400466
 -4992.598528051896 -3008.366981801299 6415.896530081 1585.058856400466
 -4992.598528051896 -3008.366981801299 6415.896530081 1585.058856400466
 -4992.598528051896 -3008.366981801299 6415.896530081 1585.058856400466
 -4992.598528051896 -3008.366981801299 6415.896530081 1585.058856400466
 -2639.472985140584 -3812.067440325205 -549.1900288132856 7001.187050759279
 -5303.490644915727 18915.08946316661 -7899.076834251191 -5514.756616243108
 -4992.598528051896 -3008.366981801299 6415.896530081 1585.058856400466
 -2958.99482511358 -4018.116616598677 -1064.936318458997 6971.910530530819
 -5303.490644915727 18915.08946316661 -7899.076834251191 -5514.756616243108
 -4992.598528051896 -3008.366981801299 6415.896530081 1585.058856400466
 -4992.598528051896 -3008.366981801299 6415.896530081 1585.058856400466
 -4992.598528051896 -3008.366981801299 6415.896530081 1585.058856400466
 -4992.598528051896 -3008.366981801299 6415.896530081 1585.058856400466
 -4992.598528051896 -3008.366981801299 6415.896530081 1585.058856400466
 -4992.598528051896 -3008.366981801299 6415.896530081 1585.058856400466
 -4992.598528051896 -3008.366981801299 6415.896530081 1585.058856400466
 -238.5987224892701 -3164.504578538581 -277.4471328501301 7877.784129402828
 -2639.472985140584 -3812.067440325205 -549.1900288132856 7001.187050759279
 -4992.598528051896 -3008.366981801299 6415.896530081 1585.058856400466
 -4992.598528051896 -3008.366981801299 6415.896530081 1585.058856400466
 -4992.598528051896 -3008.366981801299 6415.896530081 1585.058856400466
 -4992.598528051896 -3008.366981801299 6415.896530081 1585.058856400466
 -4992.598528051896 -3008.366981801299 6415.896530081 1585.058856400466
 -4992.598528051896 -3008.366981801299 6415.896530081 1585.058856400466
 -3888.794436041111 -2218.963585806136 7670.530074005666 822.2241072178051
 -4992.598528051896 -3008.366981801299 6415.896530081 1585.058856400466
 -4992.598528051896 -3008.366981801299 6415.896530081 1585.058856400466
 -2639.472985140584 -3812.067440325205 -549.1900288132856 7001.187050759279
 -4992.598528051896 -3008.366981801299 6415.896530081 1585.058856400466
 -4992.598528051896 -3008.366981801299 6415.896530081 1585.058856400466
 -5120.604364730326 -3257.621404072339 6658.418389712189 1215.317715694038
 -4842.184238470875 -3006.718113853385 6659.403101364718 1456.440768330376
 -4992.598528051896 -3008.366981801299 6415.896530081 1585.058856400466
 -4775.007482848686 -2825.237045156547 6612.344130097353 1218.514357389241
 -4992.598528051896 -3008.366981801299 6415.896530081 1585.058856400466
 -3697.295973030093 -4385.566918835705 1919.739299314062 7316.738135717986
 -4992.598528051896 -3008.366981801299 6415.896530081 1585.058856400466
 -4992.598528051896 -3008.366981801299 6415.896530081 1585.058856400466
 -2658.67431649157 -4617.401463015346 1370.066078172145 5907.975190800642
 -4992.598528051896 -3008.366981801299 6415.896530081 1585.058856400466
 -5079.416556997653 -5383.865749549012 7989.406320151929 1813.433518395379
 -2639.472985140584 -3812.067440325205 -549.1900288132856 7001.187050759279
 -2639.472985140584 -3812.067440325205 -549.1900288132856 7001.187050759279
 -2639.472985140584 -3812.067440325205 -549.1900288132856 7001.187050759279
 -4992.598528051896 -3008.366981801299 6415.896530081 1585.058856400466
 -4602.337781575864 -3242.116328885642 6239.086707395213 1517.339310307334
 -2639.472985140584 -3812.067440325205 -549.1900288132856 7001.187050759279
 -4992.598528051896 -3008.366981801299 6415.896530081 1585.058856400466
 -2639.472985140584 -3812.067440325205 -549.1900288132856 7001.187050759279
 -5312.244654904163 -2436.171609771829 6405.780364804487 1482.842090201058
 -5551.871005666384 -3064.182974433112 6675.828898542136 1634.080104118123
 -4992.598528051896 -3008.366981801299 6415.896530081 1585.058856400466
 -2639.472985140584 -3812.067440325205 -549.1900288132856 7001.187050759279
 -4992.598528051896 -3008.366981801299 6415.896530081 1585.058856400466
 -4992.598528051896 -3008.366981801299 6415.896530081 1585.058856400466
 -4992.598528051896 -3008.366981801299 6415.896530081 1585.058856400466
 -4992.598528051896 -3008.366981801299 6415.896530081 1585.058856400466
 -2639.472985140584 -3812.067440325205 -549.1900288132856 7001.187050759279
 -2639.472985140584 -3812.067440325205 -549.1900288132856 7001.187050759279
 -4992.598528051896 -3008.366981801299 6415.896530081 1585.058856400466
 -4929.509486273317 -2997.861190836006 6775.145175165805 1203.134155580554
 -4862.520512468285 -3218.167162118121 6435.68137374788 2030.846148093535
 -4992.598528051896 -3008.366981801299 6415.896530081 1585.058856400466
 -4992.598528051896 -3008.366981801299 6415.896530081 1585.058856400466
 -4992.598528051896 -3008.366981801299 6415.896530081 1585.058856400466
 -4992.598528051896 -3008.366981801299 6415.896530081 1585.058856400466
 -2639.472985140584 -3812.067440325205 -549.1900288132856 7001.187050759279
 -1274.272059361415 -1153.722484463551 -4298.936429128278 5492.578836015156
 -4992.598528051896 -3008.366981801299 6415.896530081 1585.058856400466
 -9573.086426716052 -7562.804900265401 348.6711017169546 -119.8378404567377
 -4992.598528051896 -3008.366981801299 6415.896530081 1585.058856400466
 -2688.324680971897 -3182.843178386953 -1162.140944689039 7963.081066071992
 -4992.598528051896 -3008.366981801299 6415.896530081 1585.058856400466
 -4992.598528051896 -3008.366981801299 6415.896530081 1585.058856400466
