# Created by Octave 4.2.1, Mon Oct 09 19:18:20 2017 BRT <root@mosqueiro>
# name: pop
# type: matrix
# rows: 1000
# columns: 4
 -7169.826561157347 9244.889888163483 9008.084035636477 -11084.17672481621
 -7103.37826922589 9259.436396609883 9205.894624406897 -11361.23503793489
 -7991.742986580851 9533.076291205038 8633.950150833352 -10170.4998353404
 -7991.742986580851 9533.076291205038 8633.950150833352 -10170.4998353404
 -7991.742986580851 9533.076291205038 8633.950150833352 -10170.4998353404
 -7148.103312701941 9110.658303641747 9020.659766140016 -10968.80655961632
 -7148.103312701941 9110.658303641747 9020.659766140016 -10968.80655961632
 -7550.994568967475 9422.043339869355 8908.925889460448 -10742.73349019874
 -7550.994568967475 9422.043339869355 8908.925889460448 -10742.73349019874
 -7148.103312701941 9110.658303641747 9020.659766140016 -10968.80655961632
 -7148.103312701941 9110.658303641747 9020.659766140016 -10968.80655961632
 -7169.826561157347 9244.889888163483 9008.084035636477 -11084.17672481621
 -8446.14850203851 10829.69811843335 8406.620582856598 -10763.06141528963
 -7296.646442551007 9059.622814112066 8178.58070040291 -10496.06364893912
 -8421.019129482293 10501.41336096712 8570.920293701953 -10633.86916672773
 -7550.994568967475 9422.043339869355 8908.925889460448 -10742.73349019874
 -8421.019129482293 10501.41336096712 8570.920293701953 -10633.86916672773
 -7550.994568967475 9422.043339869355 8908.925889460448 -10742.73349019874
 -7550.994568967475 9422.043339869355 8908.925889460448 -10742.73349019874
 -7576.945460218754 9595.11357061749 9046.649150180452 -10702.03779646044
 26.53414083667712 9989.24019532391 24430.38827227195 1797.0817603317
 -7148.103312701941 9110.658303641747 9020.659766140016 -10968.80655961632
 -7148.103312701941 9110.658303641747 9020.659766140016 -10968.80655961632
 -7991.742986580851 9533.076291205038 8633.950150833352 -10170.4998353404
 -7652.654184269386 9234.090456908356 8958.698419339224 -10872.07861725157
 -7550.994568967475 9422.043339869355 8908.925889460448 -10742.73349019874
 -7264.959614120835 8986.806481592823 9851.086431939711 -10750.0466897635
 -7148.103312701941 9110.658303641747 9020.659766140016 -10968.80655961632
 -7562.350851831218 9218.641693299604 9203.421178424363 -10285.85022636725
 -7148.103312701941 9110.658303641747 9020.659766140016 -10968.80655961632
 -15226.43253197937 17338.91185364109 10865.63806468306 -10289.97755384101
 -7206.5788196576 9356.758435538695 8928.876277309568 -10291.99228468512
 -7148.103312701941 9110.658303641747 9020.659766140016 -10968.80655961632
 -7148.103312701941 9110.658303641747 9020.659766140016 -10968.80655961632
 -7550.994568967475 9422.043339869355 8908.925889460448 -10742.73349019874
 -8434.582651231616 10517.00417347172 8338.420814836203 -10401.80603723388
 -7148.103312701941 9110.658303641747 9020.659766140016 -10968.80655961632
 -7991.742986580851 9533.076291205038 8633.950150833352 -10170.4998353404
 -7148.103312701941 9110.658303641747 9020.659766140016 -10968.80655961632
 -7513.113044184573 9072.612057482802 8664.8994707456 -11062.64980220322
 -7148.103312701941 9110.658303641747 9020.659766140016 -10968.80655961632
 -7550.994568967475 9422.043339869355 8908.925889460448 -10742.73349019874
 -7148.103312701941 9110.658303641747 9020.659766140016 -10968.80655961632
 -7550.994568967475 9422.043339869355 8908.925889460448 -10742.73349019874
 -7169.826561157347 9244.889888163483 9008.084035636477 -11084.17672481621
 -7008.708167728284 9189.241301001222 8779.125122003279 -10947.97686395728
 -7991.742986580851 9533.076291205038 8633.950150833352 -10170.4998353404
 -7991.742986580851 9533.076291205038 8633.950150833352 -10170.4998353404
 -7148.103312701941 9110.658303641747 9020.659766140016 -10968.80655961632
 -7912.589184264074 9217.214078702593 8889.47026443836 -10401.21916233153
 6314.338607523786 -7251.670698104212 -2611.777071422861 3508.819637514191
 -7148.103312701941 9110.658303641747 9020.659766140016 -10968.80655961632
 -7550.994568967475 9422.043339869355 8908.925889460448 -10742.73349019874
 -7052.943606664227 9628.158865613525 8758.593498126113 -10694.80215883413
 -8421.019129482293 10501.41336096712 8570.920293701953 -10633.86916672773
 -7148.103312701941 9110.658303641747 9020.659766140016 -10968.80655961632
 -8468.931266978838 10314.69367883781 8608.414792734371 -10701.90781092195
 -7550.994568967475 9422.043339869355 8908.925889460448 -10742.73349019874
 -7148.103312701941 9110.658303641747 9020.659766140016 -10968.80655961632
 -7550.994568967475 9422.043339869355 8908.925889460448 -10742.73349019874
 -7505.265697874308 9422.608888673052 9192.130323313855 -11045.47992861724
 -7550.994568967475 9422.043339869355 8908.925889460448 -10742.73349019874
 -8135.81199443099 9888.09100179871 8959.583916917296 -10308.32572171866
 -7040.781662710683 9324.423233001749 8918.451577026308 -10979.5616597249
 -7148.103312701941 9110.658303641747 9020.659766140016 -10968.80655961632
 -7148.103312701941 9110.658303641747 9020.659766140016 -10968.80655961632
 -7148.103312701941 9110.658303641747 9020.659766140016 -10968.80655961632
 -7550.994568967475 9422.043339869355 8908.925889460448 -10742.73349019874
 -7103.37826922589 9259.436396609883 9205.894624406897 -11361.23503793489
 -7550.994568967475 9422.043339869355 8908.925889460448 -10742.73349019874
 -7550.994568967475 9422.043339869355 8908.925889460448 -10742.73349019874
 -7148.103312701941 9110.658303641747 9020.659766140016 -10968.80655961632
 -7550.994568967475 9422.043339869355 8908.925889460448 -10742.73349019874
 -7991.742986580851 9533.076291205038 8633.950150833352 -10170.4998353404
 -8421.019129482293 10501.41336096712 8570.920293701953 -10633.86916672773
 -7148.103312701941 9110.658303641747 9020.659766140016 -10968.80655961632
 -6337.06014326361 10106.89845199756 8049.498365264255 -11756.23380994281
 -4904.200810665388 11448.71398027287 7894.539063283843 -7559.748183950124
 -7342.629716061738 9532.573603719995 8899.876357861263 -10759.18993113049
 -7991.742986580851 9533.076291205038 8633.950150833352 -10170.4998353404
 -7550.994568967475 9422.043339869355 8908.925889460448 -10742.73349019874
 -7148.103312701941 9110.658303641747 9020.659766140016 -10968.80655961632
 -7550.994568967475 9422.043339869355 8908.925889460448 -10742.73349019874
 -7550.994568967475 9422.043339869355 8908.925889460448 -10742.73349019874
 -7550.994568967475 9422.043339869355 8908.925889460448 -10742.73349019874
 -7148.103312701941 9110.658303641747 9020.659766140016 -10968.80655961632
 -7550.994568967475 9422.043339869355 8908.925889460448 -10742.73349019874
 -2442.182254804591 14509.56370155352 7947.374065358444 -11993.66949424839
 -7991.742986580851 9533.076291205038 8633.950150833352 -10170.4998353404
 -7254.701291347368 9950.372044992597 8497.318346344569 -11186.41076683172
 -7148.103312701941 9110.658303641747 9020.659766140016 -10968.80655961632
 -7550.994568967475 9422.043339869355 8908.925889460448 -10742.73349019874
 -7140.319721187299 9087.019878644196 9129.847592420629 -10974.94165709498
 -7550.994568967475 9422.043339869355 8908.925889460448 -10742.73349019874
 -6769.797021129458 9626.155848843411 9086.248635986936 -10822.53155217788
 -7550.994568967475 9422.043339869355 8908.925889460448 -10742.73349019874
 -8421.019129482293 10501.41336096712 8570.920293701953 -10633.86916672773
 -7550.994568967475 9422.043339869355 8908.925889460448 -10742.73349019874
 -7550.994568967475 9422.043339869355 8908.925889460448 -10742.73349019874
 -7550.994568967475 9422.043339869355 8908.925889460448 -10742.73349019874
 -7490.410146697391 9215.980631502833 8781.873224223607 -10776.23133734811
 -7991.742986580851 9533.076291205038 8633.950150833352 -10170.4998353404
 -7550.994568967475 9422.043339869355 8908.925889460448 -10742.73349019874
 -8421.019129482293 10501.41336096712 8570.920293701953 -10633.86916672773
 -7489.817435270885 8621.207192801521 9238.945112674754 -10070.36163451862
