# Created by Octave 4.2.1, Mon Oct 09 19:45:51 2017 BRT <root@mosqueiro>
# name: pop
# type: matrix
# rows: 1000
# columns: 4
 -4992.598528051896 -3008.366981801299 6415.896530081 1585.058856400466
 -4992.598528051896 -3008.366981801299 6415.896530081 1585.058856400466
 -4992.598528051896 -3008.366981801299 6415.896530081 1585.058856400466
 -4992.598528051896 -3008.366981801299 6415.896530081 1585.058856400466
 -4992.598528051896 -3008.366981801299 6415.896530081 1585.058856400466
 -4992.598528051896 -3008.366981801299 6415.896530081 1585.058856400466
 -3438.429304416245 -4285.370840322306 7539.276091081168 10460.98846970198
 -283.2599248743836 -2496.180188702043 -841.7298782136437 4225.632947861736
 -2639.472985140584 -3812.067440325205 -549.1900288132856 7001.187050759279
 -2639.472985140584 -3812.067440325205 -549.1900288132856 7001.187050759279
 -2639.472985140584 -3812.067440325205 -549.1900288132856 7001.187050759279
 9407.72868249664 452.0672968159483 20260.59719059147 7293.314245627362
 -2639.472985140584 -3812.067440325205 -549.1900288132856 7001.187050759279
 -2639.472985140584 -3812.067440325205 -549.1900288132856 7001.187050759279
 -2639.472985140584 -3812.067440325205 -549.1900288132856 7001.187050759279
 -2639.472985140584 -3812.067440325205 -549.1900288132856 7001.187050759279
 -2639.472985140584 -3812.067440325205 -549.1900288132856 7001.187050759279
 -3438.429304416245 -4285.370840322306 7539.276091081168 10460.98846970198
 212.233102888672 15941.65638447424 9075.989759406719 -6701.795269820329
 -2639.472985140584 -3812.067440325205 -549.1900288132856 7001.187050759279
 -2639.472985140584 -3812.067440325205 -549.1900288132856 7001.187050759279
 -2639.472985140584 -3812.067440325205 -549.1900288132856 7001.187050759279
 -2639.472985140584 -3812.067440325205 -549.1900288132856 7001.187050759279
 -2639.472985140584 -3812.067440325205 -549.1900288132856 7001.187050759279
 -4992.598528051896 -3008.366981801299 6415.896530081 1585.058856400466
 -611.8822472098936 -10105.29842982601 -7688.862688614094 10799.82985912321
 4133.955717349718 810.4573490292505 17296.54427968556 9949.875628455031
 -2639.472985140584 -3812.067440325205 -549.1900288132856 7001.187050759279
 -2639.472985140584 -3812.067440325205 -549.1900288132856 7001.187050759279
 -12994.06673919701 -39621.68671444358 -5468.929206198687 37548.20813743069
 -2639.472985140584 -3812.067440325205 -549.1900288132856 7001.187050759279
 -2639.472985140584 -3812.067440325205 -549.1900288132856 7001.187050759279
 -2639.472985140584 -3812.067440325205 -549.1900288132856 7001.187050759279
 -2639.472985140584 -3812.067440325205 -549.1900288132856 7001.187050759279
 269.4385732297023 25159.11691597212 -1786.13894444612 18065.45950154398
 -2639.472985140584 -3812.067440325205 -549.1900288132856 7001.187050759279
 -2639.472985140584 -3812.067440325205 -549.1900288132856 7001.187050759279
 430.7098790332857 -740.3961394118592 -4308.808524283113 4897.782050152969
 -10160.28450008512 -2280.164704597465 5181.860254557103 4893.385888034796
 -6897.886782208701 2479.474061501921 8407.036950496553 15296.92837370599
 -2639.472985140584 -3812.067440325205 -549.1900288132856 7001.187050759279
 -2639.472985140584 -3812.067440325205 -549.1900288132856 7001.187050759279
 -2639.472985140584 -3812.067440325205 -549.1900288132856 7001.187050759279
 -4992.598528051896 -3008.366981801299 6415.896530081 1585.058856400466
 -2639.472985140584 -3812.067440325205 -549.1900288132856 7001.187050759279
 -6705.374523786553 -2866.034494776317 -2661.678113638346 8544.020450176893
 -2688.684481291031 -11148.58930503582 -1771.470890739787 23698.34664368428
 -2639.472985140584 -3812.067440325205 -549.1900288132856 7001.187050759279
 -2639.472985140584 -3812.067440325205 -549.1900288132856 7001.187050759279
 -99.49586596749259 -3107.539368709626 -1025.4642814493 5114.77362192691
 -2639.472985140584 -3812.067440325205 -549.1900288132856 7001.187050759279
 -2639.472985140584 -3812.067440325205 -549.1900288132856 7001.187050759279
 -2639.472985140584 -3812.067440325205 -549.1900288132856 7001.187050759279
 3483.321656719848 -9549.616901529213 -12685.64518331044 7760.331316864352
 -2639.472985140584 -3812.067440325205 -549.1900288132856 7001.187050759279
 -2639.472985140584 -3812.067440325205 -549.1900288132856 7001.187050759279
 -2639.472985140584 -3812.067440325205 -549.1900288132856 7001.187050759279
 -2639.472985140584 -3812.067440325205 -549.1900288132856 7001.187050759279
 -2639.472985140584 -3812.067440325205 -549.1900288132856 7001.187050759279
 2924.522836826525 55669.73950332088 -31517.46583868669 -13594.25121022203
 -5771.484462941953 -3729.981818986939 2258.962178379961 7296.365517435287
 -2639.472985140584 -3812.067440325205 -549.1900288132856 7001.187050759279
 -2639.472985140584 -3812.067440325205 -549.1900288132856 7001.187050759279
 -1357.225778894478 -42.79495042929693 274.0393050185394 7298.393107001642
 -2428.214272831216 -4956.065748594794 6351.55573964574 8622.492837391064
 -2639.472985140584 -3812.067440325205 -549.1900288132856 7001.187050759279
 7290.281752363568 2318.822805390386 -8982.426103611982 1295.734890748669
 -2639.472985140584 -3812.067440325205 -549.1900288132856 7001.187050759279
 -4293.851893083363 11811.3902570838 8023.257121947403 6802.163435992844
 -2201.735772117478 -6479.182104259135 -5724.374820239943 7405.252500783478
 -3250.74139413509 -20179.13653908815 4444.276597075501 6249.164504502155
 3591.410680830154 -6325.125084676194 763.8413121918211 6007.105053650166
 -2639.472985140584 -3812.067440325205 -549.1900288132856 7001.187050759279
 -5771.484462941953 -3729.981818986939 2258.962178379961 7296.365517435287
 -4992.598528051896 -3008.366981801299 6415.896530081 1585.058856400466
 -2639.472985140584 -3812.067440325205 -549.1900288132856 7001.187050759279
 -2639.472985140584 -3812.067440325205 -549.1900288132856 7001.187050759279
 -2639.472985140584 -3812.067440325205 -549.1900288132856 7001.187050759279
 -9720.388965232094 372.8339316118827 -3087.870338950063 22233.57110800416
 -2688.684481291031 -11148.58930503582 -1771.470890739787 23698.34664368428
 -2639.472985140584 -3812.067440325205 -549.1900288132856 7001.187050759279
 -2639.472985140584 -3812.067440325205 -549.1900288132856 7001.187050759279
 -2639.472985140584 -3812.067440325205 -549.1900288132856 7001.187050759279
 -3808.650568520181 -12610.17767194399 -11255.08742868706 9049.220782447668
 -2639.472985140584 -3812.067440325205 -549.1900288132856 7001.187050759279
 6011.564201570685 -6690.416572335055 7134.433577894742 -5949.069044581653
 -2639.472985140584 -3812.067440325205 -549.1900288132856 7001.187050759279
 -2639.472985140584 -3812.067440325205 -549.1900288132856 7001.187050759279
 -2639.472985140584 -3812.067440325205 -549.1900288132856 7001.187050759279
 -5616.787727283408 -6829.293476487232 3421.665639927092 7410.963596869408
 -2639.472985140584 -3812.067440325205 -549.1900288132856 7001.187050759279
 -1504.824528179767 398.5495895046288 -1442.517071919662 3136.061126652861
 -2639.472985140584 -3812.067440325205 -549.1900288132856 7001.187050759279
 -2639.472985140584 -3812.067440325205 -549.1900288132856 7001.187050759279
 -918.575612861524 -2430.852071456502 -6572.182962807214 2218.524342603249
 -2639.472985140584 -3812.067440325205 -549.1900288132856 7001.187050759279
 -2639.472985140584 -3812.067440325205 -549.1900288132856 7001.187050759279
 -4992.598528051896 -3008.366981801299 6415.896530081 1585.058856400466
 -9674.781617962986 -1887.019418600486 7762.62362566659 328.194742442518
 -2639.472985140584 -3812.067440325205 -549.1900288132856 7001.187050759279
 -4992.598528051896 -3008.366981801299 6415.896530081 1585.058856400466
 -2639.472985140584 -3812.067440325205 -549.1900288132856 7001.187050759279
 -6610.807662010931 -6820.788873792842 -7873.678683812143 5483.177402744628
 -2639.472985140584 -3812.067440325205 -549.1900288132856 7001.187050759279
