# Created by Octave 4.2.1, Mon Oct 09 19:35:41 2017 BRT <root@mosqueiro>
# name: pop
# type: matrix
# rows: 1000
# columns: 4
 -7388.118906136311 -1280.759136014043 4066.935166573163 4616.641127117166
 -7388.118906136311 -1280.759136014043 4066.935166573163 4616.641127117166
 -7388.118906136311 -1280.759136014043 4066.935166573163 4616.641127117166
 -7388.118906136311 -1280.759136014043 4066.935166573163 4616.641127117166
 -7388.118906136311 -1280.759136014043 4066.935166573163 4616.641127117166
 -7121.062248346288 1116.964496157922 7697.958869156916 6826.779458731527
 -7388.118906136311 -1280.759136014043 4066.935166573163 4616.641127117166
 -7388.118906136311 -1280.759136014043 4066.935166573163 4616.641127117166
 -7388.118906136311 -1280.759136014043 4066.935166573163 4616.641127117166
 -7388.118906136311 -1280.759136014043 4066.935166573163 4616.641127117166
 -7388.118906136311 -1280.759136014043 4066.935166573163 4616.641127117166
 -7388.118906136311 -1280.759136014043 4066.935166573163 4616.641127117166
 -7388.118906136311 -1280.759136014043 4066.935166573163 4616.641127117166
 -5459.062570720818 561.9236931142534 2146.564642888592 975.1028941536392
 -7388.118906136311 -1280.759136014043 4066.935166573163 4616.641127117166
 -7388.118906136311 -1280.759136014043 4066.935166573163 4616.641127117166
 -7388.118906136311 -1280.759136014043 4066.935166573163 4616.641127117166
 -6038.461975705558 -1939.35918430212 4340.22263737818 23183.42952520509
 -7388.118906136311 -1280.759136014043 4066.935166573163 4616.641127117166
 -7388.118906136311 -1280.759136014043 4066.935166573163 4616.641127117166
 -3013.090964472649 5445.472117104493 9997.592410729812 2665.389150858849
 -7388.118906136311 -1280.759136014043 4066.935166573163 4616.641127117166
 -343.2669203593105 -808.9428225752908 8363.420463602402 8233.201777321818
 -7388.118906136311 -1280.759136014043 4066.935166573163 4616.641127117166
 -7388.118906136311 -1280.759136014043 4066.935166573163 4616.641127117166
 -7388.118906136311 -1280.759136014043 4066.935166573163 4616.641127117166
 -7388.118906136311 -1280.759136014043 4066.935166573163 4616.641127117166
 -4380.751703343847 -2756.067226207449 11196.21174591976 4182.820417738907
 -7388.118906136311 -1280.759136014043 4066.935166573163 4616.641127117166
 -7388.118906136311 -1280.759136014043 4066.935166573163 4616.641127117166
 8647.853734023192 -5863.481407795722 4927.626498868862 -7671.9267587524
 -7388.118906136311 -1280.759136014043 4066.935166573163 4616.641127117166
 -7388.118906136311 -1280.759136014043 4066.935166573163 4616.641127117166
 -7388.118906136311 -1280.759136014043 4066.935166573163 4616.641127117166
 -7388.118906136311 -1280.759136014043 4066.935166573163 4616.641127117166
 -7388.118906136311 -1280.759136014043 4066.935166573163 4616.641127117166
 -7388.118906136311 -1280.759136014043 4066.935166573163 4616.641127117166
 -7388.118906136311 -1280.759136014043 4066.935166573163 4616.641127117166
 -7388.118906136311 -1280.759136014043 4066.935166573163 4616.641127117166
 -7388.118906136311 -1280.759136014043 4066.935166573163 4616.641127117166
 -1260.081298919818 26569.50454422279 11822.31562550558 21891.77203449884
 -7388.118906136311 -1280.759136014043 4066.935166573163 4616.641127117166
 -7388.118906136311 -1280.759136014043 4066.935166573163 4616.641127117166
 -7388.118906136311 -1280.759136014043 4066.935166573163 4616.641127117166
 -3589.607744474955 -2143.455281894344 20781.39453359952 3304.052490272416
 2279.746404306015 1008.249824427271 3091.000347088088 2127.154890017956
 -7388.118906136311 -1280.759136014043 4066.935166573163 4616.641127117166
 -9216.717029050857 408.1325492110982 4950.543327411203 7801.599616194369
 -7388.118906136311 -1280.759136014043 4066.935166573163 4616.641127117166
 -8982.976016982011 -1134.538874630645 1532.273889468358 -35.16693658268377
 -7388.118906136311 -1280.759136014043 4066.935166573163 4616.641127117166
 -7388.118906136311 -1280.759136014043 4066.935166573163 4616.641127117166
 -7388.118906136311 -1280.759136014043 4066.935166573163 4616.641127117166
 -7388.118906136311 -1280.759136014043 4066.935166573163 4616.641127117166
 -7388.118906136311 -1280.759136014043 4066.935166573163 4616.641127117166
 -7388.118906136311 -1280.759136014043 4066.935166573163 4616.641127117166
 -7388.118906136311 -1280.759136014043 4066.935166573163 4616.641127117166
 -7388.118906136311 -1280.759136014043 4066.935166573163 4616.641127117166
 -7388.118906136311 -1280.759136014043 4066.935166573163 4616.641127117166
 -7388.118906136311 -1280.759136014043 4066.935166573163 4616.641127117166
 8647.853734023192 -5863.481407795722 4927.626498868862 -7671.9267587524
 -7388.118906136311 -1280.759136014043 4066.935166573163 4616.641127117166
 -7388.118906136311 -1280.759136014043 4066.935166573163 4616.641127117166
 -7388.118906136311 -1280.759136014043 4066.935166573163 4616.641127117166
 -7388.118906136311 -1280.759136014043 4066.935166573163 4616.641127117166
 -7388.118906136311 -1280.759136014043 4066.935166573163 4616.641127117166
 -7388.118906136311 -1280.759136014043 4066.935166573163 4616.641127117166
 -7388.118906136311 -1280.759136014043 4066.935166573163 4616.641127117166
 -7388.118906136311 -1280.759136014043 4066.935166573163 4616.641127117166
 -8904.471180973444 -2717.869906455498 7375.30513442602 3350.885247369504
 -12955.74777783222 -1601.386537731281 4030.126439293346 7140.241562672993
 -1708.085595088577 4945.860472587122 8013.252466402305 4394.691457776898
 -1517.024878115157 8583.075442507417 671.077025190893 7829.845421132552
 -7388.118906136311 -1280.759136014043 4066.935166573163 4616.641127117166
 -8160.133584694925 5002.249277106226 -994.4704178527145 6126.485616552972
 -7388.118906136311 -1280.759136014043 4066.935166573163 4616.641127117166
 -10545.67401052049 -3305.351928728217 -10721.30101857376 1222.84560776423
 -2889.553295470491 -6669.654051730098 13201.93889558965 7042.560893603833
 -7388.118906136311 -1280.759136014043 4066.935166573163 4616.641127117166
 -7388.118906136311 -1280.759136014043 4066.935166573163 4616.641127117166
 -7388.118906136311 -1280.759136014043 4066.935166573163 4616.641127117166
 -7388.118906136311 -1280.759136014043 4066.935166573163 4616.641127117166
 -7388.118906136311 -1280.759136014043 4066.935166573163 4616.641127117166
 -8448.972665869069 -1164.432494053518 4221.139209862773 11741.53875240194
 -7388.118906136311 -1280.759136014043 4066.935166573163 4616.641127117166
 -7388.118906136311 -1280.759136014043 4066.935166573163 4616.641127117166
 -12254.46823566164 1703.597492637214 2182.981550929396 -14716.92434345007
 -7388.118906136311 -1280.759136014043 4066.935166573163 4616.641127117166
 -7388.118906136311 -1280.759136014043 4066.935166573163 4616.641127117166
 -7388.118906136311 -1280.759136014043 4066.935166573163 4616.641127117166
 -7388.118906136311 -1280.759136014043 4066.935166573163 4616.641127117166
 -7388.118906136311 -1280.759136014043 4066.935166573163 4616.641127117166
 -7388.118906136311 -1280.759136014043 4066.935166573163 4616.641127117166
 -7388.118906136311 -1280.759136014043 4066.935166573163 4616.641127117166
 -7388.118906136311 -1280.759136014043 4066.935166573163 4616.641127117166
 -7388.118906136311 -1280.759136014043 4066.935166573163 4616.641127117166
 -7388.118906136311 -1280.759136014043 4066.935166573163 4616.641127117166
 -7388.118906136311 -1280.759136014043 4066.935166573163 4616.641127117166
 -6883.464641619436 2254.860672353041 2825.332771209942 5319.570450063666
 -7388.118906136311 -1280.759136014043 4066.935166573163 4616.641127117166
 -7906.06300782037 9371.374149085732 16383.08405380617 888.1198078509905
 -7388.118906136311 -1280.759136014043 4066.935166573163 4616.641127117166
 -7388.118906136311 -1280.759136014043 4066.935166573163 4616.641127117166
 -7388.118906136311 -1280.759136014043 4066.935166573163 4616.641127117166
 -7388.118906136311 -1280.759136014043 4066.935166573163 4616.641127117166
