# Created by Octave 4.2.1, Mon Oct 09 19:25:51 2017 BRT <root@mosqueiro>
# name: pop
# type: matrix
# rows: 1000
# columns: 4
 8859.722995447715 9610.665130783051 -9668.173892285931 -8789.072782198587
 8859.722995447715 9610.665130783051 -9668.173892285931 -8789.072782198587
 8859.722995447715 9610.665130783051 -9668.173892285931 -8789.072782198587
 8859.722995447715 9610.665130783051 -9668.173892285931 -8789.072782198587
 8859.722995447715 9610.665130783051 -9668.173892285931 -8789.072782198587
 8859.722995447715 9610.665130783051 -9668.173892285931 -8789.072782198587
 10808.376652049 13817.12702954168 -7762.283554483962 -15760.49427324557
 8859.722995447715 9610.665130783051 -9668.173892285931 -8789.072782198587
 8859.722995447715 9610.665130783051 -9668.173892285931 -8789.072782198587
 8859.722995447715 9610.665130783051 -9668.173892285931 -8789.072782198587
 -11888.30735079568 -7091.324506335451 4081.213432258131 3667.606386045586
 1629.716353747833 14126.43969987484 -5503.090525063797 -3554.403207991181
 8859.722995447715 9610.665130783051 -9668.173892285931 -8789.072782198587
 8859.722995447715 9610.665130783051 -9668.173892285931 -8789.072782198587
 8859.722995447715 9610.665130783051 -9668.173892285931 -8789.072782198587
 8742.839274869493 10505.53402000101 -3178.245708437942 -9255.487441175181
 21766.49256470619 4309.701712029593 -7581.727799562644 -15732.482815646
 -9866.578198257794 7588.734456191767 -2821.00552771719 5123.679337178926
 8859.722995447715 9610.665130783051 -9668.173892285931 -8789.072782198587
 8859.722995447715 9610.665130783051 -9668.173892285931 -8789.072782198587
 -8361.454941383679 22808.50548046495 -11132.72767777813 7780.006521277018
 21371.97957853272 15062.60006672412 -3321.467424445061 13380.02064014369
 8859.722995447715 9610.665130783051 -9668.173892285931 -8789.072782198587
 8859.722995447715 9610.665130783051 -9668.173892285931 -8789.072782198587
 8859.722995447715 9610.665130783051 -9668.173892285931 -8789.072782198587
 8859.722995447715 9610.665130783051 -9668.173892285931 -8789.072782198587
 10985.62458181245 11830.43720202906 -4459.185137776331 -1302.33550379094
 8859.722995447715 9610.665130783051 -9668.173892285931 -8789.072782198587
 8859.722995447715 9610.665130783051 -9668.173892285931 -8789.072782198587
 8859.722995447715 9610.665130783051 -9668.173892285931 -8789.072782198587
 8859.722995447715 9610.665130783051 -9668.173892285931 -8789.072782198587
 8859.722995447715 9610.665130783051 -9668.173892285931 -8789.072782198587
 8859.722995447715 9610.665130783051 -9668.173892285931 -8789.072782198587
 5191.508713371919 11424.70957206115 -12170.86690241065 -8440.409112832251
 8859.722995447715 9610.665130783051 -9668.173892285931 -8789.072782198587
 8859.722995447715 9610.665130783051 -9668.173892285931 -8789.072782198587
 11443.21915185094 15443.41458862703 -15160.85771369661 -11126.16593120426
 21970.58245588665 -14387.78510752835 5454.139240144143 -47247.09294282879
 8859.722995447715 9610.665130783051 -9668.173892285931 -8789.072782198587
 8859.722995447715 9610.665130783051 -9668.173892285931 -8789.072782198587
 8859.722995447715 9610.665130783051 -9668.173892285931 -8789.072782198587
 8859.722995447715 9610.665130783051 -9668.173892285931 -8789.072782198587
 8859.722995447715 9610.665130783051 -9668.173892285931 -8789.072782198587
 8859.722995447715 9610.665130783051 -9668.173892285931 -8789.072782198587
 8859.722995447715 9610.665130783051 -9668.173892285931 -8789.072782198587
 8859.722995447715 9610.665130783051 -9668.173892285931 -8789.072782198587
 8859.722995447715 9610.665130783051 -9668.173892285931 -8789.072782198587
 8859.722995447715 9610.665130783051 -9668.173892285931 -8789.072782198587
 8859.722995447715 9610.665130783051 -9668.173892285931 -8789.072782198587
 8859.722995447715 9610.665130783051 -9668.173892285931 -8789.072782198587
 9589.316320598089 11593.61180171547 -6472.719752100011 -7824.655512472595
 9173.020675795979 21340.04315388142 -7220.758172280845 -4499.629646733149
 8859.722995447715 9610.665130783051 -9668.173892285931 -8789.072782198587
 10517.8598203736 13697.77322279163 -10605.52898675465 -12989.24661955117
 8859.722995447715 9610.665130783051 -9668.173892285931 -8789.072782198587
 8859.722995447715 9610.665130783051 -9668.173892285931 -8789.072782198587
 7871.402526770896 20780.12150912549 -12243.03216868197 -8476.55339418145
 4357.953820454004 5698.102314727268 7533.108377445318 -14604.1150711952
 15697.85236455149 300.0274891605877 -2843.101784113942 -6453.910021561198
 8859.722995447715 9610.665130783051 -9668.173892285931 -8789.072782198587
 8859.722995447715 9610.665130783051 -9668.173892285931 -8789.072782198587
 9275.61884849862 -4751.650521066605 -8986.504439819131 4621.059355856625
 8859.722995447715 9610.665130783051 -9668.173892285931 -8789.072782198587
 47311.81671235838 -1725.34321743348 3957.055570152131 19823.33576031606
 -8628.139358474922 -8060.980739950751 7632.884592747552 9679.492986244306
 8859.722995447715 9610.665130783051 -9668.173892285931 -8789.072782198587
 8859.722995447715 9610.665130783051 -9668.173892285931 -8789.072782198587
 -37466.65072614439 -5270.479644624278 -18623.57768240199 15463.41672420175
 8859.722995447715 9610.665130783051 -9668.173892285931 -8789.072782198587
 18704.68126681761 -10682.24128083878 -7385.574275564353 -3981.29219347953
 8859.722995447715 9610.665130783051 -9668.173892285931 -8789.072782198587
 8859.722995447715 9610.665130783051 -9668.173892285931 -8789.072782198587
 5552.988673234016 1112.990614289492 -10.76560820518171 -5726.871015357856
 5721.253869901795 19482.41124163529 -11305.88259674079 -5836.085884249555
 8859.722995447715 9610.665130783051 -9668.173892285931 -8789.072782198587
 8859.722995447715 9610.665130783051 -9668.173892285931 -8789.072782198587
 22347.39779069949 -11351.27954768369 9102.513429160321 13070.57849942353
 8859.722995447715 9610.665130783051 -9668.173892285931 -8789.072782198587
 8859.722995447715 9610.665130783051 -9668.173892285931 -8789.072782198587
 8859.722995447715 9610.665130783051 -9668.173892285931 -8789.072782198587
 8859.722995447715 9610.665130783051 -9668.173892285931 -8789.072782198587
 8859.722995447715 9610.665130783051 -9668.173892285931 -8789.072782198587
 25175.37086610124 23704.13742360608 -45441.76077874852 7951.32251192542
 8859.722995447715 9610.665130783051 -9668.173892285931 -8789.072782198587
 4161.996552709602 5448.845122557464 -6274.091378126354 -964.623579131855
 8859.722995447715 9610.665130783051 -9668.173892285931 -8789.072782198587
 619.2601645634259 -3577.349653998018 -6635.912269297309 9707.803360453669
 5552.988673234016 1112.990614289492 -10.76560820518171 -5726.871015357856
 12410.43486490619 7438.374207655614 -11030.21331637435 -4603.929872739344
 7720.564900342373 12075.38920690043 -3369.010894656044 -6905.220369798815
 18704.68126681761 -10682.24128083878 -7385.574275564353 -3981.29219347953
 8859.722995447715 9610.665130783051 -9668.173892285931 -8789.072782198587
 8859.722995447715 9610.665130783051 -9668.173892285931 -8789.072782198587
 8859.722995447715 9610.665130783051 -9668.173892285931 -8789.072782198587
 8258.265456430496 40094.0370909647 -28864.95579916382 -19301.86267344387
 8859.722995447715 9610.665130783051 -9668.173892285931 -8789.072782198587
 8859.722995447715 9610.665130783051 -9668.173892285931 -8789.072782198587
 22269.77781833929 -5975.326615021295 -8874.52036924883 -5872.361791957735
 10279.83030834329 15314.62943312458 -5702.315632408447 -6479.168143621581
 8859.722995447715 9610.665130783051 -9668.173892285931 -8789.072782198587
 10956.94570310572 16533.35892844826 -5794.249644839407 -10872.1668102171
 8859.722995447715 9610.665130783051 -9668.173892285931 -8789.072782198587
 14811.58136844893 25731.0942300007 -4839.738744009643 -1631.653932128895
 4881.588449113104 16883.96471737932 -10058.86681889948 -7131.029185960384
 7784.99787734852 12975.93381983655 -14384.93886867968 -897.8273424509634
