# Created by Octave 4.2.1, Mon Oct 09 19:31:41 2017 BRT <root@mosqueiro>
# name: w1
# type: matrix
# rows: 50
# columns: 12
 0.09561128426976348 0.07534809933576056 -0.02689357624366841 0.05447905661570948 0.09567542673277452 0.0609817677778573 0.02332053646737575 -0.05236250848014948 0.04996134941011926 -0.08339279848576159 0.07923194094061783 0.01189138795234754
 0.02236318583972305 0.04391235038485614 -0.0290136072115868 0.03550039491845064 -0.07667790368888699 -0.01139022810369984 -0.09744010010877983 0.07381243527749734 0.07103178071743163 -0.06149357545517477 -0.02933287554661147 -0.009022617087256102
 0.01845590373592257 -0.05159032222070727 -0.06250773737631718 -0.01179126916845866 0.03405738910022932 0.06104134571778261 -0.08420360805066467 -0.05819266957465533 0.05562428277808612 0.08307524840596545 -0.06589642462647904 -0.01097934334397598
 0.07824242060236095 0.04601036107268899 -0.08049164662816097 -0.07204610092998404 -0.02763865965692312 0.04432678764386166 0.04083302194893923 -0.0274562858574757 -0.07104472717955047 0.01772796723538295 -0.04929923090992111 -0.06700709203427813
 -0.01898561645167854 -0.0936756103167012 -0.05595262262480451 0.05759805009675875 -0.07324472695732082 -0.01490168209478707 -0.02958533492616197 0.0924984224644638 0.001781845309376348 -0.082382729893043 0.008051099748761642 -0.01638233681908506
 -0.03519848834491088 -0.06771737893144392 -0.08878374148032835 -0.05863015042484782 -0.07284575336689847 0.09798383498284846 0.06757345004648804 0.04162892677697808 0.05749929319814756 0.02560541219138787 -0.004420949224921061 -0.005034820581502036
 0.0445824789949513 0.0165278931177858 -0.09545327728421102 0.02840092251361132 -0.09848449085327578 0.01200704596583353 0.03610966906685695 0.08429485710476897 -0.01168380355293239 0.09556894809581748 -0.08908422753718909 -0.04488232427600053
 -0.06716231657114724 0.07372382615301273 -0.01829662244472266 0.07468359020607404 -0.04377643175135527 -0.05189327118241195 0.08995680713634172 -0.008215052690172281 -0.05771067130281146 -0.05975738378636998 0.01750672001652298 -0.0766593187730856
 0.08256294660150712 0.05550811496234317 0.006973725025310767 -0.08066387821450931 0.09294482497325257 -0.08815855038640727 0.04722126138299582 0.0614780070014582 0.05544123439878909 0.0756327903460578 -0.01590235061259596 0.009529139718407034
 0.06559316259839901 0.01365356864172103 0.02356827587439711 -0.03300936080785279 -0.009295944863703193 0.03693743110572417 -0.09739024263359894 -0.09023752972604915 0.07274610140497209 -0.04466037702521281 0.08148420975848367 0.09846750626375775
 0.02424835798927996 -0.09953031005004617 0.003459234234168385 0.07486125324986834 0.01825956095204857 0.02673866698921532 0.07071781936787444 -0.04061395689854247 0.0402539359659769 -0.04982716271031881 -0.04972964225036167 -0.05813858876703714
 0.005597587380696864 0.0780120255789841 -0.02088110429903746 -0.0124684260549506 0.02588315685665687 -0.03305531325314208 -0.03643141212463413 -0.01136727902628279 0.03380591766774613 -0.06504277855497832 0.006925910399826513 -0.0560023354008331
 -0.05855338400146656 0.01989947546959428 0.02030961813147247 -0.02100936436355404 0.09076643754319219 0.07462277724221106 -0.02238606972593668 -0.01738636347368426 0.02880318239824942 0.06505106344937034 0.009185541461804017 -0.09808939637751353
 -0.03863160562352416 -0.06108578326613538 0.01370363737204487 0.08873913697270594 -0.05061355365850397 -0.01614044133693605 0.06381802988744675 0.05113482767073138 -0.006267555223955598 -0.08553787179284519 0.03906232525200104 0.06177364152661638
 -0.03880818381255292 -0.04301428880390662 -0.01368774858489533 -0.02702154120870161 -0.04835229177128319 0.03377535774387486 0.06658596789632695 0.00483621479750132 0.009351420150129602 0.002510266351360507 0.04243882019168393 0.04813034509287806
 -0.07300247774630599 -0.01071955987865231 0.05745192214379119 -0.01076262958439279 0.09159386183989804 -0.04025285626667313 0.09491933310267309 0.02888261845059575 0.09139535245303723 -0.08509123952215637 -0.007243445245542018 0.05060161150858822
 0.06462663751994771 -0.08746559285624346 -0.01360406759122662 -0.06371617063388776 0.03274566269125473 0.0835140939488708 -0.008782529980079654 0.05621880321253317 0.008217424919308811 0.01560830161787319 0.04708358791325451 -0.02924443452096727
 -0.04859861800997764 -0.02850056358875978 -0.03020104549412687 0.04802822670202472 -0.06832644375015531 -0.07268240522782562 0.04058411906894518 -0.0163837631403506 0.03443226724963991 0.0839245289944443 0.06570349172305584 0.05791377709721388
 0.05581162008879559 -0.09965369355844549 -0.04264372393478086 -0.04110530841361858 0.02434225796025229 -0.04431272270776104 0.04513909801334706 -0.05921479232094441 -0.01477810688361882 -0.03159200467878628 -0.01849217522734117 -0.05054050787694388
 -0.03666659181012508 -0.01927174300701974 0.06405821536599213 -0.04060046613260143 0.0169551901418931 -0.004716688179264683 0.0540619488851902 -0.05809441507274972 0.04976116522084037 0.08205068202114393 -0.07684187484245319 -0.02981603716435592
 -0.04969809327861602 0.003654784782149909 -0.08879813904164092 -0.09814839930754023 0.04264748407463032 0.02001034440115819 -0.02601703515352002 0.00640452081558314 0.08121466096486452 0.09618471761309941 0.09926289323146903 0.06128742175488316
 -0.02458309008232994 0.01755585389935903 -0.0706479419951405 0.03402269859842588 0.05600975848740275 -0.08396995638776417 0.007067742993858511 0.07601756512604205 0.0094081933965416 -0.08856483341181866 -0.06492854231016856 -0.07794304884737636
 -0.03328607906307927 -0.02554135609352412 0.005155033576194665 0.08292599376111204 0.07390564456163393 -0.08770779761434311 -0.04026193282609178 -0.04831962861272646 -0.05972631463638768 0.01566955218176631 0.004266861486752399 0.009914763593672896
 0.09144606688783702 0.01638241322083174 0.09751737264431862 0.07860312591106769 -0.02690519721347327 0.05828651099619675 -0.004650383538098185 -0.03395582763459691 0.05518430738557725 -0.02677621061687209 0.07183029334355504 -0.09180582901599747
 -0.04768997633779487 -0.04523843817346035 -0.08572691152826881 -0.02166574348122649 0.0839331240499184 0.007258490636998127 -0.04632978704731566 -0.08390961091287556 0.09905690765935712 -0.009308965907439473 -0.02043462058149735 -0.08275595656877904
 0.01236916927323395 -0.01373622247264231 -0.07460314292161364 -0.02031815583699778 -0.08692676557880423 -0.0431695316886119 0.01031830024757949 -0.06761144857568019 0.09305433904608604 0.02637166180136899 0.04261026302257337 -0.06446816233792474
 0.04741630263655305 -0.02012707943266966 0.07494927205693286 -0.005987808966400693 -0.02148586154033344 -0.05031946047400443 -0.004684484287568097 -0.04153952477725766 0.06448551816941278 0.06731480934591291 0.02136329480676495 -0.075530448283959
 -0.05290867974665547 0.07435594490461894 -0.07601524401269294 -0.0948672469507086 0.02670236343719309 -0.09945513215236335 0.07623545183328537 0.02807211245630811 -0.04562973774253324 -0.04913162318037959 -0.08512244355470341 0.02484375074693065
 -0.04711225058579275 -0.08750963069512516 0.05062850158083959 0.0435046358292504 -0.09626758277672783 0.02817039283405232 0.07357276757422423 -0.02918727615783964 -0.07213529693044618 -0.09617585780145969 -0.06594727971096161 0.02485104668534155
 0.09114033712015238 -0.07070951611379417 0.06935559523437268 -0.02380767440700143 0.06176926850519907 -0.003181074464305739 0.07573254292593368 -0.08461007873982933 -0.09750206256999072 -0.04185576559023677 -0.02655886263767317 0.07288377254357492
 0.08007376989045564 0.01481743224877292 -0.03392977927823064 0.09392286181195136 -0.02784176668224918 -0.08611890248211153 0.07214231956033809 0.08392573053944932 -0.07320919425091965 0.001140328772181037 -0.03336955433486065 -0.02180176392161838
