# Created by Octave 4.2.1, Mon Oct 09 19:21:52 2017 BRT <root@mosqueiro>
# name: w2
# type: matrix
# rows: 1
# columns: 51
 -2.274013718994119 -0.5501696419760407 -3.630711155865573 -0.7222524131505708 0.1896486976011289 -0.1105069031428467 -0.6982247671129898 1.391825539451732 -0.6696342894820901 0.7848986665521966 -0.3860613000132851 -1.60974858739881 -0.2854899586253907 -1.370357047947995 -0.2986781020689371 0.1351103077927718 -1.127772112178734 2.53025137211482 -1.338398463548395 -0.3141295486820823 -1.792975067969785 -0.729004888413229 -0.2391382271259093 0.9663542084958081 0.2041822345979361 -2.239462983355615 -0.5133280096463579 -0.3011667299285712 -1.210409284786543 -0.5827563605648365 3.512196306686855 -1.880263345411727 -1.341532887612786 -3.005489100841046 -2.575846982664819 -0.5428122662272088 -0.2627350794826349 1.421507354865334 0.2661734543904348 -0.6779524190757655 -0.4669531205055433 1.366678673019898 3.066977396619468 6.385001458770283 -3.06653193519351 -1.418054624445148 0.7114547555302009 1.780394807852311 -4.052602512746098 1.32653626588316 -0.7753936309862866


