# Created by Octave 4.2.1, Mon Oct 09 19:31:41 2017 BRT <root@mosqueiro>
# name: w2
# type: matrix
# rows: 1
# columns: 51
 -0.163189976235526 -0.4007863444978695 -0.2232585948285453 -0.1995523169050634 0.3886990195057692 -0.2852653326770282 -0.3142873914798058 -0.1621554716266861 -0.207987135004001 0.244644840076527 -0.5794899568265136 -0.2751114457720136 -0.1539430547416398 0.16566076970481 0.153025346705507 -0.7792890028777957 0.4856161079963041 0.5985667812246432 0.1665919963004122 -0.7051793627161624 0.6589171267323706 -0.3558826820619374 0.5782886934203031 -0.06824611774791872 -0.3406664184653956 0.1233819902754549 0.115024401106929 -0.5690394132864525 -0.4375227991969453 0.1063349843701853 0.1524097528428737 0.6330650940516663 -0.341577203410323 0.510193957648006 0.1758503029056877 0.2559572341734734 -0.182279413975429 -0.01451965756470552 -0.3358229037167533 -0.4573983091896718 -0.2155130356117756 -0.08196263401115061 -0.544158285632533 0.1209696418289497 -0.2644836794419468 -0.05120786942102835 -0.0946772229297638 0.1898666535577769 -0.1183374319501327 -0.1107985371871911 0.2929192841775806


