# Created by Octave 4.2.1, Mon Oct 09 19:12:08 2017 BRT <root@mosqueiro>
# name: w2
# type: matrix
# rows: 1
# columns: 51
 16.12837196363125 -29.45835495903589 -61.77001805898348 -11.72156265434293 -7.148619436226454 8.442638429756499 29.76705165935358 -22.75080985093075 -86.37319136821634 -45.14288271716396 -29.36247098197663 -8.884405636121073 -42.89769875243424 -30.64664814398347 -52.06155590073813 17.61373326720673 -1.467480874703256 9.325498955683656 -23.59332942653225 19.0771270001019 -12.67907910019591 7.422282186192831 24.39146760536676 -2.915101324953127 14.78880391018106 30.79431430264356 10.17975449786809 58.00070490015918 21.28822485777641 8.533962138440302 20.13452860860346 -2.101627661003278 -22.82050420606139 37.63316565782949 32.50528881718003 -15.04516453884604 49.48808010006212 7.510307350542007 -40.92438861330839 -47.71557675977706 24.88819850346059 -32.91925251613588 11.07852093523354 61.5773150853621 0.1107917930501117 -5.505934857141824 -35.85732121631747 -38.4730167104575 -12.27034160376024 -16.01728371143795 4.348506181122445


