# Created by Octave 4.2.1, Mon Oct 09 13:26:48 2017 BRT <root@mosqueiro>
# name: pop
# type: matrix
# rows: 300
# columns: 5
 1201.670144035395 -8073.147406453999 -262.5096039195796 4437.857937227654 2706.509769408711
 1201.670144035395 -8073.147406453999 -262.5096039195796 4437.857937227654 2706.509769408711
 3915.899583844324 -4072.371962722506 -2979.87087212708 4403.854121608279 -1256.962823348007
 1201.670144035395 -8073.147406453999 -262.5096039195796 4437.857937227654 2706.509769408711
 1201.670144035395 -8073.147406453999 -262.5096039195796 4437.857937227654 2706.509769408711
 506.842876900193 -8048.154567728486 495.0002446561568 4762.804926221555 1898.285184078033
 1201.670144035395 -8073.147406453999 -262.5096039195796 4437.857937227654 2706.509769408711
 1201.670144035395 -8073.147406453999 -262.5096039195796 4437.857937227654 2706.509769408711
 1201.670144035395 -8073.147406453999 -262.5096039195796 4437.857937227654 2706.509769408711
 -3010.058956313245 -5468.617482653458 -2136.799035462938 2136.34975727997 9191.692395992883
 5264.758023866346 18973.74852580915 -8588.698959467138 -8575.79809310475 -7291.216849195445
 1201.670144035395 -8073.147406453999 -262.5096039195796 4437.857937227654 2706.509769408711
 -4150.92183292947 6162.320825046389 -6056.954183701147 -2607.49801235778 6717.41847923776
 -16756.92422572715 7240.574945880337 -20110.19592066345 -5646.487375687298 -8888.108413374626
 1201.670144035395 -8073.147406453999 -262.5096039195796 4437.857937227654 2706.509769408711
 1201.670144035395 -8073.147406453999 -262.5096039195796 4437.857937227654 2706.509769408711
 1201.670144035395 -8073.147406453999 -262.5096039195796 4437.857937227654 2706.509769408711
 1201.670144035395 -8073.147406453999 -262.5096039195796 4437.857937227654 2706.509769408711
 1201.670144035395 -8073.147406453999 -262.5096039195796 4437.857937227654 2706.509769408711
 1201.670144035395 -8073.147406453999 -262.5096039195796 4437.857937227654 2706.509769408711
 1740.769110395406 -13819.03130079252 536.3324449505584 -1010.190534806154 4990.311559733026
 1201.670144035395 -8073.147406453999 -262.5096039195796 4437.857937227654 2706.509769408711
 1201.670144035395 -8073.147406453999 -262.5096039195796 4437.857937227654 2706.509769408711
 1201.670144035395 -8073.147406453999 -262.5096039195796 4437.857937227654 2706.509769408711
 -5132.622480279138 5818.48256909159 -15158.47392723036 6640.710984659029 -13712.98157739856
 1201.670144035395 -8073.147406453999 -262.5096039195796 4437.857937227654 2706.509769408711
 1201.670144035395 -8073.147406453999 -262.5096039195796 4437.857937227654 2706.509769408711
 -1162.226038978444 -4899.558077091149 -5997.072024762989 9167.672255715181 -8320.05957628372
 1201.670144035395 -8073.147406453999 -262.5096039195796 4437.857937227654 2706.509769408711
 -7471.985485903821 -7657.799554254243 -26539.79924726293 10788.60500822484 8168.91832790812
 -695.0338285564924 -4364.469122291029 27016.25382754268 12824.51954938566 4896.341367111938
 -19503.85757368631 8045.377946187103 19963.18021745298 3937.512319193414 -16316.8908534692
 1201.670144035395 -8073.147406453999 -262.5096039195796 4437.857937227654 2706.509769408711
 -6705.35876898873 3169.511289957992 -897.4857068407229 35418.82636373105 -11550.3327767837
 1201.670144035395 -8073.147406453999 -262.5096039195796 4437.857937227654 2706.509769408711
 -238.2008497707211 -13023.39559844013 -1146.657245756023 2978.790356386087 -450.2906866772723
 1201.670144035395 -8073.147406453999 -262.5096039195796 4437.857937227654 2706.509769408711
 1201.670144035395 -8073.147406453999 -262.5096039195796 4437.857937227654 2706.509769408711
 1201.670144035395 -8073.147406453999 -262.5096039195796 4437.857937227654 2706.509769408711
 1201.670144035395 -8073.147406453999 -262.5096039195796 4437.857937227654 2706.509769408711
 1201.670144035395 -8073.147406453999 -262.5096039195796 4437.857937227654 2706.509769408711
 1201.670144035395 -8073.147406453999 -262.5096039195796 4437.857937227654 2706.509769408711
 -1162.226038978444 -4899.558077091149 -5997.072024762989 9167.672255715181 -8320.05957628372
 1201.670144035395 -8073.147406453999 -262.5096039195796 4437.857937227654 2706.509769408711
 1223.700980432055 2281.751824503675 -6226.774663621891 9080.747494407206 -6545.43276376213
 1201.670144035395 -8073.147406453999 -262.5096039195796 4437.857937227654 2706.509769408711
 1201.670144035395 -8073.147406453999 -262.5096039195796 4437.857937227654 2706.509769408711
 29598.15375758475 -4917.906318535275 -18227.19142599709 42469.20486479146 -13729.4380455421
 -812.2667409885835 -8573.399326472683 -1167.885398973218 2346.246248607084 1748.098656950844
 1201.670144035395 -8073.147406453999 -262.5096039195796 4437.857937227654 2706.509769408711
 -16723.91774034001 17890.0052985494 -813.4325548353336 47585.26895697491 10178.30766736961
 1201.670144035395 -8073.147406453999 -262.5096039195796 4437.857937227654 2706.509769408711
 1201.670144035395 -8073.147406453999 -262.5096039195796 4437.857937227654 2706.509769408711
 1201.670144035395 -8073.147406453999 -262.5096039195796 4437.857937227654 2706.509769408711
 1201.670144035395 -8073.147406453999 -262.5096039195796 4437.857937227654 2706.509769408711
 1201.670144035395 -8073.147406453999 -262.5096039195796 4437.857937227654 2706.509769408711
 1201.670144035395 -8073.147406453999 -262.5096039195796 4437.857937227654 2706.509769408711
 1201.670144035395 -8073.147406453999 -262.5096039195796 4437.857937227654 2706.509769408711
 1201.670144035395 -8073.147406453999 -262.5096039195796 4437.857937227654 2706.509769408711
 -4150.92183292947 6162.320825046389 -6056.954183701147 -2607.49801235778 6717.41847923776
 1201.670144035395 -8073.147406453999 -262.5096039195796 4437.857937227654 2706.509769408711
 -1162.226038978444 -4899.558077091149 -5997.072024762989 9167.672255715181 -8320.05957628372
 1201.670144035395 -8073.147406453999 -262.5096039195796 4437.857937227654 2706.509769408711
 1201.670144035395 -8073.147406453999 -262.5096039195796 4437.857937227654 2706.509769408711
 1223.700980432055 2281.751824503675 -6226.774663621891 9080.747494407206 -6545.43276376213
 1201.670144035395 -8073.147406453999 -262.5096039195796 4437.857937227654 2706.509769408711
 1644.451567788328 -12837.53941295349 1240.305788735892 -235.448630301451 4252.126277587424
 -812.2667409885835 -8573.399326472683 -1167.885398973218 2346.246248607084 1748.098656950844
 1201.670144035395 -8073.147406453999 -262.5096039195796 4437.857937227654 2706.509769408711
 -1487.31915335285 -5995.596414589982 397.4601352959469 5429.537160356957 -3510.283557995936
 1201.670144035395 -8073.147406453999 -262.5096039195796 4437.857937227654 2706.509769408711
 1201.670144035395 -8073.147406453999 -262.5096039195796 4437.857937227654 2706.509769408711
 1201.670144035395 -8073.147406453999 -262.5096039195796 4437.857937227654 2706.509769408711
 1201.670144035395 -8073.147406453999 -262.5096039195796 4437.857937227654 2706.509769408711
 1201.670144035395 -8073.147406453999 -262.5096039195796 4437.857937227654 2706.509769408711
 -3342.94100416489 -4406.924254416003 -1601.650155147486 1840.976132887663 5974.093291253283
 1201.670144035395 -8073.147406453999 -262.5096039195796 4437.857937227654 2706.509769408711
 1201.670144035395 -8073.147406453999 -262.5096039195796 4437.857937227654 2706.509769408711
 1201.670144035395 -8073.147406453999 -262.5096039195796 4437.857937227654 2706.509769408711
 30463.03078556645 -3648.234440764464 -19447.8848851147 43777.07784251004 -18260.85512519009
 1201.670144035395 -8073.147406453999 -262.5096039195796 4437.857937227654 2706.509769408711
 4444.335339145714 -3321.509423394651 -3169.776129172423 4253.684624430381 464.4834543224435
 1201.670144035395 -8073.147406453999 -262.5096039195796 4437.857937227654 2706.509769408711
 1201.670144035395 -8073.147406453999 -262.5096039195796 4437.857937227654 2706.509769408711
