# Created by Octave 4.2.1, Mon Oct 09 13:26:27 2017 BRT <root@mosqueiro>
# name: pop
# type: matrix
# rows: 300
# columns: 5
 1201.670144035395 -8073.147406453999 -262.5096039195796 4437.857937227654 2706.509769408711
 1201.670144035395 -8073.147406453999 -262.5096039195796 4437.857937227654 2706.509769408711
 8117.984610229905 5614.152653842217 -4204.748037784406 -3173.447395345258 -9040.566740353239
 1201.670144035395 -8073.147406453999 -262.5096039195796 4437.857937227654 2706.509769408711
 40081.03684781115 9454.908670192843 4347.682292152289 26338.23345944015 -31383.24978081119
 8117.984610229905 5614.152653842217 -4204.748037784406 -3173.447395345258 -9040.566740353239
 -2227.197819389849 4398.930383585388 4551.646137277876 -2468.429028167957 -3666.822264539062
 1201.670144035395 -8073.147406453999 -262.5096039195796 4437.857937227654 2706.509769408711
 -4850.535731185735 3056.905718243521 2105.240418164982 2845.760632006648 -3331.893067498816
 4084.52723615759 64.16789801015875 -5318.197524442877 378.7715525612421 -8600.226996622741
 1201.670144035395 -8073.147406453999 -262.5096039195796 4437.857937227654 2706.509769408711
 -4850.535731185735 3056.905718243521 2105.240418164982 2845.760632006648 -3331.893067498816
 -4850.535731185735 3056.905718243521 2105.240418164982 2845.760632006648 -3331.893067498816
 1201.670144035395 -8073.147406453999 -262.5096039195796 4437.857937227654 2706.509769408711
 7062.008884611234 -3879.051710167122 -3744.689028356941 4435.994218737107 874.4151193051512
 -6496.144931392688 -1538.243993356555 -1045.789776147647 -2114.788874553525 5152.773612670879
 -4850.535731185735 3056.905718243521 2105.240418164982 2845.760632006648 -3331.893067498816
 -24418.90349234704 36591.29617704876 5794.684627177411 -22864.37390171061 -28592.11764826842
 -667.0669951041164 8912.21178760449 -9508.495307189456 -3000.503142240977 3980.9941958828
 -471.584519732116 5252.578219486339 2905.580934473992 4154.258574070749 7910.555785308043
 5192.742705539857 -2685.237266507107 -7531.013698680774 5651.916177249863 3974.899565460544
 1612.831113681628 8762.834299648228 5832.566110480673 1000.022208326478 -5.687673777811142
 -7605.276569300973 7563.204462962298 -4724.527968754165 349.9540030033913 6100.354515843364
 -6155.391087616195 -36194.2035479522 -12458.0654464155 -30724.78856371514 -24411.4150704836
 -1987.53741754459 829.735987302812 11697.05966524494 -31919.13006245646 -31342.14362204002
 8766.458110612839 1625.776784938915 9591.752328554114 5128.48186066513 -2687.360446701942
 1201.670144035395 -8073.147406453999 -262.5096039195796 4437.857937227654 2706.509769408711
 7062.008884611234 -3879.051710167122 -3744.689028356941 4435.994218737107 874.4151193051512
 -5182.7433758243 -15988.96754554104 -11126.06195338756 11109.31997675903 12338.12839786081
 1201.670144035395 -8073.147406453999 -262.5096039195796 4437.857937227654 2706.509769408711
 3149.228664417471 -4739.128567084235 -1821.419195598039 -2925.999026276348 2056.487157674685
 -1218.931773593018 -9161.82531276346 8580.729008747727 9967.767793723524 -8415.965175543064
 3720.467769097706 7519.998492464943 -9447.19153658235 2413.910011093991 1407.208579071706
 -734.0802034589342 6887.058485457008 5550.450886464496 -2095.197477421805 -6730.895257639098
 -6862.632735555872 -8786.276892193302 -6509.876993837264 7085.055274017846 12235.88462094926
 -4150.92183292947 6162.320825046389 -6056.954183701147 -2607.49801235778 6717.41847923776
 7931.848584374904 -8077.470554767413 -8111.358342952863 -814.24189610758 9799.749759853919
 1201.670144035395 -8073.147406453999 -262.5096039195796 4437.857937227654 2706.509769408711
 -5770.556131505321 79.41427268605548 6110.74613641225 -419.3108331779567 8766.721508609997
 -5000.653110671202 8060.593779158789 572.4870540641696 3762.110098011533 -6621.20590442496
 7986.418295558844 701.2378532591429 5330.260860237939 8721.864873585986 3452.300938727671
 685.2952767767765 -4074.622377465119 7129.628185994876 -4713.560964312692 3844.450454128644
 -7438.014790743627 6062.489880874746 -3073.773723421148 8857.796283785516 -4633.767885757288
 -5000.653110671202 8060.593779158789 572.4870540641696 3762.110098011533 -6621.20590442496
 8847.136310596899 -1727.665401448765 5236.603893677286 -6923.966174219377 4394.379260314185
 -6834.642819278739 -7180.049122097435 5987.998091402826 -7835.068576470189 3833.933048179093
 -7438.014790743627 6062.489880874746 -3073.773723421148 8857.796283785516 -4633.767885757288
 -6050.355037500471 8588.928280604294 -247.2323505613313 -5554.620732742962 6358.131228375607
 9958.504086379296 3593.116528690061 -5048.856819099795 4903.140993044379 7717.209544444155
 -4938.2566866705 -9659.118487788981 5275.278604277917 9019.224167511664 5784.182892241242
 -7577.53572832345 84.10908607018246 6587.930869272186 8203.232736182992 -4327.11011222157
 1201.670144035395 -8073.147406453999 -262.5096039195796 4437.857937227654 2706.509769408711
 -5000.653110671202 8060.593779158789 572.4870540641696 3762.110098011533 -6621.20590442496
 2454.617875373053 510.3400142698174 -3636.594504705143 7043.215013278135 -4549.266607921198
 -3195.79092182 8912.733415047402 -1015.635291154485 -2146.68387223817 -1554.634148651179
 3547.649893451333 5130.546108888928 -1724.544321302279 -2598.909341162331 971.8283435445101
 453.9996224327533 -9410.300515185678 -748.2897227337708 4818.36438745118 -1632.561313729166
 4738.809815471006 -2737.698403817424 8113.266333098116 7946.099012585346 7726.420210561027
 3146.515107760823 3078.585059993309 -8209.742974050097 106.0820040443305 2105.07936671975
 3720.467769097706 7519.998492464943 -9447.19153658235 2413.910011093991 1407.208579071706
 -9847.732964929799 8478.12478706082 6717.565352238475 -1276.466843507618 6007.360214072805
 4631.738969152982 -9637.284773830661 -5375.967751120071 -9746.031977736699 -9076.245969271638
 1201.670144035395 -8073.147406453999 -262.5096039195796 4437.857937227654 2706.509769408711
 9958.504086379296 3593.116528690061 -5048.856819099795 4903.140993044379 7717.209544444155
 -5400.519039138441 -9642.086176523362 -7057.945396051357 6057.326555260301 9133.341949661004
 -50063.68136723436 -9035.776706263152 5512.589749209821 -30351.38004699704 10978.05006997953
 3915.899583844324 -4072.371962722506 -2979.87087212708 4403.854121608279 -1256.962823348007
 -1381.628303807163 3905.268731999548 -9228.322108113422 9326.881831170529 -1140.505649976387
 -5807.655475015559 7897.225820869451 -3045.180209651582 -4688.997868279644 -7391.10877673513
 418.6970258002693 2371.303937837845 -3762.441281382553 6176.904762099239 9424.895101578051
 -9084.042636506734 7183.107818372897 5767.508164462224 -9654.496944329305 -5584.089565799236
 3155.111991728414 3374.764896000526 7601.660160502943 -840.2066819406737 -3176.648516230171
 -1162.226038978444 -4899.558077091149 -5997.072024762989 9167.672255715181 -8320.05957628372
 8392.581772181573 -6802.966037643666 -26667.05006660733 1197.434164154982 -5582.514128991795
 1201.670144035395 -8073.147406453999 -262.5096039195796 4437.857937227654 2706.509769408711
 -7577.53572832345 84.10908607018246 6587.930869272186 8203.232736182992 -4327.11011222157
 -813.2016633582025 -2495.019214256609 2856.741653997091 2180.153367693303 904.625201291401
 -2478.751327058725 3303.12284686949 -2007.06829193887 -607.6303736237751 2267.510745874393
 -7438.014790743627 6062.489880874746 -3073.773723421148 8857.796283785516 -4633.767885757288
 -34627.16553629829 -4521.906394083699 11250.75380051639 -1399.274122642595 -30273.76775982358
 9013.007095610526 -47.50325095675908 6414.932685298128 5412.756347680743 4098.736384896778
 1223.700980432055 2281.751824503675 -6226.774663621891 9080.747494407206 -6545.43276376213
 -1925.720338356008 -2538.77999880865 -3549.107761706362 1164.637987949303 -2340.446218203883
 1201.670144035395 -8073.147406453999 -262.5096039195796 4437.857937227654 2706.509769408711
