# Created by Octave 4.2.1, Mon Oct 09 13:26:55 2017 BRT <root@mosqueiro>
# name: pop
# type: matrix
# rows: 300
# columns: 5
 1201.670144035395 -8073.147406453999 -262.5096039195796 4437.857937227654 2706.509769408711
 1201.670144035395 -8073.147406453999 -262.5096039195796 4437.857937227654 2706.509769408711
 1223.700980432055 2281.751824503675 -6226.774663621891 9080.747494407206 -6545.43276376213
 998.8427156183102 -8051.887037148132 -519.863275872612 4212.916767809028 2664.842716797727
 1201.670144035395 -8073.147406453999 -262.5096039195796 4437.857937227654 2706.509769408711
 1201.670144035395 -8073.147406453999 -262.5096039195796 4437.857937227654 2706.509769408711
 1201.670144035395 -8073.147406453999 -262.5096039195796 4437.857937227654 2706.509769408711
 1201.670144035395 -8073.147406453999 -262.5096039195796 4437.857937227654 2706.509769408711
 4822.794606532863 -1229.574295768428 1215.935641530499 5290.670310077148 3158.787105350244
 1216.973755658188 -8033.0488385693 -203.4229236469484 4280.284206657612 2704.682574354497
 1201.670144035395 -8073.147406453999 -262.5096039195796 4437.857937227654 2706.509769408711
 1201.670144035395 -8073.147406453999 -262.5096039195796 4437.857937227654 2706.509769408711
 1201.670144035395 -8073.147406453999 -262.5096039195796 4437.857937227654 2706.509769408711
 1201.670144035395 -8073.147406453999 -262.5096039195796 4437.857937227654 2706.509769408711
 1201.670144035395 -8073.147406453999 -262.5096039195796 4437.857937227654 2706.509769408711
 1201.670144035395 -8073.147406453999 -262.5096039195796 4437.857937227654 2706.509769408711
 -8409.330021767459 8804.588799511985 -2658.724088134843 7667.309885410919 -3253.983651173075
 1201.670144035395 -8073.147406453999 -262.5096039195796 4437.857937227654 2706.509769408711
 1163.574046872486 -8067.531738132176 -324.4322638290079 4449.456805740037 2615.129782445847
 891.3328231746219 -8319.960051118493 -440.2078775763432 4124.922037619639 3168.631350285787
 1163.574046872486 -8067.531738132176 -324.4322638290079 4449.456805740037 2615.129782445847
 1201.670144035395 -8073.147406453999 -262.5096039195796 4437.857937227654 2706.509769408711
 1201.670144035395 -8073.147406453999 -262.5096039195796 4437.857937227654 2706.509769408711
 1201.670144035395 -8073.147406453999 -262.5096039195796 4437.857937227654 2706.509769408711
 -8100.767082093289 6572.840389024902 5963.407004094545 9009.238829577984 -3736.987268138009
 1455.462926834769 -8806.639861050249 -2028.896615254182 4508.946382717584 1538.724765477902
 4822.794606532863 -1229.574295768428 1215.935641530499 5290.670310077148 3158.787105350244
 1201.670144035395 -8073.147406453999 -262.5096039195796 4437.857937227654 2706.509769408711
 1201.670144035395 -8073.147406453999 -262.5096039195796 4437.857937227654 2706.509769408711
 1201.670144035395 -8073.147406453999 -262.5096039195796 4437.857937227654 2706.509769408711
 1201.670144035395 -8073.147406453999 -262.5096039195796 4437.857937227654 2706.509769408711
 1201.670144035395 -8073.147406453999 -262.5096039195796 4437.857937227654 2706.509769408711
 1201.670144035395 -8073.147406453999 -262.5096039195796 4437.857937227654 2706.509769408711
 1195.899354260313 -7927.426095045948 -292.780845748846 4341.700478582234 2736.262032949806
 1056.091728194784 -8089.93799318634 -297.6035994121801 4403.292236295443 2664.077195578409
 1201.670144035395 -8073.147406453999 -262.5096039195796 4437.857937227654 2706.509769408711
 1201.670144035395 -8073.147406453999 -262.5096039195796 4437.857937227654 2706.509769408711
 1280.868297426024 -8025.49424701763 -368.0444633331725 4288.279835247627 2612.425756637991
 1293.395203078624 -6665.407551024049 1758.265555145478 4973.228017225329 3210.304406806963
 1201.670144035395 -8073.147406453999 -262.5096039195796 4437.857937227654 2706.509769408711
 1218.814439867292 -8110.952649935709 -342.4605220032853 4436.120572764293 2782.523940859829
 1201.670144035395 -8073.147406453999 -262.5096039195796 4437.857937227654 2706.509769408711
 1201.670144035395 -8073.147406453999 -262.5096039195796 4437.857937227654 2706.509769408711
 1201.670144035395 -8073.147406453999 -262.5096039195796 4437.857937227654 2706.509769408711
 1161.081370520088 -8139.960435419238 -19.38815133796902 4285.83465702605 2697.260705228179
 1201.670144035395 -8073.147406453999 -262.5096039195796 4437.857937227654 2706.509769408711
 1201.670144035395 -8073.147406453999 -262.5096039195796 4437.857937227654 2706.509769408711
 1201.670144035395 -8073.147406453999 -262.5096039195796 4437.857937227654 2706.509769408711
 1435.926780640898 -8096.859504509228 -724.6496688987359 4071.588446994693 2404.715831750439
 1201.670144035395 -8073.147406453999 -262.5096039195796 4437.857937227654 2706.509769408711
 1201.670144035395 -8073.147406453999 -262.5096039195796 4437.857937227654 2706.509769408711
 1201.670144035395 -8073.147406453999 -262.5096039195796 4437.857937227654 2706.509769408711
 1201.670144035395 -8073.147406453999 -262.5096039195796 4437.857937227654 2706.509769408711
 1196.717977717081 -8017.200874094129 -187.2417293986958 4444.80630432515 2665.544338063019
 1201.670144035395 -8073.147406453999 -262.5096039195796 4437.857937227654 2706.509769408711
 1201.670144035395 -8073.147406453999 -262.5096039195796 4437.857937227654 2706.509769408711
 1201.670144035395 -8073.147406453999 -262.5096039195796 4437.857937227654 2706.509769408711
 1201.670144035395 -8073.147406453999 -262.5096039195796 4437.857937227654 2706.509769408711
 1201.670144035395 -8073.147406453999 -262.5096039195796 4437.857937227654 2706.509769408711
 1201.670144035395 -8073.147406453999 -262.5096039195796 4437.857937227654 2706.509769408711
 1201.670144035395 -8073.147406453999 -262.5096039195796 4437.857937227654 2706.509769408711
 1136.694746851273 -8138.187845522883 -318.8291264085616 4448.557560512722 2759.395988923452
 1201.670144035395 -8073.147406453999 -262.5096039195796 4437.857937227654 2706.509769408711
 -1162.226038978444 -4899.558077091149 -5997.072024762989 9167.672255715181 -8320.05957628372
 1201.670144035395 -8073.147406453999 -262.5096039195796 4437.857937227654 2706.509769408711
 1287.324101849208 -8073.555624903684 -710.9548063147998 4126.544203567296 2463.280576763612
 -695.0338285564924 -4364.469122291029 27016.25382754268 12824.51954938566 4896.341367111938
 1176.401271343552 -8003.72128320047 -313.8883650809694 4510.14053431312 2804.46120173684
 1201.670144035395 -8073.147406453999 -262.5096039195796 4437.857937227654 2706.509769408711
 1201.670144035395 -8073.147406453999 -262.5096039195796 4437.857937227654 2706.509769408711
 18137.10157523893 -7319.156105116695 11213.85682789398 9281.854312991996 3171.895700949566
 1112.736583035049 -8084.91906180602 -291.5273704041845 4408.644370643521 2637.769805694292
 1201.670144035395 -8073.147406453999 -262.5096039195796 4437.857937227654 2706.509769408711
 1201.670144035395 -8073.147406453999 -262.5096039195796 4437.857937227654 2706.509769408711
 1201.670144035395 -8073.147406453999 -262.5096039195796 4437.857937227654 2706.509769408711
 1201.670144035395 -8073.147406453999 -262.5096039195796 4437.857937227654 2706.509769408711
 1201.670144035395 -8073.147406453999 -262.5096039195796 4437.857937227654 2706.509769408711
 1218.814439867292 -8110.952649935709 -342.4605220032853 4436.120572764293 2782.523940859829
 1211.252147432434 -8048.478177345692 -402.8873543600706 4415.390183975608 2725.085510576856
 1201.670144035395 -8073.147406453999 -262.5096039195796 4437.857937227654 2706.509769408711
 2023.504508505666 -8012.1076824743 -194.966010056807 4157.57644314182 2870.13941722612
 1223.700980432055 2281.751824503675 -6226.774663621891 9080.747494407206 -6545.43276376213
 1201.670144035395 -8073.147406453999 -262.5096039195796 4437.857937227654 2706.509769408711
 1201.670144035395 -8073.147406453999 -262.5096039195796 4437.857937227654 2706.509769408711
