# Created by Octave 4.2.1, Mon Oct 09 13:24:51 2017 BRT <root@mosqueiro>
# name: w1
# type: matrix
# rows: 50
# columns: 12
 0.0709144360162359 -0.04206955576101198 -0.02969599922066969 0.09156287370539337 0.03385110892342327 -0.03996316617083426 -0.02421770593353202 -0.03528205265224721 -0.07580170143052849 -0.02382716366764079 -0.09659257446177054 -0.07096535158830261
 -0.03930447832157721 0.05480289101145791 0.0002018744077354195 -0.0224936847095888 0.07183703025479246 -0.0004658380041181326 0.0637577573818808 0.06601286398577963 -0.01843813002068212 0.04081081806484915 -0.06010208665531359 0.066315332960794
 -0.03055673444309613 0.08745008385181299 0.0775534773655871 -0.09674803790109789 0.00358468559730947 -0.04409638071935745 -0.0322541081114948 -0.05080952786273109 0.03125054213601039 -0.08849615838203373 -0.0265989309279657 -0.07387738580647245
 -0.01859518280327679 -0.09110662532642344 0.0518188663025082 -0.07260680154562331 -0.03785737256572862 -0.05624045113639641 -0.05815408685066556 -0.00758560869207911 0.07173576490731248 -0.06049683329457298 0.04237274738093838 0.08508754320571058
 -0.01875299997693378 -0.05320760904732359 0.05287215828980674 0.007102646671263549 -0.04946080765935691 0.02020239116571661 0.009938018495344522 -0.09117138268784043 0.01806165958397035 -0.06874493338253385 -0.09001989420362849 0.05517237061553124
 0.08974693493165831 0.09511969571381304 -0.0661188729013308 -0.09546469781078193 -0.0216875343005582 0.003217799600682053 -0.06171489211211389 0.03624001736482801 0.06883233502110936 -0.01684162127759242 -0.077463136380269 -0.0986915133479835
 -0.01107926159123017 -0.03886592222143886 -0.004641730948737072 0.06606785229921425 -0.06910687645663573 0.06461621126448755 -0.09653848128110838 -0.04200529840681419 -0.03589861373237566 -0.09322942099645561 0.02744385466814397 0.06260875686115622
 0.05806186820122736 -0.04013140040003843 -0.0624109849190656 -0.02882058004382221 -0.05002772618838477 -0.06905294962283741 -0.06311031986141302 0.09357775225596004 -0.02721053203869132 0.05823851784071996 0.04327506217432936 -0.00343118591419446
 -0.09617865817707871 -0.06714403936330565 -0.04698557270311171 -0.0768752645340311 0.03244514772735985 0.02217454987886072 -0.07652620638810365 -0.06340146654396581 0.001729783718216443 -0.08338038751698185 0.06122147354320615 -0.07557319052593511
 0.07617564423185991 -0.03901947132199762 -0.07519804773007543 0.02010214346721291 -0.04278820730677074 0.03265115053495887 -0.01050390971978293 0.04992684075541784 -0.03388531176517401 0.04235707014063733 0.09189180464023169 -0.04046694285350766
 0.01010587506836398 -0.09411557868953506 0.08045060067154305 0.04004964018977464 -0.04840008019642078 0.07393854081847734 -0.09853272486771376 -0.08080879417541884 0.02804782905084019 0.03242428531034389 0.08284425346534549 0.004202771198123512
 -0.02912812518646041 -0.03778641753039117 -0.08041362749080436 0.004572882516645338 -0.04789466414679497 -0.09297042156502296 -0.0436594332236531 -0.08888987981998654 0.05524591794810849 -0.07139502329934719 -0.02607536073886502 0.05815435122064314
 -0.06214549475287504 0.01945635836895951 -0.03310631851507881 0.03374592911308177 -0.07935972891874558 0.02768857499278324 -0.03500961883440154 0.06505490565187749 -0.0645088594212001 -0.064088865345511 -0.07067495260475158 -0.04940436697371754
 6.483855335623345e-05 -0.001405447956239952 -0.08197945670178752 0.09392093953664207 0.07994668254146642 0.0677982780972651 0.0551724280690811 -0.09926103652652238 -0.005455049852354815 -0.02474033089844557 -0.09063448997426572 0.01237559944353624
 -0.01007334562162741 -0.07623598000170412 0.0005423352996349468 0.08018839192902627 -0.04173731678635337 0.04161870652299421 -0.07335622719659256 0.02434991868064032 -0.02830149613790765 -0.01210508320357367 0.08762031386864394 0.08328915056724889
 0.06137789683951742 -0.03704781491773181 0.09908430419458991 -0.08408925188316504 -0.03239837214637596 -0.05839195273713035 0.07112505373375785 -0.08438288528447779 -0.03757599097119455 0.003048221433175138 0.05857448680184543 -0.02393192739904913
 0.07013214795119221 0.04662482374297963 0.02975256171150281 -0.03661001425481873 0.09090743757909323 0.03237344697077696 -0.08584835788107889 0.03968795866864291 0.04465893246167948 0.0776864933480936 0.04510403266162388 -0.06118977767491206
 -0.0709585415043201 -0.04760751002784013 0.03636727282640423 0.07879075570588268 0.06539472268556135 0.01173825379371418 -0.01604797334793245 -0.07148840356214031 0.01131367022861292 0.02192817875401074 -0.008277657107195205 0.07195453034802973
 -0.04333419810565364 0.08241426210041089 -0.08095609185979488 -0.07182412976995911 0.08759612109686163 -0.03269602141149228 -0.01929110051622246 0.06242164081461377 -0.03645383718682368 0.07986365324556927 -0.06330546359135725 -0.01993874438874767
 0.006673844180136987 -0.0581460446281903 -0.06874871875659333 -0.02818472041800184 0.09520495886337241 -0.09723283024953419 0.01783144779312688 0.03012111125858108 -0.08299915462815693 -0.01285183875819756 0.05666396844584143 0.05859687818945528
 0.01470918453015613 0.02927592984559707 0.0706732749908302 -0.003709455808959455 0.07205540168556707 0.09962103180512707 0.07012627345806308 0.03391289938155548 0.02065941050512121 -0.07232914009614164 -0.06443093359167293 -0.001027254210599404
 0.0505229543484795 0.02635896954706712 0.01028262790713241 0.06862995375333833 0.07582182852990074 0.06389703267724406 -0.03219673963507554 0.05277029009907802 0.06050071166348969 0.06769999678240998 0.09507484104273456 -0.01044650818720114
 0.09227273922228937 -0.01375452572122668 0.02168187341367991 -0.03193235153362577 0.04196591425041735 0.06664434088476953 0.06189174373378317 0.07414941220406354 0.01206584119222916 0.0922474934866849 0.07302858523254935 0.08443150003380079
 0.09098048712494364 -0.0787324054075868 0.06850349757516302 -0.06373053289066971 0.01225289558608889 0.06438357513105547 -0.05547833403435462 0.05673683829506865 -0.09081170387681674 -0.05386026055646091 -0.003688866847590636 0.01974785380706093
 0.0760215991498405 0.03550252535744733 0.01940896686531524 -0.06533464134527356 0.01399021995774326 0.005190622165577113 0.03117245455305434 -0.02667272138325218 -0.02333924652492717 0.05910930400680414 -0.0264003343866928 -0.03044229694702551
 0.06077793276347007 0.06228432570952733 -0.03801652655431979 -0.06500552098917625 -0.0627783095089193 0.07121657423920211 -0.01666291935305032 -0.09077167715110636 0.09728356359717469 0.03375434665092322 0.0127187112470587 0.05836637053660176
 0.09778845567135253 -0.01366284117326597 -0.02572379199335534 0.05569895576559711 0.05820108380793504 0.03388245481251942 0.07899752067578655 0.02838424998226535 0.01341057486891273 -0.09447752203619686 0.02384676914615616 -0.005777461104998827
 -0.00415620971542166 0.05616937796001228 0.08556928676361797 -0.05168687258645593 -0.05641581008277616 0.05756785912639958 0.0763614713402809 -0.08322048775576574 0.05150247234618807 0.09595420637850774 -0.02387112759609128 0.09455872396114914
 -0.00870440823003503 -0.07236004372078424 -0.05337088908172144 0.09817453142930385 0.02857946059140395 -0.02619510314877566 0.07732147837384867 0.01743043360720771 -0.07682954871165998 -0.02004328759961728 -0.06633550287350211 0.03131271573416272
 -0.0778383080237575 -0.06705586448858517 -0.03732615119766623 -0.03691400254717835 -0.0576414149334742 -0.07994711998760515 -0.0731633199805368 0.01078616588296225 0.0081450022936711 0.006912807515761468 0.07098129311893972 -0.02709868834809005
 -0.08777569995745621 -0.06316150732180549 0.07365201853410519 0.001207561894761303 -0.0886342852236202 0.04596844736166855 -0.07910180328974081 -0.07968375169299485 0.07447149910806444 -0.04833535427481738 0.01830581750726001 -0.005656164989174234
