# Created by Octave 4.2.1, Mon Oct 09 13:26:17 2017 BRT <root@mosqueiro>
# name: w1
# type: matrix
# rows: 50
# columns: 12
 0.01457045384171327 -0.02118595668863345 0.0422915600866795 0.07066761295121013 0.08015394382970678 0.09560729328113432 -0.005750332944182063 -0.01869446529331334 0.07587513225116699 0.01815344190165069 -0.06457617660658652 0.06074301861928669
 -0.09314437028485849 0.08654443253611782 0.0009293754934222714 -0.08021170502241494 0.04274786750307202 0.07259700112571035 -0.03660590396125561 -0.09634387311094014 -0.09341111086523002 0.07861016999003118 -0.07884434649627396 -0.009883278254745345
 0.08242770362370469 -0.05055592120060905 -0.0261304560356162 0.08355342635943408 0.06230658791902408 0.02233941985497405 0.002102362804462743 -0.08883262495101198 0.01047069526304031 0.0896525760157493 -0.03949910172721992 -0.05746891701850844
 0.07549195042431997 -0.04374234372006544 0.004641844599967263 -0.02773764716206571 0.07090339051974723 -0.07425410677508509 -0.04543467855137814 0.004624265572352668 -0.07234235589356654 0.08275804774036097 0.05207907959019573 -0.09100192065188274
 -0.0908746981636632 -0.04517607417305777 -0.062487597949475 0.03633522892818888 -0.02631312650965335 -0.08897517853775103 0.006515807293779791 0.07667118784813617 0.06935874031483044 -0.06202169152792329 0.04919867652321999 0.06707613818600455
 -0.07566770982701118 -0.09380405226496388 0.04971961385393181 -0.07158512087403483 0.0791883678908433 0.007213210064675873 0.06113069805887991 -0.09699047242355104 -0.01258490278594845 -0.07340654426749357 0.08296307661786037 -0.05216050987518232
 0.04146539812574257 -0.08130195773061644 0.0566192409626064 0.05821429715106255 0.01359651937583647 -0.0008408293724202209 -0.06525639865836164 -0.01441811168935345 -0.06239993258220625 0.06628689443517502 0.07378672526566904 0.02648918741489309
 -0.003124908801103971 0.07742008372869966 0.04124671031674565 -0.004480549849511989 -0.04563158784525284 0.08655661139484366 0.03357191088219919 -0.01419834799213236 -0.02685345371248923 -0.02219262632376143 -0.02633358833432896 0.07494435414261397
 0.04429864519450127 -0.06968437774523015 -0.005425632842229397 -0.0641429935761495 -0.04689052727631843 -0.05946058749576969 0.0611590048806524 -0.005281026963524157 -0.05057748131615131 0.07007139825329953 0.09751220459248677 0.09903779274942121
 -0.0140814695381508 -0.0826363327197303 0.02493019061774242 0.09123830767601204 -0.07225555380936115 0.05518495827090264 0.09683611841464385 0.02977784848653212 -0.01765579005759707 -0.03135169688139507 -0.04019053619800087 0.01854106345799575
 0.003862575473634292 -0.08926156254929907 -0.00498708192523406 0.03970693469280026 0.0462133380589009 0.07557850248826722 0.03224020320575099 -0.08880766580837038 -0.01236402426727722 -0.09409907672309649 0.08518433033359701 0.01664788899864804
 -0.0726897756850316 -0.06037261866107463 0.06981266386022766 0.06647269465973812 0.09435759452813544 0.0271515115984155 0.06827005108075004 -0.09225289458949881 0.02224566452181302 0.09335896946380495 -0.07544698701599123 -0.0486041168877681
 0.08627759740603605 -0.04137243191328292 0.02044773920900167 0.07863251019118858 -0.01545901820009551 0.00618987423829534 -0.002484103005199398 -0.07503973370228378 0.08316440793359306 0.03324719391845968 -0.01480591338256923 -0.04880537855238355
 0.04182891343034481 -0.08008596240354568 0.03362483970384619 0.04365748576821779 0.07277480884685728 -0.04950000736486958 -0.00486241085288576 -0.08238976611756976 0.00624900806223741 -0.05455717284271867 0.07988874087166678 0.04529824412686978
 0.08928173051458349 -0.09223743915824287 -0.05143140984827935 0.09381600005897858 -0.02959476464974929 -0.04256156886757979 0.06946030331201497 0.09387196668107867 -0.059928912815708 -0.02189493656765752 0.03021283408632672 -0.006250280123477642
 0.04222520312312425 -0.04166573426854582 0.03703535492535268 0.06873700292911167 0.07437482806654044 0.07802309326981005 0.08014878160343106 -0.02404818644556581 -0.06214439112434383 0.0497174837555916 -0.03668684983161491 0.01863060057421714
 -0.0005759521528045652 -0.08760245242680388 0.07462691040203309 0.02765637512815883 0.07131288308969519 0.03508961535223612 0.02252388992624958 -0.03163116479644476 -0.0690374540263789 -0.0009805755323137738 0.08333030080675707 -0.02991151725333298
 0.03482157001153582 -0.03399328469728589 -0.02018718285083304 0.08077086536501052 -0.06100263978852999 -0.05203819744268193 -0.07248891227671173 0.08091153479894814 0.003733513625650303 0.03994033196504446 0.03483574022429278 -0.07038026346236227
 -0.082149088954726 0.08224694165776372 -0.03637274943999484 -0.03486208571593713 -0.05537993707828756 -0.08700961762516984 -0.02236414296856516 -0.07647889558996754 0.07918389810674473 -0.09656505795476102 -0.06488544398680653 0.07131841711393369
 -0.03395489499814638 0.05489503599881729 0.02998105133298923 -0.07548772444980265 0.06154682331096811 -0.06349697447679092 0.04234549907689336 -0.02549024178302108 0.0861835625548511 0.07394034780110145 -0.0101014272773965 0.001909104850962143
 0.04472141485275785 -0.08187617036077854 0.08656954074854106 0.04605490928997841 -0.05387350943624888 -0.06911378586300078 0.09956514170296193 -0.01647208868732589 0.09670472671008901 0.0179010015544038 -0.07960905229128853 0.04617037546005606
 0.09298556073109274 0.09630356681165711 0.04795590348680484 -0.05001652330836842 0.0335951450172505 -0.07924491562780279 -0.09619944055173942 -0.007744722271960408 0.06939875698553508 0.05340898895474935 -0.03010976352045806 0.08029467510113489
 -0.0259912497935816 0.01675210885336564 -0.02816186422513582 -0.08899753136502413 -0.08417005452560833 -0.05897511371404322 0.04976371044021319 -0.06969659923797601 0.04118363097621913 -0.0583990368786662 -0.04842926353904206 0.0376373275647052
 -0.02854658424690347 0.07631905898595578 0.09755197436194893 -0.07840146681198294 -0.02538104770743237 -0.09124388679407226 -0.05178286572546033 -0.08001307623656537 -0.003583501692303426 -0.05991872865357578 0.08227090865890307 -0.08462435123360769
 -0.06676549861732306 -0.03735301562554814 -0.07853089372572852 0.01534577779694654 0.02756773594800363 0.07137179181879386 0.07876713895662113 0.0804848972973202 0.04542054072460339 -0.0695187200937509 -0.06860086904016524 0.09630861461114212
 0.05566028486055505 -0.02843602196613242 -0.09964202282114949 0.02053450529303831 0.06109410069510826 0.0280484133210977 -0.07538249307368877 -0.04563473693530141 -0.07438738587843829 0.0874045641525753 -0.03789789181148599 -0.05788984744488514
 -0.07493347123683564 0.04814023580215654 -0.04433729549673848 -0.09738002500496665 0.07193582549716637 0.09477115086567273 -0.008505881490729311 -0.04861673905193881 -0.0488861550691616 0.06493791989095626 0.01080718962716083 -0.03803809932977277
 -0.004691542015750866 -0.0572004441097007 -0.09202442386260543 -0.06177678584479493 -0.08909456881824297 0.04508483816430847 -0.0228470357605601 -0.03494018958621105 -0.06990602700610143 0.03472947564296733 0.02550534315813752 0.05129369429824249
 -0.007404333206311939 -0.002027161132249114 0.09245504767874677 -0.05764639196899434 -0.0171312457289709 -0.02014111908731744 0.006165354560378922 0.0412359832469627 0.07890070999123716 0.06165461837964506 -0.0358573426389434 -0.05335941040021356
 0.0486079135375132 -0.05668015815762559 -0.09111164040928994 0.08250638990578182 -0.003815778419325705 0.02924173121222731 -0.02628144070542719 0.07914238876589452 -0.02571194746242213 -0.09036829304775663 -0.01488235845525385 0.09566520049150015
 -0.02401043090408485 -0.04704569343089583 -0.04737552022411654 0.05264891606773964 -0.09822353668126645 0.04226130868409778 0.05463135750435644 0.04719817397239839 0.03065842545050845 0.01225237161637656 0.06997656793538018 0.07521779169815065
