# Created by Octave 4.2.1, Mon Oct 09 13:24:51 2017 BRT <root@mosqueiro>
# name: w2
# type: matrix
# rows: 1
# columns: 51
 -0.1428738731571081 -0.1100846309559749 -0.1328234156807766 0.130219028465042 -0.07539442993871344 -0.1608279302589967 0.05574539261027944 0.1138349036215044 0.009661922887077602 0.1410003262324536 0.2476236535469978 0.0001461431958123011 -0.1652927300963896 -0.1529043324244029 0.1885406516666845 0.09923761471644585 0.07751519500408183 0.05878071701619726 -0.1360262965380427 0.03671684645825018 -0.1755742949699072 0.1533254743551634 0.1590176638876699 -0.01117189567035167 -0.02526156400761188 0.0922216271166747 -0.05853555161714135 0.08125607331740399 -0.105597057393801 0.1301111005559335 0.09689204050297029 -0.01617478741701714 0.1595835967404397 0.1297012552850821 -0.02945645009153968 -0.07842993101833688 0.1692153605741433 -0.04617766621846111 0.006207502616212433 0.10934482885128 0.05236988336441342 -0.07503258522289075 0.126831472403637 0.003140111779490535 -0.004014678937312645 0.04176017871407108 0.1046641389699578 -0.03402889963381153 0.09897108413298185 -0.006978713969950707 0.370923891011858


