# Created by Octave 4.2.1, Mon Oct 09 17:06:11 2017 BRT <root@mosqueiro>
# name: bestScores
# type: matrix
# rows: 1
# columns: 30
 0.0937586035523799 0.0937586035523799 0.0937586035523799 0.0937586035523799 0.0937586035523799 0.0937586035523799 0.0937586035523799 0.0937586035523799 0.0937586035523799 0.0937586035523799 0.0937586035523799 0.0937586035523799 0.0937586035523799 0.0937586035523799 0.0937586035523799 0.0937586035523799 0.09299613970327598 0.09299613970327598 0.09299613970327598 0.08608955540663601 0.08595806805396278 0.08595806805396278 0.08595806805396278 0.08376194667853097 0.0837039147774692 0.0837039147774692 0.08369592752286628 0.08368642479469811 0.08368642479469811 0.08368561724051958


