# Created by Octave 4.2.1, Mon Oct 09 17:07:14 2017 BRT <root@mosqueiro>
# name: bestScores
# type: matrix
# rows: 1
# columns: 30
 0.09684033016784524 0.09684033016784524 0.09684033016784524 0.09684033016784524 0.09684033016784524 0.09684033016784524 0.09684033016784524 0.09684033016784524 0.09280284569815757 0.09280284569815757 0.08875582304998095 0.08875582304998095 0.08875582304998095 0.08875582304998095 0.08875582304998095 0.08875582304998095 0.08875582304998095 0.08735671217474629 0.08735671217474629 0.08703506788837696 0.0830256842803732 0.0830256842803732 0.08259983917668839 0.0825367200317729 0.08250169049581081 0.08244790128993247 0.08227069967129357 0.08227069967129357 0.08227069967129357 0.08227069967129357


