# Created by Octave 4.2.1, Mon Oct 09 17:08:16 2017 BRT <root@mosqueiro>
# name: bestScores
# type: matrix
# rows: 1
# columns: 30
 0.09029685740702753 0.09029685740702753 0.09029685740702753 0.09029685740702753 0.09029685740702753 0.09029685740702753 0.09029685740702753 0.09029685740702753 0.09029685740702753 0.09029685740702753 0.09029685740702753 0.09029685740702753 0.09029685740702753 0.09029685740702753 0.09029685740702753 0.09029685740702753 0.08991449153516096 0.08991449153516096 0.08901463823419202 0.08901463823419202 0.08315292264765943 0.08315292264765943 0.08292646147607266 0.08292646147607266 0.08292338652981178 0.08292092939985202 0.08292092939985202 0.08292092939985202 0.0829208814174085 0.08292088022091834


