# Created by Octave 4.2.1, Mon Oct 09 17:06:11 2017 BRT <root@mosqueiro>
# name: meanScores
# type: matrix
# rows: 1
# columns: 30
 5.185551156447889 1.66105479473142 1.55666682820127 0.3699214218742067 0.3837949926684889 0.5848981321317706 0.506194354789742 0.5242272430753948 0.5174199815220074 1.083548555385871 0.3893328870478239 0.2790604687280903 0.2846228479292156 0.2623553690878893 0.1893380232676257 0.1163896888696393 0.1150499225817529 0.1085790370289468 0.09987089504855472 0.1010477226189479 0.1041993016943674 0.1045484842980285 0.116897551919794 0.1592491384044044 0.1068727117602124 0.1166077749702236 0.1115411580979327 0.09924227023292921 0.08574656995130538 0.08837485626179033


