# Created by Octave 4.2.1, Mon Oct 09 17:08:16 2017 BRT <root@mosqueiro>
# name: meanScores
# type: matrix
# rows: 1
# columns: 30
 1.199273802457757 1.161018395919758 0.7878269389568965 0.6243705225509566 1.050200622176574 1.266319977504646 1.092117992651257 0.7657602483070327 0.5375224423342951 1.032203460010414 2.157999004408638 2.099970303805017 0.7062493802205885 0.3095012821594179 0.2529412736321945 0.1333214998874674 0.1218548886121222 0.1162603176775141 0.1133146353503854 0.1173066772537322 0.1060585526665843 0.1062612273640646 0.1684487872747496 0.1465286324293275 0.118917894610557 0.1001953001542657 0.08911409902384353 0.08609824358763167 0.08431140596557621 0.08317800160297806


