# Created by Octave 4.2.1, Mon Oct 09 17:08:30 2017 BRT <root@mosqueiro>
# name: pop
# type: matrix
# rows: 100
# columns: 5
 282.6466254218274 906.3067794946598 -215.2625780833953 -744.3451018949722 -219.3898061467679
 282.6466254218274 906.3067794946598 -215.2625780833953 -744.3451018949722 -219.3898061467679
 999.2187551722702 1438.695062195748 -742.1361039598164 -218.5955738220852 -676.1410610196757
 282.6466254218274 906.3067794946598 -215.2625780833953 -744.3451018949722 -219.3898061467679
 84.80820049295573 742.0053595419012 -1049.365599345203 -1757.823814983138 -589.5925950295356
 1181.822435625708 1080.947518106078 -854.8144843898673 -611.4504786833272 -367.3770609841639
 282.6466254218274 906.3067794946598 -215.2625780833953 -744.3451018949722 -219.3898061467679
 282.6466254218274 906.3067794946598 -215.2625780833953 -744.3451018949722 -219.3898061467679
 1162.049907011839 177.1653182621731 -1661.911924419399 -433.3329292952509 392.489120912691
 282.6466254218274 906.3067794946598 -215.2625780833953 -744.3451018949722 -219.3898061467679
 282.6466254218274 906.3067794946598 -215.2625780833953 -744.3451018949722 -219.3898061467679
 282.6466254218274 906.3067794946598 -215.2625780833953 -744.3451018949722 -219.3898061467679
 282.6466254218274 906.3067794946598 -215.2625780833953 -744.3451018949722 -219.3898061467679
 282.6466254218274 906.3067794946598 -215.2625780833953 -744.3451018949722 -219.3898061467679
 282.6466254218274 906.3067794946598 -215.2625780833953 -744.3451018949722 -219.3898061467679
 282.6466254218274 906.3067794946598 -215.2625780833953 -744.3451018949722 -219.3898061467679
 282.6466254218274 906.3067794946598 -215.2625780833953 -744.3451018949722 -219.3898061467679
 282.6466254218274 906.3067794946598 -215.2625780833953 -744.3451018949722 -219.3898061467679
 519.1881607984017 -170.1722159537701 -897.0667289754474 17.25802107036986 954.3807338326062
 -1199.963457753168 -3167.147354929061 919.0975570092843 217.6018849271486 1000.300014935895
 196.4869767653321 1118.029031197984 346.2174758318949 -1155.787618970341 -132.5826630947477
 1162.049907011839 177.1653182621731 -1661.911924419399 -433.3329292952509 392.489120912691
 634.3199645829002 685.6181530225401 66.94614026111805 -1028.779626605466 1040.109935276198
 137.3061097381568 -2137.430985479467 -46.96860768430543 1388.200520867664 3330.194982444352
 282.6466254218274 906.3067794946598 -215.2625780833953 -744.3451018949722 -219.3898061467679
 983.5042890380433 3473.14759800224 1641.787412548473 -2285.071314870906 571.096098811366
 282.6466254218274 906.3067794946598 -215.2625780833953 -744.3451018949722 -219.3898061467679
 -37.17434296954713 472.7456463927592 779.2179598365673 -733.9193186439043 -611.2366666536702
 3191.796032508031 523.6401655346745 -367.9090963169324 647.2216505431688 194.6373972439347
 282.6466254218274 906.3067794946598 -215.2625780833953 -744.3451018949722 -219.3898061467679
 84.80820049295573 742.0053595419012 -1049.365599345203 -1757.823814983138 -589.5925950295356
 -37.17434296954713 472.7456463927592 779.2179598365673 -733.9193186439043 -611.2366666536702
 1162.049907011839 177.1653182621731 -1661.911924419399 -433.3329292952509 392.489120912691
 282.6466254218274 906.3067794946598 -215.2625780833953 -744.3451018949722 -219.3898061467679
 282.6466254218274 906.3067794946598 -215.2625780833953 -744.3451018949722 -219.3898061467679
 282.6466254218274 906.3067794946598 -215.2625780833953 -744.3451018949722 -219.3898061467679
 282.6466254218274 906.3067794946598 -215.2625780833953 -744.3451018949722 -219.3898061467679
 1412.972266718245 1403.982201078696 -937.8088899786087 -1843.334815039818 -1082.933029118273
 282.6466254218274 906.3067794946598 -215.2625780833953 -744.3451018949722 -219.3898061467679
 282.6466254218274 906.3067794946598 -215.2625780833953 -744.3451018949722 -219.3898061467679
 282.6466254218274 906.3067794946598 -215.2625780833953 -744.3451018949722 -219.3898061467679
 282.6466254218274 906.3067794946598 -215.2625780833953 -744.3451018949722 -219.3898061467679
 -37.17434296954713 472.7456463927592 779.2179598365673 -733.9193186439043 -611.2366666536702
 634.3199645829002 685.6181530225401 66.94614026111805 -1028.779626605466 1040.109935276198
 282.6466254218274 906.3067794946598 -215.2625780833953 -744.3451018949722 -219.3898061467679
 282.6466254218274 906.3067794946598 -215.2625780833953 -744.3451018949722 -219.3898061467679
 -395.6941937287695 368.0150872482488 -120.3307858765793 -1019.387802506586 -33.76810866770572
 137.3061097381568 -2137.430985479467 -46.96860768430543 1388.200520867664 3330.194982444352
 -37.17434296954713 472.7456463927592 779.2179598365673 -733.9193186439043 -611.2366666536702
 282.6466254218274 906.3067794946598 -215.2625780833953 -744.3451018949722 -219.3898061467679
 999.2187551722702 1438.695062195748 -742.1361039598164 -218.5955738220852 -676.1410610196757
 282.6466254218274 906.3067794946598 -215.2625780833953 -744.3451018949722 -219.3898061467679
 137.3061097381568 -2137.430985479467 -46.96860768430543 1388.200520867664 3330.194982444352
 831.4447103449999 588.0896864182153 -635.8613528898286 -475.4061390625729 254.7346320004677
 1412.972266718245 1403.982201078696 -937.8088899786087 -1843.334815039818 -1082.933029118273
 282.6466254218274 906.3067794946598 -215.2625780833953 -744.3451018949722 -219.3898061467679
 999.2187551722702 1438.695062195748 -742.1361039598164 -218.5955738220852 -676.1410610196757
 282.6466254218274 906.3067794946598 -215.2625780833953 -744.3451018949722 -219.3898061467679
 282.6466254218274 906.3067794946598 -215.2625780833953 -744.3451018949722 -219.3898061467679
 282.6466254218274 906.3067794946598 -215.2625780833953 -744.3451018949722 -219.3898061467679
 1409.14703652571 -2065.554534613692 1277.20245742078 -445.6014432264668 -401.0542099359631
 282.6466254218274 906.3067794946598 -215.2625780833953 -744.3451018949722 -219.3898061467679
 831.4447103449999 588.0896864182153 -635.8613528898286 -475.4061390625729 254.7346320004677
 282.6466254218274 906.3067794946598 -215.2625780833953 -744.3451018949722 -219.3898061467679
 282.6466254218274 906.3067794946598 -215.2625780833953 -744.3451018949722 -219.3898061467679
 282.6466254218274 906.3067794946598 -215.2625780833953 -744.3451018949722 -219.3898061467679
 282.6466254218274 906.3067794946598 -215.2625780833953 -744.3451018949722 -219.3898061467679
 2000.422331637245 2074.538844513429 -939.0732818002253 -473.1590234114949 -417.3674950493048
 -395.6941937287695 368.0150872482488 -120.3307858765793 -1019.387802506586 -33.76810866770572
 279.7472277449499 -745.5595765177851 792.6490584717176 310.6921349535924 -1330.814020215067
 282.6466254218274 906.3067794946598 -215.2625780833953 -744.3451018949722 -219.3898061467679
 282.6466254218274 906.3067794946598 -215.2625780833953 -744.3451018949722 -219.3898061467679
 -1199.963457753168 -3167.147354929061 919.0975570092843 217.6018849271486 1000.300014935895
 282.6466254218274 906.3067794946598 -215.2625780833953 -744.3451018949722 -219.3898061467679
 519.1881607984017 -170.1722159537701 -897.0667289754474 17.25802107036986 954.3807338326062
 -1199.963457753168 -3167.147354929061 919.0975570092843 217.6018849271486 1000.300014935895
 282.6466254218274 906.3067794946598 -215.2625780833953 -744.3451018949722 -219.3898061467679
 282.6466254218274 906.3067794946598 -215.2625780833953 -744.3451018949722 -219.3898061467679
 282.6466254218274 906.3067794946598 -215.2625780833953 -744.3451018949722 -219.3898061467679
 884.8217952250537 1179.146697106964 -1164.244205947806 -742.5160955791255 76.97501351891805
 517.8917664080442 1359.731502401594 -315.1822532908557 -1095.699343662124 -583.5254556141172
 819.0105984717861 687.0331744188287 -582.9684203523888 -703.634029083387 -376.3883233918275
 -954.3164071833039 -3407.419373048587 1048.866596801742 -47.72902580106194 1717.048079014714
 220.1488362764076 89.91062892566316 -1016.671755718447 -125.4900375793211 1428.482785607615
