# Created by Octave 4.2.1, Mon Oct 09 17:07:59 2017 BRT <root@mosqueiro>
# name: pop
# type: matrix
# rows: 100
# columns: 5
 -325.2790696857643 354.9873460297069 -90.51417018330801 -282.7036551905843 344.9241630361785
 -325.2790696857643 354.9873460297069 -90.51417018330801 -282.7036551905843 344.9241630361785
 -325.2790696857643 354.9873460297069 -90.51417018330801 -282.7036551905843 344.9241630361785
 -325.2790696857643 354.9873460297069 -90.51417018330801 -282.7036551905843 344.9241630361785
 -325.2790696857643 354.9873460297069 -90.51417018330801 -282.7036551905843 344.9241630361785
 -325.2790696857643 354.9873460297069 -90.51417018330801 -282.7036551905843 344.9241630361785
 -238.1290298768392 176.6263040274181 -64.93042678853352 -247.0101530311367 646.5504229962173
 186.7238119288054 -555.0193118543125 432.3143517014493 -618.9133798795431 704.0551982188778
 -325.2790696857643 354.9873460297069 -90.51417018330801 -282.7036551905843 344.9241630361785
 -325.2790696857643 354.9873460297069 -90.51417018330801 -282.7036551905843 344.9241630361785
 -325.2790696857643 354.9873460297069 -90.51417018330801 -282.7036551905843 344.9241630361785
 -325.2790696857643 354.9873460297069 -90.51417018330801 -282.7036551905843 344.9241630361785
 -325.2790696857643 354.9873460297069 -90.51417018330801 -282.7036551905843 344.9241630361785
 -325.2790696857643 354.9873460297069 -90.51417018330801 -282.7036551905843 344.9241630361785
 -587.4513319468981 -533.0714872548187 120.0709037884661 -16.55996614450584 -151.0552398707177
 -325.2790696857643 354.9873460297069 -90.51417018330801 -282.7036551905843 344.9241630361785
 -325.2790696857643 354.9873460297069 -90.51417018330801 -282.7036551905843 344.9241630361785
 -325.2790696857643 354.9873460297069 -90.51417018330801 -282.7036551905843 344.9241630361785
 -325.2790696857643 354.9873460297069 -90.51417018330801 -282.7036551905843 344.9241630361785
 -325.2790696857643 354.9873460297069 -90.51417018330801 -282.7036551905843 344.9241630361785
 -325.2790696857643 354.9873460297069 -90.51417018330801 -282.7036551905843 344.9241630361785
 -460.9458253310992 -25.75586332436296 -81.86298789992918 705.9483235344849 1631.962652815993
 -325.2790696857643 354.9873460297069 -90.51417018330801 -282.7036551905843 344.9241630361785
 -325.2790696857643 354.9873460297069 -90.51417018330801 -282.7036551905843 344.9241630361785
 -325.2790696857643 354.9873460297069 -90.51417018330801 -282.7036551905843 344.9241630361785
 -325.2790696857643 354.9873460297069 -90.51417018330801 -282.7036551905843 344.9241630361785
 186.7238119288054 -555.0193118543125 432.3143517014493 -618.9133798795431 704.0551982188778
 -325.2790696857643 354.9873460297069 -90.51417018330801 -282.7036551905843 344.9241630361785
 -277.3553830717025 -552.4960922181559 -96.48619348319278 1231.910324034506 529.4652224677617
 -325.2790696857643 354.9873460297069 -90.51417018330801 -282.7036551905843 344.9241630361785
 -325.2790696857643 354.9873460297069 -90.51417018330801 -282.7036551905843 344.9241630361785
 -750.7670560884969 -490.4172622118011 -627.1022838929026 -91.91456385628504 1153.191017873102
 -325.2790696857643 354.9873460297069 -90.51417018330801 -282.7036551905843 344.9241630361785
 -277.3553830717025 -552.4960922181559 -96.48619348319278 1231.910324034506 529.4652224677617
 -325.2790696857643 354.9873460297069 -90.51417018330801 -282.7036551905843 344.9241630361785
 -117.6755877861196 -757.2770077829624 830.9275024129468 -528.2619027785922 605.5519445185878
 -325.2790696857643 354.9873460297069 -90.51417018330801 -282.7036551905843 344.9241630361785
 -126.271855080106 2919.927756682723 912.8330059794337 1207.848208229514 4609.173866813815
 -955.9383996602172 884.9809640767407 -127.9657011743123 -419.658663892869 868.9280031057395
 -86.69575795188629 2327.925813954726 233.9975587754896 56.47005392072509 -11.85023142787185
 -563.6909538651925 200.3288249752814 -603.5482297786787 -506.4496049693793 -322.0296026646087
 -86.69575795188629 2327.925813954726 233.9975587754896 56.47005392072509 -11.85023142787185
 -764.7386779683101 511.9878989986435 -500.442608715533 2.454726122312707 314.7241546650948
 -0.0888942380942126 -1602.652554513832 -206.0935332930582 -471.8164756648502 1211.593978994238
 -325.2790696857643 354.9873460297069 -90.51417018330801 -282.7036551905843 344.9241630361785
 -126.271855080106 2919.927756682723 912.8330059794337 1207.848208229514 4609.173866813815
 -325.2790696857643 354.9873460297069 -90.51417018330801 -282.7036551905843 344.9241630361785
 -325.2790696857643 354.9873460297069 -90.51417018330801 -282.7036551905843 344.9241630361785
 -126.271855080106 2919.927756682723 912.8330059794337 1207.848208229514 4609.173866813815
 -334.3665467989187 10.37912627145113 -153.6896715695761 -352.2686689412542 734.5237287574856
 -325.2790696857643 354.9873460297069 -90.51417018330801 -282.7036551905843 344.9241630361785
 -325.2790696857643 354.9873460297069 -90.51417018330801 -282.7036551905843 344.9241630361785
 -325.2790696857643 354.9873460297069 -90.51417018330801 -282.7036551905843 344.9241630361785
 -325.2790696857643 354.9873460297069 -90.51417018330801 -282.7036551905843 344.9241630361785
 -325.2790696857643 354.9873460297069 -90.51417018330801 -282.7036551905843 344.9241630361785
 -325.2790696857643 354.9873460297069 -90.51417018330801 -282.7036551905843 344.9241630361785
 -325.2790696857643 354.9873460297069 -90.51417018330801 -282.7036551905843 344.9241630361785
 144.2687736631152 250.5812311859517 -964.4966623609733 -573.3763496798008 1238.996768112914
 -325.2790696857643 354.9873460297069 -90.51417018330801 -282.7036551905843 344.9241630361785
 -325.2790696857643 354.9873460297069 -90.51417018330801 -282.7036551905843 344.9241630361785
 -1007.702109013112 519.1524073499314 -283.2738959472046 -27.41375536852919 995.3686129357004
 -325.2790696857643 354.9873460297069 -90.51417018330801 -282.7036551905843 344.9241630361785
 -325.2790696857643 354.9873460297069 -90.51417018330801 -282.7036551905843 344.9241630361785
 -460.9458253310992 -25.75586332436296 -81.86298789992918 705.9483235344849 1631.962652815993
 -96.29543873639633 -1531.500564157374 518.3822017966218 -138.0458834831398 109.7318526983445
 186.9264516667345 159.7387128676475 -452.1109807762479 -918.9302681091913 103.2634858975005
 -325.2790696857643 354.9873460297069 -90.51417018330801 -282.7036551905843 344.9241630361785
 -325.2790696857643 354.9873460297069 -90.51417018330801 -282.7036551905843 344.9241630361785
 -117.6755877861196 -757.2770077829624 830.9275024129468 -528.2619027785922 605.5519445185878
 -96.29543873639633 -1531.500564157374 518.3822017966218 -138.0458834831398 109.7318526983445
 -325.2790696857643 354.9873460297069 -90.51417018330801 -282.7036551905843 344.9241630361785
 -325.2790696857643 354.9873460297069 -90.51417018330801 -282.7036551905843 344.9241630361785
 -51.65805298948692 224.5862305419444 82.56522767311267 60.49896204152839 351.1860967482001
 -325.2790696857643 354.9873460297069 -90.51417018330801 -282.7036551905843 344.9241630361785
 162.4235604743462 -347.5197825721142 -1401.088758282667 -149.2964106919356 1675.572804137625
 -325.2790696857643 354.9873460297069 -90.51417018330801 -282.7036551905843 344.9241630361785
 -325.2790696857643 354.9873460297069 -90.51417018330801 -282.7036551905843 344.9241630361785
 -325.2790696857643 354.9873460297069 -90.51417018330801 -282.7036551905843 344.9241630361785
 -137.5889535660369 -461.0512673671801 49.07059631097579 138.6382752188429 218.3096356725333
 -587.4513319468981 -533.0714872548187 120.0709037884661 -16.55996614450584 -151.0552398707177
 -3.93405279760924 -323.6047767187358 536.3129392699196 -724.627116807254 958.4777733004062
 -177.0880516308522 542.288544508876 -14.03667506482657 -550.8983774136524 186.4112220749337
 -597.0376262251314 345.0994232872283 -55.61297126122497 -333.6772722974168 -201.3818217979801
