# Created by Octave 4.2.1, Mon Oct 09 17:05:49 2017 BRT <root@mosqueiro>
# name: pop
# type: matrix
# rows: 100
# columns: 5
 560.5881087202872 -215.4828132724439 -19.72543151784976 -129.2700558841981 -194.4030114807059
 560.5881087202872 -215.4828132724439 -19.72543151784976 -129.2700558841981 -194.4030114807059
 1689.504338896601 -2394.526261675167 -371.7463330068024 1009.564888345205 77.41122694885971
 -1603.90154041826 506.429637309041 2702.66521524995 2265.707608461124 -1463.26378432133
 560.5881087202872 -215.4828132724439 -19.72543151784976 -129.2700558841981 -194.4030114807059
 579.9105498711031 -298.4841783193527 201.8883407208616 -98.36753372050975 -644.5059556376077
 560.5881087202872 -215.4828132724439 -19.72543151784976 -129.2700558841981 -194.4030114807059
 4138.074622138774 3185.170723757076 1900.756500785509 4733.174529302052 1572.973623856273
 560.5881087202872 -215.4828132724439 -19.72543151784976 -129.2700558841981 -194.4030114807059
 590.681476726101 -248.4592955972539 -619.7351090141149 512.3413155429935 53.9392655493366
 1689.504338896601 -2394.526261675167 -371.7463330068024 1009.564888345205 77.41122694885971
 -925.9627821041951 -33.04835317575089 -89.9178239514921 923.1718237354667 175.6436132977217
 560.5881087202872 -215.4828132724439 -19.72543151784976 -129.2700558841981 -194.4030114807059
 560.5881087202872 -215.4828132724439 -19.72543151784976 -129.2700558841981 -194.4030114807059
 560.5881087202872 -215.4828132724439 -19.72543151784976 -129.2700558841981 -194.4030114807059
 -4169.589488542694 488.1757422198185 -110.6107793662862 3372.677167506215 -1926.96685288558
 560.5881087202872 -215.4828132724439 -19.72543151784976 -129.2700558841981 -194.4030114807059
 1689.504338896601 -2394.526261675167 -371.7463330068024 1009.564888345205 77.41122694885971
 201.0934456001938 688.6346122043087 -606.0305040968593 2254.74579597365 -270.7021860513416
 3251.463250966451 2520.234104703055 -301.4292576424491 7252.707175267362 -407.7408825132187
 54.4271052320251 867.40501478006 -1519.492623299118 -1370.906261733908 462.9203084868157
 485.0344178358639 -354.3342941126679 -277.6772780889413 571.4591510788248 -531.3080085953382
 -451.9135135440985 636.8290308070239 502.6972205619029 -362.192904559049 158.6178988673355
 560.5881087202872 -215.4828132724439 -19.72543151784976 -129.2700558841981 -194.4030114807059
 -925.9627821041951 -33.04835317575089 -89.9178239514921 923.1718237354667 175.6436132977217
 211.6212602384477 -1525.235780345506 390.394843968183 -738.4504541368085 3171.849774649853
 560.5881087202872 -215.4828132724439 -19.72543151784976 -129.2700558841981 -194.4030114807059
 560.5881087202872 -215.4828132724439 -19.72543151784976 -129.2700558841981 -194.4030114807059
 -710.657841820062 531.0537740170644 -470.5359643342824 392.7591994837339 208.2496982342811
 -710.657841820062 531.0537740170644 -470.5359643342824 392.7591994837339 208.2496982342811
 560.5881087202872 -215.4828132724439 -19.72543151784976 -129.2700558841981 -194.4030114807059
 1689.504338896601 -2394.526261675167 -371.7463330068024 1009.564888345205 77.41122694885971
 -4670.823403947203 -2143.935737213353 -524.2875477947736 2131.920413039156 -1602.503395158935
 1689.504338896601 -2394.526261675167 -371.7463330068024 1009.564888345205 77.41122694885971
 -894.2615976436302 437.1844559244996 -397.7931001198142 636.4966568086445 261.5455653421509
 560.5881087202872 -215.4828132724439 -19.72543151784976 -129.2700558841981 -194.4030114807059
 485.0344178358639 -354.3342941126679 -277.6772780889413 571.4591510788248 -531.3080085953382
 560.5881087202872 -215.4828132724439 -19.72543151784976 -129.2700558841981 -194.4030114807059
 201.0934456001938 688.6346122043087 -606.0305040968593 2254.74579597365 -270.7021860513416
 -1591.705424383872 3413.255889748946 -317.6604441675164 -1696.866446212599 158.5436380821819
 560.5881087202872 -215.4828132724439 -19.72543151784976 -129.2700558841981 -194.4030114807059
 -5624.196304565635 1371.115443541368 -1241.552107213166 187.2616596679321 -512.2151220175796
 485.0344178358639 -354.3342941126679 -277.6772780889413 571.4591510788248 -531.3080085953382
 560.5881087202872 -215.4828132724439 -19.72543151784976 -129.2700558841981 -194.4030114807059
 560.5881087202872 -215.4828132724439 -19.72543151784976 -129.2700558841981 -194.4030114807059
 560.5881087202872 -215.4828132724439 -19.72543151784976 -129.2700558841981 -194.4030114807059
 560.5881087202872 -215.4828132724439 -19.72543151784976 -129.2700558841981 -194.4030114807059
 50.52708775838539 1814.92086023181 -519.8092193939999 2203.59053562928 3006.908820351202
 560.5881087202872 -215.4828132724439 -19.72543151784976 -129.2700558841981 -194.4030114807059
 560.5881087202872 -215.4828132724439 -19.72543151784976 -129.2700558841981 -194.4030114807059
 -894.2615976436302 437.1844559244996 -397.7931001198142 636.4966568086445 261.5455653421509
 931.3737192719891 160.4482446888128 636.4171841370071 94.42768408120946 -577.6901286335237
 560.5881087202872 -215.4828132724439 -19.72543151784976 -129.2700558841981 -194.4030114807059
 560.5881087202872 -215.4828132724439 -19.72543151784976 -129.2700558841981 -194.4030114807059
 632.3414541429681 -522.7608010294089 743.8997635611836 -37.97190012003125 -443.9077096324132
 -710.657841820062 531.0537740170644 -470.5359643342824 392.7591994837339 208.2496982342811
 560.5881087202872 -215.4828132724439 -19.72543151784976 -129.2700558841981 -194.4030114807059
 560.5881087202872 -215.4828132724439 -19.72543151784976 -129.2700558841981 -194.4030114807059
 560.5881087202872 -215.4828132724439 -19.72543151784976 -129.2700558841981 -194.4030114807059
 560.5881087202872 -215.4828132724439 -19.72543151784976 -129.2700558841981 -194.4030114807059
 560.5881087202872 -215.4828132724439 -19.72543151784976 -129.2700558841981 -194.4030114807059
 560.5881087202872 -215.4828132724439 -19.72543151784976 -129.2700558841981 -194.4030114807059
 560.5881087202872 -215.4828132724439 -19.72543151784976 -129.2700558841981 -194.4030114807059
 -4169.589488542694 488.1757422198185 -110.6107793662862 3372.677167506215 -1926.96685288558
 560.5881087202872 -215.4828132724439 -19.72543151784976 -129.2700558841981 -194.4030114807059
 560.5881087202872 -215.4828132724439 -19.72543151784976 -129.2700558841981 -194.4030114807059
 632.3414541429681 -522.7608010294089 743.8997635611836 -37.97190012003125 -443.9077096324132
 1689.504338896601 -2394.526261675167 -371.7463330068024 1009.564888345205 77.41122694885971
 590.681476726101 -248.4592955972539 -619.7351090141149 512.3413155429935 53.9392655493366
 560.5881087202872 -215.4828132724439 -19.72543151784976 -129.2700558841981 -194.4030114807059
 201.0934456001938 688.6346122043087 -606.0305040968593 2254.74579597365 -270.7021860513416
 560.5881087202872 -215.4828132724439 -19.72543151784976 -129.2700558841981 -194.4030114807059
 50.52708775838539 1814.92086023181 -519.8092193939999 2203.59053562928 3006.908820351202
 560.5881087202872 -215.4828132724439 -19.72543151784976 -129.2700558841981 -194.4030114807059
 1689.504338896601 -2394.526261675167 -371.7463330068024 1009.564888345205 77.41122694885971
 560.5881087202872 -215.4828132724439 -19.72543151784976 -129.2700558841981 -194.4030114807059
 368.9543473190211 504.7002866032055 -772.1314472452151 -171.1756146910043 140.282926453079
 560.5881087202872 -215.4828132724439 -19.72543151784976 -129.2700558841981 -194.4030114807059
 560.5881087202872 -215.4828132724439 -19.72543151784976 -129.2700558841981 -194.4030114807059
 560.5881087202872 -215.4828132724439 -19.72543151784976 -129.2700558841981 -194.4030114807059
 1643.896870783596 826.6772416038766 -1976.07092544876 1263.170432051043 775.6033125701321
 4970.729277669273 1165.592801538629 -3380.015491009608 7484.333902087915 -2946.904806312913
 614.7377725370415 8.541182676943237 464.9144899993132 -671.7559905256104 847.6136292191626
 1476.790234054557 1608.846344649412 -1116.02461562509 -3367.653648422752 1113.199244245092
