# Created by Octave 4.2.1, Mon Oct 09 17:07:03 2017 BRT <root@mosqueiro>
# name: pop
# type: matrix
# rows: 100
# columns: 5
 615.1536986513984 -126.5993370543571 -1142.933794299216 1501.671416527957 -844.8635222840937
 615.1536986513984 -126.5993370543571 -1142.933794299216 1501.671416527957 -844.8635222840937
 549.2069253055546 -516.1545675680293 -901.5443233713909 948.2040929113657 -70.17469444954628
 615.1536986513984 -126.5993370543571 -1142.933794299216 1501.671416527957 -844.8635222840937
 669.0204571675249 1.422445843978267 -1235.2676286313 1270.206469986237 -861.6615767357558
 615.1536986513984 -126.5993370543571 -1142.933794299216 1501.671416527957 -844.8635222840937
 549.2069253055546 -516.1545675680293 -901.5443233713909 948.2040929113657 -70.17469444954628
 667.376979542935 -115.9210497148735 -1108.847517369837 1360.647651895481 -796.8878766195368
 -1253.773665091661 757.0786704815476 667.236358538519 1321.222234425491 808.5074757066724
 672.6744565385402 -187.7121152048389 -1112.80935623142 1447.240792759146 -814.5750081722219
 615.1536986513984 -126.5993370543571 -1142.933794299216 1501.671416527957 -844.8635222840937
 615.1536986513984 -126.5993370543571 -1142.933794299216 1501.671416527957 -844.8635222840937
 615.1536986513984 -126.5993370543571 -1142.933794299216 1501.671416527957 -844.8635222840937
 615.1536986513984 -126.5993370543571 -1142.933794299216 1501.671416527957 -844.8635222840937
 614.4535731589982 20.77184319226586 -1048.652363802658 1516.229670831208 -748.9182159791806
 355.0370600761514 -150.7621870815583 -705.6094967001494 976.4886598116204 -319.4066471182647
 615.1536986513984 -126.5993370543571 -1142.933794299216 1501.671416527957 -844.8635222840937
 615.1536986513984 -126.5993370543571 -1142.933794299216 1501.671416527957 -844.8635222840937
 615.1536986513984 -126.5993370543571 -1142.933794299216 1501.671416527957 -844.8635222840937
 736.1773839431962 -99.81818874289218 -469.1655043127652 825.4328914484084 602.2922585805077
 549.2069253055546 -516.1545675680293 -901.5443233713909 948.2040929113657 -70.17469444954628
 615.1536986513984 -126.5993370543571 -1142.933794299216 1501.671416527957 -844.8635222840937
 340.675143149484 -236.2628111503944 -606.3011560932722 705.5317138136701 -629.6697376905454
 615.1536986513984 -126.5993370543571 -1142.933794299216 1501.671416527957 -844.8635222840937
 615.1536986513984 -126.5993370543571 -1142.933794299216 1501.671416527957 -844.8635222840937
 615.1536986513984 -126.5993370543571 -1142.933794299216 1501.671416527957 -844.8635222840937
 615.1536986513984 -126.5993370543571 -1142.933794299216 1501.671416527957 -844.8635222840937
 615.1536986513984 -126.5993370543571 -1142.933794299216 1501.671416527957 -844.8635222840937
 424.5393618831072 -382.9208043788379 -1013.906673373052 1610.239428419839 -708.9398608906969
 615.1536986513984 -126.5993370543571 -1142.933794299216 1501.671416527957 -844.8635222840937
 204.4637461637259 294.2641839717886 -748.6471968546007 972.0690582374033 -640.0242573583459
 615.1536986513984 -126.5993370543571 -1142.933794299216 1501.671416527957 -844.8635222840937
 669.0204571675249 1.422445843978267 -1235.2676286313 1270.206469986237 -861.6615767357558
 615.1536986513984 -126.5993370543571 -1142.933794299216 1501.671416527957 -844.8635222840937
 778.1243857331268 -276.0937160565311 -1112.793492425736 1230.522412859319 -609.1550257692082
 615.1536986513984 -126.5993370543571 -1142.933794299216 1501.671416527957 -844.8635222840937
 424.5393618831072 -382.9208043788379 -1013.906673373052 1610.239428419839 -708.9398608906969
 591.0410995824471 -471.9865654328469 -676.5934045995609 1011.556703766383 33.27780978092163
 639.010815557077 -168.436112467907 -1187.655495379767 1562.985925125222 -815.4840325531775
 600.9591056045514 -127.4734917795035 -1152.677426409638 1492.619679670712 -729.0829576758663
 700.982466887644 -395.0630720898947 -774.7832635345218 979.2686396033329 -176.6352922999243
 615.1536986513984 -126.5993370543571 -1142.933794299216 1501.671416527957 -844.8635222840937
 615.1536986513984 -126.5993370543571 -1142.933794299216 1501.671416527957 -844.8635222840937
 549.2069253055546 -516.1545675680293 -901.5443233713909 948.2040929113657 -70.17469444954628
 615.1536986513984 -126.5993370543571 -1142.933794299216 1501.671416527957 -844.8635222840937
 615.1536986513984 -126.5993370543571 -1142.933794299216 1501.671416527957 -844.8635222840937
 639.010815557077 -168.436112467907 -1187.655495379767 1562.985925125222 -815.4840325531775
 615.1536986513984 -126.5993370543571 -1142.933794299216 1501.671416527957 -844.8635222840937
 615.1536986513984 -126.5993370543571 -1142.933794299216 1501.671416527957 -844.8635222840937
 615.1536986513984 -126.5993370543571 -1142.933794299216 1501.671416527957 -844.8635222840937
 458.6585320637209 -63.34174233924648 -518.5875542202955 738.7709262897456 -581.0494691775859
 615.1536986513984 -126.5993370543571 -1142.933794299216 1501.671416527957 -844.8635222840937
 458.6585320637209 -63.34174233924648 -518.5875542202955 738.7709262897456 -581.0494691775859
 615.1536986513984 -126.5993370543571 -1142.933794299216 1501.671416527957 -844.8635222840937
 615.1536986513984 -126.5993370543571 -1142.933794299216 1501.671416527957 -844.8635222840937
 615.1536986513984 -126.5993370543571 -1142.933794299216 1501.671416527957 -844.8635222840937
 615.1536986513984 -126.5993370543571 -1142.933794299216 1501.671416527957 -844.8635222840937
 615.1536986513984 -126.5993370543571 -1142.933794299216 1501.671416527957 -844.8635222840937
 615.1536986513984 -126.5993370543571 -1142.933794299216 1501.671416527957 -844.8635222840937
 458.6585320637209 -63.34174233924648 -518.5875542202955 738.7709262897456 -581.0494691775859
 639.010815557077 -168.436112467907 -1187.655495379767 1562.985925125222 -815.4840325531775
 -1253.773665091661 757.0786704815476 667.236358538519 1321.222234425491 808.5074757066724
 778.1243857331268 -276.0937160565311 -1112.793492425736 1230.522412859319 -609.1550257692082
 644.885398736106 -197.9617807835112 -1184.609226493924 1523.096354528323 -726.3928776146828
 615.1536986513984 -126.5993370543571 -1142.933794299216 1501.671416527957 -844.8635222840937
 615.1536986513984 -126.5993370543571 -1142.933794299216 1501.671416527957 -844.8635222840937
 337.5415789332484 -152.1140543018253 -1252.481390879079 1662.608886503871 -1506.965350478681
 615.1536986513984 -126.5993370543571 -1142.933794299216 1501.671416527957 -844.8635222840937
 493.8488986319398 -106.7625013919616 -1104.858748870134 1537.594318803506 -866.2409411972645
 615.1536986513984 -126.5993370543571 -1142.933794299216 1501.671416527957 -844.8635222840937
 615.1536986513984 -126.5993370543571 -1142.933794299216 1501.671416527957 -844.8635222840937
 458.6585320637209 -63.34174233924648 -518.5875542202955 738.7709262897456 -581.0494691775859
 576.3183681308149 -321.4632836090404 -853.1808496909382 979.892852612337 -21.27202528719454
 595.4155599659448 -117.5717093966937 -1109.612517452632 1506.977817599115 -914.4566067350256
 549.2069253055546 -516.1545675680293 -901.5443233713909 948.2040929113657 -70.17469444954628
 477.6299521497949 -623.026638503553 -941.1293360954431 741.0308116370869 -21.64574708263775
 493.8488986319398 -106.7625013919616 -1104.858748870134 1537.594318803506 -866.2409411972645
 615.1536986513984 -126.5993370543571 -1142.933794299216 1501.671416527957 -844.8635222840937
 615.1536986513984 -126.5993370543571 -1142.933794299216 1501.671416527957 -844.8635222840937
 614.4535731589982 20.77184319226586 -1048.652363802658 1516.229670831208 -748.9182159791806
 630.8238931881097 -206.6121449519142 -1150.941015618173 1484.152071949083 -789.7515487969196
 633.6016500768466 -140.4375429257764 -1244.669441433218 1567.307863511479 -785.966506245628
 766.9154869084268 17.62974172867767 -389.4633328412215 995.051777689285 601.9990964457013
 653.4600656761538 -116.8812487131124 -1244.212374262191 1264.068453964023 -889.2630805088518
