# Created by Octave 4.2.1, Mon Oct 09 17:08:24 2017 BRT <root@mosqueiro>
# name: pop
# type: matrix
# rows: 100
# columns: 5
 282.6466254218274 906.3067794946598 -215.2625780833953 -744.3451018949722 -219.3898061467679
 282.6466254218274 906.3067794946598 -215.2625780833953 -744.3451018949722 -219.3898061467679
 282.6466254218274 906.3067794946598 -215.2625780833953 -744.3451018949722 -219.3898061467679
 -1086.986157917016 4158.319949353368 896.2112856144879 -337.641954202469 1503.778361871694
 282.6466254218274 906.3067794946598 -215.2625780833953 -744.3451018949722 -219.3898061467679
 -1275.075708035989 4477.971882734832 1243.88351896072 12.98664179477475 -1759.613395587161
 -66.92183153725227 223.9918175622283 708.993341268985 -159.5457728295037 -677.9949406864059
 -112.9401951817749 456.7318523222143 -546.3148074714293 -279.6520396716184 -151.3362247228686
 282.6466254218274 906.3067794946598 -215.2625780833953 -744.3451018949722 -219.3898061467679
 -991.3010027234835 141.1925135440922 811.8428057015942 -86.92873278768991 163.8774108331193
 -66.92183153725227 223.9918175622283 708.993341268985 -159.5457728295037 -677.9949406864059
 -66.92183153725227 223.9918175622283 708.993341268985 -159.5457728295037 -677.9949406864059
 -66.92183153725227 223.9918175622283 708.993341268985 -159.5457728295037 -677.9949406864059
 282.6466254218274 906.3067794946598 -215.2625780833953 -744.3451018949722 -219.3898061467679
 282.6466254218274 906.3067794946598 -215.2625780833953 -744.3451018949722 -219.3898061467679
 282.6466254218274 906.3067794946598 -215.2625780833953 -744.3451018949722 -219.3898061467679
 519.1881607984017 -170.1722159537701 -897.0667289754474 17.25802107036986 954.3807338326062
 -349.1656929749205 38.85147087719463 -1874.073001588041 -457.7417995882248 1550.312272221868
 -554.8348179107511 5432.545611895298 1073.07564972434 894.9393732136742 4176.069005741288
 -1086.986157917016 4158.319949353368 896.2112856144879 -337.641954202469 1503.778361871694
 2159.782035860307 -1023.90117919463 2108.735342373362 -829.9653059408683 -381.5693696458075
 282.6466254218274 906.3067794946598 -215.2625780833953 -744.3451018949722 -219.3898061467679
 282.6466254218274 906.3067794946598 -215.2625780833953 -744.3451018949722 -219.3898061467679
 -66.92183153725227 223.9918175622283 708.993341268985 -159.5457728295037 -677.9949406864059
 -66.92183153725227 223.9918175622283 708.993341268985 -159.5457728295037 -677.9949406864059
 382.1080917274028 -490.8821642148202 2006.470995511124 1061.182380544922 2058.204725658628
 282.6466254218274 906.3067794946598 -215.2625780833953 -744.3451018949722 -219.3898061467679
 282.6466254218274 906.3067794946598 -215.2625780833953 -744.3451018949722 -219.3898061467679
 282.6466254218274 906.3067794946598 -215.2625780833953 -744.3451018949722 -219.3898061467679
 282.6466254218274 906.3067794946598 -215.2625780833953 -744.3451018949722 -219.3898061467679
 282.6466254218274 906.3067794946598 -215.2625780833953 -744.3451018949722 -219.3898061467679
 519.1881607984017 -170.1722159537701 -897.0667289754474 17.25802107036986 954.3807338326062
 -66.92183153725227 223.9918175622283 708.993341268985 -159.5457728295037 -677.9949406864059
 -5.728889040278503 661.5584259042764 262.0850662158666 1111.72433669773 678.24855811514
 -991.3010027234835 141.1925135440922 811.8428057015942 -86.92873278768991 163.8774108331193
 -66.92183153725227 223.9918175622283 708.993341268985 -159.5457728295037 -677.9949406864059
 282.6466254218274 906.3067794946598 -215.2625780833953 -744.3451018949722 -219.3898061467679
 -112.9401951817749 456.7318523222143 -546.3148074714293 -279.6520396716184 -151.3362247228686
 -66.92183153725227 223.9918175622283 708.993341268985 -159.5457728295037 -677.9949406864059
 282.6466254218274 906.3067794946598 -215.2625780833953 -744.3451018949722 -219.3898061467679
 -3511.480283172759 -1359.63836707047 1052.046291544249 -2027.683734287971 2936.125965986264
 -242.5766753587266 -731.4459364102736 -585.0669204148724 686.7935743880389 832.1488799356418
 -5.728889040278503 661.5584259042764 262.0850662158666 1111.72433669773 678.24855811514
 697.3064997598667 -392.5345564311647 -1684.4546985178 -3587.264479108024 -991.9588919983519
 -66.92183153725227 223.9918175622283 708.993341268985 -159.5457728295037 -677.9949406864059
 -1086.986157917016 4158.319949353368 896.2112856144879 -337.641954202469 1503.778361871694
 282.6466254218274 906.3067794946598 -215.2625780833953 -744.3451018949722 -219.3898061467679
 -991.3010027234835 141.1925135440922 811.8428057015942 -86.92873278768991 163.8774108331193
 -66.92183153725227 223.9918175622283 708.993341268985 -159.5457728295037 -677.9949406864059
 -1086.986157917016 4158.319949353368 896.2112856144879 -337.641954202469 1503.778361871694
 519.1881607984017 -170.1722159537701 -897.0667289754474 17.25802107036986 954.3807338326062
 642.9457214450174 -527.1200695381594 -71.33203683876495 -2065.773585218778 770.3375293084957
 -66.92183153725227 223.9918175622283 708.993341268985 -159.5457728295037 -677.9949406864059
 -66.92183153725227 223.9918175622283 708.993341268985 -159.5457728295037 -677.9949406864059
 -2056.598661090704 1899.17897459697 -603.5475221717109 2535.776038875146 1465.505842098087
 993.4064160046512 426.2361417785082 869.9478025995938 -876.1471819165384 -867.6386990535757
 -66.92183153725227 223.9918175622283 708.993341268985 -159.5457728295037 -677.9949406864059
 -66.92183153725227 223.9918175622283 708.993341268985 -159.5457728295037 -677.9949406864059
 282.6466254218274 906.3067794946598 -215.2625780833953 -744.3451018949722 -219.3898061467679
 2159.782035860307 -1023.90117919463 2108.735342373362 -829.9653059408683 -381.5693696458075
 282.6466254218274 906.3067794946598 -215.2625780833953 -744.3451018949722 -219.3898061467679
 348.8926290570683 -242.4944556653695 286.128414667567 -1908.703418958086 -1557.496735129002
 -66.92183153725227 223.9918175622283 708.993341268985 -159.5457728295037 -677.9949406864059
 282.6466254218274 906.3067794946598 -215.2625780833953 -744.3451018949722 -219.3898061467679
 282.6466254218274 906.3067794946598 -215.2625780833953 -744.3451018949722 -219.3898061467679
 382.1080917274028 -490.8821642148202 2006.470995511124 1061.182380544922 2058.204725658628
 -66.92183153725227 223.9918175622283 708.993341268985 -159.5457728295037 -677.9949406864059
 282.6466254218274 906.3067794946598 -215.2625780833953 -744.3451018949722 -219.3898061467679
 519.1881607984017 -170.1722159537701 -897.0667289754474 17.25802107036986 954.3807338326062
 282.6466254218274 906.3067794946598 -215.2625780833953 -744.3451018949722 -219.3898061467679
 282.6466254218274 906.3067794946598 -215.2625780833953 -744.3451018949722 -219.3898061467679
 121.3160616196587 -810.896127436798 907.4811402044666 173.8815870259743 -199.5809286360643
 282.6466254218274 906.3067794946598 -215.2625780833953 -744.3451018949722 -219.3898061467679
 -66.92183153725227 223.9918175622283 708.993341268985 -159.5457728295037 -677.9949406864059
 1403.287472182778 1525.282270407396 -3327.643980063864 -1826.109031639021 -271.293569816664
 282.6466254218274 906.3067794946598 -215.2625780833953 -744.3451018949722 -219.3898061467679
 -349.1656929749205 38.85147087719463 -1874.073001588041 -457.7417995882248 1550.312272221868
 -991.3010027234835 141.1925135440922 811.8428057015942 -86.92873278768991 163.8774108331193
 470.9675995507305 613.4446144798262 556.4901943746406 -328.1133173587457 507.913524761859
 282.6466254218274 906.3067794946598 -215.2625780833953 -744.3451018949722 -219.3898061467679
 1698.43356092628 349.7254880898853 100.5164313683642 -522.631724627985 829.3367286055212
 -436.2689015559495 -1669.175158453106 -4277.740448307741 -3563.839718999926 2275.110713800141
 1722.641761003702 -2048.357344021723 701.7821575158514 -425.7376824803913 2842.275690413347
 -2545.431569436165 -92.78812795977055 -232.8522052127657 -404.7576639076062 1066.563854520199
