# Created by Octave 4.2.1, Mon Oct 09 17:08:27 2017 BRT <root@mosqueiro>
# name: pop
# type: matrix
# rows: 100
# columns: 5
 282.6466254218274 906.3067794946598 -215.2625780833953 -744.3451018949722 -219.3898061467679
 282.6466254218274 906.3067794946598 -215.2625780833953 -744.3451018949722 -219.3898061467679
 282.6466254218274 906.3067794946598 -215.2625780833953 -744.3451018949722 -219.3898061467679
 291.4605212007096 1538.965105810874 -2225.524068288422 -2473.507601401412 -898.5675237603369
 -1086.986157917016 4158.319949353368 896.2112856144879 -337.641954202469 1503.778361871694
 282.6466254218274 906.3067794946598 -215.2625780833953 -744.3451018949722 -219.3898061467679
 -66.92183153725227 223.9918175622283 708.993341268985 -159.5457728295037 -677.9949406864059
 282.6466254218274 906.3067794946598 -215.2625780833953 -744.3451018949722 -219.3898061467679
 282.6466254218274 906.3067794946598 -215.2625780833953 -744.3451018949722 -219.3898061467679
 137.3061097381568 -2137.430985479467 -46.96860768430543 1388.200520867664 3330.194982444352
 1570.755335140884 1233.624928082944 1419.553718424816 -1714.315621236849 -1055.727668356332
 282.6466254218274 906.3067794946598 -215.2625780833953 -744.3451018949722 -219.3898061467679
 282.6466254218274 906.3067794946598 -215.2625780833953 -744.3451018949722 -219.3898061467679
 282.6466254218274 906.3067794946598 -215.2625780833953 -744.3451018949722 -219.3898061467679
 282.6466254218274 906.3067794946598 -215.2625780833953 -744.3451018949722 -219.3898061467679
 282.6466254218274 906.3067794946598 -215.2625780833953 -744.3451018949722 -219.3898061467679
 282.6466254218274 906.3067794946598 -215.2625780833953 -744.3451018949722 -219.3898061467679
 519.1881607984017 -170.1722159537701 -897.0667289754474 17.25802107036986 954.3807338326062
 282.6466254218274 906.3067794946598 -215.2625780833953 -744.3451018949722 -219.3898061467679
 282.6466254218274 906.3067794946598 -215.2625780833953 -744.3451018949722 -219.3898061467679
 -436.0450858156714 1750.321791908068 -2332.471584093829 1185.603278000546 288.4543344274965
 282.6466254218274 906.3067794946598 -215.2625780833953 -744.3451018949722 -219.3898061467679
 -1086.986157917016 4158.319949353368 896.2112856144879 -337.641954202469 1503.778361871694
 282.6466254218274 906.3067794946598 -215.2625780833953 -744.3451018949722 -219.3898061467679
 -998.5259197287695 814.9474946529776 891.5452585716822 10.62586103084953 1992.07378872028
 -66.92183153725227 223.9918175622283 708.993341268985 -159.5457728295037 -677.9949406864059
 -66.92183153725227 223.9918175622283 708.993341268985 -159.5457728295037 -677.9949406864059
 -998.5259197287695 814.9474946529776 891.5452585716822 10.62586103084953 1992.07378872028
 282.6466254218274 906.3067794946598 -215.2625780833953 -744.3451018949722 -219.3898061467679
 812.6599334144953 -598.0819854670007 2301.749079367325 -2027.997113216485 2995.639612398484
 983.5042890380433 3473.14759800224 1641.787412548473 -2285.071314870906 571.096098811366
 282.6466254218274 906.3067794946598 -215.2625780833953 -744.3451018949722 -219.3898061467679
 282.6466254218274 906.3067794946598 -215.2625780833953 -744.3451018949722 -219.3898061467679
 282.6466254218274 906.3067794946598 -215.2625780833953 -744.3451018949722 -219.3898061467679
 828.054067137737 2000.100086092738 432.9890419203509 -19.97352766568281 1050.234014003548
 -1199.963457753168 -3167.147354929061 919.0975570092843 217.6018849271486 1000.300014935895
 828.054067137737 2000.100086092738 432.9890419203509 -19.97352766568281 1050.234014003548
 -369.0228928718118 1772.064850426676 -1773.772271303576 -1417.843050875442 3544.068384322925
 282.6466254218274 906.3067794946598 -215.2625780833953 -744.3451018949722 -219.3898061467679
 282.6466254218274 906.3067794946598 -215.2625780833953 -744.3451018949722 -219.3898061467679
 -998.5259197287695 814.9474946529776 891.5452585716822 10.62586103084953 1992.07378872028
 282.6466254218274 906.3067794946598 -215.2625780833953 -744.3451018949722 -219.3898061467679
 282.6466254218274 906.3067794946598 -215.2625780833953 -744.3451018949722 -219.3898061467679
 -617.9023568286264 1147.797977852877 1339.318274545076 1609.638221531186 -1228.837219391659
 282.6466254218274 906.3067794946598 -215.2625780833953 -744.3451018949722 -219.3898061467679
 282.6466254218274 906.3067794946598 -215.2625780833953 -744.3451018949722 -219.3898061467679
 -1199.963457753168 -3167.147354929061 919.0975570092843 217.6018849271486 1000.300014935895
 -1199.963457753168 -3167.147354929061 919.0975570092843 217.6018849271486 1000.300014935895
 282.6466254218274 906.3067794946598 -215.2625780833953 -744.3451018949722 -219.3898061467679
 282.6466254218274 906.3067794946598 -215.2625780833953 -744.3451018949722 -219.3898061467679
 282.6466254218274 906.3067794946598 -215.2625780833953 -744.3451018949722 -219.3898061467679
 -66.92183153725227 223.9918175622283 708.993341268985 -159.5457728295037 -677.9949406864059
 711.1947608508044 772.2891120965594 -1714.684563661741 -1789.332416091607 -1442.317837363998
 734.3258883084384 266.2338551998815 -25.88938668228991 -857.5522336920809 -2224.510468498523
 1412.972266718245 1403.982201078696 -937.8088899786087 -1843.334815039818 -1082.933029118273
 282.6466254218274 906.3067794946598 -215.2625780833953 -744.3451018949722 -219.3898061467679
 282.6466254218274 906.3067794946598 -215.2625780833953 -744.3451018949722 -219.3898061467679
 282.6466254218274 906.3067794946598 -215.2625780833953 -744.3451018949722 -219.3898061467679
 137.3061097381568 -2137.430985479467 -46.96860768430543 1388.200520867664 3330.194982444352
 -263.4237343945404 499.5229831359018 -811.552462733295 -237.723474554107 140.6783525357082
 282.6466254218274 906.3067794946598 -215.2625780833953 -744.3451018949722 -219.3898061467679
 282.6466254218274 906.3067794946598 -215.2625780833953 -744.3451018949722 -219.3898061467679
 282.6466254218274 906.3067794946598 -215.2625780833953 -744.3451018949722 -219.3898061467679
 -369.0228928718118 1772.064850426676 -1773.772271303576 -1417.843050875442 3544.068384322925
 1236.583808537948 -560.7339021885875 896.9625417527506 -144.3280622264312 -813.5856879479265
 282.6466254218274 906.3067794946598 -215.2625780833953 -744.3451018949722 -219.3898061467679
 282.6466254218274 906.3067794946598 -215.2625780833953 -744.3451018949722 -219.3898061467679
 282.6466254218274 906.3067794946598 -215.2625780833953 -744.3451018949722 -219.3898061467679
 282.6466254218274 906.3067794946598 -215.2625780833953 -744.3451018949722 -219.3898061467679
 -1199.963457753168 -3167.147354929061 919.0975570092843 217.6018849271486 1000.300014935895
 282.6466254218274 906.3067794946598 -215.2625780833953 -744.3451018949722 -219.3898061467679
 -66.92183153725227 223.9918175622283 708.993341268985 -159.5457728295037 -677.9949406864059
 282.6466254218274 906.3067794946598 -215.2625780833953 -744.3451018949722 -219.3898061467679
 1036.517276586453 -645.8447085091635 -3451.631585277334 1747.489334509484 3419.775581201553
 -66.92183153725227 223.9918175622283 708.993341268985 -159.5457728295037 -677.9949406864059
 282.6466254218274 906.3067794946598 -215.2625780833953 -744.3451018949722 -219.3898061467679
 282.6466254218274 906.3067794946598 -215.2625780833953 -744.3451018949722 -219.3898061467679
 644.455603077903 -1033.065292475303 3064.238252594752 -862.8941957588293 -225.678899137122
 282.6466254218274 906.3067794946598 -215.2625780833953 -744.3451018949722 -219.3898061467679
 282.6466254218274 906.3067794946598 -215.2625780833953 -744.3451018949722 -219.3898061467679
 1504.413799273769 -564.1790701445561 -1235.693354758113 -966.5561122308216 -1844.179880507938
 2120.063751090065 1162.174269008317 -390.4190494388587 -1400.182291967828 -1717.240138125114
 -2980.614533661258 104.7392795959616 -532.4226007932413 -0.1295212221617703 2632.843140772462
 -543.0767155043701 230.194287148106 988.5128071494075 -1761.568806292349 -64.9318928393314
