# Created by Octave 4.2.1, Mon Oct 09 17:07:24 2017 BRT <root@mosqueiro>
# name: pop
# type: matrix
# rows: 100
# columns: 5
 -288.9766869109384 661.0592014742051 -432.9260137876404 124.3443431199585 -63.85057413761285
 -288.9766869109384 661.0592014742051 -432.9260137876404 124.3443431199585 -63.85057413761285
 -271.0379025492509 696.9626400830557 -977.5120411968469 230.1427713404962 968.629191727737
 -288.9766869109384 661.0592014742051 -432.9260137876404 124.3443431199585 -63.85057413761285
 -288.9766869109384 661.0592014742051 -432.9260137876404 124.3443431199585 -63.85057413761285
 -288.9766869109384 661.0592014742051 -432.9260137876404 124.3443431199585 -63.85057413761285
 -288.9766869109384 661.0592014742051 -432.9260137876404 124.3443431199585 -63.85057413761285
 -1080.88317505858 1629.802404720709 -623.031506594505 858.2226424438685 1078.955233051798
 49.34819710749088 242.9785222284336 1420.580745982006 909.77230681374 999.4497198571574
 -288.9766869109384 661.0592014742051 -432.9260137876404 124.3443431199585 -63.85057413761285
 1683.035892723077 88.14313281295051 -1123.255411078931 1529.333260562405 3989.470808889232
 -288.9766869109384 661.0592014742051 -432.9260137876404 124.3443431199585 -63.85057413761285
 -288.9766869109384 661.0592014742051 -432.9260137876404 124.3443431199585 -63.85057413761285
 -288.9766869109384 661.0592014742051 -432.9260137876404 124.3443431199585 -63.85057413761285
 -288.9766869109384 661.0592014742051 -432.9260137876404 124.3443431199585 -63.85057413761285
 882.7861464163492 -725.837256387437 583.2438326909021 802.7090762430571 -1008.798825847622
 -288.9766869109384 661.0592014742051 -432.9260137876404 124.3443431199585 -63.85057413761285
 -1803.719495821199 -51.57923566199975 -3069.079238728139 -1279.841515702212 -384.4700184303954
 -288.9766869109384 661.0592014742051 -432.9260137876404 124.3443431199585 -63.85057413761285
 24.58507734498062 -365.4331858284382 -273.7914613022093 -65.66105136664896 633.6638554691669
 -288.9766869109384 661.0592014742051 -432.9260137876404 124.3443431199585 -63.85057413761285
 -288.9766869109384 661.0592014742051 -432.9260137876404 124.3443431199585 -63.85057413761285
 -288.9766869109384 661.0592014742051 -432.9260137876404 124.3443431199585 -63.85057413761285
 -271.0379025492509 696.9626400830557 -977.5120411968469 230.1427713404962 968.629191727737
 307.5088484914216 1096.749062426842 2075.595854461887 -2310.705286735212 -2882.528912579375
 29.3831097958452 -1862.461968467717 -1678.825399872199 783.2819331086738 2333.090485620452
 -288.9766869109384 661.0592014742051 -432.9260137876404 124.3443431199585 -63.85057413761285
 319.9756114046447 175.5299572625361 8.310470475258398 -830.1191745699726 370.3759767659317
 -288.9766869109384 661.0592014742051 -432.9260137876404 124.3443431199585 -63.85057413761285
 989.0695124574319 -509.1743136266357 -1632.79999782215 1122.894745678111 -693.8672678938608
 -2367.879307677303 41.4294576787895 -222.6346285622184 1553.253342322272 121.3045526100082
 24.58507734498062 -365.4331858284382 -273.7914613022093 -65.66105136664896 633.6638554691669
 -288.9766869109384 661.0592014742051 -432.9260137876404 124.3443431199585 -63.85057413761285
 -50.85831651122857 1946.253155820589 -3543.448326872055 1154.011190860927 899.5115921609073
 2154.690076015862 4081.933531443538 -1517.057241209252 -2149.174317471186 1428.35790901372
 -288.9766869109384 661.0592014742051 -432.9260137876404 124.3443431199585 -63.85057413761285
 -288.9766869109384 661.0592014742051 -432.9260137876404 124.3443431199585 -63.85057413761285
 -288.9766869109384 661.0592014742051 -432.9260137876404 124.3443431199585 -63.85057413761285
 -288.9766869109384 661.0592014742051 -432.9260137876404 124.3443431199585 -63.85057413761285
 -288.9766869109384 661.0592014742051 -432.9260137876404 124.3443431199585 -63.85057413761285
 -248.2400000235896 2903.9506073496 229.1786453799036 3482.142699862512 463.5548575150019
 -288.9766869109384 661.0592014742051 -432.9260137876404 124.3443431199585 -63.85057413761285
 -288.9766869109384 661.0592014742051 -432.9260137876404 124.3443431199585 -63.85057413761285
 -288.9766869109384 661.0592014742051 -432.9260137876404 124.3443431199585 -63.85057413761285
 -288.9766869109384 661.0592014742051 -432.9260137876404 124.3443431199585 -63.85057413761285
 -288.9766869109384 661.0592014742051 -432.9260137876404 124.3443431199585 -63.85057413761285
 -883.2049181913626 1607.775547671483 -2272.316909486428 1144.593215616405 298.2505726710684
 1042.958011123198 1495.740523987013 -1804.316495975037 3382.67349290478 2296.968313952634
 -288.9766869109384 661.0592014742051 -432.9260137876404 124.3443431199585 -63.85057413761285
 -288.9766869109384 661.0592014742051 -432.9260137876404 124.3443431199585 -63.85057413761285
 -293.82234083609 943.1799501701846 -513.7928557164305 -754.701302314537 1421.801634686414
 -288.9766869109384 661.0592014742051 -432.9260137876404 124.3443431199585 -63.85057413761285
 1042.958011123198 1495.740523987013 -1804.316495975037 3382.67349290478 2296.968313952634
 -288.9766869109384 661.0592014742051 -432.9260137876404 124.3443431199585 -63.85057413761285
 -434.6576184899754 -980.7365554898747 -229.6606165402463 862.964325766436 -3635.858626468666
 -288.9766869109384 661.0592014742051 -432.9260137876404 124.3443431199585 -63.85057413761285
 -288.9766869109384 661.0592014742051 -432.9260137876404 124.3443431199585 -63.85057413761285
 1482.722143835334 2094.859206570245 1361.905487919423 71.15740676279653 763.6885226246302
 -288.9766869109384 661.0592014742051 -432.9260137876404 124.3443431199585 -63.85057413761285
 1683.035892723077 88.14313281295051 -1123.255411078931 1529.333260562405 3989.470808889232
 -288.9766869109384 661.0592014742051 -432.9260137876404 124.3443431199585 -63.85057413761285
 -288.9766869109384 661.0592014742051 -432.9260137876404 124.3443431199585 -63.85057413761285
 -288.9766869109384 661.0592014742051 -432.9260137876404 124.3443431199585 -63.85057413761285
 -288.9766869109384 661.0592014742051 -432.9260137876404 124.3443431199585 -63.85057413761285
 -288.9766869109384 661.0592014742051 -432.9260137876404 124.3443431199585 -63.85057413761285
 -3905.620269174745 2958.165603559414 -1564.989415961191 474.2801670163824 3154.163873223639
 -288.9766869109384 661.0592014742051 -432.9260137876404 124.3443431199585 -63.85057413761285
 29.3831097958452 -1862.461968467717 -1678.825399872199 783.2819331086738 2333.090485620452
 -288.9766869109384 661.0592014742051 -432.9260137876404 124.3443431199585 -63.85057413761285
 -288.9766869109384 661.0592014742051 -432.9260137876404 124.3443431199585 -63.85057413761285
 24.58507734498062 -365.4331858284382 -273.7914613022093 -65.66105136664896 633.6638554691669
 -288.9766869109384 661.0592014742051 -432.9260137876404 124.3443431199585 -63.85057413761285
 -288.9766869109384 661.0592014742051 -432.9260137876404 124.3443431199585 -63.85057413761285
 -288.9766869109384 661.0592014742051 -432.9260137876404 124.3443431199585 -63.85057413761285
 989.0695124574319 -509.1743136266357 -1632.79999782215 1122.894745678111 -693.8672678938608
 -288.9766869109384 661.0592014742051 -432.9260137876404 124.3443431199585 -63.85057413761285
 -288.9766869109384 661.0592014742051 -432.9260137876404 124.3443431199585 -63.85057413761285
 -288.9766869109384 661.0592014742051 -432.9260137876404 124.3443431199585 -63.85057413761285
 -288.9766869109384 661.0592014742051 -432.9260137876404 124.3443431199585 -63.85057413761285
 -288.9766869109384 661.0592014742051 -432.9260137876404 124.3443431199585 -63.85057413761285
 -319.8369605615173 637.7765611751336 -105.7681798272012 1952.234653364403 -333.0479394809375
 253.6086134811178 418.3082835669509 -1841.242367480246 -136.9561699407721 1210.765715544982
 1729.488252344823 1928.761285497381 -670.4752945653233 1865.108262158978 2985.806499053907
 -806.5457522145407 1016.485109422057 -196.2253061100563 -531.4983107452892 1030.816287587049
