# Created by Octave 4.2.1, Mon Oct 09 17:08:23 2017 BRT <root@mosqueiro>
# name: pop
# type: matrix
# rows: 100
# columns: 5
 282.6466254218274 906.3067794946598 -215.2625780833953 -744.3451018949722 -219.3898061467679
 282.6466254218274 906.3067794946598 -215.2625780833953 -744.3451018949722 -219.3898061467679
 -66.92183153725227 223.9918175622283 708.993341268985 -159.5457728295037 -677.9949406864059
 -66.92183153725227 223.9918175622283 708.993341268985 -159.5457728295037 -677.9949406864059
 -66.92183153725227 223.9918175622283 708.993341268985 -159.5457728295037 -677.9949406864059
 -242.5766753587266 -731.4459364102736 -585.0669204148724 686.7935743880389 832.1488799356418
 -242.5766753587266 -731.4459364102736 -585.0669204148724 686.7935743880389 832.1488799356418
 993.4064160046512 426.2361417785082 869.9478025995938 -876.1471819165384 -867.6386990535757
 -537.1992020062428 -219.5833504031096 291.727030061679 87.73218262463229 420.8017166838886
 282.6466254218274 906.3067794946598 -215.2625780833953 -744.3451018949722 -219.3898061467679
 -991.3010027234835 141.1925135440922 811.8428057015942 -86.92873278768991 163.8774108331193
 697.3064997598667 -392.5345564311647 -1684.4546985178 -3587.264479108024 -991.9588919983519
 282.6466254218274 906.3067794946598 -215.2625780833953 -744.3451018949722 -219.3898061467679
 -242.5766753587266 -731.4459364102736 -585.0669204148724 686.7935743880389 832.1488799356418
 282.6466254218274 906.3067794946598 -215.2625780833953 -744.3451018949722 -219.3898061467679
 -1086.986157917016 4158.319949353368 896.2112856144879 -337.641954202469 1503.778361871694
 -782.5652037015848 -1854.684659884262 402.9059713073502 1429.454429839108 2450.787048497632
 -991.3010027234835 141.1925135440922 811.8428057015942 -86.92873278768991 163.8774108331193
 282.6466254218274 906.3067794946598 -215.2625780833953 -744.3451018949722 -219.3898061467679
 282.6466254218274 906.3067794946598 -215.2625780833953 -744.3451018949722 -219.3898061467679
 282.6466254218274 906.3067794946598 -215.2625780833953 -744.3451018949722 -219.3898061467679
 282.6466254218274 906.3067794946598 -215.2625780833953 -744.3451018949722 -219.3898061467679
 -112.9401951817749 456.7318523222143 -546.3148074714293 -279.6520396716184 -151.3362247228686
 -66.92183153725227 223.9918175622283 708.993341268985 -159.5457728295037 -677.9949406864059
 519.1881607984017 -170.1722159537701 -897.0667289754474 17.25802107036986 954.3807338326062
 282.6466254218274 906.3067794946598 -215.2625780833953 -744.3451018949722 -219.3898061467679
 -112.9401951817749 456.7318523222143 -546.3148074714293 -279.6520396716184 -151.3362247228686
 -66.92183153725227 223.9918175622283 708.993341268985 -159.5457728295037 -677.9949406864059
 -66.92183153725227 223.9918175622283 708.993341268985 -159.5457728295037 -677.9949406864059
 282.6466254218274 906.3067794946598 -215.2625780833953 -744.3451018949722 -219.3898061467679
 282.6466254218274 906.3067794946598 -215.2625780833953 -744.3451018949722 -219.3898061467679
 -66.92183153725227 223.9918175622283 708.993341268985 -159.5457728295037 -677.9949406864059
 697.3064997598667 -392.5345564311647 -1684.4546985178 -3587.264479108024 -991.9588919983519
 -66.92183153725227 223.9918175622283 708.993341268985 -159.5457728295037 -677.9949406864059
 -991.3010027234835 141.1925135440922 811.8428057015942 -86.92873278768991 163.8774108331193
 -3617.019883676172 -3547.975270603187 -713.6225955954719 185.1598144474496 2379.368869436316
 -275.3263858813721 -2340.972730034919 1891.667855929699 2787.258630928435 -2326.286964835946
 282.6466254218274 906.3067794946598 -215.2625780833953 -744.3451018949722 -219.3898061467679
 282.6466254218274 906.3067794946598 -215.2625780833953 -744.3451018949722 -219.3898061467679
 -66.92183153725227 223.9918175622283 708.993341268985 -159.5457728295037 -677.9949406864059
 282.6466254218274 906.3067794946598 -215.2625780833953 -744.3451018949722 -219.3898061467679
 -93.59023646726598 594.7817849895791 7.864272784412265 -675.2825765346015 147.9834179188981
 282.6466254218274 906.3067794946598 -215.2625780833953 -744.3451018949722 -219.3898061467679
 -66.92183153725227 223.9918175622283 708.993341268985 -159.5457728295037 -677.9949406864059
 -2056.598661090704 1899.17897459697 -603.5475221717109 2535.776038875146 1465.505842098087
 -2798.745125001936 -307.487376452576 1692.563023166385 365.2222976823888 1260.639463944949
 -1086.986157917016 4158.319949353368 896.2112856144879 -337.641954202469 1503.778361871694
 282.6466254218274 906.3067794946598 -215.2625780833953 -744.3451018949722 -219.3898061467679
 282.6466254218274 906.3067794946598 -215.2625780833953 -744.3451018949722 -219.3898061467679
 282.6466254218274 906.3067794946598 -215.2625780833953 -744.3451018949722 -219.3898061467679
 -242.5766753587266 -731.4459364102736 -585.0669204148724 686.7935743880389 832.1488799356418
 282.6466254218274 906.3067794946598 -215.2625780833953 -744.3451018949722 -219.3898061467679
 470.9675995507305 613.4446144798262 556.4901943746406 -328.1133173587457 507.913524761859
 519.1881607984017 -170.1722159537701 -897.0667289754474 17.25802107036986 954.3807338326062
 2159.782035860307 -1023.90117919463 2108.735342373362 -829.9653059408683 -381.5693696458075
 282.6466254218274 906.3067794946598 -215.2625780833953 -744.3451018949722 -219.3898061467679
 -93.59023646726598 594.7817849895791 7.864272784412265 -675.2825765346015 147.9834179188981
 2159.782035860307 -1023.90117919463 2108.735342373362 -829.9653059408683 -381.5693696458075
 1888.695294253051 -359.6047268993427 1616.171577821776 -2711.897673679156 3239.32350248177
 282.6466254218274 906.3067794946598 -215.2625780833953 -744.3451018949722 -219.3898061467679
 -66.92183153725227 223.9918175622283 708.993341268985 -159.5457728295037 -677.9949406864059
 -3511.480283172759 -1359.63836707047 1052.046291544249 -2027.683734287971 2936.125965986264
 282.6466254218274 906.3067794946598 -215.2625780833953 -744.3451018949722 -219.3898061467679
 -554.8348179107511 5432.545611895298 1073.07564972434 894.9393732136742 4176.069005741288
 -66.92183153725227 223.9918175622283 708.993341268985 -159.5457728295037 -677.9949406864059
 -3511.480283172759 -1359.63836707047 1052.046291544249 -2027.683734287971 2936.125965986264
 -93.59023646726598 594.7817849895791 7.864272784412265 -675.2825765346015 147.9834179188981
 282.6466254218274 906.3067794946598 -215.2625780833953 -744.3451018949722 -219.3898061467679
 -598.8282636110649 -2826.092511700687 1009.931905299319 -357.0100140449929 -479.8329645625046
 -93.59023646726598 594.7817849895791 7.864272784412265 -675.2825765346015 147.9834179188981
 -66.92183153725227 223.9918175622283 708.993341268985 -159.5457728295037 -677.9949406864059
 -1086.986157917016 4158.319949353368 896.2112856144879 -337.641954202469 1503.778361871694
 -242.5766753587266 -731.4459364102736 -585.0669204148724 686.7935743880389 832.1488799356418
 282.6466254218274 906.3067794946598 -215.2625780833953 -744.3451018949722 -219.3898061467679
 121.3160616196587 -810.896127436798 907.4811402044666 173.8815870259743 -199.5809286360643
 -66.92183153725227 223.9918175622283 708.993341268985 -159.5457728295037 -677.9949406864059
 993.4064160046512 426.2361417785082 869.9478025995938 -876.1471819165384 -867.6386990535757
 -66.92183153725227 223.9918175622283 708.993341268985 -159.5457728295037 -677.9949406864059
 519.1881607984017 -170.1722159537701 -897.0667289754474 17.25802107036986 954.3807338326062
 -66.92183153725227 223.9918175622283 708.993341268985 -159.5457728295037 -677.9949406864059
 382.1080917274028 -490.8821642148202 2006.470995511124 1061.182380544922 2058.204725658628
 -244.520669220661 1139.459331042819 -1992.364131784931 361.7462995577312 -447.1893974630359
 -784.7037864315391 2822.063492023472 1024.77464426568 1882.956947327372 2144.265920976158
 -256.0232340234738 5546.607366337215 -2108.97537008923 1863.562678919928 4331.572356963632
