# Created by Octave 4.2.1, Mon Oct 09 17:07:43 2017 BRT <root@mosqueiro>
# name: pop
# type: matrix
# rows: 100
# columns: 5
 -289.2126366492933 660.42512431815 -433.8540879686146 124.8114583258744 -63.17998116648241
 -289.2054978798626 660.4109344994832 -433.8471287797555 124.8154383895316 -63.18085414459655
 -289.1972464184287 660.4220819989969 -433.8451048337852 124.8121150188556 -63.17358697325565
 -289.4083867124594 660.3732907561814 -433.9094491751587 125.0677324176031 -63.14008641318731
 -288.9829714824245 661.2828435980443 -433.6075188596184 125.6917773467008 -65.1700859246727
 -288.9660824168363 661.3020463304898 -433.6011655916827 125.7182884925602 -65.1641535654993
 -288.9766869109384 661.0592014742051 -432.9260137876404 124.3443431199585 -63.85057413761285
 -289.2121348194838 660.4163566645443 -433.8496395031259 124.8122280920678 -63.16529930577507
 -289.4083867124594 660.3732907561814 -433.9094491751587 125.0677324176031 -63.14008641318731
 -289.185549546518 660.4059723307723 -433.8431332557383 124.7943642899968 -63.1736420743208
 -289.1972464184287 660.4220819989969 -433.8451048337852 124.8121150188556 -63.17358697325565
 -289.2121348194838 660.4163566645443 -433.8496395031259 124.8122280920678 -63.16529930577507
 -288.9458074505133 661.3189799176122 -433.6309375235148 125.6894073346559 -65.15693431544204
 -289.1972464184287 660.4220819989969 -433.8451048337852 124.8121150188556 -63.17358697325565
 -288.4361988400137 656.2495386808946 -435.1035753654353 128.7037753125418 -62.38971876395772
 -289.1972464184287 660.4220819989969 -433.8451048337852 124.8121150188556 -63.17358697325565
 -288.9829714824245 661.2828435980443 -433.6075188596184 125.6917773467008 -65.1700859246727
 -289.1972464184287 660.4220819989969 -433.8451048337852 124.8121150188556 -63.17358697325565
 -289.2121348194838 660.4163566645443 -433.8496395031259 124.8122280920678 -63.16529930577507
 -289.4083867124594 660.3732907561814 -433.9094491751587 125.0677324176031 -63.14008641318731
 -289.1972464184287 660.4220819989969 -433.8451048337852 124.8121150188556 -63.17358697325565
 -289.1972464184287 660.4220819989969 -433.8451048337852 124.8121150188556 -63.17358697325565
 -289.1972464184287 660.4220819989969 -433.8451048337852 124.8121150188556 -63.17358697325565
 -288.4361988400137 656.2495386808946 -435.1035753654353 128.7037753125418 -62.38971876395772
 -288.9660824168363 661.3020463304898 -433.6011655916827 125.7182884925602 -65.1641535654993
 -288.9660824168363 661.3020463304898 -433.6011655916827 125.7182884925602 -65.1641535654993
 -289.1466110019517 660.9344484110386 -433.0662189696949 124.2884436351749 -63.92567047897377
 -289.1972464184287 660.4220819989969 -433.8451048337852 124.8121150188556 -63.17358697325565
 -289.4083867124594 660.3732907561814 -433.9094491751587 125.0677324176031 -63.14008641318731
 -288.450136249099 665.2438893482087 -435.9048461140956 128.2286536856635 -65.91224113681075
 -289.1972464184287 660.4220819989969 -433.8451048337852 124.8121150188556 -63.17358697325565
 -289.1972464184287 660.4220819989969 -433.8451048337852 124.8121150188556 -63.17358697325565
 -288.9660824168363 661.3020463304898 -433.6011655916827 125.7182884925602 -65.1641535654993
 -291.4252633291778 662.9495278824368 -431.940465373534 124.498124080723 -64.47256206871427
 -288.9660824168363 661.3020463304898 -433.6011655916827 125.7182884925602 -65.1641535654993
 -288.9458074505133 661.3189799176122 -433.6309375235148 125.6894073346559 -65.15693431544204
 -289.0018240797012 661.3185867080979 -433.6838777405061 125.7917541147876 -65.18711412869658
 -289.2121348194838 660.4163566645443 -433.8496395031259 124.8122280920678 -63.16529930577507
 -289.1972464184287 660.4220819989969 -433.8451048337852 124.8121150188556 -63.17358697325565
 -289.1894800190793 660.4223298020163 -433.8350165598821 124.7888995994913 -63.17564839442522
 -291.4252633291778 662.9495278824368 -431.940465373534 124.498124080723 -64.47256206871427
 -289.1972464184287 660.4220819989969 -433.8451048337852 124.8121150188556 -63.17358697325565
 -288.4211557226556 656.6012955359474 -434.9567751497931 128.6957657216784 -62.62423162486579
 -289.2054978798626 660.4109344994832 -433.8471287797555 124.8154383895316 -63.18085414459655
 -289.4083867124594 660.3732907561814 -433.9094491751587 125.0677324176031 -63.14008641318731
 -288.4361988400137 656.2495386808946 -435.1035753654353 128.7037753125418 -62.38971876395772
 -288.9660824168363 661.3020463304898 -433.6011655916827 125.7182884925602 -65.1641535654993
 -289.1466110019517 660.9344484110386 -433.0662189696949 124.2884436351749 -63.92567047897377
 -289.1972464184287 660.4220819989969 -433.8451048337852 124.8121150188556 -63.17358697325565
 -289.1972464184287 660.4220819989969 -433.8451048337852 124.8121150188556 -63.17358697325565
 -289.1972464184287 660.4220819989969 -433.8451048337852 124.8121150188556 -63.17358697325565
 -289.1972464184287 660.4220819989969 -433.8451048337852 124.8121150188556 -63.17358697325565
 -289.1834434309904 660.3962310155214 -433.8534562554297 124.7883691772026 -63.16391060145114
 -289.1972464184287 660.4220819989969 -433.8451048337852 124.8121150188556 -63.17358697325565
 -288.9322270570541 661.1203602481748 -432.927271637636 124.3770777514854 -63.8079168690382
 -289.4083867124594 660.3732907561814 -433.9094491751587 125.0677324176031 -63.14008641318731
 -289.2121348194838 660.4163566645443 -433.8496395031259 124.8122280920678 -63.16529930577507
 -289.2054978798626 660.4109344994832 -433.8471287797555 124.8154383895316 -63.18085414459655
 -289.1834434309904 660.3962310155214 -433.8534562554297 124.7883691772026 -63.16391060145114
 -289.1972464184287 660.4220819989969 -433.8451048337852 124.8121150188556 -63.17358697325565
 -289.1972464184287 660.4220819989969 -433.8451048337852 124.8121150188556 -63.17358697325565
 -288.8714962461988 661.1839250895774 -433.4493702566003 125.6611046195074 -65.2610561472469
 -289.1972464184287 660.4220819989969 -433.8451048337852 124.8121150188556 -63.17358697325565
 -289.2079123171288 660.4216724171347 -433.831151955065 124.8207612338909 -63.1459248571668
 -289.2126366492933 660.42512431815 -433.8540879686146 124.8114583258744 -63.17998116648241
 -288.9660824168363 661.3020463304898 -433.6011655916827 125.7182884925602 -65.1641535654993
 -289.415620338348 660.3793328862741 -433.8953815328915 125.054278514803 -63.17009174916034
 -289.1972464184287 660.4220819989969 -433.8451048337852 124.8121150188556 -63.17358697325565
 -288.9660824168363 661.3020463304898 -433.6011655916827 125.7182884925602 -65.1641535654993
 -288.5976258328986 661.6125061896228 -433.8318435237804 125.7300008774724 -65.8390129157652
 -289.178019508928 660.4399241467218 -433.8556562951422 124.8027802035676 -63.20066952327489
 -288.9660824168363 661.3020463304898 -433.6011655916827 125.7182884925602 -65.1641535654993
 -289.2054978798626 660.4109344994832 -433.8471287797555 124.8154383895316 -63.18085414459655
 -289.1972464184287 660.4220819989969 -433.8451048337852 124.8121150188556 -63.17358697325565
 -289.2126366492933 660.42512431815 -433.8540879686146 124.8114583258744 -63.17998116648241
 -289.1972464184287 660.4220819989969 -433.8451048337852 124.8121150188556 -63.17358697325565
 -288.9660824168363 661.3020463304898 -433.6011655916827 125.7182884925602 -65.1641535654993
 -289.2126366492933 660.42512431815 -433.8540879686146 124.8114583258744 -63.17998116648241
 -288.9660824168363 661.3020463304898 -433.6011655916827 125.7182884925602 -65.1641535654993
 -289.1851487814458 660.4421377830696 -433.8521048416168 124.8108642235697 -63.14122486009368
 -289.1888137830585 660.4189013519677 -433.8435978772316 124.8169059377709 -63.17990172931349
 -288.9679080492445 661.3071592817436 -433.6008843931875 125.7142810359882 -65.15953708822686
 -289.1918394425425 660.4216682761686 -433.8395651524659 124.8086755217816 -63.16996080586121
 -289.197920612159 660.4282413246285 -433.8471091517388 124.8054735712277 -63.16888176861934
