# Created by Octave 4.2.1, Mon Oct 09 17:07:30 2017 BRT <root@mosqueiro>
# name: pop
# type: matrix
# rows: 100
# columns: 5
 -288.9766869109384 661.0592014742051 -432.9260137876404 124.3443431199585 -63.85057413761285
 -288.9766869109384 661.0592014742051 -432.9260137876404 124.3443431199585 -63.85057413761285
 -288.9766869109384 661.0592014742051 -432.9260137876404 124.3443431199585 -63.85057413761285
 -288.9766869109384 661.0592014742051 -432.9260137876404 124.3443431199585 -63.85057413761285
 -244.4768325396347 598.1008110398809 -343.0984525821743 144.4996207965858 -21.87081274011079
 -184.8212567393768 697.3949969155378 -495.2041703073527 77.56982427353866 -34.84012519846667
 -363.7144229299789 794.1144256282428 -432.9862471349362 290.592339677267 -140.5562450008231
 -288.9766869109384 661.0592014742051 -432.9260137876404 124.3443431199585 -63.85057413761285
 -424.6358950339321 708.9536157353276 -317.7607426574339 184.7127114599177 89.00070581359694
 -288.9766869109384 661.0592014742051 -432.9260137876404 124.3443431199585 -63.85057413761285
 -288.9766869109384 661.0592014742051 -432.9260137876404 124.3443431199585 -63.85057413761285
 -288.9766869109384 661.0592014742051 -432.9260137876404 124.3443431199585 -63.85057413761285
 -288.9766869109384 661.0592014742051 -432.9260137876404 124.3443431199585 -63.85057413761285
 -288.9766869109384 661.0592014742051 -432.9260137876404 124.3443431199585 -63.85057413761285
 -288.9766869109384 661.0592014742051 -432.9260137876404 124.3443431199585 -63.85057413761285
 -288.9766869109384 661.0592014742051 -432.9260137876404 124.3443431199585 -63.85057413761285
 -288.9766869109384 661.0592014742051 -432.9260137876404 124.3443431199585 -63.85057413761285
 -288.9766869109384 661.0592014742051 -432.9260137876404 124.3443431199585 -63.85057413761285
 -288.9766869109384 661.0592014742051 -432.9260137876404 124.3443431199585 -63.85057413761285
 -288.9766869109384 661.0592014742051 -432.9260137876404 124.3443431199585 -63.85057413761285
 -345.8564514531722 581.7607905871521 -281.7880544069843 381.8696720244706 86.43686760191514
 -217.4119900533614 676.6897582735896 -469.9312939434911 125.5913463512974 -114.1192241903528
 -288.9766869109384 661.0592014742051 -432.9260137876404 124.3443431199585 -63.85057413761285
 -288.9766869109384 661.0592014742051 -432.9260137876404 124.3443431199585 -63.85057413761285
 -288.9766869109384 661.0592014742051 -432.9260137876404 124.3443431199585 -63.85057413761285
 254.231446008989 1807.71343655119 -880.9973922329821 401.1870660595628 336.0680163158128
 -184.8212567393768 697.3949969155378 -495.2041703073527 77.56982427353866 -34.84012519846667
 -288.9766869109384 661.0592014742051 -432.9260137876404 124.3443431199585 -63.85057413761285
 -288.9766869109384 661.0592014742051 -432.9260137876404 124.3443431199585 -63.85057413761285
 -405.7686141659652 688.7812273501992 -565.0732847702047 227.5254989549354 -7.752337887165872
 -354.6863737282483 726.1446089057442 -393.1730366993615 92.86026754840098 -131.673502587746
 -424.6358950339321 708.9536157353276 -317.7607426574339 184.7127114599177 89.00070581359694
 -288.9766869109384 661.0592014742051 -432.9260137876404 124.3443431199585 -63.85057413761285
 -288.9766869109384 661.0592014742051 -432.9260137876404 124.3443431199585 -63.85057413761285
 -228.4557031165835 525.0989607950511 -420.7690151707102 107.6982443855843 -175.6974344264098
 -666.6771142444851 539.4141833703069 -271.158235488821 2.181115540760366 -189.8079671090661
 -325.3246415793519 649.652691849766 -325.7557285793295 -22.12157451214946 -146.2042652357655
 -288.9766869109384 661.0592014742051 -432.9260137876404 124.3443431199585 -63.85057413761285
 -317.8146937772046 833.0318361490265 -629.6868833705579 192.0108251730947 -101.6150231209573
 -183.7866849202667 611.2172258178167 -377.4534337699085 201.9209413013199 -141.9951692734752
 -288.9766869109384 661.0592014742051 -432.9260137876404 124.3443431199585 -63.85057413761285
 -288.9766869109384 661.0592014742051 -432.9260137876404 124.3443431199585 -63.85057413761285
 -288.9766869109384 661.0592014742051 -432.9260137876404 124.3443431199585 -63.85057413761285
 -217.4119900533614 676.6897582735896 -469.9312939434911 125.5913463512974 -114.1192241903528
 -288.9766869109384 661.0592014742051 -432.9260137876404 124.3443431199585 -63.85057413761285
 -288.9766869109384 661.0592014742051 -432.9260137876404 124.3443431199585 -63.85057413761285
 -288.9766869109384 661.0592014742051 -432.9260137876404 124.3443431199585 -63.85057413761285
 -288.9766869109384 661.0592014742051 -432.9260137876404 124.3443431199585 -63.85057413761285
 -288.9766869109384 661.0592014742051 -432.9260137876404 124.3443431199585 -63.85057413761285
 -288.9766869109384 661.0592014742051 -432.9260137876404 124.3443431199585 -63.85057413761285
 -269.1062630074252 621.4849068494437 -445.6569222429096 3.438736863288241 -74.35693387973235
 -345.8564514531722 581.7607905871521 -281.7880544069843 381.8696720244706 86.43686760191514
 -269.1062630074252 621.4849068494437 -445.6569222429096 3.438736863288241 -74.35693387973235
 -288.9766869109384 661.0592014742051 -432.9260137876404 124.3443431199585 -63.85057413761285
 -288.9766869109384 661.0592014742051 -432.9260137876404 124.3443431199585 -63.85057413761285
 -288.9766869109384 661.0592014742051 -432.9260137876404 124.3443431199585 -63.85057413761285
 -184.8212567393768 697.3949969155378 -495.2041703073527 77.56982427353866 -34.84012519846667
 -307.273569944194 600.4719514105261 -297.916337302544 143.5389987925025 -87.56043252315339
 -307.273569944194 600.4719514105261 -297.916337302544 143.5389987925025 -87.56043252315339
 -353.8466104480543 694.7613316787834 -519.6935977793142 125.8004643827459 -73.45683874718083
 -288.9766869109384 661.0592014742051 -432.9260137876404 124.3443431199585 -63.85057413761285
 -288.9766869109384 661.0592014742051 -432.9260137876404 124.3443431199585 -63.85057413761285
 -280.2353359363218 1032.218780411456 -393.1271868057976 -32.45240310007989 -108.8458898318521
 -288.9766869109384 661.0592014742051 -432.9260137876404 124.3443431199585 -63.85057413761285
 -288.9766869109384 661.0592014742051 -432.9260137876404 124.3443431199585 -63.85057413761285
 -288.9766869109384 661.0592014742051 -432.9260137876404 124.3443431199585 -63.85057413761285
 -288.9766869109384 661.0592014742051 -432.9260137876404 124.3443431199585 -63.85057413761285
 -345.8564514531722 581.7607905871521 -281.7880544069843 381.8696720244706 86.43686760191514
 -277.1422243587569 520.3452712043362 -428.2886088919591 291.2137702199284 106.6312609307032
 -288.9766869109384 661.0592014742051 -432.9260137876404 124.3443431199585 -63.85057413761285
 -288.9766869109384 661.0592014742051 -432.9260137876404 124.3443431199585 -63.85057413761285
 -269.1062630074252 621.4849068494437 -445.6569222429096 3.438736863288241 -74.35693387973235
 -345.0038913567233 760.3753519218694 -412.4315633730471 70.14122653478046 -133.2934185865943
 -265.9992880115963 686.9702147551881 -446.6128956721949 -0.265197243796834 11.38884814221414
 -288.9766869109384 661.0592014742051 -432.9260137876404 124.3443431199585 -63.85057413761285
 -288.9766869109384 661.0592014742051 -432.9260137876404 124.3443431199585 -63.85057413761285
 254.231446008989 1807.71343655119 -880.9973922329821 401.1870660595628 336.0680163158128
 -277.1422243587569 520.3452712043362 -428.2886088919591 291.2137702199284 106.6312609307032
 -288.9766869109384 661.0592014742051 -432.9260137876404 124.3443431199585 -63.85057413761285
 -288.9766869109384 661.0592014742051 -432.9260137876404 124.3443431199585 -63.85057413761285
 -342.8507341373388 530.8298736896623 -319.1811928975662 324.8536459523178 72.40928928045878
 -119.8890292316231 704.9985138422765 -462.4226867108478 105.7541158835903 -29.50780491290232
 -333.0903196332275 720.8034921073433 -359.0254446663057 126.180471381334 -83.82886254600622
 -213.5850742115484 576.7536088241511 -465.9189162881254 130.6488126230886 -47.75246646142789
