# Created by Octave 4.2.1, Mon Oct 09 17:06:48 2017 BRT <root@mosqueiro>
# name: pop
# type: matrix
# rows: 100
# columns: 5
 -675.283287211174 565.5791179257292 830.0413936961049 963.192344338534 333.5897556684859
 -769.3318121912812 501.1627825376938 624.3115829617332 479.3604333999376 321.4593131176021
 -612.3147474004727 -247.5991182130621 -831.4031589056451 -907.9074574012209 760.0322164818053
 764.4294731614609 834.5094835017712 94.14880772618312 -137.1772351826937 -419.3011145151718
 643.2941722952664 972.9077776023626 308.7939643811551 336.0717675857197 -466.9191489314026
 -818.2024715276823 378.6204970028803 466.8422798016672 -120.4191352230263 -289.9974890336023
 963.4822835977652 -42.0497978069651 35.89146037361274 -612.521143944495 -669.7073647634431
 161.1936096212544 -889.3188960428479 821.5583619409761 -919.5244367259259 -136.663700066803
 -33.93760686695407 -689.9340313179689 472.2011590547993 291.9919077249938 271.0839952175231
 -525.1327575431651 712.1808807568025 337.7699801170158 172.6633553916822 -509.0927386764164
 -819.8411845388348 -177.971769904555 -202.402824934944 478.1932869729378 -952.5283459304136
 751.2564801126787 -417.5048439769535 940.998174284869 741.6822774501459 813.8765559354265
 376.317684834936 -400.8582962430102 -399.1133867666263 108.1221217533757 -732.7146675985259
 991.0792951248018 576.6358485996102 -193.7563466656377 261.1129617267809 906.3722765782979
 -179.6421856238343 17.06868837722061 -757.1528690405404 -358.4109083480192 292.3868196339781
 -7.433050975442029 447.2471208344523 800.920654258118 195.8247757554757 271.1692241360763
 -474.816086818262 -104.0299090036167 -44.4001004595732 819.1935962283801 -26.01667852846936
 657.5153017465304 504.1560040814604 558.1827025508267 796.1349768348584 -500.9898664855653
 -938.0439805869336 164.8913675521828 -603.8491306697181 -714.8340266603637 64.10977791712321
 -504.8167080684643 -905.7248958844596 -230.7041766136148 -409.7391823316009 -760.8789936780308
 -998.0318296469476 -190.4786326488212 -82.9831981074135 -189.1883577848491 618.0487234122027
 -149.1448135892691 -181.1094319114729 -291.3598620456178 -778.8615060898285 334.8932746530818
 388.0967225692511 -614.8132978855783 855.0516043557986 865.7321463764711 554.8202861868579
 572.4200881073477 879.0607213060132 210.1660079091412 -160.5410620012026 -541.0830686900438
 -242.3218080617654 242.6295676607035 558.1984760183536 -79.66928830789209 89.39322610109002
 540.1920760972748 998.9369936766414 769.3624389104514 -373.9670616354126 -56.19216238699926
 27.04770610785431 -304.163938585812 483.3043916347615 274.9924046806889 -340.4518367413648
 160.9027173489546 752.2899672781873 -333.7865692212806 840.4640693956205 -985.0222983151863
 -351.7787427570823 360.5617635604588 824.399590017254 220.0136522477985 837.8687552928122
 -991.6299526886266 934.9922478446474 800.7137495803565 317.8244831754785 613.1803454931653
 482.0660219515689 -102.2360257154039 -41.22445491169663 -615.8772012506696 254.9178515359515
 474.1410245795394 -583.8657602012297 992.5195451207032 -884.7081025449365 -931.9715852971958
 458.6585320637209 -63.34174233924648 -518.5875542202955 738.7709262897456 -581.0494691775859
 -757.1605963996044 559.1087421374996 -115.0236334161992 -249.253168126362 -516.908440648488
 -490.3397747407151 881.9984542690449 857.657749809259 -568.3606990070124 -89.62808448165447
 878.2604846168929 -402.0830352416481 301.17522434697 431.6200368023588 552.8267215695819
 459.9971225561342 -744.8266010470187 325.0674545323352 132.9818265849012 762.0292508535094
 182.2832152739265 -548.1109422629679 134.7011211341251 194.5846076464052 -393.7924222308166
 -562.9293754187653 -405.3023559517325 897.1285959509764 721.0527826272137 -708.659373720408
 515.7810654911673 361.0118800780394 -924.0727916012564 -301.6667521886852 -599.1240517536046
 -887.2120660191308 -703.4837647828779 585.9803703996677 -790.5686397356901 -2.425877493415328
 567.2017094871935 -952.6387779037268 454.4858811096269 281.4379087932625 -680.583003697763
 -75.79646118425171 99.95992928233886 -296.813917035537 517.4648354778708 151.2269744991172
 -547.4530985601768 95.42386109127119 478.3833307123521 -563.1692896339441 590.3060496704363
 246.3918588294393 -986.5280738935621 -403.0579106933181 -551.4047188330838 -768.9261588622899
 316.4731197355316 738.7017417663806 151.2252698321663 -771.8677869352412 -921.8556436701199
 -971.2404311391662 -933.1006604253686 -236.6424771882133 -899.9229087986898 -261.8434992243745
 -482.3535644986005 217.685445150056 296.0412722639403 -821.2224878851162 -785.6484416712534
 684.237566906944 -284.4250993718837 829.7288312605876 -752.8294809854376 -868.4541405264945
 645.8851901689075 -390.4638511978736 675.4196068939614 216.1988056417631 125.9235591323727
 825.5642991060752 -121.2255024261887 220.5160871813985 187.9605098538764 404.2926230120429
 -586.3855923956796 -701.6856399130018 621.7687961033705 -527.2761507355465 -706.1053060379453
 128.8296078409721 -512.6871786776439 414.4266950537485 -670.9303561759027 -489.3430754872256
 -254.5709811811297 994.3730539610674 294.364434785982 -616.0868087864931 -12.85572825227393
 770.0584189577125 -522.8481274898659 -313.9437023971742 884.1838922309837 -213.1211690167835
 347.1194160619375 298.7608329215898 639.6267726815711 503.3014030049535 926.5216923147773
 -97.20847510001829 -78.44058765555747 -892.7434284141895 17.76925052415845 652.7399063181444
 -152.3640289907903 293.7129737282969 -971.0000122189397 -246.417621533798 -712.9042704620263
 285.4777379818561 160.7903400906416 -376.6603556475973 996.2981808258003 -621.2506233217405
 991.4410851810105 45.6705428903349 -743.1158633470129 -758.1868906464161 580.592195509596
 -910.6088035350984 -432.5212456810376 -154.7442952642465 -487.0024741565296 -582.9202358180269
 -618.2112148949118 556.742817123285 -724.9925979552542 -475.5057887091706 -303.6031030190863
 630.8429687574073 -194.3621090268412 671.8371153004127 373.3544715133389 -735.101864491383
 -462.8143798413276 896.9064887392688 190.8024883986313 -894.3335665619664 -629.6032322835044
 575.0647957844608 666.6901623222459 123.9617030951972 -308.5745867872644 -702.1914067401822
 536.9610135899622 787.5677151793557 682.6608363050143 259.6290553127715 -209.4471648690642
 -603.5659386117715 -516.8535532652842 -197.3804711823867 -797.2472866388657 -316.7485218872931
 -611.5612598522773 98.6867578135375 616.3004607542291 -586.0128512510869 -238.5912847941318
 279.7117061322442 -8.56712080506918 -891.8044623780089 -397.6797236482373 144.0844431579274
 951.8046958188402 530.5577551249744 521.9485854983575 -540.9373949369985 809.7163353795552
 -700.6373447603983 636.3420564911839 579.2829263023514 266.2841382236745 -825.4225567087169
 743.9069878516857 -727.7292721826706 -246.0307158150875 -172.907992734341 -286.8358798592093
 133.4772193135429 -201.2626979787392 4.718265963178624 -375.0679084849659 160.2819886693676
 -107.4778668084796 -887.1345746585647 550.4642501882397 -779.6915637772554 512.5561832173814
 -379.172544451066 -719.8326830146359 824.1411045078742 -260.0164055978244 134.47390084877
 -639.0077896182866 -105.8565126651704 -6.002669113699767 -145.4376674661652 -204.4856846543161
 -541.8109456285497 508.7210365103806 546.3300987068656 757.2379701734208 974.6524556712131
 -803.8219021441544 -190.6008326752454 -41.5689602872892 -696.5886105264071 779.159110509195
 -914.0306697882534 -77.58410253523653 -444.6177888880137 856.0392091106446 -299.4672163479185
 -95.4613098631055 -422.1606103912719 306.8876261856797 -783.1032380653071 -704.2598027402812
 -62.28265821470529 539.21010884724 261.8402324251294 146.1380846864115 766.5648850760517
 -810.6289373157069 150.7296809682296 -299.4724765526638 -226.2886207696849 681.1021267208509
 -614.4207581337957 869.2357302684436 540.0908743703023 301.6511679722325 -19.15904067851682
 -194.1723781060708 -263.0852405664587 241.7240504550359 -682.3686932730201 975.2005321928177
