# Created by Octave 4.2.1, Mon Oct 09 17:05:55 2017 BRT <root@mosqueiro>
# name: pop
# type: matrix
# rows: 100
# columns: 5
 560.5881087202872 -215.4828132724439 -19.72543151784976 -129.2700558841981 -194.4030114807059
 560.5881087202872 -215.4828132724439 -19.72543151784976 -129.2700558841981 -194.4030114807059
 560.5881087202872 -215.4828132724439 -19.72543151784976 -129.2700558841981 -194.4030114807059
 560.5881087202872 -215.4828132724439 -19.72543151784976 -129.2700558841981 -194.4030114807059
 978.2012155633145 -28.58047555209561 1214.754894169299 -606.7887495232842 -1255.756252493817
 560.5881087202872 -215.4828132724439 -19.72543151784976 -129.2700558841981 -194.4030114807059
 1375.295740229222 344.8658463049657 -782.9576476024057 864.3423665312849 -196.5438592144475
 -1511.002987537835 -1342.585910785321 -1252.37282863501 4195.797976931262 -948.0834885596148
 2189.267168738972 111.5262955715903 -825.248541214955 -198.9020160280706 -201.8493155878963
 560.5881087202872 -215.4828132724439 -19.72543151784976 -129.2700558841981 -194.4030114807059
 633.5586973438387 762.2170525759946 897.714246077931 2717.139840835508 3143.895620052625
 560.5881087202872 -215.4828132724439 -19.72543151784976 -129.2700558841981 -194.4030114807059
 560.5881087202872 -215.4828132724439 -19.72543151784976 -129.2700558841981 -194.4030114807059
 -96.76314929370199 -960.6154290533188 126.2643750670158 -1031.800089814349 -77.95667166205469
 560.5881087202872 -215.4828132724439 -19.72543151784976 -129.2700558841981 -194.4030114807059
 1375.295740229222 344.8658463049657 -782.9576476024057 864.3423665312849 -196.5438592144475
 993.4479992882051 -330.0117029094866 -974.3336521588656 63.01860382469692 620.0072312330014
 1411.214642712741 985.8453660184947 191.8570097556769 -3814.902029531665 2411.31612974755
 560.5881087202872 -215.4828132724439 -19.72543151784976 -129.2700558841981 -194.4030114807059
 560.5881087202872 -215.4828132724439 -19.72543151784976 -129.2700558841981 -194.4030114807059
 -208.5859100351331 836.7741633636895 -2284.242018965954 4612.506436257454 -2197.60048758217
 560.5881087202872 -215.4828132724439 -19.72543151784976 -129.2700558841981 -194.4030114807059
 560.5881087202872 -215.4828132724439 -19.72543151784976 -129.2700558841981 -194.4030114807059
 -3760.085349353518 3736.56303441395 -1462.484222726939 1314.579752424619 -702.1767781850581
 560.5881087202872 -215.4828132724439 -19.72543151784976 -129.2700558841981 -194.4030114807059
 560.5881087202872 -215.4828132724439 -19.72543151784976 -129.2700558841981 -194.4030114807059
 560.5881087202872 -215.4828132724439 -19.72543151784976 -129.2700558841981 -194.4030114807059
 560.5881087202872 -215.4828132724439 -19.72543151784976 -129.2700558841981 -194.4030114807059
 560.5881087202872 -215.4828132724439 -19.72543151784976 -129.2700558841981 -194.4030114807059
 560.5881087202872 -215.4828132724439 -19.72543151784976 -129.2700558841981 -194.4030114807059
 -925.9627821041951 -33.04835317575089 -89.9178239514921 923.1718237354667 175.6436132977217
 3101.863869296816 988.0660189730063 93.98171577905691 1564.861213575854 313.2594376580358
 560.5881087202872 -215.4828132724439 -19.72543151784976 -129.2700558841981 -194.4030114807059
 560.5881087202872 -215.4828132724439 -19.72543151784976 -129.2700558841981 -194.4030114807059
 560.5881087202872 -215.4828132724439 -19.72543151784976 -129.2700558841981 -194.4030114807059
 560.5881087202872 -215.4828132724439 -19.72543151784976 -129.2700558841981 -194.4030114807059
 560.5881087202872 -215.4828132724439 -19.72543151784976 -129.2700558841981 -194.4030114807059
 560.5881087202872 -215.4828132724439 -19.72543151784976 -129.2700558841981 -194.4030114807059
 897.7483240514135 -3000.670897295377 -2017.115825215616 2449.286230779898 2676.40526421175
 560.5881087202872 -215.4828132724439 -19.72543151784976 -129.2700558841981 -194.4030114807059
 1411.214642712741 985.8453660184947 191.8570097556769 -3814.902029531665 2411.31612974755
 560.5881087202872 -215.4828132724439 -19.72543151784976 -129.2700558841981 -194.4030114807059
 560.5881087202872 -215.4828132724439 -19.72543151784976 -129.2700558841981 -194.4030114807059
 -454.4513339358501 414.4719779871641 -24.3764428476773 -604.7444783657652 -706.485769061015
 -925.9627821041951 -33.04835317575089 -89.9178239514921 923.1718237354667 175.6436132977217
 560.5881087202872 -215.4828132724439 -19.72543151784976 -129.2700558841981 -194.4030114807059
 560.5881087202872 -215.4828132724439 -19.72543151784976 -129.2700558841981 -194.4030114807059
 560.5881087202872 -215.4828132724439 -19.72543151784976 -129.2700558841981 -194.4030114807059
 1411.214642712741 985.8453660184947 191.8570097556769 -3814.902029531665 2411.31612974755
 1624.563529972329 -276.9695463326381 21.80087230034333 -696.3997241372439 12.08849796572787
 142.8097888863248 -101.4690004788338 -1033.416820011076 -99.8466471585412 -309.7468125309004
 1226.208175181439 -355.8381543827805 -275.7421596661916 313.7575291339357 -825.150880609683
 -925.9627821041951 -33.04835317575089 -89.9178239514921 923.1718237354667 175.6436132977217
 497.2288603950009 -593.8832980437656 65.14103478133794 1550.199516073905 1085.35190349922
 -3760.085349353518 3736.56303441395 -1462.484222726939 1314.579752424619 -702.1767781850581
 560.5881087202872 -215.4828132724439 -19.72543151784976 -129.2700558841981 -194.4030114807059
 280.2497026634689 1050.993474254439 54.39304410304908 -664.4061875845759 -732.0324549070366
 560.5881087202872 -215.4828132724439 -19.72543151784976 -129.2700558841981 -194.4030114807059
 560.5881087202872 -215.4828132724439 -19.72543151784976 -129.2700558841981 -194.4030114807059
 560.5881087202872 -215.4828132724439 -19.72543151784976 -129.2700558841981 -194.4030114807059
 560.5881087202872 -215.4828132724439 -19.72543151784976 -129.2700558841981 -194.4030114807059
 560.5881087202872 -215.4828132724439 -19.72543151784976 -129.2700558841981 -194.4030114807059
 -925.9627821041951 -33.04835317575089 -89.9178239514921 923.1718237354667 175.6436132977217
 633.5586973438387 762.2170525759946 897.714246077931 2717.139840835508 3143.895620052625
 978.2012155633145 -28.58047555209561 1214.754894169299 -606.7887495232842 -1255.756252493817
 560.5881087202872 -215.4828132724439 -19.72543151784976 -129.2700558841981 -194.4030114807059
 1944.124568852666 -577.1399147042657 -316.8436042751131 215.7100732995811 1768.556331382891
 560.5881087202872 -215.4828132724439 -19.72543151784976 -129.2700558841981 -194.4030114807059
 560.5881087202872 -215.4828132724439 -19.72543151784976 -129.2700558841981 -194.4030114807059
 560.5881087202872 -215.4828132724439 -19.72543151784976 -129.2700558841981 -194.4030114807059
 560.5881087202872 -215.4828132724439 -19.72543151784976 -129.2700558841981 -194.4030114807059
 560.5881087202872 -215.4828132724439 -19.72543151784976 -129.2700558841981 -194.4030114807059
 560.5881087202872 -215.4828132724439 -19.72543151784976 -129.2700558841981 -194.4030114807059
 560.5881087202872 -215.4828132724439 -19.72543151784976 -129.2700558841981 -194.4030114807059
 560.5881087202872 -215.4828132724439 -19.72543151784976 -129.2700558841981 -194.4030114807059
 2637.471391292557 292.7907895973038 3169.382392567317 938.961992027384 -0.5922462223600178
 -925.9627821041951 -33.04835317575089 -89.9178239514921 923.1718237354667 175.6436132977217
 897.7483240514135 -3000.670897295377 -2017.115825215616 2449.286230779898 2676.40526421175
 560.5881087202872 -215.4828132724439 -19.72543151784976 -129.2700558841981 -194.4030114807059
 -208.5859100351331 836.7741633636895 -2284.242018965954 4612.506436257454 -2197.60048758217
 97.6291351927444 -843.4995319663261 109.323372592863 1592.924744553159 219.8306997884271
 -634.6943171505932 -384.3102757403186 10.3674076300393 943.1960733258084 713.8201799220136
 344.5861191945778 -703.2311232295256 70.38734407031859 -667.9647013147296 -401.5402794410232
