# Created by Octave 4.2.1, Mon Oct 09 17:08:28 2017 BRT <root@mosqueiro>
# name: pop
# type: matrix
# rows: 100
# columns: 5
 282.6466254218274 906.3067794946598 -215.2625780833953 -744.3451018949722 -219.3898061467679
 282.6466254218274 906.3067794946598 -215.2625780833953 -744.3451018949722 -219.3898061467679
 282.6466254218274 906.3067794946598 -215.2625780833953 -744.3451018949722 -219.3898061467679
 348.5413780797718 942.4320560247512 -1711.796625648311 -2189.68317361886 -1033.734678911911
 282.6466254218274 906.3067794946598 -215.2625780833953 -744.3451018949722 -219.3898061467679
 282.6466254218274 906.3067794946598 -215.2625780833953 -744.3451018949722 -219.3898061467679
 282.6466254218274 906.3067794946598 -215.2625780833953 -744.3451018949722 -219.3898061467679
 282.6466254218274 906.3067794946598 -215.2625780833953 -744.3451018949722 -219.3898061467679
 137.3061097381568 -2137.430985479467 -46.96860768430543 1388.200520867664 3330.194982444352
 282.6466254218274 906.3067794946598 -215.2625780833953 -744.3451018949722 -219.3898061467679
 282.6466254218274 906.3067794946598 -215.2625780833953 -744.3451018949722 -219.3898061467679
 282.6466254218274 906.3067794946598 -215.2625780833953 -744.3451018949722 -219.3898061467679
 282.6466254218274 906.3067794946598 -215.2625780833953 -744.3451018949722 -219.3898061467679
 348.5413780797718 942.4320560247512 -1711.796625648311 -2189.68317361886 -1033.734678911911
 1412.972266718245 1403.982201078696 -937.8088899786087 -1843.334815039818 -1082.933029118273
 966.9401668187866 206.2326653933612 -1403.941451945045 -772.4560313953235 -148.8113132531022
 282.6466254218274 906.3067794946598 -215.2625780833953 -744.3451018949722 -219.3898061467679
 519.1881607984017 -170.1722159537701 -897.0667289754474 17.25802107036986 954.3807338326062
 282.6466254218274 906.3067794946598 -215.2625780833953 -744.3451018949722 -219.3898061467679
 1236.583808537948 -560.7339021885875 896.9625417527506 -144.3280622264312 -813.5856879479265
 282.6466254218274 906.3067794946598 -215.2625780833953 -744.3451018949722 -219.3898061467679
 -66.92183153725227 223.9918175622283 708.993341268985 -159.5457728295037 -677.9949406864059
 -66.92183153725227 223.9918175622283 708.993341268985 -159.5457728295037 -677.9949406864059
 348.5413780797718 942.4320560247512 -1711.796625648311 -2189.68317361886 -1033.734678911911
 282.6466254218274 906.3067794946598 -215.2625780833953 -744.3451018949722 -219.3898061467679
 -66.92183153725227 223.9918175622283 708.993341268985 -159.5457728295037 -677.9949406864059
 -66.92183153725227 223.9918175622283 708.993341268985 -159.5457728295037 -677.9949406864059
 1570.755335140884 1233.624928082944 1419.553718424816 -1714.315621236849 -1055.727668356332
 282.6466254218274 906.3067794946598 -215.2625780833953 -744.3451018949722 -219.3898061467679
 282.6466254218274 906.3067794946598 -215.2625780833953 -744.3451018949722 -219.3898061467679
 282.6466254218274 906.3067794946598 -215.2625780833953 -744.3451018949722 -219.3898061467679
 137.3061097381568 -2137.430985479467 -46.96860768430543 1388.200520867664 3330.194982444352
 282.6466254218274 906.3067794946598 -215.2625780833953 -744.3451018949722 -219.3898061467679
 282.6466254218274 906.3067794946598 -215.2625780833953 -744.3451018949722 -219.3898061467679
 282.6466254218274 906.3067794946598 -215.2625780833953 -744.3451018949722 -219.3898061467679
 282.6466254218274 906.3067794946598 -215.2625780833953 -744.3451018949722 -219.3898061467679
 282.6466254218274 906.3067794946598 -215.2625780833953 -744.3451018949722 -219.3898061467679
 1162.049907011839 177.1653182621731 -1661.911924419399 -433.3329292952509 392.489120912691
 282.6466254218274 906.3067794946598 -215.2625780833953 -744.3451018949722 -219.3898061467679
 -369.0228928718118 1772.064850426676 -1773.772271303576 -1417.843050875442 3544.068384322925
 1984.951851062423 2185.767244544489 -559.0062423265188 -1673.850064149265 -462.629950829457
 282.6466254218274 906.3067794946598 -215.2625780833953 -744.3451018949722 -219.3898061467679
 282.6466254218274 906.3067794946598 -215.2625780833953 -744.3451018949722 -219.3898061467679
 1162.049907011839 177.1653182621731 -1661.911924419399 -433.3329292952509 392.489120912691
 282.6466254218274 906.3067794946598 -215.2625780833953 -744.3451018949722 -219.3898061467679
 282.6466254218274 906.3067794946598 -215.2625780833953 -744.3451018949722 -219.3898061467679
 983.5042890380433 3473.14759800224 1641.787412548473 -2285.071314870906 571.096098811366
 -369.0228928718118 1772.064850426676 -1773.772271303576 -1417.843050875442 3544.068384322925
 -2980.614533661258 104.7392795959616 -532.4226007932413 -0.1295212221617703 2632.843140772462
 282.6466254218274 906.3067794946598 -215.2625780833953 -744.3451018949722 -219.3898061467679
 282.6466254218274 906.3067794946598 -215.2625780833953 -744.3451018949722 -219.3898061467679
 282.6466254218274 906.3067794946598 -215.2625780833953 -744.3451018949722 -219.3898061467679
 -2980.614533661258 104.7392795959616 -532.4226007932413 -0.1295212221617703 2632.843140772462
 282.6466254218274 906.3067794946598 -215.2625780833953 -744.3451018949722 -219.3898061467679
 519.1881607984017 -170.1722159537701 -897.0667289754474 17.25802107036986 954.3807338326062
 282.6466254218274 906.3067794946598 -215.2625780833953 -744.3451018949722 -219.3898061467679
 282.6466254218274 906.3067794946598 -215.2625780833953 -744.3451018949722 -219.3898061467679
 348.5413780797718 942.4320560247512 -1711.796625648311 -2189.68317361886 -1033.734678911911
 -235.5794885121334 867.0801774784629 709.6855675437313 82.53753732232281 -796.7214628435302
 -66.92183153725227 223.9918175622283 708.993341268985 -159.5457728295037 -677.9949406864059
 282.6466254218274 906.3067794946598 -215.2625780833953 -744.3451018949722 -219.3898061467679
 282.6466254218274 906.3067794946598 -215.2625780833953 -744.3451018949722 -219.3898061467679
 282.6466254218274 906.3067794946598 -215.2625780833953 -744.3451018949722 -219.3898061467679
 -66.92183153725227 223.9918175622283 708.993341268985 -159.5457728295037 -677.9949406864059
 -543.0767155043701 230.194287148106 988.5128071494075 -1761.568806292349 -64.9318928393314
 282.6466254218274 906.3067794946598 -215.2625780833953 -744.3451018949722 -219.3898061467679
 -2185.843111323788 8.477190207835861 3263.551088617289 -2914.098230216415 -589.491106534668
 282.6466254218274 906.3067794946598 -215.2625780833953 -744.3451018949722 -219.3898061467679
 1570.755335140884 1233.624928082944 1419.553718424816 -1714.315621236849 -1055.727668356332
 1162.049907011839 177.1653182621731 -1661.911924419399 -433.3329292952509 392.489120912691
 3191.796032508031 523.6401655346745 -367.9090963169324 647.2216505431688 194.6373972439347
 -1199.963457753168 -3167.147354929061 919.0975570092843 217.6018849271486 1000.300014935895
 734.3258883084384 266.2338551998815 -25.88938668228991 -857.5522336920809 -2224.510468498523
 282.6466254218274 906.3067794946598 -215.2625780833953 -744.3451018949722 -219.3898061467679
 -1199.963457753168 -3167.147354929061 919.0975570092843 217.6018849271486 1000.300014935895
 -998.5259197287695 814.9474946529776 891.5452585716822 10.62586103084953 1992.07378872028
 282.6466254218274 906.3067794946598 -215.2625780833953 -744.3451018949722 -219.3898061467679
 282.6466254218274 906.3067794946598 -215.2625780833953 -744.3451018949722 -219.3898061467679
 519.1881607984017 -170.1722159537701 -897.0667289754474 17.25802107036986 954.3807338326062
 282.6466254218274 906.3067794946598 -215.2625780833953 -744.3451018949722 -219.3898061467679
 -306.1885654234588 265.446914626686 -957.1316428786689 -437.7114425914892 -676.2779199289272
 279.7472277449499 -745.5595765177851 792.6490584717176 310.6921349535924 -1330.814020215067
 1093.069146744697 857.8766804588699 391.3961898867472 -1411.547257207132 641.3653036612616
 2351.653078348369 920.4719096041858 1894.028329325226 -1513.655443239442 -786.8779499329532
