# Created by Octave 4.2.1, Mon Oct 09 17:08:14 2017 BRT <root@mosqueiro>
# name: pop
# type: matrix
# rows: 100
# columns: 5
 -321.6200340840742 346.5263759176294 -85.72445040905696 -283.4267094333344 343.273346105835
 -321.6200340840742 346.5263759176294 -85.72445040905696 -283.4267094333344 343.273346105835
 -262.2306714726993 364.7773923165431 -51.06514580650062 -368.1840966124439 317.8782913792746
 -321.6085088441704 346.5671789504737 -85.73898048319823 -283.4682419002572 343.2702919635962
 -325.5135440085846 354.8521097273314 -91.81993765100161 -283.841883403808 345.3604068176763
 -325.5135440085846 354.8521097273314 -91.81993765100161 -283.841883403808 345.3604068176763
 -325.5135440085846 354.8521097273314 -91.81993765100161 -283.841883403808 345.3604068176763
 -325.4882156484506 354.761178915852 -91.71784691601255 -283.8822472632234 345.3867280200694
 -325.7064929141454 354.7931690088444 -91.82092458369513 -283.6953632952274 345.3568328027746
 -321.2819192310895 346.5329995551954 -85.93380989757357 -283.5970179835426 343.5131990763173
 -321.6085088441704 346.5671789504737 -85.73898048319823 -283.4682419002572 343.2702919635962
 -325.5135440085846 354.8521097273314 -91.81993765100161 -283.841883403808 345.3604068176763
 -321.4778940437774 346.5558031953517 -85.69010511030099 -283.6246350190594 343.3528232161063
 -321.5182661523157 346.5938100408284 -85.77333772019371 -283.6100306358586 343.3764377186261
 -325.7064929141454 354.7931690088444 -91.82092458369513 -283.6953632952274 345.3568328027746
 -314.3415423931393 346.8355871233189 -98.92981770937993 -285.1647853885632 355.0326918779872
 -325.5135440085846 354.8521097273314 -91.81993765100161 -283.841883403808 345.3604068176763
 -321.4823466092553 346.5364506505706 -85.6948194135429 -283.6177910964803 343.3627847763279
 -321.4778940437774 346.5558031953517 -85.69010511030099 -283.6246350190594 343.3528232161063
 -321.6243811098972 346.8250318796237 -86.08034089025557 -283.5014472161272 343.5491297736282
 -321.4972365390531 346.5496563723185 -85.69162107932036 -283.6132789976013 343.3680241501761
 -321.6085088441704 346.5671789504737 -85.73898048319823 -283.4682419002572 343.2702919635962
 -321.6085088441704 346.5671789504737 -85.73898048319823 -283.4682419002572 343.2702919635962
 -321.6089293966064 346.5283310030638 -85.74163137116678 -283.4317529714071 343.2779345405651
 -321.6243811098972 346.8250318796237 -86.08034089025557 -283.5014472161272 343.5491297736282
 -321.6085088441704 346.5671789504737 -85.73898048319823 -283.4682419002572 343.2702919635962
 -325.5135440085846 354.8521097273314 -91.81993765100161 -283.841883403808 345.3604068176763
 -321.6085088441704 346.5671789504737 -85.73898048319823 -283.4682419002572 343.2702919635962
 -325.5135440085846 354.8521097273314 -91.81993765100161 -283.841883403808 345.3604068176763
 -325.4838425787325 354.7815434268936 -91.8186893285758 -283.859307035412 345.4405435624175
 -325.5135440085846 354.8521097273314 -91.81993765100161 -283.841883403808 345.3604068176763
 -264.0820630962835 364.5870192678217 -46.65091594658078 -368.8805266014903 314.5867737243634
 -314.3415423931393 346.8355871233189 -98.92981770937993 -285.1647853885632 355.0326918779872
 -325.5135440085846 354.8521097273314 -91.81993765100161 -283.841883403808 345.3604068176763
 -321.2819192310895 346.5329995551954 -85.93380989757357 -283.5970179835426 343.5131990763173
 -325.5135440085846 354.8521097273314 -91.81993765100161 -283.841883403808 345.3604068176763
 -325.5135440085846 354.8521097273314 -91.81993765100161 -283.841883403808 345.3604068176763
 -325.5135440085846 354.8521097273314 -91.81993765100161 -283.841883403808 345.3604068176763
 -321.6200340840742 346.5263759176294 -85.72445040905696 -283.4267094333344 343.273346105835
 -321.4778940437774 346.5558031953517 -85.69010511030099 -283.6246350190594 343.3528232161063
 -325.4882156484506 354.761178915852 -91.71784691601255 -283.8822472632234 345.3867280200694
 -321.4778940437774 346.5558031953517 -85.69010511030099 -283.6246350190594 343.3528232161063
 -329.725480256013 352.8027898226292 -89.78176245879443 -280.0143111084408 345.0779385023151
 -321.6085088441704 346.5671789504737 -85.73898048319823 -283.4682419002572 343.2702919635962
 -321.4778940437774 346.5558031953517 -85.69010511030099 -283.6246350190594 343.3528232161063
 -321.6200340840742 346.5263759176294 -85.72445040905696 -283.4267094333344 343.273346105835
 -321.6200340840742 346.5263759176294 -85.72445040905696 -283.4267094333344 343.273346105835
 -329.725480256013 352.8027898226292 -89.78176245879443 -280.0143111084408 345.0779385023151
 -321.6085088441704 346.5671789504737 -85.73898048319823 -283.4682419002572 343.2702919635962
 -325.5157378556024 354.9134964521663 -91.8257950859014 -283.8765307838881 345.3386785671635
 -321.5613221066255 346.5503667524059 -85.6648422272259 -283.6056365929236 343.5056909037947
 -325.5135440085846 354.8521097273314 -91.81993765100161 -283.841883403808 345.3604068176763
 -325.5135440085846 354.8521097273314 -91.81993765100161 -283.841883403808 345.3604068176763
 -321.6085088441704 346.5671789504737 -85.73898048319823 -283.4682419002572 343.2702919635962
 -325.5135440085846 354.8521097273314 -91.81993765100161 -283.841883403808 345.3604068176763
 -325.5135440085846 354.8521097273314 -91.81993765100161 -283.841883403808 345.3604068176763
 -321.6085088441704 346.5671789504737 -85.73898048319823 -283.4682419002572 343.2702919635962
 -321.6085088441704 346.5671789504737 -85.73898048319823 -283.4682419002572 343.2702919635962
 -321.4823466092553 346.5364506505706 -85.6948194135429 -283.6177910964803 343.3627847763279
 -321.6085088441704 346.5671789504737 -85.73898048319823 -283.4682419002572 343.2702919635962
 -325.5135440085846 354.8521097273314 -91.81993765100161 -283.841883403808 345.3604068176763
 -321.6553102051967 346.8097742228065 -86.09385937616121 -283.4962331291241 343.5371607910104
 -325.4985626408246 354.9342271702689 -91.82210968446368 -283.770296168209 345.34995112861
 -321.6200340840742 346.5263759176294 -85.72445040905696 -283.4267094333344 343.273346105835
 -321.6085088441704 346.5671789504737 -85.73898048319823 -283.4682419002572 343.2702919635962
 -321.5920068563237 346.7262956593779 -85.58741344275813 -283.8405301032699 343.3598605808642
 -264.0820630962835 364.5870192678217 -46.65091594658078 -368.8805266014903 314.5867737243634
 -325.5135440085846 354.8521097273314 -91.81993765100161 -283.841883403808 345.3604068176763
 -325.5135440085846 354.8521097273314 -91.81993765100161 -283.841883403808 345.3604068176763
 -321.6085088441704 346.5671789504737 -85.73898048319823 -283.4682419002572 343.2702919635962
 -325.5227102345612 354.926139375907 -91.82666219337735 -283.8972231530583 345.3371963266432
 -321.6085088441704 346.5671789504737 -85.73898048319823 -283.4682419002572 343.2702919635962
 -321.4823466092553 346.5364506505706 -85.6948194135429 -283.6177910964803 343.3627847763279
 -321.6200340840742 346.5263759176294 -85.72445040905696 -283.4267094333344 343.273346105835
 -321.6085088441704 346.5671789504737 -85.73898048319823 -283.4682419002572 343.2702919635962
 -325.4985626408246 354.9342271702689 -91.82210968446368 -283.770296168209 345.34995112861
 -321.6085088441704 346.5671789504737 -85.73898048319823 -283.4682419002572 343.2702919635962
 -321.6200340840742 346.5263759176294 -85.72445040905696 -283.4267094333344 343.273346105835
 -321.6200340840742 346.5263759176294 -85.72445040905696 -283.4267094333344 343.273346105835
 -321.6178975639207 346.5671846331968 -85.74263537331019 -283.472446034144 343.2595361734689
 -264.0824238893387 364.5890838801988 -46.66341511165314 -368.8823793387031 314.5917035425647
 -325.5201747763886 354.8479468163926 -91.82106345329915 -283.8404516643198 345.3559858465932
 -321.6068471301712 346.5680966880865 -85.7443516154792 -283.4711687912607 343.2685539956058
 -321.6563958232977 346.8134092273177 -86.09341018803495 -283.4982833846794 343.5407464239486
