# Created by Octave 4.2.1, Mon Oct 09 17:06:00 2017 BRT <root@mosqueiro>
# name: pop
# type: matrix
# rows: 100
# columns: 5
 560.5881087202872 -215.4828132724439 -19.72543151784976 -129.2700558841981 -194.4030114807059
 560.5881087202872 -215.4828132724439 -19.72543151784976 -129.2700558841981 -194.4030114807059
 560.5881087202872 -215.4828132724439 -19.72543151784976 -129.2700558841981 -194.4030114807059
 701.2656143062062 -113.0337326605292 -47.89802991798135 -234.3478949639307 -260.7720269194203
 560.5881087202872 -215.4828132724439 -19.72543151784976 -129.2700558841981 -194.4030114807059
 560.5881087202872 -215.4828132724439 -19.72543151784976 -129.2700558841981 -194.4030114807059
 560.5881087202872 -215.4828132724439 -19.72543151784976 -129.2700558841981 -194.4030114807059
 560.5881087202872 -215.4828132724439 -19.72543151784976 -129.2700558841981 -194.4030114807059
 1467.952519175553 -282.3006550360932 544.2845540643244 -395.0231629871353 -497.7954640763407
 560.5881087202872 -215.4828132724439 -19.72543151784976 -129.2700558841981 -194.4030114807059
 560.5881087202872 -215.4828132724439 -19.72543151784976 -129.2700558841981 -194.4030114807059
 560.5881087202872 -215.4828132724439 -19.72543151784976 -129.2700558841981 -194.4030114807059
 560.5881087202872 -215.4828132724439 -19.72543151784976 -129.2700558841981 -194.4030114807059
 560.5881087202872 -215.4828132724439 -19.72543151784976 -129.2700558841981 -194.4030114807059
 602.0745104915367 -243.4613896771042 -33.54589941001009 -69.75304021940561 -325.6481433955393
 631.6034538229754 -130.30903473422 -26.56260928987909 -183.6320903951713 -101.6878838916658
 560.5881087202872 -215.4828132724439 -19.72543151784976 -129.2700558841981 -194.4030114807059
 560.5881087202872 -215.4828132724439 -19.72543151784976 -129.2700558841981 -194.4030114807059
 560.5881087202872 -215.4828132724439 -19.72543151784976 -129.2700558841981 -194.4030114807059
 560.5881087202872 -215.4828132724439 -19.72543151784976 -129.2700558841981 -194.4030114807059
 560.5881087202872 -215.4828132724439 -19.72543151784976 -129.2700558841981 -194.4030114807059
 634.0281260255532 -288.9732112495836 133.0934854694452 -159.7343950173059 5.559504573828207
 560.5881087202872 -215.4828132724439 -19.72543151784976 -129.2700558841981 -194.4030114807059
 535.9095313022384 -637.9980803799001 -16.16401605698961 -134.2789663318827 85.94067099456242
 -862.1659097492829 -103.7419494761347 2.814965211070515 1066.59855157434 338.5273656004478
 560.5881087202872 -215.4828132724439 -19.72543151784976 -129.2700558841981 -194.4030114807059
 560.5881087202872 -215.4828132724439 -19.72543151784976 -129.2700558841981 -194.4030114807059
 491.5844475599962 -114.0163618553483 -25.98650088659182 -136.9104895220933 -63.02682266550221
 560.5881087202872 -215.4828132724439 -19.72543151784976 -129.2700558841981 -194.4030114807059
 700.6788840356214 -377.500462704098 243.6190532193614 -153.1415580972814 -222.3988778349979
 485.1548628301034 -207.4836194809968 -200.9491110515375 112.3812738983983 -73.53559075714192
 560.5881087202872 -215.4828132724439 -19.72543151784976 -129.2700558841981 -194.4030114807059
 560.5881087202872 -215.4828132724439 -19.72543151784976 -129.2700558841981 -194.4030114807059
 560.5881087202872 -215.4828132724439 -19.72543151784976 -129.2700558841981 -194.4030114807059
 451.2212255521932 -134.7643963186399 -26.822258412003 -46.90578808543009 -179.4895764055695
 560.5881087202872 -215.4828132724439 -19.72543151784976 -129.2700558841981 -194.4030114807059
 560.5881087202872 -215.4828132724439 -19.72543151784976 -129.2700558841981 -194.4030114807059
 560.5881087202872 -215.4828132724439 -19.72543151784976 -129.2700558841981 -194.4030114807059
 445.6391304941187 -210.3015412884314 -170.6030485328769 -9.036616820243111 -4.776376108775594
 646.8503449042671 -337.8907984487392 87.5050262229648 -166.6622557509174 -145.9892235730293
 560.5881087202872 -215.4828132724439 -19.72543151784976 -129.2700558841981 -194.4030114807059
 560.5881087202872 -215.4828132724439 -19.72543151784976 -129.2700558841981 -194.4030114807059
 560.5881087202872 -215.4828132724439 -19.72543151784976 -129.2700558841981 -194.4030114807059
 577.1172960127636 -286.7288936943866 -22.9958620699113 -33.34197420000451 -224.5532679628707
 642.9758900185502 -416.6234969475406 126.8153643796458 -211.5401291955179 -350.2303450759207
 560.5881087202872 -215.4828132724439 -19.72543151784976 -129.2700558841981 -194.4030114807059
 560.5881087202872 -215.4828132724439 -19.72543151784976 -129.2700558841981 -194.4030114807059
 560.5881087202872 -215.4828132724439 -19.72543151784976 -129.2700558841981 -194.4030114807059
 560.5881087202872 -215.4828132724439 -19.72543151784976 -129.2700558841981 -194.4030114807059
 560.5881087202872 -215.4828132724439 -19.72543151784976 -129.2700558841981 -194.4030114807059
 560.5881087202872 -215.4828132724439 -19.72543151784976 -129.2700558841981 -194.4030114807059
 552.4989303516804 -184.8185843771684 -30.10259344342909 -84.43644330670924 -143.2282872647709
 560.5881087202872 -215.4828132724439 -19.72543151784976 -129.2700558841981 -194.4030114807059
 560.5881087202872 -215.4828132724439 -19.72543151784976 -129.2700558841981 -194.4030114807059
 445.6391304941187 -210.3015412884314 -170.6030485328769 -9.036616820243111 -4.776376108775594
 560.5881087202872 -215.4828132724439 -19.72543151784976 -129.2700558841981 -194.4030114807059
 518.8223440705277 -204.4775421179175 12.47437054551935 -182.1724291567718 -116.8128854672742
 560.5881087202872 -215.4828132724439 -19.72543151784976 -129.2700558841981 -194.4030114807059
 560.5881087202872 -215.4828132724439 -19.72543151784976 -129.2700558841981 -194.4030114807059
 560.5881087202872 -215.4828132724439 -19.72543151784976 -129.2700558841981 -194.4030114807059
 560.5881087202872 -215.4828132724439 -19.72543151784976 -129.2700558841981 -194.4030114807059
 625.3916844313615 -312.7159191214749 116.2243195319278 -287.8622901132303 -293.9015488649227
 700.6788840356214 -377.500462704098 243.6190532193614 -153.1415580972814 -222.3988778349979
 560.5881087202872 -215.4828132724439 -19.72543151784976 -129.2700558841981 -194.4030114807059
 208.5613622921689 -252.9271860263591 -2.466575530687798 -426.8479113784657 230.4395658962878
 560.5881087202872 -215.4828132724439 -19.72543151784976 -129.2700558841981 -194.4030114807059
 560.5881087202872 -215.4828132724439 -19.72543151784976 -129.2700558841981 -194.4030114807059
 577.1172960127636 -286.7288936943866 -22.9958620699113 -33.34197420000451 -224.5532679628707
 432.750698131021 -22.35442937646826 -373.9895724889929 -459.0277283849692 -384.9337251059147
 605.1674509981495 -240.4915086085535 -104.2016565301474 -175.5907181929107 -370.3770136736339
 625.3916844313615 -312.7159191214749 116.2243195319278 -287.8622901132303 -293.9015488649227
 560.5881087202872 -215.4828132724439 -19.72543151784976 -129.2700558841981 -194.4030114807059
 560.5881087202872 -215.4828132724439 -19.72543151784976 -129.2700558841981 -194.4030114807059
 668.3907992665511 -328.2740342714791 -111.2803649672267 -397.2825011264476 -101.1451323790813
 634.0281260255532 -288.9732112495836 133.0934854694452 -159.7343950173059 5.559504573828207
 488.6233563853799 -100.3349103279552 -28.26008220344116 -132.7182868262966 -335.8345829491122
 560.5881087202872 -215.4828132724439 -19.72543151784976 -129.2700558841981 -194.4030114807059
 535.9095313022384 -637.9980803799001 -16.16401605698961 -134.2789663318827 85.94067099456242
 560.5881087202872 -215.4828132724439 -19.72543151784976 -129.2700558841981 -194.4030114807059
 560.5881087202872 -215.4828132724439 -19.72543151784976 -129.2700558841981 -194.4030114807059
 607.2968631266734 -149.1490937898594 -2.868737489048414 -125.5819782343647 -210.4116692513033
 563.1928501067711 -256.9968991201573 -31.64924674629497 -125.2440043478966 -201.8383233283539
 434.6220989902801 -210.2361052042434 -19.96877785889414 -92.204221294592 -236.243126593486
