# Created by Octave 4.2.1, Mon Oct 09 17:06:06 2017 BRT <root@mosqueiro>
# name: pop
# type: matrix
# rows: 100
# columns: 5
 509.8329205793747 -235.3694655593586 23.80509774420531 -154.7077000947396 -144.8329482796327
 509.8329205793747 -235.3694655593586 23.80509774420531 -154.7077000947396 -144.8329482796327
 560.5881087202872 -215.4828132724439 -19.72543151784976 -129.2700558841981 -194.4030114807059
 564.5237141177515 -258.1901438660277 -51.42774924264663 -33.04937218408097 -222.6535125811757
 564.5237141177515 -258.1901438660277 -51.42774924264663 -33.04937218408097 -222.6535125811757
 509.997369302149 -236.8301050082771 23.43370913914183 -153.8380017017162 -145.798769626196
 564.5237141177515 -258.1901438660277 -51.42774924264663 -33.04937218408097 -222.6535125811757
 507.9980378648723 -234.5518733853262 23.00769414486535 -151.3101475769449 -143.9365783234563
 500.3799396512574 -238.4163785629654 30.51061180250144 -147.7141290044258 -144.3877487737625
 561.600951837648 -217.4467175630549 -17.38039027778814 -128.445485273895 -195.1924119878885
 506.7347890685381 -236.603510335533 22.85281586795806 -150.4635838925927 -142.7048450097259
 508.6978828711455 -234.0763381355375 22.71091684199735 -152.0636388545617 -144.8342280046643
 509.8329205793747 -235.3694655593586 23.80509774420531 -154.7077000947396 -144.8329482796327
 564.5237141177515 -258.1901438660277 -51.42774924264663 -33.04937218408097 -222.6535125811757
 509.8329205793747 -235.3694655593586 23.80509774420531 -154.7077000947396 -144.8329482796327
 560.5881087202872 -215.4828132724439 -19.72543151784976 -129.2700558841981 -194.4030114807059
 509.8329205793747 -235.3694655593586 23.80509774420531 -154.7077000947396 -144.8329482796327
 560.5974680860442 -217.0564557901291 -18.64164519372766 -129.82266220472 -195.0778135863095
 561.4746258661177 -217.2897552497182 -19.93404297330662 -126.2507151455092 -192.0620631519283
 564.5237141177515 -258.1901438660277 -51.42774924264663 -33.04937218408097 -222.6535125811757
 564.5237141177515 -258.1901438660277 -51.42774924264663 -33.04937218408097 -222.6535125811757
 564.5237141177515 -258.1901438660277 -51.42774924264663 -33.04937218408097 -222.6535125811757
 508.6978828711455 -234.0763381355375 22.71091684199735 -152.0636388545617 -144.8342280046643
 507.0883807035794 -234.5549354210927 22.16145176056499 -146.6939240993406 -142.4294813270366
 564.5237141177515 -258.1901438660277 -51.42774924264663 -33.04937218408097 -222.6535125811757
 509.8329205793747 -235.3694655593586 23.80509774420531 -154.7077000947396 -144.8329482796327
 509.8329205793747 -235.3694655593586 23.80509774420531 -154.7077000947396 -144.8329482796327
 564.5237141177515 -258.1901438660277 -51.42774924264663 -33.04937218408097 -222.6535125811757
 564.5237141177515 -258.1901438660277 -51.42774924264663 -33.04937218408097 -222.6535125811757
 509.8329205793747 -235.3694655593586 23.80509774420531 -154.7077000947396 -144.8329482796327
 509.8329205793747 -235.3694655593586 23.80509774420531 -154.7077000947396 -144.8329482796327
 564.5237141177515 -258.1901438660277 -51.42774924264663 -33.04937218408097 -222.6535125811757
 500.9511441804556 -238.0204315743659 29.44065044096045 -148.267312502319 -144.1445587059164
 564.5237141177515 -258.1901438660277 -51.42774924264663 -33.04937218408097 -222.6535125811757
 507.9980378648723 -234.5518733853262 23.00769414486535 -151.3101475769449 -143.9365783234563
 509.8329205793747 -235.3694655593586 23.80509774420531 -154.7077000947396 -144.8329482796327
 509.8329205793747 -235.3694655593586 23.80509774420531 -154.7077000947396 -144.8329482796327
 509.8329205793747 -235.3694655593586 23.80509774420531 -154.7077000947396 -144.8329482796327
 509.8329205793747 -235.3694655593586 23.80509774420531 -154.7077000947396 -144.8329482796327
 509.8329205793747 -235.3694655593586 23.80509774420531 -154.7077000947396 -144.8329482796327
 509.8329205793747 -235.3694655593586 23.80509774420531 -154.7077000947396 -144.8329482796327
 560.5881087202872 -215.4828132724439 -19.72543151784976 -129.2700558841981 -194.4030114807059
 500.3799396512574 -238.4163785629654 30.51061180250144 -147.7141290044258 -144.3877487737625
 560.386963289609 -215.1503810266023 -20.25489697210393 -129.3178004761299 -194.2277624706657
 500.3799396512574 -238.4163785629654 30.51061180250144 -147.7141290044258 -144.3877487737625
 566.0940739213351 -259.0124933527281 -52.54495051492624 -33.3231173868191 -223.2049795707674
 564.5237141177515 -258.1901438660277 -51.42774924264663 -33.04937218408097 -222.6535125811757
 564.5237141177515 -258.1901438660277 -51.42774924264663 -33.04937218408097 -222.6535125811757
 500.3799396512574 -238.4163785629654 30.51061180250144 -147.7141290044258 -144.3877487737625
 500.3799396512574 -238.4163785629654 30.51061180250144 -147.7141290044258 -144.3877487737625
 509.8329205793747 -235.3694655593586 23.80509774420531 -154.7077000947396 -144.8329482796327
 509.8329205793747 -235.3694655593586 23.80509774420531 -154.7077000947396 -144.8329482796327
 564.5237141177515 -258.1901438660277 -51.42774924264663 -33.04937218408097 -222.6535125811757
 507.9980378648723 -234.5518733853262 23.00769414486535 -151.3101475769449 -143.9365783234563
 509.8329205793747 -235.3694655593586 23.80509774420531 -154.7077000947396 -144.8329482796327
 564.5237141177515 -258.1901438660277 -51.42774924264663 -33.04937218408097 -222.6535125811757
 509.8329205793747 -235.3694655593586 23.80509774420531 -154.7077000947396 -144.8329482796327
 509.8329205793747 -235.3694655593586 23.80509774420531 -154.7077000947396 -144.8329482796327
 500.3799396512574 -238.4163785629654 30.51061180250144 -147.7141290044258 -144.3877487737625
 509.8329205793747 -235.3694655593586 23.80509774420531 -154.7077000947396 -144.8329482796327
 507.9980378648723 -234.5518733853262 23.00769414486535 -151.3101475769449 -143.9365783234563
 561.600951837648 -217.4467175630549 -17.38039027778814 -128.445485273895 -195.1924119878885
 509.8329205793747 -235.3694655593586 23.80509774420531 -154.7077000947396 -144.8329482796327
 560.5881087202872 -215.4828132724439 -19.72543151784976 -129.2700558841981 -194.4030114807059
 499.1853033183282 -236.8025568770942 29.79133142745673 -146.8906948169962 -142.2312555795989
 518.387873957933 -211.0507544470964 51.89647538196405 -121.9280180645438 -139.9712561245572
 564.5237141177515 -258.1901438660277 -51.42774924264663 -33.04937218408097 -222.6535125811757
 582.5529990057221 -207.1822223771035 -18.20677857655861 -152.0138439572623 -209.4455982616257
 564.5237141177515 -258.1901438660277 -51.42774924264663 -33.04937218408097 -222.6535125811757
 564.5237141177515 -258.1901438660277 -51.42774924264663 -33.04937218408097 -222.6535125811757
 564.5237141177515 -258.1901438660277 -51.42774924264663 -33.04937218408097 -222.6535125811757
 500.3799396512574 -238.4163785629654 30.51061180250144 -147.7141290044258 -144.3877487737625
 564.5237141177515 -258.1901438660277 -51.42774924264663 -33.04937218408097 -222.6535125811757
 564.5237141177515 -258.1901438660277 -51.42774924264663 -33.04937218408097 -222.6535125811757
 582.5529990057221 -207.1822223771035 -18.20677857655861 -152.0138439572623 -209.4455982616257
 509.8329205793747 -235.3694655593586 23.80509774420531 -154.7077000947396 -144.8329482796327
 500.3799396512574 -238.4163785629654 30.51061180250144 -147.7141290044258 -144.3877487737625
 564.5237141177515 -258.1901438660277 -51.42774924264663 -33.04937218408097 -222.6535125811757
 500.3799396512574 -238.4163785629654 30.51061180250144 -147.7141290044258 -144.3877487737625
 509.8329205793747 -235.3694655593586 23.80509774420531 -154.7077000947396 -144.8329482796327
 561.3134908583039 -217.1361769972632 -20.16584675332922 -126.0919270061419 -191.7103833160129
 508.0648748049265 -234.64257461509 23.14118952621365 -152.1277180608636 -144.0199655784999
 500.3108351120241 -238.2280842158999 30.4254921733438 -147.5659254942788 -144.2598880058267
