# Created by Octave 4.2.1, Mon Oct 09 17:07:51 2017 BRT <root@mosqueiro>
# name: pop
# type: matrix
# rows: 100
# columns: 5
 -325.2790696857643 354.9873460297069 -90.51417018330801 -282.7036551905843 344.9241630361785
 -325.2790696857643 354.9873460297069 -90.51417018330801 -282.7036551905843 344.9241630361785
 579.6703104663459 -979.4678268137839 482.964807784922 493.5802935918221 -327.7891676685562
 -325.2790696857643 354.9873460297069 -90.51417018330801 -282.7036551905843 344.9241630361785
 571.925613774464 -553.4315501946039 716.5418432376885 -93.28857601636741 -781.4660506902153
 -485.0929216339174 436.0236757022292 888.5008710474567 954.2843825398572 676.851626634631
 -190.7382423543443 -3948.698112721345 -923.4951723443633 -2466.02280159615 2567.130088717935
 -325.2790696857643 354.9873460297069 -90.51417018330801 -282.7036551905843 344.9241630361785
 -1142.002830800881 -157.5613291802035 322.2927064375494 -3321.834349169403 678.5983714491438
 -626.9054724924554 633.6574017094952 -476.9190027683262 505.9672048342941 40.37259432084829
 -750.4972119620287 641.5237136481767 247.5554914457161 215.3637101351756 -204.1754529696286
 -626.9054724924554 633.6574017094952 -476.9190027683262 505.9672048342941 40.37259432084829
 -325.2790696857643 354.9873460297069 -90.51417018330801 -282.7036551905843 344.9241630361785
 1669.381927861737 4187.867239129498 3296.164294293821 -4123.100502834653 -8302.379166034025
 -325.2790696857643 354.9873460297069 -90.51417018330801 -282.7036551905843 344.9241630361785
 -117.6755877861196 -757.2770077829624 830.9275024129468 -528.2619027785922 605.5519445185878
 -626.9054724924554 633.6574017094952 -476.9190027683262 505.9672048342941 40.37259432084829
 -325.2790696857643 354.9873460297069 -90.51417018330801 -282.7036551905843 344.9241630361785
 -635.8003248389832 1032.071552402399 1803.312390278312 1482.002262049809 3157.36849870885
 -325.2790696857643 354.9873460297069 -90.51417018330801 -282.7036551905843 344.9241630361785
 -325.2790696857643 354.9873460297069 -90.51417018330801 -282.7036551905843 344.9241630361785
 -5165.820283075861 1120.858758485705 -5421.513157231685 -259.5917281237471 -2377.105425804893
 3270.456081554511 1351.126726093115 610.0117623982665 -349.1733254738208 4293.959342143239
 -572.4309141091725 587.2524063829085 -540.9706423330732 65.0497702317225 272.4875466139522
 721.282081292806 263.4210877995051 580.7635814512751 979.2067258857908 634.4913144635286
 -572.4309141091725 587.2524063829085 -540.9706423330732 65.0497702317225 272.4875466139522
 -325.2790696857643 354.9873460297069 -90.51417018330801 -282.7036551905843 344.9241630361785
 -626.9054724924554 633.6574017094952 -476.9190027683262 505.9672048342941 40.37259432084829
 -325.2790696857643 354.9873460297069 -90.51417018330801 -282.7036551905843 344.9241630361785
 286.6882789261315 -250.6687106384867 897.3599181353165 -670.4069794855604 -715.8347528401944
 -325.2790696857643 354.9873460297069 -90.51417018330801 -282.7036551905843 344.9241630361785
 -117.6755877861196 -757.2770077829624 830.9275024129468 -528.2619027785922 605.5519445185878
 470.2697610645822 2860.634215114967 -1105.459097323584 298.5222189303233 -1042.563760893261
 -117.6755877861196 -757.2770077829624 830.9275024129468 -528.2619027785922 605.5519445185878
 -325.2790696857643 354.9873460297069 -90.51417018330801 -282.7036551905843 344.9241630361785
 916.6594727943058 3602.291595240778 -1386.865970169258 1983.287168866474 -2834.30008304154
 5.589112856477527 -113.9089881654619 -2389.479022608885 380.4851583667216 -956.9969060671719
 -626.9054724924554 633.6574017094952 -476.9190027683262 505.9672048342941 40.37259432084829
 -325.2790696857643 354.9873460297069 -90.51417018330801 -282.7036551905843 344.9241630361785
 -2253.53931006339 1278.382031016115 -807.513387816485 1851.423201251405 2314.29761444957
 -325.2790696857643 354.9873460297069 -90.51417018330801 -282.7036551905843 344.9241630361785
 978.0715810897743 -865.8417250487857 456.0571111427741 -889.0006017960311 101.7645577429764
 -117.6755877861196 -757.2770077829624 830.9275024129468 -528.2619027785922 605.5519445185878
 395.6502118083663 -1299.183558988571 -1410.339845989039 1093.353120918513 1118.133304957351
 579.6703104663459 -979.4678268137839 482.964807784922 493.5802935918221 -327.7891676685562
 -626.9054724924554 633.6574017094952 -476.9190027683262 505.9672048342941 40.37259432084829
 -117.6755877861196 -757.2770077829624 830.9275024129468 -528.2619027785922 605.5519445185878
 -325.2790696857643 354.9873460297069 -90.51417018330801 -282.7036551905843 344.9241630361785
 -378.9344993311686 -415.2087828691507 -641.9932607292366 -579.7238966989439 573.9197071348042
 1875.492589093082 -2470.944973287446 680.2220508038055 -5097.373895002135 -2013.191271447905
 -325.2790696857643 354.9873460297069 -90.51417018330801 -282.7036551905843 344.9241630361785
 -5165.820283075861 1120.858758485705 -5421.513157231685 -259.5917281237471 -2377.105425804893
 -325.2790696857643 354.9873460297069 -90.51417018330801 -282.7036551905843 344.9241630361785
 -325.2790696857643 354.9873460297069 -90.51417018330801 -282.7036551905843 344.9241630361785
 -485.0929216339174 436.0236757022292 888.5008710474567 954.2843825398572 676.851626634631
 -325.2790696857643 354.9873460297069 -90.51417018330801 -282.7036551905843 344.9241630361785
 -117.6755877861196 -757.2770077829624 830.9275024129468 -528.2619027785922 605.5519445185878
 -325.2790696857643 354.9873460297069 -90.51417018330801 -282.7036551905843 344.9241630361785
 -325.2790696857643 354.9873460297069 -90.51417018330801 -282.7036551905843 344.9241630361785
 -325.2790696857643 354.9873460297069 -90.51417018330801 -282.7036551905843 344.9241630361785
 -325.2790696857643 354.9873460297069 -90.51417018330801 -282.7036551905843 344.9241630361785
 2293.607790119206 -1710.99541111522 2634.004218845723 689.2884605124902 -558.3092909879589
 -117.6755877861196 -757.2770077829624 830.9275024129468 -528.2619027785922 605.5519445185878
 -750.4972119620287 641.5237136481767 247.5554914457161 215.3637101351756 -204.1754529696286
 -325.2790696857643 354.9873460297069 -90.51417018330801 -282.7036551905843 344.9241630361785
 571.925613774464 -553.4315501946039 716.5418432376885 -93.28857601636741 -781.4660506902153
 -325.2790696857643 354.9873460297069 -90.51417018330801 -282.7036551905843 344.9241630361785
 -1142.002830800881 -157.5613291802035 322.2927064375494 -3321.834349169403 678.5983714491438
 -325.2790696857643 354.9873460297069 -90.51417018330801 -282.7036551905843 344.9241630361785
 -325.2790696857643 354.9873460297069 -90.51417018330801 -282.7036551905843 344.9241630361785
 646.222964522683 100.9988247243398 -908.9353214760198 827.2325904796369 -621.6986437769258
 -626.9054724924554 633.6574017094952 -476.9190027683262 505.9672048342941 40.37259432084829
 -325.2790696857643 354.9873460297069 -90.51417018330801 -282.7036551905843 344.9241630361785
 1608.913398038566 1420.472177075171 -5347.300998475825 908.9637294549527 4093.016963493283
 135.6167680603705 -668.8885108202866 602.5112592828179 789.5249737939478 -713.9519255326375
 -325.2790696857643 354.9873460297069 -90.51417018330801 -282.7036551905843 344.9241630361785
 -5156.017364411963 -5333.419416530724 350.4828435485522 4195.863910101049 2605.267034105806
 395.6502118083663 -1299.183558988571 -1410.339845989039 1093.353120918513 1118.133304957351
 -325.2790696857643 354.9873460297069 -90.51417018330801 -282.7036551905843 344.9241630361785
 -325.2790696857643 354.9873460297069 -90.51417018330801 -282.7036551905843 344.9241630361785
 -126.271855080106 2919.927756682723 912.8330059794337 1207.848208229514 4609.173866813815
 1461.192575104639 3365.928529064886 -2012.686303386509 2283.056078552345 -1478.750102811879
 3979.866728938664 802.7060792676259 3355.835906449518 2305.966949545753 -4044.174674001428
 1419.351841205922 -2797.736873857185 -1377.485642694189 -110.1384112084701 -416.2130458860873
