# Created by Octave 4.2.1, Mon Oct 09 17:07:45 2017 BRT <root@mosqueiro>
# name: pop
# type: matrix
# rows: 100
# columns: 5
 -289.2126366492933 660.42512431815 -433.8540879686146 124.8114583258744 -63.17998116648241
 -289.2126366492933 660.42512431815 -433.8540879686146 124.8114583258744 -63.17998116648241
 -289.1969164077653 660.4222964923833 -433.8436724537564 124.8118138490865 -63.17122529005019
 -289.2126366492933 660.42512431815 -433.8540879686146 124.8114583258744 -63.17998116648241
 -288.9660824168363 661.3020463304898 -433.6011655916827 125.7182884925602 -65.1641535654993
 -289.2076197281717 660.4227312489422 -433.8562174468745 124.8142323077582 -63.17351742784954
 -289.1992813816865 660.4202409263759 -433.8455733275568 124.8114783102297 -63.17312015628316
 -289.2121348194838 660.4163566645443 -433.8496395031259 124.8122280920678 -63.16529930577507
 -289.1918394425425 660.4216682761686 -433.8395651524659 124.8086755217816 -63.16996080586121
 -289.1972464184287 660.4220819989969 -433.8451048337852 124.8121150188556 -63.17358697325565
 -289.2121348194838 660.4163566645443 -433.8496395031259 124.8122280920678 -63.16529930577507
 -289.4075967962743 660.3830052376184 -433.9064810955022 125.0701989822941 -63.13546275357197
 -288.5976258328986 661.6125061896228 -433.8318435237804 125.7300008774724 -65.8390129157652
 -288.5976258328986 661.6125061896228 -433.8318435237804 125.7300008774724 -65.8390129157652
 -289.2126366492933 660.42512431815 -433.8540879686146 124.8114583258744 -63.17998116648241
 -288.9660824168363 661.3020463304898 -433.6011655916827 125.7182884925602 -65.1641535654993
 -289.4051809255954 660.3835710518033 -433.9111637853171 125.0637460916762 -63.13986949830522
 -289.415620338348 660.3793328862741 -433.8953815328915 125.054278514803 -63.17009174916034
 -289.1972464184287 660.4220819989969 -433.8451048337852 124.8121150188556 -63.17358697325565
 -289.2140058130507 660.4247259568168 -433.8527036260695 124.811699304162 -63.18185098944482
 -289.2126366492933 660.42512431815 -433.8540879686146 124.8114583258744 -63.17998116648241
 -289.2144896830197 660.423226137126 -433.853626454316 124.811207134654 -63.18040188761919
 -289.1955978896759 660.4211547199681 -433.8465022313451 124.8126234072141 -63.17313128088282
 -289.1894800190793 660.4223298020163 -433.8350165598821 124.7888995994913 -63.17564839442522
 -289.4051809255954 660.3835710518033 -433.9111637853171 125.0637460916762 -63.13986949830522
 -289.1834434309904 660.3962310155214 -433.8534562554297 124.7883691772026 -63.16391060145114
 -289.1972464184287 660.4220819989969 -433.8451048337852 124.8121150188556 -63.17358697325565
 -289.197920612159 660.4282413246285 -433.8471091517388 124.8054735712277 -63.16888176861934
 -289.2121348194838 660.4163566645443 -433.8496395031259 124.8122280920678 -63.16529930577507
 -289.1834434309904 660.3962310155214 -433.8534562554297 124.7883691772026 -63.16391060145114
 -289.2140058130507 660.4247259568168 -433.8527036260695 124.811699304162 -63.18185098944482
 -288.9672751830961 661.3010615715415 -433.6004562286205 125.7203403575066 -65.16485032256816
 -289.2054978798626 660.4109344994832 -433.8471287797555 124.8154383895316 -63.18085414459655
 -289.2126366492933 660.42512431815 -433.8540879686146 124.8114583258744 -63.17998116648241
 -289.2126366492933 660.42512431815 -433.8540879686146 124.8114583258744 -63.17998116648241
 -289.4051809255954 660.3835710518033 -433.9111637853171 125.0637460916762 -63.13986949830522
 -289.4090697571062 660.3721988047791 -433.9124208794307 125.0701381127411 -63.1325108052475
 -289.1972464184287 660.4220819989969 -433.8451048337852 124.8121150188556 -63.17358697325565
 -289.1854135604858 660.3984066220163 -433.8452227376577 124.7885690962148 -63.16142096297347
 -289.2121348194838 660.4163566645443 -433.8496395031259 124.8122280920678 -63.16529930577507
 -289.2121348194838 660.4163566645443 -433.8496395031259 124.8122280920678 -63.16529930577507
 -289.2054978798626 660.4109344994832 -433.8471287797555 124.8154383895316 -63.18085414459655
 -289.1972464184287 660.4220819989969 -433.8451048337852 124.8121150188556 -63.17358697325565
 -289.1972464184287 660.4220819989969 -433.8451048337852 124.8121150188556 -63.17358697325565
 -289.2054978798626 660.4109344994832 -433.8471287797555 124.8154383895316 -63.18085414459655
 -289.2121348194838 660.4163566645443 -433.8496395031259 124.8122280920678 -63.16529930577507
 -289.2126366492933 660.42512431815 -433.8540879686146 124.8114583258744 -63.17998116648241
 -289.2121348194838 660.4163566645443 -433.8496395031259 124.8122280920678 -63.16529930577507
 -289.2126366492933 660.42512431815 -433.8540879686146 124.8114583258744 -63.17998116648241
 -289.1854135604858 660.3984066220163 -433.8452227376577 124.7885690962148 -63.16142096297347
 -289.1466110019517 660.9344484110386 -433.0662189696949 124.2884436351749 -63.92567047897377
 -289.2126366492933 660.42512431815 -433.8540879686146 124.8114583258744 -63.17998116648241
 -288.9829714824245 661.2828435980443 -433.6075188596184 125.6917773467008 -65.1700859246727
 -289.1981425768899 660.4219738078514 -433.8467531435655 124.8131058359204 -63.17621822664358
 -289.2128720033479 660.4253137321274 -433.8538628637897 124.8101031141682 -63.17725507377443
 -289.2076197281717 660.4227312489422 -433.8562174468745 124.8142323077582 -63.17351742784954
 -289.3774176546873 660.4198240120809 -433.9060687847794 124.9964669781456 -63.09842517316287
 -289.4083867124594 660.3732907561814 -433.9094491751587 125.0677324176031 -63.14008641318731
 -289.2140058130507 660.4247259568168 -433.8527036260695 124.811699304162 -63.18185098944482
 -289.2126366492933 660.42512431815 -433.8540879686146 124.8114583258744 -63.17998116648241
 -288.9660824168363 661.3020463304898 -433.6011655916827 125.7182884925602 -65.1641535654993
 -289.4083867124594 660.3732907561814 -433.9094491751587 125.0677324176031 -63.14008641318731
 -289.2121348194838 660.4163566645443 -433.8496395031259 124.8122280920678 -63.16529930577507
 -289.2121348194838 660.4163566645443 -433.8496395031259 124.8122280920678 -63.16529930577507
 -289.415620338348 660.3793328862741 -433.8953815328915 125.054278514803 -63.17009174916034
 -289.4090697571062 660.3721988047791 -433.9124208794307 125.0701381127411 -63.1325108052475
 -289.2054978798626 660.4109344994832 -433.8471287797555 124.8154383895316 -63.18085414459655
 -289.179298402144 660.4418164411561 -433.8567993417822 124.8035320563227 -63.20053867394414
 -289.1972464184287 660.4220819989969 -433.8451048337852 124.8121150188556 -63.17358697325565
 -289.1834434309904 660.3962310155214 -433.8534562554297 124.7883691772026 -63.16391060145114
 -289.2121348194838 660.4163566645443 -433.8496395031259 124.8122280920678 -63.16529930577507
 -289.2054978798626 660.4109344994832 -433.8471287797555 124.8154383895316 -63.18085414459655
 -288.9703920637555 661.0642159978413 -432.929401957172 124.3439835072485 -63.85441663804415
 -289.2054978798626 660.4109344994832 -433.8471287797555 124.8154383895316 -63.18085414459655
 -289.2054978798626 660.4109344994832 -433.8471287797555 124.8154383895316 -63.18085414459655
 -289.2128720033479 660.4253137321274 -433.8538628637897 124.8101031141682 -63.17725507377443
 -289.4051809255954 660.3835710518033 -433.9111637853171 125.0637460916762 -63.13986949830522
 -289.1992813816865 660.4202409263759 -433.8455733275568 124.8114783102297 -63.17312015628316
 -289.2121348194838 660.4163566645443 -433.8496395031259 124.8122280920678 -63.16529930577507
 -289.2126366492933 660.42512431815 -433.8540879686146 124.8114583258744 -63.17998116648241
 -289.2131400914528 660.4246917793181 -433.8536643030222 124.8117015364535 -63.1794434802957
 -289.2075582843032 660.4229055746445 -433.8558354704523 124.8143320305395 -63.17334184474513
 -289.1974040960044 660.422263129282 -433.844854118238 124.8120228151069 -63.1736281410757
 -289.2127296696748 660.4257826163915 -433.8544864252299 124.8109745371559 -63.18045902964782
