# Created by Octave 4.2.1, Mon Oct 09 17:07:31 2017 BRT <root@mosqueiro>
# name: pop
# type: matrix
# rows: 100
# columns: 5
 -288.9766869109384 661.0592014742051 -432.9260137876404 124.3443431199585 -63.85057413761285
 -288.9766869109384 661.0592014742051 -432.9260137876404 124.3443431199585 -63.85057413761285
 -288.9766869109384 661.0592014742051 -432.9260137876404 124.3443431199585 -63.85057413761285
 -288.9766869109384 661.0592014742051 -432.9260137876404 124.3443431199585 -63.85057413761285
 -345.8564514531722 581.7607905871521 -281.7880544069843 381.8696720244706 86.43686760191514
 -217.4119900533614 676.6897582735896 -469.9312939434911 125.5913463512974 -114.1192241903528
 -288.9766869109384 661.0592014742051 -432.9260137876404 124.3443431199585 -63.85057413761285
 -288.9766869109384 661.0592014742051 -432.9260137876404 124.3443431199585 -63.85057413761285
 -288.9766869109384 661.0592014742051 -432.9260137876404 124.3443431199585 -63.85057413761285
 -288.9766869109384 661.0592014742051 -432.9260137876404 124.3443431199585 -63.85057413761285
 -288.9766869109384 661.0592014742051 -432.9260137876404 124.3443431199585 -63.85057413761285
 -288.9766869109384 661.0592014742051 -432.9260137876404 124.3443431199585 -63.85057413761285
 -288.9766869109384 661.0592014742051 -432.9260137876404 124.3443431199585 -63.85057413761285
 -345.0038913567233 760.3753519218694 -412.4315633730471 70.14122653478046 -133.2934185865943
 -288.9766869109384 661.0592014742051 -432.9260137876404 124.3443431199585 -63.85057413761285
 254.231446008989 1807.71343655119 -880.9973922329821 401.1870660595628 336.0680163158128
 -288.9766869109384 661.0592014742051 -432.9260137876404 124.3443431199585 -63.85057413761285
 -277.1422243587569 520.3452712043362 -428.2886088919591 291.2137702199284 106.6312609307032
 -288.9766869109384 661.0592014742051 -432.9260137876404 124.3443431199585 -63.85057413761285
 -288.9766869109384 661.0592014742051 -432.9260137876404 124.3443431199585 -63.85057413761285
 -288.9766869109384 661.0592014742051 -432.9260137876404 124.3443431199585 -63.85057413761285
 -258.2720758223103 915.0135566398379 -745.1210272071775 143.2411024768494 -139.1623653892516
 -288.9766869109384 661.0592014742051 -432.9260137876404 124.3443431199585 -63.85057413761285
 -317.8146937772046 833.0318361490265 -629.6868833705579 192.0108251730947 -101.6150231209573
 -298.041681557976 675.8613545307035 -507.5562909307396 156.4231808273614 -43.08217215782143
 -345.8564514531722 581.7607905871521 -281.7880544069843 381.8696720244706 86.43686760191514
 -288.9766869109384 661.0592014742051 -432.9260137876404 124.3443431199585 -63.85057413761285
 -251.1895899156378 686.0660251793623 -471.236159216323 120.6413064214366 -32.75910361201295
 -288.9766869109384 661.0592014742051 -432.9260137876404 124.3443431199585 -63.85057413761285
 -288.9766869109384 661.0592014742051 -432.9260137876404 124.3443431199585 -63.85057413761285
 -288.9766869109384 661.0592014742051 -432.9260137876404 124.3443431199585 -63.85057413761285
 -288.9766869109384 661.0592014742051 -432.9260137876404 124.3443431199585 -63.85057413761285
 -238.5741388567918 646.7954566989836 -456.5178679292455 118.0440177921296 16.62446502895435
 -288.9766869109384 661.0592014742051 -432.9260137876404 124.3443431199585 -63.85057413761285
 -288.9766869109384 661.0592014742051 -432.9260137876404 124.3443431199585 -63.85057413761285
 -288.9766869109384 661.0592014742051 -432.9260137876404 124.3443431199585 -63.85057413761285
 -288.9766869109384 661.0592014742051 -432.9260137876404 124.3443431199585 -63.85057413761285
 -288.9766869109384 661.0592014742051 -432.9260137876404 124.3443431199585 -63.85057413761285
 -325.3246415793519 649.652691849766 -325.7557285793295 -22.12157451214946 -146.2042652357655
 -184.8212567393768 697.3949969155378 -495.2041703073527 77.56982427353866 -34.84012519846667
 -288.9766869109384 661.0592014742051 -432.9260137876404 124.3443431199585 -63.85057413761285
 -288.9766869109384 661.0592014742051 -432.9260137876404 124.3443431199585 -63.85057413761285
 -288.9766869109384 661.0592014742051 -432.9260137876404 124.3443431199585 -63.85057413761285
 -288.9766869109384 661.0592014742051 -432.9260137876404 124.3443431199585 -63.85057413761285
 -288.9766869109384 661.0592014742051 -432.9260137876404 124.3443431199585 -63.85057413761285
 -288.9766869109384 661.0592014742051 -432.9260137876404 124.3443431199585 -63.85057413761285
 -244.4768325396347 598.1008110398809 -343.0984525821743 144.4996207965858 -21.87081274011079
 -273.8085644094537 659.095290226859 -431.5906679671522 180.5540868284182 -78.69761707737156
 -167.0757019421424 411.1625361432037 -417.8095079544353 144.540949808716 -224.6041442899452
 -288.9766869109384 661.0592014742051 -432.9260137876404 124.3443431199585 -63.85057413761285
 -265.9992880115963 686.9702147551881 -446.6128956721949 -0.265197243796834 11.38884814221414
 -149.3624345283501 504.0037727705892 -376.0342566332115 109.3577609354303 -45.27880748698161
 -342.8507341373388 530.8298736896623 -319.1811928975662 324.8536459523178 72.40928928045878
 -288.9766869109384 661.0592014742051 -432.9260137876404 124.3443431199585 -63.85057413761285
 -288.9766869109384 661.0592014742051 -432.9260137876404 124.3443431199585 -63.85057413761285
 -288.9766869109384 661.0592014742051 -432.9260137876404 124.3443431199585 -63.85057413761285
 -288.9766869109384 661.0592014742051 -432.9260137876404 124.3443431199585 -63.85057413761285
 -258.2720758223103 915.0135566398379 -745.1210272071775 143.2411024768494 -139.1623653892516
 -345.0038913567233 760.3753519218694 -412.4315633730471 70.14122653478046 -133.2934185865943
 -288.9766869109384 661.0592014742051 -432.9260137876404 124.3443431199585 -63.85057413761285
 -288.9766869109384 661.0592014742051 -432.9260137876404 124.3443431199585 -63.85057413761285
 -288.9766869109384 661.0592014742051 -432.9260137876404 124.3443431199585 -63.85057413761285
 -288.9766869109384 661.0592014742051 -432.9260137876404 124.3443431199585 -63.85057413761285
 -240.2602459525809 672.6430247390889 -453.5905753645474 91.45683009291896 -146.3893078181811
 -288.9766869109384 661.0592014742051 -432.9260137876404 124.3443431199585 -63.85057413761285
 -288.9766869109384 661.0592014742051 -432.9260137876404 124.3443431199585 -63.85057413761285
 -288.9766869109384 661.0592014742051 -432.9260137876404 124.3443431199585 -63.85057413761285
 -269.1062630074252 621.4849068494437 -445.6569222429096 3.438736863288241 -74.35693387973235
 -217.4119900533614 676.6897582735896 -469.9312939434911 125.5913463512974 -114.1192241903528
 -288.9766869109384 661.0592014742051 -432.9260137876404 124.3443431199585 -63.85057413761285
 -288.9766869109384 661.0592014742051 -432.9260137876404 124.3443431199585 -63.85057413761285
 -280.2353359363218 1032.218780411456 -393.1271868057976 -32.45240310007989 -108.8458898318521
 -288.9766869109384 661.0592014742051 -432.9260137876404 124.3443431199585 -63.85057413761285
 -354.6863737282483 726.1446089057442 -393.1730366993615 92.86026754840098 -131.673502587746
 -288.9766869109384 661.0592014742051 -432.9260137876404 124.3443431199585 -63.85057413761285
 -288.9766869109384 661.0592014742051 -432.9260137876404 124.3443431199585 -63.85057413761285
 -254.1696344960984 559.7278918749373 -396.6611136835131 107.9066608879072 -132.4291172836376
 -288.9766869109384 661.0592014742051 -432.9260137876404 124.3443431199585 -63.85057413761285
 -288.9766869109384 661.0592014742051 -432.9260137876404 124.3443431199585 -63.85057413761285
 -288.9766869109384 661.0592014742051 -432.9260137876404 124.3443431199585 -63.85057413761285
 -288.7832871565523 662.521995649439 -461.292193207674 155.2934179332138 -70.07277039019583
 -288.7715248239754 656.9044372484279 -447.5656525044198 116.9766134142409 -96.49704534377315
 -315.6288733546216 609.6330659297081 -294.1516511817485 377.6098114387993 70.90587057059184
