# Created by Octave 4.2.1, Mon Oct 09 17:06:07 2017 BRT <root@mosqueiro>
# name: pop
# type: matrix
# rows: 100
# columns: 5
 509.9422549404017 -235.5405680813967 23.7738534392523 -154.1554283624102 -145.0510635583478
 564.0812152421267 -258.0743652417262 -51.19385975132857 -33.10037990708719 -222.7084415207564
 500.3108351120241 -238.2280842158999 30.4254921733438 -147.5659254942788 -144.2598880058267
 564.5237141177515 -258.1901438660277 -51.42774924264663 -33.04937218408097 -222.6535125811757
 509.8329205793747 -235.3694655593586 23.80509774420531 -154.7077000947396 -144.8329482796327
 509.805305569667 -235.3208828981246 24.07854259437498 -154.6397514346803 -144.7007762580242
 509.8329205793747 -235.3694655593586 23.80509774420531 -154.7077000947396 -144.8329482796327
 564.5237141177515 -258.1901438660277 -51.42774924264663 -33.04937218408097 -222.6535125811757
 561.600951837648 -217.4467175630549 -17.38039027778814 -128.445485273895 -195.1924119878885
 500.3799396512574 -238.4163785629654 30.51061180250144 -147.7141290044258 -144.3877487737625
 509.8329205793747 -235.3694655593586 23.80509774420531 -154.7077000947396 -144.8329482796327
 564.5237141177515 -258.1901438660277 -51.42774924264663 -33.04937218408097 -222.6535125811757
 509.8329205793747 -235.3694655593586 23.80509774420531 -154.7077000947396 -144.8329482796327
 564.5237141177515 -258.1901438660277 -51.42774924264663 -33.04937218408097 -222.6535125811757
 500.3799396512574 -238.4163785629654 30.51061180250144 -147.7141290044258 -144.3877487737625
 564.0812152421267 -258.0743652417262 -51.19385975132857 -33.10037990708719 -222.7084415207564
 560.7450286429647 -214.9408876357338 -20.4978126518537 -129.6793164537003 -194.4196743437265
 564.5237141177515 -258.1901438660277 -51.42774924264663 -33.04937218408097 -222.6535125811757
 500.9511441804556 -238.0204315743659 29.44065044096045 -148.267312502319 -144.1445587059164
 564.5237141177515 -258.1901438660277 -51.42774924264663 -33.04937218408097 -222.6535125811757
 509.8329205793747 -235.3694655593586 23.80509774420531 -154.7077000947396 -144.8329482796327
 509.8329205793747 -235.3694655593586 23.80509774420531 -154.7077000947396 -144.8329482796327
 509.8329205793747 -235.3694655593586 23.80509774420531 -154.7077000947396 -144.8329482796327
 560.5616467132651 -215.3365152738713 -19.34384257452512 -129.2852285445493 -195.039369091301
 509.8329205793747 -235.3694655593586 23.80509774420531 -154.7077000947396 -144.8329482796327
 508.6978828711455 -234.0763381355375 22.71091684199735 -152.0636388545617 -144.8342280046643
 509.8329205793747 -235.3694655593586 23.80509774420531 -154.7077000947396 -144.8329482796327
 509.8329205793747 -235.3694655593586 23.80509774420531 -154.7077000947396 -144.8329482796327
 509.9422549404017 -235.5405680813967 23.7738534392523 -154.1554283624102 -145.0510635583478
 509.7508152054335 -235.3861867159736 23.46862823922546 -154.950487744257 -144.9216382196846
 509.8329205793747 -235.3694655593586 23.80509774420531 -154.7077000947396 -144.8329482796327
 500.9511441804556 -238.0204315743659 29.44065044096045 -148.267312502319 -144.1445587059164
 561.4746258661177 -217.2897552497182 -19.93404297330662 -126.2507151455092 -192.0620631519283
 509.8329205793747 -235.3694655593586 23.80509774420531 -154.7077000947396 -144.8329482796327
 509.9422549404017 -235.5405680813967 23.7738534392523 -154.1554283624102 -145.0510635583478
 564.5237141177515 -258.1901438660277 -51.42774924264663 -33.04937218408097 -222.6535125811757
 564.5142394345364 -258.3232227597242 -51.0068595468575 -32.93316823852116 -222.3383708387841
 509.8329205793747 -235.3694655593586 23.80509774420531 -154.7077000947396 -144.8329482796327
 509.9422549404017 -235.5405680813967 23.7738534392523 -154.1554283624102 -145.0510635583478
 564.5237141177515 -258.1901438660277 -51.42774924264663 -33.04937218408097 -222.6535125811757
 509.8329205793747 -235.3694655593586 23.80509774420531 -154.7077000947396 -144.8329482796327
 509.8329205793747 -235.3694655593586 23.80509774420531 -154.7077000947396 -144.8329482796327
 509.7623778671022 -235.7058665740905 23.87341451979844 -154.9385519893426 -145.1784211678223
 564.0812152421267 -258.0743652417262 -51.19385975132857 -33.10037990708719 -222.7084415207564
 509.8329205793747 -235.3694655593586 23.80509774420531 -154.7077000947396 -144.8329482796327
 509.8329205793747 -235.3694655593586 23.80509774420531 -154.7077000947396 -144.8329482796327
 564.0812152421267 -258.0743652417262 -51.19385975132857 -33.10037990708719 -222.7084415207564
 564.5237141177515 -258.1901438660277 -51.42774924264663 -33.04937218408097 -222.6535125811757
 509.8329205793747 -235.3694655593586 23.80509774420531 -154.7077000947396 -144.8329482796327
 509.8329205793747 -235.3694655593586 23.80509774420531 -154.7077000947396 -144.8329482796327
 564.0812152421267 -258.0743652417262 -51.19385975132857 -33.10037990708719 -222.7084415207564
 564.0812152421267 -258.0743652417262 -51.19385975132857 -33.10037990708719 -222.7084415207564
 560.5881087202872 -215.4828132724439 -19.72543151784976 -129.2700558841981 -194.4030114807059
 509.8329205793747 -235.3694655593586 23.80509774420531 -154.7077000947396 -144.8329482796327
 564.5237141177515 -258.1901438660277 -51.42774924264663 -33.04937218408097 -222.6535125811757
 509.9422549404017 -235.5405680813967 23.7738534392523 -154.1554283624102 -145.0510635583478
 509.8329205793747 -235.3694655593586 23.80509774420531 -154.7077000947396 -144.8329482796327
 560.5881087202872 -215.4828132724439 -19.72543151784976 -129.2700558841981 -194.4030114807059
 564.5237141177515 -258.1901438660277 -51.42774924264663 -33.04937218408097 -222.6535125811757
 509.8329205793747 -235.3694655593586 23.80509774420531 -154.7077000947396 -144.8329482796327
 509.8329205793747 -235.3694655593586 23.80509774420531 -154.7077000947396 -144.8329482796327
 509.8329205793747 -235.3694655593586 23.80509774420531 -154.7077000947396 -144.8329482796327
 510.3719675668019 -235.5782129711006 23.42810041985228 -154.5767644845892 -144.0449302393853
 560.5881087202872 -215.4828132724439 -19.72543151784976 -129.2700558841981 -194.4030114807059
 507.0883807035794 -234.5549354210927 22.16145176056499 -146.6939240993406 -142.4294813270366
 509.8329205793747 -235.3694655593586 23.80509774420531 -154.7077000947396 -144.8329482796327
 507.5821858430305 -234.730709359322 23.02394897140505 -150.9447761826664 -144.1927849377333
 582.5529990057221 -207.1822223771035 -18.20677857655861 -152.0138439572623 -209.4455982616257
 582.5529990057221 -207.1822223771035 -18.20677857655861 -152.0138439572623 -209.4455982616257
 509.8329205793747 -235.3694655593586 23.80509774420531 -154.7077000947396 -144.8329482796327
 509.8329205793747 -235.3694655593586 23.80509774420531 -154.7077000947396 -144.8329482796327
 564.5237141177515 -258.1901438660277 -51.42774924264663 -33.04937218408097 -222.6535125811757
 500.3799396512574 -238.4163785629654 30.51061180250144 -147.7141290044258 -144.3877487737625
 508.1588844115136 -234.4320012835646 23.06833020693295 -151.0666096405053 -144.0921368615324
 564.5237141177515 -258.1901438660277 -51.42774924264663 -33.04937218408097 -222.6535125811757
 564.5237141177515 -258.1901438660277 -51.42774924264663 -33.04937218408097 -222.6535125811757
 564.5237141177515 -258.1901438660277 -51.42774924264663 -33.04937218408097 -222.6535125811757
 560.5881087202872 -215.4828132724439 -19.72543151784976 -129.2700558841981 -194.4030114807059
 500.3799396512574 -238.4163785629654 30.51061180250144 -147.7141290044258 -144.3877487737625
 564.5237141177515 -258.1901438660277 -51.42774924264663 -33.04937218408097 -222.6535125811757
 564.368412339021 -258.0589074999486 -51.57402098006241 -33.13726529048018 -222.5715629726735
 509.7473763465892 -235.4226331607264 23.70305678405924 -154.702711328398 -144.948923984523
 509.9991769013347 -235.2142125935571 23.77876314519452 -154.5739432434371 -144.5777542348277
