# Created by Octave 4.2.1, Mon Oct 09 17:08:00 2017 BRT <root@mosqueiro>
# name: pop
# type: matrix
# rows: 100
# columns: 5
 -325.2790696857643 354.9873460297069 -90.51417018330801 -282.7036551905843 344.9241630361785
 -325.2790696857643 354.9873460297069 -90.51417018330801 -282.7036551905843 344.9241630361785
 186.7238119288054 -555.0193118543125 432.3143517014493 -618.9133798795431 704.0551982188778
 -325.2790696857643 354.9873460297069 -90.51417018330801 -282.7036551905843 344.9241630361785
 -56.36150072979922 420.1001891817027 -237.9136471882094 -378.2877501896671 457.7659829853923
 -86.69575795188629 2327.925813954726 233.9975587754896 56.47005392072509 -11.85023142787185
 -325.2790696857643 354.9873460297069 -90.51417018330801 -282.7036551905843 344.9241630361785
 -460.9458253310992 -25.75586332436296 -81.86298789992918 705.9483235344849 1631.962652815993
 -325.2790696857643 354.9873460297069 -90.51417018330801 -282.7036551905843 344.9241630361785
 -325.2790696857643 354.9873460297069 -90.51417018330801 -282.7036551905843 344.9241630361785
 -325.2790696857643 354.9873460297069 -90.51417018330801 -282.7036551905843 344.9241630361785
 -325.2790696857643 354.9873460297069 -90.51417018330801 -282.7036551905843 344.9241630361785
 -325.2790696857643 354.9873460297069 -90.51417018330801 -282.7036551905843 344.9241630361785
 -223.1123199491236 283.3946984431976 -497.2728049294446 -580.8511246991691 450.206272262164
 -325.2790696857643 354.9873460297069 -90.51417018330801 -282.7036551905843 344.9241630361785
 -325.2790696857643 354.9873460297069 -90.51417018330801 -282.7036551905843 344.9241630361785
 -325.2790696857643 354.9873460297069 -90.51417018330801 -282.7036551905843 344.9241630361785
 -325.2790696857643 354.9873460297069 -90.51417018330801 -282.7036551905843 344.9241630361785
 -325.2790696857643 354.9873460297069 -90.51417018330801 -282.7036551905843 344.9241630361785
 -325.2790696857643 354.9873460297069 -90.51417018330801 -282.7036551905843 344.9241630361785
 -98.10824641278197 558.6622850148482 -357.5326986285788 -99.26248929543166 498.3736595575417
 -325.2790696857643 354.9873460297069 -90.51417018330801 -282.7036551905843 344.9241630361785
 -325.2790696857643 354.9873460297069 -90.51417018330801 -282.7036551905843 344.9241630361785
 -325.2790696857643 354.9873460297069 -90.51417018330801 -282.7036551905843 344.9241630361785
 -325.2790696857643 354.9873460297069 -90.51417018330801 -282.7036551905843 344.9241630361785
 -325.2790696857643 354.9873460297069 -90.51417018330801 -282.7036551905843 344.9241630361785
 -325.2790696857643 354.9873460297069 -90.51417018330801 -282.7036551905843 344.9241630361785
 -325.2790696857643 354.9873460297069 -90.51417018330801 -282.7036551905843 344.9241630361785
 -325.2790696857643 354.9873460297069 -90.51417018330801 -282.7036551905843 344.9241630361785
 186.9264516667345 159.7387128676475 -452.1109807762479 -918.9302681091913 103.2634858975005
 -325.2790696857643 354.9873460297069 -90.51417018330801 -282.7036551905843 344.9241630361785
 -98.10824641278197 558.6622850148482 -357.5326986285788 -99.26248929543166 498.3736595575417
 -325.2790696857643 354.9873460297069 -90.51417018330801 -282.7036551905843 344.9241630361785
 -51.65805298948692 224.5862305419444 82.56522767311267 60.49896204152839 351.1860967482001
 -325.2790696857643 354.9873460297069 -90.51417018330801 -282.7036551905843 344.9241630361785
 -325.2790696857643 354.9873460297069 -90.51417018330801 -282.7036551905843 344.9241630361785
 -325.2790696857643 354.9873460297069 -90.51417018330801 -282.7036551905843 344.9241630361785
 -327.8516948829029 105.8922005192636 29.28860166551441 -716.0835831045176 294.6266015695541
 -325.2790696857643 354.9873460297069 -90.51417018330801 -282.7036551905843 344.9241630361785
 -126.271855080106 2919.927756682723 912.8330059794337 1207.848208229514 4609.173866813815
 -325.2790696857643 354.9873460297069 -90.51417018330801 -282.7036551905843 344.9241630361785
 -325.2790696857643 354.9873460297069 -90.51417018330801 -282.7036551905843 344.9241630361785
 -325.2790696857643 354.9873460297069 -90.51417018330801 -282.7036551905843 344.9241630361785
 -325.2790696857643 354.9873460297069 -90.51417018330801 -282.7036551905843 344.9241630361785
 -325.2790696857643 354.9873460297069 -90.51417018330801 -282.7036551905843 344.9241630361785
 -325.2790696857643 354.9873460297069 -90.51417018330801 -282.7036551905843 344.9241630361785
 -86.69575795188629 2327.925813954726 233.9975587754896 56.47005392072509 -11.85023142787185
 -325.2790696857643 354.9873460297069 -90.51417018330801 -282.7036551905843 344.9241630361785
 -325.2790696857643 354.9873460297069 -90.51417018330801 -282.7036551905843 344.9241630361785
 -325.2790696857643 354.9873460297069 -90.51417018330801 -282.7036551905843 344.9241630361785
 -325.2790696857643 354.9873460297069 -90.51417018330801 -282.7036551905843 344.9241630361785
 -460.9458253310992 -25.75586332436296 -81.86298789992918 705.9483235344849 1631.962652815993
 -504.9418426233055 208.3033434779501 -164.6742170471483 -447.0462725741494 -18.52772488143643
 -325.2790696857643 354.9873460297069 -90.51417018330801 -282.7036551905843 344.9241630361785
 -504.9418426233055 208.3033434779501 -164.6742170471483 -447.0462725741494 -18.52772488143643
 -325.2790696857643 354.9873460297069 -90.51417018330801 -282.7036551905843 344.9241630361785
 -126.271855080106 2919.927756682723 912.8330059794337 1207.848208229514 4609.173866813815
 -340.265059914445 3.482182076425772 200.4751395469826 -654.7753114631603 297.4880824082647
 -325.2790696857643 354.9873460297069 -90.51417018330801 -282.7036551905843 344.9241630361785
 -325.2790696857643 354.9873460297069 -90.51417018330801 -282.7036551905843 344.9241630361785
 -56.36150072979922 420.1001891817027 -237.9136471882094 -378.2877501896671 457.7659829853923
 -56.36150072979922 420.1001891817027 -237.9136471882094 -378.2877501896671 457.7659829853923
 -325.2790696857643 354.9873460297069 -90.51417018330801 -282.7036551905843 344.9241630361785
 -460.9458253310992 -25.75586332436296 -81.86298789992918 705.9483235344849 1631.962652815993
 -325.2790696857643 354.9873460297069 -90.51417018330801 -282.7036551905843 344.9241630361785
 -583.8797787734341 612.2044727930872 251.3213610332267 -267.9519791325351 504.7143483577858
 -327.8516948829029 105.8922005192636 29.28860166551441 -716.0835831045176 294.6266015695541
 -325.2790696857643 354.9873460297069 -90.51417018330801 -282.7036551905843 344.9241630361785
 -325.2790696857643 354.9873460297069 -90.51417018330801 -282.7036551905843 344.9241630361785
 -325.2790696857643 354.9873460297069 -90.51417018330801 -282.7036551905843 344.9241630361785
 -587.4513319468981 -533.0714872548187 120.0709037884661 -16.55996614450584 -151.0552398707177
 -325.2790696857643 354.9873460297069 -90.51417018330801 -282.7036551905843 344.9241630361785
 -504.9418426233055 208.3033434779501 -164.6742170471483 -447.0462725741494 -18.52772488143643
 -126.271855080106 2919.927756682723 912.8330059794337 1207.848208229514 4609.173866813815
 -325.2790696857643 354.9873460297069 -90.51417018330801 -282.7036551905843 344.9241630361785
 -325.2790696857643 354.9873460297069 -90.51417018330801 -282.7036551905843 344.9241630361785
 -325.2790696857643 354.9873460297069 -90.51417018330801 -282.7036551905843 344.9241630361785
 -587.4513319468981 -533.0714872548187 120.0709037884661 -16.55996614450584 -151.0552398707177
 -177.0880516308522 542.288544508876 -14.03667506482657 -550.8983774136524 186.4112220749337
 -325.2790696857643 354.9873460297069 -90.51417018330801 -282.7036551905843 344.9241630361785
 -88.36402611664039 490.6419751273327 -537.7764908598938 -37.63104564399642 338.494318429992
 -492.6279579488627 567.9248839819436 -340.0401925891201 -435.1773835834559 655.2155845022924
 -247.6604720563705 583.7780139887041 -330.6966868401806 -85.05472140202528 489.0181899494299
