# Created by Octave 4.2.1, Mon Oct 09 17:08:38 2017 BRT <root@mosqueiro>
# name: pop
# type: matrix
# rows: 100
# columns: 5
 275.8845291712934 904.7956299156979 -215.2506351719081 -747.6358669674788 -218.3242436061646
 362.2908114606146 681.9947733287162 -85.3256931663785 -629.4361636232836 -329.7043784632028
 349.6015819344486 700.5565550472957 -87.98384364233046 -629.0107744053387 -331.9708475263887
 349.6015819344486 700.5565550472957 -87.98384364233046 -629.0107744053387 -331.9708475263887
 349.6015819344486 700.5565550472957 -87.98384364233046 -629.0107744053387 -331.9708475263887
 282.3912157492531 875.0783764418341 -185.3629072584841 -768.0436247935262 -185.8125138545244
 260.4663399333514 874.9675809875389 -215.4291260089713 -797.3397438860685 -252.6255221329779
 350.684172684752 704.2069350537399 -93.38123230266557 -619.3003027314555 -338.1036294159525
 370.1867888762911 699.2145406501055 -59.70276919289096 -627.3321909079128 -359.0280812653395
 282.6466254218274 906.3067794946598 -215.2625780833953 -744.3451018949722 -219.3898061467679
 260.4663399333514 874.9675809875389 -215.4291260089713 -797.3397438860685 -252.6255221329779
 349.6015819344486 700.5565550472957 -87.98384364233046 -629.0107744053387 -331.9708475263887
 349.6015819344486 700.5565550472957 -87.98384364233046 -629.0107744053387 -331.9708475263887
 349.6015819344486 700.5565550472957 -87.98384364233046 -629.0107744053387 -331.9708475263887
 282.6466254218274 906.3067794946598 -215.2625780833953 -744.3451018949722 -219.3898061467679
 349.6015819344486 700.5565550472957 -87.98384364233046 -629.0107744053387 -331.9708475263887
 362.2908114606146 681.9947733287162 -85.3256931663785 -629.4361636232836 -329.7043784632028
 282.3912157492531 875.0783764418341 -185.3629072584841 -768.0436247935262 -185.8125138545244
 362.2908114606146 681.9947733287162 -85.3256931663785 -629.4361636232836 -329.7043784632028
 282.3912157492531 875.0783764418341 -185.3629072584841 -768.0436247935262 -185.8125138545244
 349.6015819344486 700.5565550472957 -87.98384364233046 -629.0107744053387 -331.9708475263887
 290.0859689286216 899.6409433245555 -207.3994872391966 -739.6989093607851 -225.8611851707176
 349.6015819344486 700.5565550472957 -87.98384364233046 -629.0107744053387 -331.9708475263887
 362.2908114606146 681.9947733287162 -85.3256931663785 -629.4361636232836 -329.7043784632028
 362.2908114606146 681.9947733287162 -85.3256931663785 -629.4361636232836 -329.7043784632028
 349.6015819344486 700.5565550472957 -87.98384364233046 -629.0107744053387 -331.9708475263887
 349.6015819344486 700.5565550472957 -87.98384364233046 -629.0107744053387 -331.9708475263887
 260.4663399333514 874.9675809875389 -215.4291260089713 -797.3397438860685 -252.6255221329779
 349.6015819344486 700.5565550472957 -87.98384364233046 -629.0107744053387 -331.9708475263887
 362.2908114606146 681.9947733287162 -85.3256931663785 -629.4361636232836 -329.7043784632028
 349.6015819344486 700.5565550472957 -87.98384364233046 -629.0107744053387 -331.9708475263887
 349.6015819344486 700.5565550472957 -87.98384364233046 -629.0107744053387 -331.9708475263887
 349.6015819344486 700.5565550472957 -87.98384364233046 -629.0107744053387 -331.9708475263887
 349.6015819344486 700.5565550472957 -87.98384364233046 -629.0107744053387 -331.9708475263887
 349.6015819344486 700.5565550472957 -87.98384364233046 -629.0107744053387 -331.9708475263887
 342.5198004883935 692.303177362459 -83.30599461398778 -633.612410328032 -323.34010610588
 349.6015819344486 700.5565550472957 -87.98384364233046 -629.0107744053387 -331.9708475263887
 349.6015819344486 700.5565550472957 -87.98384364233046 -629.0107744053387 -331.9708475263887
 349.6015819344486 700.5565550472957 -87.98384364233046 -629.0107744053387 -331.9708475263887
 362.2908114606146 681.9947733287162 -85.3256931663785 -629.4361636232836 -329.7043784632028
 362.2908114606146 681.9947733287162 -85.3256931663785 -629.4361636232836 -329.7043784632028
 359.7514817952424 687.2300131694969 -100.9729553905493 -601.5745649581124 -355.2604847563837
 349.6015819344486 700.5565550472957 -87.98384364233046 -629.0107744053387 -331.9708475263887
 349.6015819344486 700.5565550472957 -87.98384364233046 -629.0107744053387 -331.9708475263887
 362.2908114606146 681.9947733287162 -85.3256931663785 -629.4361636232836 -329.7043784632028
 362.2908114606146 681.9947733287162 -85.3256931663785 -629.4361636232836 -329.7043784632028
 275.8845291712934 904.7956299156979 -215.2506351719081 -747.6358669674788 -218.3242436061646
 349.6015819344486 700.5565550472957 -87.98384364233046 -629.0107744053387 -331.9708475263887
 339.883546588793 686.0310128716122 -85.83343361001548 -597.8403834223379 -320.5570036849076
 349.6015819344486 700.5565550472957 -87.98384364233046 -629.0107744053387 -331.9708475263887
 349.6015819344486 700.5565550472957 -87.98384364233046 -629.0107744053387 -331.9708475263887
 353.5518128291141 687.6249965482044 -106.2032327300146 -630.8870701072045 -292.8307329456555
 349.6015819344486 700.5565550472957 -87.98384364233046 -629.0107744053387 -331.9708475263887
 349.6015819344486 700.5565550472957 -87.98384364233046 -629.0107744053387 -331.9708475263887
 349.6015819344486 700.5565550472957 -87.98384364233046 -629.0107744053387 -331.9708475263887
 282.6466254218274 906.3067794946598 -215.2625780833953 -744.3451018949722 -219.3898061467679
 349.6015819344486 700.5565550472957 -87.98384364233046 -629.0107744053387 -331.9708475263887
 275.8845291712934 904.7956299156979 -215.2506351719081 -747.6358669674788 -218.3242436061646
 290.0859689286216 899.6409433245555 -207.3994872391966 -739.6989093607851 -225.8611851707176
 36.43486786507592 1312.80436016662 151.8622328983625 -415.6192992810384 -564.7031626160074
 349.6015819344486 700.5565550472957 -87.98384364233046 -629.0107744053387 -331.9708475263887
 349.6015819344486 700.5565550472957 -87.98384364233046 -629.0107744053387 -331.9708475263887
 282.3912157492531 875.0783764418341 -185.3629072584841 -768.0436247935262 -185.8125138545244
 320.5685147027033 727.6434489223864 -104.2098155134862 -628.2190193373575 -341.8214441177599
 278.1554881670768 898.6036903195178 -207.3150042455821 -753.89286200635 -206.4742528257761
 379.7304711837658 700.8375681416021 -85.51081674168718 -648.4759301837046 -290.6101429358352
 349.6015819344486 700.5565550472957 -87.98384364233046 -629.0107744053387 -331.9708475263887
 362.2908114606146 681.9947733287162 -85.3256931663785 -629.4361636232836 -329.7043784632028
 349.6015819344486 700.5565550472957 -87.98384364233046 -629.0107744053387 -331.9708475263887
 349.6015819344486 700.5565550472957 -87.98384364233046 -629.0107744053387 -331.9708475263887
 349.6015819344486 700.5565550472957 -87.98384364233046 -629.0107744053387 -331.9708475263887
 349.6015819344486 700.5565550472957 -87.98384364233046 -629.0107744053387 -331.9708475263887
 362.2908114606146 681.9947733287162 -85.3256931663785 -629.4361636232836 -329.7043784632028
 347.9857205250955 711.8313313980757 -45.26387743888314 -617.0904801580666 -343.2515721665088
 370.1867888762911 699.2145406501055 -59.70276919289096 -627.3321909079128 -359.0280812653395
 349.6015819344486 700.5565550472957 -87.98384364233046 -629.0107744053387 -331.9708475263887
 343.6542909465377 716.6063533212592 -87.37171843889749 -636.5742916087249 -350.2316884637547
 362.2908114606146 681.9947733287162 -85.3256931663785 -629.4361636232836 -329.7043784632028
 275.8845291712934 904.7956299156979 -215.2506351719081 -747.6358669674788 -218.3242436061646
 362.2908114606146 681.9947733287162 -85.3256931663785 -629.4361636232836 -329.7043784632028
 360.9028562629945 678.0724440927557 -85.32722367549989 -630.9465106317055 -328.9664140308556
 278.3595278420879 901.9565302227728 -215.0061049074512 -741.4312341565306 -218.5551680258601
 278.707955214406 906.6862488509644 -214.0720688359521 -742.8869572704799 -223.4704301572864
 353.1244702342376 708.5677132650114 -85.34168193697512 -626.2188331416381 -331.441220502373
