# Created by Octave 4.2.1, Mon Oct 09 17:08:44 2017 BRT <root@mosqueiro>
# name: pop
# type: matrix
# rows: 100
# columns: 5
 276.066601499212 905.233738440377 -215.4335115771065 -747.9801909315107 -218.3946919876659
 276.066601499212 905.233738440377 -215.4335115771065 -747.9801909315107 -218.3946919876659
 275.8845291712934 904.7956299156979 -215.2506351719081 -747.6358669674788 -218.3242436061646
 275.8845291712934 904.7956299156979 -215.2506351719081 -747.6358669674788 -218.3242436061646
 275.8845291712934 904.7956299156979 -215.2506351719081 -747.6358669674788 -218.3242436061646
 275.8845291712934 904.7956299156979 -215.2506351719081 -747.6358669674788 -218.3242436061646
 362.7068755537886 681.5709757381605 -85.68330670311961 -629.2924808749615 -329.2020968063024
 362.2744756333913 681.6870990489296 -84.79715600699183 -629.67147926293 -330.0216315109387
 275.7878421348864 905.3085828129618 -215.5147337216019 -747.8443417287776 -218.5429697039366
 275.8845291712934 904.7956299156979 -215.2506351719081 -747.6358669674788 -218.3242436061646
 275.8845291712934 904.7956299156979 -215.2506351719081 -747.6358669674788 -218.3242436061646
 276.066601499212 905.233738440377 -215.4335115771065 -747.9801909315107 -218.3946919876659
 275.8845291712934 904.7956299156979 -215.2506351719081 -747.6358669674788 -218.3242436061646
 275.8845291712934 904.7956299156979 -215.2506351719081 -747.6358669674788 -218.3242436061646
 362.2744756333913 681.6870990489296 -84.79715600699183 -629.67147926293 -330.0216315109387
 362.2744756333913 681.6870990489296 -84.79715600699183 -629.67147926293 -330.0216315109387
 275.9380109998306 904.9427650176401 -215.4963162551585 -747.5349122535141 -218.3265439328452
 362.2744756333913 681.6870990489296 -84.79715600699183 -629.67147926293 -330.0216315109387
 362.4544244135162 682.108226740592 -85.35983848680877 -629.3250401362543 -329.2698855476028
 276.066601499212 905.233738440377 -215.4335115771065 -747.9801909315107 -218.3946919876659
 276.066601499212 905.233738440377 -215.4335115771065 -747.9801909315107 -218.3946919876659
 275.8845291712934 904.7956299156979 -215.2506351719081 -747.6358669674788 -218.3242436061646
 275.8845291712934 904.7956299156979 -215.2506351719081 -747.6358669674788 -218.3242436061646
 350.684172684752 704.2069350537399 -93.38123230266557 -619.3003027314555 -338.1036294159525
 276.066601499212 905.233738440377 -215.4335115771065 -747.9801909315107 -218.3946919876659
 276.066601499212 905.233738440377 -215.4335115771065 -747.9801909315107 -218.3946919876659
 275.8845291712934 904.7956299156979 -215.2506351719081 -747.6358669674788 -218.3242436061646
 275.9324110454514 904.8046046084498 -215.0743389768922 -747.6991787320965 -218.4353051623567
 362.7068755537886 681.5709757381605 -85.68330670311961 -629.2924808749615 -329.2020968063024
 275.8845291712934 904.7956299156979 -215.2506351719081 -747.6358669674788 -218.3242436061646
 275.8845291712934 904.7956299156979 -215.2506351719081 -747.6358669674788 -218.3242436061646
 276.213708009369 904.6280175648632 -214.908335924893 -747.894378007367 -218.661304112777
 276.0439830033526 904.7072845219053 -215.3722372555692 -747.5190393165694 -218.3817224962644
 362.2744756333913 681.6870990489296 -84.79715600699183 -629.67147926293 -330.0216315109387
 275.8845291712934 904.7956299156979 -215.2506351719081 -747.6358669674788 -218.3242436061646
 276.066601499212 905.233738440377 -215.4335115771065 -747.9801909315107 -218.3946919876659
 275.8845291712934 904.7956299156979 -215.2506351719081 -747.6358669674788 -218.3242436061646
 275.8845291712934 904.7956299156979 -215.2506351719081 -747.6358669674788 -218.3242436061646
 275.8845291712934 904.7956299156979 -215.2506351719081 -747.6358669674788 -218.3242436061646
 362.3730803529781 681.949834084868 -85.33734884526122 -629.2672245813466 -329.8317305153052
 276.066601499212 905.233738440377 -215.4335115771065 -747.9801909315107 -218.3946919876659
 276.3650805999975 904.5765501212506 -214.8521215143457 -747.9121119426942 -218.8196165605601
 276.3650805999975 904.5765501212506 -214.8521215143457 -747.9121119426942 -218.8196165605601
 276.066601499212 905.233738440377 -215.4335115771065 -747.9801909315107 -218.3946919876659
 362.7068755537886 681.5709757381605 -85.68330670311961 -629.2924808749615 -329.2020968063024
 275.8845291712934 904.7956299156979 -215.2506351719081 -747.6358669674788 -218.3242436061646
 276.0443191340358 905.3914351695601 -215.5004607235214 -747.8315121298357 -218.5311436290524
 349.6015819344486 700.5565550472957 -87.98384364233046 -629.0107744053387 -331.9708475263887
 362.2744756333913 681.6870990489296 -84.79715600699183 -629.67147926293 -330.0216315109387
 347.9311415548879 711.9858482417676 -45.42040451747508 -616.9014593755988 -343.3614205854157
 275.8845291712934 904.7956299156979 -215.2506351719081 -747.6358669674788 -218.3242436061646
 275.8845291712934 904.7956299156979 -215.2506351719081 -747.6358669674788 -218.3242436061646
 276.220817939728 904.7414563325145 -215.2835789097084 -747.5636126546362 -218.3697245678119
 275.8845291712934 904.7956299156979 -215.2506351719081 -747.6358669674788 -218.3242436061646
 349.585777478472 700.425580309205 -87.9126409417749 -628.8722064355153 -332.1543257200839
 362.2744756333913 681.6870990489296 -84.79715600699183 -629.67147926293 -330.0216315109387
 276.066601499212 905.233738440377 -215.4335115771065 -747.9801909315107 -218.3946919876659
 260.5571305807567 875.3951713099916 -212.8570464802711 -797.3574768718235 -249.0453195733868
 276.066601499212 905.233738440377 -215.4335115771065 -747.9801909315107 -218.3946919876659
 275.716368492239 904.6947219220385 -215.2735320916971 -747.5370746969413 -218.2520528431681
 275.5701849377219 904.5699893304378 -214.6623479745821 -747.8749508841148 -217.8043081722453
 276.066601499212 905.233738440377 -215.4335115771065 -747.9801909315107 -218.3946919876659
 275.8845291712934 904.7956299156979 -215.2506351719081 -747.6358669674788 -218.3242436061646
 276.213708009369 904.6280175648632 -214.908335924893 -747.894378007367 -218.661304112777
 362.2744756333913 681.6870990489296 -84.79715600699183 -629.67147926293 -330.0216315109387
 276.066601499212 905.233738440377 -215.4335115771065 -747.9801909315107 -218.3946919876659
 350.684172684752 704.2069350537399 -93.38123230266557 -619.3003027314555 -338.1036294159525
 276.066601499212 905.233738440377 -215.4335115771065 -747.9801909315107 -218.3946919876659
 276.213708009369 904.6280175648632 -214.908335924893 -747.894378007367 -218.661304112777
 276.066601499212 905.233738440377 -215.4335115771065 -747.9801909315107 -218.3946919876659
 362.2744756333913 681.6870990489296 -84.79715600699183 -629.67147926293 -330.0216315109387
 275.8845291712934 904.7956299156979 -215.2506351719081 -747.6358669674788 -218.3242436061646
 361.9357250720917 681.8947957875381 -85.58425675622441 -629.0728457004411 -329.0975082669596
 275.8845291712934 904.7956299156979 -215.2506351719081 -747.6358669674788 -218.3242436061646
 275.8845291712934 904.7956299156979 -215.2506351719081 -747.6358669674788 -218.3242436061646
 276.066601499212 905.233738440377 -215.4335115771065 -747.9801909315107 -218.3946919876659
 362.2908114606146 681.9947733287162 -85.3256931663785 -629.4361636232836 -329.7043784632028
 275.8845291712934 904.7956299156979 -215.2506351719081 -747.6358669674788 -218.3242436061646
 275.8845291712934 904.7956299156979 -215.2506351719081 -747.6358669674788 -218.3242436061646
 275.8845291712934 904.7956299156979 -215.2506351719081 -747.6358669674788 -218.3242436061646
 276.1650134377438 905.3014133319413 -215.4692208950544 -748.0483061274774 -218.3956327251958
 277.46842398876 904.1013609120287 -215.9758742088062 -745.603123905419 -218.9174943807247
 275.9622134775688 904.7730701673851 -215.220911734404 -747.7109048002469 -218.4089615178882
 276.0536738249781 905.2837861198952 -215.3595106461354 -748.0200230350324 -218.3616587155807
