# Created by Octave 4.2.1, Mon Oct 09 17:07:09 2017 BRT <root@mosqueiro>
# name: pop
# type: matrix
# rows: 100
# columns: 5
 616.4269395611384 -127.5616327736031 -1144.19555745521 1501.520121276202 -847.1715404226652
 609.0093191630074 -125.3929092041611 -1146.201375013393 1508.860847269392 -847.3063053997424
 616.5493847285447 -127.8679802044701 -1143.869995308935 1501.297265834627 -846.9994898150463
 616.5493847285447 -127.8679802044701 -1143.869995308935 1501.297265834627 -846.9994898150463
 616.5493847285447 -127.8679802044701 -1143.869995308935 1501.297265834627 -846.9994898150463
 615.6415754135686 -126.7408442595999 -1142.94359612657 1501.23128140122 -844.9995536452964
 609.0093191630074 -125.3929092041611 -1146.201375013393 1508.860847269392 -847.3063053997424
 609.0467843297056 -125.9212151194322 -1144.510154577156 1509.049317954955 -846.5709634705237
 616.5493847285447 -127.8679802044701 -1143.869995308935 1501.297265834627 -846.9994898150463
 609.0093191630074 -125.3929092041611 -1146.201375013393 1508.860847269392 -847.3063053997424
 616.4269395611384 -127.5616327736031 -1144.19555745521 1501.520121276202 -847.1715404226652
 616.5493847285447 -127.8679802044701 -1143.869995308935 1501.297265834627 -846.9994898150463
 615.529602375836 -120.2971219901252 -1135.237340020894 1505.946447288858 -834.9003013396557
 616.5493847285447 -127.8679802044701 -1143.869995308935 1501.297265834627 -846.9994898150463
 649.3895807793307 -129.1204199897856 -1121.809678396384 1458.869205514263 -856.2653051571028
 616.5493847285447 -127.8679802044701 -1143.869995308935 1501.297265834627 -846.9994898150463
 616.4269395611384 -127.5616327736031 -1144.19555745521 1501.520121276202 -847.1715404226652
 616.4269395611384 -127.5616327736031 -1144.19555745521 1501.520121276202 -847.1715404226652
 609.0093191630074 -125.3929092041611 -1146.201375013393 1508.860847269392 -847.3063053997424
 616.5493847285447 -127.8679802044701 -1143.869995308935 1501.297265834627 -846.9994898150463
 616.5493847285447 -127.8679802044701 -1143.869995308935 1501.297265834627 -846.9994898150463
 616.5493847285447 -127.8679802044701 -1143.869995308935 1501.297265834627 -846.9994898150463
 616.5493847285447 -127.8679802044701 -1143.869995308935 1501.297265834627 -846.9994898150463
 616.5493847285447 -127.8679802044701 -1143.869995308935 1501.297265834627 -846.9994898150463
 616.5493847285447 -127.8679802044701 -1143.869995308935 1501.297265834627 -846.9994898150463
 616.5493847285447 -127.8679802044701 -1143.869995308935 1501.297265834627 -846.9994898150463
 649.3895807793307 -129.1204199897856 -1121.809678396384 1458.869205514263 -856.2653051571028
 609.0467843297056 -125.9212151194322 -1144.510154577156 1509.049317954955 -846.5709634705237
 616.5493847285447 -127.8679802044701 -1143.869995308935 1501.297265834627 -846.9994898150463
 616.4993796503824 -127.5999402098873 -1143.619442346097 1501.901671508467 -846.9953909761482
 616.5493847285447 -127.8679802044701 -1143.869995308935 1501.297265834627 -846.9994898150463
 617.0119741158643 -127.6206262721969 -1144.507410675664 1501.348141312536 -846.3597167455451
 616.5493847285447 -127.8679802044701 -1143.869995308935 1501.297265834627 -846.9994898150463
 656.5171487359695 -135.0605300680846 -1130.779515701264 1465.207409325329 -854.6009747699245
 615.1536986513984 -126.5993370543571 -1142.933794299216 1501.671416527957 -844.8635222840937
 649.3895807793307 -129.1204199897856 -1121.809678396384 1458.869205514263 -856.2653051571028
 616.5493847285447 -127.8679802044701 -1143.869995308935 1501.297265834627 -846.9994898150463
 616.4269395611384 -127.5616327736031 -1144.19555745521 1501.520121276202 -847.1715404226652
 615.1536986513984 -126.5993370543571 -1142.933794299216 1501.671416527957 -844.8635222840937
 616.5493847285447 -127.8679802044701 -1143.869995308935 1501.297265834627 -846.9994898150463
 616.5493847285447 -127.8679802044701 -1143.869995308935 1501.297265834627 -846.9994898150463
 649.3895807793307 -129.1204199897856 -1121.809678396384 1458.869205514263 -856.2653051571028
 616.5493847285447 -127.8679802044701 -1143.869995308935 1501.297265834627 -846.9994898150463
 616.4269395611384 -127.5616327736031 -1144.19555745521 1501.520121276202 -847.1715404226652
 616.1057689986573 -128.187948367785 -1145.246938284979 1502.487169910211 -845.9871458174421
 649.3895807793307 -129.1204199897856 -1121.809678396384 1458.869205514263 -856.2653051571028
 615.1536986513984 -126.5993370543571 -1142.933794299216 1501.671416527957 -844.8635222840937
 616.5493847285447 -127.8679802044701 -1143.869995308935 1501.297265834627 -846.9994898150463
 616.5493847285447 -127.8679802044701 -1143.869995308935 1501.297265834627 -846.9994898150463
 609.0093191630074 -125.3929092041611 -1146.201375013393 1508.860847269392 -847.3063053997424
 649.3895807793307 -129.1204199897856 -1121.809678396384 1458.869205514263 -856.2653051571028
 616.5493847285447 -127.8679802044701 -1143.869995308935 1501.297265834627 -846.9994898150463
 609.0093191630074 -125.3929092041611 -1146.201375013393 1508.860847269392 -847.3063053997424
 616.5493847285447 -127.8679802044701 -1143.869995308935 1501.297265834627 -846.9994898150463
 616.5493847285447 -127.8679802044701 -1143.869995308935 1501.297265834627 -846.9994898150463
 613.2077398793123 -127.2877880154196 -1145.546179781942 1504.851209047848 -848.34506589274
 616.5493847285447 -127.8679802044701 -1143.869995308935 1501.297265834627 -846.9994898150463
 616.4772294638385 -128.1705871379206 -1143.762795409052 1501.171548278678 -846.8971010252219
 649.3895807793307 -129.1204199897856 -1121.809678396384 1458.869205514263 -856.2653051571028
 616.5493847285447 -127.8679802044701 -1143.869995308935 1501.297265834627 -846.9994898150463
 616.5493847285447 -127.8679802044701 -1143.869995308935 1501.297265834627 -846.9994898150463
 609.0093191630074 -125.3929092041611 -1146.201375013393 1508.860847269392 -847.3063053997424
 616.5493847285447 -127.8679802044701 -1143.869995308935 1501.297265834627 -846.9994898150463
 616.5493847285447 -127.8679802044701 -1143.869995308935 1501.297265834627 -846.9994898150463
 653.0205791854952 -135.5210870206407 -1132.875996927804 1468.260422662582 -852.6923457186206
 616.4269395611384 -127.5616327736031 -1144.19555745521 1501.520121276202 -847.1715404226652
 615.1536986513984 -126.5993370543571 -1142.933794299216 1501.671416527957 -844.8635222840937
 649.1976947554475 -128.2089970220334 -1123.789904255617 1458.662062301085 -856.2382548756565
 615.1536986513984 -126.5993370543571 -1142.933794299216 1501.671416527957 -844.8635222840937
 612.3647387128457 -118.8182681239329 -1149.345908609854 1534.229595678411 -851.899460364553
 609.0093191630074 -125.3929092041611 -1146.201375013393 1508.860847269392 -847.3063053997424
 616.5493847285447 -127.8679802044701 -1143.869995308935 1501.297265834627 -846.9994898150463
 616.1057689986573 -128.187948367785 -1145.246938284979 1502.487169910211 -845.9871458174421
 613.2077398793123 -127.2877880154196 -1145.546179781942 1504.851209047848 -848.34506589274
 649.3895807793307 -129.1204199897856 -1121.809678396384 1458.869205514263 -856.2653051571028
 649.6146549838238 -129.4492516486094 -1121.772274028617 1458.500216649067 -856.4326393676149
 616.5493847285447 -127.8679802044701 -1143.869995308935 1501.297265834627 -846.9994898150463
 616.5493847285447 -127.8679802044701 -1143.869995308935 1501.297265834627 -846.9994898150463
 653.3449651351502 -135.312546705002 -1133.434709796392 1468.210156024827 -853.1433657079701
 615.1536986513984 -126.5993370543571 -1142.933794299216 1501.671416527957 -844.8635222840937
 616.6417873175762 -127.877971534539 -1143.982756830283 1501.397412846694 -847.2537760674952
 609.058693049261 -125.9057402722026 -1144.359712312997 1508.979894822313 -846.5749857935497
 649.3951967448412 -129.0881455451782 -1121.985951428537 1459.031359993904 -856.4775369661349
