# Created by Octave 4.2.1, Mon Oct 09 17:08:31 2017 BRT <root@mosqueiro>
# name: pop
# type: matrix
# rows: 100
# columns: 5
 282.6466254218274 906.3067794946598 -215.2625780833953 -744.3451018949722 -219.3898061467679
 282.6466254218274 906.3067794946598 -215.2625780833953 -744.3451018949722 -219.3898061467679
 282.6466254218274 906.3067794946598 -215.2625780833953 -744.3451018949722 -219.3898061467679
 282.6466254218274 906.3067794946598 -215.2625780833953 -744.3451018949722 -219.3898061467679
 282.6466254218274 906.3067794946598 -215.2625780833953 -744.3451018949722 -219.3898061467679
 -1199.963457753168 -3167.147354929061 919.0975570092843 217.6018849271486 1000.300014935895
 2000.422331637245 2074.538844513429 -939.0732818002253 -473.1590234114949 -417.3674950493048
 282.6466254218274 906.3067794946598 -215.2625780833953 -744.3451018949722 -219.3898061467679
 -1199.963457753168 -3167.147354929061 919.0975570092843 217.6018849271486 1000.300014935895
 1162.049907011839 177.1653182621731 -1661.911924419399 -433.3329292952509 392.489120912691
 282.6466254218274 906.3067794946598 -215.2625780833953 -744.3451018949722 -219.3898061467679
 282.6466254218274 906.3067794946598 -215.2625780833953 -744.3451018949722 -219.3898061467679
 999.2187551722702 1438.695062195748 -742.1361039598164 -218.5955738220852 -676.1410610196757
 2.158806707391079 967.4680876458027 -523.4329720693147 -1069.585325018568 -242.3734398707444
 282.6466254218274 906.3067794946598 -215.2625780833953 -744.3451018949722 -219.3898061467679
 282.6466254218274 906.3067794946598 -215.2625780833953 -744.3451018949722 -219.3898061467679
 -1009.226299615999 -3450.549667762891 778.2530641902981 -162.0587280136887 639.7421359478467
 2.158806707391079 967.4680876458027 -523.4329720693147 -1069.585325018568 -242.3734398707444
 282.6466254218274 906.3067794946598 -215.2625780833953 -744.3451018949722 -219.3898061467679
 282.6466254218274 906.3067794946598 -215.2625780833953 -744.3451018949722 -219.3898061467679
 282.6466254218274 906.3067794946598 -215.2625780833953 -744.3451018949722 -219.3898061467679
 282.6466254218274 906.3067794946598 -215.2625780833953 -744.3451018949722 -219.3898061467679
 831.4447103449999 588.0896864182153 -635.8613528898286 -475.4061390625729 254.7346320004677
 282.6466254218274 906.3067794946598 -215.2625780833953 -744.3451018949722 -219.3898061467679
 137.3061097381568 -2137.430985479467 -46.96860768430543 1388.200520867664 3330.194982444352
 1162.049907011839 177.1653182621731 -1661.911924419399 -433.3329292952509 392.489120912691
 2.158806707391079 967.4680876458027 -523.4329720693147 -1069.585325018568 -242.3734398707444
 282.6466254218274 906.3067794946598 -215.2625780833953 -744.3451018949722 -219.3898061467679
 282.6466254218274 906.3067794946598 -215.2625780833953 -744.3451018949722 -219.3898061467679
 282.6466254218274 906.3067794946598 -215.2625780833953 -744.3451018949722 -219.3898061467679
 196.4869767653321 1118.029031197984 346.2174758318949 -1155.787618970341 -132.5826630947477
 196.4869767653321 1118.029031197984 346.2174758318949 -1155.787618970341 -132.5826630947477
 282.6466254218274 906.3067794946598 -215.2625780833953 -744.3451018949722 -219.3898061467679
 -37.17434296954713 472.7456463927592 779.2179598365673 -733.9193186439043 -611.2366666536702
 -1199.963457753168 -3167.147354929061 919.0975570092843 217.6018849271486 1000.300014935895
 2000.422331637245 2074.538844513429 -939.0732818002253 -473.1590234114949 -417.3674950493048
 282.6466254218274 906.3067794946598 -215.2625780833953 -744.3451018949722 -219.3898061467679
 282.6466254218274 906.3067794946598 -215.2625780833953 -744.3451018949722 -219.3898061467679
 282.6466254218274 906.3067794946598 -215.2625780833953 -744.3451018949722 -219.3898061467679
 282.6466254218274 906.3067794946598 -215.2625780833953 -744.3451018949722 -219.3898061467679
 537.4388598127416 673.2617754151647 -1632.411715022092 -2443.210061845185 -732.586064782122
 282.6466254218274 906.3067794946598 -215.2625780833953 -744.3451018949722 -219.3898061467679
 282.6466254218274 906.3067794946598 -215.2625780833953 -744.3451018949722 -219.3898061467679
 282.6466254218274 906.3067794946598 -215.2625780833953 -744.3451018949722 -219.3898061467679
 282.6466254218274 906.3067794946598 -215.2625780833953 -744.3451018949722 -219.3898061467679
 282.6466254218274 906.3067794946598 -215.2625780833953 -744.3451018949722 -219.3898061467679
 519.1881607984017 -170.1722159537701 -897.0667289754474 17.25802107036986 954.3807338326062
 282.6466254218274 906.3067794946598 -215.2625780833953 -744.3451018949722 -219.3898061467679
 196.4869767653321 1118.029031197984 346.2174758318949 -1155.787618970341 -132.5826630947477
 681.2163198513265 1130.431671099017 81.51444483772593 -1017.800460661711 -543.9232340574595
 282.6466254218274 906.3067794946598 -215.2625780833953 -744.3451018949722 -219.3898061467679
 282.6466254218274 906.3067794946598 -215.2625780833953 -744.3451018949722 -219.3898061467679
 196.4869767653321 1118.029031197984 346.2174758318949 -1155.787618970341 -132.5826630947477
 831.4447103449999 588.0896864182153 -635.8613528898286 -475.4061390625729 254.7346320004677
 282.6466254218274 906.3067794946598 -215.2625780833953 -744.3451018949722 -219.3898061467679
 137.3061097381568 -2137.430985479467 -46.96860768430543 1388.200520867664 3330.194982444352
 282.6466254218274 906.3067794946598 -215.2625780833953 -744.3451018949722 -219.3898061467679
 999.2187551722702 1438.695062195748 -742.1361039598164 -218.5955738220852 -676.1410610196757
 282.6466254218274 906.3067794946598 -215.2625780833953 -744.3451018949722 -219.3898061467679
 282.6466254218274 906.3067794946598 -215.2625780833953 -744.3451018949722 -219.3898061467679
 282.6466254218274 906.3067794946598 -215.2625780833953 -744.3451018949722 -219.3898061467679
 282.6466254218274 906.3067794946598 -215.2625780833953 -744.3451018949722 -219.3898061467679
 -37.17434296954713 472.7456463927592 779.2179598365673 -733.9193186439043 -611.2366666536702
 282.6466254218274 906.3067794946598 -215.2625780833953 -744.3451018949722 -219.3898061467679
 -395.6941937287695 368.0150872482488 -120.3307858765793 -1019.387802506586 -33.76810866770572
 -148.9556263985977 1329.235440526037 -1158.821997390892 -236.89376790801 -94.90754594976207
 -395.6941937287695 368.0150872482488 -120.3307858765793 -1019.387802506586 -33.76810866770572
 282.6466254218274 906.3067794946598 -215.2625780833953 -744.3451018949722 -219.3898061467679
 819.0105984717861 687.0331744188287 -582.9684203523888 -703.634029083387 -376.3883233918275
 282.6466254218274 906.3067794946598 -215.2625780833953 -744.3451018949722 -219.3898061467679
 282.6466254218274 906.3067794946598 -215.2625780833953 -744.3451018949722 -219.3898061467679
 70.23496984896823 1048.659571424948 -108.6563440037851 -430.9546842776134 -596.0353129896708
 282.6466254218274 906.3067794946598 -215.2625780833953 -744.3451018949722 -219.3898061467679
 282.6466254218274 906.3067794946598 -215.2625780833953 -744.3451018949722 -219.3898061467679
 282.6466254218274 906.3067794946598 -215.2625780833953 -744.3451018949722 -219.3898061467679
 282.6466254218274 906.3067794946598 -215.2625780833953 -744.3451018949722 -219.3898061467679
 196.4869767653321 1118.029031197984 346.2174758318949 -1155.787618970341 -132.5826630947477
 282.6466254218274 906.3067794946598 -215.2625780833953 -744.3451018949722 -219.3898061467679
 282.6466254218274 906.3067794946598 -215.2625780833953 -744.3451018949722 -219.3898061467679
 282.6466254218274 906.3067794946598 -215.2625780833953 -744.3451018949722 -219.3898061467679
 979.7122199798201 1039.772311499203 -1744.442351086619 -429.7968487718448 598.9770413336498
 473.0869990230514 1181.288190206394 204.837681083214 -633.1708411502548 -47.52127297289454
 900.2112878999518 1323.114674080032 -208.8345255100758 -796.4524867827611 -352.5359604769891
 55.6093460566982 1318.48797635192 154.1998952720486 -409.6104344113181 -564.5255321011822
