# Created by Octave 4.2.1, Mon Oct 09 17:08:08 2017 BRT <root@mosqueiro>
# name: pop
# type: matrix
# rows: 100
# columns: 5
 -321.4823466092553 346.5364506505706 -85.6948194135429 -283.6177910964803 343.3627847763279
 -264.0820630962835 364.5870192678217 -46.65091594658078 -368.8805266014903 314.5867737243634
 -262.2391878116189 364.7892043334969 -50.8652050452802 -368.2950972120123 317.7646707930766
 -263.7711322246744 372.7545606158822 -45.70529172178254 -363.22047638695 317.7393516361687
 -262.2391878116189 364.7892043334969 -50.8652050452802 -368.2950972120123 317.7646707930766
 -316.1130375194663 345.473644533309 -99.11738448669817 -285.0583860034878 355.4623733693939
 -316.1130375194663 345.473644533309 -99.11738448669817 -285.0583860034878 355.4623733693939
 -262.2391878116189 364.7892043334969 -50.8652050452802 -368.2950972120123 317.7646707930766
 -321.4823466092553 346.5364506505706 -85.6948194135429 -283.6177910964803 343.3627847763279
 -320.3410393693545 352.4822855851683 -95.71654590983366 -292.8304068140766 357.0219488163301
 -264.0820630962835 364.5870192678217 -46.65091594658078 -368.8805266014903 314.5867737243634
 -264.0820630962835 364.5870192678217 -46.65091594658078 -368.8805266014903 314.5867737243634
 -321.4989136976841 362.9178426139545 -99.42155583519747 -284.2328560551944 361.6722795559979
 -325.2790696857643 354.9873460297069 -90.51417018330801 -282.7036551905843 344.9241630361785
 -262.2391878116189 364.7892043334969 -50.8652050452802 -368.2950972120123 317.7646707930766
 -262.2391878116189 364.7892043334969 -50.8652050452802 -368.2950972120123 317.7646707930766
 -282.5304027520679 356.0813282868184 -53.57465194779775 -351.9717542529176 316.8449307436058
 -94.67958441300472 398.3685909779458 -212.8185800850924 -308.9446404705926 458.2126301713324
 -321.4823466092553 346.5364506505706 -85.6948194135429 -283.6177910964803 343.3627847763279
 -262.2391878116189 364.7892043334969 -50.8652050452802 -368.2950972120123 317.7646707930766
 -316.1130375194663 345.473644533309 -99.11738448669817 -285.0583860034878 355.4623733693939
 -264.0820630962835 364.5870192678217 -46.65091594658078 -368.8805266014903 314.5867737243634
 -320.3410393693545 352.4822855851683 -95.71654590983366 -292.8304068140766 357.0219488163301
 -316.1130375194663 345.473644533309 -99.11738448669817 -285.0583860034878 355.4623733693939
 -356.1014062879079 202.5357417596051 -309.625112486811 -132.574037387676 257.3912598913062
 -325.2790696857643 354.9873460297069 -90.51417018330801 -282.7036551905843 344.9241630361785
 -316.1130375194663 345.473644533309 -99.11738448669817 -285.0583860034878 355.4623733693939
 -262.2391878116189 364.7892043334969 -50.8652050452802 -368.2950972120123 317.7646707930766
 -94.67958441300472 398.3685909779458 -212.8185800850924 -308.9446404705926 458.2126301713324
 -321.4823466092553 346.5364506505706 -85.6948194135429 -283.6177910964803 343.3627847763279
 -262.2391878116189 364.7892043334969 -50.8652050452802 -368.2950972120123 317.7646707930766
 -325.2790696857643 354.9873460297069 -90.51417018330801 -282.7036551905843 344.9241630361785
 -264.9375301481208 350.7142131962582 -50.68953431631 -376.3765215434928 315.5984721074453
 -321.4823466092553 346.5364506505706 -85.6948194135429 -283.6177910964803 343.3627847763279
 -659.9737398320416 415.7857779208742 -17.18545041736175 -276.1221477179775 -202.7657215545727
 -94.54156929760654 406.6006778389165 -227.8895815999102 -319.4554149057411 452.3972077402139
 -655.9657875124827 415.1001437516089 -15.80804143114267 -276.813313328401 -206.3211341361746
 -321.4823466092553 346.5364506505706 -85.6948194135429 -283.6177910964803 343.3627847763279
 -264.0820630962835 364.5870192678217 -46.65091594658078 -368.8805266014903 314.5867737243634
 -316.1130375194663 345.473644533309 -99.11738448669817 -285.0583860034878 355.4623733693939
 -337.3385973818856 336.8523396800791 -101.0871557390413 -286.8633853411164 363.8305483764179
 -263.7711322246744 372.7545606158822 -45.70529172178254 -363.22047638695 317.7393516361687
 -316.1130375194663 345.473644533309 -99.11738448669817 -285.0583860034878 355.4623733693939
 -316.1130375194663 345.473644533309 -99.11738448669817 -285.0583860034878 355.4623733693939
 -262.2391878116189 364.7892043334969 -50.8652050452802 -368.2950972120123 317.7646707930766
 -321.4823466092553 346.5364506505706 -85.6948194135429 -283.6177910964803 343.3627847763279
 -325.2790696857643 354.9873460297069 -90.51417018330801 -282.7036551905843 344.9241630361785
 -316.1130375194663 345.473644533309 -99.11738448669817 -285.0583860034878 355.4623733693939
 -262.2391878116189 364.7892043334969 -50.8652050452802 -368.2950972120123 317.7646707930766
 -262.2391878116189 364.7892043334969 -50.8652050452802 -368.2950972120123 317.7646707930766
 -262.2391878116189 364.7892043334969 -50.8652050452802 -368.2950972120123 317.7646707930766
 -261.495479352474 358.0519821748034 -47.25508670145535 -374.3862403216325 313.8832926831407
 -316.1130375194663 345.473644533309 -99.11738448669817 -285.0583860034878 355.4623733693939
 -316.1130375194663 345.473644533309 -99.11738448669817 -285.0583860034878 355.4623733693939
 -316.1130375194663 345.473644533309 -99.11738448669817 -285.0583860034878 355.4623733693939
 -262.2391878116189 364.7892043334969 -50.8652050452802 -368.2950972120123 317.7646707930766
 -243.3176239029537 535.6275654420971 -143.6894622125081 -470.0475450634414 93.04879923231833
 -313.3067173753894 327.9117950632284 -86.05175730440581 -278.3088423363566 324.6162362662851
 -316.1130375194663 345.473644533309 -99.11738448669817 -285.0583860034878 355.4623733693939
 -331.5424540464334 359.4142462786136 -80.36399979033558 -263.0916224871676 347.9319491683245
 -337.3385973818856 336.8523396800791 -101.0871557390413 -286.8633853411164 363.8305483764179
 -316.1130375194663 345.473644533309 -99.11738448669817 -285.0583860034878 355.4623733693939
 -316.1130375194663 345.473644533309 -99.11738448669817 -285.0583860034878 355.4623733693939
 -262.2391878116189 364.7892043334969 -50.8652050452802 -368.2950972120123 317.7646707930766
 -316.1130375194663 345.473644533309 -99.11738448669817 -285.0583860034878 355.4623733693939
 -321.4823466092553 346.5364506505706 -85.6948194135429 -283.6177910964803 343.3627847763279
 -316.1130375194663 345.473644533309 -99.11738448669817 -285.0583860034878 355.4623733693939
 -316.1130375194663 345.473644533309 -99.11738448669817 -285.0583860034878 355.4623733693939
 -262.2391878116189 364.7892043334969 -50.8652050452802 -368.2950972120123 317.7646707930766
 -264.9375301481208 350.7142131962582 -50.68953431631 -376.3765215434928 315.5984721074453
 -325.2790696857643 354.9873460297069 -90.51417018330801 -282.7036551905843 344.9241630361785
 -94.67958441300472 398.3685909779458 -212.8185800850924 -308.9446404705926 458.2126301713324
 -320.3410393693545 352.4822855851683 -95.71654590983366 -292.8304068140766 357.0219488163301
 -262.2391878116189 364.7892043334969 -50.8652050452802 -368.2950972120123 317.7646707930766
 -325.2790696857643 354.9873460297069 -90.51417018330801 -282.7036551905843 344.9241630361785
 -264.0820630962835 364.5870192678217 -46.65091594658078 -368.8805266014903 314.5867737243634
 -262.2391878116189 364.7892043334969 -50.8652050452802 -368.2950972120123 317.7646707930766
 -262.2391878116189 364.7892043334969 -50.8652050452802 -368.2950972120123 317.7646707930766
 -325.2790696857643 354.9873460297069 -90.51417018330801 -282.7036551905843 344.9241630361785
 -320.3410393693545 352.4822855851683 -95.71654590983366 -292.8304068140766 357.0219488163301
 -263.3334866993856 364.7620282634075 -54.38190163186214 -367.9139059993384 319.6080041498115
 -257.901092562556 367.2937097191077 -52.43136841992226 -364.956388521573 318.5283366106693
 -260.2870265970769 365.9654305355465 -49.92566654044315 -370.2874857131764 316.5375207508964
 -318.7165955282669 351.9406687846949 -104.73041624696 -278.8326729744323 353.4516540797283
