# Created by Octave 4.2.1, Mon Oct 09 17:08:26 2017 BRT <root@mosqueiro>
# name: pop
# type: matrix
# rows: 100
# columns: 5
 282.6466254218274 906.3067794946598 -215.2625780833953 -744.3451018949722 -219.3898061467679
 282.6466254218274 906.3067794946598 -215.2625780833953 -744.3451018949722 -219.3898061467679
 282.6466254218274 906.3067794946598 -215.2625780833953 -744.3451018949722 -219.3898061467679
 1036.517276586453 -645.8447085091635 -3451.631585277334 1747.489334509484 3419.775581201553
 282.6466254218274 906.3067794946598 -215.2625780833953 -744.3451018949722 -219.3898061467679
 -1086.986157917016 4158.319949353368 896.2112856144879 -337.641954202469 1503.778361871694
 -66.92183153725227 223.9918175622283 708.993341268985 -159.5457728295037 -677.9949406864059
 -66.92183153725227 223.9918175622283 708.993341268985 -159.5457728295037 -677.9949406864059
 1036.517276586453 -645.8447085091635 -3451.631585277334 1747.489334509484 3419.775581201553
 -66.92183153725227 223.9918175622283 708.993341268985 -159.5457728295037 -677.9949406864059
 812.6599334144953 -598.0819854670007 2301.749079367325 -2027.997113216485 2995.639612398484
 -617.9023568286264 1147.797977852877 1339.318274545076 1609.638221531186 -1228.837219391659
 291.4605212007096 1538.965105810874 -2225.524068288422 -2473.507601401412 -898.5675237603369
 644.455603077903 -1033.065292475303 3064.238252594752 -862.8941957588293 -225.678899137122
 282.6466254218274 906.3067794946598 -215.2625780833953 -744.3451018949722 -219.3898061467679
 963.898440322095 -89.54999860690887 -2231.219091821511 -469.9556040852996 -1448.196334156806
 519.1881607984017 -170.1722159537701 -897.0667289754474 17.25802107036986 954.3807338326062
 291.4605212007096 1538.965105810874 -2225.524068288422 -2473.507601401412 -898.5675237603369
 282.6466254218274 906.3067794946598 -215.2625780833953 -744.3451018949722 -219.3898061467679
 282.6466254218274 906.3067794946598 -215.2625780833953 -744.3451018949722 -219.3898061467679
 -369.0228928718118 1772.064850426676 -1773.772271303576 -1417.843050875442 3544.068384322925
 282.6466254218274 906.3067794946598 -215.2625780833953 -744.3451018949722 -219.3898061467679
 -66.92183153725227 223.9918175622283 708.993341268985 -159.5457728295037 -677.9949406864059
 282.6466254218274 906.3067794946598 -215.2625780833953 -744.3451018949722 -219.3898061467679
 282.6466254218274 906.3067794946598 -215.2625780833953 -744.3451018949722 -219.3898061467679
 -66.92183153725227 223.9918175622283 708.993341268985 -159.5457728295037 -677.9949406864059
 282.6466254218274 906.3067794946598 -215.2625780833953 -744.3451018949722 -219.3898061467679
 519.1881607984017 -170.1722159537701 -897.0667289754474 17.25802107036986 954.3807338326062
 282.6466254218274 906.3067794946598 -215.2625780833953 -744.3451018949722 -219.3898061467679
 282.6466254218274 906.3067794946598 -215.2625780833953 -744.3451018949722 -219.3898061467679
 282.6466254218274 906.3067794946598 -215.2625780833953 -744.3451018949722 -219.3898061467679
 -1086.986157917016 4158.319949353368 896.2112856144879 -337.641954202469 1503.778361871694
 282.6466254218274 906.3067794946598 -215.2625780833953 -744.3451018949722 -219.3898061467679
 282.6466254218274 906.3067794946598 -215.2625780833953 -744.3451018949722 -219.3898061467679
 -66.92183153725227 223.9918175622283 708.993341268985 -159.5457728295037 -677.9949406864059
 282.6466254218274 906.3067794946598 -215.2625780833953 -744.3451018949722 -219.3898061467679
 282.6466254218274 906.3067794946598 -215.2625780833953 -744.3451018949722 -219.3898061467679
 -66.92183153725227 223.9918175622283 708.993341268985 -159.5457728295037 -677.9949406864059
 282.6466254218274 906.3067794946598 -215.2625780833953 -744.3451018949722 -219.3898061467679
 282.6466254218274 906.3067794946598 -215.2625780833953 -744.3451018949722 -219.3898061467679
 -66.92183153725227 223.9918175622283 708.993341268985 -159.5457728295037 -677.9949406864059
 644.455603077903 -1033.065292475303 3064.238252594752 -862.8941957588293 -225.678899137122
 2116.838043811218 855.4259306965033 -947.4280363424086 -1187.063981746464 -700.9829391456148
 282.6466254218274 906.3067794946598 -215.2625780833953 -744.3451018949722 -219.3898061467679
 -991.3010027234835 141.1925135440922 811.8428057015942 -86.92873278768991 163.8774108331193
 282.6466254218274 906.3067794946598 -215.2625780833953 -744.3451018949722 -219.3898061467679
 282.6466254218274 906.3067794946598 -215.2625780833953 -744.3451018949722 -219.3898061467679
 282.6466254218274 906.3067794946598 -215.2625780833953 -744.3451018949722 -219.3898061467679
 282.6466254218274 906.3067794946598 -215.2625780833953 -744.3451018949722 -219.3898061467679
 -66.92183153725227 223.9918175622283 708.993341268985 -159.5457728295037 -677.9949406864059
 983.5042890380433 3473.14759800224 1641.787412548473 -2285.071314870906 571.096098811366
 -1032.496496103701 1459.71709115314 -1113.995728690888 -626.5442262212 -1433.755776706793
 282.6466254218274 906.3067794946598 -215.2625780833953 -744.3451018949722 -219.3898061467679
 282.6466254218274 906.3067794946598 -215.2625780833953 -744.3451018949722 -219.3898061467679
 -369.0228928718118 1772.064850426676 -1773.772271303576 -1417.843050875442 3544.068384322925
 282.6466254218274 906.3067794946598 -215.2625780833953 -744.3451018949722 -219.3898061467679
 282.6466254218274 906.3067794946598 -215.2625780833953 -744.3451018949722 -219.3898061467679
 282.6466254218274 906.3067794946598 -215.2625780833953 -744.3451018949722 -219.3898061467679
 -66.92183153725227 223.9918175622283 708.993341268985 -159.5457728295037 -677.9949406864059
 291.4605212007096 1538.965105810874 -2225.524068288422 -2473.507601401412 -898.5675237603369
 282.6466254218274 906.3067794946598 -215.2625780833953 -744.3451018949722 -219.3898061467679
 282.6466254218274 906.3067794946598 -215.2625780833953 -744.3451018949722 -219.3898061467679
 282.6466254218274 906.3067794946598 -215.2625780833953 -744.3451018949722 -219.3898061467679
 -1292.827158638577 967.9594174876798 203.8069836925715 -298.9712188265648 2769.344579906952
 282.6466254218274 906.3067794946598 -215.2625780833953 -744.3451018949722 -219.3898061467679
 282.6466254218274 906.3067794946598 -215.2625780833953 -744.3451018949722 -219.3898061467679
 -66.92183153725227 223.9918175622283 708.993341268985 -159.5457728295037 -677.9949406864059
 282.6466254218274 906.3067794946598 -215.2625780833953 -744.3451018949722 -219.3898061467679
 282.6466254218274 906.3067794946598 -215.2625780833953 -744.3451018949722 -219.3898061467679
 282.6466254218274 906.3067794946598 -215.2625780833953 -744.3451018949722 -219.3898061467679
 282.6466254218274 906.3067794946598 -215.2625780833953 -744.3451018949722 -219.3898061467679
 282.6466254218274 906.3067794946598 -215.2625780833953 -744.3451018949722 -219.3898061467679
 1412.972266718245 1403.982201078696 -937.8088899786087 -1843.334815039818 -1082.933029118273
 282.6466254218274 906.3067794946598 -215.2625780833953 -744.3451018949722 -219.3898061467679
 282.6466254218274 906.3067794946598 -215.2625780833953 -744.3451018949722 -219.3898061467679
 282.6466254218274 906.3067794946598 -215.2625780833953 -744.3451018949722 -219.3898061467679
 282.6466254218274 906.3067794946598 -215.2625780833953 -744.3451018949722 -219.3898061467679
 282.6466254218274 906.3067794946598 -215.2625780833953 -744.3451018949722 -219.3898061467679
 282.6466254218274 906.3067794946598 -215.2625780833953 -744.3451018949722 -219.3898061467679
 282.6466254218274 906.3067794946598 -215.2625780833953 -744.3451018949722 -219.3898061467679
 137.3061097381568 -2137.430985479467 -46.96860768430543 1388.200520867664 3330.194982444352
 1570.755335140884 1233.624928082944 1419.553718424816 -1714.315621236849 -1055.727668356332
 -3664.38191703891 -789.7005810294352 759.5104982805298 -1842.84470008081 4163.453666093897
 1236.583808537948 -560.7339021885875 896.9625417527506 -144.3280622264312 -813.5856879479265
