# Created by Octave 4.2.1, Mon Oct 09 17:08:16 2017 BRT <root@mosqueiro>
# name: pop
# type: matrix
# rows: 100
# columns: 5
 -321.6192921796417 346.5250777380842 -85.72525536083106 -283.4268968528476 343.2738313606848
 -321.6150568701153 346.5692260765921 -85.73740059878386 -283.4686061068177 343.2799513310285
 -321.6200340840742 346.5263759176294 -85.72445040905696 -283.4267094333344 343.273346105835
 -321.6200340840742 346.5263759176294 -85.72445040905696 -283.4267094333344 343.273346105835
 -325.5195176860701 354.8480765537093 -91.82110179421888 -283.8400625249924 345.356035671174
 -314.3395580749301 346.835469565096 -98.93086964307049 -285.1656371550305 355.0324928171287
 -321.6200340840742 346.5263759176294 -85.72445040905696 -283.4267094333344 343.273346105835
 -321.6138484875518 346.5686528569485 -85.73887873274299 -283.4683343921122 343.2787910265347
 -321.6200340840742 346.5263759176294 -85.72445040905696 -283.4267094333344 343.273346105835
 -321.4823466092553 346.5364506505706 -85.6948194135429 -283.6177910964803 343.3627847763279
 -321.4778940437774 346.5558031953517 -85.69010511030099 -283.6246350190594 343.3528232161063
 -321.6200340840742 346.5263759176294 -85.72445040905696 -283.4267094333344 343.273346105835
 -321.6200340840742 346.5263759176294 -85.72445040905696 -283.4267094333344 343.273346105835
 -325.4981518600434 354.9338563183475 -91.82097761455189 -283.7687471775293 345.348746476162
 -321.6200340840742 346.5263759176294 -85.72445040905696 -283.4267094333344 343.273346105835
 -321.6200340840742 346.5263759176294 -85.72445040905696 -283.4267094333344 343.273346105835
 -321.6200340840742 346.5263759176294 -85.72445040905696 -283.4267094333344 343.273346105835
 -325.4985626408246 354.9342271702689 -91.82210968446368 -283.770296168209 345.34995112861
 -321.6085088441704 346.5671789504737 -85.73898048319823 -283.4682419002572 343.2702919635962
 -321.6200340840742 346.5263759176294 -85.72445040905696 -283.4267094333344 343.273346105835
 -321.6200340840742 346.5263759176294 -85.72445040905696 -283.4267094333344 343.273346105835
 -321.6200340840742 346.5263759176294 -85.72445040905696 -283.4267094333344 343.273346105835
 -321.619179029744 346.5240224551898 -85.72400938717912 -283.4241375463158 343.2736262849705
 -321.6200340840742 346.5263759176294 -85.72445040905696 -283.4267094333344 343.273346105835
 -321.6200340840742 346.5263759176294 -85.72445040905696 -283.4267094333344 343.273346105835
 -321.6150568701153 346.5692260765921 -85.73740059878386 -283.4686061068177 343.2799513310285
 -321.6138484875518 346.5686528569485 -85.73887873274299 -283.4683343921122 343.2787910265347
 -321.6192921796417 346.5250777380842 -85.72525536083106 -283.4268968528476 343.2738313606848
 -321.6150568701153 346.5692260765921 -85.73740059878386 -283.4686061068177 343.2799513310285
 -321.6200340840742 346.5263759176294 -85.72445040905696 -283.4267094333344 343.273346105835
 -325.5201747763886 354.8479468163926 -91.82106345329915 -283.8404516643198 345.3559858465932
 -321.4823466092553 346.5364506505706 -85.6948194135429 -283.6177910964803 343.3627847763279
 -321.6085088441704 346.5671789504737 -85.73898048319823 -283.4682419002572 343.2702919635962
 -325.5157378556024 354.9134964521663 -91.8257950859014 -283.8765307838881 345.3386785671635
 -321.6200340840742 346.5263759176294 -85.72445040905696 -283.4267094333344 343.273346105835
 -321.6200340840742 346.5263759176294 -85.72445040905696 -283.4267094333344 343.273346105835
 -325.5201747763886 354.8479468163926 -91.82106345329915 -283.8404516643198 345.3559858465932
 -321.6200340840742 346.5263759176294 -85.72445040905696 -283.4267094333344 343.273346105835
 -325.4985626408246 354.9342271702689 -91.82210968446368 -283.770296168209 345.34995112861
 -325.5201747763886 354.8479468163926 -91.82106345329915 -283.8404516643198 345.3559858465932
 -321.6200340840742 346.5263759176294 -85.72445040905696 -283.4267094333344 343.273346105835
 -325.5135440085846 354.8521097273314 -91.81993765100161 -283.841883403808 345.3604068176763
 -321.6200340840742 346.5263759176294 -85.72445040905696 -283.4267094333344 343.273346105835
 -321.6138484875518 346.5686528569485 -85.73887873274299 -283.4683343921122 343.2787910265347
 -321.6200340840742 346.5263759176294 -85.72445040905696 -283.4267094333344 343.273346105835
 -321.4972365390531 346.5496563723185 -85.69162107932036 -283.6132789976013 343.3680241501761
 -321.6200340840742 346.5263759176294 -85.72445040905696 -283.4267094333344 343.273346105835
 -321.6192921796417 346.5250777380842 -85.72525536083106 -283.4268968528476 343.2738313606848
 -321.6110065899326 346.5765767148308 -85.74970310924249 -283.4711129501711 343.264441343261
 -321.6192921796417 346.5250777380842 -85.72525536083106 -283.4268968528476 343.2738313606848
 -321.6200340840742 346.5263759176294 -85.72445040905696 -283.4267094333344 343.273346105835
 -314.3395580749301 346.835469565096 -98.93086964307049 -285.1656371550305 355.0324928171287
 -321.6200340840742 346.5263759176294 -85.72445040905696 -283.4267094333344 343.273346105835
 -321.5102472811736 346.5894105183879 -85.77131205333794 -283.6090881600907 343.3827117628924
 -325.5146900020345 354.8533826794833 -91.82295003176785 -283.8379744693321 345.3588872821707
 -321.6093291862218 346.5672123177428 -85.73891238533217 -283.4657982482668 343.270274248278
 -321.6200340840742 346.5263759176294 -85.72445040905696 -283.4267094333344 343.273346105835
 -325.4985626408246 354.9342271702689 -91.82210968446368 -283.770296168209 345.34995112861
 -321.6200340840742 346.5263759176294 -85.72445040905696 -283.4267094333344 343.273346105835
 -325.510491468148 354.855076272819 -91.81815811053237 -283.834492535336 345.365502262473
 -321.6200340840742 346.5263759176294 -85.72445040905696 -283.4267094333344 343.273346105835
 -321.6200340840742 346.5263759176294 -85.72445040905696 -283.4267094333344 343.273346105835
 -321.6200340840742 346.5263759176294 -85.72445040905696 -283.4267094333344 343.273346105835
 -321.6200340840742 346.5263759176294 -85.72445040905696 -283.4267094333344 343.273346105835
 -325.5093767497978 354.8594828585091 -91.8238664546618 -283.8427707002198 345.3548473024619
 -325.5135440085846 354.8521097273314 -91.81993765100161 -283.841883403808 345.3604068176763
 -321.6192921796417 346.5250777380842 -85.72525536083106 -283.4268968528476 343.2738313606848
 -321.6200340840742 346.5263759176294 -85.72445040905696 -283.4267094333344 343.273346105835
 -321.6081324237925 346.5694602102699 -85.73945109749488 -283.4676887220078 343.2691620796683
 -321.6200340840742 346.5263759176294 -85.72445040905696 -283.4267094333344 343.273346105835
 -325.5205431391357 354.8478798490836 -91.82124501776228 -283.8406134176387 345.3539705183721
 -321.6085088441704 346.5671789504737 -85.73898048319823 -283.4682419002572 343.2702919635962
 -321.6200340840742 346.5263759176294 -85.72445040905696 -283.4267094333344 343.273346105835
 -321.6200340840742 346.5263759176294 -85.72445040905696 -283.4267094333344 343.273346105835
 -321.6200340840742 346.5263759176294 -85.72445040905696 -283.4267094333344 343.273346105835
 -321.6200340840742 346.5263759176294 -85.72445040905696 -283.4267094333344 343.273346105835
 -321.6085088441704 346.5671789504737 -85.73898048319823 -283.4682419002572 343.2702919635962
 -321.6200340840742 346.5263759176294 -85.72445040905696 -283.4267094333344 343.273346105835
 -325.5093767497978 354.8594828585091 -91.8238664546618 -283.8427707002198 345.3548473024619
 -321.6200340840742 346.5263759176294 -85.72445040905696 -283.4267094333344 343.273346105835
 -325.5136427957883 354.8520062538683 -91.82007940329312 -283.8421373346814 345.3603611796212
 -325.5132348047662 354.8522845024858 -91.82004474965306 -283.8416613762336 345.3604106713855
 -321.6087921822819 346.5668649632342 -85.73872940782547 -283.4687510806278 343.2699866860804
 -321.6201627909425 346.5263824361064 -85.72441925971228 -283.4265133814315 343.2729538821319
