# Created by Octave 4.2.1, Mon Oct 09 17:06:08 2017 BRT <root@mosqueiro>
# name: pop
# type: matrix
# rows: 100
# columns: 5
 510.0473372065255 -235.4457840946191 23.71555719572271 -154.3549732331991 -144.9620417237626
 509.9422549404017 -235.5405680813967 23.7738534392523 -154.1554283624102 -145.0510635583478
 564.5237141177515 -258.1901438660277 -51.42774924264663 -33.04937218408097 -222.6535125811757
 564.5237141177515 -258.1901438660277 -51.42774924264663 -33.04937218408097 -222.6535125811757
 564.0812152421267 -258.0743652417262 -51.19385975132857 -33.10037990708719 -222.7084415207564
 560.5881087202872 -215.4828132724439 -19.72543151784976 -129.2700558841981 -194.4030114807059
 500.3799396512574 -238.4163785629654 30.51061180250144 -147.7141290044258 -144.3877487737625
 509.8329205793747 -235.3694655593586 23.80509774420531 -154.7077000947396 -144.8329482796327
 582.5529990057221 -207.1822223771035 -18.20677857655861 -152.0138439572623 -209.4455982616257
 564.0812152421267 -258.0743652417262 -51.19385975132857 -33.10037990708719 -222.7084415207564
 560.5616467132651 -215.3365152738713 -19.34384257452512 -129.2852285445493 -195.039369091301
 560.5881087202872 -215.4828132724439 -19.72543151784976 -129.2700558841981 -194.4030114807059
 564.1843333324732 -258.0338046529746 -51.29508189928024 -33.05747336215547 -222.7367715133325
 509.6748520702241 -235.5540696785505 24.30779595908357 -155.0640625350964 -144.5291157879298
 564.1843333324732 -258.0338046529746 -51.29508189928024 -33.05747336215547 -222.7367715133325
 564.5237141177515 -258.1901438660277 -51.42774924264663 -33.04937218408097 -222.6535125811757
 509.8838136578676 -235.3243409162371 23.77007880268184 -154.5368007419166 -144.757777221655
 508.6978828711455 -234.0763381355375 22.71091684199735 -152.0636388545617 -144.8342280046643
 509.9422549404017 -235.5405680813967 23.7738534392523 -154.1554283624102 -145.0510635583478
 509.8329205793747 -235.3694655593586 23.80509774420531 -154.7077000947396 -144.8329482796327
 509.9422549404017 -235.5405680813967 23.7738534392523 -154.1554283624102 -145.0510635583478
 564.5237141177515 -258.1901438660277 -51.42774924264663 -33.04937218408097 -222.6535125811757
 560.5881087202872 -215.4828132724439 -19.72543151784976 -129.2700558841981 -194.4030114807059
 509.8838136578676 -235.3243409162371 23.77007880268184 -154.5368007419166 -144.757777221655
 509.6748520702241 -235.5540696785505 24.30779595908357 -155.0640625350964 -144.5291157879298
 509.9422549404017 -235.5405680813967 23.7738534392523 -154.1554283624102 -145.0510635583478
 564.0812152421267 -258.0743652417262 -51.19385975132857 -33.10037990708719 -222.7084415207564
 564.0812152421267 -258.0743652417262 -51.19385975132857 -33.10037990708719 -222.7084415207564
 508.1588844115136 -234.4320012835646 23.06833020693295 -151.0666096405053 -144.0921368615324
 509.8329205793747 -235.3694655593586 23.80509774420531 -154.7077000947396 -144.8329482796327
 509.8329205793747 -235.3694655593586 23.80509774420531 -154.7077000947396 -144.8329482796327
 564.5237141177515 -258.1901438660277 -51.42774924264663 -33.04937218408097 -222.6535125811757
 560.5881087202872 -215.4828132724439 -19.72543151784976 -129.2700558841981 -194.4030114807059
 510.0473372065255 -235.4457840946191 23.71555719572271 -154.3549732331991 -144.9620417237626
 509.7623778671022 -235.7058665740905 23.87341451979844 -154.9385519893426 -145.1784211678223
 564.5237141177515 -258.1901438660277 -51.42774924264663 -33.04937218408097 -222.6535125811757
 564.368412339021 -258.0589074999486 -51.57402098006241 -33.13726529048018 -222.5715629726735
 564.5557383762942 -258.1498490450359 -51.23184769485532 -32.84479488393796 -222.6763324205618
 509.8329205793747 -235.3694655593586 23.80509774420531 -154.7077000947396 -144.8329482796327
 509.8329205793747 -235.3694655593586 23.80509774420531 -154.7077000947396 -144.8329482796327
 509.6765625388924 -235.3527339964507 23.8581871136974 -154.7556084129795 -145.2402409129826
 509.8922649521789 -235.1482938734715 23.69798221303805 -154.7028444200123 -144.8926441982119
 509.8329205793747 -235.3694655593586 23.80509774420531 -154.7077000947396 -144.8329482796327
 509.9422549404017 -235.5405680813967 23.7738534392523 -154.1554283624102 -145.0510635583478
 509.8329205793747 -235.3694655593586 23.80509774420531 -154.7077000947396 -144.8329482796327
 564.498092161956 -258.2487885157418 -51.41453302382563 -33.06265175619208 -222.7717306233807
 564.5237141177515 -258.1901438660277 -51.42774924264663 -33.04937218408097 -222.6535125811757
 509.8329205793747 -235.3694655593586 23.80509774420531 -154.7077000947396 -144.8329482796327
 561.600951837648 -217.4467175630549 -17.38039027778814 -128.445485273895 -195.1924119878885
 560.5881087202872 -215.4828132724439 -19.72543151784976 -129.2700558841981 -194.4030114807059
 509.7473763465892 -235.4226331607264 23.70305678405924 -154.702711328398 -144.948923984523
 509.9422549404017 -235.5405680813967 23.7738534392523 -154.1554283624102 -145.0510635583478
 564.5237141177515 -258.1901438660277 -51.42774924264663 -33.04937218408097 -222.6535125811757
 509.9422549404017 -235.5405680813967 23.7738534392523 -154.1554283624102 -145.0510635583478
 509.8329205793747 -235.3694655593586 23.80509774420531 -154.7077000947396 -144.8329482796327
 509.6748520702241 -235.5540696785505 24.30779595908357 -155.0640625350964 -144.5291157879298
 509.8329205793747 -235.3694655593586 23.80509774420531 -154.7077000947396 -144.8329482796327
 509.6748520702241 -235.5540696785505 24.30779595908357 -155.0640625350964 -144.5291157879298
 564.0812152421267 -258.0743652417262 -51.19385975132857 -33.10037990708719 -222.7084415207564
 509.8329205793747 -235.3694655593586 23.80509774420531 -154.7077000947396 -144.8329482796327
 509.9422549404017 -235.5405680813967 23.7738534392523 -154.1554283624102 -145.0510635583478
 564.5237141177515 -258.1901438660277 -51.42774924264663 -33.04937218408097 -222.6535125811757
 564.3371032576241 -258.5070146842995 -51.3957218157533 -33.00326249345474 -222.6707725342489
 564.5237141177515 -258.1901438660277 -51.42774924264663 -33.04937218408097 -222.6535125811757
 560.7450286429647 -214.9408876357338 -20.4978126518537 -129.6793164537003 -194.4196743437265
 510.0473372065255 -235.4457840946191 23.71555719572271 -154.3549732331991 -144.9620417237626
 564.5437915152086 -258.4101891441817 -51.27858269426401 -33.09136247858242 -222.6267518433157
 564.5142394345364 -258.3232227597242 -51.0068595468575 -32.93316823852116 -222.3383708387841
 509.5488369647045 -235.4364288003999 23.97265293476272 -154.6581776911137 -144.9761768764974
 564.0812152421267 -258.0743652417262 -51.19385975132857 -33.10037990708719 -222.7084415207564
 509.8329205793747 -235.3694655593586 23.80509774420531 -154.7077000947396 -144.8329482796327
 564.5237141177515 -258.1901438660277 -51.42774924264663 -33.04937218408097 -222.6535125811757
 561.4746258661177 -217.2897552497182 -19.93404297330662 -126.2507151455092 -192.0620631519283
 509.9422549404017 -235.5405680813967 23.7738534392523 -154.1554283624102 -145.0510635583478
 509.9422549404017 -235.5405680813967 23.7738534392523 -154.1554283624102 -145.0510635583478
 510.0473372065255 -235.4457840946191 23.71555719572271 -154.3549732331991 -144.9620417237626
 509.8329205793747 -235.3694655593586 23.80509774420531 -154.7077000947396 -144.8329482796327
 510.0473372065255 -235.4457840946191 23.71555719572271 -154.3549732331991 -144.9620417237626
 564.498092161956 -258.2487885157418 -51.41453302382563 -33.06265175619208 -222.7717306233807
 564.0812152421267 -258.0743652417262 -51.19385975132857 -33.10037990708719 -222.7084415207564
 509.81728617747 -235.380052694714 23.76006504552691 -154.7118010885955 -144.7638621483528
 564.1236062579019 -258.0819420924671 -51.09928042118275 -33.16585404393631 -222.7529952748056
 509.9101379991441 -235.3939036295223 23.8647899564968 -154.6747141466731 -144.8311696756217
