# Created by Octave 4.2.1, Mon Oct 09 17:06:57 2017 BRT <root@mosqueiro>
# name: pop
# type: matrix
# rows: 100
# columns: 5
 549.2069253055546 -516.1545675680293 -901.5443233713909 948.2040929113657 -70.17469444954628
 458.6585320637209 -63.34174233924648 -518.5875542202955 738.7709262897456 -581.0494691775859
 458.6585320637209 -63.34174233924648 -518.5875542202955 738.7709262897456 -581.0494691775859
 458.6585320637209 -63.34174233924648 -518.5875542202955 738.7709262897456 -581.0494691775859
 -71.59705793406931 1156.131319295696 -749.631124969264 2210.81729490758 -673.3690884400135
 -455.359286447561 34.92225955712858 993.3265342309417 -49.11084296427055 1198.863379419229
 -1141.279043509835 1834.991132234997 509.1827642270094 3196.314855694595 -4626.695253732346
 458.6585320637209 -63.34174233924648 -518.5875542202955 738.7709262897456 -581.0494691775859
 549.2069253055546 -516.1545675680293 -901.5443233713909 948.2040929113657 -70.17469444954628
 458.6585320637209 -63.34174233924648 -518.5875542202955 738.7709262897456 -581.0494691775859
 458.6585320637209 -63.34174233924648 -518.5875542202955 738.7709262897456 -581.0494691775859
 458.6585320637209 -63.34174233924648 -518.5875542202955 738.7709262897456 -581.0494691775859
 -770.4817232223691 -584.3927215447023 -56.26677813314154 -368.4788126799839 -233.7880806297994
 549.2069253055546 -516.1545675680293 -901.5443233713909 948.2040929113657 -70.17469444954628
 325.2117777166674 -1559.082042947267 -435.4734967723436 64.21456001009017 -3031.446620499606
 458.6585320637209 -63.34174233924648 -518.5875542202955 738.7709262897456 -581.0494691775859
 196.027898880694 -1497.971641063332 471.7854584272518 -1843.492128577766 -767.4348486222975
 -455.359286447561 34.92225955712858 993.3265342309417 -49.11084296427055 1198.863379419229
 285.4777379818561 160.7903400906416 -376.6603556475973 996.2981808258003 -621.2506233217405
 -752.9515490335954 -3992.842863729089 -400.2561724454281 3922.823653175938 2986.228370192071
 549.2069253055546 -516.1545675680293 -901.5443233713909 948.2040929113657 -70.17469444954628
 196.027898880694 -1497.971641063332 471.7854584272518 -1843.492128577766 -767.4348486222975
 458.6585320637209 -63.34174233924648 -518.5875542202955 738.7709262897456 -581.0494691775859
 458.6585320637209 -63.34174233924648 -518.5875542202955 738.7709262897456 -581.0494691775859
 458.6585320637209 -63.34174233924648 -518.5875542202955 738.7709262897456 -581.0494691775859
 458.6585320637209 -63.34174233924648 -518.5875542202955 738.7709262897456 -581.0494691775859
 -384.5991464872587 -798.7575324145211 -2163.391579822988 1006.76138872029 -2160.571758543676
 458.6585320637209 -63.34174233924648 -518.5875542202955 738.7709262897456 -581.0494691775859
 458.6585320637209 -63.34174233924648 -518.5875542202955 738.7709262897456 -581.0494691775859
 458.6585320637209 -63.34174233924648 -518.5875542202955 738.7709262897456 -581.0494691775859
 458.6585320637209 -63.34174233924648 -518.5875542202955 738.7709262897456 -581.0494691775859
 458.6585320637209 -63.34174233924648 -518.5875542202955 738.7709262897456 -581.0494691775859
 458.6585320637209 -63.34174233924648 -518.5875542202955 738.7709262897456 -581.0494691775859
 953.1108595482699 725.6574881589531 380.0974917363778 376.0435018769585 -2475.596687916503
 458.6585320637209 -63.34174233924648 -518.5875542202955 738.7709262897456 -581.0494691775859
 549.2069253055546 -516.1545675680293 -901.5443233713909 948.2040929113657 -70.17469444954628
 458.6585320637209 -63.34174233924648 -518.5875542202955 738.7709262897456 -581.0494691775859
 458.6585320637209 -63.34174233924648 -518.5875542202955 738.7709262897456 -581.0494691775859
 458.6585320637209 -63.34174233924648 -518.5875542202955 738.7709262897456 -581.0494691775859
 -384.5991464872587 -798.7575324145211 -2163.391579822988 1006.76138872029 -2160.571758543676
 196.027898880694 -1497.971641063332 471.7854584272518 -1843.492128577766 -767.4348486222975
 458.6585320637209 -63.34174233924648 -518.5875542202955 738.7709262897456 -581.0494691775859
 458.6585320637209 -63.34174233924648 -518.5875542202955 738.7709262897456 -581.0494691775859
 458.6585320637209 -63.34174233924648 -518.5875542202955 738.7709262897456 -581.0494691775859
 745.728286713962 -172.5321258080306 705.9599290431731 1477.586363786036 -601.5648015141123
 458.6585320637209 -63.34174233924648 -518.5875542202955 738.7709262897456 -581.0494691775859
 458.6585320637209 -63.34174233924648 -518.5875542202955 738.7709262897456 -581.0494691775859
 -162.1332956574065 152.2940273797799 -1257.954654774956 -647.7113159012332 2616.210152575859
 885.7992673352453 -2072.685659152858 702.397334286072 106.0051317278718 -1337.94801033897
 458.6585320637209 -63.34174233924648 -518.5875542202955 738.7709262897456 -581.0494691775859
 458.6585320637209 -63.34174233924648 -518.5875542202955 738.7709262897456 -581.0494691775859
 549.2069253055546 -516.1545675680293 -901.5443233713909 948.2040929113657 -70.17469444954628
 325.2117777166674 -1559.082042947267 -435.4734967723436 64.21456001009017 -3031.446620499606
 549.2069253055546 -516.1545675680293 -901.5443233713909 948.2040929113657 -70.17469444954628
 196.027898880694 -1497.971641063332 471.7854584272518 -1843.492128577766 -767.4348486222975
 458.6585320637209 -63.34174233924648 -518.5875542202955 738.7709262897456 -581.0494691775859
 458.6585320637209 -63.34174233924648 -518.5875542202955 738.7709262897456 -581.0494691775859
 -536.3221176485836 -2764.775565494918 777.5259066500493 1303.161050180407 -2742.402650490946
 458.6585320637209 -63.34174233924648 -518.5875542202955 738.7709262897456 -581.0494691775859
 13.89294520828889 -774.0470424553785 642.7134685054533 -1322.971993244798 383.7262313387827
 772.8092479732493 -462.7318359328987 1501.584661706781 128.6442058091489 -434.0778846742541
 2200.669960223099 439.3379990661649 416.4352115188648 1536.467169006978 -711.7724786180953
 2200.669960223099 439.3379990661649 416.4352115188648 1536.467169006978 -711.7724786180953
 458.6585320637209 -63.34174233924648 -518.5875542202955 738.7709262897456 -581.0494691775859
 458.6585320637209 -63.34174233924648 -518.5875542202955 738.7709262897456 -581.0494691775859
 458.6585320637209 -63.34174233924648 -518.5875542202955 738.7709262897456 -581.0494691775859
 953.1108595482699 725.6574881589531 380.0974917363778 376.0435018769585 -2475.596687916503
 458.6585320637209 -63.34174233924648 -518.5875542202955 738.7709262897456 -581.0494691775859
 549.2069253055546 -516.1545675680293 -901.5443233713909 948.2040929113657 -70.17469444954628
 -536.3221176485836 -2764.775565494918 777.5259066500493 1303.161050180407 -2742.402650490946
 458.6585320637209 -63.34174233924648 -518.5875542202955 738.7709262897456 -581.0494691775859
 -382.4685036605518 -1039.930792324107 -1539.140468297634 1448.491033504577 -1599.152752349311
 458.6585320637209 -63.34174233924648 -518.5875542202955 738.7709262897456 -581.0494691775859
 458.6585320637209 -63.34174233924648 -518.5875542202955 738.7709262897456 -581.0494691775859
 -455.359286447561 34.92225955712858 993.3265342309417 -49.11084296427055 1198.863379419229
 458.6585320637209 -63.34174233924648 -518.5875542202955 738.7709262897456 -581.0494691775859
 458.6585320637209 -63.34174233924648 -518.5875542202955 738.7709262897456 -581.0494691775859
 183.929931382953 -1040.651044510984 2086.462268410036 588.6420523958637 -1031.150065428296
 458.6585320637209 -63.34174233924648 -518.5875542202955 738.7709262897456 -581.0494691775859
 458.6585320637209 -63.34174233924648 -518.5875542202955 738.7709262897456 -581.0494691775859
 -509.2582532133205 84.05364050774585 -1305.183314508679 920.5680511176275 -128.2278907009105
 -669.7321782132985 1344.051615706707 59.66936492017135 1561.727509410062 -1097.003959181812
 -1975.663857057315 456.2179516506894 -865.5792080606423 -452.5917318512044 -2273.923050256294
 -166.8967230306656 1171.868484036566 43.92626487266341 -196.268787620737 59.45810976519567
