# Created by Octave 4.2.1, Mon Oct 09 17:08:07 2017 BRT <root@mosqueiro>
# name: pop
# type: matrix
# rows: 100
# columns: 5
 -316.1130375194663 345.473644533309 -99.11738448669817 -285.0583860034878 355.4623733693939
 -262.2391878116189 364.7892043334969 -50.8652050452802 -368.2950972120123 317.7646707930766
 -262.2391878116189 364.7892043334969 -50.8652050452802 -368.2950972120123 317.7646707930766
 -262.2391878116189 364.7892043334969 -50.8652050452802 -368.2950972120123 317.7646707930766
 -262.2391878116189 364.7892043334969 -50.8652050452802 -368.2950972120123 317.7646707930766
 -262.2391878116189 364.7892043334969 -50.8652050452802 -368.2950972120123 317.7646707930766
 -262.2391878116189 364.7892043334969 -50.8652050452802 -368.2950972120123 317.7646707930766
 -325.2790696857643 354.9873460297069 -90.51417018330801 -282.7036551905843 344.9241630361785
 -262.2391878116189 364.7892043334969 -50.8652050452802 -368.2950972120123 317.7646707930766
 -262.2391878116189 364.7892043334969 -50.8652050452802 -368.2950972120123 317.7646707930766
 -325.2790696857643 354.9873460297069 -90.51417018330801 -282.7036551905843 344.9241630361785
 -83.36104693900428 427.7521655597595 -186.1886775191274 -376.1112442776978 451.6998524717141
 -316.1130375194663 345.473644533309 -99.11738448669817 -285.0583860034878 355.4623733693939
 -325.4500428925537 356.5004965815028 -89.36510613977755 -311.1592883071036 337.4466117168657
 -325.2790696857643 354.9873460297069 -90.51417018330801 -282.7036551905843 344.9241630361785
 -262.2391878116189 364.7892043334969 -50.8652050452802 -368.2950972120123 317.7646707930766
 -325.2790696857643 354.9873460297069 -90.51417018330801 -282.7036551905843 344.9241630361785
 -262.2391878116189 364.7892043334969 -50.8652050452802 -368.2950972120123 317.7646707930766
 -262.2391878116189 364.7892043334969 -50.8652050452802 -368.2950972120123 317.7646707930766
 -262.2391878116189 364.7892043334969 -50.8652050452802 -368.2950972120123 317.7646707930766
 -262.2391878116189 364.7892043334969 -50.8652050452802 -368.2950972120123 317.7646707930766
 -325.2790696857643 354.9873460297069 -90.51417018330801 -282.7036551905843 344.9241630361785
 -243.3176239029537 535.6275654420971 -143.6894622125081 -470.0475450634414 93.04879923231833
 -316.1130375194663 345.473644533309 -99.11738448669817 -285.0583860034878 355.4623733693939
 -325.2790696857643 354.9873460297069 -90.51417018330801 -282.7036551905843 344.9241630361785
 -356.1014062879079 202.5357417596051 -309.625112486811 -132.574037387676 257.3912598913062
 -262.2391878116189 364.7892043334969 -50.8652050452802 -368.2950972120123 317.7646707930766
 -325.2790696857643 354.9873460297069 -90.51417018330801 -282.7036551905843 344.9241630361785
 -325.2790696857643 354.9873460297069 -90.51417018330801 -282.7036551905843 344.9241630361785
 -262.2391878116189 364.7892043334969 -50.8652050452802 -368.2950972120123 317.7646707930766
 -657.6598488204885 410.9147620561847 -17.89248658615136 -273.916244683484 -206.4347500125569
 -325.2790696857643 354.9873460297069 -90.51417018330801 -282.7036551905843 344.9241630361785
 -262.2391878116189 364.7892043334969 -50.8652050452802 -368.2950972120123 317.7646707930766
 -325.2790696857643 354.9873460297069 -90.51417018330801 -282.7036551905843 344.9241630361785
 -325.2790696857643 354.9873460297069 -90.51417018330801 -282.7036551905843 344.9241630361785
 -325.2790696857643 354.9873460297069 -90.51417018330801 -282.7036551905843 344.9241630361785
 -92.07278510953171 404.1676313894502 -223.4404758275709 -318.277087597069 450.862131768637
 -262.2391878116189 364.7892043334969 -50.8652050452802 -368.2950972120123 317.7646707930766
 -92.07278510953171 404.1676313894502 -223.4404758275709 -318.277087597069 450.862131768637
 -325.4500428925537 356.5004965815028 -89.36510613977755 -311.1592883071036 337.4466117168657
 -262.2391878116189 364.7892043334969 -50.8652050452802 -368.2950972120123 317.7646707930766
 -262.2391878116189 364.7892043334969 -50.8652050452802 -368.2950972120123 317.7646707930766
 -356.1014062879079 202.5357417596051 -309.625112486811 -132.574037387676 257.3912598913062
 -262.2391878116189 364.7892043334969 -50.8652050452802 -368.2950972120123 317.7646707930766
 -262.2391878116189 364.7892043334969 -50.8652050452802 -368.2950972120123 317.7646707930766
 -325.2790696857643 354.9873460297069 -90.51417018330801 -282.7036551905843 344.9241630361785
 -262.2391878116189 364.7892043334969 -50.8652050452802 -368.2950972120123 317.7646707930766
 -325.2790696857643 354.9873460297069 -90.51417018330801 -282.7036551905843 344.9241630361785
 -262.2391878116189 364.7892043334969 -50.8652050452802 -368.2950972120123 317.7646707930766
 -356.1014062879079 202.5357417596051 -309.625112486811 -132.574037387676 257.3912598913062
 -262.2391878116189 364.7892043334969 -50.8652050452802 -368.2950972120123 317.7646707930766
 -316.1130375194663 345.473644533309 -99.11738448669817 -285.0583860034878 355.4623733693939
 -262.2391878116189 364.7892043334969 -50.8652050452802 -368.2950972120123 317.7646707930766
 -313.3067173753894 327.9117950632284 -86.05175730440581 -278.3088423363566 324.6162362662851
 -262.2391878116189 364.7892043334969 -50.8652050452802 -368.2950972120123 317.7646707930766
 -262.2391878116189 364.7892043334969 -50.8652050452802 -368.2950972120123 317.7646707930766
 -317.8083967451752 353.7931774569509 -101.768322264207 -274.1577819878432 354.4490271467455
 -325.2790696857643 354.9873460297069 -90.51417018330801 -282.7036551905843 344.9241630361785
 -262.2391878116189 364.7892043334969 -50.8652050452802 -368.2950972120123 317.7646707930766
 -325.2790696857643 354.9873460297069 -90.51417018330801 -282.7036551905843 344.9241630361785
 -325.2790696857643 354.9873460297069 -90.51417018330801 -282.7036551905843 344.9241630361785
 -262.2391878116189 364.7892043334969 -50.8652050452802 -368.2950972120123 317.7646707930766
 -262.2391878116189 364.7892043334969 -50.8652050452802 -368.2950972120123 317.7646707930766
 -325.2790696857643 354.9873460297069 -90.51417018330801 -282.7036551905843 344.9241630361785
 -56.36150072979922 420.1001891817027 -237.9136471882094 -378.2877501896671 457.7659829853923
 -349.7869779268931 361.1592636857641 -111.7316607950401 -279.1394690386646 365.6834895152674
 -657.6598488204885 410.9147620561847 -17.89248658615136 -273.916244683484 -206.4347500125569
 -262.2391878116189 364.7892043334969 -50.8652050452802 -368.2950972120123 317.7646707930766
 -325.2790696857643 354.9873460297069 -90.51417018330801 -282.7036551905843 344.9241630361785
 -316.1130375194663 345.473644533309 -99.11738448669817 -285.0583860034878 355.4623733693939
 -262.2391878116189 364.7892043334969 -50.8652050452802 -368.2950972120123 317.7646707930766
 -325.2790696857643 354.9873460297069 -90.51417018330801 -282.7036551905843 344.9241630361785
 -325.2790696857643 354.9873460297069 -90.51417018330801 -282.7036551905843 344.9241630361785
 -657.6598488204885 410.9147620561847 -17.89248658615136 -273.916244683484 -206.4347500125569
 -313.3186658683017 358.5209302342427 -136.7966914408427 -285.1022925184703 350.3255893025319
 -325.2790696857643 354.9873460297069 -90.51417018330801 -282.7036551905843 344.9241630361785
 -316.1130375194663 345.473644533309 -99.11738448669817 -285.0583860034878 355.4623733693939
 -325.2790696857643 354.9873460297069 -90.51417018330801 -282.7036551905843 344.9241630361785
 -316.1130375194663 345.473644533309 -99.11738448669817 -285.0583860034878 355.4623733693939
 -328.3927772567096 345.7971048994675 -94.85141990081881 -282.8940202772787 377.0296161423442
 -308.248166276143 355.1184921509268 -25.45737554360247 -267.3545197108539 298.7619822587326
 -323.5698444552954 352.3182868554362 -85.26285464646372 -273.1145728849651 344.1241452003229
 -327.7556867175459 351.4289818677468 -97.63330040871426 -284.0138791484578 343.9913707231544
 -321.7490553717333 348.226907827102 -93.75970287901062 -274.4620006372741 340.183591980415
