# Created by Octave 4.2.1, Mon Oct 09 17:06:02 2017 BRT <root@mosqueiro>
# name: pop
# type: matrix
# rows: 100
# columns: 5
 507.9980378648723 -234.5518733853262 23.00769414486535 -151.3101475769449 -143.9365783234563
 507.9980378648723 -234.5518733853262 23.00769414486535 -151.3101475769449 -143.9365783234563
 507.9980378648723 -234.5518733853262 23.00769414486535 -151.3101475769449 -143.9365783234563
 560.5881087202872 -215.4828132724439 -19.72543151784976 -129.2700558841981 -194.4030114807059
 560.5881087202872 -215.4828132724439 -19.72543151784976 -129.2700558841981 -194.4030114807059
 507.9980378648723 -234.5518733853262 23.00769414486535 -151.3101475769449 -143.9365783234563
 560.5881087202872 -215.4828132724439 -19.72543151784976 -129.2700558841981 -194.4030114807059
 631.6034538229754 -130.30903473422 -26.56260928987909 -183.6320903951713 -101.6878838916658
 560.5881087202872 -215.4828132724439 -19.72543151784976 -129.2700558841981 -194.4030114807059
 560.5881087202872 -215.4828132724439 -19.72543151784976 -129.2700558841981 -194.4030114807059
 560.5881087202872 -215.4828132724439 -19.72543151784976 -129.2700558841981 -194.4030114807059
 527.0638888231174 -213.4446969372616 46.64741194720298 -129.1809705307982 -135.5592806335272
 560.5881087202872 -215.4828132724439 -19.72543151784976 -129.2700558841981 -194.4030114807059
 566.7755878793954 -229.6883476988095 -17.57511587647432 -144.0676370327076 -187.0499402474234
 560.5881087202872 -215.4828132724439 -19.72543151784976 -129.2700558841981 -194.4030114807059
 560.5881087202872 -215.4828132724439 -19.72543151784976 -129.2700558841981 -194.4030114807059
 560.5881087202872 -215.4828132724439 -19.72543151784976 -129.2700558841981 -194.4030114807059
 507.9980378648723 -234.5518733853262 23.00769414486535 -151.3101475769449 -143.9365783234563
 577.1172960127636 -286.7288936943866 -22.9958620699113 -33.34197420000451 -224.5532679628707
 572.6628186767747 -128.2522150831164 -63.6898442799677 -183.2826586828298 -137.3267129947008
 560.5881087202872 -215.4828132724439 -19.72543151784976 -129.2700558841981 -194.4030114807059
 560.5881087202872 -215.4828132724439 -19.72543151784976 -129.2700558841981 -194.4030114807059
 560.5881087202872 -215.4828132724439 -19.72543151784976 -129.2700558841981 -194.4030114807059
 605.1674509981495 -240.4915086085535 -104.2016565301474 -175.5907181929107 -370.3770136736339
 507.9980378648723 -234.5518733853262 23.00769414486535 -151.3101475769449 -143.9365783234563
 560.5881087202872 -215.4828132724439 -19.72543151784976 -129.2700558841981 -194.4030114807059
 507.9980378648723 -234.5518733853262 23.00769414486535 -151.3101475769449 -143.9365783234563
 560.5881087202872 -215.4828132724439 -19.72543151784976 -129.2700558841981 -194.4030114807059
 577.1172960127636 -286.7288936943866 -22.9958620699113 -33.34197420000451 -224.5532679628707
 577.4456745383794 -187.080859845631 -45.67610412606501 -87.06331383671682 -197.4597030231346
 507.9980378648723 -234.5518733853262 23.00769414486535 -151.3101475769449 -143.9365783234563
 560.5881087202872 -215.4828132724439 -19.72543151784976 -129.2700558841981 -194.4030114807059
 560.5881087202872 -215.4828132724439 -19.72543151784976 -129.2700558841981 -194.4030114807059
 560.5881087202872 -215.4828132724439 -19.72543151784976 -129.2700558841981 -194.4030114807059
 560.5881087202872 -215.4828132724439 -19.72543151784976 -129.2700558841981 -194.4030114807059
 507.9980378648723 -234.5518733853262 23.00769414486535 -151.3101475769449 -143.9365783234563
 507.9980378648723 -234.5518733853262 23.00769414486535 -151.3101475769449 -143.9365783234563
 507.9980378648723 -234.5518733853262 23.00769414486535 -151.3101475769449 -143.9365783234563
 560.5881087202872 -215.4828132724439 -19.72543151784976 -129.2700558841981 -194.4030114807059
 560.5881087202872 -215.4828132724439 -19.72543151784976 -129.2700558841981 -194.4030114807059
 577.1172960127636 -286.7288936943866 -22.9958620699113 -33.34197420000451 -224.5532679628707
 586.3565584994601 -252.0337930757536 20.87066454077769 -82.84917463807332 -197.7710909414174
 560.5881087202872 -215.4828132724439 -19.72543151784976 -129.2700558841981 -194.4030114807059
 571.2449349865097 -241.711025645298 26.17493210795954 -75.43415594448373 -194.006871926999
 560.5881087202872 -215.4828132724439 -19.72543151784976 -129.2700558841981 -194.4030114807059
 560.5881087202872 -215.4828132724439 -19.72543151784976 -129.2700558841981 -194.4030114807059
 560.5881087202872 -215.4828132724439 -19.72543151784976 -129.2700558841981 -194.4030114807059
 507.9980378648723 -234.5518733853262 23.00769414486535 -151.3101475769449 -143.9365783234563
 560.5881087202872 -215.4828132724439 -19.72543151784976 -129.2700558841981 -194.4030114807059
 560.5881087202872 -215.4828132724439 -19.72543151784976 -129.2700558841981 -194.4030114807059
 507.9980378648723 -234.5518733853262 23.00769414486535 -151.3101475769449 -143.9365783234563
 507.9980378648723 -234.5518733853262 23.00769414486535 -151.3101475769449 -143.9365783234563
 527.0638888231174 -213.4446969372616 46.64741194720298 -129.1809705307982 -135.5592806335272
 560.5881087202872 -215.4828132724439 -19.72543151784976 -129.2700558841981 -194.4030114807059
 560.5881087202872 -215.4828132724439 -19.72543151784976 -129.2700558841981 -194.4030114807059
 560.5881087202872 -215.4828132724439 -19.72543151784976 -129.2700558841981 -194.4030114807059
 507.9980378648723 -234.5518733853262 23.00769414486535 -151.3101475769449 -143.9365783234563
 507.9980378648723 -234.5518733853262 23.00769414486535 -151.3101475769449 -143.9365783234563
 560.5881087202872 -215.4828132724439 -19.72543151784976 -129.2700558841981 -194.4030114807059
 538.8165463740172 -206.0243824792354 -50.21996952942652 -110.5551377507573 -224.7369320889057
 507.9980378648723 -234.5518733853262 23.00769414486535 -151.3101475769449 -143.9365783234563
 560.5881087202872 -215.4828132724439 -19.72543151784976 -129.2700558841981 -194.4030114807059
 560.5881087202872 -215.4828132724439 -19.72543151784976 -129.2700558841981 -194.4030114807059
 560.5881087202872 -215.4828132724439 -19.72543151784976 -129.2700558841981 -194.4030114807059
 590.5690298397525 -195.3392167410176 -5.872084494150304 -135.2325125316798 -202.4888975208491
 560.5881087202872 -215.4828132724439 -19.72543151784976 -129.2700558841981 -194.4030114807059
 560.5881087202872 -215.4828132724439 -19.72543151784976 -129.2700558841981 -194.4030114807059
 560.5881087202872 -215.4828132724439 -19.72543151784976 -129.2700558841981 -194.4030114807059
 507.9980378648723 -234.5518733853262 23.00769414486535 -151.3101475769449 -143.9365783234563
 571.2449349865097 -241.711025645298 26.17493210795954 -75.43415594448373 -194.006871926999
 501.0215466547995 -215.8366510658993 -70.63460035205142 -134.0602372023685 -184.1451953152386
 507.9980378648723 -234.5518733853262 23.00769414486535 -151.3101475769449 -143.9365783234563
 560.5881087202872 -215.4828132724439 -19.72543151784976 -129.2700558841981 -194.4030114807059
 560.5881087202872 -215.4828132724439 -19.72543151784976 -129.2700558841981 -194.4030114807059
 560.5881087202872 -215.4828132724439 -19.72543151784976 -129.2700558841981 -194.4030114807059
 481.094632138764 -207.8629546174346 38.4313795160797 -158.5765091860476 -131.0563053856654
 451.2212255521932 -134.7643963186399 -26.822258412003 -46.90578808543009 -179.4895764055695
 560.5881087202872 -215.4828132724439 -19.72543151784976 -129.2700558841981 -194.4030114807059
 451.2212255521932 -134.7643963186399 -26.822258412003 -46.90578808543009 -179.4895764055695
 560.5881087202872 -215.4828132724439 -19.72543151784976 -129.2700558841981 -194.4030114807059
 554.7116908120495 -211.3624164331534 -36.74914606227359 -105.9473419009865 -208.6215703776301
 559.6593904462957 -213.3029087535191 -41.10407917849282 -124.3677194998442 -208.6274380720676
 513.9147382827316 -212.5205133626869 10.79291238064642 -149.5859889527913 -148.1856031251728
