# Created by Octave 4.2.1, Mon Oct 09 17:08:10 2017 BRT <root@mosqueiro>
# name: pop
# type: matrix
# rows: 100
# columns: 5
 -325.5135440085846 354.8521097273314 -91.81993765100161 -283.841883403808 345.3604068176763
 -321.4823466092553 346.5364506505706 -85.6948194135429 -283.6177910964803 343.3627847763279
 -322.2694115959923 352.3631887538773 -95.34365037958489 -293.7156183093817 356.7333078029702
 -321.4823466092553 346.5364506505706 -85.6948194135429 -283.6177910964803 343.3627847763279
 -94.67958441300472 398.3685909779458 -212.8185800850924 -308.9446404705926 458.2126301713324
 -321.4823466092553 346.5364506505706 -85.6948194135429 -283.6177910964803 343.3627847763279
 -259.3471244429556 365.5424366744872 -49.54323635040406 -370.4277813341673 315.3365891403704
 -325.5135440085846 354.8521097273314 -91.81993765100161 -283.841883403808 345.3604068176763
 -320.1569212454394 346.7613349234763 -85.2802601653808 -284.2510930198975 343.3431919042926
 -321.4823466092553 346.5364506505706 -85.6948194135429 -283.6177910964803 343.3627847763279
 -264.0820630962835 364.5870192678217 -46.65091594658078 -368.8805266014903 314.5867737243634
 -316.0334882701042 344.8037977579107 -96.37573138330136 -284.9444559916985 354.9287354850479
 -316.1130375194663 345.473644533309 -99.11738448669817 -285.0583860034878 355.4623733693939
 -262.2391878116189 364.7892043334969 -50.8652050452802 -368.2950972120123 317.7646707930766
 -264.0820630962835 364.5870192678217 -46.65091594658078 -368.8805266014903 314.5867737243634
 -316.1130375194663 345.473644533309 -99.11738448669817 -285.0583860034878 355.4623733693939
 -264.0820630962835 364.5870192678217 -46.65091594658078 -368.8805266014903 314.5867737243634
 -264.0820630962835 364.5870192678217 -46.65091594658078 -368.8805266014903 314.5867737243634
 -316.1130375194663 345.473644533309 -99.11738448669817 -285.0583860034878 355.4623733693939
 -321.4823466092553 346.5364506505706 -85.6948194135429 -283.6177910964803 343.3627847763279
 -264.0820630962835 364.5870192678217 -46.65091594658078 -368.8805266014903 314.5867737243634
 -264.0820630962835 364.5870192678217 -46.65091594658078 -368.8805266014903 314.5867737243634
 -324.8758292193883 355.5819262719659 -90.95738737921754 -283.3277020076304 347.5486221079842
 -335.8139212247039 336.9810950845077 -100.9832861553781 -287.3997592382697 364.8247406028285
 -264.0820630962835 364.5870192678217 -46.65091594658078 -368.8805266014903 314.5867737243634
 -263.764501654625 363.1367178521692 -47.38457345368877 -368.6362298771296 313.5692499575081
 -321.4823466092553 346.5364506505706 -85.6948194135429 -283.6177910964803 343.3627847763279
 -321.4823466092553 346.5364506505706 -85.6948194135429 -283.6177910964803 343.3627847763279
 -325.5135440085846 354.8521097273314 -91.81993765100161 -283.841883403808 345.3604068176763
 -316.1130375194663 345.473644533309 -99.11738448669817 -285.0583860034878 355.4623733693939
 -321.4823466092553 346.5364506505706 -85.6948194135429 -283.6177910964803 343.3627847763279
 -264.0820630962835 364.5870192678217 -46.65091594658078 -368.8805266014903 314.5867737243634
 -321.4823466092553 346.5364506505706 -85.6948194135429 -283.6177910964803 343.3627847763279
 -325.5135440085846 354.8521097273314 -91.81993765100161 -283.841883403808 345.3604068176763
 -325.5135440085846 354.8521097273314 -91.81993765100161 -283.841883403808 345.3604068176763
 -264.0820630962835 364.5870192678217 -46.65091594658078 -368.8805266014903 314.5867737243634
 -321.4823466092553 346.5364506505706 -85.6948194135429 -283.6177910964803 343.3627847763279
 -321.4823466092553 346.5364506505706 -85.6948194135429 -283.6177910964803 343.3627847763279
 -321.4823466092553 346.5364506505706 -85.6948194135429 -283.6177910964803 343.3627847763279
 -321.4823466092553 346.5364506505706 -85.6948194135429 -283.6177910964803 343.3627847763279
 -321.4823466092553 346.5364506505706 -85.6948194135429 -283.6177910964803 343.3627847763279
 -94.67958441300472 398.3685909779458 -212.8185800850924 -308.9446404705926 458.2126301713324
 -316.1130375194663 345.473644533309 -99.11738448669817 -285.0583860034878 355.4623733693939
 -321.4823466092553 346.5364506505706 -85.6948194135429 -283.6177910964803 343.3627847763279
 -262.2391878116189 364.7892043334969 -50.8652050452802 -368.2950972120123 317.7646707930766
 -325.5135440085846 354.8521097273314 -91.81993765100161 -283.841883403808 345.3604068176763
 -262.2391878116189 364.7892043334969 -50.8652050452802 -368.2950972120123 317.7646707930766
 -323.4347299566373 352.5179900794791 -102.5655429097624 -284.1496623492773 355.5963285068408
 -314.3415423931393 346.8355871233189 -98.92981770937993 -285.1647853885632 355.0326918779872
 -356.1014062879079 202.5357417596051 -309.625112486811 -132.574037387676 257.3912598913062
 -321.4823466092553 346.5364506505706 -85.6948194135429 -283.6177910964803 343.3627847763279
 -262.2391878116189 364.7892043334969 -50.8652050452802 -368.2950972120123 317.7646707930766
 -321.4823466092553 346.5364506505706 -85.6948194135429 -283.6177910964803 343.3627847763279
 -321.4823466092553 346.5364506505706 -85.6948194135429 -283.6177910964803 343.3627847763279
 -321.4823466092553 346.5364506505706 -85.6948194135429 -283.6177910964803 343.3627847763279
 -316.1130375194663 345.473644533309 -99.11738448669817 -285.0583860034878 355.4623733693939
 -262.7272634276438 364.4455130978242 -49.85438350336189 -369.8414477992287 317.4626709568807
 -316.1130375194663 345.473644533309 -99.11738448669817 -285.0583860034878 355.4623733693939
 -262.7272634276438 364.4455130978242 -49.85438350336189 -369.8414477992287 317.4626709568807
 -321.4823466092553 346.5364506505706 -85.6948194135429 -283.6177910964803 343.3627847763279
 -356.1014062879079 202.5357417596051 -309.625112486811 -132.574037387676 257.3912598913062
 -315.7534172233873 344.4105078716177 -97.24021048949895 -284.7869856098234 355.6465494905394
 -321.4823466092553 346.5364506505706 -85.6948194135429 -283.6177910964803 343.3627847763279
 -329.725480256013 352.8027898226292 -89.78176245879443 -280.0143111084408 345.0779385023151
 -321.4823466092553 346.5364506505706 -85.6948194135429 -283.6177910964803 343.3627847763279
 -259.3471244429556 365.5424366744872 -49.54323635040406 -370.4277813341673 315.3365891403704
 -321.4823466092553 346.5364506505706 -85.6948194135429 -283.6177910964803 343.3627847763279
 -262.696924118327 372.1172569255284 -46.41603542483688 -362.1598589997697 317.3931243466691
 -262.7272634276438 364.4455130978242 -49.85438350336189 -369.8414477992287 317.4626709568807
 -329.725480256013 352.8027898226292 -89.78176245879443 -280.0143111084408 345.0779385023151
 -261.3163122201844 366.4922508384854 -50.18351220144387 -368.1332469103129 320.7999187841742
 -321.4823466092553 346.5364506505706 -85.6948194135429 -283.6177910964803 343.3627847763279
 -264.0820630962835 364.5870192678217 -46.65091594658078 -368.8805266014903 314.5867737243634
 -321.4823466092553 346.5364506505706 -85.6948194135429 -283.6177910964803 343.3627847763279
 -321.4823466092553 346.5364506505706 -85.6948194135429 -283.6177910964803 343.3627847763279
 -324.8758292193883 355.5819262719659 -90.95738737921754 -283.3277020076304 347.5486221079842
 -325.5135440085846 354.8521097273314 -91.81993765100161 -283.841883403808 345.3604068176763
 -316.1130375194663 345.473644533309 -99.11738448669817 -285.0583860034878 355.4623733693939
 -321.4823466092553 346.5364506505706 -85.6948194135429 -283.6177910964803 343.3627847763279
 -316.6328258802245 345.2531959670995 -100.3727531140923 -285.3349091409536 354.7325525831357
 -321.3254527846736 346.0528550339287 -85.33956704558435 -283.5989839713308 342.8859517450615
 -321.6747817012056 346.152291010366 -85.64239415055654 -283.9272828181545 343.3342255450928
 -321.6296872351774 346.8957078284018 -85.69161750969209 -284.0729598631383 343.3087264479682
 -321.8627987152743 346.3937363910073 -86.04352992979619 -283.518230772934 342.9746462477953
