# Created by Octave 4.2.1, Mon Oct 09 17:05:52 2017 BRT <root@mosqueiro>
# name: pop
# type: matrix
# rows: 100
# columns: 5
 560.5881087202872 -215.4828132724439 -19.72543151784976 -129.2700558841981 -194.4030114807059
 560.5881087202872 -215.4828132724439 -19.72543151784976 -129.2700558841981 -194.4030114807059
 2637.471391292557 292.7907895973038 3169.382392567317 938.961992027384 -0.5922462223600178
 671.2031408035537 -2117.998754165074 2122.425155677837 1501.542262489399 -760.6086843477779
 560.5881087202872 -215.4828132724439 -19.72543151784976 -129.2700558841981 -194.4030114807059
 560.5881087202872 -215.4828132724439 -19.72543151784976 -129.2700558841981 -194.4030114807059
 3499.181583978301 -599.6233212727604 184.6466244916091 -1750.620541502737 -1416.640969343355
 -925.9627821041951 -33.04835317575089 -89.9178239514921 923.1718237354667 175.6436132977217
 -3020.8588357861 3099.913861411796 -2998.958642375379 409.2163696412536 -1351.973530047339
 1476.790234054557 1608.846344649412 -1116.02461562509 -3367.653648422752 1113.199244245092
 560.5881087202872 -215.4828132724439 -19.72543151784976 -129.2700558841981 -194.4030114807059
 560.5881087202872 -215.4828132724439 -19.72543151784976 -129.2700558841981 -194.4030114807059
 560.5881087202872 -215.4828132724439 -19.72543151784976 -129.2700558841981 -194.4030114807059
 54.4271052320251 867.40501478006 -1519.492623299118 -1370.906261733908 462.9203084868157
 560.5881087202872 -215.4828132724439 -19.72543151784976 -129.2700558841981 -194.4030114807059
 560.5881087202872 -215.4828132724439 -19.72543151784976 -129.2700558841981 -194.4030114807059
 50.52708775838539 1814.92086023181 -519.8092193939999 2203.59053562928 3006.908820351202
 560.5881087202872 -215.4828132724439 -19.72543151784976 -129.2700558841981 -194.4030114807059
 1996.346993874229 2202.633149350283 956.8906419621525 318.4338434691639 -882.5315242062899
 560.5881087202872 -215.4828132724439 -19.72543151784976 -129.2700558841981 -194.4030114807059
 -3578.612739336501 -2124.617014027814 231.5566473808747 -1383.90322549522 -2603.320896500443
 560.5881087202872 -215.4828132724439 -19.72543151784976 -129.2700558841981 -194.4030114807059
 560.5881087202872 -215.4828132724439 -19.72543151784976 -129.2700558841981 -194.4030114807059
 -925.9627821041951 -33.04835317575089 -89.9178239514921 923.1718237354667 175.6436132977217
 560.5881087202872 -215.4828132724439 -19.72543151784976 -129.2700558841981 -194.4030114807059
 93.53911652806437 -880.1239820818964 -118.7260884435102 -992.0959311033257 1600.679508685032
 560.5881087202872 -215.4828132724439 -19.72543151784976 -129.2700558841981 -194.4030114807059
 560.5881087202872 -215.4828132724439 -19.72543151784976 -129.2700558841981 -194.4030114807059
 560.5881087202872 -215.4828132724439 -19.72543151784976 -129.2700558841981 -194.4030114807059
 -1511.002987537835 -1342.585910785321 -1252.37282863501 4195.797976931262 -948.0834885596148
 560.5881087202872 -215.4828132724439 -19.72543151784976 -129.2700558841981 -194.4030114807059
 560.5881087202872 -215.4828132724439 -19.72543151784976 -129.2700558841981 -194.4030114807059
 560.5881087202872 -215.4828132724439 -19.72543151784976 -129.2700558841981 -194.4030114807059
 -1320.468532027507 -1397.22186468117 617.0120850038097 -2096.716005818119 618.7095179351747
 1476.790234054557 1608.846344649412 -1116.02461562509 -3367.653648422752 1113.199244245092
 560.5881087202872 -215.4828132724439 -19.72543151784976 -129.2700558841981 -194.4030114807059
 560.5881087202872 -215.4828132724439 -19.72543151784976 -129.2700558841981 -194.4030114807059
 560.5881087202872 -215.4828132724439 -19.72543151784976 -129.2700558841981 -194.4030114807059
 560.5881087202872 -215.4828132724439 -19.72543151784976 -129.2700558841981 -194.4030114807059
 -4075.178849694302 -1260.055709029795 2310.071259253476 1966.33836325479 -890.4699618060278
 560.5881087202872 -215.4828132724439 -19.72543151784976 -129.2700558841981 -194.4030114807059
 -4075.178849694302 -1260.055709029795 2310.071259253476 1966.33836325479 -890.4699618060278
 -1511.002987537835 -1342.585910785321 -1252.37282863501 4195.797976931262 -948.0834885596148
 560.5881087202872 -215.4828132724439 -19.72543151784976 -129.2700558841981 -194.4030114807059
 560.5881087202872 -215.4828132724439 -19.72543151784976 -129.2700558841981 -194.4030114807059
 560.5881087202872 -215.4828132724439 -19.72543151784976 -129.2700558841981 -194.4030114807059
 -1511.002987537835 -1342.585910785321 -1252.37282863501 4195.797976931262 -948.0834885596148
 560.5881087202872 -215.4828132724439 -19.72543151784976 -129.2700558841981 -194.4030114807059
 560.5881087202872 -215.4828132724439 -19.72543151784976 -129.2700558841981 -194.4030114807059
 924.9096901655239 -2269.557017441046 265.3999607478275 -2189.122274719075 -213.5188833435241
 560.5881087202872 -215.4828132724439 -19.72543151784976 -129.2700558841981 -194.4030114807059
 560.5881087202872 -215.4828132724439 -19.72543151784976 -129.2700558841981 -194.4030114807059
 560.5881087202872 -215.4828132724439 -19.72543151784976 -129.2700558841981 -194.4030114807059
 560.5881087202872 -215.4828132724439 -19.72543151784976 -129.2700558841981 -194.4030114807059
 560.5881087202872 -215.4828132724439 -19.72543151784976 -129.2700558841981 -194.4030114807059
 560.5881087202872 -215.4828132724439 -19.72543151784976 -129.2700558841981 -194.4030114807059
 560.5881087202872 -215.4828132724439 -19.72543151784976 -129.2700558841981 -194.4030114807059
 1996.346993874229 2202.633149350283 956.8906419621525 318.4338434691639 -882.5315242062899
 560.5881087202872 -215.4828132724439 -19.72543151784976 -129.2700558841981 -194.4030114807059
 560.5881087202872 -215.4828132724439 -19.72543151784976 -129.2700558841981 -194.4030114807059
 897.7483240514135 -3000.670897295377 -2017.115825215616 2449.286230779898 2676.40526421175
 560.5881087202872 -215.4828132724439 -19.72543151784976 -129.2700558841981 -194.4030114807059
 560.5881087202872 -215.4828132724439 -19.72543151784976 -129.2700558841981 -194.4030114807059
 560.5881087202872 -215.4828132724439 -19.72543151784976 -129.2700558841981 -194.4030114807059
 560.5881087202872 -215.4828132724439 -19.72543151784976 -129.2700558841981 -194.4030114807059
 1476.790234054557 1608.846344649412 -1116.02461562509 -3367.653648422752 1113.199244245092
 579.9105498711031 -298.4841783193527 201.8883407208616 -98.36753372050975 -644.5059556376077
 560.5881087202872 -215.4828132724439 -19.72543151784976 -129.2700558841981 -194.4030114807059
 560.5881087202872 -215.4828132724439 -19.72543151784976 -129.2700558841981 -194.4030114807059
 2637.471391292557 292.7907895973038 3169.382392567317 938.961992027384 -0.5922462223600178
 560.5881087202872 -215.4828132724439 -19.72543151784976 -129.2700558841981 -194.4030114807059
 560.5881087202872 -215.4828132724439 -19.72543151784976 -129.2700558841981 -194.4030114807059
 560.5881087202872 -215.4828132724439 -19.72543151784976 -129.2700558841981 -194.4030114807059
 560.5881087202872 -215.4828132724439 -19.72543151784976 -129.2700558841981 -194.4030114807059
 -897.837401832121 1402.71336446223 -579.4120024348889 -932.2285351860131 -1350.553473563825
 560.5881087202872 -215.4828132724439 -19.72543151784976 -129.2700558841981 -194.4030114807059
 560.5881087202872 -215.4828132724439 -19.72543151784976 -129.2700558841981 -194.4030114807059
 560.5881087202872 -215.4828132724439 -19.72543151784976 -129.2700558841981 -194.4030114807059
 560.5881087202872 -215.4828132724439 -19.72543151784976 -129.2700558841981 -194.4030114807059
 560.5881087202872 -215.4828132724439 -19.72543151784976 -129.2700558841981 -194.4030114807059
 2991.305212879209 -2495.049127557515 -3291.116467931845 417.7524152040731 1510.279378053428
 1097.848596526353 890.4364521912047 6.707203194978025 -262.1401106653558 490.3260528862911
 258.5947018928865 -299.2567886843638 -1516.698827649977 893.8053142704937 -362.9428381715036
