# Created by Octave 4.2.1, Mon Oct 09 17:07:49 2017 BRT <root@mosqueiro>
# name: pop
# type: matrix
# rows: 100
# columns: 5
 -325.2790696857643 354.9873460297069 -90.51417018330801 -282.7036551905843 344.9241630361785
 -117.6755877861196 -757.2770077829624 830.9275024129468 -528.2619027785922 605.5519445185878
 -325.2790696857643 354.9873460297069 -90.51417018330801 -282.7036551905843 344.9241630361785
 -331.3687308986125 -955.4338132658258 686.3263627859735 -904.091163485942 517.4601005326826
 -502.1670895878717 -799.5347853801575 -105.3011698297969 849.8082038237587 -646.5174635351111
 409.6933139847422 -241.6298875098558 -536.343853118319 -454.3718167887005 332.4913729122363
 -502.1670895878717 -799.5347853801575 -105.3011698297969 849.8082038237587 -646.5174635351111
 14.20192017756801 148.9487963170986 -64.42778669409483 -43.74022192601535 754.0152240064463
 -117.6755877861196 -757.2770077829624 830.9275024129468 -528.2619027785922 605.5519445185878
 108.6844076100042 -961.9379437013504 -548.3769665859131 367.8997771491752 -532.0895485928468
 579.6703104663459 -979.4678268137839 482.964807784922 493.5802935918221 -327.7891676685562
 721.282081292806 263.4210877995051 580.7635814512751 979.2067258857908 634.4913144635286
 -77.40224476227343 -582.2679124538417 756.7113175767136 693.3832114853433 -31.48025708314754
 574.7051407016077 865.9890701225049 -115.8854228560728 279.1753871856067 473.2669972248611
 -90.37311331258832 83.93882791094006 -947.6576332809644 924.9837186594248 370.2363859255681
 630.1155741904538 -643.3261025114699 578.140228401254 -578.6862602785948 -743.1947239288331
 286.6882789261315 -250.6687106384867 897.3599181353165 -670.4069794855604 -715.8347528401944
 295.0279106455941 524.0620568495253 -111.2780542403609 -495.7408111009588 598.284079956306
 -73.47259491302941 -200.2175307202433 -235.2199389269215 854.4444431260017 -89.22772539626021
 978.0715810897743 -865.8417250487857 456.0571111427741 -889.0006017960311 101.7645577429764
 -858.496575181671 378.1384512011293 124.7259110441696 771.930361876616 -23.48005046413982
 164.7283862191007 915.778923236529 -270.7209713792556 -326.7559070813081 -533.3018872106816
 630.1155741904538 -643.3261025114699 578.140228401254 -578.6862602785948 -743.1947239288331
 -782.2104125609653 387.304195444347 -444.0159051312183 -699.0634441552107 263.8785002345558
 -99.79175482459095 143.2266514553423 -637.7259505236589 -798.7469464059593 -320.0073318346591
 -750.4972119620287 641.5237136481767 247.5554914457161 215.3637101351756 -204.1754529696286
 -558.2525626388756 -882.4301724483312 -746.0002075956484 222.2905220253042 286.7923286404505
 -386.4695244343529 -744.7101045674203 -216.204978544107 833.3087863751496 738.0693783377249
 646.222964522683 100.9988247243398 -908.9353214760198 827.2325904796369 -621.6986437769258
 467.5947225759667 -637.3268422842943 966.1598332548367 -640.671141112774 230.5152754977012
 -73.47259491302941 -200.2175307202433 -235.2199389269215 854.4444431260017 -89.22772539626021
 810.7454599528824 492.8516816932804 509.0355720400494 -575.9914102613627 754.9105981581731
 -485.0929216339174 436.0236757022292 888.5008710474567 954.2843825398572 676.851626634631
 409.6933139847422 -241.6298875098558 -536.343853118319 -454.3718167887005 332.4913729122363
 -626.9054724924554 633.6574017094952 -476.9190027683262 505.9672048342941 40.37259432084829
 764.6646999878515 579.1742277023111 208.3551042250065 837.5569189441003 954.5610311619848
 964.7135810924171 -861.4813568939874 708.9923425463114 120.5912499548708 -714.8325634627622
 135.6167680603705 -668.8885108202866 602.5112592828179 789.5249737939478 -713.9519255326375
 571.925613774464 -553.4315501946039 716.5418432376885 -93.28857601636741 -781.4660506902153
 -991.0304471042991 -229.2915320837675 -101.4159527456918 944.070713644192 92.96787492874478
 -117.6755877861196 -757.2770077829624 830.9275024129468 -528.2619027785922 605.5519445185878
 135.6167680603705 -668.8885108202866 602.5112592828179 789.5249737939478 -713.9519255326375
 311.3588163297234 895.6478534026194 868.8390700390512 -39.6567018529513 369.896455911409
 -558.2525626388756 -882.4301724483312 -746.0002075956484 222.2905220253042 286.7923286404505
 579.6703104663459 -979.4678268137839 482.964807784922 493.5802935918221 -327.7891676685562
 434.8178090977806 -767.8985967922674 558.4780127386514 -203.3503389676054 982.4056905517016
 646.222964522683 100.9988247243398 -908.9353214760198 827.2325904796369 -621.6986437769258
 -858.496575181671 378.1384512011293 124.7259110441696 771.930361876616 -23.48005046413982
 -104.4255454614159 943.7654187738849 -583.7786937239805 -917.2465820169343 -163.1879949779035
 -891.0797008245701 638.4484198817759 7.570651220664104 97.90665750146422 -498.6167089837571
 -99.79175482459095 143.2266514553423 -637.7259505236589 -798.7469464059593 -320.0073318346591
 434.8178090977806 -767.8985967922674 558.4780127386514 -203.3503389676054 982.4056905517016
 -378.9344993311686 -415.2087828691507 -641.9932607292366 -579.7238966989439 573.9197071348042
 -773.4737234511832 790.086552707487 -467.8542939490716 -738.3189445240137 178.8337212079705
 -77.40224476227343 -582.2679124538417 756.7113175767136 693.3832114853433 -31.48025708314754
 601.9375035771734 223.6363122857294 -174.8701728044165 -18.32174139333779 -458.6905634020956
 978.0715810897743 -865.8417250487857 456.0571111427741 -889.0006017960311 101.7645577429764
 135.6167680603705 -668.8885108202866 602.5112592828179 789.5249737939478 -713.9519255326375
 -822.3848986614736 746.4658156923088 630.7874904592679 -207.5144673626198 -390.6991996621766
 -991.0304471042991 -229.2915320837675 -101.4159527456918 944.070713644192 92.96787492874478
 579.6703104663459 -979.4678268137839 482.964807784922 493.5802935918221 -327.7891676685562
 -822.3848986614736 746.4658156923088 630.7874904592679 -207.5144673626198 -390.6991996621766
 -761.1713575516895 -134.8358663353949 -936.6532414437933 762.3386189657792 -76.90634863852938
 -426.0763577328687 76.43290907526671 -152.4706173478327 379.9614250829266 -407.7981240687659
 135.6167680603705 -668.8885108202866 602.5112592828179 789.5249737939478 -713.9519255326375
 -822.3848986614736 746.4658156923088 630.7874904592679 -207.5144673626198 -390.6991996621766
 810.7454599528824 492.8516816932804 509.0355720400494 -575.9914102613627 754.9105981581731
 -533.2205941893756 -199.7597964308839 -532.4752635688201 916.1894458887848 65.55808121381642
 164.7283862191007 915.778923236529 -270.7209713792556 -326.7559070813081 -533.3018872106816
 -750.4972119620287 641.5237136481767 247.5554914457161 215.3637101351756 -204.1754529696286
 646.222964522683 100.9988247243398 -908.9353214760198 827.2325904796369 -621.6986437769258
 -117.6755877861196 -757.2770077829624 830.9275024129468 -528.2619027785922 605.5519445185878
 978.0715810897743 -865.8417250487857 456.0571111427741 -889.0006017960311 101.7645577429764
 -572.4309141091725 587.2524063829085 -540.9706423330732 65.0497702317225 272.4875466139522
 -750.4972119620287 641.5237136481767 247.5554914457161 215.3637101351756 -204.1754529696286
 -837.5013936868579 263.7317132848721 829.8257843120355 -611.7606024901045 -148.6740412109019
 978.0715810897743 -865.8417250487857 456.0571111427741 -889.0006017960311 101.7645577429764
 -626.9054724924554 633.6574017094952 -476.9190027683262 505.9672048342941 40.37259432084829
 -332.1005593052647 836.7538659045947 560.8047913215041 -383.9561181278474 126.5303901971367
 -325.2790696857643 354.9873460297069 -90.51417018330801 -282.7036551905843 344.9241630361785
 -947.5610013827834 6356.813440790787 2340.857518622591 -2823.433221625667 -2070.688374450926
 -2233.738049306112 -2755.256118018551 -414.8121300600433 4732.547532649402 2855.139261780815
 2310.047713311598 -1415.641628164238 4126.228468204529 2417.973525919821 905.704796267794
 470.2697610645822 2860.634215114967 -1105.459097323584 298.5222189303233 -1042.563760893261
