# Created by Octave 4.2.1, Mon Oct 09 17:07:12 2017 BRT <root@mosqueiro>
# name: pop
# type: matrix
# rows: 100
# columns: 5
 616.5016422910243 -127.7254919704214 -1144.048091353421 1501.212535950896 -846.9404783834671
 616.4325087608283 -127.5592873208203 -1144.226414636665 1501.508252443021 -847.1494761951802
 653.43998330929 -135.3285586676454 -1133.399336168102 1468.084813749788 -853.1902779436098
 616.4453231462111 -127.5983231737931 -1144.216459435836 1501.581745658733 -847.2055908615863
 616.4269395611384 -127.5616327736031 -1144.19555745521 1501.520121276202 -847.1715404226652
 609.0037691769796 -125.3939901345127 -1146.199090921485 1508.857542260515 -847.2947099717795
 616.5318123154852 -127.6789164138961 -1143.92330117208 1501.241272515297 -846.8385820073578
 616.5171606673705 -127.731908715214 -1144.034801086193 1501.190874893674 -846.9266912801888
 616.4269395611384 -127.5616327736031 -1144.19555745521 1501.520121276202 -847.1715404226652
 609.0093191630074 -125.3929092041611 -1146.201375013393 1508.860847269392 -847.3063053997424
 616.4453231462111 -127.5983231737931 -1144.216459435836 1501.581745658733 -847.2055908615863
 609.0093191630074 -125.3929092041611 -1146.201375013393 1508.860847269392 -847.3063053997424
 616.4269395611384 -127.5616327736031 -1144.19555745521 1501.520121276202 -847.1715404226652
 616.5657371603257 -127.803900456167 -1144.024540909789 1501.215562121613 -846.9810517252988
 616.4325087608283 -127.5592873208203 -1144.226414636665 1501.508252443021 -847.1494761951802
 616.5016422910243 -127.7254919704214 -1144.048091353421 1501.212535950896 -846.9404783834671
 616.4269395611384 -127.5616327736031 -1144.19555745521 1501.520121276202 -847.1715404226652
 616.5171606673705 -127.731908715214 -1144.034801086193 1501.190874893674 -846.9266912801888
 616.5493847285447 -127.8679802044701 -1143.869995308935 1501.297265834627 -846.9994898150463
 616.5016422910243 -127.7254919704214 -1144.048091353421 1501.212535950896 -846.9404783834671
 616.5493847285447 -127.8679802044701 -1143.869995308935 1501.297265834627 -846.9994898150463
 616.5493847285447 -127.8679802044701 -1143.869995308935 1501.297265834627 -846.9994898150463
 609.0037691769796 -125.3939901345127 -1146.199090921485 1508.857542260515 -847.2947099717795
 616.5063201651344 -127.8450400578624 -1143.755207807824 1501.30292901802 -847.0774419753267
 616.4453231462111 -127.5983231737931 -1144.216459435836 1501.581745658733 -847.2055908615863
 616.5267848854575 -127.6873889411161 -1143.92659235258 1501.268234515582 -846.8456385038471
 616.5657371603257 -127.803900456167 -1144.024540909789 1501.215562121613 -846.9810517252988
 616.5528770821739 -127.8656090258843 -1143.889896331838 1501.310135191968 -847.0292732567179
 649.4216737342748 -129.1184960438724 -1121.785685343782 1458.874209530879 -856.3153210207746
 616.1057689986573 -128.187948367785 -1145.246938284979 1502.487169910211 -845.9871458174421
 609.002191687587 -125.3943942276277 -1146.190060272736 1508.957896103322 -847.2654283821225
 616.5016422910243 -127.7254919704214 -1144.048091353421 1501.212535950896 -846.9404783834671
 616.5493847285447 -127.8679802044701 -1143.869995308935 1501.297265834627 -846.9994898150463
 616.5384137759813 -127.8560502898485 -1143.854751932032 1501.277824998812 -846.9841956493271
 616.4269395611384 -127.5616327736031 -1144.19555745521 1501.520121276202 -847.1715404226652
 616.4453231462111 -127.5983231737931 -1144.216459435836 1501.581745658733 -847.2055908615863
 656.5312387970351 -135.0390623450114 -1130.763682101326 1465.143599409864 -854.4858940716621
 616.4993796503824 -127.5999402098873 -1143.619442346097 1501.901671508467 -846.9953909761482
 616.4269395611384 -127.5616327736031 -1144.19555745521 1501.520121276202 -847.1715404226652
 616.4269395611384 -127.5616327736031 -1144.19555745521 1501.520121276202 -847.1715404226652
 616.4993796503824 -127.5999402098873 -1143.619442346097 1501.901671508467 -846.9953909761482
 616.5493847285447 -127.8679802044701 -1143.869995308935 1501.297265834627 -846.9994898150463
 616.5196687613983 -127.7375139759802 -1144.035999565446 1501.174158079064 -846.9107609496618
 616.4453231462111 -127.5983231737931 -1144.216459435836 1501.581745658733 -847.2055908615863
 616.5457757879968 -127.8649856687545 -1143.867289639942 1501.307938242169 -847.0106656210436
 616.4453231462111 -127.5983231737931 -1144.216459435836 1501.581745658733 -847.2055908615863
 616.5016422910243 -127.7254919704214 -1144.048091353421 1501.212535950896 -846.9404783834671
 616.4269395611384 -127.5616327736031 -1144.19555745521 1501.520121276202 -847.1715404226652
 649.3895807793307 -129.1204199897856 -1121.809678396384 1458.869205514263 -856.2653051571028
 616.5657371603257 -127.803900456167 -1144.024540909789 1501.215562121613 -846.9810517252988
 616.4453231462111 -127.5983231737931 -1144.216459435836 1501.581745658733 -847.2055908615863
 616.4325087608283 -127.5592873208203 -1144.226414636665 1501.508252443021 -847.1494761951802
 616.4453231462111 -127.5983231737931 -1144.216459435836 1501.581745658733 -847.2055908615863
 609.0037691769796 -125.3939901345127 -1146.199090921485 1508.857542260515 -847.2947099717795
 616.5815060169505 -127.792777686882 -1144.024010603874 1501.211274809886 -846.9577893498345
 616.5657371603257 -127.803900456167 -1144.024540909789 1501.215562121613 -846.9810517252988
 616.5063201651344 -127.8450400578624 -1143.755207807824 1501.30292901802 -847.0774419753267
 616.5657371603257 -127.803900456167 -1144.024540909789 1501.215562121613 -846.9810517252988
 616.5493847285447 -127.8679802044701 -1143.869995308935 1501.297265834627 -846.9994898150463
 616.4269395611384 -127.5616327736031 -1144.19555745521 1501.520121276202 -847.1715404226652
 616.4453231462111 -127.5983231737931 -1144.216459435836 1501.581745658733 -847.2055908615863
 616.4325087608283 -127.5592873208203 -1144.226414636665 1501.508252443021 -847.1494761951802
 653.43998330929 -135.3285586676454 -1133.399336168102 1468.084813749788 -853.1902779436098
 616.4453231462111 -127.5983231737931 -1144.216459435836 1501.581745658733 -847.2055908615863
 616.4453231462111 -127.5983231737931 -1144.216459435836 1501.581745658733 -847.2055908615863
 616.4269395611384 -127.5616327736031 -1144.19555745521 1501.520121276202 -847.1715404226652
 616.5230697460423 -127.7425505968336 -1144.020056732815 1501.216622306085 -846.9277442299851
 616.4473678792942 -127.5162330551492 -1144.195909710524 1501.567075460788 -847.219907558787
 609.0093191630074 -125.3929092041611 -1146.201375013393 1508.860847269392 -847.3063053997424
 616.5230697460423 -127.7425505968336 -1144.020056732815 1501.216622306085 -846.9277442299851
 609.0093191630074 -125.3929092041611 -1146.201375013393 1508.860847269392 -847.3063053997424
 616.5171606673705 -127.731908715214 -1144.034801086193 1501.190874893674 -846.9266912801888
 609.0093191630074 -125.3929092041611 -1146.201375013393 1508.860847269392 -847.3063053997424
 649.1976947554475 -128.2089970220334 -1123.789904255617 1458.662062301085 -856.2382548756565
 616.4269395611384 -127.5616327736031 -1144.19555745521 1501.520121276202 -847.1715404226652
 616.3862963086673 -127.5695310270672 -1144.16793039338 1501.552948726556 -847.1605152589809
 616.4269395611384 -127.5616327736031 -1144.19555745521 1501.520121276202 -847.1715404226652
 616.4453231462111 -127.5983231737931 -1144.216459435836 1501.581745658733 -847.2055908615863
 616.5267848854575 -127.6873889411161 -1143.92659235258 1501.268234515582 -846.8456385038471
 616.5493847285447 -127.8679802044701 -1143.869995308935 1501.297265834627 -846.9994898150463
 616.5647105327406 -127.797596029345 -1144.022406728529 1501.216708908268 -846.9808069176077
 616.5028042874712 -127.8408545076138 -1143.750803743459 1501.309198614742 -847.0843308171221
 616.4957253498442 -127.7308994032556 -1144.047202790596 1501.211179688705 -846.9425324262317
 616.4322139583483 -127.5581046075027 -1144.225436519406 1501.509260412196 -847.1462298419569
