# Created by Octave 4.2.1, Mon Oct 09 17:08:19 2017 BRT <root@mosqueiro>
# name: pop
# type: matrix
# rows: 100
# columns: 5
 -639.4046143483206 147.5841574668596 485.9951903094359 557.6025614670839 502.4690712061922
 -996.7600257053978 190.2545822803818 632.7287079524449 884.1193376769952 -270.7216619503105
 358.8679558719127 69.11299644191263 -270.219776335374 -492.5066242904163 -141.2766956188289
 -333.5870688755728 734.5287742822461 -429.9944491762296 -16.47201511999435 -338.5796655917662
 -65.15229623528853 -604.3980784836084 -341.5923144708757 964.2740638281014 936.79929813274
 -581.9860731485472 -732.3326285761552 941.356618823929 531.3892691606422 235.1433872123514
 -466.384746342502 340.5267037111037 -944.8358465330155 -786.3594958958111 107.4441791941535
 149.4769185762416 934.924102499021 981.9980784242609 -22.73941539106397 256.7220277432195
 677.3142851986051 -146.1883222256778 236.8294169003793 414.1935061979236 -233.4506295034114
 504.9613038430591 -565.0737884483995 310.3176631205176 16.96860297192165 611.6721485696346
 -860.167651649372 -253.6519229924855 92.01937915075086 859.4884449915971 -56.89296678567007
 -746.1144929267115 278.7015579171239 -739.9801492682146 -248.0869222298808 147.2149492091444
 675.1041564327895 -586.5635318525001 -644.1696745832662 902.0054186669777 407.3993152558094
 -497.6431769798738 -995.8512948570816 -278.6275212672701 -572.9603143994989 878.3128697768334
 -621.4100282399856 -353.3174112660213 598.3995411791229 -656.9382528176916 2.015614837189446
 -991.3010027234835 141.1925135440922 811.8428057015942 -86.92873278768991 163.8774108331193
 -989.2011232126081 787.8780810579149 -960.4954345124231 323.4454062648788 -537.5992265954533
 -684.3405665445368 962.6311357682825 79.03663243092365 -522.9499841176627 809.41254270233
 -263.5709944509804 977.0501684233293 760.2317502270987 664.2786109923381 -127.9072939692908
 -130.1971910545586 509.2862389336876 260.6782822525579 540.74024938149 458.9907968682924
 -167.3695806073662 728.9153766282561 -894.2304258795294 -439.0835183565579 -775.3239911973571
 -174.2015025055493 942.1342033930107 -438.4250400807833 874.7700106943564 -452.031535593339
 186.9418495845132 -491.3534250969361 144.1763874217495 -787.0416781384723 -146.2837807910581
 -598.9930772074007 -608.6769309839129 599.5209312002373 625.9478910063178 -174.7032057641424
 -242.5766753587266 -731.4459364102736 -585.0669204148724 686.7935743880389 832.1488799356418
 -931.2866406385269 775.0576443671509 -695.6284753645953 -660.7490710616619 160.1101805283492
 886.2126354518346 423.2691692434005 -654.493297181202 974.3598086078252 -471.1114310444588
 405.6438257593891 746.2352202610878 537.9336931962878 135.8972644659693 927.5134601344987
 -110.9989554153647 -173.3673121107661 -880.6420796332613 348.517514399688 -503.1852328835881
 -522.6131973755894 -261.3664214858009 405.4442825854419 212.6200702103822 -636.584672555754
 -67.21279824171222 35.53779587423787 393.1129770501882 530.7762586499721 276.8775953559764
 -543.7011948795226 896.4769234539021 598.1314356974672 699.254181749144 334.1310006750427
 -806.765213180703 -807.8746995128762 592.2205631442409 867.6166637622864 -820.1433116840301
 61.20900455387823 -98.25615028439358 -824.8867273921267 -614.6921576403009 19.89103583001997
 858.5378706635274 555.1604193680557 -339.5444462522396 11.23565634816237 -7.010493977377564
 98.79652645964052 479.3485619248961 -777.3577142637504 -615.2787778923049 470.3183406847652
 282.6466254218274 906.3067794946598 -215.2625780833953 -744.3451018949722 -219.3898061467679
 -112.9401951817749 456.7318523222143 -546.3148074714293 -279.6520396716184 -151.3362247228686
 -253.8939121247189 -946.4948952012694 -354.2839817860752 825.0509525485168 684.5892246661942
 263.6168449958643 894.6076807939264 983.7250491541502 -404.4781557494156 -974.2254636858338
 -66.92183153725227 223.9918175622283 708.993341268985 -159.5457728295037 -677.9949406864059
 -979.098825675859 -22.27035454135682 934.9035752084649 -304.2406980531308 619.1761171108308
 -146.7020358018219 380.5689496991013 -927.3281842176945 970.4625576992062 463.291544257218
 642.1442328925662 744.5061363288992 635.631419117715 883.0311895584603 334.8064826206719
 -668.3124576852538 139.7752684574486 -655.532185283695 201.4620876122465 -571.619286468969
 956.9167422432151 -682.0515184451667 -883.6195266423578 694.805659248359 751.6358193616943
 470.9675995507305 613.4446144798262 556.4901943746406 -328.1133173587457 507.913524761859
 873.0838938619245 115.2667675563703 -984.1737488590802 -968.8817665544137 -847.9453890142107
 121.3160616196587 -810.896127436798 907.4811402044666 173.8815870259743 -199.5809286360643
 -900.7793101977594 -244.74135069314 -470.5640586328158 446.7226790616826 532.1809090933643
 521.5166731240247 580.1078196505057 915.4705836974153 803.2489184621263 348.1564838253801
 -959.0797575290156 560.7043662139743 -550.4888509760851 523.0802909091337 793.6913804775786
 -179.5642570412354 -654.8894114547147 743.012661010084 648.2384718425012 -984.9671308171809
 -93.59023646726598 594.7817849895791 7.864272784412265 -675.2825765346015 147.9834179188981
 960.5440605131901 -553.7227525779155 -706.8137918066858 151.7686681160756 278.4098194678863
 -529.8672652122459 -317.3449942616841 -147.6771380664698 316.1360802200434 -67.74453721589543
 142.7724977760683 -656.3839252666387 474.6204484051632 -273.610748649623 -682.9860472241937
 679.6052773201118 -231.5171135419653 354.9738898419669 -241.1332777170488 414.7671885248944
 910.7771047088872 924.9569150876468 -350.480579418733 -908.7257905015466 -956.2818635599378
 823.5168365900772 -293.2536166639253 215.1958630586269 137.6217230281154 357.1780670408975
 7.351470235511556 -147.4108994712996 28.08397980598306 788.4080201918189 -216.6103840255265
 -959.3077600376566 552.1941213724592 -386.188380667997 770.134877720651 245.050597744292
 -392.9732967497657 883.8840000161556 254.0571442113878 772.6228017174783 245.6269612245185
 926.6912508248195 -413.5860136125292 612.1125122953051 -261.4763074062399 771.4916767705254
 -880.6579892011929 -123.8428693577774 472.7280108438038 -970.8121391287696 31.30738827173559
 -298.6650675646417 -715.061770017141 933.7059442001785 -410.0160918333207 -344.5080802360879
 -857.3777695770747 -77.33049296013121 -839.9899054619017 -291.8478688629375 -895.4815122678817
 -387.793209749039 -462.8889816148095 -518.1774707129009 886.525707316852 -373.5300877638002
 519.1881607984017 -170.1722159537701 -897.0667289754474 17.25802107036986 954.3807338326062
 -85.91673117159326 -123.3105910114333 159.4914915010868 129.7172456759656 140.285172189688
 -932.761275201442 -122.6036947213805 236.9222616101392 -779.2813170751519 -817.0300728313392
 355.8585008415264 843.8154783480313 -834.4828143775386 814.2567573708864 -687.917734152765
 653.4644445536817 -63.38584681743964 393.6128434853597 -611.7821178465808 778.9676985796511
 -706.2837629596389 -592.5750295410553 812.236531448091 -153.3251392938528 -968.9910885667551
 -892.1047881638543 579.9318854195371 -367.0472437298456 997.365868299705 -2.342738456190318
 728.3241225591614 139.6909949351461 944.8999830886239 784.2824703351923 -209.6271711997488
 875.0008528898863 215.0399827444794 -789.2912387035694 -405.0200124142289 758.8919727916907
 552.7189812134816 939.4058484515347 756.0071850417514 518.7583887676078 -284.5668582606638
 -733.9533951040866 -666.8554414102016 -700.3221572398827 680.705219438684 -245.7785999255385
 375.0158993589864 -481.4020840231451 -593.0530429391182 390.3552006477623 -829.0271074933521
 -332.8777074428041 862.5464996281435 748.5163928769396 216.6924943604395 325.1904755960588
 -16.40612380411346 723.3585388124245 -87.57907915636804 -276.1366435900604 -998.2642738283395
 -406.2265690028187 -130.9929782800895 465.198920152063 654.0289320404549 -117.5897409824553
 656.7801519574095 842.3201726047189 96.99496250545144 666.9896701274431 119.6377096397621
