# Created by Octave 4.2.1, Mon Oct 09 17:07:53 2017 BRT <root@mosqueiro>
# name: pop
# type: matrix
# rows: 100
# columns: 5
 -325.2790696857643 354.9873460297069 -90.51417018330801 -282.7036551905843 344.9241630361785
 -325.2790696857643 354.9873460297069 -90.51417018330801 -282.7036551905843 344.9241630361785
 -626.9054724924554 633.6574017094952 -476.9190027683262 505.9672048342941 40.37259432084829
 -325.2790696857643 354.9873460297069 -90.51417018330801 -282.7036551905843 344.9241630361785
 -5165.820283075861 1120.858758485705 -5421.513157231685 -259.5917281237471 -2377.105425804893
 -325.2790696857643 354.9873460297069 -90.51417018330801 -282.7036551905843 344.9241630361785
 -325.2790696857643 354.9873460297069 -90.51417018330801 -282.7036551905843 344.9241630361785
 -1382.011875295017 -5135.297601431557 4899.984725509124 -593.6789486294412 -170.9208061460948
 -325.2790696857643 354.9873460297069 -90.51417018330801 -282.7036551905843 344.9241630361785
 -572.4309141091725 587.2524063829085 -540.9706423330732 65.0497702317225 272.4875466139522
 -325.2790696857643 354.9873460297069 -90.51417018330801 -282.7036551905843 344.9241630361785
 646.222964522683 100.9988247243398 -908.9353214760198 827.2325904796369 -621.6986437769258
 -325.2790696857643 354.9873460297069 -90.51417018330801 -282.7036551905843 344.9241630361785
 -325.2790696857643 354.9873460297069 -90.51417018330801 -282.7036551905843 344.9241630361785
 -325.2790696857643 354.9873460297069 -90.51417018330801 -282.7036551905843 344.9241630361785
 -2611.714801589898 -1430.805195939583 1368.499935317304 4049.067857643613 3074.874562583694
 -1382.011875295017 -5135.297601431557 4899.984725509124 -593.6789486294412 -170.9208061460948
 -126.271855080106 2919.927756682723 912.8330059794337 1207.848208229514 4609.173866813815
 -325.2790696857643 354.9873460297069 -90.51417018330801 -282.7036551905843 344.9241630361785
 -117.6755877861196 -757.2770077829624 830.9275024129468 -528.2619027785922 605.5519445185878
 -2218.537491025608 931.8641836706483 1449.035035144168 -2599.624878770148 -420.0826123529628
 -572.4309141091725 587.2524063829085 -540.9706423330732 65.0497702317225 272.4875466139522
 -325.2790696857643 354.9873460297069 -90.51417018330801 -282.7036551905843 344.9241630361785
 -325.2790696857643 354.9873460297069 -90.51417018330801 -282.7036551905843 344.9241630361785
 -325.2790696857643 354.9873460297069 -90.51417018330801 -282.7036551905843 344.9241630361785
 862.1308898231924 -114.6979807886173 -1544.940031419942 2181.896005887721 -901.3670000831939
 -3659.446376380461 -3103.086010643895 220.234562462126 635.4178541664676 581.5671136648216
 -2611.714801589898 -1430.805195939583 1368.499935317304 4049.067857643613 3074.874562583694
 -117.6755877861196 -757.2770077829624 830.9275024129468 -528.2619027785922 605.5519445185878
 -156.9079291835901 -1051.08212849455 -1810.867016350079 1481.484516642935 -577.447707944068
 -117.6755877861196 -757.2770077829624 830.9275024129468 -528.2619027785922 605.5519445185878
 -325.2790696857643 354.9873460297069 -90.51417018330801 -282.7036551905843 344.9241630361785
 -325.2790696857643 354.9873460297069 -90.51417018330801 -282.7036551905843 344.9241630361785
 -117.6755877861196 -757.2770077829624 830.9275024129468 -528.2619027785922 605.5519445185878
 -325.2790696857643 354.9873460297069 -90.51417018330801 -282.7036551905843 344.9241630361785
 -325.2790696857643 354.9873460297069 -90.51417018330801 -282.7036551905843 344.9241630361785
 -126.271855080106 2919.927756682723 912.8330059794337 1207.848208229514 4609.173866813815
 -750.4972119620287 641.5237136481767 247.5554914457161 215.3637101351756 -204.1754529696286
 -325.2790696857643 354.9873460297069 -90.51417018330801 -282.7036551905843 344.9241630361785
 -4036.60111108847 3352.270680368827 -1632.885807467939 1455.516266457985 3987.934525306585
 -117.6755877861196 -757.2770077829624 830.9275024129468 -528.2619027785922 605.5519445185878
 -325.2790696857643 354.9873460297069 -90.51417018330801 -282.7036551905843 344.9241630361785
 -325.2790696857643 354.9873460297069 -90.51417018330801 -282.7036551905843 344.9241630361785
 1817.684974258664 1141.636144941154 1702.206121079583 -2152.457804367763 -4333.850564409443
 -626.9054724924554 633.6574017094952 -476.9190027683262 505.9672048342941 40.37259432084829
 -325.2790696857643 354.9873460297069 -90.51417018330801 -282.7036551905843 344.9241630361785
 -1382.011875295017 -5135.297601431557 4899.984725509124 -593.6789486294412 -170.9208061460948
 -1382.011875295017 -5135.297601431557 4899.984725509124 -593.6789486294412 -170.9208061460948
 -1238.924182947753 -853.4364838255876 -198.2979635299989 -2622.131554723879 -500.5035509070306
 -325.2790696857643 354.9873460297069 -90.51417018330801 -282.7036551905843 344.9241630361785
 -126.271855080106 2919.927756682723 912.8330059794337 1207.848208229514 4609.173866813815
 -626.9054724924554 633.6574017094952 -476.9190027683262 505.9672048342941 40.37259432084829
 -325.2790696857643 354.9873460297069 -90.51417018330801 -282.7036551905843 344.9241630361785
 -325.2790696857643 354.9873460297069 -90.51417018330801 -282.7036551905843 344.9241630361785
 -325.2790696857643 354.9873460297069 -90.51417018330801 -282.7036551905843 344.9241630361785
 -156.9079291835901 -1051.08212849455 -1810.867016350079 1481.484516642935 -577.447707944068
 3272.928124099324 -2604.190506889023 1626.31162923822 258.9849486324125 -2322.852983714892
 -325.2790696857643 354.9873460297069 -90.51417018330801 -282.7036551905843 344.9241630361785
 -3659.446376380461 -3103.086010643895 220.234562462126 635.4178541664676 581.5671136648216
 -325.2790696857643 354.9873460297069 -90.51417018330801 -282.7036551905843 344.9241630361785
 1419.351841205922 -2797.736873857185 -1377.485642694189 -110.1384112084701 -416.2130458860873
 2051.566988287862 2396.523390535903 -2966.593801439793 191.865661166414 -3536.111231328367
 -325.2790696857643 354.9873460297069 -90.51417018330801 -282.7036551905843 344.9241630361785
 -325.2790696857643 354.9873460297069 -90.51417018330801 -282.7036551905843 344.9241630361785
 -325.2790696857643 354.9873460297069 -90.51417018330801 -282.7036551905843 344.9241630361785
 566.6167478618376 20.77298619443843 -1965.036712001825 1451.00700246724 -1940.641184023334
 -2218.537491025608 931.8641836706483 1449.035035144168 -2599.624878770148 -420.0826123529628
 -325.2790696857643 354.9873460297069 -90.51417018330801 -282.7036551905843 344.9241630361785
 -325.2790696857643 354.9873460297069 -90.51417018330801 -282.7036551905843 344.9241630361785
 -325.2790696857643 354.9873460297069 -90.51417018330801 -282.7036551905843 344.9241630361785
 -325.2790696857643 354.9873460297069 -90.51417018330801 -282.7036551905843 344.9241630361785
 -325.2790696857643 354.9873460297069 -90.51417018330801 -282.7036551905843 344.9241630361785
 1608.913398038566 1420.472177075171 -5347.300998475825 908.9637294549527 4093.016963493283
 -325.2790696857643 354.9873460297069 -90.51417018330801 -282.7036551905843 344.9241630361785
 -325.2790696857643 354.9873460297069 -90.51417018330801 -282.7036551905843 344.9241630361785
 -1238.924182947753 -853.4364838255876 -198.2979635299989 -2622.131554723879 -500.5035509070306
 1608.913398038566 1420.472177075171 -5347.300998475825 908.9637294549527 4093.016963493283
 -117.6755877861196 -757.2770077829624 830.9275024129468 -528.2619027785922 605.5519445185878
 -325.2790696857643 354.9873460297069 -90.51417018330801 -282.7036551905843 344.9241630361785
 -626.9054724924554 633.6574017094952 -476.9190027683262 505.9672048342941 40.37259432084829
 834.2638475648404 1080.497739303803 2120.79225225023 -2032.065715877373 -2382.825674480364
 -312.7213869498925 74.62185617614955 -1251.675636185496 -2511.550447268338 6118.285491141183
 -530.7626020049535 -281.1975829144694 729.0345511410949 -1451.997468667365 760.276004496474
 25.53848852484106 -1760.692296517642 -1480.479186140197 429.8037424339905 971.957913514346
