# Created by Octave 4.2.1, Mon Oct 09 17:06:10 2017 BRT <root@mosqueiro>
# name: pop
# type: matrix
# rows: 100
# columns: 5
 509.9426130968477 -235.5369139809783 23.79305700658668 -154.1539550880714 -145.0675856550722
 509.9475859879092 -235.5390561665678 23.7764347705088 -154.1621976626323 -145.0447545245947
 510.0473372065255 -235.4457840946191 23.71555719572271 -154.3549732331991 -144.9620417237626
 510.0473372065255 -235.4457840946191 23.71555719572271 -154.3549732331991 -144.9620417237626
 510.0473372065255 -235.4457840946191 23.71555719572271 -154.3549732331991 -144.9620417237626
 509.8444946292361 -235.3805866680544 23.75342849651146 -154.7718436292259 -144.7259802449817
 510.0473372065255 -235.4457840946191 23.71555719572271 -154.3549732331991 -144.9620417237626
 508.6970060511927 -234.0840491302832 22.72624585408285 -152.0652894266677 -144.8411507218789
 510.0473372065255 -235.4457840946191 23.71555719572271 -154.3549732331991 -144.9620417237626
 510.0473372065255 -235.4457840946191 23.71555719572271 -154.3549732331991 -144.9620417237626
 510.0429455415844 -235.4629319964141 23.72264240964136 -154.3803696808851 -144.9491437238356
 510.0473372065255 -235.4457840946191 23.71555719572271 -154.3549732331991 -144.9620417237626
 510.0473372065255 -235.4457840946191 23.71555719572271 -154.3549732331991 -144.9620417237626
 509.953466224918 -235.5446108113863 23.77502062809995 -154.1772290060795 -145.0342325562254
 510.0473372065255 -235.4457840946191 23.71555719572271 -154.3549732331991 -144.9620417237626
 509.953466224918 -235.5446108113863 23.77502062809995 -154.1772290060795 -145.0342325562254
 510.0473372065255 -235.4457840946191 23.71555719572271 -154.3549732331991 -144.9620417237626
 510.0473372065255 -235.4457840946191 23.71555719572271 -154.3549732331991 -144.9620417237626
 510.0473372065255 -235.4457840946191 23.71555719572271 -154.3549732331991 -144.9620417237626
 564.5253613070381 -258.1906610103986 -51.43539611992574 -33.05367821930619 -222.6557905923499
 509.6748520702241 -235.5540696785505 24.30779595908357 -155.0640625350964 -144.5291157879298
 510.0473372065255 -235.4457840946191 23.71555719572271 -154.3549732331991 -144.9620417237626
 510.0473372065255 -235.4457840946191 23.71555719572271 -154.3549732331991 -144.9620417237626
 509.9426130968477 -235.5369139809783 23.79305700658668 -154.1539550880714 -145.0675856550722
 509.9475859879092 -235.5390561665678 23.7764347705088 -154.1621976626323 -145.0447545245947
 564.1086793375239 -258.0809958349332 -51.19777850229934 -33.07824105904029 -222.7122209699151
 510.0473372065255 -235.4457840946191 23.71555719572271 -154.3549732331991 -144.9620417237626
 564.0812152421267 -258.0743652417262 -51.19385975132857 -33.10037990708719 -222.7084415207564
 510.0473372065255 -235.4457840946191 23.71555719572271 -154.3549732331991 -144.9620417237626
 509.9422549404017 -235.5405680813967 23.7738534392523 -154.1554283624102 -145.0510635583478
 510.0473372065255 -235.4457840946191 23.71555719572271 -154.3549732331991 -144.9620417237626
 564.1236062579019 -258.0819420924671 -51.09928042118275 -33.16585404393631 -222.7529952748056
 510.0473372065255 -235.4457840946191 23.71555719572271 -154.3549732331991 -144.9620417237626
 510.0473372065255 -235.4457840946191 23.71555719572271 -154.3549732331991 -144.9620417237626
 509.953466224918 -235.5446108113863 23.77502062809995 -154.1772290060795 -145.0342325562254
 510.0429455415844 -235.4629319964141 23.72264240964136 -154.3803696808851 -144.9491437238356
 509.9426130968477 -235.5369139809783 23.79305700658668 -154.1539550880714 -145.0675856550722
 564.5237141177515 -258.1901438660277 -51.42774924264663 -33.04937218408097 -222.6535125811757
 509.953466224918 -235.5446108113863 23.77502062809995 -154.1772290060795 -145.0342325562254
 510.0473372065255 -235.4457840946191 23.71555719572271 -154.3549732331991 -144.9620417237626
 509.9422549404017 -235.5405680813967 23.7738534392523 -154.1554283624102 -145.0510635583478
 510.0473372065255 -235.4457840946191 23.71555719572271 -154.3549732331991 -144.9620417237626
 509.5511224576782 -235.4424543210875 23.97461098772468 -154.6609393341945 -144.9795307392085
 509.933120936485 -235.5334002547807 23.77261029867342 -154.1650410994498 -145.0381393410179
 510.0429455415844 -235.4629319964141 23.72264240964136 -154.3803696808851 -144.9491437238356
 510.0473372065255 -235.4457840946191 23.71555719572271 -154.3549732331991 -144.9620417237626
 564.4862543602204 -258.2502072609182 -51.43057511066667 -33.06569106462987 -222.7534883709079
 510.0473372065255 -235.4457840946191 23.71555719572271 -154.3549732331991 -144.9620417237626
 510.0473372065255 -235.4457840946191 23.71555719572271 -154.3549732331991 -144.9620417237626
 564.1086793375239 -258.0809958349332 -51.19777850229934 -33.07824105904029 -222.7122209699151
 510.0473372065255 -235.4457840946191 23.71555719572271 -154.3549732331991 -144.9620417237626
 509.953466224918 -235.5446108113863 23.77502062809995 -154.1772290060795 -145.0342325562254
 510.0473372065255 -235.4457840946191 23.71555719572271 -154.3549732331991 -144.9620417237626
 564.5237141177515 -258.1901438660277 -51.42774924264663 -33.04937218408097 -222.6535125811757
 509.8401350777646 -235.3740253136547 23.75689965917931 -154.7766705377651 -144.7257240806701
 564.4862543602204 -258.2502072609182 -51.43057511066667 -33.06569106462987 -222.7534883709079
 510.0429455415844 -235.4629319964141 23.72264240964136 -154.3803696808851 -144.9491437238356
 509.9422549404017 -235.5405680813967 23.7738534392523 -154.1554283624102 -145.0510635583478
 510.0473372065255 -235.4457840946191 23.71555719572271 -154.3549732331991 -144.9620417237626
 509.9422549404017 -235.5405680813967 23.7738534392523 -154.1554283624102 -145.0510635583478
 510.0400840072204 -235.4538281883495 23.72381112817759 -154.3574564036965 -144.9616249280378
 564.0812152421267 -258.0743652417262 -51.19385975132857 -33.10037990708719 -222.7084415207564
 509.9505141417722 -235.5393405507884 23.77290201994621 -154.1761872893265 -145.0373316270724
 510.0472985941129 -235.4488206097616 23.71914111615736 -154.3580236014978 -144.9498828290795
 510.0473372065255 -235.4457840946191 23.71555719572271 -154.3549732331991 -144.9620417237626
 564.1086793375239 -258.0809958349332 -51.19777850229934 -33.07824105904029 -222.7122209699151
 510.0473372065255 -235.4457840946191 23.71555719572271 -154.3549732331991 -144.9620417237626
 510.0400840072204 -235.4538281883495 23.72381112817759 -154.3574564036965 -144.9616249280378
 510.0429455415844 -235.4629319964141 23.72264240964136 -154.3803696808851 -144.9491437238356
 510.0473372065255 -235.4457840946191 23.71555719572271 -154.3549732331991 -144.9620417237626
 509.9422549404017 -235.5405680813967 23.7738534392523 -154.1554283624102 -145.0510635583478
 510.0473372065255 -235.4457840946191 23.71555719572271 -154.3549732331991 -144.9620417237626
 509.9475859879092 -235.5390561665678 23.7764347705088 -154.1621976626323 -145.0447545245947
 510.0473372065255 -235.4457840946191 23.71555719572271 -154.3549732331991 -144.9620417237626
 510.0472985941129 -235.4488206097616 23.71914111615736 -154.3580236014978 -144.9498828290795
 564.368412339021 -258.0589074999486 -51.57402098006241 -33.13726529048018 -222.5715629726735
 509.9422549404017 -235.5405680813967 23.7738534392523 -154.1554283624102 -145.0510635583478
 510.0473372065255 -235.4457840946191 23.71555719572271 -154.3549732331991 -144.9620417237626
 510.0473372065255 -235.4457840946191 23.71555719572271 -154.3549732331991 -144.9620417237626
 509.9426130968477 -235.5369139809783 23.79305700658668 -154.1539550880714 -145.0675856550722
 509.9415968158665 -235.5367917255961 23.79230846568105 -154.1555037329881 -145.0677192043428
 510.0485786228688 -235.444631845749 23.71523497845654 -154.3535975270122 -144.9610907606571
 509.9414748065752 -235.5380057712954 23.79389290762265 -154.1542416655529 -145.0697575685046
