# Created by Octave 4.2.1, Mon Oct 09 17:07:35 2017 BRT <root@mosqueiro>
# name: pop
# type: matrix
# rows: 100
# columns: 5
 -288.9766869109384 661.0592014742051 -432.9260137876404 124.3443431199585 -63.85057413761285
 -288.9766869109384 661.0592014742051 -432.9260137876404 124.3443431199585 -63.85057413761285
 -226.1360131010283 649.0387581457782 -468.9100226818125 140.4385121854381 -103.8818015768984
 -288.9766869109384 661.0592014742051 -432.9260137876404 124.3443431199585 -63.85057413761285
 -288.9766869109384 661.0592014742051 -432.9260137876404 124.3443431199585 -63.85057413761285
 -288.9766869109384 661.0592014742051 -432.9260137876404 124.3443431199585 -63.85057413761285
 -288.9766869109384 661.0592014742051 -432.9260137876404 124.3443431199585 -63.85057413761285
 -288.9766869109384 661.0592014742051 -432.9260137876404 124.3443431199585 -63.85057413761285
 -288.9766869109384 661.0592014742051 -432.9260137876404 124.3443431199585 -63.85057413761285
 -288.9766869109384 661.0592014742051 -432.9260137876404 124.3443431199585 -63.85057413761285
 -288.9766869109384 661.0592014742051 -432.9260137876404 124.3443431199585 -63.85057413761285
 -288.9766869109384 661.0592014742051 -432.9260137876404 124.3443431199585 -63.85057413761285
 -288.9766869109384 661.0592014742051 -432.9260137876404 124.3443431199585 -63.85057413761285
 -288.9766869109384 661.0592014742051 -432.9260137876404 124.3443431199585 -63.85057413761285
 -288.9766869109384 661.0592014742051 -432.9260137876404 124.3443431199585 -63.85057413761285
 -288.9766869109384 661.0592014742051 -432.9260137876404 124.3443431199585 -63.85057413761285
 -278.4349452788692 755.712086331283 -545.5485135118884 278.5354933876221 -70.83896155517762
 -288.9766869109384 661.0592014742051 -432.9260137876404 124.3443431199585 -63.85057413761285
 -288.9766869109384 661.0592014742051 -432.9260137876404 124.3443431199585 -63.85057413761285
 -278.4349452788692 755.712086331283 -545.5485135118884 278.5354933876221 -70.83896155517762
 -288.9766869109384 661.0592014742051 -432.9260137876404 124.3443431199585 -63.85057413761285
 -288.9766869109384 661.0592014742051 -432.9260137876404 124.3443431199585 -63.85057413761285
 -288.9766869109384 661.0592014742051 -432.9260137876404 124.3443431199585 -63.85057413761285
 -288.9766869109384 661.0592014742051 -432.9260137876404 124.3443431199585 -63.85057413761285
 -278.3586375283682 625.6320042603541 -427.6762778631131 147.8321549457305 -30.2801991562353
 -293.9101639959588 641.8098230639733 -451.1144357081095 125.1494550289662 -70.69202667019945
 -304.5070907696783 668.9967801979404 -425.6237531888868 110.8752790201645 -59.26734531897965
 -288.7715248239754 656.9044372484279 -447.5656525044198 116.9766134142409 -96.49704534377315
 -288.9766869109384 661.0592014742051 -432.9260137876404 124.3443431199585 -63.85057413761285
 -288.9766869109384 661.0592014742051 -432.9260137876404 124.3443431199585 -63.85057413761285
 -299.451387946665 660.7381225692848 -436.2939143063261 117.8082956101821 -68.79568822978626
 -288.9766869109384 661.0592014742051 -432.9260137876404 124.3443431199585 -63.85057413761285
 -288.9766869109384 661.0592014742051 -432.9260137876404 124.3443431199585 -63.85057413761285
 -288.3306850880298 656.7140311154441 -429.5562548351966 112.9887963333043 -64.77181688031231
 -288.9766869109384 661.0592014742051 -432.9260137876404 124.3443431199585 -63.85057413761285
 -270.9662024494119 581.1964015649303 -380.6032222883825 125.4264007753182 -64.77753023857045
 -288.9766869109384 661.0592014742051 -432.9260137876404 124.3443431199585 -63.85057413761285
 -288.9766869109384 661.0592014742051 -432.9260137876404 124.3443431199585 -63.85057413761285
 -288.9766869109384 661.0592014742051 -432.9260137876404 124.3443431199585 -63.85057413761285
 -288.9766869109384 661.0592014742051 -432.9260137876404 124.3443431199585 -63.85057413761285
 -293.7670922719388 656.911198721598 -424.3022347445692 124.7827707514805 -68.53682660530011
 -288.9766869109384 661.0592014742051 -432.9260137876404 124.3443431199585 -63.85057413761285
 -288.9766869109384 661.0592014742051 -432.9260137876404 124.3443431199585 -63.85057413761285
 -288.9766869109384 661.0592014742051 -432.9260137876404 124.3443431199585 -63.85057413761285
 -288.9766869109384 661.0592014742051 -432.9260137876404 124.3443431199585 -63.85057413761285
 -288.9766869109384 661.0592014742051 -432.9260137876404 124.3443431199585 -63.85057413761285
 -288.9766869109384 661.0592014742051 -432.9260137876404 124.3443431199585 -63.85057413761285
 -280.8356161586156 668.0799371842938 -428.6749536724525 113.827394261118 -62.97880912339505
 -288.9766869109384 661.0592014742051 -432.9260137876404 124.3443431199585 -63.85057413761285
 -288.9766869109384 661.0592014742051 -432.9260137876404 124.3443431199585 -63.85057413761285
 -288.9766869109384 661.0592014742051 -432.9260137876404 124.3443431199585 -63.85057413761285
 -289.4104512053199 666.0556405535694 -429.3950602347306 121.0813149505387 -73.06740842562667
 -288.9766869109384 661.0592014742051 -432.9260137876404 124.3443431199585 -63.85057413761285
 -288.9766869109384 661.0592014742051 -432.9260137876404 124.3443431199585 -63.85057413761285
 -288.9766869109384 661.0592014742051 -432.9260137876404 124.3443431199585 -63.85057413761285
 -286.7562345961642 667.3669664944429 -431.5795349771176 138.1363174151044 -67.98542358175018
 -288.9766869109384 661.0592014742051 -432.9260137876404 124.3443431199585 -63.85057413761285
 -288.9766869109384 661.0592014742051 -432.9260137876404 124.3443431199585 -63.85057413761285
 -288.9766869109384 661.0592014742051 -432.9260137876404 124.3443431199585 -63.85057413761285
 -288.9766869109384 661.0592014742051 -432.9260137876404 124.3443431199585 -63.85057413761285
 -288.9766869109384 661.0592014742051 -432.9260137876404 124.3443431199585 -63.85057413761285
 -246.267871440527 662.7753213918073 -484.4040982679267 154.6094333186338 -77.75769537944132
 -281.4384793865356 655.733575672303 -422.5868805636132 134.9043806115568 -67.76337905792944
 -288.9766869109384 661.0592014742051 -432.9260137876404 124.3443431199585 -63.85057413761285
 -288.9766869109384 661.0592014742051 -432.9260137876404 124.3443431199585 -63.85057413761285
 -290.5106269733568 670.1816689535269 -438.7027984504304 128.4278400931078 -87.14586935899287
 -288.9766869109384 661.0592014742051 -432.9260137876404 124.3443431199585 -63.85057413761285
 -288.9766869109384 661.0592014742051 -432.9260137876404 124.3443431199585 -63.85057413761285
 -288.9766869109384 661.0592014742051 -432.9260137876404 124.3443431199585 -63.85057413761285
 -288.9766869109384 661.0592014742051 -432.9260137876404 124.3443431199585 -63.85057413761285
 -269.375939842176 696.310271105065 -448.0401599865887 122.9942879182866 -46.37886819724908
 -288.9766869109384 661.0592014742051 -432.9260137876404 124.3443431199585 -63.85057413761285
 -288.9766869109384 661.0592014742051 -432.9260137876404 124.3443431199585 -63.85057413761285
 -293.2450886247891 654.8104353303419 -452.1640766389144 129.8540290249772 -47.01308935652881
 -288.7841524085294 664.9396019973391 -436.4124099135858 128.1107103205682 -65.62769500189285
 -288.9766869109384 661.0592014742051 -432.9260137876404 124.3443431199585 -63.85057413761285
 -288.9766869109384 661.0592014742051 -432.9260137876404 124.3443431199585 -63.85057413761285
 -247.2818290076543 670.5807693638034 -469.4523848263814 149.6537333753147 -73.807350298583
 -307.0947136689298 673.9809208019507 -410.0881345658528 150.8726130122877 -91.75110498323758
 -280.6650663583399 657.7456441032072 -432.7633599415468 121.4110597836609 -65.16715055979896
 -293.0219232533609 657.9588130606746 -436.4548159811631 130.1292904688578 -66.19849225133271
 -286.856906567807 629.6333345544975 -428.2506211675654 138.4342122447573 -39.8633073207406
 -287.8710898601373 665.5429534956708 -422.9006223125922 124.7305512190287 -59.94497209348933
