# Created by Octave 4.2.1, Mon Oct 09 17:08:33 2017 BRT <root@mosqueiro>
# name: pop
# type: matrix
# rows: 100
# columns: 5
 349.6015819344486 700.5565550472957 -87.98384364233046 -629.0107744053387 -331.9708475263887
 282.6466254218274 906.3067794946598 -215.2625780833953 -744.3451018949722 -219.3898061467679
 282.6466254218274 906.3067794946598 -215.2625780833953 -744.3451018949722 -219.3898061467679
 368.4755378645759 786.1487117055048 -222.1047861328908 -850.6326095992245 -276.3156167766145
 282.6466254218274 906.3067794946598 -215.2625780833953 -744.3451018949722 -219.3898061467679
 282.6466254218274 906.3067794946598 -215.2625780833953 -744.3451018949722 -219.3898061467679
 282.6466254218274 906.3067794946598 -215.2625780833953 -744.3451018949722 -219.3898061467679
 349.6015819344486 700.5565550472957 -87.98384364233046 -629.0107744053387 -331.9708475263887
 282.6466254218274 906.3067794946598 -215.2625780833953 -744.3451018949722 -219.3898061467679
 265.6689545105005 1374.412788659537 190.9118268793699 -555.4027143088151 -615.5287569407008
 282.6466254218274 906.3067794946598 -215.2625780833953 -744.3451018949722 -219.3898061467679
 352.742043055298 919.5371760478322 -147.6134814686309 -764.303187822473 -163.5407839693029
 282.6466254218274 906.3067794946598 -215.2625780833953 -744.3451018949722 -219.3898061467679
 55.6093460566982 1318.48797635192 154.1998952720486 -409.6104344113181 -564.5255321011822
 282.6466254218274 906.3067794946598 -215.2625780833953 -744.3451018949722 -219.3898061467679
 299.8457186238633 909.2812071654005 -415.8109054733133 -778.9890767509754 -37.53719677479742
 282.6466254218274 906.3067794946598 -215.2625780833953 -744.3451018949722 -219.3898061467679
 282.6466254218274 906.3067794946598 -215.2625780833953 -744.3451018949722 -219.3898061467679
 282.6466254218274 906.3067794946598 -215.2625780833953 -744.3451018949722 -219.3898061467679
 282.6466254218274 906.3067794946598 -215.2625780833953 -744.3451018949722 -219.3898061467679
 282.6466254218274 906.3067794946598 -215.2625780833953 -744.3451018949722 -219.3898061467679
 282.6466254218274 906.3067794946598 -215.2625780833953 -744.3451018949722 -219.3898061467679
 325.8905785215787 983.7182610087223 -55.48358118135715 -902.9981668163537 -145.4146044904969
 282.6466254218274 906.3067794946598 -215.2625780833953 -744.3451018949722 -219.3898061467679
 247.5531490916643 1104.293817356251 -434.622592077973 -892.3310106688011 -265.5603090518009
 282.6466254218274 906.3067794946598 -215.2625780833953 -744.3451018949722 -219.3898061467679
 282.6466254218274 906.3067794946598 -215.2625780833953 -744.3451018949722 -219.3898061467679
 282.6466254218274 906.3067794946598 -215.2625780833953 -744.3451018949722 -219.3898061467679
 349.6015819344486 700.5565550472957 -87.98384364233046 -629.0107744053387 -331.9708475263887
 60.94400290079672 695.7315811155743 619.6311979478605 -610.9097538437617 -683.4172737134868
 282.6466254218274 906.3067794946598 -215.2625780833953 -744.3451018949722 -219.3898061467679
 1101.176405270503 600.5181785038263 -567.6589654545935 -662.9556365601907 204.9799643155262
 349.6015819344486 700.5565550472957 -87.98384364233046 -629.0107744053387 -331.9708475263887
 282.6466254218274 906.3067794946598 -215.2625780833953 -744.3451018949722 -219.3898061467679
 235.2585254568809 880.6417917877478 -259.5750623403244 -631.2694404251928 -25.61972408922009
 282.6466254218274 906.3067794946598 -215.2625780833953 -744.3451018949722 -219.3898061467679
 282.6466254218274 906.3067794946598 -215.2625780833953 -744.3451018949722 -219.3898061467679
 282.6466254218274 906.3067794946598 -215.2625780833953 -744.3451018949722 -219.3898061467679
 282.6466254218274 906.3067794946598 -215.2625780833953 -744.3451018949722 -219.3898061467679
 282.6466254218274 906.3067794946598 -215.2625780833953 -744.3451018949722 -219.3898061467679
 349.6015819344486 700.5565550472957 -87.98384364233046 -629.0107744053387 -331.9708475263887
 282.6466254218274 906.3067794946598 -215.2625780833953 -744.3451018949722 -219.3898061467679
 282.6466254218274 906.3067794946598 -215.2625780833953 -744.3451018949722 -219.3898061467679
 282.6466254218274 906.3067794946598 -215.2625780833953 -744.3451018949722 -219.3898061467679
 381.4139810971488 903.4025980236594 -272.0493072864371 -757.0560713082448 -90.08571176686365
 -395.6941937287695 368.0150872482488 -120.3307858765793 -1019.387802506586 -33.76810866770572
 413.9492251167201 853.2238071489103 -337.0315026554463 -666.2019396862762 -125.3929135608601
 60.94400290079672 695.7315811155743 619.6311979478605 -610.9097538437617 -683.4172737134868
 282.6466254218274 906.3067794946598 -215.2625780833953 -744.3451018949722 -219.3898061467679
 -395.6941937287695 368.0150872482488 -120.3307858765793 -1019.387802506586 -33.76810866770572
 157.8062134968903 1185.435871781066 -133.0838927041561 -925.2794021248869 -636.1489129801147
 282.6466254218274 906.3067794946598 -215.2625780833953 -744.3451018949722 -219.3898061467679
 349.6015819344486 700.5565550472957 -87.98384364233046 -629.0107744053387 -331.9708475263887
 349.6015819344486 700.5565550472957 -87.98384364233046 -629.0107744053387 -331.9708475263887
 282.6466254218274 906.3067794946598 -215.2625780833953 -744.3451018949722 -219.3898061467679
 349.6015819344486 700.5565550472957 -87.98384364233046 -629.0107744053387 -331.9708475263887
 831.4447103449999 588.0896864182153 -635.8613528898286 -475.4061390625729 254.7346320004677
 282.6466254218274 906.3067794946598 -215.2625780833953 -744.3451018949722 -219.3898061467679
 282.6466254218274 906.3067794946598 -215.2625780833953 -744.3451018949722 -219.3898061467679
 282.6466254218274 906.3067794946598 -215.2625780833953 -744.3451018949722 -219.3898061467679
 368.4755378645759 786.1487117055048 -222.1047861328908 -850.6326095992245 -276.3156167766145
 375.3381229446748 783.9032844520959 -345.5488809536732 -811.6606859063254 -141.3182597410635
 349.6015819344486 700.5565550472957 -87.98384364233046 -629.0107744053387 -331.9708475263887
 349.6015819344486 700.5565550472957 -87.98384364233046 -629.0107744053387 -331.9708475263887
 282.6466254218274 906.3067794946598 -215.2625780833953 -744.3451018949722 -219.3898061467679
 282.6466254218274 906.3067794946598 -215.2625780833953 -744.3451018949722 -219.3898061467679
 282.6466254218274 906.3067794946598 -215.2625780833953 -744.3451018949722 -219.3898061467679
 831.4447103449999 588.0896864182153 -635.8613528898286 -475.4061390625729 254.7346320004677
 282.6466254218274 906.3067794946598 -215.2625780833953 -744.3451018949722 -219.3898061467679
 381.4139810971488 903.4025980236594 -272.0493072864371 -757.0560713082448 -90.08571176686365
 282.6466254218274 906.3067794946598 -215.2625780833953 -744.3451018949722 -219.3898061467679
 486.0278014399106 -2043.985087085882 76.09153100611852 1277.347576140644 3560.326772889876
 368.4755378645759 786.1487117055048 -222.1047861328908 -850.6326095992245 -276.3156167766145
 282.6466254218274 906.3067794946598 -215.2625780833953 -744.3451018949722 -219.3898061467679
 831.4447103449999 588.0896864182153 -635.8613528898286 -475.4061390625729 254.7346320004677
 282.6466254218274 906.3067794946598 -215.2625780833953 -744.3451018949722 -219.3898061467679
 282.6466254218274 906.3067794946598 -215.2625780833953 -744.3451018949722 -219.3898061467679
 282.6466254218274 906.3067794946598 -215.2625780833953 -744.3451018949722 -219.3898061467679
 349.6015819344486 700.5565550472957 -87.98384364233046 -629.0107744053387 -331.9708475263887
 831.4447103449999 588.0896864182153 -635.8613528898286 -475.4061390625729 254.7346320004677
 354.7715395331265 1072.569245095503 -126.723591060471 -812.2649890274979 -318.6587828931405
 -471.7346438619333 334.7082930500696 -24.81845883988268 -987.1786156661942 -157.8950845028227
 854.6872778306906 1238.717415219233 -1684.219434483088 -498.7839197545077 810.3782875160623
