# Created by Octave 4.2.1, Mon Oct 09 17:08:02 2017 BRT <root@mosqueiro>
# name: pop
# type: matrix
# rows: 100
# columns: 5
 -325.2790696857643 354.9873460297069 -90.51417018330801 -282.7036551905843 344.9241630361785
 -325.2790696857643 354.9873460297069 -90.51417018330801 -282.7036551905843 344.9241630361785
 -371.5135196897587 315.8322237218447 100.7141248525975 -309.8065793538809 92.95915237452374
 -325.2790696857643 354.9873460297069 -90.51417018330801 -282.7036551905843 344.9241630361785
 -325.2790696857643 354.9873460297069 -90.51417018330801 -282.7036551905843 344.9241630361785
 -315.5594872080217 220.5645581893246 -251.7976507851276 -163.8088612798309 310.5677189713052
 -340.265059914445 3.482182076425772 200.4751395469826 -654.7753114631603 297.4880824082647
 -126.271855080106 2919.927756682723 912.8330059794337 1207.848208229514 4609.173866813815
 -325.2790696857643 354.9873460297069 -90.51417018330801 -282.7036551905843 344.9241630361785
 -325.2790696857643 354.9873460297069 -90.51417018330801 -282.7036551905843 344.9241630361785
 -325.2790696857643 354.9873460297069 -90.51417018330801 -282.7036551905843 344.9241630361785
 -325.2790696857643 354.9873460297069 -90.51417018330801 -282.7036551905843 344.9241630361785
 -325.2790696857643 354.9873460297069 -90.51417018330801 -282.7036551905843 344.9241630361785
 -325.2790696857643 354.9873460297069 -90.51417018330801 -282.7036551905843 344.9241630361785
 -325.2790696857643 354.9873460297069 -90.51417018330801 -282.7036551905843 344.9241630361785
 -325.2790696857643 354.9873460297069 -90.51417018330801 -282.7036551905843 344.9241630361785
 -327.8516948829029 105.8922005192636 29.28860166551441 -716.0835831045176 294.6266015695541
 -98.10824641278197 558.6622850148482 -357.5326986285788 -99.26248929543166 498.3736595575417
 -325.2790696857643 354.9873460297069 -90.51417018330801 -282.7036551905843 344.9241630361785
 -325.2790696857643 354.9873460297069 -90.51417018330801 -282.7036551905843 344.9241630361785
 -325.2790696857643 354.9873460297069 -90.51417018330801 -282.7036551905843 344.9241630361785
 -325.2790696857643 354.9873460297069 -90.51417018330801 -282.7036551905843 344.9241630361785
 -315.5594872080217 220.5645581893246 -251.7976507851276 -163.8088612798309 310.5677189713052
 -842.6536533647214 667.6200118742166 -1565.691636569528 -514.4184056493445 602.5976308558364
 -325.2790696857643 354.9873460297069 -90.51417018330801 -282.7036551905843 344.9241630361785
 -325.2790696857643 354.9873460297069 -90.51417018330801 -282.7036551905843 344.9241630361785
 -126.271855080106 2919.927756682723 912.8330059794337 1207.848208229514 4609.173866813815
 -325.2790696857643 354.9873460297069 -90.51417018330801 -282.7036551905843 344.9241630361785
 -325.2790696857643 354.9873460297069 -90.51417018330801 -282.7036551905843 344.9241630361785
 -315.5594872080217 220.5645581893246 -251.7976507851276 -163.8088612798309 310.5677189713052
 -325.2790696857643 354.9873460297069 -90.51417018330801 -282.7036551905843 344.9241630361785
 -400.7782710065286 106.8772670936243 45.39114414691113 -220.9111505523993 599.6192958708053
 -325.2790696857643 354.9873460297069 -90.51417018330801 -282.7036551905843 344.9241630361785
 -56.36150072979922 420.1001891817027 -237.9136471882094 -378.2877501896671 457.7659829853923
 -325.2790696857643 354.9873460297069 -90.51417018330801 -282.7036551905843 344.9241630361785
 -504.9418426233055 208.3033434779501 -164.6742170471483 -447.0462725741494 -18.52772488143643
 -325.2790696857643 354.9873460297069 -90.51417018330801 -282.7036551905843 344.9241630361785
 -325.2790696857643 354.9873460297069 -90.51417018330801 -282.7036551905843 344.9241630361785
 -400.7782710065286 106.8772670936243 45.39114414691113 -220.9111505523993 599.6192958708053
 -492.6279579488627 567.9248839819436 -340.0401925891201 -435.1773835834559 655.2155845022924
 -325.2790696857643 354.9873460297069 -90.51417018330801 -282.7036551905843 344.9241630361785
 -454.3489292042047 205.4898551991674 34.0230991138135 -303.1521822950444 -69.99729116391222
 -325.2790696857643 354.9873460297069 -90.51417018330801 -282.7036551905843 344.9241630361785
 -325.2790696857643 354.9873460297069 -90.51417018330801 -282.7036551905843 344.9241630361785
 -56.36150072979922 420.1001891817027 -237.9136471882094 -378.2877501896671 457.7659829853923
 -325.2790696857643 354.9873460297069 -90.51417018330801 -282.7036551905843 344.9241630361785
 -56.36150072979922 420.1001891817027 -237.9136471882094 -378.2877501896671 457.7659829853923
 -325.2790696857643 354.9873460297069 -90.51417018330801 -282.7036551905843 344.9241630361785
 -325.2790696857643 354.9873460297069 -90.51417018330801 -282.7036551905843 344.9241630361785
 -325.2790696857643 354.9873460297069 -90.51417018330801 -282.7036551905843 344.9241630361785
 -325.2790696857643 354.9873460297069 -90.51417018330801 -282.7036551905843 344.9241630361785
 -325.2790696857643 354.9873460297069 -90.51417018330801 -282.7036551905843 344.9241630361785
 -325.2790696857643 354.9873460297069 -90.51417018330801 -282.7036551905843 344.9241630361785
 -315.5594872080217 220.5645581893246 -251.7976507851276 -163.8088612798309 310.5677189713052
 -325.2790696857643 354.9873460297069 -90.51417018330801 -282.7036551905843 344.9241630361785
 -375.2793202911085 405.0309993011846 33.46590541513501 -445.3763111160866 486.2925915950681
 -325.2790696857643 354.9873460297069 -90.51417018330801 -282.7036551905843 344.9241630361785
 -325.2790696857643 354.9873460297069 -90.51417018330801 -282.7036551905843 344.9241630361785
 -325.2790696857643 354.9873460297069 -90.51417018330801 -282.7036551905843 344.9241630361785
 -325.2790696857643 354.9873460297069 -90.51417018330801 -282.7036551905843 344.9241630361785
 -325.2790696857643 354.9873460297069 -90.51417018330801 -282.7036551905843 344.9241630361785
 186.7238119288054 -555.0193118543125 432.3143517014493 -618.9133798795431 704.0551982188778
 -325.2790696857643 354.9873460297069 -90.51417018330801 -282.7036551905843 344.9241630361785
 -325.2790696857643 354.9873460297069 -90.51417018330801 -282.7036551905843 344.9241630361785
 -325.2790696857643 354.9873460297069 -90.51417018330801 -282.7036551905843 344.9241630361785
 -325.2790696857643 354.9873460297069 -90.51417018330801 -282.7036551905843 344.9241630361785
 -475.2703686670042 492.8294583465262 -337.2494379113157 -398.8513731440526 416.7067253710059
 -557.4560071544116 276.2279276489237 -340.8376764891075 -211.2071157353157 301.0090612558106
 -325.2790696857643 354.9873460297069 -90.51417018330801 -282.7036551905843 344.9241630361785
 -460.9458253310992 -25.75586332436296 -81.86298789992918 705.9483235344849 1631.962652815993
 -325.2790696857643 354.9873460297069 -90.51417018330801 -282.7036551905843 344.9241630361785
 -315.5594872080217 220.5645581893246 -251.7976507851276 -163.8088612798309 310.5677189713052
 -325.2790696857643 354.9873460297069 -90.51417018330801 -282.7036551905843 344.9241630361785
 -325.2790696857643 354.9873460297069 -90.51417018330801 -282.7036551905843 344.9241630361785
 -126.271855080106 2919.927756682723 912.8330059794337 1207.848208229514 4609.173866813815
 -51.65805298948692 224.5862305419444 82.56522767311267 60.49896204152839 351.1860967482001
 -177.0880516308522 542.288544508876 -14.03667506482657 -550.8983774136524 186.4112220749337
 -325.2790696857643 354.9873460297069 -90.51417018330801 -282.7036551905843 344.9241630361785
 -325.2790696857643 354.9873460297069 -90.51417018330801 -282.7036551905843 344.9241630361785
 -325.2790696857643 354.9873460297069 -90.51417018330801 -282.7036551905843 344.9241630361785
 -303.4610795115779 418.2702563780147 -1.840249842844287 -140.8941069768576 420.6400869658773
 -362.7497149935775 318.257709639829 -30.98912489039863 -209.0643891052831 193.9077026268099
 -392.9862324854286 262.5771381327388 72.78858481284374 -102.3305444054475 445.0457054396188
 -557.1211570432703 390.9996239291503 160.0724547870419 -299.3956685941929 -235.3671253179065
