# Created by Octave 4.2.1, Mon Oct 09 17:08:13 2017 BRT <root@mosqueiro>
# name: pop
# type: matrix
# rows: 100
# columns: 5
 -321.6200340840742 346.5263759176294 -85.72445040905696 -283.4267094333344 343.273346105835
 -321.6085088441704 346.5671789504737 -85.73898048319823 -283.4682419002572 343.2702919635962
 -321.4823466092553 346.5364506505706 -85.6948194135429 -283.6177910964803 343.3627847763279
 -321.6085088441704 346.5671789504737 -85.73898048319823 -283.4682419002572 343.2702919635962
 -316.5118930627694 345.3866111797617 -100.4182815809463 -285.539138580649 354.9277326488967
 -325.5814083403357 354.6657631171065 -91.60201930432073 -283.7801466636634 345.1643541790141
 -321.6085088441704 346.5671789504737 -85.73898048319823 -283.4682419002572 343.2702919635962
 -321.2819192310895 346.5329995551954 -85.93380989757357 -283.5970179835426 343.5131990763173
 -325.5135440085846 354.8521097273314 -91.81993765100161 -283.841883403808 345.3604068176763
 -325.4838425787325 354.7815434268936 -91.8186893285758 -283.859307035412 345.4405435624175
 -325.5135440085846 354.8521097273314 -91.81993765100161 -283.841883403808 345.3604068176763
 -316.6328258802245 345.2531959670995 -100.3727531140923 -285.3349091409536 354.7325525831357
 -325.5135440085846 354.8521097273314 -91.81993765100161 -283.841883403808 345.3604068176763
 -264.0820630962835 364.5870192678217 -46.65091594658078 -368.8805266014903 314.5867737243634
 -321.6085088441704 346.5671789504737 -85.73898048319823 -283.4682419002572 343.2702919635962
 -325.5135440085846 354.8521097273314 -91.81993765100161 -283.841883403808 345.3604068176763
 -325.4985626408246 354.9342271702689 -91.82210968446368 -283.770296168209 345.34995112861
 -325.5135440085846 354.8521097273314 -91.81993765100161 -283.841883403808 345.3604068176763
 -321.5182661523157 346.5938100408284 -85.77333772019371 -283.6100306358586 343.3764377186261
 -264.0820630962835 364.5870192678217 -46.65091594658078 -368.8805266014903 314.5867737243634
 -321.6085088441704 346.5671789504737 -85.73898048319823 -283.4682419002572 343.2702919635962
 -262.2306714726993 364.7773923165431 -51.06514580650062 -368.1840966124439 317.8782913792746
 -325.7064929141454 354.7931690088444 -91.82092458369513 -283.6953632952274 345.3568328027746
 -325.5135440085846 354.8521097273314 -91.81993765100161 -283.841883403808 345.3604068176763
 -321.6085088441704 346.5671789504737 -85.73898048319823 -283.4682419002572 343.2702919635962
 -321.6200340840742 346.5263759176294 -85.72445040905696 -283.4267094333344 343.273346105835
 -321.6085088441704 346.5671789504737 -85.73898048319823 -283.4682419002572 343.2702919635962
 -325.5135440085846 354.8521097273314 -91.81993765100161 -283.841883403808 345.3604068176763
 -325.5157378556024 354.9134964521663 -91.8257950859014 -283.8765307838881 345.3386785671635
 -325.5135440085846 354.8521097273314 -91.81993765100161 -283.841883403808 345.3604068176763
 -262.6783661243906 364.3693826865621 -49.92793801263589 -369.7963206029109 317.4648631330078
 -321.4792384927023 346.5189138466907 -85.73685639975211 -283.590572927159 343.3777048508776
 -325.5135440085846 354.8521097273314 -91.81993765100161 -283.841883403808 345.3604068176763
 -321.4823466092553 346.5364506505706 -85.6948194135429 -283.6177910964803 343.3627847763279
 -316.1716160259404 345.4630171740213 -99.11871442805945 -284.9614277855707 355.4859646624059
 -314.3415423931393 346.8355871233189 -98.92981770937993 -285.1647853885632 355.0326918779872
 -325.497152230275 354.7040894493754 -91.66235151565529 -283.76980780607 345.1757526151987
 -321.4823466092553 346.5364506505706 -85.6948194135429 -283.6177910964803 343.3627847763279
 -321.6085088441704 346.5671789504737 -85.73898048319823 -283.4682419002572 343.2702919635962
 -325.7064929141454 354.7931690088444 -91.82092458369513 -283.6953632952274 345.3568328027746
 -321.5920068563237 346.7262956593779 -85.58741344275813 -283.8405301032699 343.3598605808642
 -325.5135440085846 354.8521097273314 -91.81993765100161 -283.841883403808 345.3604068176763
 -325.4838425787325 354.7815434268936 -91.8186893285758 -283.859307035412 345.4405435624175
 -325.5135440085846 354.8521097273314 -91.81993765100161 -283.841883403808 345.3604068176763
 -325.5135440085846 354.8521097273314 -91.81993765100161 -283.841883403808 345.3604068176763
 -325.5135440085846 354.8521097273314 -91.81993765100161 -283.841883403808 345.3604068176763
 -316.1130375194663 345.473644533309 -99.11738448669817 -285.0583860034878 355.4623733693939
 -321.4823466092553 346.5364506505706 -85.6948194135429 -283.6177910964803 343.3627847763279
 -325.4985626408246 354.9342271702689 -91.82210968446368 -283.770296168209 345.34995112861
 -316.1130375194663 345.473644533309 -99.11738448669817 -285.0583860034878 355.4623733693939
 -264.0820630962835 364.5870192678217 -46.65091594658078 -368.8805266014903 314.5867737243634
 -325.5135440085846 354.8521097273314 -91.81993765100161 -283.841883403808 345.3604068176763
 -321.6085088441704 346.5671789504737 -85.73898048319823 -283.4682419002572 343.2702919635962
 -325.5135440085846 354.8521097273314 -91.81993765100161 -283.841883403808 345.3604068176763
 -321.6085088441704 346.5671789504737 -85.73898048319823 -283.4682419002572 343.2702919635962
 -329.725480256013 352.8027898226292 -89.78176245879443 -280.0143111084408 345.0779385023151
 -321.4823466092553 346.5364506505706 -85.6948194135429 -283.6177910964803 343.3627847763279
 -321.4823466092553 346.5364506505706 -85.6948194135429 -283.6177910964803 343.3627847763279
 -321.5182661523157 346.5938100408284 -85.77333772019371 -283.6100306358586 343.3764377186261
 -321.5920068563237 346.7262956593779 -85.58741344275813 -283.8405301032699 343.3598605808642
 -321.6085088441704 346.5671789504737 -85.73898048319823 -283.4682419002572 343.2702919635962
 -262.6783661243906 364.3693826865621 -49.92793801263589 -369.7963206029109 317.4648631330078
 -264.0820630962835 364.5870192678217 -46.65091594658078 -368.8805266014903 314.5867737243634
 -325.5135440085846 354.8521097273314 -91.81993765100161 -283.841883403808 345.3604068176763
 -325.5135440085846 354.8521097273314 -91.81993765100161 -283.841883403808 345.3604068176763
 -325.5135440085846 354.8521097273314 -91.81993765100161 -283.841883403808 345.3604068176763
 -321.4823466092553 346.5364506505706 -85.6948194135429 -283.6177910964803 343.3627847763279
 -325.5135440085846 354.8521097273314 -91.81993765100161 -283.841883403808 345.3604068176763
 -325.5135440085846 354.8521097273314 -91.81993765100161 -283.841883403808 345.3604068176763
 -321.6085088441704 346.5671789504737 -85.73898048319823 -283.4682419002572 343.2702919635962
 -321.6553102051967 346.8097742228065 -86.09385937616121 -283.4962331291241 343.5371607910104
 -321.6085088441704 346.5671789504737 -85.73898048319823 -283.4682419002572 343.2702919635962
 -321.5920068563237 346.7262956593779 -85.58741344275813 -283.8405301032699 343.3598605808642
 -324.7588811196099 352.0545502415362 -101.2918868109469 -283.5652668467005 356.5031598528622
 -321.6085088441704 346.5671789504737 -85.73898048319823 -283.4682419002572 343.2702919635962
 -321.2819192310895 346.5329995551954 -85.93380989757357 -283.5970179835426 343.5131990763173
 -262.6783661243906 364.3693826865621 -49.92793801263589 -369.7963206029109 317.4648631330078
 -264.0820630962835 364.5870192678217 -46.65091594658078 -368.8805266014903 314.5867737243634
 -321.6553102051967 346.8097742228065 -86.09385937616121 -283.4962331291241 343.5371607910104
 -321.6200340840742 346.5263759176294 -85.72445040905696 -283.4267094333344 343.273346105835
 -325.5349791175615 354.8605583444802 -91.83013203214612 -283.8591056781406 345.3739368294859
 -321.4972365390531 346.5496563723185 -85.69162107932036 -283.6132789976013 343.3680241501761
 -325.5193764973303 354.8584338251023 -91.82254179603959 -283.8279505446201 345.3676785929675
 -325.5853077094417 354.6536079841062 -91.62315838371438 -283.7858611423069 345.1333219980981
