# Created by Octave 4.2.1, Mon Oct 09 17:08:09 2017 BRT <root@mosqueiro>
# name: pop
# type: matrix
# rows: 100
# columns: 5
 -321.4823466092553 346.5364506505706 -85.6948194135429 -283.6177910964803 343.3627847763279
 -321.4823466092553 346.5364506505706 -85.6948194135429 -283.6177910964803 343.3627847763279
 -316.1130375194663 345.473644533309 -99.11738448669817 -285.0583860034878 355.4623733693939
 -321.4823466092553 346.5364506505706 -85.6948194135429 -283.6177910964803 343.3627847763279
 -321.4823466092553 346.5364506505706 -85.6948194135429 -283.6177910964803 343.3627847763279
 -261.495479352474 358.0519821748034 -47.25508670145535 -374.3862403216325 313.8832926831407
 -94.67958441300472 398.3685909779458 -212.8185800850924 -308.9446404705926 458.2126301713324
 -94.67958441300472 398.3685909779458 -212.8185800850924 -308.9446404705926 458.2126301713324
 -316.1130375194663 345.473644533309 -99.11738448669817 -285.0583860034878 355.4623733693939
 -261.3163122201844 366.4922508384854 -50.18351220144387 -368.1332469103129 320.7999187841742
 -325.2790696857643 354.9873460297069 -90.51417018330801 -282.7036551905843 344.9241630361785
 -321.4823466092553 346.5364506505706 -85.6948194135429 -283.6177910964803 343.3627847763279
 -321.4823466092553 346.5364506505706 -85.6948194135429 -283.6177910964803 343.3627847763279
 -262.2391878116189 364.7892043334969 -50.8652050452802 -368.2950972120123 317.7646707930766
 -94.67958441300472 398.3685909779458 -212.8185800850924 -308.9446404705926 458.2126301713324
 -321.4823466092553 346.5364506505706 -85.6948194135429 -283.6177910964803 343.3627847763279
 -323.4347299566373 352.5179900794791 -102.5655429097624 -284.1496623492773 355.5963285068408
 -264.9375301481208 350.7142131962582 -50.68953431631 -376.3765215434928 315.5984721074453
 -262.7272634276438 364.4455130978242 -49.85438350336189 -369.8414477992287 317.4626709568807
 -262.2391878116189 364.7892043334969 -50.8652050452802 -368.2950972120123 317.7646707930766
 -318.7165955282669 351.9406687846949 -104.73041624696 -278.8326729744323 353.4516540797283
 -315.7534172233873 344.4105078716177 -97.24021048949895 -284.7869856098234 355.6465494905394
 -325.2790696857643 354.9873460297069 -90.51417018330801 -282.7036551905843 344.9241630361785
 -321.4823466092553 346.5364506505706 -85.6948194135429 -283.6177910964803 343.3627847763279
 -94.67958441300472 398.3685909779458 -212.8185800850924 -308.9446404705926 458.2126301713324
 -264.0820630962835 364.5870192678217 -46.65091594658078 -368.8805266014903 314.5867737243634
 -264.0820630962835 364.5870192678217 -46.65091594658078 -368.8805266014903 314.5867737243634
 -94.67958441300472 398.3685909779458 -212.8185800850924 -308.9446404705926 458.2126301713324
 -314.3415423931393 346.8355871233189 -98.92981770937993 -285.1647853885632 355.0326918779872
 -329.725480256013 352.8027898226292 -89.78176245879443 -280.0143111084408 345.0779385023151
 -321.4823466092553 346.5364506505706 -85.6948194135429 -283.6177910964803 343.3627847763279
 -264.0820630962835 364.5870192678217 -46.65091594658078 -368.8805266014903 314.5867737243634
 -316.1130375194663 345.473644533309 -99.11738448669817 -285.0583860034878 355.4623733693939
 -262.7272634276438 364.4455130978242 -49.85438350336189 -369.8414477992287 317.4626709568807
 -264.0820630962835 364.5870192678217 -46.65091594658078 -368.8805266014903 314.5867737243634
 -264.0820630962835 364.5870192678217 -46.65091594658078 -368.8805266014903 314.5867737243634
 -325.2790696857643 354.9873460297069 -90.51417018330801 -282.7036551905843 344.9241630361785
 -321.4823466092553 346.5364506505706 -85.6948194135429 -283.6177910964803 343.3627847763279
 -262.2391878116189 364.7892043334969 -50.8652050452802 -368.2950972120123 317.7646707930766
 -264.0820630962835 364.5870192678217 -46.65091594658078 -368.8805266014903 314.5867737243634
 -321.4823466092553 346.5364506505706 -85.6948194135429 -283.6177910964803 343.3627847763279
 -262.2391878116189 364.7892043334969 -50.8652050452802 -368.2950972120123 317.7646707930766
 -321.4823466092553 346.5364506505706 -85.6948194135429 -283.6177910964803 343.3627847763279
 -316.1130375194663 345.473644533309 -99.11738448669817 -285.0583860034878 355.4623733693939
 -321.4823466092553 346.5364506505706 -85.6948194135429 -283.6177910964803 343.3627847763279
 -264.0820630962835 364.5870192678217 -46.65091594658078 -368.8805266014903 314.5867737243634
 -329.725480256013 352.8027898226292 -89.78176245879443 -280.0143111084408 345.0779385023151
 -313.3067173753894 327.9117950632284 -86.05175730440581 -278.3088423363566 324.6162362662851
 -321.4823466092553 346.5364506505706 -85.6948194135429 -283.6177910964803 343.3627847763279
 -316.1130375194663 345.473644533309 -99.11738448669817 -285.0583860034878 355.4623733693939
 -264.0820630962835 364.5870192678217 -46.65091594658078 -368.8805266014903 314.5867737243634
 -316.1130375194663 345.473644533309 -99.11738448669817 -285.0583860034878 355.4623733693939
 -316.1130375194663 345.473644533309 -99.11738448669817 -285.0583860034878 355.4623733693939
 -262.2391878116189 364.7892043334969 -50.8652050452802 -368.2950972120123 317.7646707930766
 -321.4823466092553 346.5364506505706 -85.6948194135429 -283.6177910964803 343.3627847763279
 -262.2391878116189 364.7892043334969 -50.8652050452802 -368.2950972120123 317.7646707930766
 -321.4823466092553 346.5364506505706 -85.6948194135429 -283.6177910964803 343.3627847763279
 -262.2391878116189 364.7892043334969 -50.8652050452802 -368.2950972120123 317.7646707930766
 -331.5424540464334 359.4142462786136 -80.36399979033558 -263.0916224871676 347.9319491683245
 -356.1014062879079 202.5357417596051 -309.625112486811 -132.574037387676 257.3912598913062
 -264.0820630962835 364.5870192678217 -46.65091594658078 -368.8805266014903 314.5867737243634
 -316.1130375194663 345.473644533309 -99.11738448669817 -285.0583860034878 355.4623733693939
 -655.9657875124827 415.1001437516089 -15.80804143114267 -276.813313328401 -206.3211341361746
 -321.4823466092553 346.5364506505706 -85.6948194135429 -283.6177910964803 343.3627847763279
 -264.0820630962835 364.5870192678217 -46.65091594658078 -368.8805266014903 314.5867737243634
 -321.4823466092553 346.5364506505706 -85.6948194135429 -283.6177910964803 343.3627847763279
 -316.1130375194663 345.473644533309 -99.11738448669817 -285.0583860034878 355.4623733693939
 -320.3410393693545 352.4822855851683 -95.71654590983366 -292.8304068140766 357.0219488163301
 -321.4823466092553 346.5364506505706 -85.6948194135429 -283.6177910964803 343.3627847763279
 -321.4823466092553 346.5364506505706 -85.6948194135429 -283.6177910964803 343.3627847763279
 -320.3410393693545 352.4822855851683 -95.71654590983366 -292.8304068140766 357.0219488163301
 -321.4823466092553 346.5364506505706 -85.6948194135429 -283.6177910964803 343.3627847763279
 -321.4823466092553 346.5364506505706 -85.6948194135429 -283.6177910964803 343.3627847763279
 -321.4823466092553 346.5364506505706 -85.6948194135429 -283.6177910964803 343.3627847763279
 -321.4823466092553 346.5364506505706 -85.6948194135429 -283.6177910964803 343.3627847763279
 -262.2391878116189 364.7892043334969 -50.8652050452802 -368.2950972120123 317.7646707930766
 -262.7272634276438 364.4455130978242 -49.85438350336189 -369.8414477992287 317.4626709568807
 -321.4823466092553 346.5364506505706 -85.6948194135429 -283.6177910964803 343.3627847763279
 -321.4823466092553 346.5364506505706 -85.6948194135429 -283.6177910964803 343.3627847763279
 -321.4823466092553 346.5364506505706 -85.6948194135429 -283.6177910964803 343.3627847763279
 -316.6328258802245 345.2531959670995 -100.3727531140923 -285.3349091409536 354.7325525831357
 -264.1421186086607 364.9818209705252 -49.7710355531787 -369.9557797998075 316.9684746011939
 -317.2468948207373 344.6558053691339 -100.2179917845623 -285.42200035349 355.4033737863775
 -316.1647889257931 345.029988780194 -97.54178437874191 -285.1187325760068 355.8513342678895
