# Created by Octave 4.2.1, Mon Oct 09 17:07:02 2017 BRT <root@mosqueiro>
# name: pop
# type: matrix
# rows: 100
# columns: 5
 615.1536986513984 -126.5993370543571 -1142.933794299216 1501.671416527957 -844.8635222840937
 615.1536986513984 -126.5993370543571 -1142.933794299216 1501.671416527957 -844.8635222840937
 699.0768780885967 237.1700414386066 -1159.344910899754 1368.898474483903 -1122.349621351112
 615.1536986513984 -126.5993370543571 -1142.933794299216 1501.671416527957 -844.8635222840937
 549.2069253055546 -516.1545675680293 -901.5443233713909 948.2040929113657 -70.17469444954628
 615.1536986513984 -126.5993370543571 -1142.933794299216 1501.671416527957 -844.8635222840937
 -1253.773665091661 757.0786704815476 667.236358538519 1321.222234425491 808.5074757066724
 615.1536986513984 -126.5993370543571 -1142.933794299216 1501.671416527957 -844.8635222840937
 615.1536986513984 -126.5993370543571 -1142.933794299216 1501.671416527957 -844.8635222840937
 223.377919184435 52.50504362539246 -725.2674662071015 740.1425794671051 -491.0632949527929
 615.1536986513984 -126.5993370543571 -1142.933794299216 1501.671416527957 -844.8635222840937
 549.2069253055546 -516.1545675680293 -901.5443233713909 948.2040929113657 -70.17469444954628
 615.1536986513984 -126.5993370543571 -1142.933794299216 1501.671416527957 -844.8635222840937
 615.1536986513984 -126.5993370543571 -1142.933794299216 1501.671416527957 -844.8635222840937
 704.2269263744342 66.68309668057563 -1149.460098198449 1715.610778755217 -583.3149381009048
 289.1427979421223 -423.1172065829788 -1050.895306825771 1086.951807986356 -270.1712981503621
 292.3943625799076 101.7671333170198 -357.8509497145649 313.8717719725129 -1803.161471479667
 615.1536986513984 -126.5993370543571 -1142.933794299216 1501.671416527957 -844.8635222840937
 639.010815557077 -168.436112467907 -1187.655495379767 1562.985925125222 -815.4840325531775
 778.1243857331268 -276.0937160565311 -1112.793492425736 1230.522412859319 -609.1550257692082
 615.1536986513984 -126.5993370543571 -1142.933794299216 1501.671416527957 -844.8635222840937
 736.1773839431962 -99.81818874289218 -469.1655043127652 825.4328914484084 602.2922585805077
 549.2069253055546 -516.1545675680293 -901.5443233713909 948.2040929113657 -70.17469444954628
 669.0204571675249 1.422445843978267 -1235.2676286313 1270.206469986237 -861.6615767357558
 615.1536986513984 -126.5993370543571 -1142.933794299216 1501.671416527957 -844.8635222840937
 643.9609504294201 26.60412442038964 -451.0501223264116 790.3582064731729 -716.2687151155071
 549.2069253055546 -516.1545675680293 -901.5443233713909 948.2040929113657 -70.17469444954628
 615.1536986513984 -126.5993370543571 -1142.933794299216 1501.671416527957 -844.8635222840937
 615.1536986513984 -126.5993370543571 -1142.933794299216 1501.671416527957 -844.8635222840937
 614.4535731589982 20.77184319226586 -1048.652363802658 1516.229670831208 -748.9182159791806
 549.2069253055546 -516.1545675680293 -901.5443233713909 948.2040929113657 -70.17469444954628
 615.1536986513984 -126.5993370543571 -1142.933794299216 1501.671416527957 -844.8635222840937
 424.5393618831072 -382.9208043788379 -1013.906673373052 1610.239428419839 -708.9398608906969
 806.6446145291825 126.5935394639673 -733.8841301664638 312.7656924883424 -628.722195197158
 223.377919184435 52.50504362539246 -725.2674662071015 740.1425794671051 -491.0632949527929
 615.1536986513984 -126.5993370543571 -1142.933794299216 1501.671416527957 -844.8635222840937
 669.0204571675249 1.422445843978267 -1235.2676286313 1270.206469986237 -861.6615767357558
 549.2069253055546 -516.1545675680293 -901.5443233713909 948.2040929113657 -70.17469444954628
 292.3943625799076 101.7671333170198 -357.8509497145649 313.8717719725129 -1803.161471479667
 458.6585320637209 -63.34174233924648 -518.5875542202955 738.7709262897456 -581.0494691775859
 614.4535731589982 20.77184319226586 -1048.652363802658 1516.229670831208 -748.9182159791806
 204.4637461637259 294.2641839717886 -748.6471968546007 972.0690582374033 -640.0242573583459
 615.1536986513984 -126.5993370543571 -1142.933794299216 1501.671416527957 -844.8635222840937
 615.1536986513984 -126.5993370543571 -1142.933794299216 1501.671416527957 -844.8635222840937
 699.0768780885967 237.1700414386066 -1159.344910899754 1368.898474483903 -1122.349621351112
 770.3522940680696 -214.6468788551284 -1185.420112593641 1697.350726836625 -759.5210294671688
 615.1536986513984 -126.5993370543571 -1142.933794299216 1501.671416527957 -844.8635222840937
 615.1536986513984 -126.5993370543571 -1142.933794299216 1501.671416527957 -844.8635222840937
 458.6585320637209 -63.34174233924648 -518.5875542202955 738.7709262897456 -581.0494691775859
 615.1536986513984 -126.5993370543571 -1142.933794299216 1501.671416527957 -844.8635222840937
 817.8205517537222 125.1631263655038 -668.9164500121362 1341.230669348124 -687.6863805189662
 615.1536986513984 -126.5993370543571 -1142.933794299216 1501.671416527957 -844.8635222840937
 549.2069253055546 -516.1545675680293 -901.5443233713909 948.2040929113657 -70.17469444954628
 -786.275808371064 -341.4865283285243 624.7137742892651 319.9919513493833 1143.82199381718
 778.1243857331268 -276.0937160565311 -1112.793492425736 1230.522412859319 -609.1550257692082
 615.1536986513984 -126.5993370543571 -1142.933794299216 1501.671416527957 -844.8635222840937
 615.1536986513984 -126.5993370543571 -1142.933794299216 1501.671416527957 -844.8635222840937
 615.1536986513984 -126.5993370543571 -1142.933794299216 1501.671416527957 -844.8635222840937
 615.1536986513984 -126.5993370543571 -1142.933794299216 1501.671416527957 -844.8635222840937
 615.1536986513984 -126.5993370543571 -1142.933794299216 1501.671416527957 -844.8635222840937
 615.1536986513984 -126.5993370543571 -1142.933794299216 1501.671416527957 -844.8635222840937
 700.982466887644 -395.0630720898947 -774.7832635345218 979.2686396033329 -176.6352922999243
 615.1536986513984 -126.5993370543571 -1142.933794299216 1501.671416527957 -844.8635222840937
 700.982466887644 -395.0630720898947 -774.7832635345218 979.2686396033329 -176.6352922999243
 615.1536986513984 -126.5993370543571 -1142.933794299216 1501.671416527957 -844.8635222840937
 337.5415789332484 -152.1140543018253 -1252.481390879079 1662.608886503871 -1506.965350478681
 615.1536986513984 -126.5993370543571 -1142.933794299216 1501.671416527957 -844.8635222840937
 424.5393618831072 -382.9208043788379 -1013.906673373052 1610.239428419839 -708.9398608906969
 704.2269263744342 66.68309668057563 -1149.460098198449 1715.610778755217 -583.3149381009048
 477.6299521497949 -623.026638503553 -941.1293360954431 741.0308116370869 -21.64574708263775
 615.1536986513984 -126.5993370543571 -1142.933794299216 1501.671416527957 -844.8635222840937
 615.1536986513984 -126.5993370543571 -1142.933794299216 1501.671416527957 -844.8635222840937
 639.010815557077 -168.436112467907 -1187.655495379767 1562.985925125222 -815.4840325531775
 615.1536986513984 -126.5993370543571 -1142.933794299216 1501.671416527957 -844.8635222840937
 -1253.773665091661 757.0786704815476 667.236358538519 1321.222234425491 808.5074757066724
 615.1536986513984 -126.5993370543571 -1142.933794299216 1501.671416527957 -844.8635222840937
 549.2069253055546 -516.1545675680293 -901.5443233713909 948.2040929113657 -70.17469444954628
 615.1536986513984 -126.5993370543571 -1142.933794299216 1501.671416527957 -844.8635222840937
 615.1536986513984 -126.5993370543571 -1142.933794299216 1501.671416527957 -844.8635222840937
 -786.275808371064 -341.4865283285243 624.7137742892651 319.9919513493833 1143.82199381718
 544.3949652974006 -432.6815589108456 -857.3211426344083 896.0149528627136 -133.2380598840302
 591.0410995824471 -471.9865654328469 -676.5934045995609 1011.556703766383 33.27780978092163
 340.675143149484 -236.2628111503944 -606.3011560932722 705.5317138136701 -629.6697376905454
 464.3932900261964 -93.04094589541005 -1211.607327437664 1486.151003859824 -820.7254311025246
