# Created by Octave 4.2.1, Mon Oct 09 17:07:50 2017 BRT <root@mosqueiro>
# name: pop
# type: matrix
# rows: 100
# columns: 5
 -325.2790696857643 354.9873460297069 -90.51417018330801 -282.7036551905843 344.9241630361785
 -325.2790696857643 354.9873460297069 -90.51417018330801 -282.7036551905843 344.9241630361785
 -325.2790696857643 354.9873460297069 -90.51417018330801 -282.7036551905843 344.9241630361785
 -325.2790696857643 354.9873460297069 -90.51417018330801 -282.7036551905843 344.9241630361785
 -891.0797008245701 638.4484198817759 7.570651220664104 97.90665750146422 -498.6167089837571
 -572.4309141091725 587.2524063829085 -540.9706423330732 65.0497702317225 272.4875466139522
 -325.2790696857643 354.9873460297069 -90.51417018330801 -282.7036551905843 344.9241630361785
 556.9266618306431 3990.933711143357 -974.1682539931735 -746.6585002203306 2727.447138883008
 -325.2790696857643 354.9873460297069 -90.51417018330801 -282.7036551905843 344.9241630361785
 135.6167680603705 -668.8885108202866 602.5112592828179 789.5249737939478 -713.9519255326375
 -822.3848986614736 746.4658156923088 630.7874904592679 -207.5144673626198 -390.6991996621766
 579.6703104663459 -979.4678268137839 482.964807784922 493.5802935918221 -327.7891676685562
 -485.0929216339174 436.0236757022292 888.5008710474567 954.2843825398572 676.851626634631
 -378.9344993311686 -415.2087828691507 -641.9932607292366 -579.7238966989439 573.9197071348042
 978.0715810897743 -865.8417250487857 456.0571111427741 -889.0006017960311 101.7645577429764
 -117.6755877861196 -757.2770077829624 830.9275024129468 -528.2619027785922 605.5519445185878
 -325.2790696857643 354.9873460297069 -90.51417018330801 -282.7036551905843 344.9241630361785
 -117.6755877861196 -757.2770077829624 830.9275024129468 -528.2619027785922 605.5519445185878
 571.925613774464 -553.4315501946039 716.5418432376885 -93.28857601636741 -781.4660506902153
 646.222964522683 100.9988247243398 -908.9353214760198 827.2325904796369 -621.6986437769258
 -117.6755877861196 -757.2770077829624 830.9275024129468 -528.2619027785922 605.5519445185878
 646.222964522683 100.9988247243398 -908.9353214760198 827.2325904796369 -621.6986437769258
 -558.2525626388756 -882.4301724483312 -746.0002075956484 222.2905220253042 286.7923286404505
 135.6167680603705 -668.8885108202866 602.5112592828179 789.5249737939478 -713.9519255326375
 -558.2525626388756 -882.4301724483312 -746.0002075956484 222.2905220253042 286.7923286404505
 135.6167680603705 -668.8885108202866 602.5112592828179 789.5249737939478 -713.9519255326375
 764.6646999878515 579.1742277023111 208.3551042250065 837.5569189441003 954.5610311619848
 -822.3848986614736 746.4658156923088 630.7874904592679 -207.5144673626198 -390.6991996621766
 -626.9054724924554 633.6574017094952 -476.9190027683262 505.9672048342941 40.37259432084829
 -991.0304471042991 -229.2915320837675 -101.4159527456918 944.070713644192 92.96787492874478
 -325.2790696857643 354.9873460297069 -90.51417018330801 -282.7036551905843 344.9241630361785
 721.282081292806 263.4210877995051 580.7635814512751 979.2067258857908 634.4913144635286
 -947.5610013827834 6356.813440790787 2340.857518622591 -2823.433221625667 -2070.688374450926
 571.925613774464 -553.4315501946039 716.5418432376885 -93.28857601636741 -781.4660506902153
 -750.4972119620287 641.5237136481767 247.5554914457161 215.3637101351756 -204.1754529696286
 -2253.53931006339 1278.382031016115 -807.513387816485 1851.423201251405 2314.29761444957
 135.6167680603705 -668.8885108202866 602.5112592828179 789.5249737939478 -713.9519255326375
 -626.9054724924554 633.6574017094952 -476.9190027683262 505.9672048342941 40.37259432084829
 -325.2790696857643 354.9873460297069 -90.51417018330801 -282.7036551905843 344.9241630361785
 -1142.002830800881 -157.5613291802035 322.2927064375494 -3321.834349169403 678.5983714491438
 -325.2790696857643 354.9873460297069 -90.51417018330801 -282.7036551905843 344.9241630361785
 579.6703104663459 -979.4678268137839 482.964807784922 493.5802935918221 -327.7891676685562
 646.222964522683 100.9988247243398 -908.9353214760198 827.2325904796369 -621.6986437769258
 470.2697610645822 2860.634215114967 -1105.459097323584 298.5222189303233 -1042.563760893261
 -822.3848986614736 746.4658156923088 630.7874904592679 -207.5144673626198 -390.6991996621766
 -190.7382423543443 -3948.698112721345 -923.4951723443633 -2466.02280159615 2567.130088717935
 286.6882789261315 -250.6687106384867 897.3599181353165 -670.4069794855604 -715.8347528401944
 764.6646999878515 579.1742277023111 208.3551042250065 837.5569189441003 954.5610311619848
 -325.2790696857643 354.9873460297069 -90.51417018330801 -282.7036551905843 344.9241630361785
 -332.1005593052647 836.7538659045947 560.8047913215041 -383.9561181278474 126.5303901971367
 -117.6755877861196 -757.2770077829624 830.9275024129468 -528.2619027785922 605.5519445185878
 -325.2790696857643 354.9873460297069 -90.51417018330801 -282.7036551905843 344.9241630361785
 -117.6755877861196 -757.2770077829624 830.9275024129468 -528.2619027785922 605.5519445185878
 -558.2525626388756 -882.4301724483312 -746.0002075956484 222.2905220253042 286.7923286404505
 -325.2790696857643 354.9873460297069 -90.51417018330801 -282.7036551905843 344.9241630361785
 164.7283862191007 915.778923236529 -270.7209713792556 -326.7559070813081 -533.3018872106816
 -325.2790696857643 354.9873460297069 -90.51417018330801 -282.7036551905843 344.9241630361785
 -1142.002830800881 -157.5613291802035 322.2927064375494 -3321.834349169403 678.5983714491438
 -325.2790696857643 354.9873460297069 -90.51417018330801 -282.7036551905843 344.9241630361785
 -117.6755877861196 -757.2770077829624 830.9275024129468 -528.2619027785922 605.5519445185878
 164.7283862191007 915.778923236529 -270.7209713792556 -326.7559070813081 -533.3018872106816
 14.20192017756801 148.9487963170986 -64.42778669409483 -43.74022192601535 754.0152240064463
 978.0715810897743 -865.8417250487857 456.0571111427741 -889.0006017960311 101.7645577429764
 646.222964522683 100.9988247243398 -908.9353214760198 827.2325904796369 -621.6986437769258
 -2113.537615051823 -1322.975324128278 3278.71434050529 350.084547407919 -810.1503028744572
 409.6933139847422 -241.6298875098558 -536.343853118319 -454.3718167887005 332.4913729122363
 -822.3848986614736 746.4658156923088 630.7874904592679 -207.5144673626198 -390.6991996621766
 -325.2790696857643 354.9873460297069 -90.51417018330801 -282.7036551905843 344.9241630361785
 -325.2790696857643 354.9873460297069 -90.51417018330801 -282.7036551905843 344.9241630361785
 -626.9054724924554 633.6574017094952 -476.9190027683262 505.9672048342941 40.37259432084829
 -626.9054724924554 633.6574017094952 -476.9190027683262 505.9672048342941 40.37259432084829
 579.6703104663459 -979.4678268137839 482.964807784922 493.5802935918221 -327.7891676685562
 -858.496575181671 378.1384512011293 124.7259110441696 771.930361876616 -23.48005046413982
 -117.6755877861196 -757.2770077829624 830.9275024129468 -528.2619027785922 605.5519445185878
 -750.4972119620287 641.5237136481767 247.5554914457161 215.3637101351756 -204.1754529696286
 978.0715810897743 -865.8417250487857 456.0571111427741 -889.0006017960311 101.7645577429764
 434.8178090977806 -767.8985967922674 558.4780127386514 -203.3503389676054 982.4056905517016
 -951.9147024751539 3197.654079852276 1361.711265176319 933.1739286559435 -2312.90307968651
 -117.6755877861196 -757.2770077829624 830.9275024129468 -528.2619027785922 605.5519445185878
 -426.0763577328687 76.43290907526671 -152.4706173478327 379.9614250829266 -407.7981240687659
 3270.456081554511 1351.126726093115 610.0117623982665 -349.1733254738208 4293.959342143239
 1669.381927861737 4187.867239129498 3296.164294293821 -4123.100502834653 -8302.379166034025
 2293.607790119206 -1710.99541111522 2634.004218845723 689.2884605124902 -558.3092909879589
 1875.492589093082 -2470.944973287446 680.2220508038055 -5097.373895002135 -2013.191271447905
