# Created by Octave 4.2.1, Mon Oct 09 17:08:32 2017 BRT <root@mosqueiro>
# name: pop
# type: matrix
# rows: 100
# columns: 5
 282.6466254218274 906.3067794946598 -215.2625780833953 -744.3451018949722 -219.3898061467679
 282.6466254218274 906.3067794946598 -215.2625780833953 -744.3451018949722 -219.3898061467679
 282.6466254218274 906.3067794946598 -215.2625780833953 -744.3451018949722 -219.3898061467679
 282.6466254218274 906.3067794946598 -215.2625780833953 -744.3451018949722 -219.3898061467679
 282.6466254218274 906.3067794946598 -215.2625780833953 -744.3451018949722 -219.3898061467679
 282.6466254218274 906.3067794946598 -215.2625780833953 -744.3451018949722 -219.3898061467679
 55.6093460566982 1318.48797635192 154.1998952720486 -409.6104344113181 -564.5255321011822
 282.6466254218274 906.3067794946598 -215.2625780833953 -744.3451018949722 -219.3898061467679
 999.2187551722702 1438.695062195748 -742.1361039598164 -218.5955738220852 -676.1410610196757
 -395.6941937287695 368.0150872482488 -120.3307858765793 -1019.387802506586 -33.76810866770572
 282.6466254218274 906.3067794946598 -215.2625780833953 -744.3451018949722 -219.3898061467679
 334.6915605105399 858.8941220939307 -239.3896794857873 -469.1725153909004 -664.8795870391108
 334.6915605105399 858.8941220939307 -239.3896794857873 -469.1725153909004 -664.8795870391108
 282.6466254218274 906.3067794946598 -215.2625780833953 -744.3451018949722 -219.3898061467679
 -395.6941937287695 368.0150872482488 -120.3307858765793 -1019.387802506586 -33.76810866770572
 282.6466254218274 906.3067794946598 -215.2625780833953 -744.3451018949722 -219.3898061467679
 282.6466254218274 906.3067794946598 -215.2625780833953 -744.3451018949722 -219.3898061467679
 999.2187551722702 1438.695062195748 -742.1361039598164 -218.5955738220852 -676.1410610196757
 282.6466254218274 906.3067794946598 -215.2625780833953 -744.3451018949722 -219.3898061467679
 282.6466254218274 906.3067794946598 -215.2625780833953 -744.3451018949722 -219.3898061467679
 282.6466254218274 906.3067794946598 -215.2625780833953 -744.3451018949722 -219.3898061467679
 282.6466254218274 906.3067794946598 -215.2625780833953 -744.3451018949722 -219.3898061467679
 282.6466254218274 906.3067794946598 -215.2625780833953 -744.3451018949722 -219.3898061467679
 831.4447103449999 588.0896864182153 -635.8613528898286 -475.4061390625729 254.7346320004677
 55.6093460566982 1318.48797635192 154.1998952720486 -409.6104344113181 -564.5255321011822
 537.4388598127416 673.2617754151647 -1632.411715022092 -2443.210061845185 -732.586064782122
 282.6466254218274 906.3067794946598 -215.2625780833953 -744.3451018949722 -219.3898061467679
 299.8457186238633 909.2812071654005 -415.8109054733133 -778.9890767509754 -37.53719677479742
 282.6466254218274 906.3067794946598 -215.2625780833953 -744.3451018949722 -219.3898061467679
 282.6466254218274 906.3067794946598 -215.2625780833953 -744.3451018949722 -219.3898061467679
 282.6466254218274 906.3067794946598 -215.2625780833953 -744.3451018949722 -219.3898061467679
 235.2585254568809 880.6417917877478 -259.5750623403244 -631.2694404251928 -25.61972408922009
 -395.6941937287695 368.0150872482488 -120.3307858765793 -1019.387802506586 -33.76810866770572
 282.6466254218274 906.3067794946598 -215.2625780833953 -744.3451018949722 -219.3898061467679
 282.6466254218274 906.3067794946598 -215.2625780833953 -744.3451018949722 -219.3898061467679
 157.8062134968903 1185.435871781066 -133.0838927041561 -925.2794021248869 -636.1489129801147
 282.6466254218274 906.3067794946598 -215.2625780833953 -744.3451018949722 -219.3898061467679
 486.0278014399106 -2043.985087085882 76.09153100611852 1277.347576140644 3560.326772889876
 282.6466254218274 906.3067794946598 -215.2625780833953 -744.3451018949722 -219.3898061467679
 2000.422331637245 2074.538844513429 -939.0732818002253 -473.1590234114949 -417.3674950493048
 282.6466254218274 906.3067794946598 -215.2625780833953 -744.3451018949722 -219.3898061467679
 282.6466254218274 906.3067794946598 -215.2625780833953 -744.3451018949722 -219.3898061467679
 282.6466254218274 906.3067794946598 -215.2625780833953 -744.3451018949722 -219.3898061467679
 282.6466254218274 906.3067794946598 -215.2625780833953 -744.3451018949722 -219.3898061467679
 343.3330920528088 1446.593445361869 -509.2650494524279 -653.5605278480251 -500.5362531485679
 282.6466254218274 906.3067794946598 -215.2625780833953 -744.3451018949722 -219.3898061467679
 999.2187551722702 1438.695062195748 -742.1361039598164 -218.5955738220852 -676.1410610196757
 420.5989305218079 633.1391723769464 137.8183586255022 -926.9367862651669 -79.56290977104723
 282.6466254218274 906.3067794946598 -215.2625780833953 -744.3451018949722 -219.3898061467679
 151.5992766248853 1116.973415893129 -9.744511073276897 -822.6328016950947 -655.0880185186551
 282.6466254218274 906.3067794946598 -215.2625780833953 -744.3451018949722 -219.3898061467679
 282.6466254218274 906.3067794946598 -215.2625780833953 -744.3451018949722 -219.3898061467679
 432.0902760669761 1430.589929857484 31.09273000299419 -1057.505428027115 -359.8050308335131
 282.6466254218274 906.3067794946598 -215.2625780833953 -744.3451018949722 -219.3898061467679
 282.6466254218274 906.3067794946598 -215.2625780833953 -744.3451018949722 -219.3898061467679
 282.6466254218274 906.3067794946598 -215.2625780833953 -744.3451018949722 -219.3898061467679
 282.6466254218274 906.3067794946598 -215.2625780833953 -744.3451018949722 -219.3898061467679
 282.6466254218274 906.3067794946598 -215.2625780833953 -744.3451018949722 -219.3898061467679
 282.6466254218274 906.3067794946598 -215.2625780833953 -744.3451018949722 -219.3898061467679
 282.6466254218274 906.3067794946598 -215.2625780833953 -744.3451018949722 -219.3898061467679
 282.6466254218274 906.3067794946598 -215.2625780833953 -744.3451018949722 -219.3898061467679
 831.4447103449999 588.0896864182153 -635.8613528898286 -475.4061390625729 254.7346320004677
 282.6466254218274 906.3067794946598 -215.2625780833953 -744.3451018949722 -219.3898061467679
 831.4447103449999 588.0896864182153 -635.8613528898286 -475.4061390625729 254.7346320004677
 999.2187551722702 1438.695062195748 -742.1361039598164 -218.5955738220852 -676.1410610196757
 282.6466254218274 906.3067794946598 -215.2625780833953 -744.3451018949722 -219.3898061467679
 282.6466254218274 906.3067794946598 -215.2625780833953 -744.3451018949722 -219.3898061467679
 537.4388598127416 673.2617754151647 -1632.411715022092 -2443.210061845185 -732.586064782122
 282.6466254218274 906.3067794946598 -215.2625780833953 -744.3451018949722 -219.3898061467679
 157.8062134968903 1185.435871781066 -133.0838927041561 -925.2794021248869 -636.1489129801147
 282.6466254218274 906.3067794946598 -215.2625780833953 -744.3451018949722 -219.3898061467679
 831.4447103449999 588.0896864182153 -635.8613528898286 -475.4061390625729 254.7346320004677
 282.6466254218274 906.3067794946598 -215.2625780833953 -744.3451018949722 -219.3898061467679
 2000.422331637245 2074.538844513429 -939.0732818002253 -473.1590234114949 -417.3674950493048
 282.6466254218274 906.3067794946598 -215.2625780833953 -744.3451018949722 -219.3898061467679
 282.6466254218274 906.3067794946598 -215.2625780833953 -744.3451018949722 -219.3898061467679
 -75.06740312843175 822.2397011276181 -381.8087102232338 -701.4053760595914 -481.3520439113863
 2000.422331637245 2074.538844513429 -939.0732818002253 -473.1590234114949 -417.3674950493048
 60.94400290079672 695.7315811155743 619.6311979478605 -610.9097538437617 -683.4172737134868
 282.6466254218274 906.3067794946598 -215.2625780833953 -744.3451018949722 -219.3898061467679
 391.4074784255878 1088.957777936377 -245.8524107944575 -769.8091201862175 -395.5785110600673
 349.6015819344486 700.5565550472957 -87.98384364233046 -629.0107744053387 -331.9708475263887
 352.742043055298 919.5371760478322 -147.6134814686309 -764.303187822473 -163.5407839693029
