# Created by Octave 4.2.1, Mon Oct 09 17:07:59 2017 BRT <root@mosqueiro>
# name: pop
# type: matrix
# rows: 100
# columns: 5
 -325.2790696857643 354.9873460297069 -90.51417018330801 -282.7036551905843 344.9241630361785
 -325.2790696857643 354.9873460297069 -90.51417018330801 -282.7036551905843 344.9241630361785
 -117.6755877861196 -757.2770077829624 830.9275024129468 -528.2619027785922 605.5519445185878
 1251.46530399611 538.4957638756041 508.5180349113507 -2272.804829167585 -867.2660681994978
 -126.271855080106 2919.927756682723 912.8330059794337 1207.848208229514 4609.173866813815
 -325.2790696857643 354.9873460297069 -90.51417018330801 -282.7036551905843 344.9241630361785
 -2921.145137505574 -175.2139167298108 -1104.709456851056 -2051.014185800862 1681.415415725752
 -325.2790696857643 354.9873460297069 -90.51417018330801 -282.7036551905843 344.9241630361785
 565.5311832646877 156.2715750213898 1094.189650372379 -1539.697558843726 -197.5607590199677
 -764.7386779683101 511.9878989986435 -500.442608715533 2.454726122312707 314.7241546650948
 -325.2790696857643 354.9873460297069 -90.51417018330801 -282.7036551905843 344.9241630361785
 -325.2790696857643 354.9873460297069 -90.51417018330801 -282.7036551905843 344.9241630361785
 186.9264516667345 159.7387128676475 -452.1109807762479 -918.9302681091913 103.2634858975005
 -325.2790696857643 354.9873460297069 -90.51417018330801 -282.7036551905843 344.9241630361785
 -325.2790696857643 354.9873460297069 -90.51417018330801 -282.7036551905843 344.9241630361785
 -325.2790696857643 354.9873460297069 -90.51417018330801 -282.7036551905843 344.9241630361785
 -325.2790696857643 354.9873460297069 -90.51417018330801 -282.7036551905843 344.9241630361785
 -325.2790696857643 354.9873460297069 -90.51417018330801 -282.7036551905843 344.9241630361785
 -277.3553830717025 -552.4960922181559 -96.48619348319278 1231.910324034506 529.4652224677617
 -325.2790696857643 354.9873460297069 -90.51417018330801 -282.7036551905843 344.9241630361785
 -325.2790696857643 354.9873460297069 -90.51417018330801 -282.7036551905843 344.9241630361785
 -325.2790696857643 354.9873460297069 -90.51417018330801 -282.7036551905843 344.9241630361785
 -356.5398541169862 362.0420874799676 -383.8571844533963 -755.1146192372264 686.866031105711
 -1624.55488481692 100.3571569587349 186.7386554558859 -328.8325247681318 -488.7792765206079
 -624.0588456443522 160.1688762063122 -906.1571960248143 -900.891847589112 498.5536810515343
 -117.6755877861196 -757.2770077829624 830.9275024129468 -528.2619027785922 605.5519445185878
 -325.2790696857643 354.9873460297069 -90.51417018330801 -282.7036551905843 344.9241630361785
 -325.2790696857643 354.9873460297069 -90.51417018330801 -282.7036551905843 344.9241630361785
 -86.69575795188629 2327.925813954726 233.9975587754896 56.47005392072509 -11.85023142787185
 -325.2790696857643 354.9873460297069 -90.51417018330801 -282.7036551905843 344.9241630361785
 -137.5889535660369 -461.0512673671801 49.07059631097579 138.6382752188429 218.3096356725333
 -325.2790696857643 354.9873460297069 -90.51417018330801 -282.7036551905843 344.9241630361785
 -0.0888942380942126 -1602.652554513832 -206.0935332930582 -471.8164756648502 1211.593978994238
 -325.2790696857643 354.9873460297069 -90.51417018330801 -282.7036551905843 344.9241630361785
 -325.2790696857643 354.9873460297069 -90.51417018330801 -282.7036551905843 344.9241630361785
 -325.2790696857643 354.9873460297069 -90.51417018330801 -282.7036551905843 344.9241630361785
 -587.4513319468981 -533.0714872548187 120.0709037884661 -16.55996614450584 -151.0552398707177
 -325.2790696857643 354.9873460297069 -90.51417018330801 -282.7036551905843 344.9241630361785
 -325.2790696857643 354.9873460297069 -90.51417018330801 -282.7036551905843 344.9241630361785
 -325.2790696857643 354.9873460297069 -90.51417018330801 -282.7036551905843 344.9241630361785
 1912.879244582877 2865.414475024878 1033.886071156212 1193.618995975407 5297.48249592191
 -356.5398541169862 362.0420874799676 -383.8571844533963 -755.1146192372264 686.866031105711
 -325.2790696857643 354.9873460297069 -90.51417018330801 -282.7036551905843 344.9241630361785
 -460.9458253310992 -25.75586332436296 -81.86298789992918 705.9483235344849 1631.962652815993
 -325.2790696857643 354.9873460297069 -90.51417018330801 -282.7036551905843 344.9241630361785
 -325.2790696857643 354.9873460297069 -90.51417018330801 -282.7036551905843 344.9241630361785
 -126.271855080106 2919.927756682723 912.8330059794337 1207.848208229514 4609.173866813815
 -325.2790696857643 354.9873460297069 -90.51417018330801 -282.7036551905843 344.9241630361785
 -325.2790696857643 354.9873460297069 -90.51417018330801 -282.7036551905843 344.9241630361785
 -460.9458253310992 -25.75586332436296 -81.86298789992918 705.9483235344849 1631.962652815993
 -2921.145137505574 -175.2139167298108 -1104.709456851056 -2051.014185800862 1681.415415725752
 -325.2790696857643 354.9873460297069 -90.51417018330801 -282.7036551905843 344.9241630361785
 -325.2790696857643 354.9873460297069 -90.51417018330801 -282.7036551905843 344.9241630361785
 -325.2790696857643 354.9873460297069 -90.51417018330801 -282.7036551905843 344.9241630361785
 -325.2790696857643 354.9873460297069 -90.51417018330801 -282.7036551905843 344.9241630361785
 -325.2790696857643 354.9873460297069 -90.51417018330801 -282.7036551905843 344.9241630361785
 -764.7386779683101 511.9878989986435 -500.442608715533 2.454726122312707 314.7241546650948
 -325.2790696857643 354.9873460297069 -90.51417018330801 -282.7036551905843 344.9241630361785
 1251.46530399611 538.4957638756041 508.5180349113507 -2272.804829167585 -867.2660681994978
 -325.2790696857643 354.9873460297069 -90.51417018330801 -282.7036551905843 344.9241630361785
 -325.2790696857643 354.9873460297069 -90.51417018330801 -282.7036551905843 344.9241630361785
 -325.2790696857643 354.9873460297069 -90.51417018330801 -282.7036551905843 344.9241630361785
 -325.2790696857643 354.9873460297069 -90.51417018330801 -282.7036551905843 344.9241630361785
 -325.2790696857643 354.9873460297069 -90.51417018330801 -282.7036551905843 344.9241630361785
 -126.271855080106 2919.927756682723 912.8330059794337 1207.848208229514 4609.173866813815
 -325.2790696857643 354.9873460297069 -90.51417018330801 -282.7036551905843 344.9241630361785
 -325.2790696857643 354.9873460297069 -90.51417018330801 -282.7036551905843 344.9241630361785
 -325.2790696857643 354.9873460297069 -90.51417018330801 -282.7036551905843 344.9241630361785
 -325.2790696857643 354.9873460297069 -90.51417018330801 -282.7036551905843 344.9241630361785
 -325.2790696857643 354.9873460297069 -90.51417018330801 -282.7036551905843 344.9241630361785
 -587.4513319468981 -533.0714872548187 120.0709037884661 -16.55996614450584 -151.0552398707177
 602.0620233705616 -494.4822029173502 80.33626496821816 486.3045262644426 -206.410984698446
 -117.6755877861196 -757.2770077829624 830.9275024129468 -528.2619027785922 605.5519445185878
 -563.6909538651925 200.3288249752814 -603.5482297786787 -506.4496049693793 -322.0296026646087
 -325.2790696857643 354.9873460297069 -90.51417018330801 -282.7036551905843 344.9241630361785
 144.2687736631152 250.5812311859517 -964.4966623609733 -573.3763496798008 1238.996768112914
 -325.2790696857643 354.9873460297069 -90.51417018330801 -282.7036551905843 344.9241630361785
 -126.271855080106 2919.927756682723 912.8330059794337 1207.848208229514 4609.173866813815
 -325.2790696857643 354.9873460297069 -90.51417018330801 -282.7036551905843 344.9241630361785
 -325.2790696857643 354.9873460297069 -90.51417018330801 -282.7036551905843 344.9241630361785
 -638.315450120994 3523.182274239562 649.8832094335154 1559.261915408341 4832.635571742153
 -334.3665467989187 10.37912627145113 -153.6896715695761 -352.2686689412542 734.5237287574856
 -750.7670560884969 -490.4172622118011 -627.1022838929026 -91.91456385628504 1153.191017873102
 -331.78377068118 72.25340062343241 374.7542587432742 147.9177764702062 123.9614213531066
