# Created by Octave 4.2.1, Mon Oct 09 17:07:33 2017 BRT <root@mosqueiro>
# name: pop
# type: matrix
# rows: 100
# columns: 5
 -288.9766869109384 661.0592014742051 -432.9260137876404 124.3443431199585 -63.85057413761285
 -288.9766869109384 661.0592014742051 -432.9260137876404 124.3443431199585 -63.85057413761285
 -288.9766869109384 661.0592014742051 -432.9260137876404 124.3443431199585 -63.85057413761285
 -288.9766869109384 661.0592014742051 -432.9260137876404 124.3443431199585 -63.85057413761285
 -273.8085644094537 659.095290226859 -431.5906679671522 180.5540868284182 -78.69761707737156
 -288.9766869109384 661.0592014742051 -432.9260137876404 124.3443431199585 -63.85057413761285
 -288.9766869109384 661.0592014742051 -432.9260137876404 124.3443431199585 -63.85057413761285
 -288.9766869109384 661.0592014742051 -432.9260137876404 124.3443431199585 -63.85057413761285
 -288.9766869109384 661.0592014742051 -432.9260137876404 124.3443431199585 -63.85057413761285
 -288.9766869109384 661.0592014742051 -432.9260137876404 124.3443431199585 -63.85057413761285
 -288.9766869109384 661.0592014742051 -432.9260137876404 124.3443431199585 -63.85057413761285
 -288.7715248239754 656.9044372484279 -447.5656525044198 116.9766134142409 -96.49704534377315
 -300.4216896928578 689.9438344461297 -410.4244733568289 171.2617331934285 -78.83749787518127
 -288.9766869109384 661.0592014742051 -432.9260137876404 124.3443431199585 -63.85057413761285
 -288.9766869109384 661.0592014742051 -432.9260137876404 124.3443431199585 -63.85057413761285
 -278.4349452788692 755.712086331283 -545.5485135118884 278.5354933876221 -70.83896155517762
 -288.9766869109384 661.0592014742051 -432.9260137876404 124.3443431199585 -63.85057413761285
 -345.8564514531722 581.7607905871521 -281.7880544069843 381.8696720244706 86.43686760191514
 -258.2720758223103 915.0135566398379 -745.1210272071775 143.2411024768494 -139.1623653892516
 -288.9766869109384 661.0592014742051 -432.9260137876404 124.3443431199585 -63.85057413761285
 -247.2818290076543 670.5807693638034 -469.4523848263814 149.6537333753147 -73.807350298583
 -254.0587073342917 701.5848228812379 -481.4448450439029 134.37231829226 -115.6321583316436
 -288.9766869109384 661.0592014742051 -432.9260137876404 124.3443431199585 -63.85057413761285
 -288.9766869109384 661.0592014742051 -432.9260137876404 124.3443431199585 -63.85057413761285
 -288.9766869109384 661.0592014742051 -432.9260137876404 124.3443431199585 -63.85057413761285
 -288.9766869109384 661.0592014742051 -432.9260137876404 124.3443431199585 -63.85057413761285
 -288.9766869109384 661.0592014742051 -432.9260137876404 124.3443431199585 -63.85057413761285
 -288.9766869109384 661.0592014742051 -432.9260137876404 124.3443431199585 -63.85057413761285
 -288.9766869109384 661.0592014742051 -432.9260137876404 124.3443431199585 -63.85057413761285
 -288.7715248239754 656.9044372484279 -447.5656525044198 116.9766134142409 -96.49704534377315
 -288.9766869109384 661.0592014742051 -432.9260137876404 124.3443431199585 -63.85057413761285
 -288.9766869109384 661.0592014742051 -432.9260137876404 124.3443431199585 -63.85057413761285
 -288.9766869109384 661.0592014742051 -432.9260137876404 124.3443431199585 -63.85057413761285
 -288.9766869109384 661.0592014742051 -432.9260137876404 124.3443431199585 -63.85057413761285
 -278.8081879491525 685.7343905153526 -425.1585930283836 71.44519564216432 -81.55576528115992
 -288.9766869109384 661.0592014742051 -432.9260137876404 124.3443431199585 -63.85057413761285
 -278.8081879491525 685.7343905153526 -425.1585930283836 71.44519564216432 -81.55576528115992
 -277.1422243587569 520.3452712043362 -428.2886088919591 291.2137702199284 106.6312609307032
 -288.9766869109384 661.0592014742051 -432.9260137876404 124.3443431199585 -63.85057413761285
 -288.9766869109384 661.0592014742051 -432.9260137876404 124.3443431199585 -63.85057413761285
 -304.1832626040339 666.0557510986876 -412.9937420477319 142.9082033820657 -84.19124126632867
 -342.8507341373388 530.8298736896623 -319.1811928975662 324.8536459523178 72.40928928045878
 -271.9178625844224 588.7772949630105 -397.3893062906651 122.6955103817809 -75.9443875385932
 -238.5741388567918 646.7954566989836 -456.5178679292455 118.0440177921296 16.62446502895435
 -304.1832626040339 666.0557510986876 -412.9937420477319 142.9082033820657 -84.19124126632867
 -288.9766869109384 661.0592014742051 -432.9260137876404 124.3443431199585 -63.85057413761285
 -288.9766869109384 661.0592014742051 -432.9260137876404 124.3443431199585 -63.85057413761285
 -288.9766869109384 661.0592014742051 -432.9260137876404 124.3443431199585 -63.85057413761285
 -288.9766869109384 661.0592014742051 -432.9260137876404 124.3443431199585 -63.85057413761285
 -288.7715248239754 656.9044372484279 -447.5656525044198 116.9766134142409 -96.49704534377315
 -288.9766869109384 661.0592014742051 -432.9260137876404 124.3443431199585 -63.85057413761285
 -288.9766869109384 661.0592014742051 -432.9260137876404 124.3443431199585 -63.85057413761285
 -354.6863737282483 726.1446089057442 -393.1730366993615 92.86026754840098 -131.673502587746
 -288.9766869109384 661.0592014742051 -432.9260137876404 124.3443431199585 -63.85057413761285
 -288.9766869109384 661.0592014742051 -432.9260137876404 124.3443431199585 -63.85057413761285
 -288.9766869109384 661.0592014742051 -432.9260137876404 124.3443431199585 -63.85057413761285
 -288.9766869109384 661.0592014742051 -432.9260137876404 124.3443431199585 -63.85057413761285
 -288.9766869109384 661.0592014742051 -432.9260137876404 124.3443431199585 -63.85057413761285
 -288.9766869109384 661.0592014742051 -432.9260137876404 124.3443431199585 -63.85057413761285
 -288.9766869109384 661.0592014742051 -432.9260137876404 124.3443431199585 -63.85057413761285
 -288.9766869109384 661.0592014742051 -432.9260137876404 124.3443431199585 -63.85057413761285
 -288.9766869109384 661.0592014742051 -432.9260137876404 124.3443431199585 -63.85057413761285
 -258.7504627354879 670.4939661299492 -450.5774506812069 73.89934497430599 -88.79387314360753
 -288.9766869109384 661.0592014742051 -432.9260137876404 124.3443431199585 -63.85057413761285
 -325.3246415793519 649.652691849766 -325.7557285793295 -22.12157451214946 -146.2042652357655
 -288.9766869109384 661.0592014742051 -432.9260137876404 124.3443431199585 -63.85057413761285
 -288.9766869109384 661.0592014742051 -432.9260137876404 124.3443431199585 -63.85057413761285
 -288.9766869109384 661.0592014742051 -432.9260137876404 124.3443431199585 -63.85057413761285
 -288.9766869109384 661.0592014742051 -432.9260137876404 124.3443431199585 -63.85057413761285
 -278.4349452788692 755.712086331283 -545.5485135118884 278.5354933876221 -70.83896155517762
 -288.9766869109384 661.0592014742051 -432.9260137876404 124.3443431199585 -63.85057413761285
 -288.9766869109384 661.0592014742051 -432.9260137876404 124.3443431199585 -63.85057413761285
 -288.9766869109384 661.0592014742051 -432.9260137876404 124.3443431199585 -63.85057413761285
 -288.9766869109384 661.0592014742051 -432.9260137876404 124.3443431199585 -63.85057413761285
 -223.9902173568088 605.218943908604 -389.1735836463089 216.0412656901021 -147.3362529092473
 -288.9766869109384 661.0592014742051 -432.9260137876404 124.3443431199585 -63.85057413761285
 -288.9766869109384 661.0592014742051 -432.9260137876404 124.3443431199585 -63.85057413761285
 -288.9766869109384 661.0592014742051 -432.9260137876404 124.3443431199585 -63.85057413761285
 -342.8507341373388 530.8298736896623 -319.1811928975662 324.8536459523178 72.40928928045878
 -288.9766869109384 661.0592014742051 -432.9260137876404 124.3443431199585 -63.85057413761285
 -310.574698170044 650.965686094259 -421.023784218872 132.1104219610987 -62.79620766935125
 -276.0128219810939 654.1549055410588 -432.1649488056253 147.3332770571448 -42.46587626306115
 -177.0029322064765 724.0682272621345 -502.1637788165067 89.59954963843877 -46.21901476039834
