# Created by Octave 4.2.1, Mon Oct 09 17:05:48 2017 BRT <root@mosqueiro>
# name: pop
# type: matrix
# rows: 100
# columns: 5
 560.5881087202872 -215.4828132724439 -19.72543151784976 -129.2700558841981 -194.4030114807059
 560.5881087202872 -215.4828132724439 -19.72543151784976 -129.2700558841981 -194.4030114807059
 230.0249994752414 136.8307177203776 -616.8468467440998 671.2275053162384 -637.1932160616939
 296.5362902527727 2441.966520382719 2043.89245200089 -636.0597905586083 -400.5659459812157
 -710.657841820062 531.0537740170644 -470.5359643342824 392.7591994837339 208.2496982342811
 153.8516927727214 336.8268552665013 -347.2170566692475 734.1391396093554 -599.1920261656414
 560.5881087202872 -215.4828132724439 -19.72543151784976 -129.2700558841981 -194.4030114807059
 -865.1885655972834 443.9785017774893 202.2845781288424 924.4613413689392 -657.963173454531
 -894.2615976436302 437.1844559244996 -397.7931001198142 636.4966568086445 261.5455653421509
 852.477682969831 -998.6585445679249 950.5926160355541 -718.5709318966026 -451.2354288712014
 560.5881087202872 -215.4828132724439 -19.72543151784976 -129.2700558841981 -194.4030114807059
 579.9105498711031 -298.4841783193527 201.8883407208616 -98.36753372050975 -644.5059556376077
 560.5881087202872 -215.4828132724439 -19.72543151784976 -129.2700558841981 -194.4030114807059
 368.9543473190211 504.7002866032055 -772.1314472452151 -171.1756146910043 140.282926453079
 1182.326715012282 216.9569952810307 -2207.644947163652 -1858.312700288497 -137.8256561523351
 -191.4644367128037 876.1574955379692 -535.6908834168147 -629.507428983934 689.2316600986321
 954.6792354189695 981.4207856680823 688.3892938250258 903.1234260873161 342.1827417819129
 -451.9135135440985 636.8290308070239 502.6972205619029 -362.192904559049 158.6178988673355
 307.5846806727518 -510.4954898081421 351.3979114827007 745.827244009758 -742.7739357995397
 -955.8045353459165 137.7541885373764 82.88689531891009 204.9874284994521 297.5509526046121
 307.5846806727518 -510.4954898081421 351.3979114827007 745.827244009758 -742.7739357995397
 -231.9655780218742 -529.2773630060302 261.7468483016469 -980.6690281780967 469.899627311577
 931.3737192719891 160.4482446888128 636.4171841370071 94.42768408120946 -577.6901286335237
 811.2115169429119 -445.2010438459358 217.4711548936018 250.9295973498738 -838.7510333708029
 333.4775670660565 -649.4256403952618 -740.4601738477966 -228.8430656004389 821.4581124322053
 -894.2615976436302 437.1844559244996 -397.7931001198142 636.4966568086445 261.5455653421509
 632.3414541429681 -522.7608010294089 743.8997635611836 -37.97190012003125 -443.9077096324132
 485.0344178358639 -354.3342941126679 -277.6772780889413 571.4591510788248 -531.3080085953382
 811.2115169429119 -445.2010438459358 217.4711548936018 250.9295973498738 -838.7510333708029
 811.2115169429119 -445.2010438459358 217.4711548936018 250.9295973498738 -838.7510333708029
 560.5881087202872 -215.4828132724439 -19.72543151784976 -129.2700558841981 -194.4030114807059
 -925.9627821041951 -33.04835317575089 -89.9178239514921 923.1718237354667 175.6436132977217
 -308.753208847033 510.6146735894999 -990.4849306771956 643.9959781274288 -699.3031615831499
 153.8516927727214 336.8268552665013 -347.2170566692475 734.1391396093554 -599.1920261656414
 590.681476726101 -248.4592955972539 -619.7351090141149 512.3413155429935 53.9392655493366
 -466.0666170399571 616.3690177717722 312.9006638829565 816.0184130032103 -53.44737983539255
 -451.9135135440985 636.8290308070239 502.6972205619029 -362.192904559049 158.6178988673355
 201.0934456001938 688.6346122043087 -606.0305040968593 2254.74579597365 -270.7021860513416
 -865.1885655972834 443.9785017774893 202.2845781288424 924.4613413689392 -657.963173454531
 2190.510816667604 3824.806439897377 -653.4850963645213 -2995.518634565376 1405.058466388791
 -997.7114242871895 666.5571592338123 -1287.365949916275 3916.471063483061 1472.678915932801
 -267.6201517950566 -261.2081791535091 453.1298625694074 -674.1362556437532 -994.7889919715346
 -359.6077187257201 456.8925524081005 190.8937935247384 842.6546127128081 840.2093567483682
 856.6275047132751 668.0951366474183 779.1198262122405 614.498436564932 -509.4230794519145
 579.9105498711031 -298.4841783193527 201.8883407208616 -98.36753372050975 -644.5059556376077
 -894.2615976436302 437.1844559244996 -397.7931001198142 636.4966568086445 261.5455653421509
 560.5881087202872 -215.4828132724439 -19.72543151784976 -129.2700558841981 -194.4030114807059
 -2138.626837785996 727.8168002039677 -1381.565728777107 687.5081986580204 576.2708269657528
 560.5881087202872 -215.4828132724439 -19.72543151784976 -129.2700558841981 -194.4030114807059
 211.6212602384477 -1525.235780345506 390.394843968183 -738.4504541368085 3171.849774649853
 -710.657841820062 531.0537740170644 -470.5359643342824 392.7591994837339 208.2496982342811
 579.9105498711031 -298.4841783193527 201.8883407208616 -98.36753372050975 -644.5059556376077
 -50.68377555763982 -765.1623088802703 -765.6042587292885 856.4979712476588 -122.5709041454504
 632.3414541429681 -522.7608010294089 743.8997635611836 -37.97190012003125 -443.9077096324132
 -710.657841820062 531.0537740170644 -470.5359643342824 392.7591994837339 208.2496982342811
 1689.504338896601 -2394.526261675167 -371.7463330068024 1009.564888345205 77.41122694885971
 -451.9135135440985 636.8290308070239 502.6972205619029 -362.192904559049 158.6178988673355
 -955.8045353459165 137.7541885373764 82.88689531891009 204.9874284994521 297.5509526046121
 560.5881087202872 -215.4828132724439 -19.72543151784976 -129.2700558841981 -194.4030114807059
 -955.8045353459165 137.7541885373764 82.88689531891009 204.9874284994521 297.5509526046121
 -894.2615976436302 437.1844559244996 -397.7931001198142 636.4966568086445 261.5455653421509
 -848.4993005308136 873.3005058906149 467.0107346803436 -68.50421313661968 850.5156481263482
 485.0344178358639 -354.3342941126679 -277.6772780889413 571.4591510788248 -531.3080085953382
 811.2115169429119 -445.2010438459358 217.4711548936018 250.9295973498738 -838.7510333708029
 -894.2615976436302 437.1844559244996 -397.7931001198142 636.4966568086445 261.5455653421509
 -710.657841820062 531.0537740170644 -470.5359643342824 392.7591994837339 208.2496982342811
 153.8516927727214 336.8268552665013 -347.2170566692475 734.1391396093554 -599.1920261656414
 -162.014193427212 92.64955474816452 953.6002926771282 802.1385870213933 -32.68598944149664
 560.5881087202872 -215.4828132724439 -19.72543151784976 -129.2700558841981 -194.4030114807059
 560.5881087202872 -215.4828132724439 -19.72543151784976 -129.2700558841981 -194.4030114807059
 632.3414541429681 -522.7608010294089 743.8997635611836 -37.97190012003125 -443.9077096324132
 988.7351154477049 -886.6037695649693 912.2398296898918 -268.2634492600395 -351.9456735459297
 2265.930921047106 3146.475352148442 694.8941910578098 2563.044730294078 1821.267753924224
 579.9105498711031 -298.4841783193527 201.8883407208616 -98.36753372050975 -644.5059556376077
 -466.0666170399571 616.3690177717722 312.9006638829565 816.0184130032103 -53.44737983539255
 988.7351154477049 -886.6037695649693 912.2398296898918 -268.2634492600395 -351.9456735459297
 -267.6201517950566 -261.2081791535091 453.1298625694074 -674.1362556437532 -994.7889919715346
 1689.504338896601 -2394.526261675167 -371.7463330068024 1009.564888345205 77.41122694885971
 579.9105498711031 -298.4841783193527 201.8883407208616 -98.36753372050975 -644.5059556376077
 560.5881087202872 -215.4828132724439 -19.72543151784976 -129.2700558841981 -194.4030114807059
 2662.601877812911 909.1442264691493 -2821.93271888658 -2479.649672159453 -2286.435536543798
 436.4630648138415 1141.004425904305 -2753.252149087144 2710.356559152447 -1324.329215814453
 2037.090641181283 1397.50265871564 1296.387321302985 -2899.958830005667 -2894.249470620767
 -2266.215725442318 1915.666254581487 -336.1062498814818 -2557.370263403833 -4841.371533572724
