# Created by Octave 4.2.1, Mon Oct 09 17:06:56 2017 BRT <root@mosqueiro>
# name: pop
# type: matrix
# rows: 100
# columns: 5
 458.6585320637209 -63.34174233924648 -518.5875542202955 738.7709262897456 -581.0494691775859
 458.6585320637209 -63.34174233924648 -518.5875542202955 738.7709262897456 -581.0494691775859
 458.6585320637209 -63.34174233924648 -518.5875542202955 738.7709262897456 -581.0494691775859
 458.6585320637209 -63.34174233924648 -518.5875542202955 738.7709262897456 -581.0494691775859
 -525.1327575431651 712.1808807568025 337.7699801170158 172.6633553916822 -509.0927386764164
 -455.359286447561 34.92225955712858 993.3265342309417 -49.11084296427055 1198.863379419229
 1152.764370453051 -546.6637896079765 -549.209635478294 1276.809292273726 -504.6481570534267
 458.6585320637209 -63.34174233924648 -518.5875542202955 738.7709262897456 -581.0494691775859
 -770.4817232223691 -584.3927215447023 -56.26677813314154 -368.4788126799839 -233.7880806297994
 458.6585320637209 -63.34174233924648 -518.5875542202955 738.7709262897456 -581.0494691775859
 458.6585320637209 -63.34174233924648 -518.5875542202955 738.7709262897456 -581.0494691775859
 458.6585320637209 -63.34174233924648 -518.5875542202955 738.7709262897456 -581.0494691775859
 2200.669960223099 439.3379990661649 416.4352115188648 1536.467169006978 -711.7724786180953
 458.6585320637209 -63.34174233924648 -518.5875542202955 738.7709262897456 -581.0494691775859
 2200.669960223099 439.3379990661649 416.4352115188648 1536.467169006978 -711.7724786180953
 458.6585320637209 -63.34174233924648 -518.5875542202955 738.7709262897456 -581.0494691775859
 458.6585320637209 -63.34174233924648 -518.5875542202955 738.7709262897456 -581.0494691775859
 183.929931382953 -1040.651044510984 2086.462268410036 588.6420523958637 -1031.150065428296
 1247.199631631845 673.7806703875079 -1649.164008001293 1996.911621078512 523.0063885205361
 -382.4685036605518 -1039.930792324107 -1539.140468297634 1448.491033504577 -1599.152752349311
 458.6585320637209 -63.34174233924648 -518.5875542202955 738.7709262897456 -581.0494691775859
 458.6585320637209 -63.34174233924648 -518.5875542202955 738.7709262897456 -581.0494691775859
 458.6585320637209 -63.34174233924648 -518.5875542202955 738.7709262897456 -581.0494691775859
 458.6585320637209 -63.34174233924648 -518.5875542202955 738.7709262897456 -581.0494691775859
 458.6585320637209 -63.34174233924648 -518.5875542202955 738.7709262897456 -581.0494691775859
 458.6585320637209 -63.34174233924648 -518.5875542202955 738.7709262897456 -581.0494691775859
 458.6585320637209 -63.34174233924648 -518.5875542202955 738.7709262897456 -581.0494691775859
 -1141.279043509835 1834.991132234997 509.1827642270094 3196.314855694595 -4626.695253732346
 458.6585320637209 -63.34174233924648 -518.5875542202955 738.7709262897456 -581.0494691775859
 -382.4685036605518 -1039.930792324107 -1539.140468297634 1448.491033504577 -1599.152752349311
 458.6585320637209 -63.34174233924648 -518.5875542202955 738.7709262897456 -581.0494691775859
 458.6585320637209 -63.34174233924648 -518.5875542202955 738.7709262897456 -581.0494691775859
 458.6585320637209 -63.34174233924648 -518.5875542202955 738.7709262897456 -581.0494691775859
 458.6585320637209 -63.34174233924648 -518.5875542202955 738.7709262897456 -581.0494691775859
 458.6585320637209 -63.34174233924648 -518.5875542202955 738.7709262897456 -581.0494691775859
 458.6585320637209 -63.34174233924648 -518.5875542202955 738.7709262897456 -581.0494691775859
 325.2117777166674 -1559.082042947267 -435.4734967723436 64.21456001009017 -3031.446620499606
 458.6585320637209 -63.34174233924648 -518.5875542202955 738.7709262897456 -581.0494691775859
 458.6585320637209 -63.34174233924648 -518.5875542202955 738.7709262897456 -581.0494691775859
 -1253.451211316973 -604.2597225960726 -1851.744633836187 -510.8671482722966 -1106.196100793357
 -770.4817232223691 -584.3927215447023 -56.26677813314154 -368.4788126799839 -233.7880806297994
 458.6585320637209 -63.34174233924648 -518.5875542202955 738.7709262897456 -581.0494691775859
 458.6585320637209 -63.34174233924648 -518.5875542202955 738.7709262897456 -581.0494691775859
 458.6585320637209 -63.34174233924648 -518.5875542202955 738.7709262897456 -581.0494691775859
 745.728286713962 -172.5321258080306 705.9599290431731 1477.586363786036 -601.5648015141123
 458.6585320637209 -63.34174233924648 -518.5875542202955 738.7709262897456 -581.0494691775859
 -991.6299526886266 934.9922478446474 800.7137495803565 317.8244831754785 613.1803454931653
 458.6585320637209 -63.34174233924648 -518.5875542202955 738.7709262897456 -581.0494691775859
 458.6585320637209 -63.34174233924648 -518.5875542202955 738.7709262897456 -581.0494691775859
 458.6585320637209 -63.34174233924648 -518.5875542202955 738.7709262897456 -581.0494691775859
 458.6585320637209 -63.34174233924648 -518.5875542202955 738.7709262897456 -581.0494691775859
 458.6585320637209 -63.34174233924648 -518.5875542202955 738.7709262897456 -581.0494691775859
 458.6585320637209 -63.34174233924648 -518.5875542202955 738.7709262897456 -581.0494691775859
 953.1108595482699 725.6574881589531 380.0974917363778 376.0435018769585 -2475.596687916503
 458.6585320637209 -63.34174233924648 -518.5875542202955 738.7709262897456 -581.0494691775859
 458.6585320637209 -63.34174233924648 -518.5875542202955 738.7709262897456 -581.0494691775859
 285.4777379818561 160.7903400906416 -376.6603556475973 996.2981808258003 -621.2506233217405
 458.6585320637209 -63.34174233924648 -518.5875542202955 738.7709262897456 -581.0494691775859
 458.6585320637209 -63.34174233924648 -518.5875542202955 738.7709262897456 -581.0494691775859
 285.4777379818561 160.7903400906416 -376.6603556475973 996.2981808258003 -621.2506233217405
 458.6585320637209 -63.34174233924648 -518.5875542202955 738.7709262897456 -581.0494691775859
 458.6585320637209 -63.34174233924648 -518.5875542202955 738.7709262897456 -581.0494691775859
 285.4777379818561 160.7903400906416 -376.6603556475973 996.2981808258003 -621.2506233217405
 458.6585320637209 -63.34174233924648 -518.5875542202955 738.7709262897456 -581.0494691775859
 196.027898880694 -1497.971641063332 471.7854584272518 -1843.492128577766 -767.4348486222975
 458.6585320637209 -63.34174233924648 -518.5875542202955 738.7709262897456 -581.0494691775859
 953.1108595482699 725.6574881589531 380.0974917363778 376.0435018769585 -2475.596687916503
 2200.669960223099 439.3379990661649 416.4352115188648 1536.467169006978 -711.7724786180953
 458.6585320637209 -63.34174233924648 -518.5875542202955 738.7709262897456 -581.0494691775859
 -700.6373447603983 636.3420564911839 579.2829263023514 266.2841382236745 -825.4225567087169
 458.6585320637209 -63.34174233924648 -518.5875542202955 738.7709262897456 -581.0494691775859
 458.6585320637209 -63.34174233924648 -518.5875542202955 738.7709262897456 -581.0494691775859
 458.6585320637209 -63.34174233924648 -518.5875542202955 738.7709262897456 -581.0494691775859
 -455.359286447561 34.92225955712858 993.3265342309417 -49.11084296427055 1198.863379419229
 -752.9515490335954 -3992.842863729089 -400.2561724454281 3922.823653175938 2986.228370192071
 -991.6299526886266 934.9922478446474 800.7137495803565 317.8244831754785 613.1803454931653
 1063.904028368327 1140.5033587481 -86.64142844729065 364.58604431469 -623.6271602803527
 325.2117777166674 -1559.082042947267 -435.4734967723436 64.21456001009017 -3031.446620499606
 458.6585320637209 -63.34174233924648 -518.5875542202955 738.7709262897456 -581.0494691775859
 458.6585320637209 -63.34174233924648 -518.5875542202955 738.7709262897456 -581.0494691775859
 2079.366701670966 -348.6956031590016 -480.6338497834847 1122.328342896656 68.20985282276865
 13.89294520828889 -774.0470424553785 642.7134685054533 -1322.971993244798 383.7262313387827
 -382.1866351063644 659.0307367709343 -1065.86089145657 1847.304036059992 -18.52821754593845
 111.8765562286146 -708.5587728560508 -517.8052681240845 405.4925066602676 -533.0515449885468
