# Created by Octave 4.2.1, Mon Oct 09 17:06:50 2017 BRT <root@mosqueiro>
# name: pop
# type: matrix
# rows: 100
# columns: 5
 458.6585320637209 -63.34174233924648 -518.5875542202955 738.7709262897456 -581.0494691775859
 458.6585320637209 -63.34174233924648 -518.5875542202955 738.7709262897456 -581.0494691775859
 -547.4530985601768 95.42386109127119 478.3833307123521 -563.1692896339441 590.3060496704363
 575.0647957844608 666.6901623222459 123.9617030951972 -308.5745867872644 -702.1914067401822
 770.0584189577125 -522.8481274898659 -313.9437023971742 884.1838922309837 -213.1211690167835
 27.04770610785431 -304.163938585812 483.3043916347615 274.9924046806889 -340.4518367413648
 -351.7787427570823 360.5617635604588 824.399590017254 220.0136522477985 837.8687552928122
 458.6585320637209 -63.34174233924648 -518.5875542202955 738.7709262897456 -581.0494691775859
 -7.433050975442029 447.2471208344523 800.920654258118 195.8247757554757 271.1692241360763
 -3033.472962099568 -2043.350658854279 879.1207100024264 431.0223539334989 1922.608374352056
 991.4410851810105 45.6705428903349 -743.1158633470129 -758.1868906464161 580.592195509596
 1252.661495835723 -985.4329951905243 1851.587582066872 -2500.765518470863 -308.3851196279809
 285.4777379818561 160.7903400906416 -376.6603556475973 996.2981808258003 -621.2506233217405
 458.6585320637209 -63.34174233924648 -518.5875542202955 738.7709262897456 -581.0494691775859
 -351.7787427570823 360.5617635604588 824.399590017254 220.0136522477985 837.8687552928122
 316.4731197355316 738.7017417663806 151.2252698321663 -771.8677869352412 -921.8556436701199
 887.0408049578909 587.3055986618419 64.55065415093554 -889.5261471926686 -904.1211105572854
 316.4731197355316 738.7017417663806 151.2252698321663 -771.8677869352412 -921.8556436701199
 -700.6373447603983 636.3420564911839 579.2829263023514 266.2841382236745 -825.4225567087169
 458.6585320637209 -63.34174233924648 -518.5875542202955 738.7709262897456 -581.0494691775859
 -700.6373447603983 636.3420564911839 579.2829263023514 266.2841382236745 -825.4225567087169
 743.9069878516857 -727.7292721826706 -246.0307158150875 -172.907992734341 -286.8358798592093
 -991.6299526886266 934.9922478446474 800.7137495803565 317.8244831754785 613.1803454931653
 -612.3147474004727 -247.5991182130621 -831.4031589056451 -907.9074574012209 760.0322164818053
 -700.6373447603983 636.3420564911839 579.2829263023514 266.2841382236745 -825.4225567087169
 536.9610135899622 787.5677151793557 682.6608363050143 259.6290553127715 -209.4471648690642
 515.7810654911673 361.0118800780394 -924.0727916012564 -301.6667521886852 -599.1240517536046
 459.9971225561342 -744.8266010470187 325.0674545323352 132.9818265849012 762.0292508535094
 458.6585320637209 -63.34174233924648 -518.5875542202955 738.7709262897456 -581.0494691775859
 458.6585320637209 -63.34174233924648 -518.5875542202955 738.7709262897456 -581.0494691775859
 -7.433050975442029 447.2471208344523 800.920654258118 195.8247757554757 271.1692241360763
 -700.6373447603983 636.3420564911839 579.2829263023514 266.2841382236745 -825.4225567087169
 246.3918588294393 -986.5280738935621 -403.0579106933181 -551.4047188330838 -768.9261588622899
 285.4777379818561 160.7903400906416 -376.6603556475973 996.2981808258003 -621.2506233217405
 458.6585320637209 -63.34174233924648 -518.5875542202955 738.7709262897456 -581.0494691775859
 458.6585320637209 -63.34174233924648 -518.5875542202955 738.7709262897456 -581.0494691775859
 458.6585320637209 -63.34174233924648 -518.5875542202955 738.7709262897456 -581.0494691775859
 -611.5612598522773 98.6867578135375 616.3004607542291 -586.0128512510869 -238.5912847941318
 -611.5612598522773 98.6867578135375 616.3004607542291 -586.0128512510869 -238.5912847941318
 770.0584189577125 -522.8481274898659 -313.9437023971742 884.1838922309837 -213.1211690167835
 458.6585320637209 -63.34174233924648 -518.5875542202955 738.7709262897456 -581.0494691775859
 -3909.90410337209 1188.34899960639 -428.118085297682 2195.340362050016 -1322.844353087148
 458.6585320637209 -63.34174233924648 -518.5875542202955 738.7709262897456 -581.0494691775859
 536.9610135899622 787.5677151793557 682.6608363050143 259.6290553127715 -209.4471648690642
 630.8429687574073 -194.3621090268412 671.8371153004127 373.3544715133389 -735.101864491383
 1414.269042285485 2192.027781346589 4241.665808005846 1228.720360428926 -3062.279202761789
 458.6585320637209 -63.34174233924648 -518.5875542202955 738.7709262897456 -581.0494691775859
 -547.4530985601768 95.42386109127119 478.3833307123521 -563.1692896339441 590.3060496704363
 458.6585320637209 -63.34174233924648 -518.5875542202955 738.7709262897456 -581.0494691775859
 -547.4530985601768 95.42386109127119 478.3833307123521 -563.1692896339441 590.3060496704363
 458.6585320637209 -63.34174233924648 -518.5875542202955 738.7709262897456 -581.0494691775859
 285.4777379818561 160.7903400906416 -376.6603556475973 996.2981808258003 -621.2506233217405
 -547.4530985601768 95.42386109127119 478.3833307123521 -563.1692896339441 590.3060496704363
 -611.5612598522773 98.6867578135375 616.3004607542291 -586.0128512510869 -238.5912847941318
 -757.1605963996044 559.1087421374996 -115.0236334161992 -249.253168126362 -516.908440648488
 630.8429687574073 -194.3621090268412 671.8371153004127 373.3544715133389 -735.101864491383
 -547.4530985601768 95.42386109127119 478.3833307123521 -563.1692896339441 590.3060496704363
 27.04770610785431 -304.163938585812 483.3043916347615 274.9924046806889 -340.4518367413648
 246.3918588294393 -986.5280738935621 -403.0579106933181 -551.4047188330838 -768.9261588622899
 -97.20847510001829 -78.44058765555747 -892.7434284141895 17.76925052415845 652.7399063181444
 458.6585320637209 -63.34174233924648 -518.5875542202955 738.7709262897456 -581.0494691775859
 -547.4530985601768 95.42386109127119 478.3833307123521 -563.1692896339441 590.3060496704363
 -97.20847510001829 -78.44058765555747 -892.7434284141895 17.76925052415845 652.7399063181444
 -3033.472962099568 -2043.350658854279 879.1207100024264 431.0223539334989 1922.608374352056
 458.6585320637209 -63.34174233924648 -518.5875542202955 738.7709262897456 -581.0494691775859
 -612.3147474004727 -247.5991182130621 -831.4031589056451 -907.9074574012209 760.0322164818053
 458.6585320637209 -63.34174233924648 -518.5875542202955 738.7709262897456 -581.0494691775859
 347.1194160619375 298.7608329215898 639.6267726815711 503.3014030049535 926.5216923147773
 -998.0318296469476 -190.4786326488212 -82.9831981074135 -189.1883577848491 618.0487234122027
 -700.6373447603983 636.3420564911839 579.2829263023514 266.2841382236745 -825.4225567087169
 316.4731197355316 738.7017417663806 151.2252698321663 -771.8677869352412 -921.8556436701199
 -97.20847510001829 -78.44058765555747 -892.7434284141895 17.76925052415845 652.7399063181444
 -525.1327575431651 712.1808807568025 337.7699801170158 172.6633553916822 -509.0927386764164
 504.8933948307044 -727.4035377636915 998.4204759854881 817.8541249678744 594.7289207557303
 458.6585320637209 -63.34174233924648 -518.5875542202955 738.7709262897456 -581.0494691775859
 -525.1327575431651 712.1808807568025 337.7699801170158 172.6633553916822 -509.0927386764164
 -542.8058180661301 -377.2475092067781 -723.7696792908831 -331.8875627472028 -334.9504278424092
 458.6585320637209 -63.34174233924648 -518.5875542202955 738.7709262897456 -581.0494691775859
 -547.4530985601768 95.42386109127119 478.3833307123521 -563.1692896339441 590.3060496704363
 991.4410851810105 45.6705428903349 -743.1158633470129 -758.1868906464161 580.592195509596
 2538.052516937711 -311.2945878292035 -1250.316428635639 1559.309234355557 -707.1449217356898
 784.4710001943096 4193.996739834116 -690.1317462811596 -440.9208046812446 -1317.455087618653
 -4991.085884659056 1730.618165118668 2362.531771911436 1766.504682242102 -3700.468931926054
 1977.540214569 4131.782731979407 -966.2687164015697 -2322.155819146926 713.5438409375133
