# Created by Octave 4.2.1, Mon Oct 09 17:06:57 2017 BRT <root@mosqueiro>
# name: pop
# type: matrix
# rows: 100
# columns: 5
 549.2069253055546 -516.1545675680293 -901.5443233713909 948.2040929113657 -70.17469444954628
 549.2069253055546 -516.1545675680293 -901.5443233713909 948.2040929113657 -70.17469444954628
 -166.8967230306656 1171.868484036566 43.92626487266341 -196.268787620737 59.45810976519567
 458.6585320637209 -63.34174233924648 -518.5875542202955 738.7709262897456 -581.0494691775859
 -288.1693342196656 -40.72236901503836 159.4031956761273 214.3870601722077 -1379.05696622658
 458.6585320637209 -63.34174233924648 -518.5875542202955 738.7709262897456 -581.0494691775859
 458.6585320637209 -63.34174233924648 -518.5875542202955 738.7709262897456 -581.0494691775859
 1956.12681443813 1874.549655528061 -948.2917754798191 1567.88895782695 -1152.107496339831
 -384.5991464872587 -798.7575324145211 -2163.391579822988 1006.76138872029 -2160.571758543676
 549.2069253055546 -516.1545675680293 -901.5443233713909 948.2040929113657 -70.17469444954628
 458.6585320637209 -63.34174233924648 -518.5875542202955 738.7709262897456 -581.0494691775859
 -1036.772241824988 1544.922880544998 186.1563985536473 556.3882566623847 -1371.937262795813
 196.027898880694 -1497.971641063332 471.7854584272518 -1843.492128577766 -767.4348486222975
 458.6585320637209 -63.34174233924648 -518.5875542202955 738.7709262897456 -581.0494691775859
 76.03619386256156 180.2308947797092 -1386.493725272766 1101.256694184855 -2118.015652458701
 458.6585320637209 -63.34174233924648 -518.5875542202955 738.7709262897456 -581.0494691775859
 1360.129969546292 634.3129560793511 259.5598031371031 2102.035501086239 -1455.159828898025
 458.6585320637209 -63.34174233924648 -518.5875542202955 738.7709262897456 -581.0494691775859
 -752.9515490335954 -3992.842863729089 -400.2561724454281 3922.823653175938 2986.228370192071
 458.6585320637209 -63.34174233924648 -518.5875542202955 738.7709262897456 -581.0494691775859
 -536.3221176485836 -2764.775565494918 777.5259066500493 1303.161050180407 -2742.402650490946
 458.6585320637209 -63.34174233924648 -518.5875542202955 738.7709262897456 -581.0494691775859
 458.6585320637209 -63.34174233924648 -518.5875542202955 738.7709262897456 -581.0494691775859
 458.6585320637209 -63.34174233924648 -518.5875542202955 738.7709262897456 -581.0494691775859
 -455.359286447561 34.92225955712858 993.3265342309417 -49.11084296427055 1198.863379419229
 549.2069253055546 -516.1545675680293 -901.5443233713909 948.2040929113657 -70.17469444954628
 458.6585320637209 -63.34174233924648 -518.5875542202955 738.7709262897456 -581.0494691775859
 549.2069253055546 -516.1545675680293 -901.5443233713909 948.2040929113657 -70.17469444954628
 458.6585320637209 -63.34174233924648 -518.5875542202955 738.7709262897456 -581.0494691775859
 458.6585320637209 -63.34174233924648 -518.5875542202955 738.7709262897456 -581.0494691775859
 458.6585320637209 -63.34174233924648 -518.5875542202955 738.7709262897456 -581.0494691775859
 549.2069253055546 -516.1545675680293 -901.5443233713909 948.2040929113657 -70.17469444954628
 -770.4817232223691 -584.3927215447023 -56.26677813314154 -368.4788126799839 -233.7880806297994
 458.6585320637209 -63.34174233924648 -518.5875542202955 738.7709262897456 -581.0494691775859
 458.6585320637209 -63.34174233924648 -518.5875542202955 738.7709262897456 -581.0494691775859
 458.6585320637209 -63.34174233924648 -518.5875542202955 738.7709262897456 -581.0494691775859
 -770.4817232223691 -584.3927215447023 -56.26677813314154 -368.4788126799839 -233.7880806297994
 1956.12681443813 1874.549655528061 -948.2917754798191 1567.88895782695 -1152.107496339831
 549.2069253055546 -516.1545675680293 -901.5443233713909 948.2040929113657 -70.17469444954628
 458.6585320637209 -63.34174233924648 -518.5875542202955 738.7709262897456 -581.0494691775859
 -1141.279043509835 1834.991132234997 509.1827642270094 3196.314855694595 -4626.695253732346
 458.6585320637209 -63.34174233924648 -518.5875542202955 738.7709262897456 -581.0494691775859
 -668.6598176646012 -797.0263654558822 -578.1917434900033 -940.0644784608819 -634.5037008444165
 458.6585320637209 -63.34174233924648 -518.5875542202955 738.7709262897456 -581.0494691775859
 549.2069253055546 -516.1545675680293 -901.5443233713909 948.2040929113657 -70.17469444954628
 458.6585320637209 -63.34174233924648 -518.5875542202955 738.7709262897456 -581.0494691775859
 549.2069253055546 -516.1545675680293 -901.5443233713909 948.2040929113657 -70.17469444954628
 549.2069253055546 -516.1545675680293 -901.5443233713909 948.2040929113657 -70.17469444954628
 -384.5991464872587 -798.7575324145211 -2163.391579822988 1006.76138872029 -2160.571758543676
 -1316.844748598406 -1247.750308572266 -141.7401535202192 -10.27358001908556 -1007.703380497821
 549.2069253055546 -516.1545675680293 -901.5443233713909 948.2040929113657 -70.17469444954628
 325.2117777166674 -1559.082042947267 -435.4734967723436 64.21456001009017 -3031.446620499606
 549.2069253055546 -516.1545675680293 -901.5443233713909 948.2040929113657 -70.17469444954628
 458.6585320637209 -63.34174233924648 -518.5875542202955 738.7709262897456 -581.0494691775859
 -1975.663857057315 456.2179516506894 -865.5792080606423 -452.5917318512044 -2273.923050256294
 -384.5991464872587 -798.7575324145211 -2163.391579822988 1006.76138872029 -2160.571758543676
 458.6585320637209 -63.34174233924648 -518.5875542202955 738.7709262897456 -581.0494691775859
 458.6585320637209 -63.34174233924648 -518.5875542202955 738.7709262897456 -581.0494691775859
 458.6585320637209 -63.34174233924648 -518.5875542202955 738.7709262897456 -581.0494691775859
 458.6585320637209 -63.34174233924648 -518.5875542202955 738.7709262897456 -581.0494691775859
 458.6585320637209 -63.34174233924648 -518.5875542202955 738.7709262897456 -581.0494691775859
 2200.669960223099 439.3379990661649 416.4352115188648 1536.467169006978 -711.7724786180953
 -455.359286447561 34.92225955712858 993.3265342309417 -49.11084296427055 1198.863379419229
 885.7992673352453 -2072.685659152858 702.397334286072 106.0051317278718 -1337.94801033897
 -669.7321782132985 1344.051615706707 59.66936492017135 1561.727509410062 -1097.003959181812
 -384.5991464872587 -798.7575324145211 -2163.391579822988 1006.76138872029 -2160.571758543676
 549.2069253055546 -516.1545675680293 -901.5443233713909 948.2040929113657 -70.17469444954628
 458.6585320637209 -63.34174233924648 -518.5875542202955 738.7709262897456 -581.0494691775859
 549.2069253055546 -516.1545675680293 -901.5443233713909 948.2040929113657 -70.17469444954628
 458.6585320637209 -63.34174233924648 -518.5875542202955 738.7709262897456 -581.0494691775859
 549.2069253055546 -516.1545675680293 -901.5443233713909 948.2040929113657 -70.17469444954628
 -509.2582532133205 84.05364050774585 -1305.183314508679 920.5680511176275 -128.2278907009105
 458.6585320637209 -63.34174233924648 -518.5875542202955 738.7709262897456 -581.0494691775859
 772.8092479732493 -462.7318359328987 1501.584661706781 128.6442058091489 -434.0778846742541
 458.6585320637209 -63.34174233924648 -518.5875542202955 738.7709262897456 -581.0494691775859
 325.2117777166674 -1559.082042947267 -435.4734967723436 64.21456001009017 -3031.446620499606
 549.2069253055546 -516.1545675680293 -901.5443233713909 948.2040929113657 -70.17469444954628
 -288.1693342196656 -40.72236901503836 159.4031956761273 214.3870601722077 -1379.05696622658
 458.6585320637209 -63.34174233924648 -518.5875542202955 738.7709262897456 -581.0494691775859
 458.6585320637209 -63.34174233924648 -518.5875542202955 738.7709262897456 -581.0494691775859
 -579.7203272955077 -1349.55591147656 -3418.247680076757 393.7304723097905 -2508.851862729214
 214.6936046313409 -49.30088074166108 467.3955936302614 431.022477325627 366.7327282034925
 116.7182551841585 261.1369251472861 -334.741266680291 188.5525807548148 -1697.726866197017
 930.3315956698304 403.542245509619 -333.0217191616877 1332.80449230919 697.3166860099441
