# Created by Octave 4.2.1, Mon Oct 09 17:06:01 2017 BRT <root@mosqueiro>
# name: pop
# type: matrix
# rows: 100
# columns: 5
 507.9980378648723 -234.5518733853262 23.00769414486535 -151.3101475769449 -143.9365783234563
 560.5881087202872 -215.4828132724439 -19.72543151784976 -129.2700558841981 -194.4030114807059
 560.5881087202872 -215.4828132724439 -19.72543151784976 -129.2700558841981 -194.4030114807059
 560.5881087202872 -215.4828132724439 -19.72543151784976 -129.2700558841981 -194.4030114807059
 549.2038834712872 -223.5937798476768 -54.84049385851878 -61.04261249160037 -267.584362216318
 560.5881087202872 -215.4828132724439 -19.72543151784976 -129.2700558841981 -194.4030114807059
 617.7424998482155 -258.6931038722698 -109.8403506839724 -99.00824796327886 -410.9616790492061
 627.0298449212883 -358.7084549504729 81.38910269260134 -312.3408673145696 -329.7306716815261
 482.9123083444349 -492.7207418194973 393.8494936835704 419.019060421085 -600.4061760388495
 434.6220989902801 -210.2361052042434 -19.96877785889414 -92.204221294592 -236.243126593486
 625.3916844313615 -312.7159191214749 116.2243195319278 -287.8622901132303 -293.9015488649227
 560.5881087202872 -215.4828132724439 -19.72543151784976 -129.2700558841981 -194.4030114807059
 560.5881087202872 -215.4828132724439 -19.72543151784976 -129.2700558841981 -194.4030114807059
 560.5881087202872 -215.4828132724439 -19.72543151784976 -129.2700558841981 -194.4030114807059
 578.6752236615044 -143.4490171118066 -29.41280627741289 -129.5756496648185 -197.7020510811829
 577.1172960127636 -286.7288936943866 -22.9958620699113 -33.34197420000451 -224.5532679628707
 525.0253954036688 -167.8120847134676 -16.54231219949861 -122.1492316350206 -62.97064440702499
 560.5881087202872 -215.4828132724439 -19.72543151784976 -129.2700558841981 -194.4030114807059
 560.5881087202872 -215.4828132724439 -19.72543151784976 -129.2700558841981 -194.4030114807059
 560.5881087202872 -215.4828132724439 -19.72543151784976 -129.2700558841981 -194.4030114807059
 560.5881087202872 -215.4828132724439 -19.72543151784976 -129.2700558841981 -194.4030114807059
 560.5881087202872 -215.4828132724439 -19.72543151784976 -129.2700558841981 -194.4030114807059
 560.5881087202872 -215.4828132724439 -19.72543151784976 -129.2700558841981 -194.4030114807059
 560.5881087202872 -215.4828132724439 -19.72543151784976 -129.2700558841981 -194.4030114807059
 451.2212255521932 -134.7643963186399 -26.822258412003 -46.90578808543009 -179.4895764055695
 560.5881087202872 -215.4828132724439 -19.72543151784976 -129.2700558841981 -194.4030114807059
 507.9980378648723 -234.5518733853262 23.00769414486535 -151.3101475769449 -143.9365783234563
 507.9980378648723 -234.5518733853262 23.00769414486535 -151.3101475769449 -143.9365783234563
 560.5881087202872 -215.4828132724439 -19.72543151784976 -129.2700558841981 -194.4030114807059
 560.5881087202872 -215.4828132724439 -19.72543151784976 -129.2700558841981 -194.4030114807059
 552.4989303516804 -184.8185843771684 -30.10259344342909 -84.43644330670924 -143.2282872647709
 560.5881087202872 -215.4828132724439 -19.72543151784976 -129.2700558841981 -194.4030114807059
 560.5881087202872 -215.4828132724439 -19.72543151784976 -129.2700558841981 -194.4030114807059
 507.9980378648723 -234.5518733853262 23.00769414486535 -151.3101475769449 -143.9365783234563
 625.3916844313615 -312.7159191214749 116.2243195319278 -287.8622901132303 -293.9015488649227
 577.1172960127636 -286.7288936943866 -22.9958620699113 -33.34197420000451 -224.5532679628707
 560.5881087202872 -215.4828132724439 -19.72543151784976 -129.2700558841981 -194.4030114807059
 560.5881087202872 -215.4828132724439 -19.72543151784976 -129.2700558841981 -194.4030114807059
 507.9980378648723 -234.5518733853262 23.00769414486535 -151.3101475769449 -143.9365783234563
 518.8223440705277 -204.4775421179175 12.47437054551935 -182.1724291567718 -116.8128854672742
 570.6895378610359 -301.2846343745595 -136.8614711904017 -113.2257044614396 -157.6070941069914
 560.5881087202872 -215.4828132724439 -19.72543151784976 -129.2700558841981 -194.4030114807059
 560.5881087202872 -215.4828132724439 -19.72543151784976 -129.2700558841981 -194.4030114807059
 560.5881087202872 -215.4828132724439 -19.72543151784976 -129.2700558841981 -194.4030114807059
 451.2212255521932 -134.7643963186399 -26.822258412003 -46.90578808543009 -179.4895764055695
 535.9095313022384 -637.9980803799001 -16.16401605698961 -134.2789663318827 85.94067099456242
 560.5881087202872 -215.4828132724439 -19.72543151784976 -129.2700558841981 -194.4030114807059
 631.6034538229754 -130.30903473422 -26.56260928987909 -183.6320903951713 -101.6878838916658
 605.1674509981495 -240.4915086085535 -104.2016565301474 -175.5907181929107 -370.3770136736339
 560.5881087202872 -215.4828132724439 -19.72543151784976 -129.2700558841981 -194.4030114807059
 625.3916844313615 -312.7159191214749 116.2243195319278 -287.8622901132303 -293.9015488649227
 560.5881087202872 -215.4828132724439 -19.72543151784976 -129.2700558841981 -194.4030114807059
 560.5881087202872 -215.4828132724439 -19.72543151784976 -129.2700558841981 -194.4030114807059
 560.5881087202872 -215.4828132724439 -19.72543151784976 -129.2700558841981 -194.4030114807059
 560.5881087202872 -215.4828132724439 -19.72543151784976 -129.2700558841981 -194.4030114807059
 513.9630131041328 -256.9635473849756 17.05336115277909 -70.00562766274999 -209.0258995601661
 560.5881087202872 -215.4828132724439 -19.72543151784976 -129.2700558841981 -194.4030114807059
 560.5881087202872 -215.4828132724439 -19.72543151784976 -129.2700558841981 -194.4030114807059
 590.7385710699568 -229.536782251927 -20.04338551088511 -123.027541292997 -143.4078560075334
 560.5881087202872 -215.4828132724439 -19.72543151784976 -129.2700558841981 -194.4030114807059
 507.9980378648723 -234.5518733853262 23.00769414486535 -151.3101475769449 -143.9365783234563
 560.5881087202872 -215.4828132724439 -19.72543151784976 -129.2700558841981 -194.4030114807059
 445.6391304941187 -210.3015412884314 -170.6030485328769 -9.036616820243111 -4.776376108775594
 434.6220989902801 -210.2361052042434 -19.96877785889414 -92.204221294592 -236.243126593486
 605.1674509981495 -240.4915086085535 -104.2016565301474 -175.5907181929107 -370.3770136736339
 560.5881087202872 -215.4828132724439 -19.72543151784976 -129.2700558841981 -194.4030114807059
 560.5881087202872 -215.4828132724439 -19.72543151784976 -129.2700558841981 -194.4030114807059
 631.6034538229754 -130.30903473422 -26.56260928987909 -183.6320903951713 -101.6878838916658
 560.5881087202872 -215.4828132724439 -19.72543151784976 -129.2700558841981 -194.4030114807059
 631.6034538229754 -130.30903473422 -26.56260928987909 -183.6320903951713 -101.6878838916658
 507.9980378648723 -234.5518733853262 23.00769414486535 -151.3101475769449 -143.9365783234563
 563.1928501067711 -256.9968991201573 -31.64924674629497 -125.2440043478966 -201.8383233283539
 507.9980378648723 -234.5518733853262 23.00769414486535 -151.3101475769449 -143.9365783234563
 560.5881087202872 -215.4828132724439 -19.72543151784976 -129.2700558841981 -194.4030114807059
 635.7127167418021 -253.674879475509 -26.18818527894029 -243.1295435375439 -268.6812498965141
 560.5881087202872 -215.4828132724439 -19.72543151784976 -129.2700558841981 -194.4030114807059
 586.3565584994601 -252.0337930757536 20.87066454077769 -82.84917463807332 -197.7710909414174
 560.5881087202872 -215.4828132724439 -19.72543151784976 -129.2700558841981 -194.4030114807059
 560.5881087202872 -215.4828132724439 -19.72543151784976 -129.2700558841981 -194.4030114807059
 560.5881087202872 -215.4828132724439 -19.72543151784976 -129.2700558841981 -194.4030114807059
 577.4456745383794 -187.080859845631 -45.67610412606501 -87.06331383671682 -197.4597030231346
 495.870683335009 -641.0844818125123 -19.05743649456487 -155.9796293245589 103.4946007913328
 634.3626872845779 -190.3893188342792 -40.2520854315532 -126.069148823418 -156.9254031182802
