# Created by Octave 4.2.1, Mon Oct 09 17:07:05 2017 BRT <root@mosqueiro>
# name: pop
# type: matrix
# rows: 100
# columns: 5
 656.5171487359695 -135.0605300680846 -1130.779515701264 1465.207409325329 -854.6009747699245
 656.5171487359695 -135.0605300680846 -1130.779515701264 1465.207409325329 -854.6009747699245
 549.2069253055546 -516.1545675680293 -901.5443233713909 948.2040929113657 -70.17469444954628
 656.5171487359695 -135.0605300680846 -1130.779515701264 1465.207409325329 -854.6009747699245
 573.8582494041812 -168.70988301771 -1155.406990882047 1551.985410076649 -834.2503473365707
 615.1536986513984 -126.5993370543571 -1142.933794299216 1501.671416527957 -844.8635222840937
 549.2069253055546 -516.1545675680293 -901.5443233713909 948.2040929113657 -70.17469444954628
 595.4050399559986 -153.2775374766665 -1092.49400632602 1593.646285710127 -863.6170680683888
 551.7152189674438 -548.6768501704671 -874.5756259901393 950.1805157139386 -70.70066196373939
 615.1536986513984 -126.5993370543571 -1142.933794299216 1501.671416527957 -844.8635222840937
 617.9019618547006 -128.5149655432846 -1148.108325855384 1493.910106917136 -827.5909874345824
 615.1536986513984 -126.5993370543571 -1142.933794299216 1501.671416527957 -844.8635222840937
 615.1536986513984 -126.5993370543571 -1142.933794299216 1501.671416527957 -844.8635222840937
 648.247285578136 -166.9388190124976 -1096.504968854558 1572.356860038423 -881.5995114619766
 656.5171487359695 -135.0605300680846 -1130.779515701264 1465.207409325329 -854.6009747699245
 615.1536986513984 -126.5993370543571 -1142.933794299216 1501.671416527957 -844.8635222840937
 656.5171487359695 -135.0605300680846 -1130.779515701264 1465.207409325329 -854.6009747699245
 656.5171487359695 -135.0605300680846 -1130.779515701264 1465.207409325329 -854.6009747699245
 615.1536986513984 -126.5993370543571 -1142.933794299216 1501.671416527957 -844.8635222840937
 656.5171487359695 -135.0605300680846 -1130.779515701264 1465.207409325329 -854.6009747699245
 630.8238931881097 -206.6121449519142 -1150.941015618173 1484.152071949083 -789.7515487969196
 615.1536986513984 -126.5993370543571 -1142.933794299216 1501.671416527957 -844.8635222840937
 639.010815557077 -168.436112467907 -1187.655495379767 1562.985925125222 -815.4840325531775
 615.1536986513984 -126.5993370543571 -1142.933794299216 1501.671416527957 -844.8635222840937
 388.899407132373 -132.0117664277828 -691.5269580146586 975.7826234273571 -322.3571792301018
 615.1536986513984 -126.5993370543571 -1142.933794299216 1501.671416527957 -844.8635222840937
 629.2208019816021 -148.1035607492203 -1135.150709348188 1501.410134584683 -868.4217224278259
 549.2069253055546 -516.1545675680293 -901.5443233713909 948.2040929113657 -70.17469444954628
 615.1536986513984 -126.5993370543571 -1142.933794299216 1501.671416527957 -844.8635222840937
 615.1536986513984 -126.5993370543571 -1142.933794299216 1501.671416527957 -844.8635222840937
 615.1536986513984 -126.5993370543571 -1142.933794299216 1501.671416527957 -844.8635222840937
 615.1536986513984 -126.5993370543571 -1142.933794299216 1501.671416527957 -844.8635222840937
 585.2049413173012 -172.3506315525203 -1155.054115818752 1449.782745914907 -910.1095013134317
 656.5171487359695 -135.0605300680846 -1130.779515701264 1465.207409325329 -854.6009747699245
 639.010815557077 -168.436112467907 -1187.655495379767 1562.985925125222 -815.4840325531775
 620.921940643625 -124.6325959699108 -1157.135314956195 1520.480062976132 -849.4749900697728
 615.1536986513984 -126.5993370543571 -1142.933794299216 1501.671416527957 -844.8635222840937
 615.1536986513984 -126.5993370543571 -1142.933794299216 1501.671416527957 -844.8635222840937
 615.1536986513984 -126.5993370543571 -1142.933794299216 1501.671416527957 -844.8635222840937
 656.5171487359695 -135.0605300680846 -1130.779515701264 1465.207409325329 -854.6009747699245
 656.5171487359695 -135.0605300680846 -1130.779515701264 1465.207409325329 -854.6009747699245
 615.1536986513984 -126.5993370543571 -1142.933794299216 1501.671416527957 -844.8635222840937
 615.1536986513984 -126.5993370543571 -1142.933794299216 1501.671416527957 -844.8635222840937
 656.5171487359695 -135.0605300680846 -1130.779515701264 1465.207409325329 -854.6009747699245
 556.7347884516761 -514.2734266710446 -920.4915899228563 930.0749465343283 -70.16080015506664
 615.1536986513984 -126.5993370543571 -1142.933794299216 1501.671416527957 -844.8635222840937
 615.1536986513984 -126.5993370543571 -1142.933794299216 1501.671416527957 -844.8635222840937
 616.6154837955008 -109.2030850125886 -1096.965902287616 1494.216673466648 -876.2023224989797
 615.1536986513984 -126.5993370543571 -1142.933794299216 1501.671416527957 -844.8635222840937
 615.1536986513984 -126.5993370543571 -1142.933794299216 1501.671416527957 -844.8635222840937
 615.1536986513984 -126.5993370543571 -1142.933794299216 1501.671416527957 -844.8635222840937
 592.5806203604925 -167.7772033315504 -1137.013685283168 1467.318177851143 -895.0107110088256
 615.1536986513984 -126.5993370543571 -1142.933794299216 1501.671416527957 -844.8635222840937
 656.5171487359695 -135.0605300680846 -1130.779515701264 1465.207409325329 -854.6009747699245
 615.1536986513984 -126.5993370543571 -1142.933794299216 1501.671416527957 -844.8635222840937
 615.1536986513984 -126.5993370543571 -1142.933794299216 1501.671416527957 -844.8635222840937
 556.7347884516761 -514.2734266710446 -920.4915899228563 930.0749465343283 -70.16080015506664
 615.1536986513984 -126.5993370543571 -1142.933794299216 1501.671416527957 -844.8635222840937
 589.3427834111337 -172.3896257873339 -1170.60814082168 1550.587347852401 -834.6800490297326
 615.1536986513984 -126.5993370543571 -1142.933794299216 1501.671416527957 -844.8635222840937
 615.1536986513984 -126.5993370543571 -1142.933794299216 1501.671416527957 -844.8635222840937
 615.1536986513984 -126.5993370543571 -1142.933794299216 1501.671416527957 -844.8635222840937
 595.4155599659448 -117.5717093966937 -1109.612517452632 1506.977817599115 -914.4566067350256
 595.4155599659448 -117.5717093966937 -1109.612517452632 1506.977817599115 -914.4566067350256
 615.1536986513984 -126.5993370543571 -1142.933794299216 1501.671416527957 -844.8635222840937
 617.9019618547006 -128.5149655432846 -1148.108325855384 1493.910106917136 -827.5909874345824
 549.2069253055546 -516.1545675680293 -901.5443233713909 948.2040929113657 -70.17469444954628
 616.6154837955008 -109.2030850125886 -1096.965902287616 1494.216673466648 -876.2023224989797
 615.1536986513984 -126.5993370543571 -1142.933794299216 1501.671416527957 -844.8635222840937
 458.6585320637209 -63.34174233924648 -518.5875542202955 738.7709262897456 -581.0494691775859
 630.8238931881097 -206.6121449519142 -1150.941015618173 1484.152071949083 -789.7515487969196
 615.1536986513984 -126.5993370543571 -1142.933794299216 1501.671416527957 -844.8635222840937
 656.5171487359695 -135.0605300680846 -1130.779515701264 1465.207409325329 -854.6009747699245
 615.1536986513984 -126.5993370543571 -1142.933794299216 1501.671416527957 -844.8635222840937
 556.7347884516761 -514.2734266710446 -920.4915899228563 930.0749465343283 -70.16080015506664
 630.8238931881097 -206.6121449519142 -1150.941015618173 1484.152071949083 -789.7515487969196
 656.5171487359695 -135.0605300680846 -1130.779515701264 1465.207409325329 -854.6009747699245
 656.5171487359695 -135.0605300680846 -1130.779515701264 1465.207409325329 -854.6009747699245
 615.1536986513984 -126.5993370543571 -1142.933794299216 1501.671416527957 -844.8635222840937
 620.921940643625 -124.6325959699108 -1157.135314956195 1520.480062976132 -849.4749900697728
 608.2060392970245 -156.4231417185226 -1104.999509702895 1605.775296884341 -877.4837291284742
 624.5622070859594 -109.6032420561836 -1145.61014630395 1503.05311652896 -851.9493950308508
 611.4052906814899 -120.6155022790131 -1150.55078950674 1530.739792170479 -854.7597781648612
