# Created by Octave 4.2.1, Mon Oct 09 17:05:53 2017 BRT <root@mosqueiro>
# name: pop
# type: matrix
# rows: 100
# columns: 5
 560.5881087202872 -215.4828132724439 -19.72543151784976 -129.2700558841981 -194.4030114807059
 560.5881087202872 -215.4828132724439 -19.72543151784976 -129.2700558841981 -194.4030114807059
 560.5881087202872 -215.4828132724439 -19.72543151784976 -129.2700558841981 -194.4030114807059
 1996.346993874229 2202.633149350283 956.8906419621525 318.4338434691639 -882.5315242062899
 560.5881087202872 -215.4828132724439 -19.72543151784976 -129.2700558841981 -194.4030114807059
 560.5881087202872 -215.4828132724439 -19.72543151784976 -129.2700558841981 -194.4030114807059
 1996.346993874229 2202.633149350283 956.8906419621525 318.4338434691639 -882.5315242062899
 560.5881087202872 -215.4828132724439 -19.72543151784976 -129.2700558841981 -194.4030114807059
 -925.9627821041951 -33.04835317575089 -89.9178239514921 923.1718237354667 175.6436132977217
 560.5881087202872 -215.4828132724439 -19.72543151784976 -129.2700558841981 -194.4030114807059
 560.5881087202872 -215.4828132724439 -19.72543151784976 -129.2700558841981 -194.4030114807059
 2637.471391292557 292.7907895973038 3169.382392567317 938.961992027384 -0.5922462223600178
 -1453.099231557794 -387.3892087916474 -297.6607171476316 -53.68141929566393 -1258.488982670672
 1476.790234054557 1608.846344649412 -1116.02461562509 -3367.653648422752 1113.199244245092
 560.5881087202872 -215.4828132724439 -19.72543151784976 -129.2700558841981 -194.4030114807059
 560.5881087202872 -215.4828132724439 -19.72543151784976 -129.2700558841981 -194.4030114807059
 3499.181583978301 -599.6233212727604 184.6466244916091 -1750.620541502737 -1416.640969343355
 -1511.002987537835 -1342.585910785321 -1252.37282863501 4195.797976931262 -948.0834885596148
 560.5881087202872 -215.4828132724439 -19.72543151784976 -129.2700558841981 -194.4030114807059
 560.5881087202872 -215.4828132724439 -19.72543151784976 -129.2700558841981 -194.4030114807059
 560.5881087202872 -215.4828132724439 -19.72543151784976 -129.2700558841981 -194.4030114807059
 560.5881087202872 -215.4828132724439 -19.72543151784976 -129.2700558841981 -194.4030114807059
 560.5881087202872 -215.4828132724439 -19.72543151784976 -129.2700558841981 -194.4030114807059
 560.5881087202872 -215.4828132724439 -19.72543151784976 -129.2700558841981 -194.4030114807059
 1996.346993874229 2202.633149350283 956.8906419621525 318.4338434691639 -882.5315242062899
 633.5586973438387 762.2170525759946 897.714246077931 2717.139840835508 3143.895620052625
 -208.5859100351331 836.7741633636895 -2284.242018965954 4612.506436257454 -2197.60048758217
 560.5881087202872 -215.4828132724439 -19.72543151784976 -129.2700558841981 -194.4030114807059
 560.5881087202872 -215.4828132724439 -19.72543151784976 -129.2700558841981 -194.4030114807059
 560.5881087202872 -215.4828132724439 -19.72543151784976 -129.2700558841981 -194.4030114807059
 560.5881087202872 -215.4828132724439 -19.72543151784976 -129.2700558841981 -194.4030114807059
 -3760.085349353518 3736.56303441395 -1462.484222726939 1314.579752424619 -702.1767781850581
 2991.305212879209 -2495.049127557515 -3291.116467931845 417.7524152040731 1510.279378053428
 560.5881087202872 -215.4828132724439 -19.72543151784976 -129.2700558841981 -194.4030114807059
 -208.5859100351331 836.7741633636895 -2284.242018965954 4612.506436257454 -2197.60048758217
 -3760.085349353518 3736.56303441395 -1462.484222726939 1314.579752424619 -702.1767781850581
 -3760.085349353518 3736.56303441395 -1462.484222726939 1314.579752424619 -702.1767781850581
 560.5881087202872 -215.4828132724439 -19.72543151784976 -129.2700558841981 -194.4030114807059
 -434.6701467637913 -122.1474404148316 276.106824993926 -207.4569689552029 -624.3229568277796
 560.5881087202872 -215.4828132724439 -19.72543151784976 -129.2700558841981 -194.4030114807059
 560.5881087202872 -215.4828132724439 -19.72543151784976 -129.2700558841981 -194.4030114807059
 -3578.612739336501 -2124.617014027814 231.5566473808747 -1383.90322549522 -2603.320896500443
 560.5881087202872 -215.4828132724439 -19.72543151784976 -129.2700558841981 -194.4030114807059
 560.5881087202872 -215.4828132724439 -19.72543151784976 -129.2700558841981 -194.4030114807059
 897.7483240514135 -3000.670897295377 -2017.115825215616 2449.286230779898 2676.40526421175
 560.5881087202872 -215.4828132724439 -19.72543151784976 -129.2700558841981 -194.4030114807059
 1476.790234054557 1608.846344649412 -1116.02461562509 -3367.653648422752 1113.199244245092
 -3020.8588357861 3099.913861411796 -2998.958642375379 409.2163696412536 -1351.973530047339
 560.5881087202872 -215.4828132724439 -19.72543151784976 -129.2700558841981 -194.4030114807059
 560.5881087202872 -215.4828132724439 -19.72543151784976 -129.2700558841981 -194.4030114807059
 560.5881087202872 -215.4828132724439 -19.72543151784976 -129.2700558841981 -194.4030114807059
 560.5881087202872 -215.4828132724439 -19.72543151784976 -129.2700558841981 -194.4030114807059
 560.5881087202872 -215.4828132724439 -19.72543151784976 -129.2700558841981 -194.4030114807059
 1228.422453495114 190.6328487050558 -1054.41786883956 1534.634296957794 -407.8066755711126
 560.5881087202872 -215.4828132724439 -19.72543151784976 -129.2700558841981 -194.4030114807059
 560.5881087202872 -215.4828132724439 -19.72543151784976 -129.2700558841981 -194.4030114807059
 -925.9627821041951 -33.04835317575089 -89.9178239514921 923.1718237354667 175.6436132977217
 -1304.361350003068 500.2010115042192 1648.583300890124 2851.45628819279 -1321.766469225815
 -4143.054135432634 -1123.517618312376 2997.250518856958 295.6021234455138 -914.7955968401091
 560.5881087202872 -215.4828132724439 -19.72543151784976 -129.2700558841981 -194.4030114807059
 560.5881087202872 -215.4828132724439 -19.72543151784976 -129.2700558841981 -194.4030114807059
 560.5881087202872 -215.4828132724439 -19.72543151784976 -129.2700558841981 -194.4030114807059
 560.5881087202872 -215.4828132724439 -19.72543151784976 -129.2700558841981 -194.4030114807059
 560.5881087202872 -215.4828132724439 -19.72543151784976 -129.2700558841981 -194.4030114807059
 560.5881087202872 -215.4828132724439 -19.72543151784976 -129.2700558841981 -194.4030114807059
 -434.6701467637913 -122.1474404148316 276.106824993926 -207.4569689552029 -624.3229568277796
 560.5881087202872 -215.4828132724439 -19.72543151784976 -129.2700558841981 -194.4030114807059
 -4143.054135432634 -1123.517618312376 2997.250518856958 295.6021234455138 -914.7955968401091
 560.5881087202872 -215.4828132724439 -19.72543151784976 -129.2700558841981 -194.4030114807059
 560.5881087202872 -215.4828132724439 -19.72543151784976 -129.2700558841981 -194.4030114807059
 560.5881087202872 -215.4828132724439 -19.72543151784976 -129.2700558841981 -194.4030114807059
 -1511.002987537835 -1342.585910785321 -1252.37282863501 4195.797976931262 -948.0834885596148
 897.7483240514135 -3000.670897295377 -2017.115825215616 2449.286230779898 2676.40526421175
 560.5881087202872 -215.4828132724439 -19.72543151784976 -129.2700558841981 -194.4030114807059
 924.9096901655239 -2269.557017441046 265.3999607478275 -2189.122274719075 -213.5188833435241
 560.5881087202872 -215.4828132724439 -19.72543151784976 -129.2700558841981 -194.4030114807059
 -208.5859100351331 836.7741633636895 -2284.242018965954 4612.506436257454 -2197.60048758217
 -1304.361350003068 500.2010115042192 1648.583300890124 2851.45628819279 -1321.766469225815
 50.52708775838539 1814.92086023181 -519.8092193939999 2203.59053562928 3006.908820351202
 560.5881087202872 -215.4828132724439 -19.72543151784976 -129.2700558841981 -194.4030114807059
 1047.156736423701 -571.4584130795106 -1166.382011801155 944.7701303928555 196.2665559209951
 992.471284365053 830.5460762247471 -271.9783527670342 1176.702326232601 -1500.02092946971
 1207.15776276719 -433.3802472838602 2.817171257751806 -736.658249740802 -212.6606771357013
