# Created by Octave 4.2.1, Mon Oct 09 17:08:40 2017 BRT <root@mosqueiro>
# name: pop
# type: matrix
# rows: 100
# columns: 5
 275.8845291712934 904.7956299156979 -215.2506351719081 -747.6358669674788 -218.3242436061646
 275.8845291712934 904.7956299156979 -215.2506351719081 -747.6358669674788 -218.3242436061646
 275.8845291712934 904.7956299156979 -215.2506351719081 -747.6358669674788 -218.3242436061646
 349.6015819344486 700.5565550472957 -87.98384364233046 -629.0107744053387 -331.9708475263887
 278.5118589698812 905.8576188017227 -214.7528557966692 -743.1594968997214 -217.8248811248807
 275.8845291712934 904.7956299156979 -215.2506351719081 -747.6358669674788 -218.3242436061646
 349.6015819344486 700.5565550472957 -87.98384364233046 -629.0107744053387 -331.9708475263887
 344.1913260145901 699.3595653400648 -86.945017454162 -626.7517452931338 -334.6532487475461
 362.2908114606146 681.9947733287162 -85.3256931663785 -629.4361636232836 -329.7043784632028
 362.2908114606146 681.9947733287162 -85.3256931663785 -629.4361636232836 -329.7043784632028
 349.7117686671463 700.6397231177806 -86.9902091487043 -629.862143184971 -329.9047562258401
 350.0791872248312 699.956547197414 -90.90325997538328 -628.8926437794056 -333.2331401110106
 362.2908114606146 681.9947733287162 -85.3256931663785 -629.4361636232836 -329.7043784632028
 349.6015819344486 700.5565550472957 -87.98384364233046 -629.0107744053387 -331.9708475263887
 363.2244692064522 683.3717155648638 -87.52466282511676 -629.010886007559 -327.6821145351476
 347.9857205250955 711.8313313980757 -45.26387743888314 -617.0904801580666 -343.2515721665088
 275.8845291712934 904.7956299156979 -215.2506351719081 -747.6358669674788 -218.3242436061646
 349.6015819344486 700.5565550472957 -87.98384364233046 -629.0107744053387 -331.9708475263887
 275.8845291712934 904.7956299156979 -215.2506351719081 -747.6358669674788 -218.3242436061646
 348.2449081136999 703.7543662346824 -83.65821521923976 -625.2844519036481 -331.3390908334512
 362.2908114606146 681.9947733287162 -85.3256931663785 -629.4361636232836 -329.7043784632028
 362.2908114606146 681.9947733287162 -85.3256931663785 -629.4361636232836 -329.7043784632028
 349.6015819344486 700.5565550472957 -87.98384364233046 -629.0107744053387 -331.9708475263887
 347.5987940298643 699.2154589765598 -86.3194921780679 -629.4423840855371 -331.6415335146373
 274.143695856904 906.2913527299046 -214.2265072825264 -747.6255822839915 -218.6271112296075
 260.2923619438889 875.5695233716955 -212.9978964670701 -797.3269673824876 -248.9538132741802
 362.2908114606146 681.9947733287162 -85.3256931663785 -629.4361636232836 -329.7043784632028
 275.8845291712934 904.7956299156979 -215.2506351719081 -747.6358669674788 -218.3242436061646
 275.8845291712934 904.7956299156979 -215.2506351719081 -747.6358669674788 -218.3242436061646
 349.6015819344486 700.5565550472957 -87.98384364233046 -629.0107744053387 -331.9708475263887
 349.6015819344486 700.5565550472957 -87.98384364233046 -629.0107744053387 -331.9708475263887
 275.8845291712934 904.7956299156979 -215.2506351719081 -747.6358669674788 -218.3242436061646
 275.8845291712934 904.7956299156979 -215.2506351719081 -747.6358669674788 -218.3242436061646
 362.2908114606146 681.9947733287162 -85.3256931663785 -629.4361636232836 -329.7043784632028
 275.8845291712934 904.7956299156979 -215.2506351719081 -747.6358669674788 -218.3242436061646
 350.684172684752 704.2069350537399 -93.38123230266557 -619.3003027314555 -338.1036294159525
 282.1192766236787 905.1536778039432 -209.2639627543942 -740.8770281356533 -219.3436178054713
 275.8845291712934 904.7956299156979 -215.2506351719081 -747.6358669674788 -218.3242436061646
 347.9857205250955 711.8313313980757 -45.26387743888314 -617.0904801580666 -343.2515721665088
 363.2244692064522 683.3717155648638 -87.52466282511676 -629.010886007559 -327.6821145351476
 349.6015819344486 700.5565550472957 -87.98384364233046 -629.0107744053387 -331.9708475263887
 275.8845291712934 904.7956299156979 -215.2506351719081 -747.6358669674788 -218.3242436061646
 349.6015819344486 700.5565550472957 -87.98384364233046 -629.0107744053387 -331.9708475263887
 275.8845291712934 904.7956299156979 -215.2506351719081 -747.6358669674788 -218.3242436061646
 275.8845291712934 904.7956299156979 -215.2506351719081 -747.6358669674788 -218.3242436061646
 350.6067726261194 700.161050167539 -86.1490481787951 -632.3698954355405 -332.9182764076751
 362.2908114606146 681.9947733287162 -85.3256931663785 -629.4361636232836 -329.7043784632028
 349.6015819344486 700.5565550472957 -87.98384364233046 -629.0107744053387 -331.9708475263887
 349.6015819344486 700.5565550472957 -87.98384364233046 -629.0107744053387 -331.9708475263887
 348.0053263582103 699.8953672323099 -88.84840596151464 -629.5488230198974 -334.0630139091838
 363.7238563138296 685.4785818550442 -88.95677560718934 -626.7396573434953 -330.7385673966199
 362.2908114606146 681.9947733287162 -85.3256931663785 -629.4361636232836 -329.7043784632028
 349.6015819344486 700.5565550472957 -87.98384364233046 -629.0107744053387 -331.9708475263887
 347.5987940298643 699.2154589765598 -86.3194921780679 -629.4423840855371 -331.6415335146373
 349.6015819344486 700.5565550472957 -87.98384364233046 -629.0107744053387 -331.9708475263887
 349.6015819344486 700.5565550472957 -87.98384364233046 -629.0107744053387 -331.9708475263887
 275.8845291712934 904.7956299156979 -215.2506351719081 -747.6358669674788 -218.3242436061646
 350.6067726261194 700.161050167539 -86.1490481787951 -632.3698954355405 -332.9182764076751
 349.6015819344486 700.5565550472957 -87.98384364233046 -629.0107744053387 -331.9708475263887
 362.2908114606146 681.9947733287162 -85.3256931663785 -629.4361636232836 -329.7043784632028
 275.8845291712934 904.7956299156979 -215.2506351719081 -747.6358669674788 -218.3242436061646
 275.8845291712934 904.7956299156979 -215.2506351719081 -747.6358669674788 -218.3242436061646
 349.6015819344486 700.5565550472957 -87.98384364233046 -629.0107744053387 -331.9708475263887
 347.5987940298643 699.2154589765598 -86.3194921780679 -629.4423840855371 -331.6415335146373
 362.2908114606146 681.9947733287162 -85.3256931663785 -629.4361636232836 -329.7043784632028
 275.8845291712934 904.7956299156979 -215.2506351719081 -747.6358669674788 -218.3242436061646
 362.2908114606146 681.9947733287162 -85.3256931663785 -629.4361636232836 -329.7043784632028
 350.6067726261194 700.161050167539 -86.1490481787951 -632.3698954355405 -332.9182764076751
 275.8845291712934 904.7956299156979 -215.2506351719081 -747.6358669674788 -218.3242436061646
 349.6015819344486 700.5565550472957 -87.98384364233046 -629.0107744053387 -331.9708475263887
 349.6015819344486 700.5565550472957 -87.98384364233046 -629.0107744053387 -331.9708475263887
 282.3912157492531 875.0783764418341 -185.3629072584841 -768.0436247935262 -185.8125138545244
 275.8845291712934 904.7956299156979 -215.2506351719081 -747.6358669674788 -218.3242436061646
 282.6466254218274 906.3067794946598 -215.2625780833953 -744.3451018949722 -219.3898061467679
 362.2908114606146 681.9947733287162 -85.3256931663785 -629.4361636232836 -329.7043784632028
 275.8845291712934 904.7956299156979 -215.2506351719081 -747.6358669674788 -218.3242436061646
 370.1867888762911 699.2145406501055 -59.70276919289096 -627.3321909079128 -359.0280812653395
 347.9857205250955 711.8313313980757 -45.26387743888314 -617.0904801580666 -343.2515721665088
 275.8845291712934 904.7956299156979 -215.2506351719081 -747.6358669674788 -218.3242436061646
 275.8845291712934 904.7956299156979 -215.2506351719081 -747.6358669674788 -218.3242436061646
 276.0059683209917 905.1657682137328 -215.1241398252418 -747.2462189446431 -219.255565592728
 362.0627454091847 681.7250913800493 -85.09584682661526 -630.7023704799394 -330.1205276503122
 349.0902099428663 700.6602771082353 -88.32037772765193 -628.6058806008512 -332.287792377187
 350.0566841363618 702.0979664219619 -86.73541333971855 -629.5017097871607 -331.1759144731316
