# Created by Octave 4.2.1, Mon Oct 09 17:08:34 2017 BRT <root@mosqueiro>
# name: pop
# type: matrix
# rows: 100
# columns: 5
 349.6015819344486 700.5565550472957 -87.98384364233046 -629.0107744053387 -331.9708475263887
 349.6015819344486 700.5565550472957 -87.98384364233046 -629.0107744053387 -331.9708475263887
 352.742043055298 919.5371760478322 -147.6134814686309 -764.303187822473 -163.5407839693029
 349.6015819344486 700.5565550472957 -87.98384364233046 -629.0107744053387 -331.9708475263887
 282.6466254218274 906.3067794946598 -215.2625780833953 -744.3451018949722 -219.3898061467679
 235.2585254568809 880.6417917877478 -259.5750623403244 -631.2694404251928 -25.61972408922009
 368.4755378645759 786.1487117055048 -222.1047861328908 -850.6326095992245 -276.3156167766145
 60.94400290079672 695.7315811155743 619.6311979478605 -610.9097538437617 -683.4172737134868
 157.8062134968903 1185.435871781066 -133.0838927041561 -925.2794021248869 -636.1489129801147
 282.6466254218274 906.3067794946598 -215.2625780833953 -744.3451018949722 -219.3898061467679
 854.6872778306906 1238.717415219233 -1684.219434483088 -498.7839197545077 810.3782875160623
 282.6466254218274 906.3067794946598 -215.2625780833953 -744.3451018949722 -219.3898061467679
 282.6466254218274 906.3067794946598 -215.2625780833953 -744.3451018949722 -219.3898061467679
 349.6015819344486 700.5565550472957 -87.98384364233046 -629.0107744053387 -331.9708475263887
 282.6466254218274 906.3067794946598 -215.2625780833953 -744.3451018949722 -219.3898061467679
 349.6015819344486 700.5565550472957 -87.98384364233046 -629.0107744053387 -331.9708475263887
 282.6466254218274 906.3067794946598 -215.2625780833953 -744.3451018949722 -219.3898061467679
 831.4447103449999 588.0896864182153 -635.8613528898286 -475.4061390625729 254.7346320004677
 2010.950091735469 2085.347633476699 -880.6323299511549 -487.4569013141763 -448.5602318970201
 282.6466254218274 906.3067794946598 -215.2625780833953 -744.3451018949722 -219.3898061467679
 282.6466254218274 906.3067794946598 -215.2625780833953 -744.3451018949722 -219.3898061467679
 282.6466254218274 906.3067794946598 -215.2625780833953 -744.3451018949722 -219.3898061467679
 55.6093460566982 1318.48797635192 154.1998952720486 -409.6104344113181 -564.5255321011822
 282.6466254218274 906.3067794946598 -215.2625780833953 -744.3451018949722 -219.3898061467679
 282.6466254218274 906.3067794946598 -215.2625780833953 -744.3451018949722 -219.3898061467679
 349.6015819344486 700.5565550472957 -87.98384364233046 -629.0107744053387 -331.9708475263887
 282.6466254218274 906.3067794946598 -215.2625780833953 -744.3451018949722 -219.3898061467679
 282.6466254218274 906.3067794946598 -215.2625780833953 -744.3451018949722 -219.3898061467679
 349.6015819344486 700.5565550472957 -87.98384364233046 -629.0107744053387 -331.9708475263887
 349.6015819344486 700.5565550472957 -87.98384364233046 -629.0107744053387 -331.9708475263887
 349.6015819344486 700.5565550472957 -87.98384364233046 -629.0107744053387 -331.9708475263887
 2010.950091735469 2085.347633476699 -880.6323299511549 -487.4569013141763 -448.5602318970201
 349.6015819344486 700.5565550472957 -87.98384364233046 -629.0107744053387 -331.9708475263887
 282.6466254218274 906.3067794946598 -215.2625780833953 -744.3451018949722 -219.3898061467679
 349.6015819344486 700.5565550472957 -87.98384364233046 -629.0107744053387 -331.9708475263887
 349.6015819344486 700.5565550472957 -87.98384364233046 -629.0107744053387 -331.9708475263887
 467.543019534135 755.1701152019026 -144.1094655107951 -803.17458421734 -186.3785965833614
 349.6015819344486 700.5565550472957 -87.98384364233046 -629.0107744053387 -331.9708475263887
 282.6466254218274 906.3067794946598 -215.2625780833953 -744.3451018949722 -219.3898061467679
 157.8062134968903 1185.435871781066 -133.0838927041561 -925.2794021248869 -636.1489129801147
 349.6015819344486 700.5565550472957 -87.98384364233046 -629.0107744053387 -331.9708475263887
 349.6015819344486 700.5565550472957 -87.98384364233046 -629.0107744053387 -331.9708475263887
 282.6466254218274 906.3067794946598 -215.2625780833953 -744.3451018949722 -219.3898061467679
 282.6466254218274 906.3067794946598 -215.2625780833953 -744.3451018949722 -219.3898061467679
 368.4755378645759 786.1487117055048 -222.1047861328908 -850.6326095992245 -276.3156167766145
 231.8843333762081 826.2665834977621 -65.77296751146292 -622.4086393494965 -263.3732241075203
 282.6466254218274 906.3067794946598 -215.2625780833953 -744.3451018949722 -219.3898061467679
 282.6466254218274 906.3067794946598 -215.2625780833953 -744.3451018949722 -219.3898061467679
 282.6466254218274 906.3067794946598 -215.2625780833953 -744.3451018949722 -219.3898061467679
 467.543019534135 755.1701152019026 -144.1094655107951 -803.17458421734 -186.3785965833614
 349.6015819344486 700.5565550472957 -87.98384364233046 -629.0107744053387 -331.9708475263887
 282.6466254218274 906.3067794946598 -215.2625780833953 -744.3451018949722 -219.3898061467679
 282.6466254218274 906.3067794946598 -215.2625780833953 -744.3451018949722 -219.3898061467679
 282.6466254218274 906.3067794946598 -215.2625780833953 -744.3451018949722 -219.3898061467679
 244.9996740418075 881.1647663305833 -195.3085392023793 -745.2926902766817 -58.39506465788858
 413.9492251167201 853.2238071489103 -337.0315026554463 -666.2019396862762 -125.3929135608601
 282.6466254218274 906.3067794946598 -215.2625780833953 -744.3451018949722 -219.3898061467679
 282.6466254218274 906.3067794946598 -215.2625780833953 -744.3451018949722 -219.3898061467679
 299.8457186238633 909.2812071654005 -415.8109054733133 -778.9890767509754 -37.53719677479742
 253.9504793164467 895.9851122547399 -268.9891412791537 -851.2815052552237 -314.3528353818679
 247.5531490916643 1104.293817356251 -434.622592077973 -892.3310106688011 -265.5603090518009
 282.6466254218274 906.3067794946598 -215.2625780833953 -744.3451018949722 -219.3898061467679
 349.6015819344486 700.5565550472957 -87.98384364233046 -629.0107744053387 -331.9708475263887
 349.6015819344486 700.5565550472957 -87.98384364233046 -629.0107744053387 -331.9708475263887
 831.4447103449999 588.0896864182153 -635.8613528898286 -475.4061390625729 254.7346320004677
 282.6466254218274 906.3067794946598 -215.2625780833953 -744.3451018949722 -219.3898061467679
 486.0278014399106 -2043.985087085882 76.09153100611852 1277.347576140644 3560.326772889876
 349.6015819344486 700.5565550472957 -87.98384364233046 -629.0107744053387 -331.9708475263887
 349.6015819344486 700.5565550472957 -87.98384364233046 -629.0107744053387 -331.9708475263887
 282.6466254218274 906.3067794946598 -215.2625780833953 -744.3451018949722 -219.3898061467679
 282.6466254218274 906.3067794946598 -215.2625780833953 -744.3451018949722 -219.3898061467679
 282.6466254218274 906.3067794946598 -215.2625780833953 -744.3451018949722 -219.3898061467679
 349.6015819344486 700.5565550472957 -87.98384364233046 -629.0107744053387 -331.9708475263887
 349.6015819344486 700.5565550472957 -87.98384364233046 -629.0107744053387 -331.9708475263887
 349.6015819344486 700.5565550472957 -87.98384364233046 -629.0107744053387 -331.9708475263887
 349.6015819344486 700.5565550472957 -87.98384364233046 -629.0107744053387 -331.9708475263887
 349.6015819344486 700.5565550472957 -87.98384364233046 -629.0107744053387 -331.9708475263887
 282.6466254218274 906.3067794946598 -215.2625780833953 -744.3451018949722 -219.3898061467679
 368.4755378645759 786.1487117055048 -222.1047861328908 -850.6326095992245 -276.3156167766145
 282.6466254218274 906.3067794946598 -215.2625780833953 -744.3451018949722 -219.3898061467679
 847.9901300883387 660.4626819205191 -481.5571702600472 -482.1462059306242 377.2083496537659
 364.8292373599289 683.6592332480865 -92.41118556893666 -648.1695066753272 -300.4978677318131
 262.5409796765701 846.3301054940871 -252.8338173385247 -742.0202796603774 -243.7734232184969
