# Created by Octave 4.2.1, Mon Oct 09 17:06:09 2017 BRT <root@mosqueiro>
# name: pop
# type: matrix
# rows: 100
# columns: 5
 510.0429455415844 -235.4629319964141 23.72264240964136 -154.3803696808851 -144.9491437238356
 509.953466224918 -235.5446108113863 23.77502062809995 -154.1772290060795 -145.0342325562254
 510.0473372065255 -235.4457840946191 23.71555719572271 -154.3549732331991 -144.9620417237626
 509.8306477286819 -235.3776219777937 23.80620808405931 -154.726640927338 -144.8421061083424
 510.0473372065255 -235.4457840946191 23.71555719572271 -154.3549732331991 -144.9620417237626
 510.0400840072204 -235.4538281883495 23.72381112817759 -154.3574564036965 -144.9616249280378
 510.0473372065255 -235.4457840946191 23.71555719572271 -154.3549732331991 -144.9620417237626
 510.0473372065255 -235.4457840946191 23.71555719572271 -154.3549732331991 -144.9620417237626
 509.5488369647045 -235.4364288003999 23.97265293476272 -154.6581776911137 -144.9761768764974
 564.1236062579019 -258.0819420924671 -51.09928042118275 -33.16585404393631 -222.7529952748056
 509.933120936485 -235.5334002547807 23.77261029867342 -154.1650410994498 -145.0381393410179
 564.5237141177515 -258.1901438660277 -51.42774924264663 -33.04937218408097 -222.6535125811757
 509.9422549404017 -235.5405680813967 23.7738534392523 -154.1554283624102 -145.0510635583478
 509.6765625388924 -235.3527339964507 23.8581871136974 -154.7556084129795 -145.2402409129826
 510.0429455415844 -235.4629319964141 23.72264240964136 -154.3803696808851 -144.9491437238356
 510.0473372065255 -235.4457840946191 23.71555719572271 -154.3549732331991 -144.9620417237626
 510.0473372065255 -235.4457840946191 23.71555719572271 -154.3549732331991 -144.9620417237626
 509.8208921479788 -235.3689968545878 23.77348837400446 -154.6981331959047 -144.8518710064286
 509.8329205793747 -235.3694655593586 23.80509774420531 -154.7077000947396 -144.8329482796327
 560.5881087202872 -215.4828132724439 -19.72543151784976 -129.2700558841981 -194.4030114807059
 510.0473372065255 -235.4457840946191 23.71555719572271 -154.3549732331991 -144.9620417237626
 509.953466224918 -235.5446108113863 23.77502062809995 -154.1772290060795 -145.0342325562254
 564.5237141177515 -258.1901438660277 -51.42774924264663 -33.04937218408097 -222.6535125811757
 510.0473372065255 -235.4457840946191 23.71555719572271 -154.3549732331991 -144.9620417237626
 564.0812152421267 -258.0743652417262 -51.19385975132857 -33.10037990708719 -222.7084415207564
 510.0473372065255 -235.4457840946191 23.71555719572271 -154.3549732331991 -144.9620417237626
 510.0473372065255 -235.4457840946191 23.71555719572271 -154.3549732331991 -144.9620417237626
 510.0473372065255 -235.4457840946191 23.71555719572271 -154.3549732331991 -144.9620417237626
 510.0473372065255 -235.4457840946191 23.71555719572271 -154.3549732331991 -144.9620417237626
 564.1883114594917 -258.0994031617998 -51.28694103693758 -33.01966617244703 -222.7183902808806
 509.953466224918 -235.5446108113863 23.77502062809995 -154.1772290060795 -145.0342325562254
 510.0473372065255 -235.4457840946191 23.71555719572271 -154.3549732331991 -144.9620417237626
 510.0473372065255 -235.4457840946191 23.71555719572271 -154.3549732331991 -144.9620417237626
 509.9422549404017 -235.5405680813967 23.7738534392523 -154.1554283624102 -145.0510635583478
 510.0473372065255 -235.4457840946191 23.71555719572271 -154.3549732331991 -144.9620417237626
 509.9422549404017 -235.5405680813967 23.7738534392523 -154.1554283624102 -145.0510635583478
 509.9422549404017 -235.5405680813967 23.7738534392523 -154.1554283624102 -145.0510635583478
 510.0473372065255 -235.4457840946191 23.71555719572271 -154.3549732331991 -144.9620417237626
 510.0473372065255 -235.4457840946191 23.71555719572271 -154.3549732331991 -144.9620417237626
 509.9422549404017 -235.5405680813967 23.7738534392523 -154.1554283624102 -145.0510635583478
 510.0473372065255 -235.4457840946191 23.71555719572271 -154.3549732331991 -144.9620417237626
 509.5488369647045 -235.4364288003999 23.97265293476272 -154.6581776911137 -144.9761768764974
 510.0400840072204 -235.4538281883495 23.72381112817759 -154.3574564036965 -144.9616249280378
 510.0473372065255 -235.4457840946191 23.71555719572271 -154.3549732331991 -144.9620417237626
 508.6970060511927 -234.0840491302832 22.72624585408285 -152.0652894266677 -144.8411507218789
 510.0473372065255 -235.4457840946191 23.71555719572271 -154.3549732331991 -144.9620417237626
 509.9422549404017 -235.5405680813967 23.7738534392523 -154.1554283624102 -145.0510635583478
 510.0473372065255 -235.4457840946191 23.71555719572271 -154.3549732331991 -144.9620417237626
 509.9422549404017 -235.5405680813967 23.7738534392523 -154.1554283624102 -145.0510635583478
 510.0473372065255 -235.4457840946191 23.71555719572271 -154.3549732331991 -144.9620417237626
 510.0473372065255 -235.4457840946191 23.71555719572271 -154.3549732331991 -144.9620417237626
 510.0473372065255 -235.4457840946191 23.71555719572271 -154.3549732331991 -144.9620417237626
 566.2026734232181 -259.0734571080014 -52.55251712910664 -33.35615475008995 -223.3189770782025
 510.0473372065255 -235.4457840946191 23.71555719572271 -154.3549732331991 -144.9620417237626
 509.9422549404017 -235.5405680813967 23.7738534392523 -154.1554283624102 -145.0510635583478
 510.0473372065255 -235.4457840946191 23.71555719572271 -154.3549732331991 -144.9620417237626
 510.0429455415844 -235.4629319964141 23.72264240964136 -154.3803696808851 -144.9491437238356
 564.4862543602204 -258.2502072609182 -51.43057511066667 -33.06569106462987 -222.7534883709079
 510.0429455415844 -235.4629319964141 23.72264240964136 -154.3803696808851 -144.9491437238356
 509.6748520702241 -235.5540696785505 24.30779595908357 -155.0640625350964 -144.5291157879298
 510.0473372065255 -235.4457840946191 23.71555719572271 -154.3549732331991 -144.9620417237626
 509.9422549404017 -235.5405680813967 23.7738534392523 -154.1554283624102 -145.0510635583478
 509.6748520702241 -235.5540696785505 24.30779595908357 -155.0640625350964 -144.5291157879298
 564.0812152421267 -258.0743652417262 -51.19385975132857 -33.10037990708719 -222.7084415207564
 510.0473372065255 -235.4457840946191 23.71555719572271 -154.3549732331991 -144.9620417237626
 509.6748520702241 -235.5540696785505 24.30779595908357 -155.0640625350964 -144.5291157879298
 510.0473372065255 -235.4457840946191 23.71555719572271 -154.3549732331991 -144.9620417237626
 509.6821351716283 -235.5537871411171 24.27586326526909 -155.0521732391314 -144.5561120367516
 564.0812152421267 -258.0743652417262 -51.19385975132857 -33.10037990708719 -222.7084415207564
 509.9422549404017 -235.5405680813967 23.7738534392523 -154.1554283624102 -145.0510635583478
 509.8401350777646 -235.3740253136547 23.75689965917931 -154.7766705377651 -144.7257240806701
 564.368412339021 -258.0589074999486 -51.57402098006241 -33.13726529048018 -222.5715629726735
 564.5237141177515 -258.1901438660277 -51.42774924264663 -33.04937218408097 -222.6535125811757
 509.6748520702241 -235.5540696785505 24.30779595908357 -155.0640625350964 -144.5291157879298
 510.0473372065255 -235.4457840946191 23.71555719572271 -154.3549732331991 -144.9620417237626
 510.0473372065255 -235.4457840946191 23.71555719572271 -154.3549732331991 -144.9620417237626
 509.9422549404017 -235.5405680813967 23.7738534392523 -154.1554283624102 -145.0510635583478
 510.0473372065255 -235.4457840946191 23.71555719572271 -154.3549732331991 -144.9620417237626
 564.0853637333352 -258.0716284360032 -51.20366519927348 -33.10207997214688 -222.6802076186937
 560.5881087202872 -215.4828132724439 -19.72543151784976 -129.2700558841981 -194.4030114807059
 564.5245163915497 -258.1874216461285 -51.42708496228553 -33.04673184438784 -222.6588531684866
 509.9505141417722 -235.5393405507884 23.77290201994621 -154.1761872893265 -145.0373316270724
 509.9426130968477 -235.5369139809783 23.79305700658668 -154.1539550880714 -145.0675856550722
