# Created by Octave 4.2.1, Mon Oct 09 17:05:57 2017 BRT <root@mosqueiro>
# name: pop
# type: matrix
# rows: 100
# columns: 5
 560.5881087202872 -215.4828132724439 -19.72543151784976 -129.2700558841981 -194.4030114807059
 560.5881087202872 -215.4828132724439 -19.72543151784976 -129.2700558841981 -194.4030114807059
 319.2858383087983 -318.0893852292896 270.9441706700899 500.3984473355532 44.6619705605751
 560.5881087202872 -215.4828132724439 -19.72543151784976 -129.2700558841981 -194.4030114807059
 560.5881087202872 -215.4828132724439 -19.72543151784976 -129.2700558841981 -194.4030114807059
 560.5881087202872 -215.4828132724439 -19.72543151784976 -129.2700558841981 -194.4030114807059
 560.5881087202872 -215.4828132724439 -19.72543151784976 -129.2700558841981 -194.4030114807059
 1947.5153771136 -2543.100049238118 412.1799669456474 -1912.543169261927 717.4151243214488
 208.5613622921689 -252.9271860263591 -2.466575530687798 -426.8479113784657 230.4395658962878
 833.3830482104993 -199.9517298899598 231.2967622034861 -164.5586826443086 -233.136526278402
 560.5881087202872 -215.4828132724439 -19.72543151784976 -129.2700558841981 -194.4030114807059
 560.5881087202872 -215.4828132724439 -19.72543151784976 -129.2700558841981 -194.4030114807059
 297.3178968021679 -188.2006083497459 49.86308703583865 -411.496228825839 988.9013932523625
 1017.458988213348 -2698.53261903715 -1963.87126140081 2689.460697968706 2668.187580649022
 897.7483240514135 -3000.670897295377 -2017.115825215616 2449.286230779898 2676.40526421175
 560.5881087202872 -215.4828132724439 -19.72543151784976 -129.2700558841981 -194.4030114807059
 -467.7338858458306 -55.52226946923017 711.8123954996979 -1891.31830673448 -1272.695338900568
 560.5881087202872 -215.4828132724439 -19.72543151784976 -129.2700558841981 -194.4030114807059
 560.5881087202872 -215.4828132724439 -19.72543151784976 -129.2700558841981 -194.4030114807059
 560.5881087202872 -215.4828132724439 -19.72543151784976 -129.2700558841981 -194.4030114807059
 437.8287267989433 93.94003188237849 565.4369988339888 148.6200118232845 -577.6938190093067
 501.2695680366527 134.3682537799041 546.3372566661812 337.8637148113635 83.1728390814834
 1564.710204956182 -350.9493922754543 549.4576550161271 -474.3031373364483 -460.4315282347215
 560.5881087202872 -215.4828132724439 -19.72543151784976 -129.2700558841981 -194.4030114807059
 1198.978057662595 -223.2843669484782 699.720751019472 -234.1634885778092 -406.5092096335635
 560.5881087202872 -215.4828132724439 -19.72543151784976 -129.2700558841981 -194.4030114807059
 560.5881087202872 -215.4828132724439 -19.72543151784976 -129.2700558841981 -194.4030114807059
 560.5881087202872 -215.4828132724439 -19.72543151784976 -129.2700558841981 -194.4030114807059
 560.5881087202872 -215.4828132724439 -19.72543151784976 -129.2700558841981 -194.4030114807059
 248.2040020265433 356.6681938996174 205.5646005225722 -465.5995723346098 372.1006282249839
 897.7483240514135 -3000.670897295377 -2017.115825215616 2449.286230779898 2676.40526421175
 560.5881087202872 -215.4828132724439 -19.72543151784976 -129.2700558841981 -194.4030114807059
 560.5881087202872 -215.4828132724439 -19.72543151784976 -129.2700558841981 -194.4030114807059
 560.5881087202872 -215.4828132724439 -19.72543151784976 -129.2700558841981 -194.4030114807059
 643.6816339252572 7.127949287453589 -137.2250253983284 -106.8230797523724 -333.0438956642358
 560.5881087202872 -215.4828132724439 -19.72543151784976 -129.2700558841981 -194.4030114807059
 560.5881087202872 -215.4828132724439 -19.72543151784976 -129.2700558841981 -194.4030114807059
 560.5881087202872 -215.4828132724439 -19.72543151784976 -129.2700558841981 -194.4030114807059
 560.5881087202872 -215.4828132724439 -19.72543151784976 -129.2700558841981 -194.4030114807059
 560.5881087202872 -215.4828132724439 -19.72543151784976 -129.2700558841981 -194.4030114807059
 560.5881087202872 -215.4828132724439 -19.72543151784976 -129.2700558841981 -194.4030114807059
 437.8287267989433 93.94003188237849 565.4369988339888 148.6200118232845 -577.6938190093067
 -925.9627821041951 -33.04835317575089 -89.9178239514921 923.1718237354667 175.6436132977217
 248.2040020265433 356.6681938996174 205.5646005225722 -465.5995723346098 372.1006282249839
 560.5881087202872 -215.4828132724439 -19.72543151784976 -129.2700558841981 -194.4030114807059
 560.5881087202872 -215.4828132724439 -19.72543151784976 -129.2700558841981 -194.4030114807059
 341.9067917319147 -101.7884152301105 -41.73714807195556 -213.0072659977374 -335.1350051281603
 560.5881087202872 -215.4828132724439 -19.72543151784976 -129.2700558841981 -194.4030114807059
 560.5881087202872 -215.4828132724439 -19.72543151784976 -129.2700558841981 -194.4030114807059
 560.5881087202872 -215.4828132724439 -19.72543151784976 -129.2700558841981 -194.4030114807059
 560.5881087202872 -215.4828132724439 -19.72543151784976 -129.2700558841981 -194.4030114807059
 560.5881087202872 -215.4828132724439 -19.72543151784976 -129.2700558841981 -194.4030114807059
 -208.5859100351331 836.7741633636895 -2284.242018965954 4612.506436257454 -2197.60048758217
 560.5881087202872 -215.4828132724439 -19.72543151784976 -129.2700558841981 -194.4030114807059
 560.5881087202872 -215.4828132724439 -19.72543151784976 -129.2700558841981 -194.4030114807059
 560.5881087202872 -215.4828132724439 -19.72543151784976 -129.2700558841981 -194.4030114807059
 560.5881087202872 -215.4828132724439 -19.72543151784976 -129.2700558841981 -194.4030114807059
 560.5881087202872 -215.4828132724439 -19.72543151784976 -129.2700558841981 -194.4030114807059
 -475.7774706979342 325.8719500616542 513.8676426444351 -1475.736844426813 -1478.98728231568
 560.5881087202872 -215.4828132724439 -19.72543151784976 -129.2700558841981 -194.4030114807059
 1329.740327336523 -159.9948591066534 -91.14658848980753 259.3650431176662 -265.0996733861451
 560.5881087202872 -215.4828132724439 -19.72543151784976 -129.2700558841981 -194.4030114807059
 215.3519892008284 -351.1750822485764 465.3996352269289 744.2993127839759 -384.8715840917674
 560.5881087202872 -215.4828132724439 -19.72543151784976 -129.2700558841981 -194.4030114807059
 560.5881087202872 -215.4828132724439 -19.72543151784976 -129.2700558841981 -194.4030114807059
 445.6391304941187 -210.3015412884314 -170.6030485328769 -9.036616820243111 -4.776376108775594
 560.5881087202872 -215.4828132724439 -19.72543151784976 -129.2700558841981 -194.4030114807059
 -475.7774706979342 325.8719500616542 513.8676426444351 -1475.736844426813 -1478.98728231568
 560.5881087202872 -215.4828132724439 -19.72543151784976 -129.2700558841981 -194.4030114807059
 777.8571534129769 -53.26712546569212 396.3361444723624 157.3054019027592 310.005594720821
 560.5881087202872 -215.4828132724439 -19.72543151784976 -129.2700558841981 -194.4030114807059
 208.641252036775 494.4944358292308 -1997.254487003931 5458.601014220753 -2178.595224213068
 380.4556449232058 850.743824495961 476.7735835491269 -707.8365591309117 838.3444733700228
 560.5881087202872 -215.4828132724439 -19.72543151784976 -129.2700558841981 -194.4030114807059
 560.5881087202872 -215.4828132724439 -19.72543151784976 -129.2700558841981 -194.4030114807059
 560.5881087202872 -215.4828132724439 -19.72543151784976 -129.2700558841981 -194.4030114807059
 560.5881087202872 -215.4828132724439 -19.72543151784976 -129.2700558841981 -194.4030114807059
 560.5881087202872 -215.4828132724439 -19.72543151784976 -129.2700558841981 -194.4030114807059
 560.5881087202872 -215.4828132724439 -19.72543151784976 -129.2700558841981 -194.4030114807059
 437.8287267989433 93.94003188237849 565.4369988339888 148.6200118232845 -577.6938190093067
 725.6820314546484 -208.7104108356976 137.773231804326 -300.7439287082034 -306.7249468745295
 481.6078012170171 -334.9902949578471 224.3954485656462 -419.9517616350766 -60.65523065924484
 506.3461241974615 -390.6610107634978 -73.31042032158595 -328.7576052423071 -248.9082829754387
