# Created by Octave 4.2.1, Mon Oct 09 17:05:50 2017 BRT <root@mosqueiro>
# name: pop
# type: matrix
# rows: 100
# columns: 5
 560.5881087202872 -215.4828132724439 -19.72543151784976 -129.2700558841981 -194.4030114807059
 560.5881087202872 -215.4828132724439 -19.72543151784976 -129.2700558841981 -194.4030114807059
 1689.504338896601 -2394.526261675167 -371.7463330068024 1009.564888345205 77.41122694885971
 560.5881087202872 -215.4828132724439 -19.72543151784976 -129.2700558841981 -194.4030114807059
 560.5881087202872 -215.4828132724439 -19.72543151784976 -129.2700558841981 -194.4030114807059
 560.5881087202872 -215.4828132724439 -19.72543151784976 -129.2700558841981 -194.4030114807059
 560.5881087202872 -215.4828132724439 -19.72543151784976 -129.2700558841981 -194.4030114807059
 560.5881087202872 -215.4828132724439 -19.72543151784976 -129.2700558841981 -194.4030114807059
 3251.463250966451 2520.234104703055 -301.4292576424491 7252.707175267362 -407.7408825132187
 560.5881087202872 -215.4828132724439 -19.72543151784976 -129.2700558841981 -194.4030114807059
 -1603.90154041826 506.429637309041 2702.66521524995 2265.707608461124 -1463.26378432133
 560.5881087202872 -215.4828132724439 -19.72543151784976 -129.2700558841981 -194.4030114807059
 579.9105498711031 -298.4841783193527 201.8883407208616 -98.36753372050975 -644.5059556376077
 560.5881087202872 -215.4828132724439 -19.72543151784976 -129.2700558841981 -194.4030114807059
 560.5881087202872 -215.4828132724439 -19.72543151784976 -129.2700558841981 -194.4030114807059
 -996.8014230014289 725.8349966696998 -3482.021355961995 2414.366908976461 948.1430205692335
 560.5881087202872 -215.4828132724439 -19.72543151784976 -129.2700558841981 -194.4030114807059
 -710.657841820062 531.0537740170644 -470.5359643342824 392.7591994837339 208.2496982342811
 560.5881087202872 -215.4828132724439 -19.72543151784976 -129.2700558841981 -194.4030114807059
 -894.2615976436302 437.1844559244996 -397.7931001198142 636.4966568086445 261.5455653421509
 560.5881087202872 -215.4828132724439 -19.72543151784976 -129.2700558841981 -194.4030114807059
 201.0934456001938 688.6346122043087 -606.0305040968593 2254.74579597365 -270.7021860513416
 560.5881087202872 -215.4828132724439 -19.72543151784976 -129.2700558841981 -194.4030114807059
 -1145.656425029084 -908.9154485148584 1285.575420242172 1920.069081511601 574.7240905893999
 1476.790234054557 1608.846344649412 -1116.02461562509 -3367.653648422752 1113.199244245092
 560.5881087202872 -215.4828132724439 -19.72543151784976 -129.2700558841981 -194.4030114807059
 1689.504338896601 -2394.526261675167 -371.7463330068024 1009.564888345205 77.41122694885971
 560.5881087202872 -215.4828132724439 -19.72543151784976 -129.2700558841981 -194.4030114807059
 560.5881087202872 -215.4828132724439 -19.72543151784976 -129.2700558841981 -194.4030114807059
 -996.8014230014289 725.8349966696998 -3482.021355961995 2414.366908976461 948.1430205692335
 632.3414541429681 -522.7608010294089 743.8997635611836 -37.97190012003125 -443.9077096324132
 560.5881087202872 -215.4828132724439 -19.72543151784976 -129.2700558841981 -194.4030114807059
 1689.504338896601 -2394.526261675167 -371.7463330068024 1009.564888345205 77.41122694885971
 560.5881087202872 -215.4828132724439 -19.72543151784976 -129.2700558841981 -194.4030114807059
 560.5881087202872 -215.4828132724439 -19.72543151784976 -129.2700558841981 -194.4030114807059
 3499.181583978301 -599.6233212727604 184.6466244916091 -1750.620541502737 -1416.640969343355
 560.5881087202872 -215.4828132724439 -19.72543151784976 -129.2700558841981 -194.4030114807059
 560.5881087202872 -215.4828132724439 -19.72543151784976 -129.2700558841981 -194.4030114807059
 560.5881087202872 -215.4828132724439 -19.72543151784976 -129.2700558841981 -194.4030114807059
 560.5881087202872 -215.4828132724439 -19.72543151784976 -129.2700558841981 -194.4030114807059
 1643.896870783596 826.6772416038766 -1976.07092544876 1263.170432051043 775.6033125701321
 560.5881087202872 -215.4828132724439 -19.72543151784976 -129.2700558841981 -194.4030114807059
 560.5881087202872 -215.4828132724439 -19.72543151784976 -129.2700558841981 -194.4030114807059
 1689.504338896601 -2394.526261675167 -371.7463330068024 1009.564888345205 77.41122694885971
 -710.657841820062 531.0537740170644 -470.5359643342824 392.7591994837339 208.2496982342811
 54.4271052320251 867.40501478006 -1519.492623299118 -1370.906261733908 462.9203084868157
 1689.504338896601 -2394.526261675167 -371.7463330068024 1009.564888345205 77.41122694885971
 -1150.370143763372 1374.558212959275 -401.9971934715673 702.3197359239275 -1156.474391476336
 560.5881087202872 -215.4828132724439 -19.72543151784976 -129.2700558841981 -194.4030114807059
 50.52708775838539 1814.92086023181 -519.8092193939999 2203.59053562928 3006.908820351202
 1476.790234054557 1608.846344649412 -1116.02461562509 -3367.653648422752 1113.199244245092
 -4169.589488542694 488.1757422198185 -110.6107793662862 3372.677167506215 -1926.96685288558
 560.5881087202872 -215.4828132724439 -19.72543151784976 -129.2700558841981 -194.4030114807059
 560.5881087202872 -215.4828132724439 -19.72543151784976 -129.2700558841981 -194.4030114807059
 4320.530295472052 -571.5944545889156 1365.939637433297 745.623807004656 -2238.805446758261
 560.5881087202872 -215.4828132724439 -19.72543151784976 -129.2700558841981 -194.4030114807059
 1643.896870783596 826.6772416038766 -1976.07092544876 1263.170432051043 775.6033125701321
 1689.504338896601 -2394.526261675167 -371.7463330068024 1009.564888345205 77.41122694885971
 -925.9627821041951 -33.04835317575089 -89.9178239514921 923.1718237354667 175.6436132977217
 560.5881087202872 -215.4828132724439 -19.72543151784976 -129.2700558841981 -194.4030114807059
 632.3414541429681 -522.7608010294089 743.8997635611836 -37.97190012003125 -443.9077096324132
 2390.84845352043 2782.67000151014 1215.961425248069 1404.731960195836 -109.5191297478451
 560.5881087202872 -215.4828132724439 -19.72543151784976 -129.2700558841981 -194.4030114807059
 116.9575577140944 -3567.53287472921 279.9895839122933 -489.2288329121232 -1635.12861447595
 560.5881087202872 -215.4828132724439 -19.72543151784976 -129.2700558841981 -194.4030114807059
 -4169.589488542694 488.1757422198185 -110.6107793662862 3372.677167506215 -1926.96685288558
 671.2031408035537 -2117.998754165074 2122.425155677837 1501.542262489399 -760.6086843477779
 560.5881087202872 -215.4828132724439 -19.72543151784976 -129.2700558841981 -194.4030114807059
 -894.2615976436302 437.1844559244996 -397.7931001198142 636.4966568086445 261.5455653421509
 1882.862923524018 1939.931520236379 -716.7035880840034 498.4331497896275 368.9647631865648
 560.5881087202872 -215.4828132724439 -19.72543151784976 -129.2700558841981 -194.4030114807059
 560.5881087202872 -215.4828132724439 -19.72543151784976 -129.2700558841981 -194.4030114807059
 560.5881087202872 -215.4828132724439 -19.72543151784976 -129.2700558841981 -194.4030114807059
 560.5881087202872 -215.4828132724439 -19.72543151784976 -129.2700558841981 -194.4030114807059
 560.5881087202872 -215.4828132724439 -19.72543151784976 -129.2700558841981 -194.4030114807059
 560.5881087202872 -215.4828132724439 -19.72543151784976 -129.2700558841981 -194.4030114807059
 -4670.823403947203 -2143.935737213353 -524.2875477947736 2131.920413039156 -1602.503395158935
 560.5881087202872 -215.4828132724439 -19.72543151784976 -129.2700558841981 -194.4030114807059
 560.5881087202872 -215.4828132724439 -19.72543151784976 -129.2700558841981 -194.4030114807059
 560.5881087202872 -215.4828132724439 -19.72543151784976 -129.2700558841981 -194.4030114807059
 -967.0365537680209 -1401.429084458583 -607.1217446656213 -370.2500356420546 -1216.547583311876
 5934.13353749614 1971.436092221928 -2787.664373284294 -612.9229280932066 112.0365259451056
 -300.986725822841 -1584.083375376586 -2873.869730096803 -1362.314312484591 -1759.691483215692
