# Created by Octave 4.2.1, Mon Oct 09 17:07:08 2017 BRT <root@mosqueiro>
# name: pop
# type: matrix
# rows: 100
# columns: 5
 616.5493847285447 -127.8679802044701 -1143.869995308935 1501.297265834627 -846.9994898150463
 616.5493847285447 -127.8679802044701 -1143.869995308935 1501.297265834627 -846.9994898150463
 649.3895807793307 -129.1204199897856 -1121.809678396384 1458.869205514263 -856.2653051571028
 592.9411621270368 -169.2172757940453 -1138.685750950879 1467.425799545396 -893.4091597716775
 653.3449651351502 -135.312546705002 -1133.434709796392 1468.210156024827 -853.1433657079701
 616.5493847285447 -127.8679802044701 -1143.869995308935 1501.297265834627 -846.9994898150463
 616.5493847285447 -127.8679802044701 -1143.869995308935 1501.297265834627 -846.9994898150463
 609.0467843297056 -125.9212151194322 -1144.510154577156 1509.049317954955 -846.5709634705237
 615.1536986513984 -126.5993370543571 -1142.933794299216 1501.671416527957 -844.8635222840937
 615.1536986513984 -126.5993370543571 -1142.933794299216 1501.671416527957 -844.8635222840937
 549.2069253055546 -516.1545675680293 -901.5443233713909 948.2040929113657 -70.17469444954628
 649.3895807793307 -129.1204199897856 -1121.809678396384 1458.869205514263 -856.2653051571028
 616.5493847285447 -127.8679802044701 -1143.869995308935 1501.297265834627 -846.9994898150463
 656.5171487359695 -135.0605300680846 -1130.779515701264 1465.207409325329 -854.6009747699245
 610.5698098165276 -119.7582765071124 -1148.213960124673 1509.391167712632 -829.6394325426589
 616.5493847285447 -127.8679802044701 -1143.869995308935 1501.297265834627 -846.9994898150463
 615.1536986513984 -126.5993370543571 -1142.933794299216 1501.671416527957 -844.8635222840937
 615.1536986513984 -126.5993370543571 -1142.933794299216 1501.671416527957 -844.8635222840937
 616.5493847285447 -127.8679802044701 -1143.869995308935 1501.297265834627 -846.9994898150463
 615.9671651337045 -123.7756832059775 -1136.345376332975 1510.11773331188 -838.6416942317279
 616.5493847285447 -127.8679802044701 -1143.869995308935 1501.297265834627 -846.9994898150463
 609.0467843297056 -125.9212151194322 -1144.510154577156 1509.049317954955 -846.5709634705237
 616.5493847285447 -127.8679802044701 -1143.869995308935 1501.297265834627 -846.9994898150463
 616.5493847285447 -127.8679802044701 -1143.869995308935 1501.297265834627 -846.9994898150463
 613.5179344045448 -123.9572938670559 -1145.112877196495 1502.310058056188 -843.1968291647963
 592.5806203604925 -167.7772033315504 -1137.013685283168 1467.318177851143 -895.0107110088256
 615.1536986513984 -126.5993370543571 -1142.933794299216 1501.671416527957 -844.8635222840937
 622.1412334323134 -123.9452518791065 -1139.420564959864 1496.060523174271 -846.483020939365
 615.529602375836 -120.2971219901252 -1135.237340020894 1505.946447288858 -834.9003013396557
 653.3595811665992 -142.4373101539209 -1132.230551380989 1462.809016939074 -854.6927170031867
 656.5171487359695 -135.0605300680846 -1130.779515701264 1465.207409325329 -854.6009747699245
 616.5493847285447 -127.8679802044701 -1143.869995308935 1501.297265834627 -846.9994898150463
 656.5171487359695 -135.0605300680846 -1130.779515701264 1465.207409325329 -854.6009747699245
 558.3344503314382 -527.4078456798368 -889.3826680867925 957.0812987004961 -75.0674142302958
 614.3007308783704 -126.8533481818523 -1138.797511169766 1496.971228933813 -844.472899183029
 649.3895807793307 -129.1204199897856 -1121.809678396384 1458.869205514263 -856.2653051571028
 609.0467843297056 -125.9212151194322 -1144.510154577156 1509.049317954955 -846.5709634705237
 549.2069253055546 -516.1545675680293 -901.5443233713909 948.2040929113657 -70.17469444954628
 615.1536986513984 -126.5993370543571 -1142.933794299216 1501.671416527957 -844.8635222840937
 656.5171487359695 -135.0605300680846 -1130.779515701264 1465.207409325329 -854.6009747699245
 656.5171487359695 -135.0605300680846 -1130.779515701264 1465.207409325329 -854.6009747699245
 649.3895807793307 -129.1204199897856 -1121.809678396384 1458.869205514263 -856.2653051571028
 656.5171487359695 -135.0605300680846 -1130.779515701264 1465.207409325329 -854.6009747699245
 656.5171487359695 -135.0605300680846 -1130.779515701264 1465.207409325329 -854.6009747699245
 615.1536986513984 -126.5993370543571 -1142.933794299216 1501.671416527957 -844.8635222840937
 615.1536986513984 -126.5993370543571 -1142.933794299216 1501.671416527957 -844.8635222840937
 649.3895807793307 -129.1204199897856 -1121.809678396384 1458.869205514263 -856.2653051571028
 649.3895807793307 -129.1204199897856 -1121.809678396384 1458.869205514263 -856.2653051571028
 616.5493847285447 -127.8679802044701 -1143.869995308935 1501.297265834627 -846.9994898150463
 651.8072571189437 -130.777613058426 -1130.46339665424 1470.128203557174 -843.4944525382552
 612.2902805746318 -118.6668298151112 -1149.492863397856 1533.996265095163 -851.8013727802404
 616.5493847285447 -127.8679802044701 -1143.869995308935 1501.297265834627 -846.9994898150463
 620.1570320371387 -124.0987604132368 -1138.282868182197 1498.342069570313 -847.3438242794667
 649.3895807793307 -129.1204199897856 -1121.809678396384 1458.869205514263 -856.2653051571028
 615.1536986513984 -126.5993370543571 -1142.933794299216 1501.671416527957 -844.8635222840937
 616.5493847285447 -127.8679802044701 -1143.869995308935 1501.297265834627 -846.9994898150463
 615.1536986513984 -126.5993370543571 -1142.933794299216 1501.671416527957 -844.8635222840937
 594.00155384524 -155.0356660216905 -1091.096664691164 1595.241752870904 -862.8687012376408
 615.1536986513984 -126.5993370543571 -1142.933794299216 1501.671416527957 -844.8635222840937
 617.9019618547006 -128.5149655432846 -1148.108325855384 1493.910106917136 -827.5909874345824
 615.1536986513984 -126.5993370543571 -1142.933794299216 1501.671416527957 -844.8635222840937
 614.8250841142248 -128.351848301689 -1143.739497410663 1501.521550940794 -844.7758742859558
 612.2902805746318 -118.6668298151112 -1149.492863397856 1533.996265095163 -851.8013727802404
 656.2266980572482 -136.1992677848459 -1122.444887245084 1460.496757215365 -854.9802665795726
 649.3895807793307 -129.1204199897856 -1121.809678396384 1458.869205514263 -856.2653051571028
 609.0467843297056 -125.9212151194322 -1144.510154577156 1509.049317954955 -846.5709634705237
 615.1536986513984 -126.5993370543571 -1142.933794299216 1501.671416527957 -844.8635222840937
 656.5171487359695 -135.0605300680846 -1130.779515701264 1465.207409325329 -854.6009747699245
 637.146710481018 -167.2226459959231 -1188.15297789039 1563.186771917513 -813.6274305606474
 616.5493847285447 -127.8679802044701 -1143.869995308935 1501.297265834627 -846.9994898150463
 616.5493847285447 -127.8679802044701 -1143.869995308935 1501.297265834627 -846.9994898150463
 612.2902805746318 -118.6668298151112 -1149.492863397856 1533.996265095163 -851.8013727802404
 649.3895807793307 -129.1204199897856 -1121.809678396384 1458.869205514263 -856.2653051571028
 616.5493847285447 -127.8679802044701 -1143.869995308935 1501.297265834627 -846.9994898150463
 610.4900094438141 -118.3182734321903 -1144.293495484983 1505.335206604768 -845.015705870492
 616.5493847285447 -127.8679802044701 -1143.869995308935 1501.297265834627 -846.9994898150463
 615.1536986513984 -126.5993370543571 -1142.933794299216 1501.671416527957 -844.8635222840937
 656.5171487359695 -135.0605300680846 -1130.779515701264 1465.207409325329 -854.6009747699245
 609.0467843297056 -125.9212151194322 -1144.510154577156 1509.049317954955 -846.5709634705237
 615.1536986513984 -126.5993370543571 -1142.933794299216 1501.671416527957 -844.8635222840937
 617.4673239435023 -110.4586181279157 -1097.506534433131 1494.232623078696 -875.8662518638267
 615.1605925410604 -130.0818509258512 -1141.939788518498 1502.451863400933 -848.8081581162926
 653.0731000345556 -137.4122982597475 -1132.2021205181 1468.028224612437 -853.1015347501331
