# Created by Octave 4.2.1, Mon Oct 09 17:05:54 2017 BRT <root@mosqueiro>
# name: pop
# type: matrix
# rows: 100
# columns: 5
 560.5881087202872 -215.4828132724439 -19.72543151784976 -129.2700558841981 -194.4030114807059
 560.5881087202872 -215.4828132724439 -19.72543151784976 -129.2700558841981 -194.4030114807059
 560.5881087202872 -215.4828132724439 -19.72543151784976 -129.2700558841981 -194.4030114807059
 560.5881087202872 -215.4828132724439 -19.72543151784976 -129.2700558841981 -194.4030114807059
 -3760.085349353518 3736.56303441395 -1462.484222726939 1314.579752424619 -702.1767781850581
 560.5881087202872 -215.4828132724439 -19.72543151784976 -129.2700558841981 -194.4030114807059
 560.5881087202872 -215.4828132724439 -19.72543151784976 -129.2700558841981 -194.4030114807059
 1395.451343288476 -2801.644766965926 -696.2499425295409 -1899.481012954711 1458.734319702101
 -3578.612739336501 -2124.617014027814 231.5566473808747 -1383.90322549522 -2603.320896500443
 560.5881087202872 -215.4828132724439 -19.72543151784976 -129.2700558841981 -194.4030114807059
 560.5881087202872 -215.4828132724439 -19.72543151784976 -129.2700558841981 -194.4030114807059
 560.5881087202872 -215.4828132724439 -19.72543151784976 -129.2700558841981 -194.4030114807059
 560.5881087202872 -215.4828132724439 -19.72543151784976 -129.2700558841981 -194.4030114807059
 560.5881087202872 -215.4828132724439 -19.72543151784976 -129.2700558841981 -194.4030114807059
 633.5586973438387 762.2170525759946 897.714246077931 2717.139840835508 3143.895620052625
 2339.471915359527 1448.463381110411 699.7244397615274 -954.2928121244616 -303.6815094491822
 560.5881087202872 -215.4828132724439 -19.72543151784976 -129.2700558841981 -194.4030114807059
 560.5881087202872 -215.4828132724439 -19.72543151784976 -129.2700558841981 -194.4030114807059
 560.5881087202872 -215.4828132724439 -19.72543151784976 -129.2700558841981 -194.4030114807059
 560.5881087202872 -215.4828132724439 -19.72543151784976 -129.2700558841981 -194.4030114807059
 560.5881087202872 -215.4828132724439 -19.72543151784976 -129.2700558841981 -194.4030114807059
 1476.790234054557 1608.846344649412 -1116.02461562509 -3367.653648422752 1113.199244245092
 -925.9627821041951 -33.04835317575089 -89.9178239514921 923.1718237354667 175.6436132977217
 3101.863869296816 988.0660189730063 93.98171577905691 1564.861213575854 313.2594376580358
 560.5881087202872 -215.4828132724439 -19.72543151784976 -129.2700558841981 -194.4030114807059
 560.5881087202872 -215.4828132724439 -19.72543151784976 -129.2700558841981 -194.4030114807059
 560.5881087202872 -215.4828132724439 -19.72543151784976 -129.2700558841981 -194.4030114807059
 560.5881087202872 -215.4828132724439 -19.72543151784976 -129.2700558841981 -194.4030114807059
 1411.214642712741 985.8453660184947 191.8570097556769 -3814.902029531665 2411.31612974755
 560.5881087202872 -215.4828132724439 -19.72543151784976 -129.2700558841981 -194.4030114807059
 560.5881087202872 -215.4828132724439 -19.72543151784976 -129.2700558841981 -194.4030114807059
 -1440.361505358573 251.3416261830441 -2720.82894367861 4907.225490531027 -552.5288831231567
 1996.346993874229 2202.633149350283 956.8906419621525 318.4338434691639 -882.5315242062899
 560.5881087202872 -215.4828132724439 -19.72543151784976 -129.2700558841981 -194.4030114807059
 560.5881087202872 -215.4828132724439 -19.72543151784976 -129.2700558841981 -194.4030114807059
 -208.5859100351331 836.7741633636895 -2284.242018965954 4612.506436257454 -2197.60048758217
 -3020.8588357861 3099.913861411796 -2998.958642375379 409.2163696412536 -1351.973530047339
 560.5881087202872 -215.4828132724439 -19.72543151784976 -129.2700558841981 -194.4030114807059
 560.5881087202872 -215.4828132724439 -19.72543151784976 -129.2700558841981 -194.4030114807059
 -925.9627821041951 -33.04835317575089 -89.9178239514921 923.1718237354667 175.6436132977217
 -925.9627821041951 -33.04835317575089 -89.9178239514921 923.1718237354667 175.6436132977217
 560.5881087202872 -215.4828132724439 -19.72543151784976 -129.2700558841981 -194.4030114807059
 -1440.361505358573 251.3416261830441 -2720.82894367861 4907.225490531027 -552.5288831231567
 633.5586973438387 762.2170525759946 897.714246077931 2717.139840835508 3143.895620052625
 -208.5859100351331 836.7741633636895 -2284.242018965954 4612.506436257454 -2197.60048758217
 -925.9627821041951 -33.04835317575089 -89.9178239514921 923.1718237354667 175.6436132977217
 -96.76314929370199 -960.6154290533188 126.2643750670158 -1031.800089814349 -77.95667166205469
 560.5881087202872 -215.4828132724439 -19.72543151784976 -129.2700558841981 -194.4030114807059
 560.5881087202872 -215.4828132724439 -19.72543151784976 -129.2700558841981 -194.4030114807059
 560.5881087202872 -215.4828132724439 -19.72543151784976 -129.2700558841981 -194.4030114807059
 1411.214642712741 985.8453660184947 191.8570097556769 -3814.902029531665 2411.31612974755
 -3760.085349353518 3736.56303441395 -1462.484222726939 1314.579752424619 -702.1767781850581
 560.5881087202872 -215.4828132724439 -19.72543151784976 -129.2700558841981 -194.4030114807059
 560.5881087202872 -215.4828132724439 -19.72543151784976 -129.2700558841981 -194.4030114807059
 560.5881087202872 -215.4828132724439 -19.72543151784976 -129.2700558841981 -194.4030114807059
 1692.338951230324 -981.5930579873692 1277.678052436933 689.8981741202466 133.0163428141154
 560.5881087202872 -215.4828132724439 -19.72543151784976 -129.2700558841981 -194.4030114807059
 560.5881087202872 -215.4828132724439 -19.72543151784976 -129.2700558841981 -194.4030114807059
 560.5881087202872 -215.4828132724439 -19.72543151784976 -129.2700558841981 -194.4030114807059
 560.5881087202872 -215.4828132724439 -19.72543151784976 -129.2700558841981 -194.4030114807059
 2637.471391292557 292.7907895973038 3169.382392567317 938.961992027384 -0.5922462223600178
 560.5881087202872 -215.4828132724439 -19.72543151784976 -129.2700558841981 -194.4030114807059
 560.5881087202872 -215.4828132724439 -19.72543151784976 -129.2700558841981 -194.4030114807059
 992.471284365053 830.5460762247471 -271.9783527670342 1176.702326232601 -1500.02092946971
 560.5881087202872 -215.4828132724439 -19.72543151784976 -129.2700558841981 -194.4030114807059
 560.5881087202872 -215.4828132724439 -19.72543151784976 -129.2700558841981 -194.4030114807059
 560.5881087202872 -215.4828132724439 -19.72543151784976 -129.2700558841981 -194.4030114807059
 560.5881087202872 -215.4828132724439 -19.72543151784976 -129.2700558841981 -194.4030114807059
 -1780.135434595611 -941.651197740676 665.6307024757307 1585.633845558229 -2197.31356265664
 2991.305212879209 -2495.049127557515 -3291.116467931845 417.7524152040731 1510.279378053428
 1375.295740229222 344.8658463049657 -782.9576476024057 864.3423665312849 -196.5438592144475
 560.5881087202872 -215.4828132724439 -19.72543151784976 -129.2700558841981 -194.4030114807059
 -434.6701467637913 -122.1474404148316 276.106824993926 -207.4569689552029 -624.3229568277796
 560.5881087202872 -215.4828132724439 -19.72543151784976 -129.2700558841981 -194.4030114807059
 560.5881087202872 -215.4828132724439 -19.72543151784976 -129.2700558841981 -194.4030114807059
 3499.181583978301 -599.6233212727604 184.6466244916091 -1750.620541502737 -1416.640969343355
 560.5881087202872 -215.4828132724439 -19.72543151784976 -129.2700558841981 -194.4030114807059
 560.5881087202872 -215.4828132724439 -19.72543151784976 -129.2700558841981 -194.4030114807059
 -1511.002987537835 -1342.585910785321 -1252.37282863501 4195.797976931262 -948.0834885596148
 897.7483240514135 -3000.670897295377 -2017.115825215616 2449.286230779898 2676.40526421175
 993.4479992882051 -330.0117029094866 -974.3336521588656 63.01860382469692 620.0072312330014
 978.2012155633145 -28.58047555209561 1214.754894169299 -606.7887495232842 -1255.756252493817
 240.2906999122939 -161.3372933662818 -545.5793733511612 170.3226932281667 -499.1311986388836
