# Created by Octave 4.2.1, Mon Oct 09 17:06:09 2017 BRT <root@mosqueiro>
# name: pop
# type: matrix
# rows: 100
# columns: 5
 510.0473372065255 -235.4457840946191 23.71555719572271 -154.3549732331991 -144.9620417237626
 510.0473372065255 -235.4457840946191 23.71555719572271 -154.3549732331991 -144.9620417237626
 564.368412339021 -258.0589074999486 -51.57402098006241 -33.13726529048018 -222.5715629726735
 564.5237141177515 -258.1901438660277 -51.42774924264663 -33.04937218408097 -222.6535125811757
 509.9422549404017 -235.5405680813967 23.7738534392523 -154.1554283624102 -145.0510635583478
 509.9422549404017 -235.5405680813967 23.7738534392523 -154.1554283624102 -145.0510635583478
 564.1883114594917 -258.0994031617998 -51.28694103693758 -33.01966617244703 -222.7183902808806
 509.8401350777646 -235.3740253136547 23.75689965917931 -154.7766705377651 -144.7257240806701
 510.0473372065255 -235.4457840946191 23.71555719572271 -154.3549732331991 -144.9620417237626
 564.0812152421267 -258.0743652417262 -51.19385975132857 -33.10037990708719 -222.7084415207564
 510.0473372065255 -235.4457840946191 23.71555719572271 -154.3549732331991 -144.9620417237626
 510.0473372065255 -235.4457840946191 23.71555719572271 -154.3549732331991 -144.9620417237626
 509.9422549404017 -235.5405680813967 23.7738534392523 -154.1554283624102 -145.0510635583478
 564.5557383762942 -258.1498490450359 -51.23184769485532 -32.84479488393796 -222.6763324205618
 510.0473372065255 -235.4457840946191 23.71555719572271 -154.3549732331991 -144.9620417237626
 509.8401350777646 -235.3740253136547 23.75689965917931 -154.7766705377651 -144.7257240806701
 564.0812152421267 -258.0743652417262 -51.19385975132857 -33.10037990708719 -222.7084415207564
 509.9422549404017 -235.5405680813967 23.7738534392523 -154.1554283624102 -145.0510635583478
 509.9422549404017 -235.5405680813967 23.7738534392523 -154.1554283624102 -145.0510635583478
 560.5616467132651 -215.3365152738713 -19.34384257452512 -129.2852285445493 -195.039369091301
 510.0473372065255 -235.4457840946191 23.71555719572271 -154.3549732331991 -144.9620417237626
 509.9422549404017 -235.5405680813967 23.7738534392523 -154.1554283624102 -145.0510635583478
 510.0473372065255 -235.4457840946191 23.71555719572271 -154.3549732331991 -144.9620417237626
 510.0473372065255 -235.4457840946191 23.71555719572271 -154.3549732331991 -144.9620417237626
 564.0812152421267 -258.0743652417262 -51.19385975132857 -33.10037990708719 -222.7084415207564
 509.6748520702241 -235.5540696785505 24.30779595908357 -155.0640625350964 -144.5291157879298
 510.0473372065255 -235.4457840946191 23.71555719572271 -154.3549732331991 -144.9620417237626
 564.0812152421267 -258.0743652417262 -51.19385975132857 -33.10037990708719 -222.7084415207564
 509.5548297096014 -235.4550387911269 23.95651650279971 -154.6668320950292 -144.87853688724
 564.0906958014133 -258.1067567442644 -51.20947039544065 -33.04710886732108 -222.7755377997256
 510.0473372065255 -235.4457840946191 23.71555719572271 -154.3549732331991 -144.9620417237626
 510.0473372065255 -235.4457840946191 23.71555719572271 -154.3549732331991 -144.9620417237626
 566.2026734232181 -259.0734571080014 -52.55251712910664 -33.35615475008995 -223.3189770782025
 509.9422549404017 -235.5405680813967 23.7738534392523 -154.1554283624102 -145.0510635583478
 509.5488369647045 -235.4364288003999 23.97265293476272 -154.6581776911137 -144.9761768764974
 509.9422549404017 -235.5405680813967 23.7738534392523 -154.1554283624102 -145.0510635583478
 509.9422549404017 -235.5405680813967 23.7738534392523 -154.1554283624102 -145.0510635583478
 564.1236062579019 -258.0819420924671 -51.09928042118275 -33.16585404393631 -222.7529952748056
 510.0473372065255 -235.4457840946191 23.71555719572271 -154.3549732331991 -144.9620417237626
 509.9422549404017 -235.5405680813967 23.7738534392523 -154.1554283624102 -145.0510635583478
 510.0473372065255 -235.4457840946191 23.71555719572271 -154.3549732331991 -144.9620417237626
 509.6748520702241 -235.5540696785505 24.30779595908357 -155.0640625350964 -144.5291157879298
 564.5237141177515 -258.1901438660277 -51.42774924264663 -33.04937218408097 -222.6535125811757
 564.0812152421267 -258.0743652417262 -51.19385975132857 -33.10037990708719 -222.7084415207564
 509.8329205793747 -235.3694655593586 23.80509774420531 -154.7077000947396 -144.8329482796327
 509.8329205793747 -235.3694655593586 23.80509774420531 -154.7077000947396 -144.8329482796327
 564.5237141177515 -258.1901438660277 -51.42774924264663 -33.04937218408097 -222.6535125811757
 564.4783306077072 -258.1057118796274 -51.44889104748137 -33.0026805394071 -222.57016915371
 564.0812152421267 -258.0743652417262 -51.19385975132857 -33.10037990708719 -222.7084415207564
 510.0473372065255 -235.4457840946191 23.71555719572271 -154.3549732331991 -144.9620417237626
 509.9422549404017 -235.5405680813967 23.7738534392523 -154.1554283624102 -145.0510635583478
 560.5881087202872 -215.4828132724439 -19.72543151784976 -129.2700558841981 -194.4030114807059
 560.5616467132651 -215.3365152738713 -19.34384257452512 -129.2852285445493 -195.039369091301
 510.0473372065255 -235.4457840946191 23.71555719572271 -154.3549732331991 -144.9620417237626
 509.8329205793747 -235.3694655593586 23.80509774420531 -154.7077000947396 -144.8329482796327
 564.5237141177515 -258.1901438660277 -51.42774924264663 -33.04937218408097 -222.6535125811757
 509.8329205793747 -235.3694655593586 23.80509774420531 -154.7077000947396 -144.8329482796327
 509.9422549404017 -235.5405680813967 23.7738534392523 -154.1554283624102 -145.0510635583478
 509.8329205793747 -235.3694655593586 23.80509774420531 -154.7077000947396 -144.8329482796327
 509.9422549404017 -235.5405680813967 23.7738534392523 -154.1554283624102 -145.0510635583478
 509.7623778671022 -235.7058665740905 23.87341451979844 -154.9385519893426 -145.1784211678223
 564.5437915152086 -258.4101891441817 -51.27858269426401 -33.09136247858242 -222.6267518433157
 564.1236062579019 -258.0819420924671 -51.09928042118275 -33.16585404393631 -222.7529952748056
 510.0473372065255 -235.4457840946191 23.71555719572271 -154.3549732331991 -144.9620417237626
 509.8329205793747 -235.3694655593586 23.80509774420531 -154.7077000947396 -144.8329482796327
 510.0473372065255 -235.4457840946191 23.71555719572271 -154.3549732331991 -144.9620417237626
 560.5881087202872 -215.4828132724439 -19.72543151784976 -129.2700558841981 -194.4030114807059
 510.0473372065255 -235.4457840946191 23.71555719572271 -154.3549732331991 -144.9620417237626
 509.5548297096014 -235.4550387911269 23.95651650279971 -154.6668320950292 -144.87853688724
 510.0473372065255 -235.4457840946191 23.71555719572271 -154.3549732331991 -144.9620417237626
 509.8329205793747 -235.3694655593586 23.80509774420531 -154.7077000947396 -144.8329482796327
 564.0812152421267 -258.0743652417262 -51.19385975132857 -33.10037990708719 -222.7084415207564
 564.0812152421267 -258.0743652417262 -51.19385975132857 -33.10037990708719 -222.7084415207564
 509.9422549404017 -235.5405680813967 23.7738534392523 -154.1554283624102 -145.0510635583478
 509.8922649521789 -235.1482938734715 23.69798221303805 -154.7028444200123 -144.8926441982119
 566.2026734232181 -259.0734571080014 -52.55251712910664 -33.35615475008995 -223.3189770782025
 509.6748520702241 -235.5540696785505 24.30779595908357 -155.0640625350964 -144.5291157879298
 509.9422549404017 -235.5405680813967 23.7738534392523 -154.1554283624102 -145.0510635583478
 509.6765625388924 -235.3527339964507 23.8581871136974 -154.7556084129795 -145.2402409129826
 509.8329205793747 -235.3694655593586 23.80509774420531 -154.7077000947396 -144.8329482796327
 509.8306477286819 -235.3776219777937 23.80620808405931 -154.726640927338 -144.8421061083424
 508.6970060511927 -234.0840491302832 22.72624585408285 -152.0652894266677 -144.8411507218789
 508.1603129770939 -234.4159034905457 23.0926049347413 -151.0580705146221 -144.1012440517277
