# Created by Octave 4.2.1, Mon Oct 09 17:06:52 2017 BRT <root@mosqueiro>
# name: pop
# type: matrix
# rows: 100
# columns: 5
 458.6585320637209 -63.34174233924648 -518.5875542202955 738.7709262897456 -581.0494691775859
 458.6585320637209 -63.34174233924648 -518.5875542202955 738.7709262897456 -581.0494691775859
 458.6585320637209 -63.34174233924648 -518.5875542202955 738.7709262897456 -581.0494691775859
 -700.6373447603983 636.3420564911839 579.2829263023514 266.2841382236745 -825.4225567087169
 459.9971225561342 -744.8266010470187 325.0674545323352 132.9818265849012 762.0292508535094
 285.4777379818561 160.7903400906416 -376.6603556475973 996.2981808258003 -621.2506233217405
 -700.6373447603983 636.3420564911839 579.2829263023514 266.2841382236745 -825.4225567087169
 -700.6373447603983 636.3420564911839 579.2829263023514 266.2841382236745 -825.4225567087169
 285.4777379818561 160.7903400906416 -376.6603556475973 996.2981808258003 -621.2506233217405
 458.6585320637209 -63.34174233924648 -518.5875542202955 738.7709262897456 -581.0494691775859
 770.0584189577125 -522.8481274898659 -313.9437023971742 884.1838922309837 -213.1211690167835
 -700.6373447603983 636.3420564911839 579.2829263023514 266.2841382236745 -825.4225567087169
 458.6585320637209 -63.34174233924648 -518.5875542202955 738.7709262897456 -581.0494691775859
 458.6585320637209 -63.34174233924648 -518.5875542202955 738.7709262897456 -581.0494691775859
 458.6585320637209 -63.34174233924648 -518.5875542202955 738.7709262897456 -581.0494691775859
 458.6585320637209 -63.34174233924648 -518.5875542202955 738.7709262897456 -581.0494691775859
 458.6585320637209 -63.34174233924648 -518.5875542202955 738.7709262897456 -581.0494691775859
 2444.766848993384 -5305.786710610434 1092.266229967191 4778.292703935163 -955.5462174241793
 458.6585320637209 -63.34174233924648 -518.5875542202955 738.7709262897456 -581.0494691775859
 -700.6373447603983 636.3420564911839 579.2829263023514 266.2841382236745 -825.4225567087169
 458.6585320637209 -63.34174233924648 -518.5875542202955 738.7709262897456 -581.0494691775859
 183.929931382953 -1040.651044510984 2086.462268410036 588.6420523958637 -1031.150065428296
 458.6585320637209 -63.34174233924648 -518.5875542202955 738.7709262897456 -581.0494691775859
 458.6585320637209 -63.34174233924648 -518.5875542202955 738.7709262897456 -581.0494691775859
 -547.4530985601768 95.42386109127119 478.3833307123521 -563.1692896339441 590.3060496704363
 458.6585320637209 -63.34174233924648 -518.5875542202955 738.7709262897456 -581.0494691775859
 458.6585320637209 -63.34174233924648 -518.5875542202955 738.7709262897456 -581.0494691775859
 27.04770610785431 -304.163938585812 483.3043916347615 274.9924046806889 -340.4518367413648
 458.6585320637209 -63.34174233924648 -518.5875542202955 738.7709262897456 -581.0494691775859
 458.6585320637209 -63.34174233924648 -518.5875542202955 738.7709262897456 -581.0494691775859
 458.6585320637209 -63.34174233924648 -518.5875542202955 738.7709262897456 -581.0494691775859
 183.929931382953 -1040.651044510984 2086.462268410036 588.6420523958637 -1031.150065428296
 459.9971225561342 -744.8266010470187 325.0674545323352 132.9818265849012 762.0292508535094
 -2830.724867578206 -2931.120176674178 3722.533055057583 -2380.793375892625 2530.913953699744
 246.3918588294393 -986.5280738935621 -403.0579106933181 -551.4047188330838 -768.9261588622899
 -547.4530985601768 95.42386109127119 478.3833307123521 -563.1692896339441 590.3060496704363
 183.929931382953 -1040.651044510984 2086.462268410036 588.6420523958637 -1031.150065428296
 458.6585320637209 -63.34174233924648 -518.5875542202955 738.7709262897456 -581.0494691775859
 458.6585320637209 -63.34174233924648 -518.5875542202955 738.7709262897456 -581.0494691775859
 458.6585320637209 -63.34174233924648 -518.5875542202955 738.7709262897456 -581.0494691775859
 1136.789978148188 1396.04306037146 507.2126943449105 1460.211866528089 -851.658663274526
 458.6585320637209 -63.34174233924648 -518.5875542202955 738.7709262897456 -581.0494691775859
 458.6585320637209 -63.34174233924648 -518.5875542202955 738.7709262897456 -581.0494691775859
 770.0584189577125 -522.8481274898659 -313.9437023971742 884.1838922309837 -213.1211690167835
 458.6585320637209 -63.34174233924648 -518.5875542202955 738.7709262897456 -581.0494691775859
 -547.4530985601768 95.42386109127119 478.3833307123521 -563.1692896339441 590.3060496704363
 458.6585320637209 -63.34174233924648 -518.5875542202955 738.7709262897456 -581.0494691775859
 458.6585320637209 -63.34174233924648 -518.5875542202955 738.7709262897456 -581.0494691775859
 458.6585320637209 -63.34174233924648 -518.5875542202955 738.7709262897456 -581.0494691775859
 459.9971225561342 -744.8266010470187 325.0674545323352 132.9818265849012 762.0292508535094
 575.0647957844608 666.6901623222459 123.9617030951972 -308.5745867872644 -702.1914067401822
 -547.4530985601768 95.42386109127119 478.3833307123521 -563.1692896339441 590.3060496704363
 458.6585320637209 -63.34174233924648 -518.5875542202955 738.7709262897456 -581.0494691775859
 458.6585320637209 -63.34174233924648 -518.5875542202955 738.7709262897456 -581.0494691775859
 -356.8716743944709 -882.3453429201245 2807.518307101324 1360.013127780125 -72.2913603018992
 458.6585320637209 -63.34174233924648 -518.5875542202955 738.7709262897456 -581.0494691775859
 1272.045621860296 428.0199847433321 -2034.828804980667 -644.9182440085447 916.8599305057796
 630.8429687574073 -194.3621090268412 671.8371153004127 373.3544715133389 -735.101864491383
 458.6585320637209 -63.34174233924648 -518.5875542202955 738.7709262897456 -581.0494691775859
 27.04770610785431 -304.163938585812 483.3043916347615 274.9924046806889 -340.4518367413648
 458.6585320637209 -63.34174233924648 -518.5875542202955 738.7709262897456 -581.0494691775859
 -611.5612598522773 98.6867578135375 616.3004607542291 -586.0128512510869 -238.5912847941318
 575.0647957844608 666.6901623222459 123.9617030951972 -308.5745867872644 -702.1914067401822
 458.6585320637209 -63.34174233924648 -518.5875542202955 738.7709262897456 -581.0494691775859
 -700.6373447603983 636.3420564911839 579.2829263023514 266.2841382236745 -825.4225567087169
 458.6585320637209 -63.34174233924648 -518.5875542202955 738.7709262897456 -581.0494691775859
 285.4777379818561 160.7903400906416 -376.6603556475973 996.2981808258003 -621.2506233217405
 458.6585320637209 -63.34174233924648 -518.5875542202955 738.7709262897456 -581.0494691775859
 -525.1327575431651 712.1808807568025 337.7699801170158 172.6633553916822 -509.0927386764164
 -700.6373447603983 636.3420564911839 579.2829263023514 266.2841382236745 -825.4225567087169
 458.6585320637209 -63.34174233924648 -518.5875542202955 738.7709262897456 -581.0494691775859
 458.6585320637209 -63.34174233924648 -518.5875542202955 738.7709262897456 -581.0494691775859
 -316.426323952464 -2052.108267143289 -394.2277199944456 1556.798101326071 1171.971717794392
 458.6585320637209 -63.34174233924648 -518.5875542202955 738.7709262897456 -581.0494691775859
 458.6585320637209 -63.34174233924648 -518.5875542202955 738.7709262897456 -581.0494691775859
 -991.6299526886266 934.9922478446474 800.7137495803565 317.8244831754785 613.1803454931653
 458.6585320637209 -63.34174233924648 -518.5875542202955 738.7709262897456 -581.0494691775859
 458.6585320637209 -63.34174233924648 -518.5875542202955 738.7709262897456 -581.0494691775859
 -611.5612598522773 98.6867578135375 616.3004607542291 -586.0128512510869 -238.5912847941318
 458.6585320637209 -63.34174233924648 -518.5875542202955 738.7709262897456 -581.0494691775859
 2483.953350688001 -1200.938678627324 232.1399940131287 -1456.875568921763 -228.4636286639468
 -2401.171317345864 469.9480168052307 264.1480270756585 -2993.073932474438 288.256861858314
 -986.8067664004438 -2362.189582444912 -1482.682456427097 994.0071294893902 2764.030812613519
 1753.668994691278 674.7566869333899 -213.5439810197144 867.9325615132893 -264.2108541188438
