# Created by Octave 4.2.1, Mon Oct 09 17:07:06 2017 BRT <root@mosqueiro>
# name: pop
# type: matrix
# rows: 100
# columns: 5
 649.3895807793307 -129.1204199897856 -1121.809678396384 1458.869205514263 -856.2653051571028
 609.0467843297056 -125.9212151194322 -1144.510154577156 1509.049317954955 -846.5709634705237
 603.5836777381305 -127.9680419689583 -1143.739590529152 1514.061322391586 -835.7917433145437
 607.9989831595203 -125.3675381904397 -1135.825870820679 1487.292183361898 -847.3795182414663
 656.5171487359695 -135.0605300680846 -1130.779515701264 1465.207409325329 -854.6009747699245
 556.7347884516761 -514.2734266710446 -920.4915899228563 930.0749465343283 -70.16080015506664
 595.4155599659448 -117.5717093966937 -1109.612517452632 1506.977817599115 -914.4566067350256
 630.8238931881097 -206.6121449519142 -1150.941015618173 1484.152071949083 -789.7515487969196
 656.5171487359695 -135.0605300680846 -1130.779515701264 1465.207409325329 -854.6009747699245
 615.1536986513984 -126.5993370543571 -1142.933794299216 1501.671416527957 -844.8635222840937
 639.010815557077 -168.436112467907 -1187.655495379767 1562.985925125222 -815.4840325531775
 656.5171487359695 -135.0605300680846 -1130.779515701264 1465.207409325329 -854.6009747699245
 649.3895807793307 -129.1204199897856 -1121.809678396384 1458.869205514263 -856.2653051571028
 607.9989831595203 -125.3675381904397 -1135.825870820679 1487.292183361898 -847.3795182414663
 615.1536986513984 -126.5993370543571 -1142.933794299216 1501.671416527957 -844.8635222840937
 556.7347884516761 -514.2734266710446 -920.4915899228563 930.0749465343283 -70.16080015506664
 656.5171487359695 -135.0605300680846 -1130.779515701264 1465.207409325329 -854.6009747699245
 609.0467843297056 -125.9212151194322 -1144.510154577156 1509.049317954955 -846.5709634705237
 656.5171487359695 -135.0605300680846 -1130.779515701264 1465.207409325329 -854.6009747699245
 615.1536986513984 -126.5993370543571 -1142.933794299216 1501.671416527957 -844.8635222840937
 615.1536986513984 -126.5993370543571 -1142.933794299216 1501.671416527957 -844.8635222840937
 615.1536986513984 -126.5993370543571 -1142.933794299216 1501.671416527957 -844.8635222840937
 649.3895807793307 -129.1204199897856 -1121.809678396384 1458.869205514263 -856.2653051571028
 616.6154837955008 -109.2030850125886 -1096.965902287616 1494.216673466648 -876.2023224989797
 615.1536986513984 -126.5993370543571 -1142.933794299216 1501.671416527957 -844.8635222840937
 615.1536986513984 -126.5993370543571 -1142.933794299216 1501.671416527957 -844.8635222840937
 621.7203658709315 -129.6135626233532 -1125.622073273042 1487.006834433021 -838.0898645292962
 615.9671651337045 -123.7756832059775 -1136.345376332975 1510.11773331188 -838.6416942317279
 592.5806203604925 -167.7772033315504 -1137.013685283168 1467.318177851143 -895.0107110088256
 616.6154837955008 -109.2030850125886 -1096.965902287616 1494.216673466648 -876.2023224989797
 656.5171487359695 -135.0605300680846 -1130.779515701264 1465.207409325329 -854.6009747699245
 615.1536986513984 -126.5993370543571 -1142.933794299216 1501.671416527957 -844.8635222840937
 656.5171487359695 -135.0605300680846 -1130.779515701264 1465.207409325329 -854.6009747699245
 656.5171487359695 -135.0605300680846 -1130.779515701264 1465.207409325329 -854.6009747699245
 609.0467843297056 -125.9212151194322 -1144.510154577156 1509.049317954955 -846.5709634705237
 615.1536986513984 -126.5993370543571 -1142.933794299216 1501.671416527957 -844.8635222840937
 549.2069253055546 -516.1545675680293 -901.5443233713909 948.2040929113657 -70.17469444954628
 615.1536986513984 -126.5993370543571 -1142.933794299216 1501.671416527957 -844.8635222840937
 595.4050399559986 -153.2775374766665 -1092.49400632602 1593.646285710127 -863.6170680683888
 615.1536986513984 -126.5993370543571 -1142.933794299216 1501.671416527957 -844.8635222840937
 615.1536986513984 -126.5993370543571 -1142.933794299216 1501.671416527957 -844.8635222840937
 656.5171487359695 -135.0605300680846 -1130.779515701264 1465.207409325329 -854.6009747699245
 615.1536986513984 -126.5993370543571 -1142.933794299216 1501.671416527957 -844.8635222840937
 656.5171487359695 -135.0605300680846 -1130.779515701264 1465.207409325329 -854.6009747699245
 615.1536986513984 -126.5993370543571 -1142.933794299216 1501.671416527957 -844.8635222840937
 549.2069253055546 -516.1545675680293 -901.5443233713909 948.2040929113657 -70.17469444954628
 615.1536986513984 -126.5993370543571 -1142.933794299216 1501.671416527957 -844.8635222840937
 615.1536986513984 -126.5993370543571 -1142.933794299216 1501.671416527957 -844.8635222840937
 549.2069253055546 -516.1545675680293 -901.5443233713909 948.2040929113657 -70.17469444954628
 615.1536986513984 -126.5993370543571 -1142.933794299216 1501.671416527957 -844.8635222840937
 609.0467843297056 -125.9212151194322 -1144.510154577156 1509.049317954955 -846.5709634705237
 592.5806203604925 -167.7772033315504 -1137.013685283168 1467.318177851143 -895.0107110088256
 610.5698098165276 -119.7582765071124 -1148.213960124673 1509.391167712632 -829.6394325426589
 620.921940643625 -124.6325959699108 -1157.135314956195 1520.480062976132 -849.4749900697728
 615.1536986513984 -126.5993370543571 -1142.933794299216 1501.671416527957 -844.8635222840937
 611.4052906814899 -120.6155022790131 -1150.55078950674 1530.739792170479 -854.7597781648612
 615.1536986513984 -126.5993370543571 -1142.933794299216 1501.671416527957 -844.8635222840937
 615.1536986513984 -126.5993370543571 -1142.933794299216 1501.671416527957 -844.8635222840937
 649.3895807793307 -129.1204199897856 -1121.809678396384 1458.869205514263 -856.2653051571028
 615.1536986513984 -126.5993370543571 -1142.933794299216 1501.671416527957 -844.8635222840937
 615.1536986513984 -126.5993370543571 -1142.933794299216 1501.671416527957 -844.8635222840937
 595.4155599659448 -117.5717093966937 -1109.612517452632 1506.977817599115 -914.4566067350256
 656.5171487359695 -135.0605300680846 -1130.779515701264 1465.207409325329 -854.6009747699245
 615.1536986513984 -126.5993370543571 -1142.933794299216 1501.671416527957 -844.8635222840937
 615.1536986513984 -126.5993370543571 -1142.933794299216 1501.671416527957 -844.8635222840937
 617.9019618547006 -128.5149655432846 -1148.108325855384 1493.910106917136 -827.5909874345824
 656.5171487359695 -135.0605300680846 -1130.779515701264 1465.207409325329 -854.6009747699245
 656.5171487359695 -135.0605300680846 -1130.779515701264 1465.207409325329 -854.6009747699245
 615.1536986513984 -126.5993370543571 -1142.933794299216 1501.671416527957 -844.8635222840937
 656.5171487359695 -135.0605300680846 -1130.779515701264 1465.207409325329 -854.6009747699245
 686.8438210667654 -87.27256813819567 -1202.169110799427 1500.275569040825 -818.9465538745726
 615.1536986513984 -126.5993370543571 -1142.933794299216 1501.671416527957 -844.8635222840937
 656.5171487359695 -135.0605300680846 -1130.779515701264 1465.207409325329 -854.6009747699245
 615.1536986513984 -126.5993370543571 -1142.933794299216 1501.671416527957 -844.8635222840937
 615.1536986513984 -126.5993370543571 -1142.933794299216 1501.671416527957 -844.8635222840937
 649.3895807793307 -129.1204199897856 -1121.809678396384 1458.869205514263 -856.2653051571028
 615.1536986513984 -126.5993370543571 -1142.933794299216 1501.671416527957 -844.8635222840937
 639.010815557077 -168.436112467907 -1187.655495379767 1562.985925125222 -815.4840325531775
 615.1536986513984 -126.5993370543571 -1142.933794299216 1501.671416527957 -844.8635222840937
 556.7347884516761 -514.2734266710446 -920.4915899228563 930.0749465343283 -70.16080015506664
 558.3344503314382 -527.4078456798368 -889.3826680867925 957.0812987004961 -75.0674142302958
 610.4900094438141 -118.3182734321903 -1144.293495484983 1505.335206604768 -845.015705870492
 614.4640442975526 -126.8161918390274 -1146.404659102733 1503.719136291518 -847.8839961214247
