# Created by Octave 4.2.1, Mon Oct 09 17:07:04 2017 BRT <root@mosqueiro>
# name: pop
# type: matrix
# rows: 100
# columns: 5
 656.5171487359695 -135.0605300680846 -1130.779515701264 1465.207409325329 -854.6009747699245
 615.1536986513984 -126.5993370543571 -1142.933794299216 1501.671416527957 -844.8635222840937
 630.8238931881097 -206.6121449519142 -1150.941015618173 1484.152071949083 -789.7515487969196
 595.4050399559986 -153.2775374766665 -1092.49400632602 1593.646285710127 -863.6170680683888
 615.1536986513984 -126.5993370543571 -1142.933794299216 1501.671416527957 -844.8635222840937
 615.1536986513984 -126.5993370543571 -1142.933794299216 1501.671416527957 -844.8635222840937
 595.4050399559986 -153.2775374766665 -1092.49400632602 1593.646285710127 -863.6170680683888
 630.8238931881097 -206.6121449519142 -1150.941015618173 1484.152071949083 -789.7515487969196
 551.7152189674438 -548.6768501704671 -874.5756259901393 950.1805157139386 -70.70066196373939
 572.6263756437237 -463.4815475914829 -680.8446361559666 1020.235236469883 74.65520140142804
 615.1536986513984 -126.5993370543571 -1142.933794299216 1501.671416527957 -844.8635222840937
 615.1536986513984 -126.5993370543571 -1142.933794299216 1501.671416527957 -844.8635222840937
 615.1536986513984 -126.5993370543571 -1142.933794299216 1501.671416527957 -844.8635222840937
 576.3183681308149 -321.4632836090404 -853.1808496909382 979.892852612337 -21.27202528719454
 615.1536986513984 -126.5993370543571 -1142.933794299216 1501.671416527957 -844.8635222840937
 515.8210798170579 -540.201472639945 -882.815619886456 934.8074265357548 14.49732912482393
 615.1536986513984 -126.5993370543571 -1142.933794299216 1501.671416527957 -844.8635222840937
 663.5346307377854 -119.9973291582963 -1137.239124093078 1527.657587242981 -844.5726457874068
 615.1536986513984 -126.5993370543571 -1142.933794299216 1501.671416527957 -844.8635222840937
 340.675143149484 -236.2628111503944 -606.3011560932722 705.5317138136701 -629.6697376905454
 572.6263756437237 -463.4815475914829 -680.8446361559666 1020.235236469883 74.65520140142804
 706.7465728307623 -110.9232770823789 -1201.619647913949 1502.764332505953 -831.343971588846
 615.1536986513984 -126.5993370543571 -1142.933794299216 1501.671416527957 -844.8635222840937
 615.1536986513984 -126.5993370543571 -1142.933794299216 1501.671416527957 -844.8635222840937
 515.8210798170579 -540.201472639945 -882.815619886456 934.8074265357548 14.49732912482393
 639.010815557077 -168.436112467907 -1187.655495379767 1562.985925125222 -815.4840325531775
 615.1536986513984 -126.5993370543571 -1142.933794299216 1501.671416527957 -844.8635222840937
 615.8259377490881 -127.8474107417774 -1132.315059814439 1505.804889327654 -823.9938229205542
 424.5393618831072 -382.9208043788379 -1013.906673373052 1610.239428419839 -708.9398608906969
 616.6154837955008 -109.2030850125886 -1096.965902287616 1494.216673466648 -876.2023224989797
 424.5393618831072 -382.9208043788379 -1013.906673373052 1610.239428419839 -708.9398608906969
 615.1536986513984 -126.5993370543571 -1142.933794299216 1501.671416527957 -844.8635222840937
 615.1536986513984 -126.5993370543571 -1142.933794299216 1501.671416527957 -844.8635222840937
 615.1536986513984 -126.5993370543571 -1142.933794299216 1501.671416527957 -844.8635222840937
 615.1536986513984 -126.5993370543571 -1142.933794299216 1501.671416527957 -844.8635222840937
 628.2123584047411 -156.9123381222248 -1142.105129300235 1480.886707276121 -828.9923046475257
 615.1536986513984 -126.5993370543571 -1142.933794299216 1501.671416527957 -844.8635222840937
 615.1536986513984 -126.5993370543571 -1142.933794299216 1501.671416527957 -844.8635222840937
 615.1536986513984 -126.5993370543571 -1142.933794299216 1501.671416527957 -844.8635222840937
 691.1496190279107 -400.4019168066673 -790.321313586776 926.8498236308759 -226.0479502650564
 388.899407132373 -132.0117664277828 -691.5269580146586 975.7826234273571 -322.3571792301018
 615.1536986513984 -126.5993370543571 -1142.933794299216 1501.671416527957 -844.8635222840937
 615.1536986513984 -126.5993370543571 -1142.933794299216 1501.671416527957 -844.8635222840937
 648.247285578136 -166.9388190124976 -1096.504968854558 1572.356860038423 -881.5995114619766
 595.4050399559986 -153.2775374766665 -1092.49400632602 1593.646285710127 -863.6170680683888
 573.8582494041812 -168.70988301771 -1155.406990882047 1551.985410076649 -834.2503473365707
 615.1536986513984 -126.5993370543571 -1142.933794299216 1501.671416527957 -844.8635222840937
 615.1536986513984 -126.5993370543571 -1142.933794299216 1501.671416527957 -844.8635222840937
 595.4050399559986 -153.2775374766665 -1092.49400632602 1593.646285710127 -863.6170680683888
 706.7465728307623 -110.9232770823789 -1201.619647913949 1502.764332505953 -831.343971588846
 549.2069253055546 -516.1545675680293 -901.5443233713909 948.2040929113657 -70.17469444954628
 615.1536986513984 -126.5993370543571 -1142.933794299216 1501.671416527957 -844.8635222840937
 615.1536986513984 -126.5993370543571 -1142.933794299216 1501.671416527957 -844.8635222840937
 340.675143149484 -236.2628111503944 -606.3011560932722 705.5317138136701 -629.6697376905454
 615.1536986513984 -126.5993370543571 -1142.933794299216 1501.671416527957 -844.8635222840937
 615.1536986513984 -126.5993370543571 -1142.933794299216 1501.671416527957 -844.8635222840937
 549.2069253055546 -516.1545675680293 -901.5443233713909 948.2040929113657 -70.17469444954628
 615.1536986513984 -126.5993370543571 -1142.933794299216 1501.671416527957 -844.8635222840937
 616.6154837955008 -109.2030850125886 -1096.965902287616 1494.216673466648 -876.2023224989797
 615.1536986513984 -126.5993370543571 -1142.933794299216 1501.671416527957 -844.8635222840937
 458.6585320637209 -63.34174233924648 -518.5875542202955 738.7709262897456 -581.0494691775859
 616.6154837955008 -109.2030850125886 -1096.965902287616 1494.216673466648 -876.2023224989797
 615.1536986513984 -126.5993370543571 -1142.933794299216 1501.671416527957 -844.8635222840937
 525.6797871305686 -466.6314460076433 -905.7438937686622 928.9644461987307 -30.06180827459839
 589.3427834111337 -172.3896257873339 -1170.60814082168 1550.587347852401 -834.6800490297326
 585.2049413173012 -172.3506315525203 -1155.054115818752 1449.782745914907 -910.1095013134317
 549.2069253055546 -516.1545675680293 -901.5443233713909 948.2040929113657 -70.17469444954628
 598.50082626929 -95.85414379322303 -1188.670687533234 1488.006962654512 -830.2842230897887
 615.1536986513984 -126.5993370543571 -1142.933794299216 1501.671416527957 -844.8635222840937
 615.1536986513984 -126.5993370543571 -1142.933794299216 1501.671416527957 -844.8635222840937
 656.5171487359695 -135.0605300680846 -1130.779515701264 1465.207409325329 -854.6009747699245
 615.1536986513984 -126.5993370543571 -1142.933794299216 1501.671416527957 -844.8635222840937
 656.5171487359695 -135.0605300680846 -1130.779515701264 1465.207409325329 -854.6009747699245
 615.1536986513984 -126.5993370543571 -1142.933794299216 1501.671416527957 -844.8635222840937
 595.4155599659448 -117.5717093966937 -1109.612517452632 1506.977817599115 -914.4566067350256
 615.1536986513984 -126.5993370543571 -1142.933794299216 1501.671416527957 -844.8635222840937
 615.1536986513984 -126.5993370543571 -1142.933794299216 1501.671416527957 -844.8635222840937
 595.4050399559986 -153.2775374766665 -1092.49400632602 1593.646285710127 -863.6170680683888
 615.1536986513984 -126.5993370543571 -1142.933794299216 1501.671416527957 -844.8635222840937
 656.5171487359695 -135.0605300680846 -1130.779515701264 1465.207409325329 -854.6009747699245
 613.0700205145645 -118.3845022454253 -1173.984670641273 1494.819934341069 -854.3445471809029
 629.2208019816021 -148.1035607492203 -1135.150709348188 1501.410134584683 -868.4217224278259
 620.921940643625 -124.6325959699108 -1157.135314956195 1520.480062976132 -849.4749900697728
 642.3992229107255 -124.313161319916 -1138.555125490676 1510.453254600555 -812.5849608301239
