# Created by Octave 4.2.1, Mon Oct 09 17:07:52 2017 BRT <root@mosqueiro>
# name: pop
# type: matrix
# rows: 100
# columns: 5
 -325.2790696857643 354.9873460297069 -90.51417018330801 -282.7036551905843 344.9241630361785
 -325.2790696857643 354.9873460297069 -90.51417018330801 -282.7036551905843 344.9241630361785
 -325.2790696857643 354.9873460297069 -90.51417018330801 -282.7036551905843 344.9241630361785
 -1382.011875295017 -5135.297601431557 4899.984725509124 -593.6789486294412 -170.9208061460948
 -325.2790696857643 354.9873460297069 -90.51417018330801 -282.7036551905843 344.9241630361785
 -572.4309141091725 587.2524063829085 -540.9706423330732 65.0497702317225 272.4875466139522
 -325.2790696857643 354.9873460297069 -90.51417018330801 -282.7036551905843 344.9241630361785
 -2684.219820947528 368.4883434168661 -865.7098377986373 -1811.336167783614 3035.47202642847
 -117.6755877861196 -757.2770077829624 830.9275024129468 -528.2619027785922 605.5519445185878
 579.6703104663459 -979.4678268137839 482.964807784922 493.5802935918221 -327.7891676685562
 -117.6755877861196 -757.2770077829624 830.9275024129468 -528.2619027785922 605.5519445185878
 -325.2790696857643 354.9873460297069 -90.51417018330801 -282.7036551905843 344.9241630361785
 -325.2790696857643 354.9873460297069 -90.51417018330801 -282.7036551905843 344.9241630361785
 -5165.820283075861 1120.858758485705 -5421.513157231685 -259.5917281237471 -2377.105425804893
 -2684.219820947528 368.4883434168661 -865.7098377986373 -1811.336167783614 3035.47202642847
 -325.2790696857643 354.9873460297069 -90.51417018330801 -282.7036551905843 344.9241630361785
 -325.2790696857643 354.9873460297069 -90.51417018330801 -282.7036551905843 344.9241630361785
 -325.2790696857643 354.9873460297069 -90.51417018330801 -282.7036551905843 344.9241630361785
 3076.410444374134 193.8848309288054 -2294.318430278537 -402.6995712723034 1503.195989131778
 -325.2790696857643 354.9873460297069 -90.51417018330801 -282.7036551905843 344.9241630361785
 579.6703104663459 -979.4678268137839 482.964807784922 493.5802935918221 -327.7891676685562
 -626.9054724924554 633.6574017094952 -476.9190027683262 505.9672048342941 40.37259432084829
 -117.6755877861196 -757.2770077829624 830.9275024129468 -528.2619027785922 605.5519445185878
 -325.2790696857643 354.9873460297069 -90.51417018330801 -282.7036551905843 344.9241630361785
 667.3391748382933 2535.205740401923 -586.3190111452592 -234.1097691798957 -35.42549939704929
 -635.8003248389832 1032.071552402399 1803.312390278312 1482.002262049809 3157.36849870885
 -325.2790696857643 354.9873460297069 -90.51417018330801 -282.7036551905843 344.9241630361785
 -1238.924182947753 -853.4364838255876 -198.2979635299989 -2622.131554723879 -500.5035509070306
 -325.2790696857643 354.9873460297069 -90.51417018330801 -282.7036551905843 344.9241630361785
 -325.2790696857643 354.9873460297069 -90.51417018330801 -282.7036551905843 344.9241630361785
 -325.2790696857643 354.9873460297069 -90.51417018330801 -282.7036551905843 344.9241630361785
 646.222964522683 100.9988247243398 -908.9353214760198 827.2325904796369 -621.6986437769258
 -750.4972119620287 641.5237136481767 247.5554914457161 215.3637101351756 -204.1754529696286
 -1142.002830800881 -157.5613291802035 322.2927064375494 -3321.834349169403 678.5983714491438
 -325.2790696857643 354.9873460297069 -90.51417018330801 -282.7036551905843 344.9241630361785
 566.6167478618376 20.77298619443843 -1965.036712001825 1451.00700246724 -1940.641184023334
 1608.913398038566 1420.472177075171 -5347.300998475825 908.9637294549527 4093.016963493283
 -325.2790696857643 354.9873460297069 -90.51417018330801 -282.7036551905843 344.9241630361785
 -325.2790696857643 354.9873460297069 -90.51417018330801 -282.7036551905843 344.9241630361785
 -325.2790696857643 354.9873460297069 -90.51417018330801 -282.7036551905843 344.9241630361785
 646.222964522683 100.9988247243398 -908.9353214760198 827.2325904796369 -621.6986437769258
 -126.271855080106 2919.927756682723 912.8330059794337 1207.848208229514 4609.173866813815
 -325.2790696857643 354.9873460297069 -90.51417018330801 -282.7036551905843 344.9241630361785
 -325.2790696857643 354.9873460297069 -90.51417018330801 -282.7036551905843 344.9241630361785
 -325.2790696857643 354.9873460297069 -90.51417018330801 -282.7036551905843 344.9241630361785
 1419.351841205922 -2797.736873857185 -1377.485642694189 -110.1384112084701 -416.2130458860873
 -325.2790696857643 354.9873460297069 -90.51417018330801 -282.7036551905843 344.9241630361785
 -325.2790696857643 354.9873460297069 -90.51417018330801 -282.7036551905843 344.9241630361785
 -117.6755877861196 -757.2770077829624 830.9275024129468 -528.2619027785922 605.5519445185878
 -325.2790696857643 354.9873460297069 -90.51417018330801 -282.7036551905843 344.9241630361785
 5.589112856477527 -113.9089881654619 -2389.479022608885 380.4851583667216 -956.9969060671719
 875.6380559630151 1671.999397106306 1465.243920808886 31.68571249967795 705.4667800437755
 -572.4309141091725 587.2524063829085 -540.9706423330732 65.0497702317225 272.4875466139522
 -117.6755877861196 -757.2770077829624 830.9275024129468 -528.2619027785922 605.5519445185878
 -325.2790696857643 354.9873460297069 -90.51417018330801 -282.7036551905843 344.9241630361785
 -325.2790696857643 354.9873460297069 -90.51417018330801 -282.7036551905843 344.9241630361785
 -325.2790696857643 354.9873460297069 -90.51417018330801 -282.7036551905843 344.9241630361785
 -1238.924182947753 -853.4364838255876 -198.2979635299989 -2622.131554723879 -500.5035509070306
 -325.2790696857643 354.9873460297069 -90.51417018330801 -282.7036551905843 344.9241630361785
 -325.2790696857643 354.9873460297069 -90.51417018330801 -282.7036551905843 344.9241630361785
 1608.913398038566 1420.472177075171 -5347.300998475825 908.9637294549527 4093.016963493283
 -325.2790696857643 354.9873460297069 -90.51417018330801 -282.7036551905843 344.9241630361785
 -626.9054724924554 633.6574017094952 -476.9190027683262 505.9672048342941 40.37259432084829
 -325.2790696857643 354.9873460297069 -90.51417018330801 -282.7036551905843 344.9241630361785
 -325.2790696857643 354.9873460297069 -90.51417018330801 -282.7036551905843 344.9241630361785
 5.589112856477527 -113.9089881654619 -2389.479022608885 380.4851583667216 -956.9969060671719
 -156.9079291835901 -1051.08212849455 -1810.867016350079 1481.484516642935 -577.447707944068
 -3362.97294010209 4571.900387172452 1245.717747396282 -331.7286046340123 -659.0396563419276
 1608.913398038566 1420.472177075171 -5347.300998475825 908.9637294549527 4093.016963493283
 -1382.011875295017 -5135.297601431557 4899.984725509124 -593.6789486294412 -170.9208061460948
 -325.2790696857643 354.9873460297069 -90.51417018330801 -282.7036551905843 344.9241630361785
 -126.271855080106 2919.927756682723 912.8330059794337 1207.848208229514 4609.173866813815
 -325.2790696857643 354.9873460297069 -90.51417018330801 -282.7036551905843 344.9241630361785
 -117.6755877861196 -757.2770077829624 830.9275024129468 -528.2619027785922 605.5519445185878
 -325.2790696857643 354.9873460297069 -90.51417018330801 -282.7036551905843 344.9241630361785
 -626.9054724924554 633.6574017094952 -476.9190027683262 505.9672048342941 40.37259432084829
 -325.2790696857643 354.9873460297069 -90.51417018330801 -282.7036551905843 344.9241630361785
 -1382.011875295017 -5135.297601431557 4899.984725509124 -593.6789486294412 -170.9208061460948
 -126.271855080106 2919.927756682723 912.8330059794337 1207.848208229514 4609.173866813815
 -325.2790696857643 354.9873460297069 -90.51417018330801 -282.7036551905843 344.9241630361785
 3272.928124099324 -2604.190506889023 1626.31162923822 258.9849486324125 -2322.852983714892
 1845.345482481642 1640.393327393942 -2729.576952628909 -1397.95774868746 -2744.127150145825
 -2218.537491025608 931.8641836706483 1449.035035144168 -2599.624878770148 -420.0826123529628
 -3659.446376380461 -3103.086010643895 220.234562462126 635.4178541664676 581.5671136648216
