# Created by Octave 4.2.1, Mon Oct 09 17:07:40 2017 BRT <root@mosqueiro>
# name: pop
# type: matrix
# rows: 100
# columns: 5
 -289.1972464184287 660.4220819989969 -433.8451048337852 124.8121150188556 -63.17358697325565
 -289.1972464184287 660.4220819989969 -433.8451048337852 124.8121150188556 -63.17358697325565
 -289.1972464184287 660.4220819989969 -433.8451048337852 124.8121150188556 -63.17358697325565
 -288.4211557226556 656.6012955359474 -434.9567751497931 128.6957657216784 -62.62423162486579
 -288.4211557226556 656.6012955359474 -434.9567751497931 128.6957657216784 -62.62423162486579
 -289.277569722025 660.6424577775761 -432.5246144330364 125.00838567152 -63.01373264953094
 -288.9660824168363 661.3020463304898 -433.6011655916827 125.7182884925602 -65.1641535654993
 -291.4252633291778 662.9495278824368 -431.940465373534 124.498124080723 -64.47256206871427
 -288.9766869109384 661.0592014742051 -432.9260137876404 124.3443431199585 -63.85057413761285
 -288.9766869109384 661.0592014742051 -432.9260137876404 124.3443431199585 -63.85057413761285
 -288.4211557226556 656.6012955359474 -434.9567751497931 128.6957657216784 -62.62423162486579
 -288.4211557226556 656.6012955359474 -434.9567751497931 128.6957657216784 -62.62423162486579
 -289.1972464184287 660.4220819989969 -433.8451048337852 124.8121150188556 -63.17358697325565
 -289.1972464184287 660.4220819989969 -433.8451048337852 124.8121150188556 -63.17358697325565
 -288.9766869109384 661.0592014742051 -432.9260137876404 124.3443431199585 -63.85057413761285
 -288.5359281883395 656.2736208850233 -435.145055976992 128.719590196445 -62.42072946518938
 -288.9660824168363 661.3020463304898 -433.6011655916827 125.7182884925602 -65.1641535654993
 -281.4384793865356 655.733575672303 -422.5868805636132 134.9043806115568 -67.76337905792944
 -288.9766869109384 661.0592014742051 -432.9260137876404 124.3443431199585 -63.85057413761285
 -278.2544234281241 625.6102503154355 -427.6167978116528 148.2519334426489 -30.61937338242378
 -288.9766869109384 661.0592014742051 -432.9260137876404 124.3443431199585 -63.85057413761285
 -288.8287302236379 660.676894280102 -432.5335403288552 124.738457312868 -63.74579765562586
 -288.9660824168363 661.3020463304898 -433.6011655916827 125.7182884925602 -65.1641535654993
 -292.8289045223714 653.2167712637558 -442.1990330536475 138.4102575342383 -65.59198932545443
 -288.9660824168363 661.3020463304898 -433.6011655916827 125.7182884925602 -65.1641535654993
 -273.7629291389759 758.7222661596496 -538.435398619712 281.1352681318822 -73.53011096700108
 -288.9766869109384 661.0592014742051 -432.9260137876404 124.3443431199585 -63.85057413761285
 -288.4211557226556 656.6012955359474 -434.9567751497931 128.6957657216784 -62.62423162486579
 -291.1934412995981 663.2435684664659 -432.0025027493161 124.0956618851117 -65.01464445317647
 -289.1972464184287 660.4220819989969 -433.8451048337852 124.8121150188556 -63.17358697325565
 -288.9766869109384 661.0592014742051 -432.9260137876404 124.3443431199585 -63.85057413761285
 -288.5976258328986 661.6125061896228 -433.8318435237804 125.7300008774724 -65.8390129157652
 -288.4875293846562 656.3515400137148 -434.526920512805 129.3600763114464 -62.5250290035656
 -288.4211557226556 656.6012955359474 -434.9567751497931 128.6957657216784 -62.62423162486579
 -288.9660824168363 661.3020463304898 -433.6011655916827 125.7182884925602 -65.1641535654993
 -292.8289045223714 653.2167712637558 -442.1990330536475 138.4102575342383 -65.59198932545443
 -289.1972464184287 660.4220819989969 -433.8451048337852 124.8121150188556 -63.17358697325565
 -288.9660824168363 661.3020463304898 -433.6011655916827 125.7182884925602 -65.1641535654993
 -288.4211557226556 656.6012955359474 -434.9567751497931 128.6957657216784 -62.62423162486579
 -288.9766869109384 661.0592014742051 -432.9260137876404 124.3443431199585 -63.85057413761285
 -289.1972464184287 660.4220819989969 -433.8451048337852 124.8121150188556 -63.17358697325565
 -288.9660824168363 661.3020463304898 -433.6011655916827 125.7182884925602 -65.1641535654993
 -288.9766869109384 661.0592014742051 -432.9260137876404 124.3443431199585 -63.85057413761285
 -289.1972464184287 660.4220819989969 -433.8451048337852 124.8121150188556 -63.17358697325565
 -288.4211557226556 656.6012955359474 -434.9567751497931 128.6957657216784 -62.62423162486579
 -289.1972464184287 660.4220819989969 -433.8451048337852 124.8121150188556 -63.17358697325565
 -289.1972464184287 660.4220819989969 -433.8451048337852 124.8121150188556 -63.17358697325565
 -288.4211557226556 656.6012955359474 -434.9567751497931 128.6957657216784 -62.62423162486579
 -288.9660824168363 661.3020463304898 -433.6011655916827 125.7182884925602 -65.1641535654993
 -288.9766869109384 661.0592014742051 -432.9260137876404 124.3443431199585 -63.85057413761285
 -288.450136249099 665.2438893482087 -435.9048461140956 128.2286536856635 -65.91224113681075
 -289.1972464184287 660.4220819989969 -433.8451048337852 124.8121150188556 -63.17358697325565
 -288.9660824168363 661.3020463304898 -433.6011655916827 125.7182884925602 -65.1641535654993
 -288.4211557226556 656.6012955359474 -434.9567751497931 128.6957657216784 -62.62423162486579
 -288.4211557226556 656.6012955359474 -434.9567751497931 128.6957657216784 -62.62423162486579
 -291.4252633291778 662.9495278824368 -431.940465373534 124.498124080723 -64.47256206871427
 -288.4211557226556 656.6012955359474 -434.9567751497931 128.6957657216784 -62.62423162486579
 -291.4252633291778 662.9495278824368 -431.940465373534 124.498124080723 -64.47256206871427
 -288.9660824168363 661.3020463304898 -433.6011655916827 125.7182884925602 -65.1641535654993
 -288.4211557226556 656.6012955359474 -434.9567751497931 128.6957657216784 -62.62423162486579
 -288.9660824168363 661.3020463304898 -433.6011655916827 125.7182884925602 -65.1641535654993
 -291.4252633291778 662.9495278824368 -431.940465373534 124.498124080723 -64.47256206871427
 -289.1972464184287 660.4220819989969 -433.8451048337852 124.8121150188556 -63.17358697325565
 -291.1934412995981 663.2435684664659 -432.0025027493161 124.0956618851117 -65.01464445317647
 -288.9660824168363 661.3020463304898 -433.6011655916827 125.7182884925602 -65.1641535654993
 -288.9660824168363 661.3020463304898 -433.6011655916827 125.7182884925602 -65.1641535654993
 -289.1972464184287 660.4220819989969 -433.8451048337852 124.8121150188556 -63.17358697325565
 -284.2258746943394 654.5720505214738 -432.5899369137612 123.2227906799495 -66.46936174160618
 -288.4211557226556 656.6012955359474 -434.9567751497931 128.6957657216784 -62.62423162486579
 -288.9766869109384 661.0592014742051 -432.9260137876404 124.3443431199585 -63.85057413761285
 -288.9766869109384 661.0592014742051 -432.9260137876404 124.3443431199585 -63.85057413761285
 -291.4252633291778 662.9495278824368 -431.940465373534 124.498124080723 -64.47256206871427
 -288.4875293846562 656.3515400137148 -434.526920512805 129.3600763114464 -62.5250290035656
 -288.9660824168363 661.3020463304898 -433.6011655916827 125.7182884925602 -65.1641535654993
 -288.9766869109384 661.0592014742051 -432.9260137876404 124.3443431199585 -63.85057413761285
 -288.9766869109384 661.0592014742051 -432.9260137876404 124.3443431199585 -63.85057413761285
 -288.9660824168363 661.3020463304898 -433.6011655916827 125.7182884925602 -65.1641535654993
 -288.9660824168363 661.3020463304898 -433.6011655916827 125.7182884925602 -65.1641535654993
 -288.9660824168363 661.3020463304898 -433.6011655916827 125.7182884925602 -65.1641535654993
 -293.7930991364592 654.9702081414101 -439.3658119665927 136.3832627066525 -64.7321033804584
 -289.0450824362045 661.5294107514735 -433.3799893239811 125.6961113782628 -65.33952020089059
 -289.0648243675462 660.2037210187366 -433.7840741944813 124.7306559542625 -63.16422082522224
 -289.0940595168985 660.860470821528 -432.7084569026516 124.5364965769331 -64.07533802348721
 -289.0680555706633 661.2818318061135 -433.6991706091882 125.5259563690631 -65.21408526584808
