# Created by Octave 4.2.1, Mon Oct 09 17:05:48 2017 BRT <root@mosqueiro>
# name: pop
# type: matrix
# rows: 100
# columns: 5
 560.5881087202872 -215.4828132724439 -19.72543151784976 -129.2700558841981 -194.4030114807059
 560.5881087202872 -215.4828132724439 -19.72543151784976 -129.2700558841981 -194.4030114807059
 560.5881087202872 -215.4828132724439 -19.72543151784976 -129.2700558841981 -194.4030114807059
 560.5881087202872 -215.4828132724439 -19.72543151784976 -129.2700558841981 -194.4030114807059
 931.3737192719891 160.4482446888128 636.4171841370071 94.42768408120946 -577.6901286335237
 -865.1885655972834 443.9785017774893 202.2845781288424 924.4613413689392 -657.963173454531
 632.3414541429681 -522.7608010294089 743.8997635611836 -37.97190012003125 -443.9077096324132
 560.5881087202872 -215.4828132724439 -19.72543151784976 -129.2700558841981 -194.4030114807059
 201.0934456001938 688.6346122043087 -606.0305040968593 2254.74579597365 -270.7021860513416
 485.0344178358639 -354.3342941126679 -277.6772780889413 571.4591510788248 -531.3080085953382
 -710.657841820062 531.0537740170644 -470.5359643342824 392.7591994837339 208.2496982342811
 560.5881087202872 -215.4828132724439 -19.72543151784976 -129.2700558841981 -194.4030114807059
 485.0344178358639 -354.3342941126679 -277.6772780889413 571.4591510788248 -531.3080085953382
 1689.504338896601 -2394.526261675167 -371.7463330068024 1009.564888345205 77.41122694885971
 560.5881087202872 -215.4828132724439 -19.72543151784976 -129.2700558841981 -194.4030114807059
 368.9543473190211 504.7002866032055 -772.1314472452151 -171.1756146910043 140.282926453079
 579.9105498711031 -298.4841783193527 201.8883407208616 -98.36753372050975 -644.5059556376077
 560.5881087202872 -215.4828132724439 -19.72543151784976 -129.2700558841981 -194.4030114807059
 560.5881087202872 -215.4828132724439 -19.72543151784976 -129.2700558841981 -194.4030114807059
 560.5881087202872 -215.4828132724439 -19.72543151784976 -129.2700558841981 -194.4030114807059
 560.5881087202872 -215.4828132724439 -19.72543151784976 -129.2700558841981 -194.4030114807059
 560.5881087202872 -215.4828132724439 -19.72543151784976 -129.2700558841981 -194.4030114807059
 211.6212602384477 -1525.235780345506 390.394843968183 -738.4504541368085 3171.849774649853
 368.9543473190211 504.7002866032055 -772.1314472452151 -171.1756146910043 140.282926453079
 811.2115169429119 -445.2010438459358 217.4711548936018 250.9295973498738 -838.7510333708029
 -191.4644367128037 876.1574955379692 -535.6908834168147 -629.507428983934 689.2316600986321
 -925.9627821041951 -33.04835317575089 -89.9178239514921 923.1718237354667 175.6436132977217
 -925.9627821041951 -33.04835317575089 -89.9178239514921 923.1718237354667 175.6436132977217
 307.5846806727518 -510.4954898081421 351.3979114827007 745.827244009758 -742.7739357995397
 1689.504338896601 -2394.526261675167 -371.7463330068024 1009.564888345205 77.41122694885971
 485.0344178358639 -354.3342941126679 -277.6772780889413 571.4591510788248 -531.3080085953382
 560.5881087202872 -215.4828132724439 -19.72543151784976 -129.2700558841981 -194.4030114807059
 560.5881087202872 -215.4828132724439 -19.72543151784976 -129.2700558841981 -194.4030114807059
 560.5881087202872 -215.4828132724439 -19.72543151784976 -129.2700558841981 -194.4030114807059
 201.0934456001938 688.6346122043087 -606.0305040968593 2254.74579597365 -270.7021860513416
 -167.8145499415468 -7267.145466662247 -4265.832248260498 276.2261191750725 -1386.862532001647
 560.5881087202872 -215.4828132724439 -19.72543151784976 -129.2700558841981 -194.4030114807059
 560.5881087202872 -215.4828132724439 -19.72543151784976 -129.2700558841981 -194.4030114807059
 560.5881087202872 -215.4828132724439 -19.72543151784976 -129.2700558841981 -194.4030114807059
 -894.2615976436302 437.1844559244996 -397.7931001198142 636.4966568086445 261.5455653421509
 1689.504338896601 -2394.526261675167 -371.7463330068024 1009.564888345205 77.41122694885971
 560.5881087202872 -215.4828132724439 -19.72543151784976 -129.2700558841981 -194.4030114807059
 560.5881087202872 -215.4828132724439 -19.72543151784976 -129.2700558841981 -194.4030114807059
 485.0344178358639 -354.3342941126679 -277.6772780889413 571.4591510788248 -531.3080085953382
 2092.397258484423 -586.0547830423664 409.2934212057806 1694.868377405123 -1627.859673892828
 -466.0666170399571 616.3690177717722 312.9006638829565 816.0184130032103 -53.44737983539255
 560.5881087202872 -215.4828132724439 -19.72543151784976 -129.2700558841981 -194.4030114807059
 560.5881087202872 -215.4828132724439 -19.72543151784976 -129.2700558841981 -194.4030114807059
 560.5881087202872 -215.4828132724439 -19.72543151784976 -129.2700558841981 -194.4030114807059
 560.5881087202872 -215.4828132724439 -19.72543151784976 -129.2700558841981 -194.4030114807059
 988.7351154477049 -886.6037695649693 912.2398296898918 -268.2634492600395 -351.9456735459297
 590.681476726101 -248.4592955972539 -619.7351090141149 512.3413155429935 53.9392655493366
 -5624.196304565635 1371.115443541368 -1241.552107213166 187.2616596679321 -512.2151220175796
 560.5881087202872 -215.4828132724439 -19.72543151784976 -129.2700558841981 -194.4030114807059
 560.5881087202872 -215.4828132724439 -19.72543151784976 -129.2700558841981 -194.4030114807059
 201.0934456001938 688.6346122043087 -606.0305040968593 2254.74579597365 -270.7021860513416
 560.5881087202872 -215.4828132724439 -19.72543151784976 -129.2700558841981 -194.4030114807059
 153.8516927727214 336.8268552665013 -347.2170566692475 734.1391396093554 -599.1920261656414
 579.9105498711031 -298.4841783193527 201.8883407208616 -98.36753372050975 -644.5059556376077
 -167.8145499415468 -7267.145466662247 -4265.832248260498 276.2261191750725 -1386.862532001647
 560.5881087202872 -215.4828132724439 -19.72543151784976 -129.2700558841981 -194.4030114807059
 632.3414541429681 -522.7608010294089 743.8997635611836 -37.97190012003125 -443.9077096324132
 -925.9627821041951 -33.04835317575089 -89.9178239514921 923.1718237354667 175.6436132977217
 590.681476726101 -248.4592955972539 -619.7351090141149 512.3413155429935 53.9392655493366
 -451.9135135440985 636.8290308070239 502.6972205619029 -362.192904559049 158.6178988673355
 560.5881087202872 -215.4828132724439 -19.72543151784976 -129.2700558841981 -194.4030114807059
 201.0934456001938 688.6346122043087 -606.0305040968593 2254.74579597365 -270.7021860513416
 560.5881087202872 -215.4828132724439 -19.72543151784976 -129.2700558841981 -194.4030114807059
 811.2115169429119 -445.2010438459358 217.4711548936018 250.9295973498738 -838.7510333708029
 560.5881087202872 -215.4828132724439 -19.72543151784976 -129.2700558841981 -194.4030114807059
 -925.9627821041951 -33.04835317575089 -89.9178239514921 923.1718237354667 175.6436132977217
 -167.8145499415468 -7267.145466662247 -4265.832248260498 276.2261191750725 -1386.862532001647
 -710.657841820062 531.0537740170644 -470.5359643342824 392.7591994837339 208.2496982342811
 560.5881087202872 -215.4828132724439 -19.72543151784976 -129.2700558841981 -194.4030114807059
 230.0249994752414 136.8307177203776 -616.8468467440998 671.2275053162384 -637.1932160616939
 211.6212602384477 -1525.235780345506 390.394843968183 -738.4504541368085 3171.849774649853
 560.5881087202872 -215.4828132724439 -19.72543151784976 -129.2700558841981 -194.4030114807059
 560.5881087202872 -215.4828132724439 -19.72543151784976 -129.2700558841981 -194.4030114807059
 560.5881087202872 -215.4828132724439 -19.72543151784976 -129.2700558841981 -194.4030114807059
 954.6792354189695 981.4207856680823 688.3892938250258 903.1234260873161 342.1827417819129
 4138.074622138774 3185.170723757076 1900.756500785509 4733.174529302052 1572.973623856273
 3867.264973798262 -2560.418048368715 -2226.38638615811 3728.963307545546 -588.5717447411263
 -4895.170022083561 2885.333212018666 2886.752718242557 170.6294562822255 -3419.02821656066
 775.4588355358989 1198.742635578476 2582.522611545525 250.4106586763567 500.1948698996017
