# Created by Octave 4.2.1, Mon Oct 09 17:07:38 2017 BRT <root@mosqueiro>
# name: pop
# type: matrix
# rows: 100
# columns: 5
 -288.9660824168363 661.3020463304898 -433.6011655916827 125.7182884925602 -65.1641535654993
 -288.4211557226556 656.6012955359474 -434.9567751497931 128.6957657216784 -62.62423162486579
 -288.9766869109384 661.0592014742051 -432.9260137876404 124.3443431199585 -63.85057413761285
 -288.9766869109384 661.0592014742051 -432.9260137876404 124.3443431199585 -63.85057413761285
 -288.4211557226556 656.6012955359474 -434.9567751497931 128.6957657216784 -62.62423162486579
 -288.9766869109384 661.0592014742051 -432.9260137876404 124.3443431199585 -63.85057413761285
 -288.9660824168363 661.3020463304898 -433.6011655916827 125.7182884925602 -65.1641535654993
 -273.7629291389759 758.7222661596496 -538.435398619712 281.1352681318822 -73.53011096700108
 -288.9766869109384 661.0592014742051 -432.9260137876404 124.3443431199585 -63.85057413761285
 -288.9766869109384 661.0592014742051 -432.9260137876404 124.3443431199585 -63.85057413761285
 -288.9766869109384 661.0592014742051 -432.9260137876404 124.3443431199585 -63.85057413761285
 -288.9766869109384 661.0592014742051 -432.9260137876404 124.3443431199585 -63.85057413761285
 -291.4252633291778 662.9495278824368 -431.940465373534 124.498124080723 -64.47256206871427
 -288.3306850880298 656.7140311154441 -429.5562548351966 112.9887963333043 -64.77181688031231
 -288.9766869109384 661.0592014742051 -432.9260137876404 124.3443431199585 -63.85057413761285
 -288.9660824168363 661.3020463304898 -433.6011655916827 125.7182884925602 -65.1641535654993
 -288.4211557226556 656.6012955359474 -434.9567751497931 128.6957657216784 -62.62423162486579
 -288.9766869109384 661.0592014742051 -432.9260137876404 124.3443431199585 -63.85057413761285
 -288.4211557226556 656.6012955359474 -434.9567751497931 128.6957657216784 -62.62423162486579
 -288.9766869109384 661.0592014742051 -432.9260137876404 124.3443431199585 -63.85057413761285
 -288.9766869109384 661.0592014742051 -432.9260137876404 124.3443431199585 -63.85057413761285
 -293.7930991364592 654.9702081414101 -439.3658119665927 136.3832627066525 -64.7321033804584
 -288.9766869109384 661.0592014742051 -432.9260137876404 124.3443431199585 -63.85057413761285
 -288.9660824168363 661.3020463304898 -433.6011655916827 125.7182884925602 -65.1641535654993
 -288.9766869109384 661.0592014742051 -432.9260137876404 124.3443431199585 -63.85057413761285
 -288.4211557226556 656.6012955359474 -434.9567751497931 128.6957657216784 -62.62423162486579
 -284.2258746943394 654.5720505214738 -432.5899369137612 123.2227906799495 -66.46936174160618
 -288.4211557226556 656.6012955359474 -434.9567751497931 128.6957657216784 -62.62423162486579
 -288.9766869109384 661.0592014742051 -432.9260137876404 124.3443431199585 -63.85057413761285
 -288.7841524085294 664.9396019973391 -436.4124099135858 128.1107103205682 -65.62769500189285
 -292.8289045223714 653.2167712637558 -442.1990330536475 138.4102575342383 -65.59198932545443
 -288.9766869109384 661.0592014742051 -432.9260137876404 124.3443431199585 -63.85057413761285
 -291.4252633291778 662.9495278824368 -431.940465373534 124.498124080723 -64.47256206871427
 -288.4211557226556 656.6012955359474 -434.9567751497931 128.6957657216784 -62.62423162486579
 -288.4211557226556 656.6012955359474 -434.9567751497931 128.6957657216784 -62.62423162486579
 -290.8070384591239 661.9856269657342 -431.0525144595322 121.1004570966856 -65.86327637693695
 -288.9766869109384 661.0592014742051 -432.9260137876404 124.3443431199585 -63.85057413761285
 -288.9766869109384 661.0592014742051 -432.9260137876404 124.3443431199585 -63.85057413761285
 -288.9766869109384 661.0592014742051 -432.9260137876404 124.3443431199585 -63.85057413761285
 -292.8289045223714 653.2167712637558 -442.1990330536475 138.4102575342383 -65.59198932545443
 -288.9766869109384 661.0592014742051 -432.9260137876404 124.3443431199585 -63.85057413761285
 -288.9766869109384 661.0592014742051 -432.9260137876404 124.3443431199585 -63.85057413761285
 -288.9766869109384 661.0592014742051 -432.9260137876404 124.3443431199585 -63.85057413761285
 -288.9766869109384 661.0592014742051 -432.9260137876404 124.3443431199585 -63.85057413761285
 -288.9766869109384 661.0592014742051 -432.9260137876404 124.3443431199585 -63.85057413761285
 -289.7835643757214 661.9131598709106 -432.9782367397426 126.3978653750035 -62.71526554832275
 -281.4384793865356 655.733575672303 -422.5868805636132 134.9043806115568 -67.76337905792944
 -288.9660824168363 661.3020463304898 -433.6011655916827 125.7182884925602 -65.1641535654993
 -288.9766869109384 661.0592014742051 -432.9260137876404 124.3443431199585 -63.85057413761285
 -278.3586375283682 625.6320042603541 -427.6762778631131 147.8321549457305 -30.2801991562353
 -288.9660824168363 661.3020463304898 -433.6011655916827 125.7182884925602 -65.1641535654993
 -288.9660824168363 661.3020463304898 -433.6011655916827 125.7182884925602 -65.1641535654993
 -288.9660824168363 661.3020463304898 -433.6011655916827 125.7182884925602 -65.1641535654993
 -288.9766869109384 661.0592014742051 -432.9260137876404 124.3443431199585 -63.85057413761285
 -288.7841524085294 664.9396019973391 -436.4124099135858 128.1107103205682 -65.62769500189285
 -291.4252633291778 662.9495278824368 -431.940465373534 124.498124080723 -64.47256206871427
 -273.7629291389759 758.7222661596496 -538.435398619712 281.1352681318822 -73.53011096700108
 -280.2247602647565 668.6085728553712 -426.1300705409654 112.8631083960744 -65.69223773776359
 -280.2247602647565 668.6085728553712 -426.1300705409654 112.8631083960744 -65.69223773776359
 -288.9660824168363 661.3020463304898 -433.6011655916827 125.7182884925602 -65.1641535654993
 -288.9766869109384 661.0592014742051 -432.9260137876404 124.3443431199585 -63.85057413761285
 -288.9766869109384 661.0592014742051 -432.9260137876404 124.3443431199585 -63.85057413761285
 -288.4211557226556 656.6012955359474 -434.9567751497931 128.6957657216784 -62.62423162486579
 -288.3622401108404 654.9852729847113 -449.2088604478831 116.2773371587118 -94.68491395602155
 -288.9766869109384 661.0592014742051 -432.9260137876404 124.3443431199585 -63.85057413761285
 -278.4349452788692 755.712086331283 -545.5485135118884 278.5354933876221 -70.83896155517762
 -288.4211557226556 656.6012955359474 -434.9567751497931 128.6957657216784 -62.62423162486579
 -288.4211557226556 656.6012955359474 -434.9567751497931 128.6957657216784 -62.62423162486579
 -288.4211557226556 656.6012955359474 -434.9567751497931 128.6957657216784 -62.62423162486579
 -292.8289045223714 653.2167712637558 -442.1990330536475 138.4102575342383 -65.59198932545443
 -288.4211557226556 656.6012955359474 -434.9567751497931 128.6957657216784 -62.62423162486579
 -288.9766869109384 661.0592014742051 -432.9260137876404 124.3443431199585 -63.85057413761285
 -291.4252633291778 662.9495278824368 -431.940465373534 124.498124080723 -64.47256206871427
 -288.9766869109384 661.0592014742051 -432.9260137876404 124.3443431199585 -63.85057413761285
 -288.1716026182542 660.0658994154184 -434.9210998431202 126.9746260511319 -70.38372356277398
 -288.9766869109384 661.0592014742051 -432.9260137876404 124.3443431199585 -63.85057413761285
 -286.6429818527865 659.467363388481 -443.5136071224491 128.4043331028797 -38.83365442481656
 -290.4646474470835 663.7190705350897 -435.6902826573184 127.0422641115393 -64.13828912959431
 -226.1360131010283 649.0387581457782 -468.9100226818125 140.4385121854381 -103.8818015768984
 -284.2258746943394 654.5720505214738 -432.5899369137612 123.2227906799495 -66.46936174160618
 -289.1972464184287 660.4220819989969 -433.8451048337852 124.8121150188556 -63.17358697325565
 -289.7666513734463 657.5301424351979 -435.4045724684381 128.4924224462945 -63.11123479489555
 -289.3239852368314 662.189789215521 -433.0169471287704 126.0716332244119 -63.34598111866806
 -288.2876244740929 659.9656200233318 -434.9236143854014 128.0407247582316 -69.8400002659686
