# Created by Octave 4.2.1, Mon Oct 09 17:07:13 2017 BRT <root@mosqueiro>
# name: pop
# type: matrix
# rows: 100
# columns: 5
 616.5016422910243 -127.7254919704214 -1144.048091353421 1501.212535950896 -846.9404783834671
 616.5016422910243 -127.7254919704214 -1144.048091353421 1501.212535950896 -846.9404783834671
 609.0093191630074 -125.3929092041611 -1146.201375013393 1508.860847269392 -847.3063053997424
 609.0037691769796 -125.3939901345127 -1146.199090921485 1508.857542260515 -847.2947099717795
 609.005899812128 -125.3927441765153 -1146.195179198388 1508.858607753159 -847.304507153929
 616.4453231462111 -127.5983231737931 -1144.216459435836 1501.581745658733 -847.2055908615863
 616.5016422910243 -127.7254919704214 -1144.048091353421 1501.212535950896 -846.9404783834671
 609.002191687587 -125.3943942276277 -1146.190060272736 1508.957896103322 -847.2654283821225
 616.4957253498442 -127.7308994032556 -1144.047202790596 1501.211179688705 -846.9425324262317
 616.5657371603257 -127.803900456167 -1144.024540909789 1501.215562121613 -846.9810517252988
 616.1057689986573 -128.187948367785 -1145.246938284979 1502.487169910211 -845.9871458174421
 616.4437872308583 -127.5960592917919 -1144.228216882348 1501.58396877564 -847.204392229256
 616.5647105327406 -127.797596029345 -1144.022406728529 1501.216708908268 -846.9808069176077
 616.5016422910243 -127.7254919704214 -1144.048091353421 1501.212535950896 -846.9404783834671
 616.5455892631712 -127.8637758046754 -1143.875576446925 1501.295661636295 -847.0043045170097
 609.0093191630074 -125.3929092041611 -1146.201375013393 1508.860847269392 -847.3063053997424
 616.4453231462111 -127.5983231737931 -1144.216459435836 1501.581745658733 -847.2055908615863
 649.1976947554475 -128.2089970220334 -1123.789904255617 1458.662062301085 -856.2382548756565
 609.0093191630074 -125.3929092041611 -1146.201375013393 1508.860847269392 -847.3063053997424
 616.5657371603257 -127.803900456167 -1144.024540909789 1501.215562121613 -846.9810517252988
 616.4325087608283 -127.5592873208203 -1144.226414636665 1501.508252443021 -847.1494761951802
 616.4269395611384 -127.5616327736031 -1144.19555745521 1501.520121276202 -847.1715404226652
 616.4269395611384 -127.5616327736031 -1144.19555745521 1501.520121276202 -847.1715404226652
 609.0093191630074 -125.3929092041611 -1146.201375013393 1508.860847269392 -847.3063053997424
 616.5016422910243 -127.7254919704214 -1144.048091353421 1501.212535950896 -846.9404783834671
 616.5016422910243 -127.7254919704214 -1144.048091353421 1501.212535950896 -846.9404783834671
 653.4381619223993 -135.3342942529398 -1133.409652838584 1468.087580538159 -853.1986807006808
 609.005899812128 -125.3927441765153 -1146.195179198388 1508.858607753159 -847.304507153929
 616.5063201651344 -127.8450400578624 -1143.755207807824 1501.30292901802 -847.0774419753267
 616.5016422910243 -127.7254919704214 -1144.048091353421 1501.212535950896 -846.9404783834671
 616.4269395611384 -127.5616327736031 -1144.19555745521 1501.520121276202 -847.1715404226652
 616.4957253498442 -127.7308994032556 -1144.047202790596 1501.211179688705 -846.9425324262317
 609.0037691769796 -125.3939901345127 -1146.199090921485 1508.857542260515 -847.2947099717795
 653.43998330929 -135.3285586676454 -1133.399336168102 1468.084813749788 -853.1902779436098
 616.4453231462111 -127.5983231737931 -1144.216459435836 1501.581745658733 -847.2055908615863
 616.448277354046 -127.5945483578897 -1144.21797122034 1501.583301901695 -847.2051663023368
 616.4473678792942 -127.5162330551492 -1144.195909710524 1501.567075460788 -847.219907558787
 616.5698421984232 -127.8050458624896 -1144.02687110456 1501.218810963238 -846.9796255853668
 616.4269395611384 -127.5616327736031 -1144.19555745521 1501.520121276202 -847.1715404226652
 616.5016422910243 -127.7254919704214 -1144.048091353421 1501.212535950896 -846.9404783834671
 616.5827176132383 -127.7930013868138 -1144.02884665054 1501.212185385497 -846.9585194866078
 616.5493847285447 -127.8679802044701 -1143.869995308935 1501.297265834627 -846.9994898150463
 616.5647105327406 -127.797596029345 -1144.022406728529 1501.216708908268 -846.9808069176077
 616.4269395611384 -127.5616327736031 -1144.19555745521 1501.520121276202 -847.1715404226652
 616.4453231462111 -127.5983231737931 -1144.216459435836 1501.581745658733 -847.2055908615863
 649.1962680831838 -128.2129298325006 -1123.780737995464 1458.659509429565 -856.2329040235923
 616.4939709635603 -127.7216676180964 -1144.053768729551 1501.207322811554 -846.9351908879009
 616.4453231462111 -127.5983231737931 -1144.216459435836 1501.581745658733 -847.2055908615863
 616.5696061138044 -127.8001470570406 -1144.024753813212 1501.218497707399 -846.9854545717047
 616.5016422910243 -127.7254919704214 -1144.048091353421 1501.212535950896 -846.9404783834671
 616.5815060169505 -127.792777686882 -1144.024010603874 1501.211274809886 -846.9577893498345
 609.0037691769796 -125.3939901345127 -1146.199090921485 1508.857542260515 -847.2947099717795
 616.4957253498442 -127.7308994032556 -1144.047202790596 1501.211179688705 -846.9425324262317
 609.0093191630074 -125.3929092041611 -1146.201375013393 1508.860847269392 -847.3063053997424
 616.4437872308583 -127.5960592917919 -1144.228216882348 1501.58396877564 -847.204392229256
 616.4269395611384 -127.5616327736031 -1144.19555745521 1501.520121276202 -847.1715404226652
 616.5670316520112 -127.8063844552289 -1144.013528915809 1501.216302999631 -846.9861070299421
 616.5455892631712 -127.8637758046754 -1143.875576446925 1501.295661636295 -847.0043045170097
 616.4437872308583 -127.5960592917919 -1144.228216882348 1501.58396877564 -847.204392229256
 616.4269395611384 -127.5616327736031 -1144.19555745521 1501.520121276202 -847.1715404226652
 616.5670316520112 -127.8063844552289 -1144.013528915809 1501.216302999631 -846.9861070299421
 616.5016422910243 -127.7254919704214 -1144.048091353421 1501.212535950896 -846.9404783834671
 616.4269395611384 -127.5616327736031 -1144.19555745521 1501.520121276202 -847.1715404226652
 616.5016422910243 -127.7254919704214 -1144.048091353421 1501.212535950896 -846.9404783834671
 616.5171606673705 -127.731908715214 -1144.034801086193 1501.190874893674 -846.9266912801888
 616.4453231462111 -127.5983231737931 -1144.216459435836 1501.581745658733 -847.2055908615863
 616.4453231462111 -127.5983231737931 -1144.216459435836 1501.581745658733 -847.2055908615863
 616.4453231462111 -127.5983231737931 -1144.216459435836 1501.581745658733 -847.2055908615863
 616.5016422910243 -127.7254919704214 -1144.048091353421 1501.212535950896 -846.9404783834671
 616.4269395611384 -127.5616327736031 -1144.19555745521 1501.520121276202 -847.1715404226652
 616.5230697460423 -127.7425505968336 -1144.020056732815 1501.216622306085 -846.9277442299851
 616.5016422910243 -127.7254919704214 -1144.048091353421 1501.212535950896 -846.9404783834671
 616.5698421984232 -127.8050458624896 -1144.02687110456 1501.218810963238 -846.9796255853668
 616.5016422910243 -127.7254919704214 -1144.048091353421 1501.212535950896 -846.9404783834671
 616.5384137759813 -127.8560502898485 -1143.854751932032 1501.277824998812 -846.9841956493271
 616.4269395611384 -127.5616327736031 -1144.19555745521 1501.520121276202 -847.1715404226652
 616.4269395611384 -127.5616327736031 -1144.19555745521 1501.520121276202 -847.1715404226652
 616.4269395611384 -127.5616327736031 -1144.19555745521 1501.520121276202 -847.1715404226652
 616.4437872308583 -127.5960592917919 -1144.228216882348 1501.58396877564 -847.204392229256
 616.4453231462111 -127.5983231737931 -1144.216459435836 1501.581745658733 -847.2055908615863
 616.5694792537789 -127.7994604378535 -1144.02643767799 1501.218649916836 -846.9853836082746
 609.0001382495337 -125.3942247891172 -1146.190543258618 1508.956545228482 -847.2644223558805
 616.4991989649693 -127.7252758264376 -1144.048866462841 1501.212579594412 -846.9429505454681
 616.5170920496971 -127.7325264952103 -1144.035701739364 1501.191389665145 -846.9282078143668
