# Created by Octave 4.2.1, Mon Oct 09 17:07:09 2017 BRT <root@mosqueiro>
# name: pop
# type: matrix
# rows: 100
# columns: 5
 609.0093191630074 -125.3929092041611 -1146.201375013393 1508.860847269392 -847.3063053997424
 616.5493847285447 -127.8679802044701 -1143.869995308935 1501.297265834627 -846.9994898150463
 649.3895807793307 -129.1204199897856 -1121.809678396384 1458.869205514263 -856.2653051571028
 616.5493847285447 -127.8679802044701 -1143.869995308935 1501.297265834627 -846.9994898150463
 656.5171487359695 -135.0605300680846 -1130.779515701264 1465.207409325329 -854.6009747699245
 616.5493847285447 -127.8679802044701 -1143.869995308935 1501.297265834627 -846.9994898150463
 612.2902805746318 -118.6668298151112 -1149.492863397856 1533.996265095163 -851.8013727802404
 616.5493847285447 -127.8679802044701 -1143.869995308935 1501.297265834627 -846.9994898150463
 648.9720328765605 -129.7041990658921 -1122.505748295639 1459.293746371013 -856.5271778506439
 616.5493847285447 -127.8679802044701 -1143.869995308935 1501.297265834627 -846.9994898150463
 610.5698098165276 -119.7582765071124 -1148.213960124673 1509.391167712632 -829.6394325426589
 615.1536986513984 -126.5993370543571 -1142.933794299216 1501.671416527957 -844.8635222840937
 637.146710481018 -167.2226459959231 -1188.15297789039 1563.186771917513 -813.6274305606474
 616.5493847285447 -127.8679802044701 -1143.869995308935 1501.297265834627 -846.9994898150463
 615.9671651337045 -123.7756832059775 -1136.345376332975 1510.11773331188 -838.6416942317279
 656.5171487359695 -135.0605300680846 -1130.779515701264 1465.207409325329 -854.6009747699245
 616.5493847285447 -127.8679802044701 -1143.869995308935 1501.297265834627 -846.9994898150463
 610.5698098165276 -119.7582765071124 -1148.213960124673 1509.391167712632 -829.6394325426589
 609.0467843297056 -125.9212151194322 -1144.510154577156 1509.049317954955 -846.5709634705237
 616.5493847285447 -127.8679802044701 -1143.869995308935 1501.297265834627 -846.9994898150463
 616.5493847285447 -127.8679802044701 -1143.869995308935 1501.297265834627 -846.9994898150463
 637.146710481018 -167.2226459959231 -1188.15297789039 1563.186771917513 -813.6274305606474
 613.0336737412699 -124.2281415769286 -1140.928546990298 1508.162862343712 -846.9986567180144
 649.3895807793307 -129.1204199897856 -1121.809678396384 1458.869205514263 -856.2653051571028
 615.529602375836 -120.2971219901252 -1135.237340020894 1505.946447288858 -834.9003013396557
 622.1412334323134 -123.9452518791065 -1139.420564959864 1496.060523174271 -846.483020939365
 615.1536986513984 -126.5993370543571 -1142.933794299216 1501.671416527957 -844.8635222840937
 616.1057689986573 -128.187948367785 -1145.246938284979 1502.487169910211 -845.9871458174421
 615.9671651337045 -123.7756832059775 -1136.345376332975 1510.11773331188 -838.6416942317279
 649.3895807793307 -129.1204199897856 -1121.809678396384 1458.869205514263 -856.2653051571028
 615.1536986513984 -126.5993370543571 -1142.933794299216 1501.671416527957 -844.8635222840937
 609.0467843297056 -125.9212151194322 -1144.510154577156 1509.049317954955 -846.5709634705237
 649.1976947554475 -128.2089970220334 -1123.789904255617 1458.662062301085 -856.2382548756565
 616.5493847285447 -127.8679802044701 -1143.869995308935 1501.297265834627 -846.9994898150463
 616.5493847285447 -127.8679802044701 -1143.869995308935 1501.297265834627 -846.9994898150463
 616.1057689986573 -128.187948367785 -1145.246938284979 1502.487169910211 -845.9871458174421
 611.3282425874426 -120.891629952232 -1144.898495261741 1505.790916991557 -848.1350902860119
 649.3895807793307 -129.1204199897856 -1121.809678396384 1458.869205514263 -856.2653051571028
 616.5493847285447 -127.8679802044701 -1143.869995308935 1501.297265834627 -846.9994898150463
 616.5493847285447 -127.8679802044701 -1143.869995308935 1501.297265834627 -846.9994898150463
 612.2902805746318 -118.6668298151112 -1149.492863397856 1533.996265095163 -851.8013727802404
 616.5493847285447 -127.8679802044701 -1143.869995308935 1501.297265834627 -846.9994898150463
 616.5493847285447 -127.8679802044701 -1143.869995308935 1501.297265834627 -846.9994898150463
 609.0467843297056 -125.9212151194322 -1144.510154577156 1509.049317954955 -846.5709634705237
 616.5493847285447 -127.8679802044701 -1143.869995308935 1501.297265834627 -846.9994898150463
 615.1536986513984 -126.5993370543571 -1142.933794299216 1501.671416527957 -844.8635222840937
 615.1536986513984 -126.5993370543571 -1142.933794299216 1501.671416527957 -844.8635222840937
 611.6673062201791 -119.3378544144347 -1148.672102761592 1534.300273694009 -852.3214659663529
 615.1536986513984 -126.5993370543571 -1142.933794299216 1501.671416527957 -844.8635222840937
 616.5493847285447 -127.8679802044701 -1143.869995308935 1501.297265834627 -846.9994898150463
 615.1536986513984 -126.5993370543571 -1142.933794299216 1501.671416527957 -844.8635222840937
 616.5493847285447 -127.8679802044701 -1143.869995308935 1501.297265834627 -846.9994898150463
 616.5493847285447 -127.8679802044701 -1143.869995308935 1501.297265834627 -846.9994898150463
 616.5493847285447 -127.8679802044701 -1143.869995308935 1501.297265834627 -846.9994898150463
 616.5493847285447 -127.8679802044701 -1143.869995308935 1501.297265834627 -846.9994898150463
 558.3344503314382 -527.4078456798368 -889.3826680867925 957.0812987004961 -75.0674142302958
 616.5493847285447 -127.8679802044701 -1143.869995308935 1501.297265834627 -846.9994898150463
 615.1536986513984 -126.5993370543571 -1142.933794299216 1501.671416527957 -844.8635222840937
 616.5493847285447 -127.8679802044701 -1143.869995308935 1501.297265834627 -846.9994898150463
 609.0467843297056 -125.9212151194322 -1144.510154577156 1509.049317954955 -846.5709634705237
 649.3895807793307 -129.1204199897856 -1121.809678396384 1458.869205514263 -856.2653051571028
 649.3895807793307 -129.1204199897856 -1121.809678396384 1458.869205514263 -856.2653051571028
 616.5493847285447 -127.8679802044701 -1143.869995308935 1501.297265834627 -846.9994898150463
 616.5493847285447 -127.8679802044701 -1143.869995308935 1501.297265834627 -846.9994898150463
 649.3895807793307 -129.1204199897856 -1121.809678396384 1458.869205514263 -856.2653051571028
 651.2477770363714 -135.7886223181564 -1133.765498964181 1468.415411705299 -852.5386564071093
 609.0467843297056 -125.9212151194322 -1144.510154577156 1509.049317954955 -846.5709634705237
 649.3895807793307 -129.1204199897856 -1121.809678396384 1458.869205514263 -856.2653051571028
 616.5493847285447 -127.8679802044701 -1143.869995308935 1501.297265834627 -846.9994898150463
 649.1976947554475 -128.2089970220334 -1123.789904255617 1458.662062301085 -856.2382548756565
 653.3449651351502 -135.312546705002 -1133.434709796392 1468.210156024827 -853.1433657079701
 649.3895807793307 -129.1204199897856 -1121.809678396384 1458.869205514263 -856.2653051571028
 616.5493847285447 -127.8679802044701 -1143.869995308935 1501.297265834627 -846.9994898150463
 616.5493847285447 -127.8679802044701 -1143.869995308935 1501.297265834627 -846.9994898150463
 649.3895807793307 -129.1204199897856 -1121.809678396384 1458.869205514263 -856.2653051571028
 649.3895807793307 -129.1204199897856 -1121.809678396384 1458.869205514263 -856.2653051571028
 615.1536986513984 -126.5993370543571 -1142.933794299216 1501.671416527957 -844.8635222840937
 656.5171487359695 -135.0605300680846 -1130.779515701264 1465.207409325329 -854.6009747699245
 615.1605925410604 -130.0818509258512 -1141.939788518498 1502.451863400933 -848.8081581162926
 610.5698098165276 -119.7582765071124 -1148.213960124673 1509.391167712632 -829.6394325426589
 610.7135387087964 -122.7277788349498 -1144.482102753553 1508.91576211489 -847.5784092292912
 615.6415754135686 -126.7408442595999 -1142.94359612657 1501.23128140122 -844.9995536452964
 616.4993796503824 -127.5999402098873 -1143.619442346097 1501.901671508467 -846.9953909761482
