# Created by Octave 4.2.1, Mon Oct 09 17:07:17 2017 BRT <root@mosqueiro>
# name: pop
# type: matrix
# rows: 100
# columns: 5
 -438.2368757491878 -739.8978217323627 -600.3478505256411 133.060650321692 882.656742082863
 68.59625080674118 506.5857118082065 -919.4519401919722 -780.8828704698542 69.84403274649799
 -825.4928664339302 976.3638305174211 673.9156611845642 590.4416086165329 -859.2795990466683
 -768.9714008298813 224.9139204858075 26.59141826066616 -815.9628097870902 519.7072064740937
 328.0911576718399 304.3410161903175 -520.1515302089661 140.7900339113005 -848.9561408009089
 965.9585793372478 229.4475086154146 879.4366664168767 -123.7722594036707 113.9256646384608
 -131.0138126062919 68.81116927564199 -20.78003289434696 115.2946012119157 301.1473619541837
 -432.0533627577571 -170.169624985055 214.6391210195275 -230.3602395656588 -84.13943554836305
 -216.8470373783905 868.2061818621867 -979.6615077253391 -602.4329025280323 -310.0069188633609
 -879.7189086751362 -240.5649630265035 -598.5717254463368 -599.2954565114344 -852.7128470975448
 -305.079317526778 -7.22494623676323 263.3670484347779 900.7030802791814 -875.1113838235673
 729.6755346197472 833.5195137734474 -413.9980508509767 326.974267149601 -229.0605012625572
 902.2685493860479 853.1014543594531 626.5363865635879 -722.1674950896768 461.5001495086681
 429.7620845575666 -11.36092588723864 -154.706992780089 617.5067584263625 42.08629722194428
 -141.6593422839377 352.2218708580165 279.2570162105103 875.627969262212 958.1689290765335
 -339.6261612136516 -259.8395098226632 -544.4840607980061 -245.4285442480767 -6.725585790303626
 -691.4536920029147 756.7098049692206 192.0399461231348 233.0311884005291 912.4412566482551
 -506.2207298345501 273.3747152976225 -224.3631317483168 990.2202652707053 -742.783105104827
 99.60596881056676 180.0984287669501 -666.3471195984604 724.016983230495 -736.2989116314402
 477.9583598695863 286.0668510409405 186.0789612576616 113.4448702116943 799.4029891240839
 -163.064951230505 415.0624543387587 824.9193992467187 -966.8709006017441 623.3712477963079
 -384.716192903267 -645.2899936686266 72.93831422561698 326.1077726891294 -262.0473128394168
 24.58507734498062 -365.4331858284382 -273.7914613022093 -65.66105136664896 633.6638554691669
 -101.7291157039602 128.8791845534342 -733.4027779508033 -289.435897062355 -368.8646101276828
 -967.3227538869372 925.0810729356867 210.6321695381391 -487.4892279313477 159.7189061284657
 -820.970040620772 259.2005299333157 -929.3841771144234 242.8107477201927 68.40669301046478
 787.9351381931267 691.8394657008666 -623.3676634563864 59.50849114740936 -842.51671029071
 -896.4526304471831 -470.7697503806551 -552.0469229178036 225.6782430167357 -129.3987937994908
 826.6230786362919 -382.1627793785062 163.78375792272 -947.4450838561606 250.8823902586744
 926.8607471926143 -223.1151991526547 537.2899942221368 -30.6367132150466 791.7942539603769
 372.6223225513795 -908.7355827151968 -419.1229714096131 -381.1236578366909 132.5064303216952
 -665.6801997090963 -538.9925115208384 -181.0609523539908 80.9458499684963 392.9391273631365
 457.7274568034181 642.8249593969767 152.9469636382555 -173.3882764053584 -376.7259410385714
 863.3528099533378 -864.3458757988553 544.139412793854 461.9809042894865 -174.8990970413892
 733.8459714008077 137.1452251917472 -404.7635356574488 703.2626456201147 -866.1472968707258
 -317.2343036073941 779.1501254997356 361.2635520486674 747.4964488047844 53.33347364338306
 645.0373459401303 -834.8321829289348 63.69115324105405 725.2672547773911 -202.754305976918
 -863.8404675458075 -633.9806911553011 655.3191634817197 -842.3069818210166 92.79138727861732
 -826.8609061242155 545.8957671426772 159.1363821608604 171.2391899875236 309.2230881629887
 697.9644981158572 894.1137965684295 -776.1342982925829 695.875706534441 -931.4176962971036
 614.8767300315669 -124.7296436564859 832.6911821541939 -940.4792341836353 -486.5135107517128
 -556.6023435980118 -683.2045895329818 -120.244318993716 -439.993245673707 545.5081343375682
 -271.0379025492509 696.9626400830557 -977.5120411968469 230.1427713404962 968.629191727737
 -514.2698339267507 444.8641970427846 -696.3954690289538 620.378165001438 -112.293873374402
 -481.3430208892794 945.7000589571251 222.2502214574959 903.1967487345098 -2.224005278926029
 842.9607132164481 353.4278751234206 -801.3535747368154 -742.6565739878682 711.9823614778029
 -22.8304448371149 -396.3435129113523 -699.0592089085778 432.2468588614206 -330.5032518741743
 -707.0484408873226 920.7982074668769 150.5592692667606 750.8027453554168 -754.8522324193935
 332.5255079753535 -308.4522394679038 -841.9520509272597 89.08375073564366 -652.6260194965541
 949.9921960789518 -76.67755703302907 584.4363729120603 735.0587036602301 982.739122361347
 486.5876148201228 571.6017884786515 -772.2920067795817 -774.8822031422212 -682.4574402050038
 -288.9766869109384 661.0592014742051 -432.9260137876404 124.3443431199585 -63.85057413761285
 572.9791222049573 400.2340293869029 -857.3823806091624 776.5914708489533 722.0816919059503
 255.2026306784617 580.8401720023148 52.92276334558278 -57.4753489181544 113.5164928574025
 -42.9491037653637 148.9354095549975 -473.529560497611 -987.496074666795 727.0665507140752
 -191.2840703877944 -74.5591072069675 197.5980134345828 983.9277496750044 710.2695152019216
 192.2808325318631 517.0728297304272 680.6535147892307 -744.7757986138936 -317.4843155382345
 105.1704449140382 993.6137282080426 -558.4391903926412 898.6640739087832 478.4922392270159
 398.6929488092771 379.0124862386967 664.9773373853293 27.42405715951713 275.0931676544496
 -177.878486533458 -58.36054682381098 875.9371072637746 -697.6130963035331 -435.315962140744
 88.89190073198938 -944.3189477643414 565.5660906660896 714.2654064436872 921.2788351702545
 761.4731232452248 269.5638107496529 -351.9583283621743 808.7887278802011 363.3709295202818
 312.1842536623144 -557.7675404268816 211.8254946672016 -91.84699407209439 848.0689344617035
 41.35990997854492 -419.5346556626122 770.8281236865744 -682.547678557852 489.1699373012962
 -806.8101318151463 -65.156258726072 -18.83683159100133 -395.5297817042047 695.7655525445766
 -173.8238668210236 509.0324542541528 -235.3693901627928 -333.349333480541 -621.5114674563943
 -72.2338963945889 166.5697229328557 802.3800295154756 -95.02001608376634 -160.9821665916694
 -286.522167013228 904.2573148635258 -608.200372016717 -130.1204130445931 -371.4794583967379
 -361.0286442128373 198.7054738949994 -13.82189853603506 -962.1523556649576 -224.3584242884192
 -393.9407914042727 836.8022247812892 -412.4782533133967 -663.3099551524416 780.318110479358
 411.9728995743187 207.9437594905548 -588.1388260913216 -965.1694363517234 580.7389723771423
 -162.4991932160592 794.0340127113229 469.813177758017 338.2867957400722 814.4031736106735
 -980.4752013625982 828.6614937252546 -992.5574820641324 72.02189461916282 -995.0930110632
 851.8010808905165 410.4610989976386 -600.3929550686985 956.5658028499433 -343.0385491619082
 319.9756114046447 175.5299572625361 8.310470475258398 -830.1191745699726 370.3759767659317
 559.7511346571389 -827.2413283103332 286.9625738182153 22.78532025837922 167.4547812463011
 494.5845534845359 -241.064730648008 627.1476075278974 -227.4894186469144 697.1602198170331
 215.4474706331523 -458.2008524803641 691.7068938956245 534.5223007484856 73.46935207619458
 -56.85502773954067 -572.4337962629302 640.495606026705 472.0965443692364 -747.7757477546761
 -416.4563525175754 -525.3130969985457 -877.3147339331425 -900.8214508535907 194.6304464315615
 -988.817376954082 307.8477725137911 275.7967926207216 -374.5444706198928 -613.3347468655122
 110.0826656198942 -418.6922722473573 -494.9623127034094 -889.3852765545726 -454.8130277304971
 747.6827915441879 139.4144383726966 -799.3206936752887 -486.5207550967413 -148.9140333604696
 -884.3188680838193 -292.4521085942901 558.2676727948042 -345.0854587313995 370.748346477141
