# Created by Octave 4.2.1, Mon Oct 09 17:07:11 2017 BRT <root@mosqueiro>
# name: pop
# type: matrix
# rows: 100
# columns: 5
 616.4453231462111 -127.5983231737931 -1144.216459435836 1501.581745658733 -847.2055908615863
 616.5657371603257 -127.803900456167 -1144.024540909789 1501.215562121613 -846.9810517252988
 616.4453231462111 -127.5983231737931 -1144.216459435836 1501.581745658733 -847.2055908615863
 616.4269395611384 -127.5616327736031 -1144.19555745521 1501.520121276202 -847.1715404226652
 609.0093191630074 -125.3929092041611 -1146.201375013393 1508.860847269392 -847.3063053997424
 609.0093191630074 -125.3929092041611 -1146.201375013393 1508.860847269392 -847.3063053997424
 616.5267848854575 -127.6873889411161 -1143.92659235258 1501.268234515582 -846.8456385038471
 616.4269395611384 -127.5616327736031 -1144.19555745521 1501.520121276202 -847.1715404226652
 616.5171606673705 -127.731908715214 -1144.034801086193 1501.190874893674 -846.9266912801888
 616.5493847285447 -127.8679802044701 -1143.869995308935 1501.297265834627 -846.9994898150463
 616.5493847285447 -127.8679802044701 -1143.869995308935 1501.297265834627 -846.9994898150463
 649.3951967448412 -129.0881455451782 -1121.985951428537 1459.031359993904 -856.4775369661349
 616.4993796503824 -127.5999402098873 -1143.619442346097 1501.901671508467 -846.9953909761482
 653.43998330929 -135.3285586676454 -1133.399336168102 1468.084813749788 -853.1902779436098
 616.4453231462111 -127.5983231737931 -1144.216459435836 1501.581745658733 -847.2055908615863
 609.002191687587 -125.3943942276277 -1146.190060272736 1508.957896103322 -847.2654283821225
 609.0093191630074 -125.3929092041611 -1146.201375013393 1508.860847269392 -847.3063053997424
 649.3895807793307 -129.1204199897856 -1121.809678396384 1458.869205514263 -856.2653051571028
 616.5063201651344 -127.8450400578624 -1143.755207807824 1501.30292901802 -847.0774419753267
 616.4572475314835 -127.7849804086376 -1143.840075945604 1501.275215246461 -846.9814755276383
 616.4453231462111 -127.5983231737931 -1144.216459435836 1501.581745658733 -847.2055908615863
 609.0093191630074 -125.3929092041611 -1146.201375013393 1508.860847269392 -847.3063053997424
 616.4269395611384 -127.5616327736031 -1144.19555745521 1501.520121276202 -847.1715404226652
 609.0093191630074 -125.3929092041611 -1146.201375013393 1508.860847269392 -847.3063053997424
 616.5171606673705 -127.731908715214 -1144.034801086193 1501.190874893674 -846.9266912801888
 609.0093191630074 -125.3929092041611 -1146.201375013393 1508.860847269392 -847.3063053997424
 616.3954990242109 -127.5648513782829 -1144.173174640373 1501.542911770477 -847.1414439239345
 616.4269395611384 -127.5616327736031 -1144.19555745521 1501.520121276202 -847.1715404226652
 616.4473678792942 -127.5162330551492 -1144.195909710524 1501.567075460788 -847.219907558787
 616.5493847285447 -127.8679802044701 -1143.869995308935 1501.297265834627 -846.9994898150463
 616.4453231462111 -127.5983231737931 -1144.216459435836 1501.581745658733 -847.2055908615863
 616.5657371603257 -127.803900456167 -1144.024540909789 1501.215562121613 -846.9810517252988
 616.5657371603257 -127.803900456167 -1144.024540909789 1501.215562121613 -846.9810517252988
 616.4473678792942 -127.5162330551492 -1144.195909710524 1501.567075460788 -847.219907558787
 656.5312387970351 -135.0390623450114 -1130.763682101326 1465.143599409864 -854.4858940716621
 616.4269395611384 -127.5616327736031 -1144.19555745521 1501.520121276202 -847.1715404226652
 609.058693049261 -125.9057402722026 -1144.359712312997 1508.979894822313 -846.5749857935497
 609.0093191630074 -125.3929092041611 -1146.201375013393 1508.860847269392 -847.3063053997424
 616.5657371603257 -127.803900456167 -1144.024540909789 1501.215562121613 -846.9810517252988
 616.4269395611384 -127.5616327736031 -1144.19555745521 1501.520121276202 -847.1715404226652
 616.5657371603257 -127.803900456167 -1144.024540909789 1501.215562121613 -846.9810517252988
 616.5657371603257 -127.803900456167 -1144.024540909789 1501.215562121613 -846.9810517252988
 656.5312387970351 -135.0390623450114 -1130.763682101326 1465.143599409864 -854.4858940716621
 616.4269395611384 -127.5616327736031 -1144.19555745521 1501.520121276202 -847.1715404226652
 616.5493847285447 -127.8679802044701 -1143.869995308935 1501.297265834627 -846.9994898150463
 616.5493847285447 -127.8679802044701 -1143.869995308935 1501.297265834627 -846.9994898150463
 616.4269395611384 -127.5616327736031 -1144.19555745521 1501.520121276202 -847.1715404226652
 616.5493847285447 -127.8679802044701 -1143.869995308935 1501.297265834627 -846.9994898150463
 609.0093191630074 -125.3929092041611 -1146.201375013393 1508.860847269392 -847.3063053997424
 609.0018523177692 -125.4322314785518 -1146.157697279866 1508.940472962264 -847.330957820885
 616.4269395611384 -127.5616327736031 -1144.19555745521 1501.520121276202 -847.1715404226652
 616.5657371603257 -127.803900456167 -1144.024540909789 1501.215562121613 -846.9810517252988
 616.4993796503824 -127.5999402098873 -1143.619442346097 1501.901671508467 -846.9953909761482
 612.7752143536565 -124.5119470583198 -1141.064716308729 1508.182910434062 -847.0648892097028
 616.5493847285447 -127.8679802044701 -1143.869995308935 1501.297265834627 -846.9994898150463
 616.5493847285447 -127.8679802044701 -1143.869995308935 1501.297265834627 -846.9994898150463
 616.5063201651344 -127.8450400578624 -1143.755207807824 1501.30292901802 -847.0774419753267
 616.4993796503824 -127.5999402098873 -1143.619442346097 1501.901671508467 -846.9953909761482
 616.5493847285447 -127.8679802044701 -1143.869995308935 1501.297265834627 -846.9994898150463
 649.1976947554475 -128.2089970220334 -1123.789904255617 1458.662062301085 -856.2382548756565
 649.3895807793307 -129.1204199897856 -1121.809678396384 1458.869205514263 -856.2653051571028
 616.1057689986573 -128.187948367785 -1145.246938284979 1502.487169910211 -845.9871458174421
 616.5657371603257 -127.803900456167 -1144.024540909789 1501.215562121613 -846.9810517252988
 616.3862963086673 -127.5695310270672 -1144.16793039338 1501.552948726556 -847.1605152589809
 616.5171606673705 -127.731908715214 -1144.034801086193 1501.190874893674 -846.9266912801888
 616.4453231462111 -127.5983231737931 -1144.216459435836 1501.581745658733 -847.2055908615863
 616.4269395611384 -127.5616327736031 -1144.19555745521 1501.520121276202 -847.1715404226652
 616.5657371603257 -127.803900456167 -1144.024540909789 1501.215562121613 -846.9810517252988
 649.4216737342748 -129.1184960438724 -1121.785685343782 1458.874209530879 -856.3153210207746
 616.4269395611384 -127.5616327736031 -1144.19555745521 1501.520121276202 -847.1715404226652
 616.4269395611384 -127.5616327736031 -1144.19555745521 1501.520121276202 -847.1715404226652
 609.0093191630074 -125.3929092041611 -1146.201375013393 1508.860847269392 -847.3063053997424
 616.4269395611384 -127.5616327736031 -1144.19555745521 1501.520121276202 -847.1715404226652
 616.4269395611384 -127.5616327736031 -1144.19555745521 1501.520121276202 -847.1715404226652
 616.4269395611384 -127.5616327736031 -1144.19555745521 1501.520121276202 -847.1715404226652
 616.4843012068324 -127.6479176899586 -1143.924434497453 1501.227843909207 -846.881929597203
 616.4269395611384 -127.5616327736031 -1144.19555745521 1501.520121276202 -847.1715404226652
 616.5493847285447 -127.8679802044701 -1143.869995308935 1501.297265834627 -846.9994898150463
 616.4269395611384 -127.5616327736031 -1144.19555745521 1501.520121276202 -847.1715404226652
 616.5267848854575 -127.6873889411161 -1143.92659235258 1501.268234515582 -846.8456385038471
 616.5230697460423 -127.7425505968336 -1144.020056732815 1501.216622306085 -846.9277442299851
 653.427735344725 -135.3111698864932 -1133.414099984118 1468.092495175861 -853.1705874168985
 616.4479446517307 -127.511501726186 -1144.2037692457 1501.582506393265 -847.1994647116418
 656.5116142375364 -135.0213130826214 -1130.761316396716 1465.142213245982 -854.474531535676
