# Created by Octave 4.2.1, Mon Oct 09 17:06:48 2017 BRT <root@mosqueiro>
# name: w1
# type: matrix
# rows: 50
# columns: 12
 -0.05916638519436915 -0.06166665040891689 -0.08957814836784259 0.09156417602985376 -0.04189037309037366 -0.03723802704339071 0.0733897576619475 -0.03508373923335389 -0.04297564115068941 -0.04857547985337164 -0.08474207522602473 -0.0127745872212781
 -0.06895864411361997 -0.03775455238145266 0.05417945798694279 -0.004698598349514929 -0.06587827353636455 0.03851571436895701 0.0750676322906256 -0.08334250335198484 0.01709529028661291 -0.03256156578537603 -0.01709997712476893 0.01236904919885851
 0.06859711600506263 -0.06749487699913781 -0.08120550322956771 -0.07589904673919964 0.01962525347515909 0.03704211288843909 -0.0876382833912816 0.05832545277643694 -0.03892771147190478 -0.05881463094857595 -0.04152429627458411 0.06023379685516114
 -0.09236617345637661 0.02966712472422472 0.02886567806900425 -0.0768781327645648 -0.09851202161014731 0.08810763222767812 0.03269825835211465 0.03923498840982867 -0.01302848270466041 -0.03012943939703021 -0.09526622709766025 0.01168157066208356
 0.08041151901818017 -0.09512557100260105 -0.07135842613973011 -0.0651518178257669 -0.06698210324771431 -0.08258585890995179 0.07260182624463588 0.08186093956170781 -0.09863437898940546 0.04335180426541618 -0.04343478603998016 0.06781740980537848
 0.04577943187695577 0.09871897591392512 -0.03040721777268568 -0.03142437393929118 0.01990056035735144 0.08495822649840748 -0.06612161560002869 0.08164719933375397 -0.09981333276396691 0.0305989201383991 0.03301045813780368 -0.08848795313067656
 -0.06191084219065856 0.08597311478094169 -0.01917176071337176 0.01947521123195373 0.06816683997482467 0.04864260951681329 0.03957506427303883 0.07925103678506168 -0.02619489036947396 0.03573097104495954 -0.05732657920066166 -0.03436917051399473
 0.009293806846124866 -0.05550798442253103 0.0839717879634615 0.08289192898696882 -0.04131478023206442 0.09046728220459774 0.08223063923665883 0.01303400771457489 0.06389608897501142 -0.0975831640021477 0.04741913267037792 0.003973718061768827
 0.02627371109262897 -0.02066784653640161 0.09308911799494804 0.08486216316176393 0.08040040236792434 -0.09502811193251745 0.08435221882151953 0.08125573402946201 0.004423162052671084 -0.04209353561406387 -0.07928207732160157 0.05550234355906286
 -0.07795969366516133 0.07583938010229638 -0.07903957875554374 -0.02564002046547108 -0.0004390123716609406 -0.05796466417627756 0.0437747579013556 0.03023182267375044 0.09366990625106228 0.03323185814138985 -0.09975761138699817 -0.07333145652645001
 0.03131835313315737 0.04665416564424643 -0.04145623710122862 0.04938878304496239 0.01491795644175868 0.03340041781059849 0.003544675894817245 -0.05871551626746362 0.07501676794817502 0.04585975153828559 0.09487517422770014 0.07091451624452053
 0.08724985996392878 -0.07426983500891184 0.06433660105497124 0.006765143296019821 -0.05429834531828298 -0.0699133710521864 -0.04641007324386263 -0.09000144477718941 0.05494752817556856 0.01314417557490337 -0.0008265833038121201 -0.02130115905387156
 -0.04239853363467287 -0.01312721196811542 -0.08512631773716939 -0.006539332629662914 0.07928983652574695 0.05368196950431961 -0.07524792907399844 -0.06533799281167915 0.0431441406568048 -0.07873306912128654 0.0613461303286959 -0.07527862678205401
 -0.07177010200777564 0.03734029504034891 -0.08390265188959053 -0.03709609709922689 -0.06964591365698056 -0.07684278856197591 0.02610745321154503 0.05514814957494174 0.06292842663237533 -0.06239604405056481 0.06056145743485478 -0.07188690879359365
 -0.03435139190058804 -0.07736854106598351 -0.006381523968586905 -0.05751803418303795 0.08643778429036772 0.08341025823548473 -0.04344115007188475 0.03515985249983186 0.008765287560069071 -0.04746238749579767 -0.005957312325995084 -0.08989007281766476
 0.05685354344474225 -0.02174392875212104 -0.05926305517536867 0.001781305674942765 -0.04061764736604576 -0.06824754310753994 -0.009901277860160623 0.06132377178978604 0.07609553448280423 -0.08732573602797937 0.04914918884765035 0.03431537814149641
 0.06027371147631708 -0.001339930744289647 0.01135707756701262 0.09201095828221492 0.02512949101715459 -0.08221907104466321 0.07825844417726929 0.05103327418758544 0.04322837038571903 -0.01500115516236036 0.08093306131529979 0.01535323884668546
 -0.09791087036420794 0.02821902389369169 -0.02016764654189498 0.09976644549924521 0.09065376070566561 -0.08388968501168874 0.08264180626104017 -0.07849417196315002 0.07304029788136754 -0.0333344678364773 0.06181878850699171 0.01236802666015224
 0.02566119265438621 -0.08959880426974631 -0.01864113430390336 -0.04907222762824434 0.01782827281961188 0.09980788048517791 -0.05735265036825607 -0.01220516851957767 -0.01666678492498543 -0.05422423236552951 -0.09783279637787372 -0.01847826727565093
 0.01360684012304836 -0.03458950457007834 -0.02090144898069105 0.06618969287859611 0.06430933887072246 0.01171180541352217 0.09756309841569538 0.03650004421587869 0.08318458716422991 0.06883353298334441 -0.008378466083536748 -0.07625380157891115
 0.04063829881313366 -0.0813052820357847 -0.001594034107585088 -0.03750905364339951 -0.05531871126733993 -0.004665166152473504 0.04944241948092998 0.0292138106483914 -0.03410154695329785 0.02159415924993111 0.0158205100479389 0.01041636856016011
 -0.03003590284737116 0.05466684253626569 0.003748208349744139 0.0356132232508195 -0.0718875049796078 0.01213919937855237 -0.07303881474338104 0.0125732446022621 0.05581820657329159 -0.07803469096225284 0.06904477540507767 -0.03334633351945561
 -0.07312001534094448 0.07776698755360897 -0.04197912582600602 -0.02914173165441104 0.05711579036156708 -0.05881334078260973 0.0108367546251948 0.01680382110822791 -0.07673901488500517 -0.04725262906280067 -0.03351566083149554 -0.09637777326222009
 0.07589995062317875 0.07131047179721195 0.001834798730846549 0.07511450935035974 -0.09674806833863922 0.02248113375151464 -0.08830881124784637 0.0530761762872182 0.02449096535930737 -0.04270472844219665 0.02060128657154785 -0.06681328570330219
 -0.005221163699346096 -0.03177496980745395 0.04384632110846581 0.05616815270232842 0.09221315059786689 -0.05560097205413991 -0.05920056895721294 0.00254506315160756 -0.003149551997675248 -0.0251360569765247 0.08479313809729846 0.01231754302240877
 0.001954134796647036 -0.02526131034574132 0.05569882763413511 -0.08421326565178605 -0.05927819475837146 0.04063267153244238 -0.05491898591553238 0.07718936105772797 -0.01086475556539407 0.02971674426305548 0.0679076966210953 0.07940556142409286
 0.04266222526526839 0.01039014063161373 -0.05701454477593557 -0.04418610023949707 -0.01037454288342368 -0.0662846804068504 0.006298142196975262 0.07923050066500054 -0.01466707884997341 0.09894490108145473 0.01907879832529417 0.05245745969594326
 -0.09361419233544595 0.06184610407750496 0.07133787666500727 0.02149712098795016 -0.03393417007367595 0.0527317856718538 -0.01516600005861549 0.0122788408985525 0.08946363851073244 0.05795035289801276 -0.0005748510071462154 0.02363596376065107
 0.04370766833403592 0.09938917941600114 -0.001811028252683436 0.07167672905051145 -0.07970042017722767 -0.07138529033771469 -0.03751791413848983 0.09202021558778967 -0.04664468958278983 -0.0179916018716698 -0.09399284827773502 -0.03596536010478639
 0.009552049432502319 0.002562368005131099 0.01777997507769544 -0.04071068874982461 -0.05425341676598973 0.06504933811627375 -0.04050429951534934 -0.07555239429610688 0.002736561986161831 0.0210011105476082 0.07687404072535159 0.00982482477813465
 -0.03755610498508641 0.0340588468697065 -0.09901060873644692 0.07740522446817899 0.08873960902594849 -0.04241784276964675 -0.03823248532687201 0.09948140183878187 -0.002256204710049073 0.06148738805744741 -0.0188183837840214 -0.0102633087419863
