# Created by Octave 4.2.1, Mon Oct 09 17:07:16 2017 BRT <root@mosqueiro>
# name: w1
# type: matrix
# rows: 50
# columns: 12
 0.05954690033004145 0.03441636763842554 0.07800996809838409 -0.09433109926787073 -0.08071503661643728 -0.08673621832079489 0.06000346817426699 0.06758205589060939 -0.008191114019918649 -0.01129746747824353 0.04779112250769382 -0.002044967841285147
 0.03076518282851684 0.03315806478937655 -0.08098069252186268 -0.00679046225927217 -0.06446688641875511 -0.0644799120146481 0.03609637600786195 0.05026627504904108 -0.09602114283480324 -0.08239874319178417 -0.04993427201071204 0.07773968547960844
 0.01624284414485413 0.004539424937473585 0.09989211361737102 -0.06411229207490668 -0.05429077685227654 0.09214116188132179 0.06441291050708486 -0.0783933621626242 0.05663698630062508 -0.06630023868293564 0.04606331014012532 -0.09681587266325302
 -0.06340736901603775 -0.08284840378871125 -0.03197720039183746 -0.04317597810210118 -0.08577792660303785 0.07404543577603834 -0.01368854899985489 0.00858172975858762 0.090989737196572 -0.001451206186737677 -0.05690228417182363 0.01766885611476057
 -0.01075000958500677 -0.07396275596419175 -0.09117571098590042 0.02667367886632416 -0.0552999782727711 0.06315320991849699 0.06862377394009958 0.009489520198036422 -0.06044546993884851 -0.08583352053450433 0.05867942012063312 -0.03107777892356493
 -0.09324838149555381 0.0756238690948268 0.03374383404389106 -0.09040927225057417 0.006829316602233917 0.06866626238565782 -0.0410960077691983 -0.05102668750293641 0.0001255616166279117 0.002892351993058859 -0.02041035182537393 -0.07027421130118436
 -0.01968996747709252 0.07331378866823421 -0.0208660800449758 0.05581362846838178 -0.05291132981776223 -0.03481362248426176 0.06610422477411232 0.07676287978101229 -0.09882873191144925 -0.07086601075514122 0.08550326598237457 0.01092655186692695
 0.005427904012643037 -0.08131452565039322 -0.09949044738774949 0.08545735882553451 -0.04353733005988322 -0.04771898995392768 0.04337620513047855 0.0317159911101072 0.05415689268418339 0.04065649491498283 0.03068285783827984 0.09367243834632608
 0.004576432367866284 0.05357218664851485 -0.01528437072218899 -0.09924872575165151 -0.01126356436754926 0.08787275484037296 0.07590218248772834 -0.08422327211436173 -0.03620918099536216 -0.01590020249843463 0.07607912673847986 -0.03881916316808748
 -0.03001694192097776 -0.00585706146393869 -0.05598572894173572 -0.09867593011296616 -0.05606963481681956 0.02193705669690467 0.01601977666872667 0.0200743759087724 0.02452306391424748 0.02398831386539102 0.04052222035386388 -0.02028946487853486
 -0.07261786190549221 0.01960199040966873 -0.06033431261387917 -0.08612782036478252 0.06370739152751248 0.01504546905093825 -0.06062195219685883 0.02547455108191388 0.001783516325932585 0.08442593647978236 0.07176970197237631 0.03267641394157034
 0.01238963884468178 0.05658764885905132 0.05403838168874142 0.03972158483609695 0.02514928760895252 0.01299299387233258 -0.09158587336882947 -0.06303483796832579 -0.08777660160033682 -0.06947906834409236 -0.07974090217234177 -0.03342054649580412
 0.05920417782301626 -0.03290399811441878 -0.03221284233351504 -0.01143647963913022 -0.06362341319664824 -0.02350011411183803 0.04155358190884215 0.01862081289484149 0.04467714679958951 -0.05699157745975413 -0.08027907001104589 -0.01373520524293062
 -0.04939538867494914 0.07258596530893868 0.07970213808148666 -0.01215458148266825 -0.09129172340830627 -0.009474115977124026 -0.00336532390979459 0.02085891413826943 -0.02435451092138639 -0.02657332471425772 -0.002065701301254969 -0.05352718949777283
 0.009763504826769062 -0.05838780517044692 -0.02196850539456151 0.0112094131144856 -0.02527995343513173 0.07862924052955109 -0.07495463468204368 0.08617805269917661 -0.07072272814986108 -0.07969088788171635 0.0780433263004566 0.02250781365944148
 -0.01228790337917242 -0.03846241819646332 0.07532619087336212 -0.06812069141336297 -0.005853209276000249 -0.02310827592806021 -0.0076857148784958 -0.0668461879138203 -0.04693577290706145 0.03224206864419829 0.05374166923639076 0.05626175887045712
 -0.01427136899573861 0.03096130330623065 -0.05419654569083091 -0.0184612075878252 0.02820181263375335 0.03234248624892666 -0.08426214992342237 -0.08024121658815225 0.06537254135417744 -0.08279226664713062 0.0418995775249944 -0.009279781612283239
 0.0387887138520461 -0.07738810920900178 -0.0824479732683935 0.06373486260430719 -0.0778810938739737 0.0129748366478071 0.06679012407964099 0.08209563031119269 0.03806287582580287 -0.05826775893050352 -0.04239986892559908 0.0161290577514972
 -0.05546411947445375 -0.06854955585107336 -0.06035045910991263 -0.09615069262166362 0.01272151991934505 0.03855100705481662 0.06049570727439962 0.05723170939463143 -0.006986713625774715 -0.007202300896310104 -0.06208863668455253 0.07362334708761079
 -0.08107781802436088 0.0347912921115919 -0.01150790574826642 -0.0666013317173816 -0.0983648519970057 0.02317003293530857 0.01430765118526407 0.05693835662628996 -0.05286210877030634 0.02716269877093855 -0.003397669563082101 0.05605745863329922
 0.06836503240308164 -0.0410737795188325 0.02584818743419759 -0.08808694724905342 0.05747671429530302 -0.09809890935571561 0.03616556614348063 0.0949151777664147 -0.05515299504058666 -0.01587663228463319 -0.09111569689117975 -0.02758195181828986
 0.08378854898043592 -0.01447126129822704 0.08541961281588417 0.005040460164341565 -0.04601698361230865 0.02622863290216543 0.001815428971952929 -0.03712204405804606 0.0584212528021226 0.08766225590080248 -0.06974140123901097 0.03845717045126967
 -0.09182807040858069 0.08479379185857261 0.0004602069872009923 0.08503699612512358 -0.006993815809289539 0.03783092491834097 -0.0824766118627789 0.03638965552595502 -0.08515966462252064 -0.0058940169832363 -0.04083611894132819 -0.0621921985578405
 0.0111464143261607 0.07920378681078008 -0.01525464889947695 0.09329715282502907 -0.007155961600215671 -0.01849908512087059 -0.05297576301193988 -0.02017965750257424 -0.07545286421593138 -0.08463560124004585 -0.03486201602034905 -0.05248063850448438
 0.03913117391599688 -0.004786138262363376 0.005161757710027387 0.05959224745478783 0.001047866592256572 -0.02885284972793106 -0.0005727725228578395 -0.053744609883081 0.07172434281527382 0.09346789745814738 0.08629513114710338 0.05625916033788139
 -0.02385202530190797 0.03444395484218968 -0.01693938414564219 0.03996222035437189 0.06962693373009421 0.07498724852129002 0.008572750536518431 0.08541871850429436 -0.045476155890104 -0.06560879566836275 -0.08441642294842748 -0.05226591450650681
 0.05215342001424292 0.03350056877836127 -0.03549797683719506 0.01812413313145171 -0.03671858929760906 -0.01728242228418372 0.07281593125179256 -0.05320224885507169 -0.05981120330477749 -0.009939282282219603 0.0817733042221821 -0.09953583050046282
 -0.01556609540795187 -0.08586881002095161 -0.05313601648495937 -0.01387982545347609 -0.0259485147978238 -0.005770022722321771 0.08404008839117844 0.03824214573296381 0.03052199214054194 -0.05774501533078494 0.01958296134871843 -0.04279803367435123
 0.08746136825301906 0.03714063108304097 0.02708450220967312 -0.0401718283792958 -0.06808443496898256 -0.01703369517656127 0.02047082247016936 -0.06886792651962365 -0.04159585782419221 0.0112756650016755 0.06378953964587586 0.06899766090191117
 0.09333918735781715 -0.09878231879961108 0.09074707270171986 0.05168681799240368 0.02316617704843763 0.08069721195431628 0.02316619714801542 -0.09438561039287831 0.004055412804952779 -0.09542267668460336 0.04121673337061132 -0.05982029419473033
 -0.09798299349015709 -0.06223728463449202 0.0827596720739037 -0.03145954341307093 -0.07283071751604336 0.06306657746649694 -0.07389375642386115 -0.03963147227613188 0.04671149862393817 -0.09779123766149078 -0.0119224666926271 -0.07315907416219053
