# Created by Octave 4.2.1, Mon Oct 09 17:07:47 2017 BRT <root@mosqueiro>
# name: w1
# type: matrix
# rows: 50
# columns: 12
 0.03628235369416738 0.01101412175663048 0.09506292735575647 0.02934101452027726 -0.01300579209213373 -0.05439348310806837 0.02410874453146172 -0.04828867184994389 0.003714285935252221 0.03522939888358634 0.04941655169197329 0.09710489609646336
 0.02486715010320487 -0.07030391182632291 0.0965831941037065 0.09573429641345285 -0.02610321391957952 -0.05379053989120409 -0.07960623964777259 -0.01686457184627324 -0.05408521901642841 -0.02552252950735011 -0.006311127793804105 0.08031490807425978
 0.01346181927431792 0.05169436807090197 0.01166096243219006 -0.02755195074497162 0.07377560689112744 -0.04647380579987281 0.003290256651847873 0.09139392624176168 0.06601198188311724 -0.03368782988304279 -0.01772203637433055 0.01178974374762305
 -0.06471898021378741 0.04431260180802307 0.09761071845658423 0.07377006411849321 -0.05773089296594752 -0.04935127993039987 -0.003979132863591806 -0.03172829374630454 0.03402895414159934 0.03302747342551662 0.08041325351199899 -0.05731470575305567
 0.01355427376429767 -0.006457978745818632 0.02334734372348923 -0.03412494337356266 0.09929187695102171 -0.03519026288641679 0.009702335861834249 0.04335254088875501 -0.07690714810316369 -0.06641143049713324 0.04441969161824999 -0.0598987717232944
 0.09906378236970287 -0.01093051697688147 0.007288837656117958 -0.002890147909881541 0.002930338908149976 0.0132790574389933 0.0580048382220732 0.09992626612211747 -0.05871540010234103 -0.05407634126125604 0.02454046921639583 -0.03858296107778058
 -0.06346891297584942 -0.05772074159893809 -0.07658185309773735 0.01911818505716081 -0.04130031221759184 -0.03397792845478144 -0.03283188274762251 0.01380192999067682 -0.09669249717726038 0.05076843911195292 -0.09450553530966489 0.06648660628295514
 0.02268535402232497 -0.01235110033186136 -0.0834538343214542 -0.06092655110298405 -0.004697673310712164 0.09402135037356393 0.06405810720896665 -0.03243604115738902 0.04257636387878436 0.09446131101313177 0.09033020612759679 -0.01819915314375017
 -0.01290786891719958 0.02240177157129478 -0.04782451478516948 0.06122224162745177 0.001845657650159246 -0.08450342075611766 -0.02649972133945204 -0.00690519087631368 -0.04445857582270975 0.04931866318096553 -0.07038037815042399 0.007908747399143115
 0.04430448378829291 -0.03463555958110628 0.0758793908839627 0.03347456429031909 -0.01484774402406376 -0.03155847686424638 0.0445025698825636 -0.06595745526201263 -0.08198354938994425 0.09811099386505459 0.02150601994728393 0.004350235846627942
 -0.06520090966935679 0.08874877761975133 0.05040016091674041 -0.06533407233521328 0.03932349847475949 0.02336456193664194 0.09991224330088777 0.08340599853591266 0.01065011061404368 -0.04602074022473292 0.08569585725495302 0.09023350231717905
 0.02525342864069255 0.00383372348747904 -0.04757153035419967 0.09218260086072305 0.06080113753404848 0.06493891821092843 -0.008258163100103993 0.02033053535659124 -0.05613530795234913 0.01919182595310806 -0.0191400676861217 -0.07003370460693664
 -0.0754471672260498 -0.04894661992257191 0.02824349285082442 0.07053379486713546 0.04658621811321492 0.07460031877275178 0.08174411112966715 0.030912122276088 0.04924987138421391 0.02472490144385157 0.04770748644051376 0.08265240550504152
 0.07730724937956043 -0.09788303226477368 0.05821126126564924 -0.04506139480702381 0.05226925396513912 0.03658248962793118 0.01070895819928805 0.003952817529937674 0.09927537105886727 -0.0847027160009641 0.05778463126119357 0.01930374480518662
 0.08990833526556005 -0.04059325269390432 -0.02996719264039137 -0.01273923150471609 0.09146199345582448 0.06802651424890846 0.07236313291005955 -0.01664321636828583 0.0943122967411841 0.0004573423657739661 -0.008176542181806648 -0.04918120315632305
 -0.05025597233955347 0.05894617974941394 0.01897180740706887 0.04189957869571856 0.07726948678117568 0.007818593679218749 0.03584740911427325 0.0525791890498932 -0.03049442284532471 0.06249831279852491 0.01726702532740469 -0.09450741738295387
 -0.0517547131485635 0.07878463627726001 -0.08917870829094998 -0.0984141425917447 -0.006723850462424172 -0.04454288225479636 -0.09863959566397508 0.02439826204659057 -0.03269218905127584 0.007103800554574671 0.06894206860291627 -0.006935253608933864
 -0.05780435800424438 -0.05341399188180328 -0.04323775154000088 -0.02488167357578554 0.06666857171303928 0.05573573994824227 -0.0727266184863232 -0.0805897844460095 0.002165796437974724 0.02260625344267794 0.09623601619376443 0.02862918565812994
 -0.01914509934854883 -0.0569449692953819 -0.07003374507060206 -0.07915588352221982 -0.06881728121753658 -0.0825204844089137 -0.02951239461726628 0.07018212351969758 0.02224393061441669 -0.006842275704666806 0.02670578389065009 -0.02886527651634882
 0.003239003566356272 -0.02421117725430336 0.05956444382495454 -0.02099497495934523 0.03619133119377907 -0.06725324104208028 -0.03538706105352273 0.0206745396226103 -0.01220276024023835 0.008775032246809464 0.01081897134089509 0.05851089738147461
 0.05071811899106843 0.09068339431750821 -0.03199873365689522 0.02693204965135049 0.06430229117343447 0.000790888078375393 0.03466028301672727 0.005450337605667974 0.09356428050979132 -0.01745969666878179 0.0467616176510626 -0.07837563706183415
 -0.09496875884634448 0.05016509743283212 -0.02477259217987827 9.440278794628498e-05 -0.0966800417227178 0.008519741097581052 -0.09546797311651052 -0.08391710741991144 0.09200253607082948 -0.0923262799568709 -0.008110322336343442 -0.0556989763515107
 -0.02126312458643914 -0.004229758459928776 -0.06900079161842548 0.05448460891955936 -0.0732433018335793 0.01654002395897244 -0.09834052100751563 0.06142653727682393 0.04998823137749797 0.003308858512699547 0.0622902509618351 -0.05351930574595575
 -0.01426327458628572 0.0806740623583431 -0.01984861772938783 0.04542615802093883 0.06516177308916407 -0.06411822149270076 -0.07960381258454827 0.02821853097518234 0.06987089500897803 -0.008430084935008644 -0.0597080384017272 0.07478601299531171
 -0.0987376926689041 0.03306759204505269 -0.05746371342796731 -0.09233900736717597 0.08386491819572769 0.04383415983708511 -0.0002364150359762396 0.06611399347180003 0.0504924784129189 0.002505835983076257 -0.06196670748817445 0.04674499223029729
 -0.04237947579837195 0.07734893301752252 0.0783507799014462 -0.05974371730327416 -0.09039929106886377 0.02827823069993701 -0.03448666765097451 -0.07060399184172148 0.02856026464927611 -0.0150170548810442 0.0702570824899432 -0.06356577364040884
 0.08724370682471769 -0.01529108372625093 0.004415583194887523 -0.005993943809969454 0.002828439471380298 0.002181914163272514 -0.06377913250702372 0.07093346169693848 -0.09917696941782736 -0.08207436931751277 -0.04445459654706786 0.03279894472130054
 -0.07757630564629771 -0.06384207528899302 0.02938097709504875 0.06618217405144355 0.08196266799426088 -0.008380071996579891 -0.05238580082912089 0.09684601925684094 0.06761522995029717 0.03373366163270428 0.04804685236851169 -0.05286721223179994
 -0.03266147429282135 0.06406882331601815 0.0673084367450269 -0.002858892823222187 -0.05291247183229736 -0.0951013272809559 0.04581837858368393 -0.05498598469249031 -0.05508067242368623 0.06468379631457505 0.02344936693968055 -0.07032559549680725
 -0.01213398846965033 0.0223742038520804 0.07180626635109508 -0.08271828754000178 -0.02108309039215341 0.003011477279837929 0.03539748077982066 0.08304533840709755 -0.05799368222640745 -0.002545327054200047 -0.0139040616193182 -0.07997846801951114
 -0.06363445283152375 0.03833436149480288 -0.01422025091214921 0.03401321159528106 0.05094234788816618 -0.09224613589826776 -0.0298808481528713 -0.04644925891165876 0.08248726076920365 0.002404012427391744 -0.07388875284817555 -0.08334558690808544
