# Created by Octave 4.2.1, Mon Oct 09 17:08:50 2017 BRT <root@mosqueiro>
# name: w2
# type: matrix
# rows: 1
# columns: 51
 0.0415656158617931 -0.1236025700528738 -0.08232937296929015 -0.06634994214041987 0.2015995422736273 -0.1547847568552459 0.1828922166028926 -0.1021465965843468 -0.3256501804645161 0.01233786892539457 0.04561308146034303 0.08406516590543031 0.03731404665181955 0.3061375736551261 -0.3188368187315704 -0.1642556250842863 -0.2085846886448665 -0.1918699577003989 -0.07620089129012976 -0.05318182365637309 0.1995178469814318 0.3139452096229007 -0.01041769315290023 0.3087895165167056 0.110604594879515 0.01821400853324465 -0.09249105300434467 -0.2739453762567285 0.2839020890902519 0.3207394337192417 0.0324655084133631 0.1452015919996036 0.1714910225714959 0.1332258542471131 -0.0560737328803893 -0.07826162759333403 0.1648251373412306 -0.2721694020381788 -0.1173090416282475 -0.0605266144978544 -0.3351180141351357 -0.09683579649611773 -0.1337900632775169 -0.07267021802220078 -0.03081505114497867 -0.2130401620715171 0.03751974069127362 0.02220765732898868 0.001209019229025483 -0.3244647168830156 0.419546836491974


