# Created by Octave 4.2.1, Mon Oct 09 17:07:47 2017 BRT <root@mosqueiro>
# name: w2
# type: matrix
# rows: 1
# columns: 51
 0.1825426659350828 0.2944843841896736 -0.1239436383229784 0.1914857069044231 0.1412505664068022 0.2038965790637812 0.1350492033023638 1.062266750944377 -0.09109110616432581 0.1543216281673541 -0.7627662899825052 -0.04291969217585123 0.2183835192342944 0.630049933779711 -0.4234454907198675 -0.396011438471394 1.184361143006265 0.3255280182216964 -0.009300395264240535 -0.2233474238167417 -0.5157654121302659 -2.249983743732398 0.7121229900339365 0.3846889572142729 -0.4711584429386457 0.3602306350084963 -0.1804949297564584 -0.108168413315437 0.1991444815958098 -0.2641571439245034 -0.7414248222715392 -0.4268299936417288 -0.6035944090204453 -0.1769704092231881 -0.4651922647250737 -0.4583429054548214 0.1656091939275697 -0.4136746428719871 -0.4495605539060082 -0.06999914518647765 0.004224756873553726 -0.3079082607295041 -0.1814920132906133 -0.2842937370292407 0.1075930697215588 -0.6187361791218495 -0.1151728432461967 -0.2619192184612542 0.1771308948685637 0.3064605178668485 0.4171909706542607


