# Created by Octave 4.2.1, Mon Oct 09 15:04:03 2017 BRT <root@mosqueiro>
# name: bestScores
# type: matrix
# rows: 1
# columns: 10
 0.09843922423808807 0.09843922423808807 0.09843922423808807 0.09843922423808807 0.09843922423808807 0.09843922423808807 0.09843922423808807 0.09843922423808807 0.09843922423808807 0.09185112675061882


