# Created by Octave 4.2.1, Mon Oct 09 15:12:09 2017 BRT <root@mosqueiro>
# name: bestScores
# type: matrix
# rows: 1
# columns: 10
 0.1000433372005664 0.1000433372005664 0.1000433372005664 0.1000433372005664 0.09552505713751656 0.09552505713751656 0.09552505713751656 0.08384863722379041 0.08019466671943999 0.08019466671943999


