# Created by Octave 4.2.1, Mon Oct 09 15:08:02 2017 BRT <root@mosqueiro>
# name: bestScores
# type: matrix
# rows: 1
# columns: 10
 0.09124742355787671 0.09124742355787671 0.09124742355787671 0.09124742355787671 0.09124742355787671 0.09124742355787671 0.09124742355787671 0.09124742355787671 0.09124742355787671 0.08736079554881646


