# Created by Octave 4.2.1, Mon Oct 09 15:21:17 2017 BRT <root@mosqueiro>
# name: bestScores
# type: matrix
# rows: 1
# columns: 10
 0.1008519090203336 0.1008519090203336 0.1008519090203336 0.1008519090203336 0.1008519090203336 0.1008519090203336 0.1008519090203336 0.09628520967358131 0.08039270125685991 0.07817743501785754


