# Created by Octave 4.2.1, Mon Oct 09 15:08:02 2017 BRT <root@mosqueiro>
# name: meanScores
# type: matrix
# rows: 1
# columns: 10
 3.72513701499614 3.430766003595767 0.5966806352819622 0.5826838501175857 0.6451258178736452 0.4739683083671061 0.4822306564193192 0.4567489055385141 0.382593455378662 0.2418842009613098


