# Created by Octave 4.2.1, Mon Oct 09 15:16:10 2017 BRT <root@mosqueiro>
# name: meanScores
# type: matrix
# rows: 1
# columns: 10
 1.187556352763687 0.8644999532924926 0.7166770641748217 0.4598582343038249 0.423668066253564 0.4036753639376489 0.612706721994932 0.7447584145507924 0.323246941259879 0.2417873156761265


