# Created by Octave 4.2.1, Mon Oct 09 15:12:30 2017 BRT <root@mosqueiro>
# name: w1
# type: matrix
# rows: 200
# columns: 12
 0.06306002667491653 0.02826524086456006 0.006813659539948391 -0.03093518260581693 0.08789250196367471 0.05277018376041784 -0.03725769073703794 0.05710700683716216 -0.001404954843507805 -0.04428857349365309 0.09667229454048518 -0.04139871113786273
 0.03910138764594678 0.07892706312644174 -0.03089196334015908 -0.097840456434326 -0.05798122343654918 0.01052825113193552 0.03340560485515015 -0.07966563652073334 0.0985078060843568 0.08788199869619814 0.09591236171351819 0.0817581242175151
 -0.02696892713792846 0.0961545288728721 -0.08728213153531987 -0.08017170788381169 0.03706825012209336 0.08001734662018378 0.04235542109162221 0.0419084030202462 0.05722858190276045 -0.09378511876919768 -0.008059628035720967 -0.000180618688326542
 -0.0664026213074779 0.05527181007384549 -0.0751548786035596 -0.02181658351322334 0.02466957307725456 -0.0007242885010303735 0.08868163601516782 -0.09896199231694433 0.06479867646780976 0.08658046580832246 -0.05003737874989193 -0.04754969988652333
 -0.02565185508731747 -0.01367876494816894 -0.06939004057911413 -0.02816840927825369 0.06979850957173364 0.05636698584168984 -0.05039114115868157 -0.03242804176903659 -0.06619075268352706 0.01822352417438769 0.0005275726983903911 -0.01148609898423637
 -0.02234417883085302 0.09323883431589283 0.01577026260214856 -0.01268141656706732 0.008420258127612198 -0.002973290964656913 -0.04707630706375798 -0.007993980609351539 0.02324281204881477 -0.02422056761193964 0.03223473239436464 -0.04503265948600016
 -0.04590649056484685 -0.08300088959578511 0.0870969890372624 -0.05255511238483321 0.02015865514571939 0.08187792011425299 0.01554577306614649 -0.06611655967253188 -0.06898339022901893 0.009950374456678901 -0.08254590113314808 -0.08276081482086861
 0.05836672638814991 0.02509951065441407 -0.03458700634572552 0.09209039358765886 0.0811720882392111 -0.05484125674128518 0.06638012518840805 0.02129858428273627 -0.06656420534092257 -0.007744613978173553 0.02615748044646643 -0.0245700948804414
 0.03172513886364781 -0.06426748646643862 0.0968966704326574 0.03827576016631515 -0.09027466575549527 0.08350316179262735 0.08870796452757815 0.08775670742062802 -0.06483228356938922 0.01222810821729892 0.06619971490234577 0.02964545515109809
 -0.07468577297200442 -0.09095196122193572 0.07805996847226823 -0.002041449442135523 0.02786383756258343 -0.04611221748982991 -0.03755864823725158 -0.03171084395605937 0.01095614122938222 -0.05016914567850769 0.02821933764374035 0.06693931258205352
 -0.03338549447829957 0.04745446937862313 0.09169085544485542 -0.007975822207161726 -0.05216244383262933 -0.08150436323189678 0.01826401520095178 0.07774053851197879 0.06634487166642175 -0.03691716322701286 0.08186966994865205 -0.08008689619545943
 0.07493708658448231 -0.08822436198038601 0.05198039276614477 -0.08682423045047771 -0.02607734811010415 -0.006856343364162396 -0.04073483373713932 -0.02992444029569667 0.01498888071481086 -0.05350548646933998 -0.08887329807481652 -0.0781532298302709
 -0.09568886387792909 -0.07247911825200992 0.04179332015511322 -0.09691837291519802 -0.02137192325179972 -0.03328483350343475 0.07990589860461336 0.08360344412629722 0.02894787681172634 -0.07713940688282007 -0.001127940994980453 -0.09088673159503048
 0.02045572194082383 0.09469546563968878 -0.03863190053141105 0.09741636236672715 0.005920233308311484 0.04636013300492697 0.05743025576904801 -0.02031804164943848 0.0400964418258451 0.05748902414636073 -0.04572420522943847 -0.06244015211108377
 -0.08895659655674364 -0.08896145415960766 0.05448313011298669 -0.01339297058772047 0.01936593558483887 -0.01775318470734256 -0.01277404572114403 -0.06221807956376474 -0.05053622878101395 -0.01665258818050624 -0.072900278241114 0.000557145568920947
 -0.04383961145579984 0.03667019023279636 0.04209970228636972 0.004621642085845659 -0.04941155933237151 -0.04640048535299034 -0.06986701751687278 -0.03777727871330838 -0.0522212712321522 -0.02469365026303946 0.007120215071965294 0.04562925333070128
 -0.0158972165690361 -0.08406346494116457 -0.04954220573924363 0.03612698072156612 0.08283907364165763 0.0678464212749699 -0.0659648366362198 -0.04439951262080989 0.002139050658616012 -0.02003270243083691 -0.02907017300329388 0.04662384177404716
 -0.08453473894675473 -0.06649644739433053 -0.03613524647499508 0.03411151570242105 0.07270515700292854 0.04197834905215903 -0.09259656156436637 -0.06138672335426673 -0.06484989050265785 0.09686920844290484 0.03839376157868227 0.01218091353207791
 0.08766622632958204 0.006565132270212382 0.00569087694269732 -0.05927651659686754 0.02201222744351453 -0.08019091535807496 -0.04874650135436153 0.05235778503489333 0.02816910889229948 0.09943298575838838 -0.01442270499120681 -0.0412823441872754
 0.07059193136854239 -0.08869205087777067 -0.08669580523212563 0.07408080200174888 0.06213344212165442 0.08057789742554644 0.02728829317472831 -0.09341498408123092 -0.01558341834588071 -0.03859921915921324 0.06771679324902868 0.03118382225713257
 0.05736097659113934 0.04550353955366396 0.03244985138960069 -0.08843095282681243 -0.04155392358117062 0.07400138698073225 -0.05860071078296708 0.01703074741352964 -0.07738379405902593 0.04840810504776699 0.08414577788182229 0.08024142308777396
 0.0456733618812141 0.01912832100321504 0.08669914881393675 -0.04666430931379496 -0.06113536339983991 0.02637763864000436 -0.02065563430519418 -0.02034762190877665 0.04043586818548531 -0.03010273725622646 -0.03866027252708872 0.0726264024902773
 -0.02433024804875766 -0.01264767797527627 -0.05518019008836407 0.0585529884596446 -0.04514173049729395 -0.09468352585212082 -0.02428560979849938 0.03104638835231582 -0.06110814432894864 -0.07490597491358392 -0.05182018843091655 -0.08129409248720332
 0.03270183233934595 0.02736588490858391 0.03102235560120997 0.02535950783731281 0.01714087731129996 -0.08775043525951289 -0.02248648315289831 -0.04372035388041123 -0.08646295607836335 -0.0299590483449291 0.07384191453323002 0.07957461157075457
 0.008864718622670492 0.04273800862644936 -0.009181127516345644 0.06120833269820478 0.03944234708625335 -0.07615367302067035 -0.03786901116320231 -0.01313005908401178 -0.0008354602736761751 -0.06848930582586189 -0.06343170366540732 -0.09498922583014319
 -0.01702423920024956 -0.04088646813921387 0.08840912785829477 0.05783777606095439 0.05359080721735701 0.08225306037072158 0.01922943623473092 0.04063634596100946 0.03407569295651544 0.07575300609958011 0.04663756541915598 0.08493529803167671
 -0.07134034308608014 0.05552016269074228 0.05624142945023178 0.09473480072167964 -0.09173125412244194 0.05435180533511283 0.01328902669741024 -0.05237000518024679 -0.0904778774742221 0.0994613618687771 -0.009078406329024846 0.08166513376773962
 -0.08269485373801505 0.09128358593566352 0.005890462766081767 -0.01958753773632729 0.07078912862698591 0.05299405771805005 0.07040113876360082 0.04232477123186767 -0.04064280306218319 -0.07634682892636513 -0.02224233660601355 -0.06295758978373953
 -0.0009532898009772112 0.08030829985714785 0.09783621632467929 0.095824338983169 0.02995274409032966 0.08232408447168779 0.0002856018852771952 0.02013044071159094 0.05179658437410156 0.05346099803961035 0.03751910827189511 0.08714606688198431
 0.04381925191139585 -0.06393780255488836 0.0972606329585117 0.01091419052528694 -0.06905359062160414 -0.02507006198706895 0.07338785497711944 -0.03786283862058494 0.07475269027670708 -0.04545897097610864 -0.0179800609952035 0.001420853191990548
 -0.08604108131390215 -0.06039693059811885 -0.05506651073696595 -0.09924157657952763 -0.07069699472936279 0.02232168643975299 0.06181747291234638 -0.03982372824550919 0.05423321506297993 0.03557420155230157 -0.09540910514250946 0.05174146467525334
