# Created by Octave 4.2.1, Mon Oct 09 15:16:31 2017 BRT <root@mosqueiro>
# name: w1
# type: matrix
# rows: 200
# columns: 12
 -0.03227206719703161 0.006901716774584551 -0.07262206540121094 0.04378860973811383 -0.01194838957603007 -0.07485222868494376 0.05220299937060399 -0.09865822095760055 -0.007587550473591415 -0.08885429776921389 -0.008805057179696207 -0.05217101315653404
 0.04577009152497172 0.0958015297839408 0.04325213205655118 -0.07017281449256396 -0.02355288704841361 0.01586869811714556 0.05229323870809155 -0.09756210873944267 0.09774132919285028 -0.007620602851485886 -0.01798850253415527 0.008438337795216702
 0.07863532465910425 -0.05740155816245442 0.01561025921263917 0.02126390022020279 -0.09960715320650915 0.041174416018677 -0.02690179793325262 0.09275559792776067 0.05118113073365627 -0.09589620498601523 -0.01139440558241053 -0.01994186497091358
 0.05276978595968496 -0.03650093314455521 -0.02665311927664898 -0.09876024231164345 -0.02405584227317113 -0.06562752111467553 0.07830035242851169 -0.08166355227750152 0.08837947555979883 0.02214639735172572 -0.05107456430417906 0.06300605874174775
 0.002334164018907486 0.04901701482261528 -0.01474348185554714 -0.05441512706051654 -0.08570608855290107 -0.09936271464458357 -0.04494737643620176 -0.0901020484106803 -0.0932085554568584 -0.05625947823884289 0.02640699747810715 0.03451280716272803
 -0.03389200038038502 -0.05623148986536824 0.04586128595258568 -0.09568986201063216 0.03632204559114272 0.005762452471288732 0.0632484756861818 -0.04034899457068963 0.0635306034121198 -0.001722954606586502 0.03212323857849333 -0.08155461053560799
 -0.03625479948149558 -0.06312024752183548 -0.0942914649941749 -0.09064742470947575 -0.000509517951222907 0.04300049329135527 -0.005980675276683098 0.09231013160102669 0.04369067794100312 -0.04197537229205152 -0.09177350007928206 0.004963021172447915
 -0.08848092962173541 0.0828910816191169 -0.04654436977479276 0.08181179505392311 0.0922783802654778 -0.02716832083448881 -0.04681806112329415 0.001307842569192766 -0.05342629443147581 0.04008095165534903 -0.05003473318862348 -0.02464189952729043
 0.02355883760961808 0.04683842078610151 0.09997639587993393 0.04463929532715774 0.07975112257457115 0.05029059568385894 0.03099844541869201 -0.09439603238676225 0.06520358352714253 -0.03664734084670994 -0.09548839637562771 -0.03647823603005677
 -0.09722801005699711 0.04106166813643491 -0.0957803756987874 -0.09958273782631995 -0.007754776005745048 -0.06046500325247925 -0.06599726878427309 -0.02688566391830802 0.006266649852377598 0.02847655586620249 0.008400706812191266 0.09553192593994542
 0.05520951911774058 -0.01071658796714775 -0.009967907757548869 0.04263432715755483 0.008015735774822175 -0.05646761985312253 0.08644535539183329 -0.08560245968241606 -0.084266461160509 0.09460142019971832 0.06692874731138629 0.09683115378147808
 0.06005159517082112 -0.02290667883255107 -0.09471648630111629 -0.04449139629478304 -0.07803033341996224 -0.04584731824916558 -0.04746590585596527 0.03423960084310745 0.0684610595350317 -0.02750175846929205 -0.09324071635854859 -0.0420593778452537
 0.07284524233655149 -0.01755736965846608 0.01296446602589334 0.07423630791151906 0.01060325428570393 0.08672102329390469 -0.002171028443945955 0.01976312573979526 0.05371822203050244 -0.006830286194159943 -0.001424894729787712 -0.09745733985801232
 -0.01860308964035179 0.09346439688584249 0.05345044537432672 -0.03406432707930833 -0.03343867972998177 0.08131165805952628 -0.06874968632232981 -0.01420558186516999 -0.05143885800444482 -0.01875299403017952 0.02156930930834353 -0.09312116883894359
 0.0180571714656426 0.03711810453807729 -0.06827063434668418 0.0623497660796552 -0.09763756882026708 -0.03819757890499257 -0.00221765278583573 0.04737079551793827 -0.09623546509635614 0.04276761521479094 -0.0240006518760025 -0.08658485423370321
 0.06707876108563821 -0.06282050551359133 0.02818202730380412 -0.009471937316916035 -0.03240933404052446 -0.02562789575450081 -0.08795331249534863 0.06190218199191574 -0.002199371454679536 -0.007909289234317232 0.01268029385162883 0.01954232923817319
 -0.08386242368028034 -0.04716384209230987 0.06315568834479549 0.03424135853556817 -0.07329313625529234 -0.01874931099546601 0.0599430410530408 -0.03470189792911897 0.01654169404533183 -0.03061145608880757 -0.001914385430832055 0.009035257429543073
 0.0629168716334961 -0.05587435195751379 -0.00506859253127892 -0.05055681139053449 -0.06590268296175029 0.04873282531693002 0.04822372987271345 -0.006987538510984534 -0.09150416229208354 -0.0002588066672259137 0.04569881491185226 -0.01242615078422407
 -0.03914122520100577 0.0160954455898695 0.03546019736337128 -0.09847602939220869 -0.05388807325894537 0.07319439543061265 -0.006371181604344148 -0.03955642152092573 0.07623247398345281 0.02243021514979052 -0.0378072763209478 0.01463093706153114
 -0.05727181759657848 0.008282348617108665 0.01965083129010151 -0.03282074119182363 0.03078226308552359 -0.05447347867713358 0.05624567816680812 0.005479171039918615 0.08973717153874863 -0.08516234778888959 0.001398203448115545 0.02351507764370889
 -0.01933567618589921 -0.06398713378925927 0.008092131568742375 0.01396646817775141 -0.02394091851340673 0.01249546350137323 0.0218776140509597 -0.001596091591910223 -0.02205822601346016 -0.05222165374696314 -0.05635930361106564 -0.05166310493227068
 -0.05692339410496455 -0.09881261137411547 0.02482238723720673 0.009948893345305465 -0.01272987447570414 -0.09566855064058111 -0.01053837611197618 0.02953070830223639 -0.07457358285706012 0.04432385993411617 -0.07102236209033652 -0.0809619358805452
 -0.09192116810569091 -0.00565291419329908 -0.01817173626906349 -0.02807905228264439 0.0020344610268134 0.01096524858430223 0.06590924773630832 0.03542710104984023 0.08940937937290291 0.07726924173510871 -0.03439511077676925 -0.09851023921206643
 -0.005631648654850094 -0.06320009474255441 0.01932824461087117 -0.06699852391355535 -0.006770154821658672 0.0591070588475659 0.0168747197396929 0.06808019355457631 -0.0559989173437938 0.06615440991443089 0.09446507605615237 0.03048976911534568
 0.09009416874471229 0.07672092594497126 0.06522032283449342 -0.02931702495857473 -0.008949127939235135 0.08462011290572055 0.07432402769646024 0.01372442207376805 0.02235844990754829 0.07538772006932012 0.06820800263932575 0.02435638676152332
 0.04740175623127788 -0.09296137725895026 0.03513768526639177 0.03149011698699028 0.08369945144388766 0.04985758516590486 0.009167637429951817 -0.03222368995355937 0.0601305367875509 0.02509619083236228 -0.06913143578183023 0.05234387147311495
 0.001260819758687221 -0.01317587203510963 -0.06774044424303727 -0.02654697941404779 -0.01284685992836271 -0.08783211434535415 0.08258666116438892 -0.07431941811570028 -0.02510409363169669 -0.07286207590742681 0.01869509214272573 0.007917045415523447
 0.008567631579790611 -0.00942605709130874 -0.05467838093159277 -0.07284742061879347 -0.01880819776439092 -0.04978806022723564 0.08260824523700744 -0.0654846770873323 0.04944590388692346 -0.08260703003871388 0.0598045919692447 0.01983711169388538
 0.03575461129676524 0.035011286572116 0.07466090646670118 0.03158514001816853 -0.09874704788015311 -0.04820698831652942 0.02679394872619897 0.02563771415235283 0.08369902311295913 0.0258003006459526 -0.08904194774146301 0.04242029279125209
 0.03657369132039642 -0.002638622517600969 -0.06289448096217631 -0.005352621124170953 -0.07798911261886321 -0.06553022315857077 -0.07810426625435089 -0.02682173146380179 -0.06340941846031528 0.05299161897471141 -0.06222548980176151 -0.04215406476791725
 0.02061364337985119 -0.0817476511335814 -0.02805328611690946 0.08033620453493492 -0.0280508717323022 0.09786544877706618 0.03624682573076152 0.09191821674703207 0.08963124920916241 -0.09829973427578331 0.09609241712182814 0.00724892132835224
