# Created by Octave 4.2.1, Mon Oct 09 15:21:48 2017 BRT <root@mosqueiro>
# name: w1
# type: matrix
# rows: 200
# columns: 12
 0.01919511278748418 -0.07577559973833915 0.07243610958636482 0.05106672385753974 0.07364668994978746 0.008773250217403966 -0.09961569302442083 0.008941536057931174 0.05476005941655812 -0.07413597854411902 -0.08882549708876128 0.03228159251525681
 -0.06697383732132024 0.07328677531198077 -0.001641354928416119 0.03487801241142799 -0.01433742690380747 0.08302684444696654 0.05506997625435309 0.07109584660241261 0.0985224352507322 0.06988805349264227 -0.03847084815237251 -0.08299922015168838
 -0.09484087155908844 0.08900680341752215 0.02121030918415072 0.04850164305211821 -0.07879377399967995 -0.02574691109533926 -0.0740023596621808 -0.04578340547011037 -0.09239395319791244 -0.031063509673959 -0.06973516291211862 -0.08949868004122576
 -0.06857977031147333 -0.03962574294718629 0.001033253623910893 0.09699615621347538 -0.03820255806377981 -0.06413727655422391 -0.06292857298709639 -0.0005013945896852195 -0.0593983121828816 0.04376163098373401 0.05141014211739234 -0.03312636198585871
 -0.08391035621140543 -0.09033679262560347 0.06749223844774713 0.07140185094822357 0.0685400558155676 -0.03085501472607664 -0.01142049877440145 0.02812228859217228 -0.03313438636356926 0.06876286852365746 -0.06466983085648648 -0.02001501181693867
 -0.06232584083703036 -0.09472482884990668 -0.03351865635880967 -0.07992673223563963 -0.0738310986558335 -0.03152074644645587 0.09230846163889914 -0.04539051811778495 0.08493690249112404 0.02945332922703212 0.07837730903831699 0.04012953779951173
 0.09869795246844157 0.04687541045028865 0.0556801676631708 0.02220507459005319 -0.008639296066119101 0.06191765604845118 -0.05373361652184116 -0.03897999123976165 -0.09335078743225757 0.06955790573988585 0.05984755063297673 -0.04093257471311626
 0.00592582285830294 -0.02608856493610524 -0.09721962092431047 0.04657823199519079 -0.03342623630870398 -0.09159466261607734 0.01011797665957012 0.06204871624596703 0.02900586962205151 -0.009510650678803551 0.05448257600911574 0.09334911168193974
 0.06876286378782956 0.06437704799783381 -0.0211913640563989 -0.03164640472447305 -0.03983679268060615 -0.03566114954639103 0.07406458246749167 0.0114247489088275 0.01890358731015566 0.06326357377184608 -0.04329360609538916 0.07945902381110384
 0.02639321992745192 0.04032808282900244 -0.06451985102690044 0.03854683994266667 0.08302924252889166 0.001472104596766097 0.0880799733355076 0.06583677594677087 -0.0373404672383461 -0.04024525108848059 -0.05909084075844814 -0.09630995980959282
 -0.08056106208077955 -0.03735456525088655 0.005435338986048449 0.08976018791887891 0.04131362019997337 0.09275358638603118 0.005613210365516944 0.04225045569826391 0.09582593856622912 -0.09724415381867342 -0.01583252684023226 0.01215656444486131
 0.05362192686996198 0.0003625448532175446 0.08241138892942879 0.03727263639764028 0.02263167242303354 0.07465892911187227 -0.04488269240055355 -0.01601686158142737 0.07337071390123942 -0.03759399523596538 0.02090491633775016 -0.0749374682825554
 0.02464626821311537 -0.05632074919556082 -0.05519049438658631 -0.005155978714877954 -0.05746280453106679 0.08072513561260597 -0.0570206076937651 -0.04397209784246627 0.05432581366079633 -0.07057069810047317 -0.07185027029693675 0.07483502727538816
 0.03306656301896516 0.03146848410488595 -0.09910604263215698 -0.01122379896078338 -0.03645180752924386 -0.05329693156479637 -0.07807297223834035 0.04509439174637664 0.07940324585028066 -0.09239437178656511 -0.07605525753695812 -0.006955904664802504
 0.04186978096620811 -0.0716233723248238 0.0463857460182325 -0.03204958155775632 0.07553557239902331 -0.01725347305837678 0.03199633183941769 -0.0887225873702546 0.08555016492945175 0.04710146899594461 -0.03190786025503649 -0.02098176158153044
 -0.07262385619910977 0.06781495887371655 -0.002465294382055144 0.08636084358519736 0.05906092058004686 0.06389342313601995 -0.02551259531903864 0.01531197771478385 0.03297239394571555 0.0999354693372928 0.09999728262381027 -0.02203811894011019
 -0.002635117448590477 -0.02595413660342706 -0.08641659903287166 -0.05848353844115061 -0.0728157249042814 -0.05281394587371677 0.05774460884431751 -0.07299952021441275 -0.06450053188290403 0.03196985569816485 -0.06944578162107712 0.06559259015817195
 -0.0204364008368587 0.04606967791651737 -0.0493228025558358 -0.04145128990267603 0.03099731478970341 0.02716016206647162 -0.05051388699449554 0.05179770623017296 -0.04741718806213874 0.02995892971003408 -0.03515275131262083 -0.04186685955029498
 -0.07265902403966906 0.09540249121564598 0.05172124345950632 0.05788094997330859 -0.009340062817647335 0.002051132098309622 -0.07628652127659498 0.02766077923579002 0.06361975918456481 0.01171599905077825 0.07101490834382138 -0.004549408076123751
 -0.08540229564786692 0.05270609286300051 0.03318146369432037 -0.03811009558767945 0.09549701393936211 -0.05652868613276371 0.0979533405938717 0.08355980866933085 -0.04034059228243158 -0.08337874166261125 0.001815995686572647 -0.09768077641429496
 0.0586420919766113 -0.05011456233140209 -0.006972528436101771 -0.007707410251819993 -0.05460077452524547 -0.06634622255972768 0.008990886311973353 0.07399846051709988 0.002839000348163465 -0.04924074285655115 -0.06607928672661489 -0.06973324105354772
 -0.08687590723063643 0.02873120697730253 -0.05097151209419135 -0.01508727899833893 0.02177222321052941 -0.08437581020126265 0.07698275889219686 -0.009783333744153022 0.08809747016875058 -0.02052379876216209 -0.05330927580802826 0.06121334395444386
 0.0171700290039946 -0.02367936776993552 -0.0730888923759369 0.008875486400821544 -0.02267944602614463 0.03734581261526007 0.04177064061887406 0.03598746938326902 0.07723362094752526 0.08116942252044182 -0.004040735079743285 -0.085716366553614
 0.02839042965545158 -0.06103216504728634 -0.0715161468356254 -0.02475879865295652 0.01364850195324116 0.04057500589529478 -0.04477007852303733 0.06757760683009428 -0.07404161183102975 0.04010137384778184 -0.09192092172986234 0.008853875525482141
 0.0252448266872449 -0.0301212111078303 -0.08163487893254399 0.05386427635771915 -0.08152931381003345 0.0646994647967008 0.06739014014074945 0.09665364540085528 0.05439207490960327 0.03519416187911154 -0.08385331273368817 -0.04975408163158732
 0.05927826085894847 -0.0213685209589126 -0.0992790821154147 -0.06692070007748631 -0.07340265272033691 -0.02552996337920152 0.06555554185492038 0.06183941481365146 0.07287633699307963 0.01958603211515922 0.05386997352377054 -0.07967047268967065
 -0.08197850419311012 -0.03651901761248794 0.01475170693323957 -0.0114309601202799 -0.0002591850694496495 0.02198533220441519 -0.02046025408216111 0.02131100202782525 0.08989245104563923 0.0255772036506324 -0.06981443252442558 -0.08455067586511586
 0.05707664284506136 -0.03463437835910196 -0.04208669016345416 0.08671678380671205 -0.08312005557552095 0.09877620441227206 -0.09419537915672906 0.007628923499545734 0.08290069748033266 0.009823330232902897 -0.03453351534923704 -0.01018108959346439
 -0.07694709001137705 -0.04253728577993356 -0.0307655008979577 -0.04072501577941373 0.03942489320140033 0.09069175998539189 0.06479669531669313 -0.08998140849918596 -0.02665310649701075 -0.02782338818045053 0.08858152091105409 -0.08881038801797114
 -0.07701832356674648 0.06525980939510173 0.01046643979731596 -0.06004637164558929 0.02111972579946408 -0.06757347595473251 -0.08478081182571796 -0.03092202588360413 0.06546117896387277 -0.07957317954097136 0.05053139601094869 0.004484284727751905
 0.06980682558837806 0.01636501049364802 0.07418767028828965 -0.05106957357019716 0.03972435425244619 -0.054711102521817 0.08002739057529143 -0.02990823244815326 0.02932525545038289 -0.01265786801213162 0.09777404533615988 -0.07655473636885199
