# Created by Octave 4.2.1, Mon Oct 09 15:04:23 2017 BRT <root@mosqueiro>
# name: w1
# type: matrix
# rows: 200
# columns: 12
 -0.01054659217426665 0.07834643886039047 -0.07749736999521001 -0.01001430000798803 0.0100788023622332 -0.04808487165746459 -0.006823366701157185 0.003584375790706362 -0.03934524646351027 0.09882164938432855 -0.0428288911199142 -0.0431202442455063
 0.05398451340809426 0.07996505247268912 -0.01119495854404416 -0.06012207223908969 -0.002684085984350007 0.05713474624501255 -0.08605994643074821 0.03394151912152835 0.04536566498531089 -0.04035431351294231 0.07141799250588587 0.08853535314293864
 -0.04143672703955409 -0.06581751486466116 -0.01731867682544376 0.0315020326478104 -0.06544216575062212 -0.07061409430800093 -0.001938246515253858 0.0422718652956057 -0.09230602429308223 -0.04037064696905516 0.06249499461571051 0.01791488766076924
 -0.03924434997132521 0.02629733419539032 0.01198337404157093 -0.009734509459623147 0.0387047274540219 0.01117802345267657 -0.06121831067948537 0.07986188492098437 -0.02967508190845107 -0.04578503395186585 0.05194961049521984 0.09429504426245813
 0.02523214427422121 -0.04616271671812712 0.09858573052286898 0.05910047186315343 -0.004916410484986464 0.004823732004881107 -0.02687667908666334 0.0610974173186736 -0.07062801495394985 0.04226250845791024 -0.03238642265716575 0.07418292391136361
 0.0668321018970591 -0.0229422717504488 0.05258482794736793 0.0646134048332489 0.04802519111677289 -0.04309186376187523 0.05132970672909817 0.05723610358694337 -0.002561546187379901 -0.01607980653360298 -0.04367895009178212 0.06263781220980413
 0.0003771473048298918 0.07584453011383183 0.04703612260049334 -0.06364155779987771 -0.0787869879076112 0.07643610894406108 0.03488289465527017 -0.05993600760884193 -0.0539145980785121 -0.02934768853890063 -0.09980381044461888 -0.089524909472502
 -0.01329049120970366 0.07508859466597326 -0.05310870100575193 -0.07231860278455376 -0.00700060857081021 0.03698758135080821 -0.093796774207728 0.07419912638433179 0.008570421802266789 0.05467831459592545 -0.08577842673026936 0.01955967892769243
 0.04438397532926508 0.09247162323897587 -0.07141989254359235 -0.07148635903348086 0.06471895468030436 -0.0182961311838338 -0.08831695405121726 -0.01487806672705992 0.03852663842403289 0.07701027649954936 0.07864088192036767 0.01786429383895553
 0.05535962503689482 0.07383343221927069 -0.05201413446718143 0.005897969535877651 -0.0707284727299874 -0.07380166790651294 0.01735777594676584 -0.01768552665042428 -0.0006115668117027268 -0.05931175513377919 -0.09901002813809263 0.06386261186777609
 0.07293141742983164 -0.04784836579447286 -0.07957229231057029 -0.008526354275971343 -0.07093148890300183 0.07440309306765192 0.08959647036175211 0.09214326302441297 -0.05218208912805259 -0.002501815946114261 -0.08336848869941946 -0.05161214109145885
 0.01825992205601849 0.09756050025596957 0.0698111948181572 -0.01204064919568117 -0.02389426336070163 -0.07334424436178211 -0.08605561759798161 -0.08189289014662224 0.003272116353062418 0.09003788828597686 0.07464985329258961 -0.02441387778468952
 -0.09353473379366954 0.07780378360084622 -0.01130894501406167 -0.003536738577628873 -0.01134652729343212 -0.05744940600105614 0.05508025474181902 -0.09614445345726154 -0.0521674599183832 0.01461352203354457 0.03267818591930557 -0.06662734239250906
 -0.08056395122909174 -0.01294516189063041 -0.02440786493560712 -0.09943942386137779 0.08769682130628473 0.03737672823146357 0.0786815946722258 -0.0780652230250342 0.05430323855215391 0.0664771216692962 0.09784655880710316 0.07453116038661758
 -0.03164471635793122 0.05297673967800048 0.09201940370613357 0.0511428283211296 -0.05604648295102547 0.08826276656425602 -0.02771981239744263 -0.03970120400955277 0.0574594538870748 0.0233352317111752 -0.02598255722079487 0.04530775285272962
 0.05218654618590921 -0.008460842501628985 -0.06647014157302938 -0.02564908453839038 -0.07343953372495343 0.03952187812808569 0.002807622328482001 -0.09982233372344795 0.01011049460653368 -0.0121053791059882 -0.05302777871866639 0.007910277305873376
 0.09691944812854458 0.04098635782958615 0.03700045352474315 0.09309738859443614 -0.02960955386786118 0.0945485525346241 -0.05228248022943051 -0.09561460356063241 -0.02536796640295233 0.01034236318498001 -0.09310041704665392 -0.05017214098423869
 -9.389306380493123e-05 -0.01352863114771988 -0.03049363469417866 -0.004211926892970771 -0.005697129709496263 -0.061709560422625 -0.02208215933451416 -0.06894531405514667 0.08062435313453672 0.04046821885954208 0.02374942082427919 0.0732210025515668
 0.02666715399022285 -0.07804458445682613 -0.01057623750613271 0.0005065404021627751 0.05753508257556852 0.07171684905620793 -0.0662183058111083 0.05811070341176133 0.04814480901162146 0.07432391995630322 0.01719003386598472 0.06027342111282649
 0.06156791378944065 0.08345159571344637 0.0702461232619086 -0.01269034508559151 0.02665573686104086 -0.09224133948060025 -0.08704268586610875 -0.09687307247022203 -0.03210949978708882 -0.09295202744002962 0.04447374878059032 0.04353618721595945
 -0.01493611617551326 0.02892831982834493 -0.01158712012832432 -0.06436729894345375 -0.07501531055513992 0.00376146050765265 -0.08849836476512733 0.06236229338945451 -0.0160342731159718 -0.006116884508302972 0.05868270884185792 0.006710506296626312
 -0.06621538780349562 -0.05776800559255203 0.06080158838526747 -0.0005328967246631539 -0.07127425111795371 0.04198054859614064 0.09015174485483507 0.08429120164332674 -0.03506235234739484 0.02355071701436093 0.07623648403836411 0.07624798373326816
 0.04268383364346442 -0.03727568318260942 -0.01080629928389512 -0.078328788230003 -0.09072142346555938 -0.09207973259321602 -0.08177044242920532 0.08498139620169146 -0.03885055561895855 0.0295038594819641 0.01089673011955339 0.03644848696364575
 0.03268482045113302 -0.05857266287384823 -0.07590852801343256 -0.07372063664127645 0.03271471102126339 0.0453773476453829 -0.02648445281686504 0.03568425174392381 -0.05040804605670845 -0.02042657528229389 0.004190865521515638 0.05998180964172475
 0.0746686544314859 -0.06935273619216244 -0.09273000232672921 -0.04792924105079223 0.04230927273017024 0.02651639786798352 -0.05806340491322838 -0.007398313145697638 -0.01055900890645221 -0.05703057033384952 0.0815463454169579 -0.01835310931206545
 0.0276673670715071 -0.03023664756668688 -0.08138029117520834 0.09587878438066533 0.09367593951362971 0.02404833210664951 -0.02199520434293276 0.02505888978901186 -0.08421750689300979 -0.05966670906557331 -0.03606770275257491 -0.08402991785860311
 0.03896836026624548 0.05290654814432771 0.06453549844907666 0.05243155698987664 0.05515043230539338 -0.07298359838015162 0.03517188289703815 0.09896518701547882 0.041678173831177 0.05373607760915131 0.005946336652955519 -0.0501959670003003
 0.09847816105771079 0.05712204112468128 -0.04269803458614489 0.004004697242712088 0.04724388157789799 -0.02282609226835851 0.003492497151237159 -0.08244049731304308 -0.03291603362482826 0.08722601442471775 -0.0706639393615598 0.05021780295480371
 0.04982850398188216 -0.04708621329481166 -0.06718378288425689 -0.09628741824231009 -0.02142716830094479 -0.04037441385566535 -0.06947127583467189 0.02359387280048905 0.05945983228179144 0.06200438440324665 0.03994383432699697 -0.03810446202168413
 0.07288027451116114 -0.08337433025708371 0.08140602650704373 -0.06940114414242424 -0.09425851380836482 0.04407414373834598 -0.05275537346242229 -0.0674724011081952 -0.02303793139607756 -0.01087724160952709 0.009088027225883574 0.03768423960536521
 -0.04746942412794889 -0.02041739769869225 -0.06728748617244409 -0.0420580964000498 -0.03724987209685154 0.07111765881987372 -0.08628442115659024 -0.01142601922243038 0.06137917738227769 0.01435203250559725 -0.07243473094102248 -0.08054459676041752
