# Created by Octave 4.2.1, Mon Oct 09 15:08:24 2017 BRT <root@mosqueiro>
# name: w1
# type: matrix
# rows: 200
# columns: 12
 -0.01796901234303888 0.09317695108207483 -0.04614995556462579 0.03470421937813156 0.06656419226400123 -0.07574292062666248 0.06530560417773437 0.07277410499876072 -0.01753130648389628 0.01554285264524116 -0.06377588511429916 -0.08727192854413054
 -0.05998607195385043 0.02220343273831989 0.08430713598706538 -0.04580130423191823 -0.01521238651884081 0.09838923494234461 0.05749871587154357 -0.02042672159996381 -0.01542019924886205 -0.06277811435043626 -0.028199241444617 -0.09475291970369297
 0.09958939928988245 -0.01581463227257623 0.0098835944131382 0.06756200412254024 0.03398337867808834 -0.01289600963016325 -0.08814061856937287 -0.06309163415868292 -0.07434873854748547 -0.06061835475862253 -0.02084846435687276 0.09133092997819928
 -0.02561324126660997 -0.06442202914969755 -0.06619093280944247 -0.02767812510291118 -0.03651757793734739 0.06781406501102719 0.05223621164406603 -0.04805115255822489 0.06323522497868736 0.08133951383718696 0.02504016634808495 0.01022333942366282
 -0.04732508314821526 -0.007316355373054875 0.03304080116969119 -0.03106329470731066 -0.01539296096134922 0.002843084003134572 -0.03094796568523843 -0.09901334512404471 -0.0498423930562382 -0.09815660993156991 0.06495485863941211 -0.08943223380280756
 0.007785237791001015 -0.06595652109060982 -0.08710148383868226 0.08924413797977609 -0.02449331749023308 -0.004012308396573724 -0.0005714720179851168 -0.07278523983985689 -0.08429819910708822 -0.0780596201350276 -0.04911826772420872 0.04896169978328035
 0.06098286927353977 0.05130714795384247 0.014758617507211 0.05120281640730417 0.06333663379552748 0.04810580663830505 0.05294631470416233 -0.01163871376349625 -0.02800965995603492 0.08058296821187913 0.0206721218379428 0.09809108118030427
 -0.08641519930014696 0.06937386883909574 -0.08062054602634802 0.01058608235797671 -0.08794239830961674 0.08079046236960216 0.0007061901796381054 -0.02161457005497663 0.09716816966818598 -0.03572582042752612 0.05614848628405553 0.07752621410365154
 -0.01056536365075361 0.04948194180503623 0.05948893657464074 0.09739709450787332 -0.01153354277486723 -0.005023737740257495 0.09504569479790115 0.07539952638012626 -0.06845392148405088 0.09352783255864144 -0.07534391146084474 -0.07402062914225735
 0.07040191149373287 0.01674185207935616 0.06102387995635961 -0.06110522956063681 0.01719394458871304 -0.0670467003728298 0.0429939839982692 0.08906136785789562 0.04574484854979988 -0.09937753789357297 -0.02163563005077548 -0.08598604329802811
 -0.0942079336308827 -0.06698420100858994 0.04114477619303722 -0.02488560544820612 -0.02169686066677587 0.0699792226405703 -0.03258993177223436 0.0927769211674786 -0.07798721360809055 -0.02408736624743571 -0.09586575223387928 -0.02278323339713159
 -0.02160474425211184 0.04953175741475749 -0.0353580260799172 0.08476395675530166 -0.07308554561315266 0.06138708096091056 -0.006680512544541772 -0.05367296149047977 -0.05248204723047184 0.08436345066825177 -0.03854039070779253 -0.05142245352186913
 -0.09675787122703423 0.05481868333755119 0.02820907543979584 -0.01123247423403115 -0.08863443006852327 -0.06072895346511219 0.09438079762659707 0.03567102072069017 -0.09576667543091304 -0.01613347707860363 0.01082244016756961 -0.02069487312886215
 -0.03919046459264638 -0.05632529394841401 -0.08574440993868512 -0.0136192876198009 -0.01412275643754207 0.03373691351733438 0.07231359907035204 0.04948632043706014 0.08015432062102937 -0.02992720992371499 0.07169543371269235 0.06493814740580209
 -0.007225934941722328 0.08816764152187792 -0.002035952068712571 -0.07547819380851441 0.0379413960549117 0.0009692431902269538 0.04004100553320189 -0.03546761567944798 0.0915460952792034 -0.05945503747242836 -0.07459261205817326 -0.06725342958412359
 0.07581526555857548 -0.03765119920691106 0.04955840500576952 0.05571305168692975 -0.01513164498893195 0.08567346416296481 0.08881927830216033 0.02814010903088093 0.001547984766145552 -0.02549413909378441 0.02448866105309548 -0.03079717735443437
 -0.0385276719976747 -0.04767898854393013 0.09770234106312131 -0.01121085098252682 -0.08151776616161782 0.07789304099359323 -0.07830556676277937 0.02949333748622857 -0.03251832951577417 0.02900380038081218 -0.05751693045303163 -0.07526856025437069
 0.001999521414366254 0.03275869815435603 0.097469368881101 -0.09262437828932213 -0.02061866881267291 -0.04518517548539086 0.09010962464505015 -0.03328363497594786 -0.04536786585877434 -0.08439759022551949 0.04652525395586155 -0.08364738239428821
 0.05406977864883117 -0.03384997419320311 -0.03638354877683264 -0.09476614660384297 -0.08878546116943377 -0.04550291989216146 0.005648546040703639 0.01345371849526891 -0.08310039302880923 0.03145850567981281 -0.08043885132167847 -0.01281684439843557
 0.07615669328568861 0.0004540621204394552 0.0257775139011916 -0.0544306395029022 -0.05937113749322675 -0.005842932256712563 0.00236479792326294 0.08082512685260035 0.02342438997811461 -0.08293046397869161 -0.02572405600434277 0.06060185846891944
 0.04121414868591419 0.01102368538433389 -0.09623317108391247 0.03115876339915075 -0.008254880413347904 0.02631511296816069 -0.06377030928999011 -0.08561496257719338 0.0171683023975657 -0.01660318556200471 -0.08304815330024956 0.08979625024178181
 -0.02141744111805587 0.03135152172298647 0.05023851237700069 -0.09783812061102956 -0.04230345300167983 -0.01631788676597862 -0.07381839672482009 0.09133671801027557 -0.08268532983369234 -0.01649734441636573 -0.00142581537058592 0.02207221673955825
 0.009826703388307961 0.03123952632738777 -0.08503144956646037 0.08742768891699143 0.05300828071467473 -0.07990034002784746 0.03097710712305249 -0.05674863915715781 0.01608791652470523 0.04821439652122778 -0.009794563751482077 -0.07581859610196255
 0.08009779712037471 -0.06321216620348866 0.03307064210893354 -3.608236866850523e-05 -0.02808786797658479 -0.03453240925960978 0.08401383523203629 0.01440364934833083 0.03738538015816778 -0.09438030194403968 -0.02888955313831063 0.0619672959805132
 -0.04696448516268042 -0.0963598841156267 -0.08962848920307465 -0.0828571270384427 -0.01108761870550365 0.05961193861294845 -0.00640957518459101 0.002680076013634874 -0.07621433941666471 0.01829939202744882 -0.08449683755335193 0.01047405096437722
 0.07991812036665236 0.00849427991288261 -0.01175772031980557 0.03049222433026419 0.04614575185839703 0.01569574719891276 -0.07960547083992983 0.06508884324985664 -0.01106846792363828 0.03875388385362835 0.09121044398655939 -0.07102770137253242
 0.03454726342865622 0.02699278849237591 0.006589316830355157 -0.07546948816117038 -0.09219634490128743 -0.08070941743237556 -0.07469557378541022 0.06072730567413867 0.05938079168584026 -0.02186640803318901 0.02667190564886254 0.03107207968526965
 -0.05157732419321825 -0.05083979461392888 0.0514206788876746 -0.0485002240724293 -0.08681421643485154 0.0492939447347939 0.04062254814438535 -0.02783306957704502 -0.09873954500546896 -0.02260304334017263 -0.05680638109583006 -0.05187987885775961
 0.004980514459612867 -0.04091258953832101 0.08088796920818669 -0.09717800771649321 0.0606261498726442 -0.08350127085715754 -0.08480411189700125 0.01982620820453622 0.00228334119532117 -0.08119591465890807 -0.03049786119188792 0.04612371258552539
 0.07878079121325529 0.09780129941738189 -0.03996237890751319 -0.01314500930801719 0.01213574247298665 0.01515718946419682 0.01828849995617951 0.07405913326231947 0.07868382465420434 0.08567236629031449 0.08351936513670694 -0.05623076024212895
 0.04318060371455074 0.09558325442356344 0.02516022767896234 -0.004455510568705204 -0.03876955604166826 0.06635528227484602 -0.03593491820512437 -0.02286024852977137 0.004013643846795076 -0.008447152981778921 -0.08905796221546071 0.08827326103462119
