# Created by Octave 4.2.1, Mon Oct 09 15:04:23 2017 BRT <root@mosqueiro>
# name: w2
# type: matrix
# rows: 1
# columns: 201
 0.006925996432733714 0.003072625529573103 0.1185371906913413 0.03186669111525142 0.08461799809624772 -0.02434345223506634 -0.09447065781442787 -0.07450642140900238 0.0861380860535513 -0.09555218422941469 -0.06935134757819156 0.1246036591124881 -0.02366924570491535 0.06856047351838057 0.01430322156371586 -0.003474090398977555 -0.01577658715384887 0.0529059733936591 0.08324143170719001 0.007125143051294303 0.06874330758478941 0.1490196042953874 0.05329594591484049 0.05277517411967561 0.07336351750690856 -0.08106187472237025 -0.08133775052253961 -0.009254232942665641 0.02385369103419534 0.1026079492213137 -0.08524432047713126 -0.05244987170142218 0.07043380671682198 -0.109839574701573 -0.005826484146157163 -0.02581431584028993 -0.0202707632310989 0.005333175680201391 0.04527628205332251 0.05915408966902032 0.006959584668962904 -0.0007813752018703268 -0.02589464674598072 0.02944790113635246 0.06011879413911442 -0.1001387454502497 0.002138291141720206 0.06088304494913382 0.05220377552385502 0.05594881644630102 0.1759371295123749 0.001397061774001215 0.01076625390388464 -0.008330745170338581 0.1528986593735295 0.2065409382433172 -0.02304279268934548 -0.05689082187071826 -0.00209717918553853 0.05900536443914675 0.006735956087530217 0.02742080120566523 -0.03250363778312571 -0.038199141999047 0.0426719213604945 0.1078781131961358 0.02139297339820639 0.03114497931618251 0.1606050611605376 -0.0641478936549093 0.003368335666434588 -0.09950764574353343 0.05872679205096969 -0.03615694698663177 0.004595594163565864 0.08711257327330486 0.03723796954529157 -0.005610908899649603 -0.04795044184708191 0.08056842105957168 0.1232197123968664 0.1296786313692563 0.09674031005503947 0.08832534546227411 0.03695186295426234 -0.06719230345800531 0.02697924192016408 0.01757825465389984 0.04893444608668474 0.07498367496416998 -0.1169144654943843 0.03007152988419218 -0.02995926185096176 0.06312946654474766 0.06687359927150527 -0.007750021989768818 0.02418987437593695 0.02481036138079801 0.0001949066166160307 -0.05953948411951604 0.02699669691759357 -0.02954109902816338 0.04016961682104535 0.00922835527973645 0.009430877632100931 0.0920649606430977 -0.04954049931601982 0.03978330706716798 0.02514390646137976 0.05174189210777136 0.02042101946674701 -0.03643087066393617 0.04366723023324883 -0.008256513972578539 0.06501022398166761 -0.100068857324649 -0.08529843762293952 -0.03583334141739445 -0.008685989258977185 -0.1321378562643928 -0.1021669402157871 -0.005428025023456913 -0.07796510694989256 0.06010496495145901 -0.02693190964314418 -0.09841330749435917 -0.05490961003859107 -0.1146023841787109 0.05518951005027029 0.1674282049885309 -0.05929737311266577 -0.04991468512269787 0.1582114551132201 -0.08860594668582061 0.07436339578480278 0.01582475108332158 0.01263181698486138 -0.1330605302815275 0.05157724827279621 -0.05002415264466555 -0.05372657006872597 -0.1462099800700616 -0.04744927925141679 -0.1365255845852376 -0.05836697585490602 -0.1080901725093288 -0.01371090360218083 0.01697325272040559 0.0401165229891321 0.1348816300577347 0.06916452428006994 0.06642414955410268 0.07062714130181436 0.04150172170503819 -0.0469809232296424 0.005745725267447432 0.02102855364841621 -0.03673393737431255 -0.03073603831864352 -0.05997685598550559 0.007517873262627872 0.04941111710813394 -0.1006843098979572 0.05322239837094825 0.01918590414304594 0.02772890160146563 0.1190579841485136 -0.1300730202393171 0.02589008703106298 0.01913527912599622 -0.05946269757489642 -0.04793761115485737 0.03536600938445783 -0.0007235252502664404 0.02057507678006457 -0.0122912877673016 -0.06727192648072668 0.01919166800937672 -0.03202606005003256 -0.03327620239077352 0.04360319685521954 0.09415529332053857 -0.1418220473070011 0.03552898098484392 0.08247985463771412 0.1085898037174631 0.08168775808060111 -0.0003494886684472509 -0.05580433941317174 -0.02212014989238281 -0.05702077467330124 -0.1627226803048202 0.0331334108721702 -0.01687754427001445 0.130009694083295 0.1229399144569708 -0.00594993653467879 0.02298027099971711 0.020073597723561 0.08757082244249559 0.3522704523096682


