# Created by Octave 4.2.1, Mon Oct 09 15:08:24 2017 BRT <root@mosqueiro>
# name: w2
# type: matrix
# rows: 1
# columns: 201
 -0.08912293196724566 -0.05783481330744977 0.0009576288649337106 0.05189530466165077 -0.00879114345053519 -0.02585370692559564 0.02552627343782385 0.04104450460578837 -0.05966648835599959 -0.05043831945581196 -0.04947291720151011 -0.01734096491008984 -0.03165277805099598 0.05626080513528882 -0.08497678945081953 0.01254860372157618 -0.009626529289757702 -0.03147847249368914 -0.02612342332448354 -0.0008548124468769551 -0.01895105095538006 -0.00298123853708685 -0.02948754373651073 -0.004408563316141377 -0.02729200868377982 0.04876875520815958 0.0389896716122002 -0.03915400901299594 -0.01665310299650174 0.04196320292498271 -0.03473099475246396 0.0003983639970279304 -0.04692602915992072 0.03068357168353078 0.0466921579860396 -0.01232906708035999 0.04174428478063983 -0.07611648523201379 -0.04998555942611704 -0.003736025591271912 -0.02258181097840103 -0.05621858731523682 -0.06674045360098048 -0.0277303098404882 0.009530326517331884 -0.001697643355249081 -0.02929872008086118 -0.02607362389870697 -0.03016227800624909 -0.0292759055320044 0.07139218802838743 -0.02681290272596156 -0.03603790548100583 0.02891084323164352 -0.02431931167709767 0.02541870854989899 0.04089678435747995 0.0149095032444213 -0.01369908120035706 0.04951591652486865 -0.02374855430546297 0.009423481141903136 -0.01471471165114523 -0.004069019142651255 0.005005339933926115 -0.006264873081067875 0.0526860769185074 -0.04701740772034586 0.03286261728930444 0.01731158540887726 -0.01797243665169974 0.01329332491436939 0.01224605120645161 0.0009586172890495918 0.04137508654621111 0.08422448181679555 0.0478701041413819 -0.02912043939851499 0.0204950308477821 -0.02805586139754404 -0.1081632154169449 0.02532474387332534 -0.01090953319720332 -0.0113359743393986 -0.03107870172170954 0.08228290126774188 -0.003551303404106081 -0.002563459255958158 0.02403793493855231 -0.01259431353680661 0.005004447462041589 0.04807647884498871 -0.0437011296901794 0.08007627614690724 -0.02598760431724234 0.06902544696411066 0.01164004616071775 -0.03532587753742255 0.03221199767687761 -0.03372078681255976 -0.04253710316935461 -0.0324069567342121 -0.05552579243046243 0.006945146924029475 0.02009852768213425 0.01754515026301339 -0.01167946908370882 -0.01917146210365152 0.02947499638292822 0.05001250351479167 -0.04731340206289456 -0.04684187353277326 -0.03236729084335231 0.06222583027815158 -0.04359435793482044 0.02171971958657057 0.02989928608498241 -0.01257258943343308 -0.000891320571293005 -0.006821707089723482 -0.05896553316667415 -0.06442143431622874 -0.07773292651289099 0.03986046117328038 -0.08066060118832277 -0.05738062726603443 -0.02607258652095643 -0.05548729124328725 0.0133162100408292 -0.04073663331680073 0.05937554427631198 0.03983534082155591 0.002290657225433675 0.02530125115717832 -0.1038769450655084 -0.002119536521837024 0.03321042314890569 0.04710750509050176 0.007092605396749222 -0.03408794955246069 0.0337784465036337 0.02227720473649786 0.05978576424878124 -0.0002037035330325764 0.06636875271515731 0.04506786315273725 -0.01444307701582125 0.002948832211499212 -0.0006268439056368782 0.02741972268131779 -0.004449410131492615 0.01374133518794379 -0.01520760144835753 0.04217030745350141 -0.09312490191946846 -0.0134736334901251 -0.03813199337978565 0.02742082561430443 -0.01954124264703981 -0.01550762624227219 -0.01782473005557466 -0.01535024284285757 -0.07054380487620321 0.01736976321242712 0.05929511354238038 0.07540826889848982 -0.03778017427479918 0.005785081622615761 -0.0413784703978093 0.05337255488729424 0.004993648536142885 0.02109247875471682 0.05383307315390133 0.05037860238259428 -0.03004534942819921 0.07474993178849627 0.03245910804297319 0.03439530821543166 0.06623768567850179 -0.06719779484220102 -0.03796230192795002 -0.03949451462160119 0.02855187903674221 -0.02123428421484636 0.0540496710524991 -0.02604184574902458 -0.00829912687577067 -0.02795544024805306 0.01858181010563058 -0.04207161892302426 0.04144725199993329 -0.01314822260338155 -0.004098437494617744 -0.007589474958553145 0.008507677225886306 -0.06751113684996608 0.07272708712006745 -0.07291362874812272 -0.01623578516691361 0.0001258706031113973 0.1979006763178185


