# Created by Octave 4.2.1, Mon Oct 09 15:12:30 2017 BRT <root@mosqueiro>
# name: w2
# type: matrix
# rows: 1
# columns: 201
 0.03800453228169064 0.07943557130149272 -0.06150508493340615 -0.08132128066852767 0.02360720155496224 -0.02898862805489729 -0.1034941908235281 -0.01139945334531106 0.1051242953848362 0.03360024657485591 0.002883149492032909 -0.07701669820146201 -0.03485849851257965 -0.09620662786996909 -0.0494306675608994 0.02798686544075142 -0.004315185952890897 0.08448841901776266 -0.01354816609829259 0.08207273166154869 0.1428525578756325 -0.02256199773419242 -0.09335411289549006 0.08178627420933057 -0.1425345981667476 0.08561842158727066 0.06249947069756575 -0.08534104257869916 0.01335409292026815 -0.03212051130725978 -0.02684768675734026 -0.08406780771097919 -0.02284261138820314 -0.11002844280307 0.05163763394803162 -0.09228734301310801 0.03907831731052523 -0.04841040718316797 -0.04741061274661226 -0.04175222336799012 -0.06783778462220616 -0.03778552909165846 -0.002218987392159338 0.05459903075626674 0.03532815385887049 -0.003008520674351551 -0.1287105276792945 -0.02604513175647993 -0.04423485812014752 0.005313637798426016 -0.05066412918117472 0.04566528938083907 0.09504528314404606 -0.07518537595151603 0.03826307680261532 -0.03588164284482251 0.03676709391473236 0.03385251239305519 0.09723781656934488 0.0999427412968826 -0.07136930578730372 -0.01095971912383003 0.05728058199292504 -0.05388993901786145 0.04595010740907619 -0.057002162474388 -0.1108057212179351 -0.1135995914210629 0.05081214757638584 0.03500345354674299 0.03724377098920873 0.01131760638889726 -0.07307322568279914 0.0007448630434852312 0.06554396022270523 -0.1312547935755806 -0.01884925408994526 0.06419712788667695 -0.007377526056439428 0.04860864641232699 0.05896137768899538 0.03540152784431183 -0.01442635673663711 0.02569037962696512 0.0802394665663365 -0.08779872307035924 0.02570053224093966 -0.07327676022426256 0.05843074092334598 0.05755122078962583 0.04313793598558749 0.06607753447457668 0.0244482955820168 -0.07304037132139451 0.0629213909246958 0.05367606840338307 0.05079900530731128 -0.08849205206228725 0.007157592591965897 0.04020853945861415 -0.04032942549223466 0.07600637967820975 -0.03938796460861407 -0.02279222033567245 0.02436981611461408 -0.0841016401776436 0.03674102549917473 -0.03753260516056176 -0.01650447754389894 -0.08463687805764952 0.05317945258974887 0.1449423123832725 -0.01758220093306844 -0.1754687172427895 -0.006187335134914679 -0.05791056042376055 0.09764979631559578 -0.02513157344900108 0.06488458947099829 -0.03166413427093567 -0.1185448596481915 -0.05547772399715421 0.02907772209733331 0.06032936184386894 -0.08278161117820482 -0.1132817320018276 -0.001898723986001965 -0.07604264075159323 0.009666916765624006 -0.07162258783485911 -0.03335614811585919 0.07817821036155231 -0.04011100974835481 0.04359050147119198 -0.02217220558929708 -0.02015860106381051 -0.0347876623670075 -0.007525782888378116 0.006795478263949595 0.04276867994111697 0.02566692626205275 -0.121885736524471 0.007363431116548413 -0.0308622141442737 -0.006523148660008637 -0.04015569329245252 -0.1444613264593915 0.09617488106519331 -0.08229624191840827 0.03063391841193681 -0.05955352777137432 -0.02699833534849027 0.09245737449557775 -0.05307634893106718 -0.1031959379163984 0.02139440822633907 0.04948055001910617 0.07470357990626134 -0.01279190655411666 -0.04088851800729572 -0.04395739951130091 0.01659920514950776 -0.03669183297155193 0.001658616946208353 0.06145610923795385 -0.03563906743297288 0.01427551388287659 -0.03110616519234201 -0.04669773593889621 -0.086542673323421 -0.02528894881292349 -0.02285905837459334 0.01877014268195899 -0.03245683238139522 0.04844991440147361 -0.01215943382501658 -0.002323310546257888 0.08439310181575575 -0.1462640874286713 -0.05019243367195843 0.04359934423727738 -0.06316854169285102 0.0538181142788396 -0.01215509853707125 -0.1172017490292274 -0.01057816685501042 -0.005626812886898334 0.02940629952514504 -0.02913516255613896 0.01179453031763614 0.01530270663952257 0.09756510351656134 0.02571549351109743 0.007660474109546733 -0.07643762656772174 -0.01345601207435785 0.01722490973795946 -0.02657139737236887 -0.04350663321257563 0.1397676526741877 0.2935099108475023


