# Created by Octave 4.2.1, Mon Oct 09 15:16:31 2017 BRT <root@mosqueiro>
# name: w2
# type: matrix
# rows: 1
# columns: 201
 -0.0461017954344925 -0.00780901894739864 0.009263817120791268 0.005792364204989782 0.004651226383001339 -0.006042589844161386 -0.05290594045176853 -0.05495066683853087 -0.06900120290728769 0.02549666426608974 0.06210525084818144 -0.03159313347907579 -0.002621038899098759 -0.02421059864060214 -0.03150371481746504 0.0435087643496271 0.0008453918274205828 0.01794889459939824 0.001920720189063181 -0.02188678823254347 -0.04899124815293704 -0.04701467315806883 -0.03242064098189578 0.06399287300633071 0.04687754552824896 0.004438484466041346 -0.02114674210885697 0.01288266327232493 -0.007674589050187787 -0.01395311449799135 0.0591495118439186 -0.04145688265933416 0.005927389786185255 0.03624384815773702 -0.05289582445366091 0.009258940460441203 -0.004463715430758448 0.0122743663778441 0.003101231465752187 -0.01273215658716322 -0.08811775581576561 -0.0855298475599697 0.02833441246759889 0.04815441041357662 -0.00858172470935367 0.0477065124507499 -0.0237686457281843 0.02131371414376945 0.05368451425093881 -0.01405934578884292 -0.01974374961641834 -0.05935277370041009 0.0386821695819499 0.0448782578354618 -0.02802615946600029 0.01833122628495949 0.05861623781307997 -0.1076382629779757 -0.01115715430184786 -0.01043154498023461 0.05567841962961921 0.0110631181239548 0.05592669499953182 0.05410758477528967 -0.05827192826926534 0.03106413395330561 0.01930648216943458 -0.02024052824896858 0.05803896976887005 -0.1230048773670189 0.03120848945560465 0.04003837415207064 0.02513028662500081 0.08634249026612179 0.009380776967206156 -0.03003322752452364 -0.01388232635806111 0.01468141050388125 0.01495065640653162 0.05341618082980744 -0.0250093331125298 0.0753721169512569 -0.05333451730916716 -0.02379884921075635 -0.02221784673247328 0.0636807570156411 -0.05804875493198195 -0.03973737305469661 0.03211377892604568 0.05149565533468119 -0.008948137487632117 0.05836008395530903 0.05886073165430209 0.03225897500196004 0.008797643148044747 0.02890764945810582 -0.01544587734956774 0.05306564323076521 0.04427162343669421 -0.04000953217232936 0.006852251270499555 0.08173073899362934 -0.02319491345658735 -0.02252162790948317 -0.02017616678396989 -0.002240982066901263 0.05371207749605103 -0.04182748559509993 -0.05809674935955245 0.06626073428674617 0.07119214225169412 0.0632432058538098 -0.03223998306291373 -0.01914277516253514 0.02137662734069381 -0.004516547611951706 -0.08185805953084294 -0.02591816466954647 -0.07613613397979452 -0.05826746866621425 -0.02351660015834569 0.05065160497816978 0.007823579469898499 0.05247457917133619 -0.008489584664402328 -0.07338653364980936 0.01362310020251967 -0.04318362689137093 0.03910212212340974 0.0005591993393969899 0.06458647042387573 0.02751311172605749 0.05703564875011613 0.001805275294147462 -0.006161807407460012 0.07346800901046525 0.0007078674954479425 -0.03398661254174089 -0.003181036731378634 -0.0351593940492301 -0.0433630302588843 0.03451976007036672 0.01026628122385202 0.007029237707326171 0.0196765590913553 -0.009590238406786378 -0.02931230702813104 0.0585361496010918 0.01780182047604188 0.01321454833270436 -0.04765794847476786 0.01103715982282269 -0.04706250417368952 0.0476442242172793 -0.03097466863980954 -0.02346599877116348 -0.03222546328567965 0.04455991849528108 0.0260732227125381 -0.0007664120491244447 0.02961288202265876 -0.02357743304224882 -0.01033885148013947 0.04754270511749392 -0.01387973333218787 -0.0905108988178107 0.01057444052776209 0.06671354101531771 -0.0207415031882934 -0.02331061163626149 -0.02557721327131911 -0.03564269491644025 0.02456119841898353 -0.07183615441858883 -0.00520001417490367 -0.0002585140789974814 0.04367764141413077 -0.04248532089071143 -0.05385870622411085 0.01915837531780195 -0.03797876526382711 0.02240133109812473 -0.008287312143383437 0.0217304193034156 -0.01040318320052791 -0.01710254696922293 0.1046594767882323 0.06823886254946106 0.01894822366404418 0.04142323163573233 0.003219020537107524 0.02505719262792589 -0.02026762503272267 -0.0733908157425274 -0.02193657952112055 0.001556192680955498 -0.02228289011685564 0.02741847978412444 0.01014072119636686 -0.005559200462378296 0.2443062384851823


