# Created by Octave 4.2.1, Mon Oct 09 10:14:18 2017 BRT <root@mosqueiro>
# name: pop
# type: matrix
# rows: 200
# columns: 10
 55548.78748644779 56163.97041307513 -592.4755928448676 -62517.31717974057 -59948.21548691832 2308.608910404348 -94288.66632501848 94861.66685526415 39219.39924355944 -30851.16850053917
 62621.77755486884 52516.3878691687 698.7298436680802 -59270.16796916784 -64800.63756559762 4872.994628715667 -99043.12000845677 93429.16664692842 39319.07361171061 -30010.24262811544
 59074.29514658445 53901.4629719982 1406.4249203457 -63170.60029444527 -59897.22354975237 1158.932984144893 -98842.17674845431 96372.52345199595 35362.09234733231 -24816.3853041664
 53055.206691111 -88360.2595700317 86429.53096467801 -28453.85652137485 -84012.39993213103 -60744.06961091291 65323.27129109844 9599.069946083066 46357.42224110052 5392.337546241557
 66576.32582009089 -31835.19668696774 192792.797893726 -31122.35256592829 -25785.02279540661 201625.1603100606 -159515.5860132476 90316.40409872461 148972.7239226346 384913.0862840945
 -50463.74759835799 -59266.04362034348 83046.5172625978 -31566.31123550822 69778.31061583986 -57427.14419131565 67264.74415220288 -104027.706693371 23813.41569804373 45475.36981373728
 59074.29514658445 53901.4629719982 1406.4249203457 -63170.60029444527 -59897.22354975237 1158.932984144893 -98842.17674845431 96372.52345199595 35362.09234733231 -24816.3853041664
 59219.50135691443 54551.43500890536 4571.608297854617 -61755.26263128835 -55691.90756547579 2524.835592999874 -93940.85746740313 95801.71765715021 31965.26299742056 -28255.24711761287
 59074.29514658445 53901.4629719982 1406.4249203457 -63170.60029444527 -59897.22354975237 1158.932984144893 -98842.17674845431 96372.52345199595 35362.09234733231 -24816.3853041664
 59074.29514658445 53901.4629719982 1406.4249203457 -63170.60029444527 -59897.22354975237 1158.932984144893 -98842.17674845431 96372.52345199595 35362.09234733231 -24816.3853041664
 55548.78748644779 56163.97041307513 -592.4755928448676 -62517.31717974057 -59948.21548691832 2308.608910404348 -94288.66632501848 94861.66685526415 39219.39924355944 -30851.16850053917
 -48702.33287192884 7149.705690182283 13566.80163268176 75703.2902349153 33429.15632184492 -1022.437901030153 50936.8921175866 56684.31484328701 -88355.0698499568 -35038.89959485728
 59074.29514658445 53901.4629719982 1406.4249203457 -63170.60029444527 -59897.22354975237 1158.932984144893 -98842.17674845431 96372.52345199595 35362.09234733231 -24816.3853041664
 54048.55369064961 55543.81555020406 155.3155639880026 -66444.03884147733 -60401.05015548346 -796.4383554999117 -88254.05289952138 95811.08715265157 36713.44814644651 -21338.77941053364
 59074.29514658445 53901.4629719982 1406.4249203457 -63170.60029444527 -59897.22354975237 1158.932984144893 -98842.17674845431 96372.52345199595 35362.09234733231 -24816.3853041664
 59074.29514658445 53901.4629719982 1406.4249203457 -63170.60029444527 -59897.22354975237 1158.932984144893 -98842.17674845431 96372.52345199595 35362.09234733231 -24816.3853041664
 59074.29514658445 53901.4629719982 1406.4249203457 -63170.60029444527 -59897.22354975237 1158.932984144893 -98842.17674845431 96372.52345199595 35362.09234733231 -24816.3853041664
 59074.29514658445 53901.4629719982 1406.4249203457 -63170.60029444527 -59897.22354975237 1158.932984144893 -98842.17674845431 96372.52345199595 35362.09234733231 -24816.3853041664
 -95641.35113799793 47862.92658503765 34310.89387864074 29025.8030283411 35691.23607488557 -7872.074558819339 16642.26001290578 69398.06709126038 -107030.5162770486 -43947.62937863608
 -303642.5988961988 -197450.9851201965 -237259.6336822945 -158548.7545694803 -60533.63319033764 -153010.1829725171 -18778.34160729155 397815.4978656644 -297873.7033256113 -224366.5404917924
 53055.206691111 -88360.2595700317 86429.53096467801 -28453.85652137485 -84012.39993213103 -60744.06961091291 65323.27129109844 9599.069946083066 46357.42224110052 5392.337546241557
 -55184.869799637 -55572.95817259586 86685.26449884288 -19753.8392856632 78002.42051514887 -60580.4425179414 60539.44010507618 -87066.91901831006 39537.09032247713 31388.20702370044
 53055.206691111 -88360.2595700317 86429.53096467801 -28453.85652137485 -84012.39993213103 -60744.06961091291 65323.27129109844 9599.069946083066 46357.42224110052 5392.337546241557
 56037.1158819231 50523.78405447812 -1064.542686172457 -61671.85500215933 -57700.4436561218 2257.302428225624 -91562.66986490914 97970.02137731107 34912.63464478609 -27792.52698518097
 -283314.0567819092 -202934.9628390572 -215601.5924545982 -159712.4009147795 -64216.69965381164 -158219.1047104062 -37705.44938542349 395462.5608579353 -307268.7488427596 -234645.8531334733
 59074.29514658445 53901.4629719982 1406.4249203457 -63170.60029444527 -59897.22354975237 1158.932984144893 -98842.17674845431 96372.52345199595 35362.09234733231 -24816.3853041664
 62621.77755486884 52516.3878691687 698.7298436680802 -59270.16796916784 -64800.63756559762 4872.994628715667 -99043.12000845677 93429.16664692842 39319.07361171061 -30010.24262811544
 59074.29514658445 53901.4629719982 1406.4249203457 -63170.60029444527 -59897.22354975237 1158.932984144893 -98842.17674845431 96372.52345199595 35362.09234733231 -24816.3853041664
 59074.29514658445 53901.4629719982 1406.4249203457 -63170.60029444527 -59897.22354975237 1158.932984144893 -98842.17674845431 96372.52345199595 35362.09234733231 -24816.3853041664
 67533.30490473684 49255.41724050601 -3316.82655942093 -62390.52963875586 -58460.60722715499 1787.154937159444 -97849.30121773275 97043.26438481819 34691.59460755157 -26409.95257473165
 59074.29514658445 53901.4629719982 1406.4249203457 -63170.60029444527 -59897.22354975237 1158.932984144893 -98842.17674845431 96372.52345199595 35362.09234733231 -24816.3853041664
 80338.49784659891 -95625.85533544843 113921.0936969461 -32286.96224815863 -43632.25731249297 -44892.27138241105 109642.151577817 56373.68080929116 86729.7633477724 29352.41705193938
 55548.78748644779 56163.97041307513 -592.4755928448676 -62517.31717974057 -59948.21548691832 2308.608910404348 -94288.66632501848 94861.66685526415 39219.39924355944 -30851.16850053917
 59074.29514658445 53901.4629719982 1406.4249203457 -63170.60029444527 -59897.22354975237 1158.932984144893 -98842.17674845431 96372.52345199595 35362.09234733231 -24816.3853041664
 59074.29514658445 53901.4629719982 1406.4249203457 -63170.60029444527 -59897.22354975237 1158.932984144893 -98842.17674845431 96372.52345199595 35362.09234733231 -24816.3853041664
 59074.29514658445 53901.4629719982 1406.4249203457 -63170.60029444527 -59897.22354975237 1158.932984144893 -98842.17674845431 96372.52345199595 35362.09234733231 -24816.3853041664
 59074.29514658445 53901.4629719982 1406.4249203457 -63170.60029444527 -59897.22354975237 1158.932984144893 -98842.17674845431 96372.52345199595 35362.09234733231 -24816.3853041664
 -62027.44210435686 18793.74904132649 15428.72233409488 80100.20057968856 30808.25444967115 -14852.58233123229 21572.08420999556 56499.39635846476 -91776.39117347467 -50982.87126653732
 31984.74440297907 49249.98368088221 -7274.228481508779 -83937.56742086548 -65163.46365406222 3136.790101193605 -111120.7693800963 98395.51531478726 29774.81850356374 -14432.79505872897
 59074.29514658445 53901.4629719982 1406.4249203457 -63170.60029444527 -59897.22354975237 1158.932984144893 -98842.17674845431 96372.52345199595 35362.09234733231 -24816.3853041664
 59074.29514658445 53901.4629719982 1406.4249203457 -63170.60029444527 -59897.22354975237 1158.932984144893 -98842.17674845431 96372.52345199595 35362.09234733231 -24816.3853041664
 59074.29514658445 53901.4629719982 1406.4249203457 -63170.60029444527 -59897.22354975237 1158.932984144893 -98842.17674845431 96372.52345199595 35362.09234733231 -24816.3853041664
 59074.29514658445 53901.4629719982 1406.4249203457 -63170.60029444527 -59897.22354975237 1158.932984144893 -98842.17674845431 96372.52345199595 35362.09234733231 -24816.3853041664
