# Created by Octave 4.2.1, Mon Oct 09 10:13:11 2017 BRT <root@mosqueiro>
# name: pop
# type: matrix
# rows: 200
# columns: 10
 59074.29514658445 53901.4629719982 1406.4249203457 -63170.60029444527 -59897.22354975237 1158.932984144893 -98842.17674845431 96372.52345199595 35362.09234733231 -24816.3853041664
 59074.29514658445 53901.4629719982 1406.4249203457 -63170.60029444527 -59897.22354975237 1158.932984144893 -98842.17674845431 96372.52345199595 35362.09234733231 -24816.3853041664
 -220074.2412332215 -27121.36550513956 6967.743934043596 -9745.952582175141 272418.300466231 143647.8755272071 -76166.29222347314 201207.4410502262 46924.86170168399 -151914.545407566
 210479.1542125283 -232362.8464387344 156221.1492417756 13213.35645231741 -31859.680395043 159798.6782620373 297380.6212689585 9173.384050350314 -150368.2441780958 -107055.2152077462
 -218457.1252590008 152998.4532925091 239638.9220832672 271534.3186895136 -65808.65337857415 279302.450410524 -15745.50441635486 254666.4609320265 -315871.6449923144 -63906.35795507724
 47142.00415046637 42280.5564014363 152675.3845603687 -158080.2477810202 -124021.8369852259 -289608.602496083 -194202.653285567 317394.6025749714 -207763.463239301 -171805.7498133008
 104927.8133625191 -49094.76844015624 292766.5198965388 -234970.6672537086 -30741.14447611014 255824.6321775149 -300053.8378372152 297155.0340993429 -114013.2748632267 74283.1490734824
 -194960.7832055056 -124708.577703707 -49296.87834443929 -127955.3839801759 -73916.07442053693 -66237.18299838559 -32955.18379035013 52085.46813927054 56940.56560193804 -22805.95747327556
 52380.87223150588 101573.6816482343 -134846.7762780993 173846.0470091485 -234715.784963657 69544.19788661807 47405.20209625398 315730.1036521008 -297976.5655000441 -87179.00148766956
 53055.206691111 -88360.2595700317 86429.53096467801 -28453.85652137485 -84012.39993213103 -60744.06961091291 65323.27129109844 9599.069946083066 46357.42224110052 5392.337546241557
 59074.29514658445 53901.4629719982 1406.4249203457 -63170.60029444527 -59897.22354975237 1158.932984144893 -98842.17674845431 96372.52345199595 35362.09234733231 -24816.3853041664
 72888.69622058058 64664.022042725 -98650.79241711373 1619.937223284971 -99427.59060745433 59563.81284181541 47417.62919166189 -78714.81483509016 -26982.88016034763 -90796.36057989963
 -4264.028895776253 -73061.06124027936 -23846.99089027591 -19132.00844295463 17047.01395062883 -5122.340946830343 75714.38688466835 92100.04149952834 37514.40647857887 -86107.75651193445
 59074.29514658445 53901.4629719982 1406.4249203457 -63170.60029444527 -59897.22354975237 1158.932984144893 -98842.17674845431 96372.52345199595 35362.09234733231 -24816.3853041664
 59074.29514658445 53901.4629719982 1406.4249203457 -63170.60029444527 -59897.22354975237 1158.932984144893 -98842.17674845431 96372.52345199595 35362.09234733231 -24816.3853041664
 59074.29514658445 53901.4629719982 1406.4249203457 -63170.60029444527 -59897.22354975237 1158.932984144893 -98842.17674845431 96372.52345199595 35362.09234733231 -24816.3853041664
 59074.29514658445 53901.4629719982 1406.4249203457 -63170.60029444527 -59897.22354975237 1158.932984144893 -98842.17674845431 96372.52345199595 35362.09234733231 -24816.3853041664
 98423.36554886156 -21680.20282631367 -39583.46271898416 -56373.48117817601 -66789.37026684979 17680.94900865285 -75585.49586831067 -20848.06411904356 -64195.03210757144 5075.419623984475
 -62027.44210435686 18793.74904132649 15428.72233409488 80100.20057968856 30808.25444967115 -14852.58233123229 21572.08420999556 56499.39635846476 -91776.39117347467 -50982.87126653732
 59074.29514658445 53901.4629719982 1406.4249203457 -63170.60029444527 -59897.22354975237 1158.932984144893 -98842.17674845431 96372.52345199595 35362.09234733231 -24816.3853041664
 -12268.28834025924 79220.76779362833 -48979.44086887097 -48080.95297106613 70475.8331381882 54567.21459908952 47734.4655737768 -4023.831538344704 -49187.94788218616 -63293.91667931979
 59074.29514658445 53901.4629719982 1406.4249203457 -63170.60029444527 -59897.22354975237 1158.932984144893 -98842.17674845431 96372.52345199595 35362.09234733231 -24816.3853041664
 59074.29514658445 53901.4629719982 1406.4249203457 -63170.60029444527 -59897.22354975237 1158.932984144893 -98842.17674845431 96372.52345199595 35362.09234733231 -24816.3853041664
 59074.29514658445 53901.4629719982 1406.4249203457 -63170.60029444527 -59897.22354975237 1158.932984144893 -98842.17674845431 96372.52345199595 35362.09234733231 -24816.3853041664
 59074.29514658445 53901.4629719982 1406.4249203457 -63170.60029444527 -59897.22354975237 1158.932984144893 -98842.17674845431 96372.52345199595 35362.09234733231 -24816.3853041664
 59074.29514658445 53901.4629719982 1406.4249203457 -63170.60029444527 -59897.22354975237 1158.932984144893 -98842.17674845431 96372.52345199595 35362.09234733231 -24816.3853041664
 11187.97148164237 -34792.06367424787 -28975.24038138321 -15203.63632428921 2153.448581405231 85492.74905715199 58891.13049893305 57621.59689210422 -94945.4988580987 62655.51453815371
 304801.107882077 159404.4191581027 -174879.7107972014 -212946.0727244701 149971.407800142 63721.44796566162 275222.1585664272 -33992.67677155837 84137.78591568758 -232897.1937202987
 59074.29514658445 53901.4629719982 1406.4249203457 -63170.60029444527 -59897.22354975237 1158.932984144893 -98842.17674845431 96372.52345199595 35362.09234733231 -24816.3853041664
 59074.29514658445 53901.4629719982 1406.4249203457 -63170.60029444527 -59897.22354975237 1158.932984144893 -98842.17674845431 96372.52345199595 35362.09234733231 -24816.3853041664
 59074.29514658445 53901.4629719982 1406.4249203457 -63170.60029444527 -59897.22354975237 1158.932984144893 -98842.17674845431 96372.52345199595 35362.09234733231 -24816.3853041664
 43241.81751171377 19258.88134108535 -2641.069086678355 14271.16209934172 25195.50892670116 -48472.35107318467 58419.51427776201 12394.38723168973 19816.13298841628 62041.44702819377
 -62027.44210435686 18793.74904132649 15428.72233409488 80100.20057968856 30808.25444967115 -14852.58233123229 21572.08420999556 56499.39635846476 -91776.39117347467 -50982.87126653732
 59074.29514658445 53901.4629719982 1406.4249203457 -63170.60029444527 -59897.22354975237 1158.932984144893 -98842.17674845431 96372.52345199595 35362.09234733231 -24816.3853041664
 59074.29514658445 53901.4629719982 1406.4249203457 -63170.60029444527 -59897.22354975237 1158.932984144893 -98842.17674845431 96372.52345199595 35362.09234733231 -24816.3853041664
 59074.29514658445 53901.4629719982 1406.4249203457 -63170.60029444527 -59897.22354975237 1158.932984144893 -98842.17674845431 96372.52345199595 35362.09234733231 -24816.3853041664
 -75558.82112700546 28719.04566604162 43461.15663249331 -16402.04401372428 93229.05086982055 -72535.7352155323 -60546.75954738619 67575.81934930992 -48988.00465132879 -40875.68453456739
 59074.29514658445 53901.4629719982 1406.4249203457 -63170.60029444527 -59897.22354975237 1158.932984144893 -98842.17674845431 96372.52345199595 35362.09234733231 -24816.3853041664
 -61346.81945223451 -5029.003005792503 82790.36126415827 6205.235067892456 99132.25357183069 4411.72171150049 -19885.07394661516 -16893.97465718508 91764.16521037681 -23832.79771668967
 -62027.44210435686 18793.74904132649 15428.72233409488 80100.20057968856 30808.25444967115 -14852.58233123229 21572.08420999556 56499.39635846476 -91776.39117347467 -50982.87126653732
 -62557.64757509738 -19437.44365038368 -81254.78855863099 -22618.57703954953 46773.34922363574 -32627.97184094127 -87902.67644861764 80935.68108000816 -72906.98872246491 -66011.45389501128
 53055.206691111 -88360.2595700317 86429.53096467801 -28453.85652137485 -84012.39993213103 -60744.06961091291 65323.27129109844 9599.069946083066 46357.42224110052 5392.337546241557
 -136819.7744213108 38754.45984918375 15818.64860669198 86219.69293870842 188709.3518132981 327266.0765369288 66763.204042863 -247633.9024123596 -131489.0745334698 -193374.3408339105
