# Created by Octave 4.2.1, Mon Oct 09 10:13:01 2017 BRT <root@mosqueiro>
# name: pop
# type: matrix
# rows: 200
# columns: 10
 59074.29514658445 53901.4629719982 1406.4249203457 -63170.60029444527 -59897.22354975237 1158.932984144893 -98842.17674845431 96372.52345199595 35362.09234733231 -24816.3853041664
 59074.29514658445 53901.4629719982 1406.4249203457 -63170.60029444527 -59897.22354975237 1158.932984144893 -98842.17674845431 96372.52345199595 35362.09234733231 -24816.3853041664
 52068.82480096328 -40428.68387811199 80358.08701424272 7202.473121825475 -40324.74713720028 71793.7763467078 -34228.78095244912 98909.69583695955 -83277.47382999692 -98479.36213657055
 428900.6874081953 57764.57064003191 -112750.0884744117 -101300.8130000383 -234553.1153696763 -39761.83944042365 -173523.6623693442 37314.89352345367 6763.769094987103 61383.94237877145
 93893.33295844067 -70505.76397084781 85348.07527217708 -78518.87410879272 93335.29405990048 -23119.05427800705 -16868.62737789426 33991.39442959495 15496.94561889954 52276.40085807149
 -4264.028895776253 -73061.06124027936 -23846.99089027591 -19132.00844295463 17047.01395062883 -5122.340946830343 75714.38688466835 92100.04149952834 37514.40647857887 -86107.75651193445
 3498.429874683803 -20673.47432931991 -74719.9589243886 95818.65624217939 19968.21533596891 40347.62482801371 -75833.95275446473 -17473.79883230232 -24572.79329951089 76778.99105366692
 59876.94949269734 -35165.31315182959 70153.84457442953 -48148.16559095171 -82214.92967494816 69030.53239295521 91135.67861633038 -21446.17118905098 -46877.45781187439 26339.12912050338
 26408.79672998952 -28753.11456052086 -69307.95933103541 15607.10660751165 -27422.8387008908 21190.86275868941 2837.179609538376 29875.85176559766 18405.54937981625 -33368.90197108722
 59074.29514658445 53901.4629719982 1406.4249203457 -63170.60029444527 -59897.22354975237 1158.932984144893 -98842.17674845431 96372.52345199595 35362.09234733231 -24816.3853041664
 12735.58551108489 -58295.9280928173 -56275.56586788317 19624.59530857787 21239.23977713793 -3097.054734442412 15094.01910714019 -40800.52545392326 26883.33007055974 77232.89544723975
 -62027.44210435686 18793.74904132649 15428.72233409488 80100.20057968856 30808.25444967115 -14852.58233123229 21572.08420999556 56499.39635846476 -91776.39117347467 -50982.87126653732
 -62995.45484303303 47160.61458637024 -84328.31490166803 -93221.94691213625 95585.44895923403 25406.24641505523 38970.23589687937 -46830.26410618213 92521.03880771171 -5158.565973522316
 -62027.44210435686 18793.74904132649 15428.72233409488 80100.20057968856 30808.25444967115 -14852.58233123229 21572.08420999556 56499.39635846476 -91776.39117347467 -50982.87126653732
 188780.4794039141 -480657.1638939957 -52374.22063071649 111901.9663642901 -48080.4422298919 295817.2814697522 387452.3656872938 -15183.3248550322 292619.5180935787 310691.9255037843
 26405.36236814703 -7547.522410247373 20082.36528623497 -10030.16447330051 -32870.31800734802 -20567.46605788883 29181.9422538244 18072.93042761777 5580.526127388177 17794.08801018793
 59074.29514658445 53901.4629719982 1406.4249203457 -63170.60029444527 -59897.22354975237 1158.932984144893 -98842.17674845431 96372.52345199595 35362.09234733231 -24816.3853041664
 -55184.869799637 -55572.95817259586 86685.26449884288 -19753.8392856632 78002.42051514887 -60580.4425179414 60539.44010507618 -87066.91901831006 39537.09032247713 31388.20702370044
 59074.29514658445 53901.4629719982 1406.4249203457 -63170.60029444527 -59897.22354975237 1158.932984144893 -98842.17674845431 96372.52345199595 35362.09234733231 -24816.3853041664
 66645.87964143165 61119.07334208675 64516.94872107185 86077.84796298281 -69411.45141284772 -82547.18035434291 -67395.04746387876 -8489.421009581914 5118.303693855181 5007.525669002483
 -55184.869799637 -55572.95817259586 86685.26449884288 -19753.8392856632 78002.42051514887 -60580.4425179414 60539.44010507618 -87066.91901831006 39537.09032247713 31388.20702370044
 59074.29514658445 53901.4629719982 1406.4249203457 -63170.60029444527 -59897.22354975237 1158.932984144893 -98842.17674845431 96372.52345199595 35362.09234733231 -24816.3853041664
 -62027.44210435686 18793.74904132649 15428.72233409488 80100.20057968856 30808.25444967115 -14852.58233123229 21572.08420999556 56499.39635846476 -91776.39117347467 -50982.87126653732
 -62995.45484303303 47160.61458637024 -84328.31490166803 -93221.94691213625 95585.44895923403 25406.24641505523 38970.23589687937 -46830.26410618213 92521.03880771171 -5158.565973522316
 -4264.028895776253 -73061.06124027936 -23846.99089027591 -19132.00844295463 17047.01395062883 -5122.340946830343 75714.38688466835 92100.04149952834 37514.40647857887 -86107.75651193445
 68510.13426621223 -158930.160235387 -143780.0510766746 32750.14492473909 55856.5396490205 197881.3907126446 253693.7384234117 -31290.54166107242 171311.7179859536 48531.462012314
 59074.29514658445 53901.4629719982 1406.4249203457 -63170.60029444527 -59897.22354975237 1158.932984144893 -98842.17674845431 96372.52345199595 35362.09234733231 -24816.3853041664
 -212187.4823630546 68206.32158881528 93061.82221430614 -109888.3146969023 79198.89125684074 42326.92089081831 -44011.14726278681 102596.3978707909 57377.37776405799 14261.41664364158
 59074.29514658445 53901.4629719982 1406.4249203457 -63170.60029444527 -59897.22354975237 1158.932984144893 -98842.17674845431 96372.52345199595 35362.09234733231 -24816.3853041664
 -62995.45484303303 47160.61458637024 -84328.31490166803 -93221.94691213625 95585.44895923403 25406.24641505523 38970.23589687937 -46830.26410618213 92521.03880771171 -5158.565973522316
 -72402.19677050327 76824.49229797893 -97906.77953150903 52951.03600917698 81395.80193330528 -40442.94920940504 58528.170838202 -91856.47241220504 17408.99896923866 90695.74668884405
 -62063.81957086543 57422.1476774177 -66532.1947744494 83771.43587424626 94859.46704414007 30869.67191520891 97327.56583792466 86071.70958392948 29579.26283508909 94676.47267998714
 59074.29514658445 53901.4629719982 1406.4249203457 -63170.60029444527 -59897.22354975237 1158.932984144893 -98842.17674845431 96372.52345199595 35362.09234733231 -24816.3853041664
 59074.29514658445 53901.4629719982 1406.4249203457 -63170.60029444527 -59897.22354975237 1158.932984144893 -98842.17674845431 96372.52345199595 35362.09234733231 -24816.3853041664
 59074.29514658445 53901.4629719982 1406.4249203457 -63170.60029444527 -59897.22354975237 1158.932984144893 -98842.17674845431 96372.52345199595 35362.09234733231 -24816.3853041664
 53055.206691111 -88360.2595700317 86429.53096467801 -28453.85652137485 -84012.39993213103 -60744.06961091291 65323.27129109844 9599.069946083066 46357.42224110052 5392.337546241557
 -63201.24542541831 430961.6768582396 -41955.43260552568 112696.1173310689 58768.46026717003 -415611.4811134839 -3990.006549864178 -60022.11876967657 -125867.1658006562 -55607.36796549561
 53055.206691111 -88360.2595700317 86429.53096467801 -28453.85652137485 -84012.39993213103 -60744.06961091291 65323.27129109844 9599.069946083066 46357.42224110052 5392.337546241557
 -174299.7993565711 -8924.596541935942 145013.4930780976 19408.33730157782 194824.2324888455 37186.94475966646 -63879.14295367149 -438059.5181491012 -187851.4398296791 41806.62132005097
 -130013.9140760918 106950.4797171399 -269279.4919577991 -303907.273815023 -236942.485501997 614949.918724852 -87976.65169014269 -308113.840445405 126375.2151096859 21334.87820133865
 53055.206691111 -88360.2595700317 86429.53096467801 -28453.85652137485 -84012.39993213103 -60744.06961091291 65323.27129109844 9599.069946083066 46357.42224110052 5392.337546241557
 -47558.41591711224 -71139.04150798221 14980.53590123543 51343.92209646539 -81957.25803842313 -23496.59328554307 -48618.75083058432 -44291.56711304679 -58797.89217136863 49955.54514980543
