# Created by Octave 4.2.1, Mon Oct 09 10:13:36 2017 BRT <root@mosqueiro>
# name: pop
# type: matrix
# rows: 200
# columns: 10
 59074.29514658445 53901.4629719982 1406.4249203457 -63170.60029444527 -59897.22354975237 1158.932984144893 -98842.17674845431 96372.52345199595 35362.09234733231 -24816.3853041664
 59074.29514658445 53901.4629719982 1406.4249203457 -63170.60029444527 -59897.22354975237 1158.932984144893 -98842.17674845431 96372.52345199595 35362.09234733231 -24816.3853041664
 -303642.5988961988 -197450.9851201965 -237259.6336822945 -158548.7545694803 -60533.63319033764 -153010.1829725171 -18778.34160729155 397815.4978656644 -297873.7033256113 -224366.5404917924
 218527.7713569445 -258630.4847002942 174697.0313014686 -62188.43494745346 -95948.45304916942 164042.0976378553 173868.4744083542 -35380.69611607739 -130114.3272778743 -130122.0642254619
 59074.29514658445 53901.4629719982 1406.4249203457 -63170.60029444527 -59897.22354975237 1158.932984144893 -98842.17674845431 96372.52345199595 35362.09234733231 -24816.3853041664
 7948.176581581603 24199.93845205441 47550.61974058309 -99395.68472169878 -45455.41716340971 -83975.71024903591 38175.39954647806 8802.239351236189 77988.2856474657 79095.06833953224
 59074.29514658445 53901.4629719982 1406.4249203457 -63170.60029444527 -59897.22354975237 1158.932984144893 -98842.17674845431 96372.52345199595 35362.09234733231 -24816.3853041664
 -75558.82112700546 28719.04566604162 43461.15663249331 -16402.04401372428 93229.05086982055 -72535.7352155323 -60546.75954738619 67575.81934930992 -48988.00465132879 -40875.68453456739
 59074.29514658445 53901.4629719982 1406.4249203457 -63170.60029444527 -59897.22354975237 1158.932984144893 -98842.17674845431 96372.52345199595 35362.09234733231 -24816.3853041664
 -62027.44210435686 18793.74904132649 15428.72233409488 80100.20057968856 30808.25444967115 -14852.58233123229 21572.08420999556 56499.39635846476 -91776.39117347467 -50982.87126653732
 47405.84318578616 101222.3642035748 -32953.86127764201 -234563.677135374 -204300.2629021456 29195.61327986055 -94219.40527640379 210682.8998531238 5295.756171307094 -96950.84978755022
 59074.29514658445 53901.4629719982 1406.4249203457 -63170.60029444527 -59897.22354975237 1158.932984144893 -98842.17674845431 96372.52345199595 35362.09234733231 -24816.3853041664
 59074.29514658445 53901.4629719982 1406.4249203457 -63170.60029444527 -59897.22354975237 1158.932984144893 -98842.17674845431 96372.52345199595 35362.09234733231 -24816.3853041664
 59074.29514658445 53901.4629719982 1406.4249203457 -63170.60029444527 -59897.22354975237 1158.932984144893 -98842.17674845431 96372.52345199595 35362.09234733231 -24816.3853041664
 59074.29514658445 53901.4629719982 1406.4249203457 -63170.60029444527 -59897.22354975237 1158.932984144893 -98842.17674845431 96372.52345199595 35362.09234733231 -24816.3853041664
 49399.70323592612 182663.0734838535 111100.5597017017 113588.1749993522 -206432.8898972054 28621.37931066913 -291937.4764278514 17221.1452901141 -146159.2731738354 -304752.4714054634
 -62027.44210435686 18793.74904132649 15428.72233409488 80100.20057968856 30808.25444967115 -14852.58233123229 21572.08420999556 56499.39635846476 -91776.39117347467 -50982.87126653732
 98821.02178422324 46710.05730769126 -41956.80609630165 -190643.6112908985 -111486.7142900537 -71103.57801396282 20744.28025522322 60623.91491686688 29268.03455702936 10350.34627040226
 59074.29514658445 53901.4629719982 1406.4249203457 -63170.60029444527 -59897.22354975237 1158.932984144893 -98842.17674845431 96372.52345199595 35362.09234733231 -24816.3853041664
 59074.29514658445 53901.4629719982 1406.4249203457 -63170.60029444527 -59897.22354975237 1158.932984144893 -98842.17674845431 96372.52345199595 35362.09234733231 -24816.3853041664
 -62027.44210435686 18793.74904132649 15428.72233409488 80100.20057968856 30808.25444967115 -14852.58233123229 21572.08420999556 56499.39635846476 -91776.39117347467 -50982.87126653732
 59074.29514658445 53901.4629719982 1406.4249203457 -63170.60029444527 -59897.22354975237 1158.932984144893 -98842.17674845431 96372.52345199595 35362.09234733231 -24816.3853041664
 59074.29514658445 53901.4629719982 1406.4249203457 -63170.60029444527 -59897.22354975237 1158.932984144893 -98842.17674845431 96372.52345199595 35362.09234733231 -24816.3853041664
 -4264.028895776253 -73061.06124027936 -23846.99089027591 -19132.00844295463 17047.01395062883 -5122.340946830343 75714.38688466835 92100.04149952834 37514.40647857887 -86107.75651193445
 83237.16922591493 -163138.6316323213 -118646.2697054369 2961.428793034844 1574.267936594069 66787.58765438481 57510.268943544 17282.28967950538 80326.90341376368 -144740.7780457786
 59074.29514658445 53901.4629719982 1406.4249203457 -63170.60029444527 -59897.22354975237 1158.932984144893 -98842.17674845431 96372.52345199595 35362.09234733231 -24816.3853041664
 59074.29514658445 53901.4629719982 1406.4249203457 -63170.60029444527 -59897.22354975237 1158.932984144893 -98842.17674845431 96372.52345199595 35362.09234733231 -24816.3853041664
 26405.36236814703 -7547.522410247373 20082.36528623497 -10030.16447330051 -32870.31800734802 -20567.46605788883 29181.9422538244 18072.93042761777 5580.526127388177 17794.08801018793
 59074.29514658445 53901.4629719982 1406.4249203457 -63170.60029444527 -59897.22354975237 1158.932984144893 -98842.17674845431 96372.52345199595 35362.09234733231 -24816.3853041664
 59074.29514658445 53901.4629719982 1406.4249203457 -63170.60029444527 -59897.22354975237 1158.932984144893 -98842.17674845431 96372.52345199595 35362.09234733231 -24816.3853041664
 8974.503643011898 78145.9676448727 38007.80560790744 -22501.4735784386 -95005.74754905925 -207200.4428374628 234871.5996585463 -115544.3670028417 19836.75573492313 121412.7226352853
 57194.48487686073 -9084.077884647406 6854.168845328511 -65632.9773171345 -109829.1711283918 155290.2764811956 -86485.68937336039 -29121.52669542377 52369.87017925424 -87732.56171962029
 -47558.41591711224 -71139.04150798221 14980.53590123543 51343.92209646539 -81957.25803842313 -23496.59328554307 -48618.75083058432 -44291.56711304679 -58797.89217136863 49955.54514980543
 59074.29514658445 53901.4629719982 1406.4249203457 -63170.60029444527 -59897.22354975237 1158.932984144893 -98842.17674845431 96372.52345199595 35362.09234733231 -24816.3853041664
 59074.29514658445 53901.4629719982 1406.4249203457 -63170.60029444527 -59897.22354975237 1158.932984144893 -98842.17674845431 96372.52345199595 35362.09234733231 -24816.3853041664
 -62027.44210435686 18793.74904132649 15428.72233409488 80100.20057968856 30808.25444967115 -14852.58233123229 21572.08420999556 56499.39635846476 -91776.39117347467 -50982.87126653732
 -194960.7832055056 -124708.577703707 -49296.87834443929 -127955.3839801759 -73916.07442053693 -66237.18299838559 -32955.18379035013 52085.46813927054 56940.56560193804 -22805.95747327556
 59074.29514658445 53901.4629719982 1406.4249203457 -63170.60029444527 -59897.22354975237 1158.932984144893 -98842.17674845431 96372.52345199595 35362.09234733231 -24816.3853041664
 59074.29514658445 53901.4629719982 1406.4249203457 -63170.60029444527 -59897.22354975237 1158.932984144893 -98842.17674845431 96372.52345199595 35362.09234733231 -24816.3853041664
 59074.29514658445 53901.4629719982 1406.4249203457 -63170.60029444527 -59897.22354975237 1158.932984144893 -98842.17674845431 96372.52345199595 35362.09234733231 -24816.3853041664
 62436.33883664823 46168.33245200275 27423.4874275789 -105852.4746655147 -132359.8809055987 22250.13463070576 -8897.455126711022 130430.3947966462 42984.29558259689 -25329.52334586402
 59074.29514658445 53901.4629719982 1406.4249203457 -63170.60029444527 -59897.22354975237 1158.932984144893 -98842.17674845431 96372.52345199595 35362.09234733231 -24816.3853041664
 -72402.19677050327 76824.49229797893 -97906.77953150903 52951.03600917698 81395.80193330528 -40442.94920940504 58528.170838202 -91856.47241220504 17408.99896923866 90695.74668884405
