# Created by Octave 4.2.1, Mon Oct 09 10:12:39 2017 BRT <root@mosqueiro>
# name: pop
# type: matrix
# rows: 200
# columns: 10
 59074.29514658445 53901.4629719982 1406.4249203457 -63170.60029444527 -59897.22354975237 1158.932984144893 -98842.17674845431 96372.52345199595 35362.09234733231 -24816.3853041664
 -62027.44210435686 18793.74904132649 15428.72233409488 80100.20057968856 30808.25444967115 -14852.58233123229 21572.08420999556 56499.39635846476 -91776.39117347467 -50982.87126653732
 -67853.92199172392 97393.92055415749 38454.43029445183 91787.99872076232 -11581.12405368946 5853.885601028 -99325.85305761089 -71912.75591778252 83723.83476618494 -18586.70112850069
 53055.206691111 -88360.2595700317 86429.53096467801 -28453.85652137485 -84012.39993213103 -60744.06961091291 65323.27129109844 9599.069946083066 46357.42224110052 5392.337546241557
 -6455.134004009815 -58412.79661177191 2444.273319432425 -39771.52437843102 -2023.73644835384 51442.93783703473 -76018.60671710611 -63815.86102914852 -97470.85629323524 18802.17203593653
 9991.738497297352 -87719.38678724706 -57659.91133250746 88080.45708345243 29051.65374290291 86131.12910531132 9580.126909678525 -69412.48046227309 37610.55432763079 74297.15403796165
 -62027.44210435686 18793.74904132649 15428.72233409488 80100.20057968856 30808.25444967115 -14852.58233123229 21572.08420999556 56499.39635846476 -91776.39117347467 -50982.87126653732
 59074.29514658445 53901.4629719982 1406.4249203457 -63170.60029444527 -59897.22354975237 1158.932984144893 -98842.17674845431 96372.52345199595 35362.09234733231 -24816.3853041664
 -10158.11756863548 -95881.52745244067 -13402.08318074074 -63504.90287708172 -80480.68272771042 26352.60506552683 86580.53756323992 -6670.514307407822 32704.53610853685 -61437.67809368025
 92826.31849381243 18970.76745350384 -54375.77692861003 -54903.53446565949 93029.62651369316 -33883.02712963903 66133.77936390974 -97631.97539647316 15841.64243073679 -17173.58522890859
 -76491.96790819259 -97630.9455620037 -86091.58699157579 40629.35597449663 89044.36866096876 -65840.55712982832 -31161.90512686654 3707.213081420676 -2985.783586413585 -98809.28861739978
 -69352.34542268442 4887.491289444006 63788.13672843273 -94981.77873637498 69936.69594732558 48585.83015501339 -98383.69692185913 70072.98321795935 -21677.27249701043 -37527.16343520733
 17311.11066553011 -64005.59755754434 83600.04183202115 53292.7960711763 -331.1319674087863 -16588.1897617787 -83239.47828645891 30015.19986200993 51222.5425487833 83603.13807363057
 26063.86668022203 33742.54449199428 -79493.51554828713 -89632.4331883249 -23970.20091390127 -76178.69674682044 9694.939189205616 -50291.79415032433 25036.72548717925 -49720.5310311912
 602.0800418901345 58793.88930392827 -91811.9959164437 -60309.34734776348 -32277.82978544843 43030.99845280068 -28233.75835433611 -47209.00669841511 -30751.3217561474 -73890.28224724942
 43241.81751171377 19258.88134108535 -2641.069086678355 14271.16209934172 25195.50892670116 -48472.35107318467 58419.51427776201 12394.38723168973 19816.13298841628 62041.44702819377
 93893.33295844067 -70505.76397084781 85348.07527217708 -78518.87410879272 93335.29405990048 -23119.05427800705 -16868.62737789426 33991.39442959495 15496.94561889954 52276.40085807149
 59876.94949269734 -35165.31315182959 70153.84457442953 -48148.16559095171 -82214.92967494816 69030.53239295521 91135.67861633038 -21446.17118905098 -46877.45781187439 26339.12912050338
 26405.36236814703 -7547.522410247373 20082.36528623497 -10030.16447330051 -32870.31800734802 -20567.46605788883 29181.9422538244 18072.93042761777 5580.526127388177 17794.08801018793
 -62995.45484303303 47160.61458637024 -84328.31490166803 -93221.94691213625 95585.44895923403 25406.24641505523 38970.23589687937 -46830.26410618213 92521.03880771171 -5158.565973522316
 53055.206691111 -88360.2595700317 86429.53096467801 -28453.85652137485 -84012.39993213103 -60744.06961091291 65323.27129109844 9599.069946083066 46357.42224110052 5392.337546241557
 99348.38748202054 -35095.3637029137 19024.91171464647 -62419.64234873182 -39359.15098563056 -15480.07777291561 69513.85459736266 84400.31472124293 10430.32524665774 -21345.14509377615
 -4264.028895776253 -73061.06124027936 -23846.99089027591 -19132.00844295463 17047.01395062883 -5122.340946830343 75714.38688466835 92100.04149952834 37514.40647857887 -86107.75651193445
 -62027.44210435686 18793.74904132649 15428.72233409488 80100.20057968856 30808.25444967115 -14852.58233123229 21572.08420999556 56499.39635846476 -91776.39117347467 -50982.87126653732
 61499.05913422027 -62198.96053229236 28905.49873168749 -59829.65585370731 10470.34282320131 -70706.09399035454 -79218.23748096501 5869.751061608171 79679.75840900189 -32286.94290090198
 26408.79672998952 -28753.11456052086 -69307.95933103541 15607.10660751165 -27422.8387008908 21190.86275868941 2837.179609538376 29875.85176559766 18405.54937981625 -33368.90197108722
 90614.75979800394 -9759.269531763523 991.1627442968456 7179.009954677545 -38216.63563719367 21595.14088109604 1525.145646593766 18340.03077545093 678.4930911999109 -28850.35478199815
 11187.97148164237 -34792.06367424787 -28975.24038138321 -15203.63632428921 2153.448581405231 85492.74905715199 58891.13049893305 57621.59689210422 -94945.4988580987 62655.51453815371
 -75558.82112700546 28719.04566604162 43461.15663249331 -16402.04401372428 93229.05086982055 -72535.7352155323 -60546.75954738619 67575.81934930992 -48988.00465132879 -40875.68453456739
 -41817.40210781714 -68813.71386375895 5849.480339642338 33611.10015121751 67595.13149602455 -58263.30523745243 23147.58299984677 -90547.91562510616 -91773.66160521604 27209.68899208552
 2927.525514461406 -49258.91765574209 -53601.86745418338 72656.04677519464 -53840.49155243337 -8250.377629531125 -7916.029219620439 37444.26629270057 96193.90858888024 74575.31033184053
 -12512.21710703058 -5904.808681914219 62756.94060064259 -21940.95373369848 -68269.31025519292 -48711.42544876003 -66036.51613720068 3718.525550149672 -26007.30478151857 -32817.25452589884
 59024.23883676963 9002.983507656158 -23812.0718575162 -40702.01520606874 73514.99502019316 91860.00376558845 -90047.28169460071 -49229.54866639549 99260.51559100853 22239.16027940284
 3498.429874683803 -20673.47432931991 -74719.9589243886 95818.65624217939 19968.21533596891 40347.62482801371 -75833.95275446473 -17473.79883230232 -24572.79329951089 76778.99105366692
 -31804.6162321314 91531.03448229108 -55538.5267122204 37885.75935953652 86021.32729434335 46116.45073423462 -8169.181079525108 66063.88290182326 -10797.61202819733 80820.65239422067
 -55184.869799637 -55572.95817259586 86685.26449884288 -19753.8392856632 78002.42051514887 -60580.4425179414 60539.44010507618 -87066.91901831006 39537.09032247713 31388.20702370044
 81436.83971610863 26764.93122553338 69380.69176607163 -37824.11929700854 -77160.70679980912 14929.12546372329 -63089.43368709576 69707.90312752585 -44410.6840890247 -47750.24059108407
 -62063.81957086543 57422.1476774177 -66532.1947744494 83771.43587424626 94859.46704414007 30869.67191520891 97327.56583792466 86071.70958392948 29579.26283508909 94676.47267998714
 74280.08515095615 99241.57196002765 7564.794204221907 -67550.36753221891 70539.14204426933 -75764.76363581495 7154.421511910637 -95872.05880284111 -74305.62258889487 -53612.30037059964
 59064.81478511827 -48610.06489373542 87840.11581341768 -88929.10336797764 -52731.99267670426 -44164.12145066436 61272.7914989992 61989.22395095284 -76134.9943442205 -3379.544603217597
 -1773.795457419124 -97.63575143112394 94094.92586334987 7798.475086738981 23105.10783402492 -58027.04341892496 25218.66120986921 -51892.2382841578 -47459.32980627198 -85021.10686712457
 11585.8893441079 -70599.68932324715 71174.12884846493 -31837.27397798114 -36654.6159820422 73400.25862701816 -47649.61407098515 -65154.04347875607 10515.20591557893 64558.27203276611
