# Created by Octave 4.2.1, Mon Oct 09 10:14:31 2017 BRT <root@mosqueiro>
# name: pop
# type: matrix
# rows: 200
# columns: 10
 58676.24097190907 54758.26309091931 890.7734418118155 -63448.30235860337 -59913.53734058873 891.1098768209267 -99287.56595126609 96750.44003271571 35640.74021999683 -24942.41729048003
 55548.78748644779 56163.97041307513 -592.4755928448676 -62517.31717974057 -59948.21548691832 2308.608910404348 -94288.66632501848 94861.66685526415 39219.39924355944 -30851.16850053917
 59074.29514658445 53901.4629719982 1406.4249203457 -63170.60029444527 -59897.22354975237 1158.932984144893 -98842.17674845431 96372.52345199595 35362.09234733231 -24816.3853041664
 59097.12279384517 53592.38163664768 106.4585158198952 -62435.91014387822 -59786.83793600848 729.4072429357473 -99494.33500566936 96141.31266572265 36756.90404024492 -25538.48085795621
 59074.29514658445 53901.4629719982 1406.4249203457 -63170.60029444527 -59897.22354975237 1158.932984144893 -98842.17674845431 96372.52345199595 35362.09234733231 -24816.3853041664
 59074.29514658445 53901.4629719982 1406.4249203457 -63170.60029444527 -59897.22354975237 1158.932984144893 -98842.17674845431 96372.52345199595 35362.09234733231 -24816.3853041664
 62621.77755486884 52516.3878691687 698.7298436680802 -59270.16796916784 -64800.63756559762 4872.994628715667 -99043.12000845677 93429.16664692842 39319.07361171061 -30010.24262811544
 59074.29514658445 53901.4629719982 1406.4249203457 -63170.60029444527 -59897.22354975237 1158.932984144893 -98842.17674845431 96372.52345199595 35362.09234733231 -24816.3853041664
 60139.63361559918 53012.09044262864 1871.87932661848 -62134.60029911627 -59270.7515919109 443.9316896557592 -97864.03870050679 95101.53568737902 35055.84764991141 -23616.61519067873
 59074.29514658445 53901.4629719982 1406.4249203457 -63170.60029444527 -59897.22354975237 1158.932984144893 -98842.17674845431 96372.52345199595 35362.09234733231 -24816.3853041664
 59074.29514658445 53901.4629719982 1406.4249203457 -63170.60029444527 -59897.22354975237 1158.932984144893 -98842.17674845431 96372.52345199595 35362.09234733231 -24816.3853041664
 59074.29514658445 53901.4629719982 1406.4249203457 -63170.60029444527 -59897.22354975237 1158.932984144893 -98842.17674845431 96372.52345199595 35362.09234733231 -24816.3853041664
 -4264.028895776253 -73061.06124027936 -23846.99089027591 -19132.00844295463 17047.01395062883 -5122.340946830343 75714.38688466835 92100.04149952834 37514.40647857887 -86107.75651193445
 -62634.6625161323 18135.08849977586 15986.39365043916 80040.37028724902 30364.45317796442 -15642.50457571549 21671.77615949925 56892.81457806881 -92790.75814129032 -50852.11086039172
 55548.78748644779 56163.97041307513 -592.4755928448676 -62517.31717974057 -59948.21548691832 2308.608910404348 -94288.66632501848 94861.66685526415 39219.39924355944 -30851.16850053917
 59074.29514658445 53901.4629719982 1406.4249203457 -63170.60029444527 -59897.22354975237 1158.932984144893 -98842.17674845431 96372.52345199595 35362.09234733231 -24816.3853041664
 59074.29514658445 53901.4629719982 1406.4249203457 -63170.60029444527 -59897.22354975237 1158.932984144893 -98842.17674845431 96372.52345199595 35362.09234733231 -24816.3853041664
 87585.71122122773 55912.52583076956 125587.6734605566 63826.36962558033 172198.8436901123 -26553.46924632472 109224.2393400249 -28169.95543848128 -53365.15468473847 -158970.8752169006
 59122.10969984572 54703.87764833983 1133.664060223735 -64256.6932149639 -59875.12496448237 802.797654120948 -98952.8646460443 98807.20373166053 35820.87347034903 -24255.52455245307
 59074.29514658445 53901.4629719982 1406.4249203457 -63170.60029444527 -59897.22354975237 1158.932984144893 -98842.17674845431 96372.52345199595 35362.09234733231 -24816.3853041664
 59074.29514658445 53901.4629719982 1406.4249203457 -63170.60029444527 -59897.22354975237 1158.932984144893 -98842.17674845431 96372.52345199595 35362.09234733231 -24816.3853041664
 -95641.35113799793 47862.92658503765 34310.89387864074 29025.8030283411 35691.23607488557 -7872.074558819339 16642.26001290578 69398.06709126038 -107030.5162770486 -43947.62937863608
 59074.29514658445 53901.4629719982 1406.4249203457 -63170.60029444527 -59897.22354975237 1158.932984144893 -98842.17674845431 96372.52345199595 35362.09234733231 -24816.3853041664
 56151.74341344213 56082.58614950186 -1595.485932063313 -61140.28852538711 -59929.23564441279 958.4661824927762 -93142.23658327259 93663.2238407269 38897.99126695356 -31387.15351212109
 59074.29514658445 53901.4629719982 1406.4249203457 -63170.60029444527 -59897.22354975237 1158.932984144893 -98842.17674845431 96372.52345199595 35362.09234733231 -24816.3853041664
 59074.29514658445 53901.4629719982 1406.4249203457 -63170.60029444527 -59897.22354975237 1158.932984144893 -98842.17674845431 96372.52345199595 35362.09234733231 -24816.3853041664
 62621.77755486884 52516.3878691687 698.7298436680802 -59270.16796916784 -64800.63756559762 4872.994628715667 -99043.12000845677 93429.16664692842 39319.07361171061 -30010.24262811544
 59074.29514658445 53901.4629719982 1406.4249203457 -63170.60029444527 -59897.22354975237 1158.932984144893 -98842.17674845431 96372.52345199595 35362.09234733231 -24816.3853041664
 58676.24097190907 54758.26309091931 890.7734418118155 -63448.30235860337 -59913.53734058873 891.1098768209267 -99287.56595126609 96750.44003271571 35640.74021999683 -24942.41729048003
 62621.77755486884 52516.3878691687 698.7298436680802 -59270.16796916784 -64800.63756559762 4872.994628715667 -99043.12000845677 93429.16664692842 39319.07361171061 -30010.24262811544
 59074.29514658445 53901.4629719982 1406.4249203457 -63170.60029444527 -59897.22354975237 1158.932984144893 -98842.17674845431 96372.52345199595 35362.09234733231 -24816.3853041664
 59074.29514658445 53901.4629719982 1406.4249203457 -63170.60029444527 -59897.22354975237 1158.932984144893 -98842.17674845431 96372.52345199595 35362.09234733231 -24816.3853041664
 59074.29514658445 53901.4629719982 1406.4249203457 -63170.60029444527 -59897.22354975237 1158.932984144893 -98842.17674845431 96372.52345199595 35362.09234733231 -24816.3853041664
 58122.11244406701 52671.80593841381 1885.550825497773 -63622.71828462362 -59543.19736350999 1938.216052512196 -99204.30661501348 96584.18634539114 35376.16014414629 -25019.46083417741
 59074.29514658445 53901.4629719982 1406.4249203457 -63170.60029444527 -59897.22354975237 1158.932984144893 -98842.17674845431 96372.52345199595 35362.09234733231 -24816.3853041664
 55548.78748644779 56163.97041307513 -592.4755928448676 -62517.31717974057 -59948.21548691832 2308.608910404348 -94288.66632501848 94861.66685526415 39219.39924355944 -30851.16850053917
 59074.29514658445 53901.4629719982 1406.4249203457 -63170.60029444527 -59897.22354975237 1158.932984144893 -98842.17674845431 96372.52345199595 35362.09234733231 -24816.3853041664
 59074.29514658445 53901.4629719982 1406.4249203457 -63170.60029444527 -59897.22354975237 1158.932984144893 -98842.17674845431 96372.52345199595 35362.09234733231 -24816.3853041664
 55548.78748644779 56163.97041307513 -592.4755928448676 -62517.31717974057 -59948.21548691832 2308.608910404348 -94288.66632501848 94861.66685526415 39219.39924355944 -30851.16850053917
 59074.29514658445 53901.4629719982 1406.4249203457 -63170.60029444527 -59897.22354975237 1158.932984144893 -98842.17674845431 96372.52345199595 35362.09234733231 -24816.3853041664
 59097.12279384517 53592.38163664768 106.4585158198952 -62435.91014387822 -59786.83793600848 729.4072429357473 -99494.33500566936 96141.31266572265 36756.90404024492 -25538.48085795621
 59074.29514658445 53901.4629719982 1406.4249203457 -63170.60029444527 -59897.22354975237 1158.932984144893 -98842.17674845431 96372.52345199595 35362.09234733231 -24816.3853041664
 59074.29514658445 53901.4629719982 1406.4249203457 -63170.60029444527 -59897.22354975237 1158.932984144893 -98842.17674845431 96372.52345199595 35362.09234733231 -24816.3853041664
