# Created by Octave 4.2.1, Mon Oct 09 10:14:04 2017 BRT <root@mosqueiro>
# name: pop
# type: matrix
# rows: 200
# columns: 10
 59074.29514658445 53901.4629719982 1406.4249203457 -63170.60029444527 -59897.22354975237 1158.932984144893 -98842.17674845431 96372.52345199595 35362.09234733231 -24816.3853041664
 59074.29514658445 53901.4629719982 1406.4249203457 -63170.60029444527 -59897.22354975237 1158.932984144893 -98842.17674845431 96372.52345199595 35362.09234733231 -24816.3853041664
 59074.29514658445 53901.4629719982 1406.4249203457 -63170.60029444527 -59897.22354975237 1158.932984144893 -98842.17674845431 96372.52345199595 35362.09234733231 -24816.3853041664
 59074.29514658445 53901.4629719982 1406.4249203457 -63170.60029444527 -59897.22354975237 1158.932984144893 -98842.17674845431 96372.52345199595 35362.09234733231 -24816.3853041664
 73810.72605991377 15447.05265899499 -14349.16108210644 -24086.45013210767 -53279.91390157225 -89728.83720082336 -62050.20720066147 92031.67574907294 84533.53162973831 5953.635963509703
 53055.206691111 -88360.2595700317 86429.53096467801 -28453.85652137485 -84012.39993213103 -60744.06961091291 65323.27129109844 9599.069946083066 46357.42224110052 5392.337546241557
 53055.206691111 -88360.2595700317 86429.53096467801 -28453.85652137485 -84012.39993213103 -60744.06961091291 65323.27129109844 9599.069946083066 46357.42224110052 5392.337546241557
 59074.29514658445 53901.4629719982 1406.4249203457 -63170.60029444527 -59897.22354975237 1158.932984144893 -98842.17674845431 96372.52345199595 35362.09234733231 -24816.3853041664
 59074.29514658445 53901.4629719982 1406.4249203457 -63170.60029444527 -59897.22354975237 1158.932984144893 -98842.17674845431 96372.52345199595 35362.09234733231 -24816.3853041664
 75914.54902002303 47357.77189601072 -12683.99470777657 -61276.19948386636 -64269.89191098677 16764.17599927787 -83508.62627611951 89279.19362061823 25645.53375502431 -13975.77560235107
 59074.29514658445 53901.4629719982 1406.4249203457 -63170.60029444527 -59897.22354975237 1158.932984144893 -98842.17674845431 96372.52345199595 35362.09234733231 -24816.3853041664
 59074.29514658445 53901.4629719982 1406.4249203457 -63170.60029444527 -59897.22354975237 1158.932984144893 -98842.17674845431 96372.52345199595 35362.09234733231 -24816.3853041664
 53055.206691111 -88360.2595700317 86429.53096467801 -28453.85652137485 -84012.39993213103 -60744.06961091291 65323.27129109844 9599.069946083066 46357.42224110052 5392.337546241557
 59074.29514658445 53901.4629719982 1406.4249203457 -63170.60029444527 -59897.22354975237 1158.932984144893 -98842.17674845431 96372.52345199595 35362.09234733231 -24816.3853041664
 97150.71545437902 -3903.968406135945 25222.36203244503 29916.93252471335 -106023.1428375306 -61727.44522516226 -84832.10229072218 -69412.94321384677 -63889.57076222256 -7097.605597425072
 59074.29514658445 53901.4629719982 1406.4249203457 -63170.60029444527 -59897.22354975237 1158.932984144893 -98842.17674845431 96372.52345199595 35362.09234733231 -24816.3853041664
 59074.29514658445 53901.4629719982 1406.4249203457 -63170.60029444527 -59897.22354975237 1158.932984144893 -98842.17674845431 96372.52345199595 35362.09234733231 -24816.3853041664
 59074.29514658445 53901.4629719982 1406.4249203457 -63170.60029444527 -59897.22354975237 1158.932984144893 -98842.17674845431 96372.52345199595 35362.09234733231 -24816.3853041664
 -12268.28834025924 79220.76779362833 -48979.44086887097 -48080.95297106613 70475.8331381882 54567.21459908952 47734.4655737768 -4023.831538344704 -49187.94788218616 -63293.91667931979
 59074.29514658445 53901.4629719982 1406.4249203457 -63170.60029444527 -59897.22354975237 1158.932984144893 -98842.17674845431 96372.52345199595 35362.09234733231 -24816.3853041664
 59074.29514658445 53901.4629719982 1406.4249203457 -63170.60029444527 -59897.22354975237 1158.932984144893 -98842.17674845431 96372.52345199595 35362.09234733231 -24816.3853041664
 84089.24078803768 10591.61695899509 -20826.69184341087 -122956.9839462941 -76727.44789506699 -35178.90475482247 -75165.73078956942 116837.8217819172 29612.40074804477 145.2914117319742
 64473.32242781264 81560.86338997794 17383.60759141998 -68293.02986614428 -48254.39590840347 11228.61555405858 -100489.6822670785 88209.52273621976 6511.996499974633 -13412.24917020776
 -62027.44210435686 18793.74904132649 15428.72233409488 80100.20057968856 30808.25444967115 -14852.58233123229 21572.08420999556 56499.39635846476 -91776.39117347467 -50982.87126653732
 59074.29514658445 53901.4629719982 1406.4249203457 -63170.60029444527 -59897.22354975237 1158.932984144893 -98842.17674845431 96372.52345199595 35362.09234733231 -24816.3853041664
 -30734.91151157245 59061.17532690649 151733.6505835276 8968.088715445789 258271.1294922275 -47106.16795323737 80564.7114864809 75366.74502966112 -130505.4353393938 -273385.6988262011
 59074.29514658445 53901.4629719982 1406.4249203457 -63170.60029444527 -59897.22354975237 1158.932984144893 -98842.17674845431 96372.52345199595 35362.09234733231 -24816.3853041664
 514103.0392134834 -262022.4998900865 -139628.8166437465 122925.9496322101 183879.0669192704 -101694.7114232038 -19851.24387842832 -209194.5113544364 -123530.4206057455 69045.4329866709
 49399.70323592612 182663.0734838535 111100.5597017017 113588.1749993522 -206432.8898972054 28621.37931066913 -291937.4764278514 17221.1452901141 -146159.2731738354 -304752.4714054634
 47701.01905344504 30324.5249493772 -48317.15451526151 61533.73171962178 -137905.9848437094 -110318.798050406 -92827.65949024388 77771.73958473692 82570.66804106368 46684.55487698232
 7948.176581581603 24199.93845205441 47550.61974058309 -99395.68472169878 -45455.41716340971 -83975.71024903591 38175.39954647806 8802.239351236189 77988.2856474657 79095.06833953224
 59074.29514658445 53901.4629719982 1406.4249203457 -63170.60029444527 -59897.22354975237 1158.932984144893 -98842.17674845431 96372.52345199595 35362.09234733231 -24816.3853041664
 59074.29514658445 53901.4629719982 1406.4249203457 -63170.60029444527 -59897.22354975237 1158.932984144893 -98842.17674845431 96372.52345199595 35362.09234733231 -24816.3853041664
 59074.29514658445 53901.4629719982 1406.4249203457 -63170.60029444527 -59897.22354975237 1158.932984144893 -98842.17674845431 96372.52345199595 35362.09234733231 -24816.3853041664
 89163.86218054117 42875.45949217648 -17344.76855682387 -82195.601348318 -22001.10698871789 -3822.316778837792 -108250.7821482019 114516.4138665667 39377.51562173235 -43132.81611680632
 -48702.33287192884 7149.705690182283 13566.80163268176 75703.2902349153 33429.15632184492 -1022.437901030153 50936.8921175866 56684.31484328701 -88355.0698499568 -35038.89959485728
 59074.29514658445 53901.4629719982 1406.4249203457 -63170.60029444527 -59897.22354975237 1158.932984144893 -98842.17674845431 96372.52345199595 35362.09234733231 -24816.3853041664
 59074.29514658445 53901.4629719982 1406.4249203457 -63170.60029444527 -59897.22354975237 1158.932984144893 -98842.17674845431 96372.52345199595 35362.09234733231 -24816.3853041664
 59074.29514658445 53901.4629719982 1406.4249203457 -63170.60029444527 -59897.22354975237 1158.932984144893 -98842.17674845431 96372.52345199595 35362.09234733231 -24816.3853041664
 62436.33883664823 46168.33245200275 27423.4874275789 -105852.4746655147 -132359.8809055987 22250.13463070576 -8897.455126711022 130430.3947966462 42984.29558259689 -25329.52334586402
 -57334.18669338352 13007.19450682867 8657.838863350808 53530.23107316242 33924.47082571439 -15007.69582044925 16511.18080596308 54655.07915390322 -72954.77055546299 -28789.53248540761
 59074.29514658445 53901.4629719982 1406.4249203457 -63170.60029444527 -59897.22354975237 1158.932984144893 -98842.17674845431 96372.52345199595 35362.09234733231 -24816.3853041664
 59074.29514658445 53901.4629719982 1406.4249203457 -63170.60029444527 -59897.22354975237 1158.932984144893 -98842.17674845431 96372.52345199595 35362.09234733231 -24816.3853041664
