# Created by Octave 4.2.1, Mon Oct 09 10:14:31 2017 BRT <root@mosqueiro>
# name: w1
# type: matrix
# rows: 200
# columns: 12
 0.004866280061788644 0.08193335862167792 -0.0469945384063054 -0.01003640649242982 0.01781416352012374 0.03495712875689302 0.05574706128103202 0.0233145856523492 -0.09424349205709016 -0.09937334839418803 -0.02657577606568834 -0.07113055907713262
 0.001122584399178367 0.02496667905155037 -0.07271736069730696 0.03880532016755953 -0.0446690134479551 -0.005018219780932739 0.07375328340735585 0.04593043816363868 0.03739709995885437 0.0523105648419902 -0.08778646742146112 0.08455762192855154
 -0.07001023511277593 0.08877023185337041 0.02287023741873868 0.006626362738387043 -0.08415966021814389 -0.07394919018920802 0.03461704351393319 -0.08899035071916489 0.08559588325176326 -0.0183843284902646 0.08924964261433765 0.05305033641989565
 0.007488845810533468 0.006711924817620576 -0.08419532375510587 -0.06196976239295637 0.03054525929190538 -0.005837375333716296 -0.03697947062458566 0.02615258069024212 0.05886428760308168 0.02372770000454014 -0.08737821140987501 0.03782927651815737
 -0.009849205671552286 0.02449763075668043 -0.04874287171108704 -0.05441981680324603 -0.03330309301854649 0.07665830912895621 0.09663247327664098 0.0358804849940802 -0.02727464867023008 0.0866199673839371 0.009106152307392951 0.08803263974768433
 -0.0698508740803805 -0.006904588536878087 0.02270502599723816 -0.09882392636553421 0.08455175977992443 -0.03745514040563699 -0.07890315825671394 -0.08180715578239692 -0.0682155037859429 0.06575174454216212 0.08332217462002933 -0.07318247038672282
 0.006348479437228688 -0.02394310889685937 0.0569514845991714 -0.09862251717735659 -0.03194519941105706 0.05561486556232961 0.02897863328325395 0.01108555717542858 -0.04932340292322465 -0.08790264429193019 0.03705790903494521 -0.04519046399002907
 0.08950530702964629 0.03813759191037405 0.06281088120799969 0.03345816607512686 0.001046398503821114 -0.06903884802299744 0.01711815522679778 0.07113160098116841 0.007345023969476117 -0.04729331840136188 0.06395089877013124 -0.0182127230916668
 0.05774042020886119 -0.09957399795811929 -0.06690114288721935 -0.0771537907454527 -0.09753474316114726 0.07518189409417034 0.06657798014647812 -0.06019990699541381 0.08543850321360005 0.03957541514109686 0.07861047309337482 -0.08511880602025362
 0.03223772121115701 0.05157103853175332 0.02587335715082323 -0.009863815098431136 -0.09151224731185367 0.04533888643225165 0.09206461039916911 -0.03514978713135847 0.0201542032021301 0.07776848843235776 0.06720297895575872 0.007315176583084157
 -0.08238230882113617 0.03025800109735038 -0.04887130354296586 0.08376552289250594 0.04399169668249647 -0.04184521566687752 -0.05831524530821683 0.02853369501715819 -0.08700674428537214 -0.02010774723174626 0.08106392768970294 -0.07192481169459439
 0.08085986915586824 0.06784040200430097 -0.04419123237698147 0.005963141172589156 0.05705937374166989 0.01356661048309844 0.01359458577773828 -0.05949812081331064 0.09275516422963606 0.04505371849425971 -0.08483420342264236 -0.01135219417130601
 -0.04614616172777272 0.08943535464093125 -0.09537050471064701 0.01498863141630639 -0.04686596522431913 0.08740747354917974 0.04196134509907259 0.0177374564119395 0.06059603373583852 -0.06405307325189577 0.04963520932560764 0.07420194902818
 -0.0249447439898466 0.06339275390584259 -0.0075033310531957 0.04816785267354448 -0.06888794640766177 -0.04723396288800782 -0.07167087650443531 -0.07981549032855906 -0.04703059717740354 0.08880813400295384 0.02601695896191686 -0.03376780269670908
 -0.04969957934066439 -0.0110228178814594 0.03733359946343764 -0.09222148668632647 -0.04667521661832816 0.08348510470295553 0.02619297745252602 -0.08175325301456486 -0.09283207273245561 -0.04655262140858175 0.008643780569708118 -0.02675981268836257
 -0.04954156008913252 -0.005477787354725691 0.05340301548770451 0.02575214489973512 -0.007346845762018217 -0.07033732934848902 0.09423407790136104 0.01709998701183317 0.04479855231434654 0.03967769859505416 0.09334600146269312 0.04381851499583195
 -0.07410454262505199 0.09731402778027703 -0.03286341248623913 -0.05795789071446761 -0.09507310978297849 -0.05739990989654226 0.08816151200695072 -0.068331529944226 -0.04056628776893209 0.02439904948931385 -0.0190042868428132 -0.01434175567980017
 0.07338238900432209 0.006738965828365501 0.0630080460689621 0.06378021233971745 0.04520650196390918 -0.04548891356385062 0.01913593334152072 -0.09092238561726415 0.01632177280700353 -0.07780814941813767 0.03062677475006015 -0.07498972079266288
 0.07535819596531168 -0.06369626526240954 -0.02197420243058444 0.06095544348779489 0.004545210357884868 -0.000300183106881971 0.08449972288185179 -0.003645257747501546 -0.01586308518125074 0.02175610666974774 -0.06423419156657068 0.03765706280773423
 0.08671219674375558 0.00846888707627827 -0.04498130325373288 0.08746259301017326 -0.008561286473637866 0.01660203092053705 -0.01548903439064177 0.006114702130652488 0.04750134192183861 0.07621136574560469 0.01697290458562599 0.03669419333481375
 -0.0476213485427175 0.04561151283436354 -0.08353739486270344 0.07210530356449399 -0.005538222040060617 0.06810312385593836 -0.01440550092219936 0.00659836173617738 0.05827389755277645 -0.02382195796966489 0.04672451636109559 0.08061041748667425
 0.07653210066110183 -0.04377086496658564 -0.01408060274283637 0.03575084387518296 -0.006926228618807123 0.004712207919530781 0.05047644858285305 -0.01645486015142004 -0.03896300973812915 0.04459546161763531 -0.09604485674853191 0.03677432657397794
 0.07903102669603698 -0.007710111013238721 0.01298901470642902 0.04046496728937857 0.07345799199783939 -0.04665643141655956 0.05629254873020395 -0.0192875891996893 -0.07418129218004793 -0.04196908817721959 -0.05525485945688048 0.007715277922034885
 -0.01665155362190139 0.004284363306080355 -0.07056898258605043 -0.008999114645132172 -0.06203157009364694 -0.08967916309592444 -0.01337822293906142 0.08372005447478009 -0.01740789236705477 0.004902711028425169 -0.04210241312226094 0.05126710134367615
 -0.01870639919933413 0.01939087041440057 0.08888456218957486 -0.0670771563601649 0.01153847044279868 -0.04515368590020416 -0.0591750328967755 -0.0812590905327982 0.003938542450814111 -0.05478883076443656 -0.06175890870308786 0.06667067888853093
 -0.0273383064365445 -0.05468558502519411 0.02019469696421503 -0.09905922506563999 -0.0185388182474045 -0.02737704439123979 -0.01800388643289666 -0.08960357445144837 -0.04552424133513168 -0.049176369034488 -0.04786565756801714 -0.03531281380520218
 -0.0347178386087497 0.0206064396749855 -0.07061652810013735 -0.04883762706721263 0.06196537125350618 -0.0335079896314287 0.02553838304964007 -0.03741870364171015 0.09375420451695121 -0.04196144915144656 -0.08242414518768698 0.0839371472741734
 -0.0660328490579021 0.02712162731858461 -0.07027059675358351 -0.005109507742611402 0.003068284753204711 0.04471797196120003 0.0699277902315851 0.0656011946919228 -0.02168007256677953 0.07333763217400835 -0.05735084637461493 -0.05343545375917395
 0.0244295927884282 0.03760377164800516 0.09171559033553031 -0.00213655064339581 -0.087556505003533 -0.04506337525959142 0.08211092966699271 -0.04618942798225908 -0.06224675755395676 -0.0876061903988028 -0.08195697900918809 -0.05538559469223529
 -0.0154176137535669 -0.008011588817013193 0.06644220594427816 -0.08776966386712694 -0.07848740628041 0.07778117008339561 -0.003319242937215097 -0.002132021394428057 0.05481378231815631 -0.09964744378524286 0.06890284667789515 0.0279102467587467
 0.06944648941983866 -0.042768102634731 0.04098817405958052 -0.07017215076910426 -0.09807660151165988 0.07338299013043667 0.08690396548076387 0.01712425395712384 0.04765393867580264 0.03306349682521476 -0.09125382974550571 0.05150583159230102
