# Created by Octave 4.2.1, Mon Oct 09 10:10:06 2017 BRT <root@mosqueiro>
# name: w1
# type: matrix
# rows: 200
# columns: 12
 -0.09836612928507189 0.05401689148230002 0.0406879996647225 0.008934194615354357 -0.04669171375349749 0.00225382589043803 -0.02411455225647513 -0.0466998680503692 -0.0009688675998945073 0.03187104329455501 0.06240103175421416 -0.05728383545347596
 0.07469919222717289 0.09068399003397543 0.05692609666872975 -0.07113872348520878 0.07820093678501289 -0.02717561033958553 -0.0920993856909352 0.05512008422391987 0.09284840251840795 -0.09789034283688167 -0.06220928565324967 -0.0987255916590731
 -0.0249856161261338 0.02331756000511327 0.03602285072200168 -0.02938487626261947 0.09899922946387782 -0.0545914546596877 0.0008310348936540618 -0.07766321223634033 -0.08017455971855802 0.09881840902614644 -0.00892989736947955 0.03029110536465027
 0.04455442041092203 0.09980380704787487 -0.09007882943872562 0.06217804510627789 0.08003981510402514 0.03247666967795457 -0.05326217283590423 0.08591811829265075 0.05194760265975515 0.06550122982896206 0.05321046869280321 -0.07279514611471961
 0.0562763189615908 -0.02175797382706059 -0.08899859000907762 0.003097695377389548 -0.08409582390965577 0.009952677921955116 -0.04860278639955252 -0.01597778311712005 0.07738675709661447 -0.02794921249015435 0.08797155314793867 0.03597305481004784
 -0.001995849041333375 0.03590658647294895 0.01531536451557666 0.004700479476910366 -0.03724905517243521 0.07728951892666497 -0.08458962154979614 -0.06069909760313287 -0.0312622031762772 -0.07643497568140761 -0.002158737528092619 -0.06329997764537612
 -0.01427804721243167 0.06710148391952325 0.03879380792099857 -0.07849351388048459 0.09121418938232506 -0.04036361723353687 -0.08170757104322647 -0.05452808341704249 0.07568759064314209 0.07436774933345533 0.07905341281278785 -0.05955747380297226
 0.0655455972670593 0.01551981242108247 -0.0106145126968836 0.03445362109128583 -0.009324070456520145 -0.02144100839426058 0.02056730768266306 0.01347785709840291 0.01006854939977309 -0.0994975082476557 0.03784696576795699 0.03047665172024369
 -0.02037832183833178 -0.007810884620656017 -0.06964421948856693 -0.02060598488760433 -0.0854696675424684 0.03117911594709383 -0.03549252208695425 0.05856391540811426 0.05847876490646878 0.07017755123733169 0.003440600451737177 0.05389671367491075
 0.05165741419759007 -0.04192822620453266 0.05965495390020006 -0.07647556326184873 -0.02109381127125806 -0.03192730436222477 0.004747929982107962 0.04207009782900456 0.005449624116408786 -0.095739931278086 0.01797939483937279 0.09928440589771431
 0.04885900920492425 0.06082219859687535 0.08657173077876487 -0.07089250131533442 -0.02065596383781279 0.003312325425660664 0.04118246423140565 0.09669865780550121 0.06109021778298249 0.04308529706689901 -0.0974420403317557 -0.00770680744034094
 -0.05347686916991554 0.06901359999855194 -0.09332493137391715 0.08170827764896821 0.01521342216236554 0.040083954747827 -0.01674353382253915 -0.0891487605573878 -0.00694342993350773 0.0756322961470795 0.05027159705462045 0.07139807964923497
 -0.07892506425811101 0.03199543692698861 0.02676224446092199 -0.08065354509421546 0.03698831817446599 -0.06043032954996125 0.08373752115318842 0.02846581512748178 -0.09221764496124767 0.04177565709351927 -0.08873267077986807 0.01865486629031102
 0.07582384884067328 0.08597230207696707 -0.0636848908603177 -0.05652196761462044 0.01008467539194506 -0.05716731060795476 0.07905138607849907 -0.0593203499835031 -0.08772282805136956 -0.07564096473691545 -0.09142872688530525 -0.08902646369141799
 -0.06697367076149691 0.08710920172144349 -0.03443533673846626 0.04781534497697121 0.0760294038892102 -0.09436566430157189 0.05720130141938581 -0.007743139199980764 -0.01486382828572935 -0.02221026639935011 -0.0813607182871362 -0.01765059526650034
 -0.003330736225246836 -0.09332366271880037 0.03900437008150223 0.03287653998950776 0.07297593521653276 0.04268836909131607 -0.001281989234126674 0.09734814724530563 0.06814838665023346 -0.08939907063886909 0.0005298287358933285 -0.08396337952672796
 -0.0424844139359945 0.05209126665568745 -0.06145749846817566 0.0557475819696871 -0.02843408364206654 0.09000521450368917 0.06250322014071 -0.0359277618601921 -0.04257342477492526 0.02419230717828583 -0.07151132095209042 -0.02487903954103941
 -0.0490814206176978 0.05338319890904883 -0.07470785700066389 0.02974580742441693 0.06327684811615611 0.09116345754645599 -0.04097153533412551 0.0604442908801722 0.09499932411190129 -0.09464521964935696 -0.09037298478417274 0.04790161729213988
 -0.07641878438125428 0.006151684394581053 0.05258151229798699 -0.01765255933702706 0.08304004261703549 0.04399483315365466 0.006550922339300144 0.05249181288820681 -0.06396575187571843 0.09096114647887163 -0.0291016138049829 -0.06767090998901615
 0.01701465454541203 0.02593472823378282 0.09138837433485536 -0.0009432570564440745 0.009804317296870896 0.08071303984123843 -0.0868486801876497 0.07125986075722485 0.04149668365041928 0.04857457887397204 0.04684040654765459 0.02742405990005164
 0.07761882081939575 -0.04455029099658056 0.06756291181647031 -0.01226134867455432 -0.005298355665686275 0.09545440319653142 0.05973197405702688 -0.05430144329845241 -0.02736756230568353 0.04574111427255714 -0.03930292145438773 0.05643580307705981
 0.083200696490981 -0.0341170494966163 0.09978003122144702 -0.005210975812573404 0.06230528120080919 -0.09863533949947668 0.09082181282609023 0.04406317269861568 0.04535064178675596 0.07806233819362038 0.03840946629822689 -0.08233764741418487
 0.08144976195996731 0.07752694518993533 -0.008998354705220646 -0.05791461445775718 -0.008925982332177645 0.07482235796965006 -0.02227774173263289 0.0118813628430767 -0.01068962677359558 -0.08234033539213008 -0.002662277880997502 -0.09635970828401386
 0.08951290294509665 -0.0722749328183389 0.03879478307969908 -0.07653374761063192 -0.02432236307299886 -0.06460218927490671 0.05259566520488032 0.03638071908956114 0.09588939436541852 -0.0422327379597896 -0.0600103577201114 0.04269754988731658
 -0.07772183166020538 0.04111890492222842 -0.04794096786403323 -0.08157079630103993 -0.05610962324581845 0.04270423429587894 -0.02430351173847713 -0.08973689574074889 0.02164849090543128 -0.05268440946982059 0.01576341703078599 -0.04970726584465207
 0.06010313016899843 -0.06351909133012315 0.0806715561565787 0.09813753829370805 -0.06815494638328104 -0.01830892112125439 -0.08441788441462725 0.0615996856737113 -0.01728587142853634 -0.07929176006998692 0.07870675972633709 0.008854912395367023
 -0.01139768509291844 0.06043819651967131 -0.04411134591108021 0.05744523102769566 -0.05179336976970725 0.08602816587897474 -0.07632574231490409 0.003341765124643903 0.08109010974631936 0.01386191866553654 -0.07754815925404798 0.01545640083737813
 0.04224157053389915 0.07474853390213729 0.02242761526626194 0.08714832780810766 -0.04096319798625369 0.09379280069251061 -0.08153943918866877 -0.09055197683966033 -0.01346896734825756 -0.08370139483845737 -0.03327723862289741 0.04730844836174436
 -0.06117749355660197 0.01702530221176639 0.01999912340570786 -0.03568147430543861 -0.01909491177950526 -0.06723874163489631 -0.05741941401909147 -0.07341601419058842 0.09523210523238099 -0.03102091423474904 -0.01931518596045868 0.05291789327029756
 0.05606573761557931 -0.0125359938335987 -0.002039922672143715 0.004565818051179796 0.03156551821747675 -0.01762745649884281 0.006919411663158417 -0.05493099539259098 0.0487030390549564 -0.04256528321227796 -0.06558565581315846 -0.02579390018145572
 0.001165161113120664 -0.09392402522368501 -0.005726253307668377 0.0854154790301917 0.08472509827127547 0.06387514332288338 0.01657565353577137 -0.02494000953494049 -0.08588018810331474 -0.03756296063493293 -0.03970403228502965 0.02168521207591471
