# Created by Octave 4.2.1, Mon Oct 09 10:10:06 2017 BRT <root@mosqueiro>
# name: w2
# type: matrix
# rows: 1
# columns: 201
 -0.004522095203045895 -0.01597179532246868 -0.000937555858330185 0.01727476675998924 0.04279452611835741 -0.02640879897597931 0.02895196160903477 0.01570793267497207 0.02575629344644627 0.02598107067733637 0.003550588767151832 0.02902314598465477 -0.04269976943258078 -0.06566602080481908 -0.03850244286103887 -0.01451941834820963 -0.03465940806988111 -0.006084905990820224 -0.03208760181985294 0.0437332575227596 0.01982820756343613 0.01992605531443609 -0.02445990021912675 0.01968467344905461 -0.02384346609044223 0.02293215095822762 0.005658461953068544 0.007556222293727702 0.01783278614730189 -0.009100783157915101 -0.02336824496549118 -0.008319218341249567 0.03441900840313257 0.0117940308523398 -0.01349220823372929 0.02428693924409536 0.003294880054128165 0.02182203824065776 0.006985841291037779 -0.006779316920805115 2.320130299151137e-05 -0.03392842632630194 0.03832749772706388 0.020034460411675 -0.04108784873912336 -0.03834803806910796 -0.01012684144174461 -0.01002471873278052 -0.001965893585070107 -0.01665866457391292 0.01420455743465416 -0.02754760888247028 0.01617126361877359 -0.003756568012593279 -0.002057677379967983 -0.002100462946266295 0.02807317962175039 0.005110303883850164 -0.00192427289776852 -0.02306968460871747 0.01463586828054402 0.02487110451941872 0.007435970181904273 0.01833059755171736 -0.02322677881185888 0.02809377774812792 -0.02294460665806964 -0.03615648328343604 0.02150014500796842 -0.007537695695626261 0.01439371103702797 -0.007964592690378847 -0.001639756773616472 0.01895128416550186 -0.0239834952702363 -0.0111538881895431 0.02812167284905175 0.005275367625798215 -0.04297214828308188 0.02052162511956076 0.01741544592243925 -0.001854411087308547 -0.005731160001743914 0.02438105529760861 -0.03331348697492892 -0.03880198565497874 -0.00468749204559593 0.0084163355405558 0.03829931515351339 0.03815300098729089 0.03549637958377195 -0.0008351770163066699 -0.03649380146061437 0.01466624890010066 0.01575617024006127 0.01391497631728794 0.03307048557662661 -0.001200953768566918 -0.02485523890395738 -0.01326134516394149 0.00999533701424552 -0.05885655816009955 -0.03232780261638232 -0.00508359460763761 0.0007034763756502795 -0.01179235139127221 -0.06199979316412217 -0.0314923012346574 0.02665082988223569 0.01077047245419805 0.008151298549784901 0.02849163929432688 -0.001411834184463141 -0.002361624875196397 0.00924223812094882 -0.0357575032570771 -0.002430079765782218 0.02653573384892792 0.02979259997803541 0.01240693031521062 0.02936847118639472 0.008626722382482493 -0.01401624032008566 9.064198465936083e-05 0.03061129414937596 0.0008074859255379874 -0.0006657518090099777 -0.01283782209256151 0.007051333051686128 -0.01929295118523797 0.004022277039963539 0.006694665353669978 0.003200342643656542 0.03352870707763035 -0.01861512367863693 -0.01565226682300079 -0.01978193578168221 -0.05738851410578438 -0.03333962962485023 0.04418303423599997 -0.02537732181021936 -0.02435410075946128 0.01025748592335959 -0.01564269943955727 -0.00560654393767602 -0.03222286600061212 -0.01263740690046457 0.03486423615416342 -0.04563356733562238 0.01394072097354308 -0.04020461469551739 0.009563421617965136 0.007915065570211672 0.04207064629552936 0.03234482145725245 -0.006885657847320705 -0.008249797006456585 0.01992737626907299 0.03207722288568022 0.02664222991274144 0.041630229715898 -0.01160500848543886 -0.04944850787916179 0.001559822312951368 0.01431038945042791 0.03050950362353418 -0.029396524937298 0.0188844116705291 -0.0465796880081165 -0.007522077914913734 -0.003845297820198344 -0.01526742877428967 0.03761184796327856 -0.01539327102375131 0.01926568560444084 -0.02738982444671312 0.01281005990277147 0.007641512750177968 0.00116838235765484 0.02545578570900464 0.02665848701788699 0.005501114180643079 0.008284919866259162 0.005809215150665474 -0.05501836891719807 -0.05232766410698313 0.03139000484927575 0.0132249063052876 -0.02218952832321696 0.001603441592441656 0.01579219746588205 0.0005448959149643303 0.03073712802641498 0.005929331122701488 0.03180402400255854 -0.03614471959245819 0.007198930025001045 0.04789002895962664 -0.0189748145643926 -0.014261659426383 0.2530454296075042


