# Created by Octave 4.2.1, Mon Oct 09 18:36:57 2017 BRT <root@mosqueiro>
# name: bestScores
# type: matrix
# rows: 1
# columns: 50
 0.09448267967339077 0.09448267967339077 0.09448267967339077 0.09448267967339077 0.09448267967339077 0.09448267967339077 0.09448267967339077 0.09448267967339077 0.09448267967339077 0.09448267967339077 0.09448267967339077 0.09448267967339077 0.09448267967339077 0.09448267967339077 0.09448267967339077 0.09448267967339077 0.09448267967339077 0.09448267967339077 0.0930620927526376 0.0930620927526376 0.0930620927526376 0.09227041656772703 0.08830951114820769 0.08830951114820769 0.08830951114820769 0.08328323675488582 0.08328323675488582 0.08328323675488582 0.08328323675488582 0.08309158615379238 0.08296640944456864 0.08296640944456864 0.08296640944456864 0.08296640944456864 0.08296640944456864 0.08296638779155342 0.08296634397436642 0.08296633155726126 0.08296632650907507 0.08296632333752865 0.08296632333752865 0.08296632333752865 0.08296632333752865 0.08294338451601369 0.08294338451601369 0.08291186364416372 0.08290737315998491 0.08290716893626196 0.08290704107398439 0.08290701503907925


