# Created by Octave 4.2.1, Mon Oct 09 18:20:36 2017 BRT <root@mosqueiro>
# name: meanScores
# type: matrix
# rows: 1
# columns: 50
 1.092965527668187 0.781965576846001 0.5738360034762082 0.4882905389547231 0.4512354789530283 0.4168985476336496 0.4342159201476777 0.48315430349995 0.477492332103615 0.4841375412776038 0.4667550353163567 0.4954239834302846 0.4922739005163921 0.5200843654297654 0.4801703552895916 0.5870762603383043 0.5383732629910191 0.5679393912304438 0.7889533092148258 0.7463131097343549 1.014471988002283 0.6961577017910824 0.7100405197146271 0.5179542684294667 0.3158219663312254 0.1474307214933432 0.1221874008123095 0.1344385057289008 0.1076436341571557 0.1134597012023703 0.1173175062064411 0.1092625348489301 0.1106872754550365 0.120254789162313 0.1077996763233309 0.1080347787424798 0.09702335665690009 0.09230775575563537 0.08237562415943031 0.08066165928842133 0.08034973927085948 0.08000990462878395 0.08010799819859557 0.08028679243567367 0.08122806199405649 0.08759226850668902 0.08375133856945903 0.08172232977250952 0.08125542434432922 0.07975536278557874


