# Created by Octave 4.2.1, Mon Oct 09 18:03:59 2017 BRT <root@mosqueiro>
# name: meanScores
# type: matrix
# rows: 1
# columns: 50
 0.9677565883926036 0.7968060136124028 0.7026340048973798 0.5451959643459833 0.4475383407755441 0.4328838585613391 0.4204026237080972 0.4090646076358722 0.4199413250088898 0.407430391848766 0.4492498937668461 0.4470702173115157 0.438851273703413 0.4452104173926777 0.4277535658388256 0.7056795017275453 0.5340461065584934 0.6913239407985595 0.5428072804228459 0.7118520022955439 0.6896040865011325 0.6364993660393015 0.461345586494338 0.2683544306579227 0.1839051020829216 0.1555703899400847 0.1306609326731476 0.1144009348105895 0.1157141266133967 0.1158602180862383 0.1283818980703724 0.1371496156039366 0.154274413383583 0.1729118743277162 0.1392678002727604 0.09305657779745839 0.09423518888817328 0.09731877482064492 0.09237861790978011 0.08543634206294141 0.08320761854614153 0.08245553581285722 0.0823518919274356 0.08231858173826821 0.08231360622105538 0.08231175026778539 0.08231176128350998 0.08231184791501592 0.08231157489502379 0.08231150570988945


