# Created by Octave 4.2.1, Mon Oct 09 17:47:43 2017 BRT <root@mosqueiro>
# name: meanScores
# type: matrix
# rows: 1
# columns: 50
 0.9316706856789099 0.673502628703141 0.5192184915455893 0.4757760604952527 0.4823379310366722 0.479571118359887 0.4718648289984287 0.5280503593369344 0.4204917446913949 0.3859553484145627 0.3903658083866835 0.4286679853043417 0.5142934658054683 0.6156445140414148 0.5542012768886272 0.7429056576671792 0.6157244583280997 0.569003172337239 0.5265339948029466 0.6160073015717233 0.5654660307910335 0.6155534282326259 0.3356932110851322 0.2895971936302746 0.2557457402469327 0.1349776409966962 0.1343003652957528 0.1164138008379526 0.1098754106844373 0.1083057757232423 0.1360455340167794 0.1397748831599041 0.1666431946240694 0.1297499934840755 0.1221025606401008 0.137005156046514 0.1801373346765569 0.173428608023441 0.08968094390339591 0.08352751871581508 0.08280092304730306 0.08221741006079433 0.0821024769643125 0.08204303693784357 0.0820448077416369 0.08205752143781173 0.0820071032545579 0.08200458552802412 0.082004555789627 0.08200454541180899


