# Created by Octave 4.2.1, Mon Oct 09 18:36:57 2017 BRT <root@mosqueiro>
# name: meanScores
# type: matrix
# rows: 1
# columns: 50
 1.33194857316753 0.8157654168979627 0.518055687845253 0.4702884556026873 0.4400676770738422 0.4099788206916405 0.393094943550066 0.4049105555301069 0.3859203755757005 0.5307301446720418 0.3760796933496919 0.3803420781094464 0.4104401859584329 0.4913361837154009 0.4586610103670462 0.7310450710738714 0.4322980991584926 0.6233660488005727 0.8158524114663251 0.826365769632228 4.314577852135993 0.566446293177288 0.4270373801380041 0.3727180399373256 0.2806520739328386 0.1590057470477868 0.1466043645954475 0.1206840783169167 0.103046151251381 0.1390368500130178 0.163828926897631 0.1642273777752027 0.1916732489200292 0.1518386135479601 0.1323506210485667 0.1065942995338142 0.09828056860775236 0.09181296481704442 0.08654537952864805 0.08557745202420772 0.08398925012299953 0.08302008200975798 0.0829725706752337 0.08297039518432946 0.08296721398040074 0.08296478608499933 0.08295910246502773 0.08294994131446166 0.0829376710158158 0.08292678681069247


