# Created by Octave 4.2.1, Mon Oct 09 17:57:46 2017 BRT <root@mosqueiro>
# name: pop
# type: matrix
# rows: 1000
# columns: 5
 -16441.11073277978 35792.7289807994 1262.486951545777 -11961.806398661 -8653.131447905058
 -16441.11073277978 35792.7289807994 1262.486951545777 -11961.806398661 -8653.131447905058
 -16441.11073277978 35792.7289807994 1262.486951545777 -11961.806398661 -8653.131447905058
 -16441.11073277978 35792.7289807994 1262.486951545777 -11961.806398661 -8653.131447905058
 -16441.11073277978 35792.7289807994 1262.486951545777 -11961.806398661 -8653.131447905058
 -16420.3717589422 35790.34671547999 1249.365168011284 -11955.82975080733 -8661.862809505874
 -16420.3717589422 35790.34671547999 1249.365168011284 -11955.82975080733 -8661.862809505874
 -16581.81091866519 35871.62577715135 1095.106834981222 -11948.81885045915 -8436.797965222238
 -16420.3717589422 35790.34671547999 1249.365168011284 -11955.82975080733 -8661.862809505874
 -16514.35909952704 36080.79851957718 891.9352554084327 -12190.15665836497 -8264.094263989922
 -16441.11073277978 35792.7289807994 1262.486951545777 -11961.806398661 -8653.131447905058
 -16420.3717589422 35790.34671547999 1249.365168011284 -11955.82975080733 -8661.862809505874
 -16552.56620391195 36052.68058538763 968.7235154431094 -12215.93838861186 -8253.72967305826
 -16581.81091866519 35871.62577715135 1095.106834981222 -11948.81885045915 -8436.797965222238
 -16581.81091866519 35871.62577715135 1095.106834981222 -11948.81885045915 -8436.797965222238
 -6656.268131236139 6353.222260248825 3061.895208913224 6774.301502112063 -9499.130554024872
 -16420.3717589422 35790.34671547999 1249.365168011284 -11955.82975080733 -8661.862809505874
 -16552.56620391195 36052.68058538763 968.7235154431094 -12215.93838861186 -8253.72967305826
 -16420.3717589422 35790.34671547999 1249.365168011284 -11955.82975080733 -8661.862809505874
 -16585.08645292927 35881.13985848465 1111.978357087212 -11958.27004850623 -8445.83519703914
 -16545.4337674147 36089.04748183396 902.3624467800014 -12203.21060019141 -8244.845169149527
 -16552.56620391195 36052.68058538763 968.7235154431094 -12215.93838861186 -8253.72967305826
 -16514.35909952704 36080.79851957718 891.9352554084327 -12190.15665836497 -8264.094263989922
 -16552.56620391195 36052.68058538763 968.7235154431094 -12215.93838861186 -8253.72967305826
 -16581.81091866519 35871.62577715135 1095.106834981222 -11948.81885045915 -8436.797965222238
 -16441.11073277978 35792.7289807994 1262.486951545777 -11961.806398661 -8653.131447905058
 -16441.11073277978 35792.7289807994 1262.486951545777 -11961.806398661 -8653.131447905058
 -16420.3717589422 35790.34671547999 1249.365168011284 -11955.82975080733 -8661.862809505874
 -16581.81091866519 35871.62577715135 1095.106834981222 -11948.81885045915 -8436.797965222238
 -16539.1205478271 35855.54960792076 1129.530066782612 -11926.45330430938 -8515.340581257255
 -16471.83065823215 36109.30974572614 880.0500760565284 -12268.80946882726 -8234.88844167447
 -16854.14993727469 35873.74807034495 1524.331186322788 -12046.70258688671 -8663.750406326973
 -16441.11073277978 35792.7289807994 1262.486951545777 -11961.806398661 -8653.131447905058
 -16552.56620391195 36052.68058538763 968.7235154431094 -12215.93838861186 -8253.72967305826
 -16552.56620391195 36052.68058538763 968.7235154431094 -12215.93838861186 -8253.72967305826
 -16552.56620391195 36052.68058538763 968.7235154431094 -12215.93838861186 -8253.72967305826
 -16552.56620391195 36052.68058538763 968.7235154431094 -12215.93838861186 -8253.72967305826
 -16552.56620391195 36052.68058538763 968.7235154431094 -12215.93838861186 -8253.72967305826
 -16581.81091866519 35871.62577715135 1095.106834981222 -11948.81885045915 -8436.797965222238
 -16478.25674980964 36099.71817658081 876.6811797720097 -12265.16975142824 -8274.340018042365
 -16552.56620391195 36052.68058538763 968.7235154431094 -12215.93838861186 -8253.72967305826
 -16531.83548271624 35869.22144836405 1153.059400786316 -12004.53182064757 -8424.789536551727
 -16487.83633601718 36103.22499942851 860.6501208772768 -12245.84215589479 -8261.621420069419
 -16552.56620391195 36052.68058538763 968.7235154431094 -12215.93838861186 -8253.72967305826
 -16420.3717589422 35790.34671547999 1249.365168011284 -11955.82975080733 -8661.862809505874
 -16514.35909952704 36080.79851957718 891.9352554084327 -12190.15665836497 -8264.094263989922
 -16441.11073277978 35792.7289807994 1262.486951545777 -11961.806398661 -8653.131447905058
 -16503.08715130271 36080.13427718301 1072.131140954186 -11840.10796674512 -9034.397750172055
 -16581.81091866519 35871.62577715135 1095.106834981222 -11948.81885045915 -8436.797965222238
 -16514.35909952704 36080.79851957718 891.9352554084327 -12190.15665836497 -8264.094263989922
 -16441.11073277978 35792.7289807994 1262.486951545777 -11961.806398661 -8653.131447905058
 -16420.3717589422 35790.34671547999 1249.365168011284 -11955.82975080733 -8661.862809505874
 -16428.7011662161 35798.06016376999 1259.547427738343 -11956.41953132045 -8659.709780211291
 -16479.91715887022 36108.31090110444 886.3077403863341 -12267.88991861493 -8247.323615961577
 -16581.81091866519 35871.62577715135 1095.106834981222 -11948.81885045915 -8436.797965222238
 -16516.64475190829 36091.63897914289 888.3453151859652 -12183.46744011334 -8272.862220771165
 -16552.56620391195 36052.68058538763 968.7235154431094 -12215.93838861186 -8253.72967305826
 -6505.239580676377 7100.707787997413 4258.710562909674 7415.244925952094 -9919.522731967911
 -16581.81091866519 35871.62577715135 1095.106834981222 -11948.81885045915 -8436.797965222238
 -16580.71292452759 35864.76572654077 1087.23277100309 -11945.7237881644 -8432.369784036873
 -16586.59345481254 35865.04239432557 1069.515298250189 -11949.5250326305 -8431.290828576473
 -16537.15291890196 35857.38032985717 1135.954147524727 -11920.65700631204 -8513.080015253496
 -16581.81091866519 35871.62577715135 1095.106834981222 -11948.81885045915 -8436.797965222238
 -16581.81091866519 35871.62577715135 1095.106834981222 -11948.81885045915 -8436.797965222238
 -16552.56620391195 36052.68058538763 968.7235154431094 -12215.93838861186 -8253.72967305826
 -16428.1177873031 35796.59203728464 1234.793239743397 -11953.93314087973 -8653.27094491055
 -16544.69129395849 35918.12402329112 1122.22287787618 -12049.14568352253 -8435.565984835037
 -16359.7436609234 36183.19750457778 733.9175799124738 -12357.54470670547 -8132.41958685539
 -16552.56620391195 36052.68058538763 968.7235154431094 -12215.93838861186 -8253.72967305826
 -16581.81091866519 35871.62577715135 1095.106834981222 -11948.81885045915 -8436.797965222238
 -16417.08745981017 35791.11293560719 1260.425168158838 -11946.291568189 -8656.885434051759
 -16420.3717589422 35790.34671547999 1249.365168011284 -11955.82975080733 -8661.862809505874
 -16477.06223295853 36078.26127509364 858.428093231444 -12210.94549953793 -8232.977893163381
 -16585.08645292927 35881.13985848465 1111.978357087212 -11958.27004850623 -8445.83519703914
 -16514.35909952704 36080.79851957718 891.9352554084327 -12190.15665836497 -8264.094263989922
 -16420.3717589422 35790.34671547999 1249.365168011284 -11955.82975080733 -8661.862809505874
 -16552.56620391195 36052.68058538763 968.7235154431094 -12215.93838861186 -8253.72967305826
 -16525.52424467293 36081.25284968054 910.9892130476504 -12207.71343118122 -8258.379738978016
 -16420.3717589422 35790.34671547999 1249.365168011284 -11955.82975080733 -8661.862809505874
 -16441.11073277978 35792.7289807994 1262.486951545777 -11961.806398661 -8653.131447905058
 -16420.3717589422 35790.34671547999 1249.365168011284 -11955.82975080733 -8661.862809505874
 -16581.81091866519 35871.62577715135 1095.106834981222 -11948.81885045915 -8436.797965222238
 -16584.0867840649 36141.17321489625 942.1458430342036 -12171.00367145623 -8282.297310263335
 -16581.81091866519 35871.62577715135 1095.106834981222 -11948.81885045915 -8436.797965222238
