# Created by Octave 4.2.1, Mon Oct 09 17:58:43 2017 BRT <root@mosqueiro>
# name: pop
# type: matrix
# rows: 1000
# columns: 5
 -16440.70603574662 35792.06607202841 1263.133378311612 -11961.63284470794 -8653.873355909514
 -16584.48122748989 35870.10627412136 1096.873183589336 -11943.15299229944 -8440.377314352869
 -16584.48122748989 35870.10627412136 1096.873183589336 -11943.15299229944 -8440.377314352869
 -16584.48122748989 35870.10627412136 1096.873183589336 -11943.15299229944 -8440.377314352869
 -16584.48122748989 35870.10627412136 1096.873183589336 -11943.15299229944 -8440.377314352869
 -16441.11073277978 35792.7289807994 1262.486951545777 -11961.806398661 -8653.131447905058
 -16441.11073277978 35792.7289807994 1262.486951545777 -11961.806398661 -8653.131447905058
 -16552.56620391195 36052.68058538763 968.7235154431094 -12215.93838861186 -8253.72967305826
 -16552.56620391195 36052.68058538763 968.7235154431094 -12215.93838861186 -8253.72967305826
 -16418.34469468194 35780.47487706018 1256.102039186234 -11955.76491913322 -8659.854063382889
 -16584.48122748989 35870.10627412136 1096.873183589336 -11943.15299229944 -8440.377314352869
 -16441.11073277978 35792.7289807994 1262.486951545777 -11961.806398661 -8653.131447905058
 -16584.48122748989 35870.10627412136 1096.873183589336 -11943.15299229944 -8440.377314352869
 -16398.40993450202 36212.11032917538 735.8918382543568 -12325.11514307132 -8238.857064090051
 -16441.11073277978 35792.7289807994 1262.486951545777 -11961.806398661 -8653.131447905058
 -16541.35189729916 35861.64367105984 1130.352668943631 -11932.17946253571 -8519.444158149401
 -16553.81973360558 36055.58455132302 969.9675008136478 -12215.05663049529 -8253.951138492073
 -16441.11073277978 35792.7289807994 1262.486951545777 -11961.806398661 -8653.131447905058
 -16584.48122748989 35870.10627412136 1096.873183589336 -11943.15299229944 -8440.377314352869
 -16584.48122748989 35870.10627412136 1096.873183589336 -11943.15299229944 -8440.377314352869
 -16441.11073277978 35792.7289807994 1262.486951545777 -11961.806398661 -8653.131447905058
 -16581.81091866519 35871.62577715135 1095.106834981222 -11948.81885045915 -8436.797965222238
 -16541.35189729916 35861.64367105984 1130.352668943631 -11932.17946253571 -8519.444158149401
 -16581.81091866519 35871.62577715135 1095.106834981222 -11948.81885045915 -8436.797965222238
 -16584.48122748989 35870.10627412136 1096.873183589336 -11943.15299229944 -8440.377314352869
 -16441.11073277978 35792.7289807994 1262.486951545777 -11961.806398661 -8653.131447905058
 -16541.35189729916 35861.64367105984 1130.352668943631 -11932.17946253571 -8519.444158149401
 -16581.81091866519 35871.62577715135 1095.106834981222 -11948.81885045915 -8436.797965222238
 -16581.81091866519 35871.62577715135 1095.106834981222 -11948.81885045915 -8436.797965222238
 -16582.06100320193 35870.8424310744 1097.651915532314 -11946.59995304471 -8435.86742524649
 -16541.35189729916 35861.64367105984 1130.352668943631 -11932.17946253571 -8519.444158149401
 -16552.56620391195 36052.68058538763 968.7235154431094 -12215.93838861186 -8253.72967305826
 -16441.11073277978 35792.7289807994 1262.486951545777 -11961.806398661 -8653.131447905058
 -16441.11073277978 35792.7289807994 1262.486951545777 -11961.806398661 -8653.131447905058
 -16539.54905119207 35859.23058096999 1125.054660491375 -11925.94901349279 -8518.782672381443
 -16441.11073277978 35792.7289807994 1262.486951545777 -11961.806398661 -8653.131447905058
 -16441.11073277978 35792.7289807994 1262.486951545777 -11961.806398661 -8653.131447905058
 -16541.35189729916 35861.64367105984 1130.352668943631 -11932.17946253571 -8519.444158149401
 -16428.03398120809 35776.1600774902 1253.722369693085 -11947.56959179811 -8654.248634284018
 -16441.11073277978 35792.7289807994 1262.486951545777 -11961.806398661 -8653.131447905058
 -16552.56620391195 36052.68058538763 968.7235154431094 -12215.93838861186 -8253.72967305826
 -16441.11073277978 35792.7289807994 1262.486951545777 -11961.806398661 -8653.131447905058
 -16584.48122748989 35870.10627412136 1096.873183589336 -11943.15299229944 -8440.377314352869
 -16441.11073277978 35792.7289807994 1262.486951545777 -11961.806398661 -8653.131447905058
 -16584.48122748989 35870.10627412136 1096.873183589336 -11943.15299229944 -8440.377314352869
 -16541.35189729916 35861.64367105984 1130.352668943631 -11932.17946253571 -8519.444158149401
 -16440.70603574662 35792.06607202841 1263.133378311612 -11961.63284470794 -8653.873355909514
 -16441.11073277978 35792.7289807994 1262.486951545777 -11961.806398661 -8653.131447905058
 -16581.81091866519 35871.62577715135 1095.106834981222 -11948.81885045915 -8436.797965222238
 -16581.81091866519 35871.62577715135 1095.106834981222 -11948.81885045915 -8436.797965222238
 -16411.93594734149 35800.14651308057 1240.177328361145 -11975.50003762915 -8651.084317302759
 -16584.48122748989 35870.10627412136 1096.873183589336 -11943.15299229944 -8440.377314352869
 -16541.35189729916 35861.64367105984 1130.352668943631 -11932.17946253571 -8519.444158149401
 -16441.11073277978 35792.7289807994 1262.486951545777 -11961.806398661 -8653.131447905058
 -16584.48122748989 35870.10627412136 1096.873183589336 -11943.15299229944 -8440.377314352869
 -16581.81091866519 35871.62577715135 1095.106834981222 -11948.81885045915 -8436.797965222238
 -16501.39557754573 36082.0867320597 871.7173997745429 -12210.8079843312 -8265.294994999345
 -16441.11073277978 35792.7289807994 1262.486951545777 -11961.806398661 -8653.131447905058
 -16552.56620391195 36052.68058538763 968.7235154431094 -12215.93838861186 -8253.72967305826
 -16438.94246492081 35791.50663940128 1261.989197630619 -11961.44399765769 -8653.576015545081
 -16581.81091866519 35871.62577715135 1095.106834981222 -11948.81885045915 -8436.797965222238
 -16441.11073277978 35792.7289807994 1262.486951545777 -11961.806398661 -8653.131447905058
 -16441.11073277978 35792.7289807994 1262.486951545777 -11961.806398661 -8653.131447905058
 -16441.11073277978 35792.7289807994 1262.486951545777 -11961.806398661 -8653.131447905058
 -16441.11073277978 35792.7289807994 1262.486951545777 -11961.806398661 -8653.131447905058
 -16539.54905119207 35859.23058096999 1125.054660491375 -11925.94901349279 -8518.782672381443
 -16420.3717589422 35790.34671547999 1249.365168011284 -11955.82975080733 -8661.862809505874
 -16441.66075954946 36040.32217229129 848.6487688577384 -12242.31247997435 -8205.86331478686
 -16440.081249159 35773.45265472554 1157.060026888201 -11983.69157317701 -8638.42255624246
 -16581.81091866519 35871.62577715135 1095.106834981222 -11948.81885045915 -8436.797965222238
 -16560.16265012176 35880.25566902235 1085.813588417404 -11925.52102894116 -8478.973130184446
 -16552.09171503932 36047.85546330282 954.4476303821333 -12220.44468302611 -8257.393015462469
 -16441.11073277978 35792.7289807994 1262.486951545777 -11961.806398661 -8653.131447905058
 -16541.35189729916 35861.64367105984 1130.352668943631 -11932.17946253571 -8519.444158149401
 -16581.21121960256 35875.47930611679 1100.248284883151 -11945.40392199235 -8440.023551487968
 -16584.77939819153 35885.09996802326 1110.44504387923 -11960.56430593825 -8434.36399990873
 -16552.56620391195 36052.68058538763 968.7235154431094 -12215.93838861186 -8253.72967305826
 -16442.28320316839 35793.92354118739 1260.62597001519 -11962.94564788582 -8654.070169818082
 -16441.11073277978 35792.7289807994 1262.486951545777 -11961.806398661 -8653.131447905058
 -16441.11073277978 35792.7289807994 1262.486951545777 -11961.806398661 -8653.131447905058
 -16421.74315272506 35786.86910691811 1247.276196178141 -11952.47704649853 -8660.805830036832
 -16552.56620391195 36052.68058538763 968.7235154431094 -12215.93838861186 -8253.72967305826
 -16441.11073277978 35792.7289807994 1262.486951545777 -11961.806398661 -8653.131447905058
 -16441.11073277978 35792.7289807994 1262.486951545777 -11961.806398661 -8653.131447905058
