# Created by Octave 4.2.1, Mon Oct 09 18:11:02 2017 BRT <root@mosqueiro>
# name: pop
# type: matrix
# rows: 1000
# columns: 5
 34756.40330092981 7995.586430664207 -27046.68759611512 686.8750187560518 -16389.80441378051
 34756.40330092981 7995.586430664207 -27046.68759611512 686.8750187560518 -16389.80441378051
 34756.40330092981 7995.586430664207 -27046.68759611512 686.8750187560518 -16389.80441378051
 34756.40330092981 7995.586430664207 -27046.68759611512 686.8750187560518 -16389.80441378051
 34756.40330092981 7995.586430664207 -27046.68759611512 686.8750187560518 -16389.80441378051
 8123.400507989601 3727.060677770249 681.3911912756103 -9398.71000660814 -3087.135526407579
 34756.40330092981 7995.586430664207 -27046.68759611512 686.8750187560518 -16389.80441378051
 34756.40330092981 7995.586430664207 -27046.68759611512 686.8750187560518 -16389.80441378051
 34756.40330092981 7995.586430664207 -27046.68759611512 686.8750187560518 -16389.80441378051
 34756.40330092981 7995.586430664207 -27046.68759611512 686.8750187560518 -16389.80441378051
 34817.43659817028 7479.767772946008 -27669.84335456691 860.3044064803419 -16088.50591809195
 21712.38249809693 8946.444918436968 -2701.059225487451 6915.131415578844 -139.1897127555703
 36226.62197072761 9957.215075020044 -24262.77766906787 -1264.991670758012 -17444.25539783212
 34756.40330092981 7995.586430664207 -27046.68759611512 686.8750187560518 -16389.80441378051
 34756.40330092981 7995.586430664207 -27046.68759611512 686.8750187560518 -16389.80441378051
 34756.40330092981 7995.586430664207 -27046.68759611512 686.8750187560518 -16389.80441378051
 35700.67021014421 8813.961890139559 -26372.0551091427 -232.6811369380446 -18227.75926066841
 12198.43950122804 680.9425341734885 -465.8229074754099 -7995.490414432572 -3665.742440258505
 32291.33427555134 3148.515275633546 -32613.44641688145 2640.911554163778 -16395.56510900639
 34756.40330092981 7995.586430664207 -27046.68759611512 686.8750187560518 -16389.80441378051
 21712.38249809693 8946.444918436968 -2701.059225487451 6915.131415578844 -139.1897127555703
 34756.40330092981 7995.586430664207 -27046.68759611512 686.8750187560518 -16389.80441378051
 34756.40330092981 7995.586430664207 -27046.68759611512 686.8750187560518 -16389.80441378051
 34756.40330092981 7995.586430664207 -27046.68759611512 686.8750187560518 -16389.80441378051
 34756.40330092981 7995.586430664207 -27046.68759611512 686.8750187560518 -16389.80441378051
 37726.91794292393 7801.690078140056 -29142.45240783817 2180.173219005784 -16616.14358571485
 34403.02517557752 9260.319300433408 -28447.19147740678 2418.929578238922 -16465.99367855327
 34756.40330092981 7995.586430664207 -27046.68759611512 686.8750187560518 -16389.80441378051
 34756.40330092981 7995.586430664207 -27046.68759611512 686.8750187560518 -16389.80441378051
 34756.40330092981 7995.586430664207 -27046.68759611512 686.8750187560518 -16389.80441378051
 34756.40330092981 7995.586430664207 -27046.68759611512 686.8750187560518 -16389.80441378051
 35196.44028180047 8132.885230735483 -27203.19941943014 -239.7502588608393 -14634.51146655226
 34140.57683433496 7940.636461481165 -25681.10238651171 -485.7592569710505 -18979.33256495606
 34756.40330092981 7995.586430664207 -27046.68759611512 686.8750187560518 -16389.80441378051
 34756.40330092981 7995.586430664207 -27046.68759611512 686.8750187560518 -16389.80441378051
 34756.40330092981 7995.586430664207 -27046.68759611512 686.8750187560518 -16389.80441378051
 34948.76203093585 7719.788356650995 -27784.62528272991 2339.58560435075 -16267.47582464304
 35565.75415782271 10515.61229840449 -28047.17961161215 1654.134389832148 -19121.50852978302
 34049.30930873323 7216.109248707612 -27668.43819469407 1316.253345814201 -15271.23192266833
 34756.40330092981 7995.586430664207 -27046.68759611512 686.8750187560518 -16389.80441378051
 33794.59173818339 8177.86102859813 -25244.50758878027 869.4140910705562 -15264.31967585308
 34756.40330092981 7995.586430664207 -27046.68759611512 686.8750187560518 -16389.80441378051
 34105.33833382429 5134.58641940061 -22375.81254746349 -1586.953294164004 -12700.51757702417
 34756.40330092981 7995.586430664207 -27046.68759611512 686.8750187560518 -16389.80441378051
 34112.71653188561 5677.349844525666 -21770.89883560368 2846.653010665127 -14499.31865777557
 34756.40330092981 7995.586430664207 -27046.68759611512 686.8750187560518 -16389.80441378051
 34756.40330092981 7995.586430664207 -27046.68759611512 686.8750187560518 -16389.80441378051
 8123.400507989601 3727.060677770249 681.3911912756103 -9398.71000660814 -3087.135526407579
 35239.19191840746 6096.815320930535 -27784.02782980593 -371.6973725674879 -12667.99252330066
 34756.40330092981 7995.586430664207 -27046.68759611512 686.8750187560518 -16389.80441378051
 34756.40330092981 7995.586430664207 -27046.68759611512 686.8750187560518 -16389.80441378051
 34756.40330092981 7995.586430664207 -27046.68759611512 686.8750187560518 -16389.80441378051
 35081.80096300347 3450.908659695102 -26283.1071102752 4579.340626227632 -18446.91403192396
 34756.40330092981 7995.586430664207 -27046.68759611512 686.8750187560518 -16389.80441378051
 34756.40330092981 7995.586430664207 -27046.68759611512 686.8750187560518 -16389.80441378051
 33376.32168596454 9624.228612279669 -27647.71017948899 1770.772552283556 -18704.76501225803
 34756.40330092981 7995.586430664207 -27046.68759611512 686.8750187560518 -16389.80441378051
 3355.978088638299 7059.667377479122 705.2912823834175 -12511.45171741006 -723.4872863909804
 34756.40330092981 7995.586430664207 -27046.68759611512 686.8750187560518 -16389.80441378051
 34049.30930873323 7216.109248707612 -27668.43819469407 1316.253345814201 -15271.23192266833
 34756.40330092981 7995.586430664207 -27046.68759611512 686.8750187560518 -16389.80441378051
 7823.873910155427 4426.269351743485 2295.891769987283 -8233.423026268527 -4195.546508772336
 34756.40330092981 7995.586430664207 -27046.68759611512 686.8750187560518 -16389.80441378051
 34756.40330092981 7995.586430664207 -27046.68759611512 686.8750187560518 -16389.80441378051
 35239.19191840746 6096.815320930535 -27784.02782980593 -371.6973725674879 -12667.99252330066
 34756.40330092981 7995.586430664207 -27046.68759611512 686.8750187560518 -16389.80441378051
 34756.40330092981 7995.586430664207 -27046.68759611512 686.8750187560518 -16389.80441378051
 34756.40330092981 7995.586430664207 -27046.68759611512 686.8750187560518 -16389.80441378051
 34756.40330092981 7995.586430664207 -27046.68759611512 686.8750187560518 -16389.80441378051
 35287.685539262 9884.536121793377 -23015.57406448015 1324.886171602063 -17243.53372879679
 34756.40330092981 7995.586430664207 -27046.68759611512 686.8750187560518 -16389.80441378051
 33277.5508530242 7899.640811597948 -27157.81114412247 -356.6713766262055 -17506.87039844181
 34756.40330092981 7995.586430664207 -27046.68759611512 686.8750187560518 -16389.80441378051
 34549.2338413133 9427.03226477094 -25528.02716925064 -175.1795793969995 -17724.55268162796
 34756.40330092981 7995.586430664207 -27046.68759611512 686.8750187560518 -16389.80441378051
 34756.40330092981 7995.586430664207 -27046.68759611512 686.8750187560518 -16389.80441378051
 31261.07894809876 11381.80188713882 -23368.04980594818 4258.78708995477 -21532.494016119
 34756.40330092981 7995.586430664207 -27046.68759611512 686.8750187560518 -16389.80441378051
 34756.40330092981 7995.586430664207 -27046.68759611512 686.8750187560518 -16389.80441378051
 34704.11363703866 7739.169179469726 -27791.89057739291 -3215.103895615808 -18640.29432964149
 34703.04328756006 9950.998538076492 -25551.26260662349 -1787.788538264108 -16514.54786598672
 34225.46321556191 9674.894874315529 -29158.26206489206 -1367.781075292979 -12264.03546098842
 38989.44325647746 5363.478019478165 -34807.70039267177 722.5978648563504 -12850.02416680227
 34756.40330092981 7995.586430664207 -27046.68759611512 686.8750187560518 -16389.80441378051
