# Created by Octave 4.2.1, Mon Oct 09 17:32:59 2017 BRT <root@mosqueiro>
# name: pop
# type: matrix
# rows: 1000
# columns: 5
 3069.186883280454 -6932.815978323069 -6616.08464653239 6858.316249444368 3656.422301383605
 3069.186883280454 -6932.815978323069 -6616.08464653239 6858.316249444368 3656.422301383605
 3069.186883280454 -6932.815978323069 -6616.08464653239 6858.316249444368 3656.422301383605
 3069.186883280454 -6932.815978323069 -6616.08464653239 6858.316249444368 3656.422301383605
 3069.186883280454 -6932.815978323069 -6616.08464653239 6858.316249444368 3656.422301383605
 -2851.057052404306 -8802.03530449037 21422.11263533124 3270.717524580838 14267.97577821057
 1070.092626262125 2644.7922598404 5605.547460363536 6557.229259745454 1322.170242242782
 44392.55614701677 -10165.7161384305 15168.01138502963 -1812.899144514826 -7522.888591281373
 3069.186883280454 -6932.815978323069 -6616.08464653239 6858.316249444368 3656.422301383605
 3069.186883280454 -6932.815978323069 -6616.08464653239 6858.316249444368 3656.422301383605
 3069.186883280454 -6932.815978323069 -6616.08464653239 6858.316249444368 3656.422301383605
 3069.186883280454 -6932.815978323069 -6616.08464653239 6858.316249444368 3656.422301383605
 4034.907769847807 -2552.32409743333 -4448.652095031181 -1753.16190164084 4663.165721937623
 -8447.463430925016 -4483.999883200463 9682.785578581421 5420.036686532505 -578.6136376462855
 -903.4999229721707 -14970.57904626079 -9325.053702787356 -45130.33683256749 3162.858657114984
 3069.186883280454 -6932.815978323069 -6616.08464653239 6858.316249444368 3656.422301383605
 3069.186883280454 -6932.815978323069 -6616.08464653239 6858.316249444368 3656.422301383605
 3069.186883280454 -6932.815978323069 -6616.08464653239 6858.316249444368 3656.422301383605
 -1341.164349790208 -536.7722817641934 -4069.481109592737 5429.935669365961 3475.514446319128
 -11657.13607145762 20735.33733155448 4711.02654918896 -16568.45971564759 -38160.0662429076
 6808.115084519795 4252.143723356137 -404.0452467137438 -2798.192511445156 -7722.079062764028
 3069.186883280454 -6932.815978323069 -6616.08464653239 6858.316249444368 3656.422301383605
 16775.72647768916 19702.83547510444 10252.40718341889 18400.55391306255 14392.94116557363
 4643.606029891882 -23851.90711849703 9601.695066425609 -22782.73242951389 37653.87804917711
 6798.147032661003 -7709.733922946774 1445.639724610268 863.858522722061 -1314.842498514192
 3069.186883280454 -6932.815978323069 -6616.08464653239 6858.316249444368 3656.422301383605
 3069.186883280454 -6932.815978323069 -6616.08464653239 6858.316249444368 3656.422301383605
 6798.147032661003 -7709.733922946774 1445.639724610268 863.858522722061 -1314.842498514192
 5189.975890534181 2353.186860247974 1176.163574669346 -604.2784160294959 -7438.837733533172
 3069.186883280454 -6932.815978323069 -6616.08464653239 6858.316249444368 3656.422301383605
 6798.147032661003 -7709.733922946774 1445.639724610268 863.858522722061 -1314.842498514192
 -2516.596658320051 9908.860679884085 4282.920179287248 -5534.240267019016 -5397.105372800061
 -226.5650203148489 -5203.34254937909 -5254.685762210836 2531.438416753977 8446.483147600349
 520.6976952287932 9034.476676460814 2900.562093462948 1151.292225621124 -5905.359237049489
 -2971.723798790315 -4816.144515811079 7727.078368617629 9859.721080296687 -9951.905914095796
 3069.186883280454 -6932.815978323069 -6616.08464653239 6858.316249444368 3656.422301383605
 8745.240326714633 -7907.70227573056 -1960.183379671309 2185.251583065809 -840.0009526433787
 -4005.899005622206 -2747.723054704419 7189.434291830818 5215.069835127948 -5673.813560183832
 -8447.463430925016 -4483.999883200463 9682.785578581421 5420.036686532505 -578.6136376462855
 3069.186883280454 -6932.815978323069 -6616.08464653239 6858.316249444368 3656.422301383605
 3069.186883280454 -6932.815978323069 -6616.08464653239 6858.316249444368 3656.422301383605
 3069.186883280454 -6932.815978323069 -6616.08464653239 6858.316249444368 3656.422301383605
 -14766.72171335184 39438.52271442993 -9719.339199863167 56172.96191349711 5716.221621216383
 -2971.723798790315 -4816.144515811079 7727.078368617629 9859.721080296687 -9951.905914095796
 5931.718732843521 423.7082098188312 -4669.601181028388 2110.010910892439 -3967.061625382487
 -41025.72935997662 -60662.96010503091 -25021.69635056322 -19915.10461508531 -39122.96896352929
 4034.907769847807 -2552.32409743333 -4448.652095031181 -1753.16190164084 4663.165721937623
 -1665.758845929418 5581.76588559952 -931.9036329228402 5064.193082915062 -7869.968101138515
 -267.9060724316444 442.3045560107536 8411.320530330149 -12471.88971722226 -4159.831728657773
 8560.443804315681 9993.014155927489 2055.598542364172 -2820.95543509686 6680.582158567526
 3069.186883280454 -6932.815978323069 -6616.08464653239 6858.316249444368 3656.422301383605
 34146.57370934379 -26865.55418930682 22098.85419398051 5993.021379471133 -6742.160498598116
 16229.77083020825 11866.1617676008 -2882.102703291791 -16154.3255463164 -1421.875040486531
 3069.186883280454 -6932.815978323069 -6616.08464653239 6858.316249444368 3656.422301383605
 1838.097549854232 9525.470114128377 -8490.507115786097 -1280.833428171538 8174.226079000931
 34751.00857838389 6940.805784915767 -3679.499477237816 43289.37551783033 -9934.616557416621
 436.465762757869 9150.824246739881 5319.345334103662 -8989.321464704051 1035.304762572867
 3069.186883280454 -6932.815978323069 -6616.08464653239 6858.316249444368 3656.422301383605
 -3266.805644419431 -8549.14263863869 6343.78074173735 -4718.098286763079 -8347.010021360447
 3069.186883280454 -6932.815978323069 -6616.08464653239 6858.316249444368 3656.422301383605
 3069.186883280454 -6932.815978323069 -6616.08464653239 6858.316249444368 3656.422301383605
 4034.907769847807 -2552.32409743333 -4448.652095031181 -1753.16190164084 4663.165721937623
 3069.186883280454 -6932.815978323069 -6616.08464653239 6858.316249444368 3656.422301383605
 3069.186883280454 -6932.815978323069 -6616.08464653239 6858.316249444368 3656.422301383605
 7022.360464375783 -3639.457847179327 9855.338499933689 -9818.956726014971 -3271.146059446823
 3069.186883280454 -6932.815978323069 -6616.08464653239 6858.316249444368 3656.422301383605
 5931.718732843521 423.7082098188312 -4669.601181028388 2110.010910892439 -3967.061625382487
 -19505.70785449315 7225.433536122516 -17337.31945289667 -3931.487634853959 -27525.55727574324
 3069.186883280454 -6932.815978323069 -6616.08464653239 6858.316249444368 3656.422301383605
 -9669.66320645049 3700.000043410098 5832.431774129889 3149.110570382187 2763.218261029549
 14866.81462834942 4736.622761451305 -29412.28663772503 14706.13549907738 8237.554771059293
 -4380.552886475538 -37644.23758514364 -3352.237927155162 -13634.68146957222 31338.68245010518
 18947.09666608374 -19506.18513143772 -12294.79097162992 9844.511263842947 1451.076091503082
 4643.606029891882 -23851.90711849703 9601.695066425609 -22782.73242951389 37653.87804917711
 3069.186883280454 -6932.815978323069 -6616.08464653239 6858.316249444368 3656.422301383605
 1880.116845280036 -16439.27775555169 -13352.03895533855 21531.36899704266 6585.236978578311
 436.465762757869 9150.824246739881 5319.345334103662 -8989.321464704051 1035.304762572867
 16021.48904650374 -17621.56661753856 -74524.00660705127 10152.39983286708 -10163.12200232401
 7022.360464375783 -3639.457847179327 9855.338499933689 -9818.956726014971 -3271.146059446823
 35157.58942118275 -1825.399611275444 -16211.62032938555 -1302.62912754667 8063.03010415437
 6798.147032661003 -7709.733922946774 1445.639724610268 863.858522722061 -1314.842498514192
 -1112.854806385232 5243.692288222157 -292.3715313139783 3656.27627697233 -6614.103330566657
 1217.942714112904 2166.463845687711 -8001.678930308324 3021.537545014364 1703.554814186931
 3069.186883280454 -6932.815978323069 -6616.08464653239 6858.316249444368 3656.422301383605
 4034.907769847807 -2552.32409743333 -4448.652095031181 -1753.16190164084 4663.165721937623
