# Created by Octave 4.2.1, Mon Oct 09 18:38:26 2017 BRT <root@mosqueiro>
# name: pop
# type: matrix
# rows: 1000
# columns: 5
 9038.161742797551 -7898.573771228968 1150.865555485592 -5448.37831385851 3174.518999990009
 9038.161742797551 -7898.573771228968 1150.865555485592 -5448.37831385851 3174.518999990009
 9038.161742797551 -7898.573771228968 1150.865555485592 -5448.37831385851 3174.518999990009
 9038.161742797551 -7898.573771228968 1150.865555485592 -5448.37831385851 3174.518999990009
 9038.161742797551 -7898.573771228968 1150.865555485592 -5448.37831385851 3174.518999990009
 13585.05876735258 -8737.110503667569 -14419.22050802602 -15286.78011802731 30356.71136375469
 -8529.334933239796 -7175.518882054273 8616.420701197992 6898.317395178718 8383.123384388302
 6484.114703874879 -3151.516379164531 1382.240783203992 8896.389035804797 -9605.4079580379
 9038.161742797551 -7898.573771228968 1150.865555485592 -5448.37831385851 3174.518999990009
 6683.984311843429 2791.478647793318 -7837.158764179543 4998.403510361788 -6556.149904026508
 9868.964336606092 6241.526707831903 -2993.317830019973 -7045.408323198038 -5572.191981108024
 3750.029475271562 -1644.233405176588 3316.790133663022 -7632.521749964198 -4978.398952520807
 -4947.828597365275 6799.634575334527 -4213.203794314194 8209.92330335889 -6010.870248269914
 1145.965525058373 -6421.155008867732 8487.605586782924 615.1381623489888 -3775.963240603114
 9038.161742797551 -7898.573771228968 1150.865555485592 -5448.37831385851 3174.518999990009
 9038.161742797551 -7898.573771228968 1150.865555485592 -5448.37831385851 3174.518999990009
 1271.477430716627 -31472.00146112443 25145.48885027616 -1799.055268961869 34368.44302821578
 9038.161742797551 -7898.573771228968 1150.865555485592 -5448.37831385851 3174.518999990009
 9038.161742797551 -7898.573771228968 1150.865555485592 -5448.37831385851 3174.518999990009
 6683.984311843429 2791.478647793318 -7837.158764179543 4998.403510361788 -6556.149904026508
 9038.161742797551 -7898.573771228968 1150.865555485592 -5448.37831385851 3174.518999990009
 -7406.48988373738 14585.21546099362 -13384.48770982757 12350.24343116295 -6900.648846414562
 1475.831898755092 7622.982183600718 -2368.008736304504 -6732.07363257284 2509.565618738085
 -6784.36573313823 6675.23033902896 -8529.120723106738 104.2440763375253 9197.476350151675
 9308.944929055357 8596.130209574789 5091.448717139325 2349.623552742667 1683.869420824891
 9868.964336606092 6241.526707831903 -2993.317830019973 -7045.408323198038 -5572.191981108024
 -18331.21271943625 16879.027764712 17216.57911057651 -22165.45817695385 -41719.83004133345
 9739.068629808393 4105.48595400559 -9914.377405273539 7346.66715349767 -7727.082762651613
 9038.161742797551 -7898.573771228968 1150.865555485592 -5448.37831385851 3174.518999990009
 -9092.529483193786 -8470.316986917866 19520.84773796997 -15272.8233626712 21816.91025586186
 9038.161742797551 -7898.573771228968 1150.865555485592 -5448.37831385851 3174.518999990009
 -2163.499557826663 -15801.8295731439 8995.358892107604 -8781.248993315263 -25966.72358732288
 4986.42500055882 1571.559486806835 -9352.591011712049 -9567.604400171795 -9639.897735603628
 -9260.134928525953 9035.179050281055 4049.912661863891 -6193.163959635647 2315.412433480027
 12328.83499317676 27949.5342232268 -12626.31498611078 -15305.25531312774 -7214.221836025905
 -13699.27456951331 13005.4270196934 32489.90592235038 -16465.28890876625 -21829.46647858576
 -9943.397289710067 22950.16119758786 -14988.88109575794 2143.936117022064 -31273.3209772688
 6347.249769339105 -1069.348398007447 7209.599469974131 9636.606822154383 -9834.047874208478
 7338.36769043397 -2742.09690047435 -1045.937566625404 3718.267727837918 -6968.928524833005
 -6299.423095926682 5488.514107311721 4542.778173299583 3189.182748672863 -6551.580968994241
 7504.092636933154 8595.572332265598 2283.305093959376 -6687.942069706244 5397.706144085338
 41510.10877295015 6199.743015611441 13156.80374490647 -7544.134178165856 -36370.21004312778
 -7451.428062998682 1557.577376603742 -823.7257409946815 1756.061270780827 5203.00946782509
 -1081.807770924794 953.8560289740508 -1661.298349480572 5196.99163737932 -3308.468078923364
 -9260.134928525953 9035.179050281055 4049.912661863891 -6193.163959635647 2315.412433480027
 9038.161742797551 -7898.573771228968 1150.865555485592 -5448.37831385851 3174.518999990009
 1145.965525058373 -6421.155008867732 8487.605586782924 615.1381623489888 -3775.963240603114
 -1081.807770924794 953.8560289740508 -1661.298349480572 5196.99163737932 -3308.468078923364
 -9137.960004771476 -4514.985355314752 -5781.75076725837 1748.566099208774 -1957.297920986184
 2716.204670452909 -2045.22482338822 5421.909403386575 -8855.201292068472 9605.855813773982
 -9994.394208230908 8728.110260456444 -30659.97549905375 -2273.782664650186 13349.9756700592
 -6565.88743078215 -1649.582895199694 -5204.137724428389 4133.476496687184 -4951.53206743799
 -6579.804388711073 8790.307475960417 3687.746687592004 2730.460083503463 -5921.75203166405
 -6934.180255677328 1165.530662877014 2408.17366064777 -2224.965265465461 -8952.942753959533
 9038.161742797551 -7898.573771228968 1150.865555485592 -5448.37831385851 3174.518999990009
 7290.172991562384 -3727.034918731741 -44.76549532471108 9833.560885637016 5649.68548975341
 6683.984311843429 2791.478647793318 -7837.158764179543 4998.403510361788 -6556.149904026508
 1145.965525058373 -6421.155008867732 8487.605586782924 615.1381623489888 -3775.963240603114
 7748.284172688962 -25703.40646676323 -20312.94281288682 -18162.0794350336 11506.68608077228
 9038.161742797551 -7898.573771228968 1150.865555485592 -5448.37831385851 3174.518999990009
 9038.161742797551 -7898.573771228968 1150.865555485592 -5448.37831385851 3174.518999990009
 -9159.947233543031 8379.793911932054 4047.122495107733 -6486.049571220301 5024.606670974774
 -7451.428062998682 1557.577376603742 -823.7257409946815 1756.061270780827 5203.00946782509
 -7451.428062998682 1557.577376603742 -823.7257409946815 1756.061270780827 5203.00946782509
 9038.161742797551 -7898.573771228968 1150.865555485592 -5448.37831385851 3174.518999990009
 -1993.134535971612 -4904.137167661424 4777.500516296504 5165.589929539647 4295.557990604928
 9038.161742797551 -7898.573771228968 1150.865555485592 -5448.37831385851 3174.518999990009
 9038.161742797551 -7898.573771228968 1150.865555485592 -5448.37831385851 3174.518999990009
 7338.36769043397 -2742.09690047435 -1045.937566625404 3718.267727837918 -6968.928524833005
 9038.161742797551 -7898.573771228968 1150.865555485592 -5448.37831385851 3174.518999990009
 -6377.209835177731 -4250.167680085909 -9246.005591749832 -5518.167042648113 -660.1060773066711
 -6299.423095926682 5488.514107311721 4542.778173299583 3189.182748672863 -6551.580968994241
 9038.161742797551 -7898.573771228968 1150.865555485592 -5448.37831385851 3174.518999990009
 9215.970068767903 -4548.510080355578 -4876.521781063851 -175.92202244701 1273.507151659733
 -7451.428062998682 1557.577376603742 -823.7257409946815 1756.061270780827 5203.00946782509
 4368.901211436055 4881.524379782192 8955.289501934431 11637.48065318462 -25691.39961434598
 -1833.960763662049 5888.786927653218 -868.3729154081848 -6784.109374238986 4155.967068715587
 661.7589410627461 -1173.803140170783 -52.37694594282402 235.4703828275833 2736.371248298643
 -5628.790826027897 -8804.299350574494 -1888.594079290981 9474.393862853573 -5751.347180736851
 9038.161742797551 -7898.573771228968 1150.865555485592 -5448.37831385851 3174.518999990009
 9038.161742797551 -7898.573771228968 1150.865555485592 -5448.37831385851 3174.518999990009
 9038.161742797551 -7898.573771228968 1150.865555485592 -5448.37831385851 3174.518999990009
 1475.831898755092 7622.982183600718 -2368.008736304504 -6732.07363257284 2509.565618738085
 7575.683067362133 -4714.658169517439 1619.837297426013 2234.787393070272 -4930.062724903962
 -3640.307359099473 9231.859059569175 -11892.74743549178 -20177.82943694833 16290.07425345602
