# Created by Octave 4.2.1, Mon Oct 09 18:10:22 2017 BRT <root@mosqueiro>
# name: pop
# type: matrix
# rows: 1000
# columns: 5
 34756.40330092981 7995.586430664207 -27046.68759611512 686.8750187560518 -16389.80441378051
 34756.40330092981 7995.586430664207 -27046.68759611512 686.8750187560518 -16389.80441378051
 34756.40330092981 7995.586430664207 -27046.68759611512 686.8750187560518 -16389.80441378051
 34756.40330092981 7995.586430664207 -27046.68759611512 686.8750187560518 -16389.80441378051
 34756.40330092981 7995.586430664207 -27046.68759611512 686.8750187560518 -16389.80441378051
 36722.23747159046 9337.697207445584 -28870.26394473893 1110.501250228253 -14374.54296555633
 34756.40330092981 7995.586430664207 -27046.68759611512 686.8750187560518 -16389.80441378051
 34756.40330092981 7995.586430664207 -27046.68759611512 686.8750187560518 -16389.80441378051
 41287.08512935776 7806.020812066749 -25650.69214046685 -3370.62193930034 -14500.9948502753
 34756.40330092981 7995.586430664207 -27046.68759611512 686.8750187560518 -16389.80441378051
 34756.40330092981 7995.586430664207 -27046.68759611512 686.8750187560518 -16389.80441378051
 34756.40330092981 7995.586430664207 -27046.68759611512 686.8750187560518 -16389.80441378051
 34756.40330092981 7995.586430664207 -27046.68759611512 686.8750187560518 -16389.80441378051
 34513.62560430537 12494.57136033222 -28095.77236950213 1793.427538148423 -15637.75553255347
 32875.92180091271 9097.807556674714 -30663.46025744798 3121.770838051321 -16869.81354790471
 8123.400507989601 3727.060677770249 681.3911912756103 -9398.71000660814 -3087.135526407579
 34761.64577117164 8584.82008831896 -30065.13653077451 1695.053269933114 -15406.97727775498
 34653.57051566111 10690.8645524886 -26925.45256188734 -958.1338141166839 -17749.10717510258
 34756.40330092981 7995.586430664207 -27046.68759611512 686.8750187560518 -16389.80441378051
 34756.40330092981 7995.586430664207 -27046.68759611512 686.8750187560518 -16389.80441378051
 34756.40330092981 7995.586430664207 -27046.68759611512 686.8750187560518 -16389.80441378051
 34756.40330092981 7995.586430664207 -27046.68759611512 686.8750187560518 -16389.80441378051
 32050.3761234417 10275.3381057709 -25765.28603557767 3890.37383369071 -13944.16726632514
 34756.40330092981 7995.586430664207 -27046.68759611512 686.8750187560518 -16389.80441378051
 34756.40330092981 7995.586430664207 -27046.68759611512 686.8750187560518 -16389.80441378051
 34756.40330092981 7995.586430664207 -27046.68759611512 686.8750187560518 -16389.80441378051
 34549.2338413133 9427.03226477094 -25528.02716925064 -175.1795793969995 -17724.55268162796
 34349.33043994002 9395.499599097864 -25673.53381756407 517.8305600725374 -13849.0723701163
 34756.40330092981 7995.586430664207 -27046.68759611512 686.8750187560518 -16389.80441378051
 34756.40330092981 7995.586430664207 -27046.68759611512 686.8750187560518 -16389.80441378051
 34756.40330092981 7995.586430664207 -27046.68759611512 686.8750187560518 -16389.80441378051
 39781.72950161011 2817.643023794821 -24316.77254482109 1405.73385723 -13345.4610473119
 31943.19770118696 7139.63047011439 -24992.90326579225 -113.6739138657281 -18059.7672439723
 32898.38289751548 8021.710860112345 -27097.97884804893 144.9464457655025 -21269.04999400373
 34756.40330092981 7995.586430664207 -27046.68759611512 686.8750187560518 -16389.80441378051
 34756.40330092981 7995.586430664207 -27046.68759611512 686.8750187560518 -16389.80441378051
 35022.70912968369 5874.679132504353 -25145.50374940143 3249.550658654578 -12948.47185676618
 34756.40330092981 7995.586430664207 -27046.68759611512 686.8750187560518 -16389.80441378051
 34756.40330092981 7995.586430664207 -27046.68759611512 686.8750187560518 -16389.80441378051
 34756.40330092981 7995.586430664207 -27046.68759611512 686.8750187560518 -16389.80441378051
 34756.40330092981 7995.586430664207 -27046.68759611512 686.8750187560518 -16389.80441378051
 34756.40330092981 7995.586430664207 -27046.68759611512 686.8750187560518 -16389.80441378051
 33634.78512366866 5582.511119248942 -24676.75138922088 -1730.122081999572 -17704.81627517517
 34756.40330092981 7995.586430664207 -27046.68759611512 686.8750187560518 -16389.80441378051
 34756.40330092981 7995.586430664207 -27046.68759611512 686.8750187560518 -16389.80441378051
 34756.40330092981 7995.586430664207 -27046.68759611512 686.8750187560518 -16389.80441378051
 34756.40330092981 7995.586430664207 -27046.68759611512 686.8750187560518 -16389.80441378051
 34756.40330092981 7995.586430664207 -27046.68759611512 686.8750187560518 -16389.80441378051
 36737.5024704738 7608.027235927709 -27539.940481057 1913.53459605375 -16013.21996011135
 30259.61580697827 9347.00222851097 -28019.10016456145 109.1197906181893 -13092.14649995455
 34756.40330092981 7995.586430664207 -27046.68759611512 686.8750187560518 -16389.80441378051
 37222.78954044499 6208.756206223366 -28413.30673137116 4106.023882647845 -16389.05570031776
 35743.14496129019 9118.574485949846 -28124.39889158845 1374.169242678101 -19189.31124744983
 34756.40330092981 7995.586430664207 -27046.68759611512 686.8750187560518 -16389.80441378051
 34756.40330092981 7995.586430664207 -27046.68759611512 686.8750187560518 -16389.80441378051
 -9931.771108428324 196.0977412738703 -1285.990811779035 8921.245186872762 2239.835049368823
 34756.40330092981 7995.586430664207 -27046.68759611512 686.8750187560518 -16389.80441378051
 34756.40330092981 7995.586430664207 -27046.68759611512 686.8750187560518 -16389.80441378051
 33268.11029459072 7232.410455560923 -27141.83666991581 -688.9874741992462 -11176.64068311413
 34756.40330092981 7995.586430664207 -27046.68759611512 686.8750187560518 -16389.80441378051
 34756.40330092981 7995.586430664207 -27046.68759611512 686.8750187560518 -16389.80441378051
 36849.62836259988 8661.403187847363 -31387.54054717253 3928.136060398053 -19753.75873195444
 33405.31348880009 5757.886762624355 -25515.51188919146 2647.137435662479 -15514.72085203354
 34036.86750207895 6692.587905941553 -28740.78283068024 -108.520895672601 -16096.24656756306
 34756.40330092981 7995.586430664207 -27046.68759611512 686.8750187560518 -16389.80441378051
 34752.09423217977 14113.60348996657 -26094.23706891397 4168.627429976177 -17503.99865493251
 34756.40330092981 7995.586430664207 -27046.68759611512 686.8750187560518 -16389.80441378051
 34756.40330092981 7995.586430664207 -27046.68759611512 686.8750187560518 -16389.80441378051
 34756.40330092981 7995.586430664207 -27046.68759611512 686.8750187560518 -16389.80441378051
 34756.40330092981 7995.586430664207 -27046.68759611512 686.8750187560518 -16389.80441378051
 35815.57820470895 13468.32881408275 -25255.89153219722 5088.510318717038 -20505.26560384045
 12778.82703830964 849.6911118611886 1550.706449616463 -7430.780673291469 -4294.878826962434
 32898.38289751548 8021.710860112345 -27097.97884804893 144.9464457655025 -21269.04999400373
 34756.40330092981 7995.586430664207 -27046.68759611512 686.8750187560518 -16389.80441378051
 34756.40330092981 7995.586430664207 -27046.68759611512 686.8750187560518 -16389.80441378051
 34756.40330092981 7995.586430664207 -27046.68759611512 686.8750187560518 -16389.80441378051
 34756.40330092981 7995.586430664207 -27046.68759611512 686.8750187560518 -16389.80441378051
 36334.00021351596 7158.403895741368 -25929.08206325408 2893.96729394871 -19999.05086117969
 34756.40330092981 7995.586430664207 -27046.68759611512 686.8750187560518 -16389.80441378051
 35287.685539262 9884.536121793377 -23015.57406448015 1324.886171602063 -17243.53372879679
 33362.88140790434 5922.100726036051 -27240.8257348312 -1779.517460551517 -16421.79434368069
 34756.40330092981 7995.586430664207 -27046.68759611512 686.8750187560518 -16389.80441378051
 34756.40330092981 7995.586430664207 -27046.68759611512 686.8750187560518 -16389.80441378051
 34756.40330092981 7995.586430664207 -27046.68759611512 686.8750187560518 -16389.80441378051
