# Created by Octave 4.2.1, Mon Oct 09 18:01:39 2017 BRT <root@mosqueiro>
# name: pop
# type: matrix
# rows: 1000
# columns: 5
 -16584.27722469319 35870.11218068418 1096.787694026414 -11943.28539055818 -8440.359183347638
 -16584.27722469319 35870.11218068418 1096.787694026414 -11943.28539055818 -8440.359183347638
 -16584.27722469319 35870.11218068418 1096.787694026414 -11943.28539055818 -8440.359183347638
 -16584.27722469319 35870.11218068418 1096.787694026414 -11943.28539055818 -8440.359183347638
 -16584.27722469319 35870.11218068418 1096.787694026414 -11943.28539055818 -8440.359183347638
 -16584.47085704733 35870.1249922801 1096.822316395505 -11943.11896557039 -8440.379445128929
 -16584.47031403668 35870.12889488583 1096.816005683022 -11943.11965679054 -8440.377026753715
 -16440.66636420346 35792.21999371461 1263.033639462968 -11961.76282034757 -8653.846222132415
 -16584.28347220851 35870.11931478484 1096.785911770499 -11943.28832989437 -8440.3563788096
 -16552.52336550784 36052.60219652255 968.7153987816299 -12215.84650309982 -8253.973365490325
 -16584.27922593789 35870.11277135542 1096.788876404562 -11943.28489367331 -8440.35933315116
 -16551.83014903128 36052.87847995293 967.8715873441807 -12216.57868449233 -8253.361989874558
 -16552.52296725559 36052.59957479003 968.7110656284922 -12215.84135038699 -8253.972237449103
 -16552.52471665762 36052.60143786984 968.7127577104503 -12215.84047537517 -8253.969907765766
 -16552.52100525646 36052.60045669337 968.7099074196243 -12215.84252593436 -8253.970122373335
 -16584.27922593789 35870.11277135542 1096.788876404562 -11943.28489367331 -8440.35933315116
 -16584.28571667469 35870.1344793925 1096.785785952358 -11943.28791673295 -8440.368543750026
 -16584.30744194428 35870.13822281636 1096.781431913272 -11943.26371378164 -8440.369653852535
 -16584.27922593789 35870.11277135542 1096.788876404562 -11943.28489367331 -8440.35933315116
 -16440.66466476779 35792.22160315639 1263.031522972161 -11961.76369661622 -8653.846781783424
 -16584.27722469319 35870.11218068418 1096.787694026414 -11943.28539055818 -8440.359183347638
 -16584.27722469319 35870.11218068418 1096.787694026414 -11943.28539055818 -8440.359183347638
 -16584.30744194428 35870.13822281636 1096.781431913272 -11943.26371378164 -8440.369653852535
 -16584.47085704733 35870.1249922801 1096.822316395505 -11943.11896557039 -8440.379445128929
 -16584.47085704733 35870.1249922801 1096.822316395505 -11943.11896557039 -8440.379445128929
 -16552.52100525646 36052.60045669337 968.7099074196243 -12215.84252593436 -8253.970122373335
 -16584.27922593789 35870.11277135542 1096.788876404562 -11943.28489367331 -8440.35933315116
 -16552.519801366 36052.60078974949 968.7108638836526 -12215.84375102234 -8253.969924320854
 -16551.82982911095 36052.86281737903 967.8849661608415 -12216.59868948966 -8253.368572380616
 -16552.52100525646 36052.60045669337 968.7099074196243 -12215.84252593436 -8253.970122373335
 -16584.27922593789 35870.11277135542 1096.788876404562 -11943.28489367331 -8440.35933315116
 -16584.27964823567 35870.13385067733 1096.762057629937 -11943.28074121892 -8440.356434109868
 -16584.47031403668 35870.12889488583 1096.816005683022 -11943.11965679054 -8440.377026753715
 -16584.46525775956 35870.12555519274 1096.811838786855 -11943.11432734145 -8440.378299528764
 -16584.27722469319 35870.11218068418 1096.787694026414 -11943.28539055818 -8440.359183347638
 -16584.27922593789 35870.11277135542 1096.788876404562 -11943.28489367331 -8440.35933315116
 -16584.28571667469 35870.1344793925 1096.785785952358 -11943.28791673295 -8440.368543750026
 -16584.47031403668 35870.12889488583 1096.816005683022 -11943.11965679054 -8440.377026753715
 -16584.27922593789 35870.11277135542 1096.788876404562 -11943.28489367331 -8440.35933315116
 -16440.66668095958 35792.22065509105 1263.033591707289 -11961.76191536736 -8653.846039054139
 -16584.30744194428 35870.13822281636 1096.781431913272 -11943.26371378164 -8440.369653852535
 -16584.35348453646 35870.1555268953 1096.854061949198 -11943.31826680962 -8440.360755694468
 -16584.27722469319 35870.11218068418 1096.787694026414 -11943.28539055818 -8440.359183347638
 -16584.27722469319 35870.11218068418 1096.787694026414 -11943.28539055818 -8440.359183347638
 -16552.52100525646 36052.60045669337 968.7099074196243 -12215.84252593436 -8253.970122373335
 -16584.28904765314 35870.13560343264 1096.787562474183 -11943.2878817702 -8440.367673177816
 -16584.47054416 35870.12487107762 1096.821355139144 -11943.11873609072 -8440.378939977567
 -16584.47085704733 35870.1249922801 1096.822316395505 -11943.11896557039 -8440.379445128929
 -16551.82541878451 36052.87129178601 967.885979187826 -12216.59052891483 -8253.366804052474
 -16584.47085704733 35870.1249922801 1096.822316395505 -11943.11896557039 -8440.379445128929
 -16552.52360079892 36052.60190372835 968.7080661203996 -12215.84322089777 -8253.970008666445
 -16584.27922593789 35870.11277135542 1096.788876404562 -11943.28489367331 -8440.35933315116
 -16552.52296725559 36052.59957479003 968.7110656284922 -12215.84135038699 -8253.972237449103
 -16584.27922593789 35870.11277135542 1096.788876404562 -11943.28489367331 -8440.35933315116
 -16584.47085704733 35870.1249922801 1096.822316395505 -11943.11896557039 -8440.379445128929
 -16584.28941373226 35870.13512591154 1096.784370240405 -11943.2869111417 -8440.367452308903
 -16584.278878856 35870.11362114572 1096.788967616135 -11943.28507058917 -8440.359422147987
 -16584.28571667469 35870.1344793925 1096.785785952358 -11943.28791673295 -8440.368543750026
 -16584.27922593789 35870.11277135542 1096.788876404562 -11943.28489367331 -8440.35933315116
 -16440.66466476779 35792.22160315639 1263.031522972161 -11961.76369661622 -8653.846781783424
 -16584.47031403668 35870.12889488583 1096.816005683022 -11943.11965679054 -8440.377026753715
 -16552.52418610512 36052.60165653544 968.7099657953077 -12215.83568709307 -8253.965048516882
 -16584.47031403668 35870.12889488583 1096.816005683022 -11943.11965679054 -8440.377026753715
 -16584.30803110667 35870.13794428259 1096.781493351988 -11943.2640487548 -8440.369187058064
 -16584.27962591107 35870.11333559705 1096.789065212183 -11943.28466578247 -8440.359891688202
 -16584.28824324533 35870.13456647299 1096.785424290624 -11943.28823917834 -8440.3669949741
 -16584.27922593789 35870.11277135542 1096.788876404562 -11943.28489367331 -8440.35933315116
 -16584.28296924737 35870.1302843489 1096.766375515284 -11943.2827494209 -8440.353165800145
 -16584.27922593789 35870.11277135542 1096.788876404562 -11943.28489367331 -8440.35933315116
 -16552.52100525646 36052.60045669337 968.7099074196243 -12215.84252593436 -8253.970122373335
 -16584.27922593789 35870.11277135542 1096.788876404562 -11943.28489367331 -8440.35933315116
 -16584.47085704733 35870.1249922801 1096.822316395505 -11943.11896557039 -8440.379445128929
 -16584.28571667469 35870.1344793925 1096.785785952358 -11943.28791673295 -8440.368543750026
 -16584.27922593789 35870.11277135542 1096.788876404562 -11943.28489367331 -8440.35933315116
 -16584.47085704733 35870.1249922801 1096.822316395505 -11943.11896557039 -8440.379445128929
 -16552.52265146478 36052.59911044998 968.7100798119515 -12215.84303825965 -8253.970130664378
 -16584.47031403668 35870.12889488583 1096.816005683022 -11943.11965679054 -8440.377026753715
 -16584.47085704733 35870.1249922801 1096.822316395505 -11943.11896557039 -8440.379445128929
 -16584.27922593789 35870.11277135542 1096.788876404562 -11943.28489367331 -8440.35933315116
 -16552.52124703558 36052.60094161367 968.7096974653372 -12215.84234881481 -8253.97049260148
 -16584.47085704733 35870.1249922801 1096.822316395505 -11943.11896557039 -8440.379445128929
 -16584.47031403668 35870.12889488583 1096.816005683022 -11943.11965679054 -8440.377026753715
 -16584.47096847435 35870.12553985057 1096.822418019199 -11943.11914372809 -8440.379539687054
 -16584.47085704733 35870.1249922801 1096.822316395505 -11943.11896557039 -8440.379445128929
