# Created by Octave 4.2.1, Mon Oct 09 18:08:44 2017 BRT <root@mosqueiro>
# name: pop
# type: matrix
# rows: 1000
# columns: 5
 34756.40330092981 7995.586430664207 -27046.68759611512 686.8750187560518 -16389.80441378051
 34756.40330092981 7995.586430664207 -27046.68759611512 686.8750187560518 -16389.80441378051
 34756.40330092981 7995.586430664207 -27046.68759611512 686.8750187560518 -16389.80441378051
 34756.40330092981 7995.586430664207 -27046.68759611512 686.8750187560518 -16389.80441378051
 34756.40330092981 7995.586430664207 -27046.68759611512 686.8750187560518 -16389.80441378051
 10393.01225655299 20956.06325488988 5419.568350525426 29879.27163071978 -8094.136710602908
 31927.54256220039 4923.428995096868 -26171.20655920116 19786.49801414103 -23986.52586185701
 8123.400507989601 3727.060677770249 681.3911912756103 -9398.71000660814 -3087.135526407579
 34756.40330092981 7995.586430664207 -27046.68759611512 686.8750187560518 -16389.80441378051
 34756.40330092981 7995.586430664207 -27046.68759611512 686.8750187560518 -16389.80441378051
 34756.40330092981 7995.586430664207 -27046.68759611512 686.8750187560518 -16389.80441378051
 8123.400507989601 3727.060677770249 681.3911912756103 -9398.71000660814 -3087.135526407579
 34756.40330092981 7995.586430664207 -27046.68759611512 686.8750187560518 -16389.80441378051
 -3520.760710651122 -1891.964553943379 9956.480219301262 -6819.540273448664 9283.316351771951
 34756.40330092981 7995.586430664207 -27046.68759611512 686.8750187560518 -16389.80441378051
 8123.400507989601 3727.060677770249 681.3911912756103 -9398.71000660814 -3087.135526407579
 42211.2833143235 -6207.46937231244 14697.96706275603 16785.95162790114 3305.141098135678
 34756.40330092981 7995.586430664207 -27046.68759611512 686.8750187560518 -16389.80441378051
 34756.40330092981 7995.586430664207 -27046.68759611512 686.8750187560518 -16389.80441378051
 34756.40330092981 7995.586430664207 -27046.68759611512 686.8750187560518 -16389.80441378051
 7570.192302656013 18262.32153661768 9241.837581097425 11515.08301524406 30273.42963847688
 8123.400507989601 3727.060677770249 681.3911912756103 -9398.71000660814 -3087.135526407579
 6900.108378422721 2036.111018117164 1750.69215848594 560.6952253343316 -8020.749348032268
 8123.400507989601 3727.060677770249 681.3911912756103 -9398.71000660814 -3087.135526407579
 34756.40330092981 7995.586430664207 -27046.68759611512 686.8750187560518 -16389.80441378051
 8123.400507989601 3727.060677770249 681.3911912756103 -9398.71000660814 -3087.135526407579
 34756.40330092981 7995.586430664207 -27046.68759611512 686.8750187560518 -16389.80441378051
 -2150.05718277395 4644.040193796608 205.5426294670103 -10102.7133160943 -20616.71666998772
 35768.57812923672 9640.445127990939 -33843.97207817041 -2281.806158092532 -22808.33404805289
 34756.40330092981 7995.586430664207 -27046.68759611512 686.8750187560518 -16389.80441378051
 7966.772151744481 9869.16071280621 10009.59235029152 -2198.262754157391 -25222.0561754913
 34756.40330092981 7995.586430664207 -27046.68759611512 686.8750187560518 -16389.80441378051
 3437.889012570549 20369.30290347502 -17007.29281055983 -22695.35380090571 -40352.14766674944
 34756.40330092981 7995.586430664207 -27046.68759611512 686.8750187560518 -16389.80441378051
 8123.400507989601 3727.060677770249 681.3911912756103 -9398.71000660814 -3087.135526407579
 34756.40330092981 7995.586430664207 -27046.68759611512 686.8750187560518 -16389.80441378051
 21817.23682767423 -2726.099329569248 836.6209387415388 -2908.065167525132 4942.020600827859
 29014.62253770772 -2585.758205846538 -31922.55838831419 -119.4561751058488 -2969.57716185493
 26293.28719930892 31654.53134781907 -6236.38773996127 -8199.106535782284 7188.499917834863
 11641.04616451866 -4734.739103209853 14264.545426681 -5675.37157369436 -5599.023508757727
 34756.40330092981 7995.586430664207 -27046.68759611512 686.8750187560518 -16389.80441378051
 8123.400507989601 3727.060677770249 681.3911912756103 -9398.71000660814 -3087.135526407579
 42211.2833143235 -6207.46937231244 14697.96706275603 16785.95162790114 3305.141098135678
 34756.40330092981 7995.586430664207 -27046.68759611512 686.8750187560518 -16389.80441378051
 8123.400507989601 3727.060677770249 681.3911912756103 -9398.71000660814 -3087.135526407579
 21008.8010508202 9972.182756271915 -26043.90857957497 20103.04332135521 100.1457482559772
 34756.40330092981 7995.586430664207 -27046.68759611512 686.8750187560518 -16389.80441378051
 34756.40330092981 7995.586430664207 -27046.68759611512 686.8750187560518 -16389.80441378051
 -11073.34036776681 12441.86327024465 -2116.236428107363 17085.96328085558 5071.896547200678
 8123.400507989601 3727.060677770249 681.3911912756103 -9398.71000660814 -3087.135526407579
 27349.87169317439 8845.790456998284 -29184.23499626653 1339.940958475597 -24755.62822494038
 34756.40330092981 7995.586430664207 -27046.68759611512 686.8750187560518 -16389.80441378051
 34756.40330092981 7995.586430664207 -27046.68759611512 686.8750187560518 -16389.80441378051
 38489.65134506075 9534.039647669128 -34211.26507951789 -9454.666163451686 -16326.37468491832
 34756.40330092981 7995.586430664207 -27046.68759611512 686.8750187560518 -16389.80441378051
 532.0892649180259 14279.92052478923 312.9972057510998 -21756.44186529816 -4389.745428125128
 34756.40330092981 7995.586430664207 -27046.68759611512 686.8750187560518 -16389.80441378051
 34756.40330092981 7995.586430664207 -27046.68759611512 686.8750187560518 -16389.80441378051
 34756.40330092981 7995.586430664207 -27046.68759611512 686.8750187560518 -16389.80441378051
 8123.400507989601 3727.060677770249 681.3911912756103 -9398.71000660814 -3087.135526407579
 8123.400507989601 3727.060677770249 681.3911912756103 -9398.71000660814 -3087.135526407579
 34756.40330092981 7995.586430664207 -27046.68759611512 686.8750187560518 -16389.80441378051
 8123.400507989601 3727.060677770249 681.3911912756103 -9398.71000660814 -3087.135526407579
 32780.48211576605 9661.374836596789 -28973.55024865189 -1094.907987606273 -9161.245919032004
 6852.929178870952 17759.47232857637 3093.926698121012 -20929.1129452426 19375.8837539079
 41875.87014242809 1554.058057015734 -25602.48900929108 9859.411507093871 -10067.52087278681
 34756.40330092981 7995.586430664207 -27046.68759611512 686.8750187560518 -16389.80441378051
 34756.40330092981 7995.586430664207 -27046.68759611512 686.8750187560518 -16389.80441378051
 34756.40330092981 7995.586430664207 -27046.68759611512 686.8750187560518 -16389.80441378051
 -11119.06454323607 17726.42005153424 -26992.23871461182 7114.703656347458 -22654.96284501593
 8123.400507989601 3727.060677770249 681.3911912756103 -9398.71000660814 -3087.135526407579
 8123.400507989601 3727.060677770249 681.3911912756103 -9398.71000660814 -3087.135526407579
 34756.40330092981 7995.586430664207 -27046.68759611512 686.8750187560518 -16389.80441378051
 8123.400507989601 3727.060677770249 681.3911912756103 -9398.71000660814 -3087.135526407579
 34756.40330092981 7995.586430664207 -27046.68759611512 686.8750187560518 -16389.80441378051
 34756.40330092981 7995.586430664207 -27046.68759611512 686.8750187560518 -16389.80441378051
 8123.400507989601 3727.060677770249 681.3911912756103 -9398.71000660814 -3087.135526407579
 3437.889012570549 20369.30290347502 -17007.29281055983 -22695.35380090571 -40352.14766674944
 8123.400507989601 3727.060677770249 681.3911912756103 -9398.71000660814 -3087.135526407579
 34756.40330092981 7995.586430664207 -27046.68759611512 686.8750187560518 -16389.80441378051
 35186.1388530878 7583.539776649975 -25348.46002938855 4694.430951306944 -24749.82046268433
 -5668.758375988775 -7058.324210787098 -10376.50087888054 3891.475099578933 17367.4604076955
 -13879.44626034595 -18622.84816122922 8745.264460889568 14112.43810396914 -38835.56901804653
 31927.54256220039 4923.428995096868 -26171.20655920116 19786.49801414103 -23986.52586185701
 8123.400507989601 3727.060677770249 681.3911912756103 -9398.71000660814 -3087.135526407579
