# Created by Octave 4.2.1, Mon Oct 09 18:24:57 2017 BRT <root@mosqueiro>
# name: pop
# type: matrix
# rows: 1000
# columns: 5
 -8050.497224522569 7754.819000622869 -9745.174986403241 7885.809393492465 2182.906102317827
 -8050.497224522569 7754.819000622869 -9745.174986403241 7885.809393492465 2182.906102317827
 -8050.497224522569 7754.819000622869 -9745.174986403241 7885.809393492465 2182.906102317827
 -8050.497224522569 7754.819000622869 -9745.174986403241 7885.809393492465 2182.906102317827
 -8050.497224522569 7754.819000622869 -9745.174986403241 7885.809393492465 2182.906102317827
 -8050.497224522569 7754.819000622869 -9745.174986403241 7885.809393492465 2182.906102317827
 -8050.497224522569 7754.819000622869 -9745.174986403241 7885.809393492465 2182.906102317827
 -8050.497224522569 7754.819000622869 -9745.174986403241 7885.809393492465 2182.906102317827
 -2417.735894350189 29481.82373404529 12149.43462889322 -11012.65950264367 -4793.629891437865
 18381.94900187667 -15840.72294550455 -9985.526739711033 -3213.003440912791 -25867.32789086377
 5389.872303436794 -1932.755905143971 -10694.5140733773 3021.525564274803 5636.693616588731
 -17460.83052331208 14311.10947886916 -7449.044916310824 2208.850281145935 -3277.347192278622
 -8050.497224522569 7754.819000622869 -9745.174986403241 7885.809393492465 2182.906102317827
 10027.25661667631 9243.579895309435 -44620.87444346154 2789.076689502846 42004.98233835932
 -8050.497224522569 7754.819000622869 -9745.174986403241 7885.809393492465 2182.906102317827
 -8576.578208359901 7714.11568315408 -9037.945526634649 17939.81117576345 -1970.577966737478
 -8050.497224522569 7754.819000622869 -9745.174986403241 7885.809393492465 2182.906102317827
 -8050.497224522569 7754.819000622869 -9745.174986403241 7885.809393492465 2182.906102317827
 -8050.497224522569 7754.819000622869 -9745.174986403241 7885.809393492465 2182.906102317827
 110.4166135538417 6032.416637698938 -24844.63883928902 15073.73439085664 3433.373556003799
 -4098.96053939556 24937.57319642562 -3914.275733046933 10216.62616103847 -8194.417130419759
 -13384.84567165585 8002.723778688164 478.2791803862001 9683.471174170871 2074.751181332375
 28919.86467761267 -24763.02883908481 -11334.69424586259 368.616854904456 -3016.120648004489
 -4666.923794541652 5852.119872654044 -6803.26354171711 15143.44961779034 4758.506084533871
 -8050.497224522569 7754.819000622869 -9745.174986403241 7885.809393492465 2182.906102317827
 -8050.497224522569 7754.819000622869 -9745.174986403241 7885.809393492465 2182.906102317827
 -8050.497224522569 7754.819000622869 -9745.174986403241 7885.809393492465 2182.906102317827
 5389.872303436794 -1932.755905143971 -10694.5140733773 3021.525564274803 5636.693616588731
 -8050.497224522569 7754.819000622869 -9745.174986403241 7885.809393492465 2182.906102317827
 -8050.497224522569 7754.819000622869 -9745.174986403241 7885.809393492465 2182.906102317827
 -8050.497224522569 7754.819000622869 -9745.174986403241 7885.809393492465 2182.906102317827
 -8050.497224522569 7754.819000622869 -9745.174986403241 7885.809393492465 2182.906102317827
 -8050.497224522569 7754.819000622869 -9745.174986403241 7885.809393492465 2182.906102317827
 14004.99576994624 29609.68117547521 21177.09160107149 30869.75091425778 -50173.4857744765
 -8050.497224522569 7754.819000622869 -9745.174986403241 7885.809393492465 2182.906102317827
 -8173.077838884828 9022.126336887099 -14726.36919367699 29270.35741585519 19629.4178010461
 -14846.20720653301 3309.760907070635 -20323.17899936936 -13238.49270559032 -2300.207845216922
 18023.55232833534 8474.535066650707 -28914.9076222291 9452.299077964548 25493.57571560185
 -8050.497224522569 7754.819000622869 -9745.174986403241 7885.809393492465 2182.906102317827
 -8050.497224522569 7754.819000622869 -9745.174986403241 7885.809393492465 2182.906102317827
 -8050.497224522569 7754.819000622869 -9745.174986403241 7885.809393492465 2182.906102317827
 -4098.96053939556 24937.57319642562 -3914.275733046933 10216.62616103847 -8194.417130419759
 -8050.497224522569 7754.819000622869 -9745.174986403241 7885.809393492465 2182.906102317827
 -17639.17485649909 3261.470262660307 4417.290851201853 -3020.04837296035 -3223.699334487002
 -9119.112893927342 5905.338483597423 -5007.418203675124 881.4971276096512 8471.486197762009
 -21276.16536915128 5712.296785765624 -14068.34869325144 3505.243762753769 2573.524231003621
 -8050.497224522569 7754.819000622869 -9745.174986403241 7885.809393492465 2182.906102317827
 -8050.497224522569 7754.819000622869 -9745.174986403241 7885.809393492465 2182.906102317827
 -8050.497224522569 7754.819000622869 -9745.174986403241 7885.809393492465 2182.906102317827
 19866.76861569299 -22079.95460348823 16311.44438204928 17143.21120487176 -27388.35773610502
 -8050.497224522569 7754.819000622869 -9745.174986403241 7885.809393492465 2182.906102317827
 -8050.497224522569 7754.819000622869 -9745.174986403241 7885.809393492465 2182.906102317827
 -8050.497224522569 7754.819000622869 -9745.174986403241 7885.809393492465 2182.906102317827
 -8050.497224522569 7754.819000622869 -9745.174986403241 7885.809393492465 2182.906102317827
 -8050.497224522569 7754.819000622869 -9745.174986403241 7885.809393492465 2182.906102317827
 -8050.497224522569 7754.819000622869 -9745.174986403241 7885.809393492465 2182.906102317827
 -8050.497224522569 7754.819000622869 -9745.174986403241 7885.809393492465 2182.906102317827
 -7553.767904269445 401.263809060023 -3499.891716672864 15140.01228567909 7802.221642856848
 -21433.00493561582 2409.873891533531 -13365.78295153766 10423.70724247703 2399.238600582993
 -8050.497224522569 7754.819000622869 -9745.174986403241 7885.809393492465 2182.906102317827
 -8050.497224522569 7754.819000622869 -9745.174986403241 7885.809393492465 2182.906102317827
 -8050.497224522569 7754.819000622869 -9745.174986403241 7885.809393492465 2182.906102317827
 -8050.497224522569 7754.819000622869 -9745.174986403241 7885.809393492465 2182.906102317827
 -8050.497224522569 7754.819000622869 -9745.174986403241 7885.809393492465 2182.906102317827
 -8050.497224522569 7754.819000622869 -9745.174986403241 7885.809393492465 2182.906102317827
 -13406.68835725499 13706.28406907553 -10060.46262378671 17251.20250348313 6519.092676978717
 -8050.497224522569 7754.819000622869 -9745.174986403241 7885.809393492465 2182.906102317827
 -13575.70594516322 -1419.921261824853 -6622.273085547083 18714.83193373286 8455.994438131605
 26757.81958423397 50406.08307625883 -5593.357158956889 2461.079296811666 -39979.92366336802
 -8050.497224522569 7754.819000622869 -9745.174986403241 7885.809393492465 2182.906102317827
 -6412.242007333774 11370.96028992944 -2569.578335775239 13704.45860826196 5576.208297326983
 -6602.712161556035 10265.38035991972 -531.4958048829521 11851.56290970315 -10629.67716461944
 -8050.497224522569 7754.819000622869 -9745.174986403241 7885.809393492465 2182.906102317827
 -16238.89838760456 4742.615518041837 -9273.816140243014 12763.09151898104 15660.45741953055
 -14520.83078479032 562.4815409846724 -15675.47372715208 4074.731117480321 940.8823591075927
 -8050.497224522569 7754.819000622869 -9745.174986403241 7885.809393492465 2182.906102317827
 -2532.588225492905 -5908.797288860342 -12475.69397733568 7701.125267577514 21117.8563876321
 -11865.35811705624 5510.309765528392 -15282.29897011503 12011.02660708204 -7975.238463230244
 -8050.497224522569 7754.819000622869 -9745.174986403241 7885.809393492465 2182.906102317827
 -11865.35811705624 5510.309765528392 -15282.29897011503 12011.02660708204 -7975.238463230244
 -8050.497224522569 7754.819000622869 -9745.174986403241 7885.809393492465 2182.906102317827
 -8050.497224522569 7754.819000622869 -9745.174986403241 7885.809393492465 2182.906102317827
 -9523.453425597223 7357.647130449182 6057.513451340901 3810.087755400164 -7252.8891483834
 -5247.629490955898 18257.85416736873 -17763.04902031572 13981.59255018631 2331.928321490925
