# Created by Octave 4.2.1, Mon Oct 09 18:06:08 2017 BRT <root@mosqueiro>
# name: pop
# type: matrix
# rows: 1000
# columns: 5
 8123.400507989601 3727.060677770249 681.3911912756103 -9398.71000660814 -3087.135526407579
 8123.400507989601 3727.060677770249 681.3911912756103 -9398.71000660814 -3087.135526407579
 8123.400507989601 3727.060677770249 681.3911912756103 -9398.71000660814 -3087.135526407579
 8123.400507989601 3727.060677770249 681.3911912756103 -9398.71000660814 -3087.135526407579
 8123.400507989601 3727.060677770249 681.3911912756103 -9398.71000660814 -3087.135526407579
 8123.400507989601 3727.060677770249 681.3911912756103 -9398.71000660814 -3087.135526407579
 19369.56559237112 -16524.4776668921 3285.781344551711 -5024.191966144233 -18476.76381571937
 5430.648443962496 19228.08391507961 -26079.36299424146 4387.19870890982 -63.02097931255321
 310.1708360068023 9750.878583054484 -6064.262213595761 3085.660117671878 -7137.586510480238
 2948.258130901893 6659.188507201055 -2895.395480413004 -6013.291725901814 -6351.55215960678
 4690.989602589534 4978.402512423683 128.1826659584767 -52973.12585908314 -4024.598607674068
 8123.400507989601 3727.060677770249 681.3911912756103 -9398.71000660814 -3087.135526407579
 3638.276067682209 3516.704547963394 -6154.258322551877 -6962.785579236313 5924.83754726517
 8123.400507989601 3727.060677770249 681.3911912756103 -9398.71000660814 -3087.135526407579
 -887.9256860389087 -5659.9655735639 -8237.396544272147 9614.251857421779 5914.307725030234
 8123.400507989601 3727.060677770249 681.3911912756103 -9398.71000660814 -3087.135526407579
 8123.400507989601 3727.060677770249 681.3911912756103 -9398.71000660814 -3087.135526407579
 310.1708360068023 9750.878583054484 -6064.262213595761 3085.660117671878 -7137.586510480238
 7451.257247137142 -926.939193307875 3399.94578552872 1409.817355523928 308.586183167441
 -11207.3517954552 37463.40513408307 20506.57206659469 1948.505977418625 -11542.16515580592
 8123.400507989601 3727.060677770249 681.3911912756103 -9398.71000660814 -3087.135526407579
 -42064.27892661018 -7123.225974633342 5847.74899025366 -6744.044315087095 -18394.11778232947
 6773.500842960333 -5648.525074732119 -8918.421693219705 -15846.98570062936 -8176.120122704468
 17144.11352074656 -27693.73550121821 -11749.14543587967 -15911.16004705343 31827.93088548777
 8123.400507989601 3727.060677770249 681.3911912756103 -9398.71000660814 -3087.135526407579
 8123.400507989601 3727.060677770249 681.3911912756103 -9398.71000660814 -3087.135526407579
 21515.13024133125 11580.16639815152 9652.991896342473 49.95197011007258 8534.140390720442
 8123.400507989601 3727.060677770249 681.3911912756103 -9398.71000660814 -3087.135526407579
 8123.400507989601 3727.060677770249 681.3911912756103 -9398.71000660814 -3087.135526407579
 8123.400507989601 3727.060677770249 681.3911912756103 -9398.71000660814 -3087.135526407579
 8123.400507989601 3727.060677770249 681.3911912756103 -9398.71000660814 -3087.135526407579
 8123.400507989601 3727.060677770249 681.3911912756103 -9398.71000660814 -3087.135526407579
 8123.400507989601 3727.060677770249 681.3911912756103 -9398.71000660814 -3087.135526407579
 3638.276067682209 3516.704547963394 -6154.258322551877 -6962.785579236313 5924.83754726517
 8123.400507989601 3727.060677770249 681.3911912756103 -9398.71000660814 -3087.135526407579
 36101.72804841722 8182.150902151979 -26573.93096262842 2387.966706969697 -27040.95318836235
 -10432.65884730878 7195.701940245544 44668.1543781323 15325.03169190192 -2122.321535648285
 35611.10042504067 -1432.448295475843 5688.216250317863 13621.32974713667 23486.03133188117
 6392.775326242296 2324.49428813793 -2149.092844806009 4202.064054052769 -9661.973095842084
 9197.503025615315 5967.615731760598 4501.08388789204 7004.837399109816 -5204.012039396041
 5321.841559945275 -13274.14857275036 -4310.719930609386 17219.15606688792 12601.52947954589
 -8121.52729745641 -6464.584857324211 -5024.015948265213 -6129.042883006614 -290.2553110114586
 -4174.007911114794 7293.107256445215 -19646.4024713363 24331.98005080356 5483.105856390594
 -5784.421321601219 3587.52394916646 5002.840512078057 -2555.876505954175 5295.141449311059
 10393.01225655299 20956.06325488988 5419.568350525426 29879.27163071978 -8094.136710602908
 8123.400507989601 3727.060677770249 681.3911912756103 -9398.71000660814 -3087.135526407579
 8123.400507989601 3727.060677770249 681.3911912756103 -9398.71000660814 -3087.135526407579
 6498.544699627033 -8759.147917429455 8072.194198682235 1908.308047068036 -7640.721906209206
 3638.276067682209 3516.704547963394 -6154.258322551877 -6962.785579236313 5924.83754726517
 6498.544699627033 -8759.147917429455 8072.194198682235 1908.308047068036 -7640.721906209206
 2095.501628971138 -7192.8027022227 -7652.12718448821 614.0621068074797 9426.259571281582
 310.1708360068023 9750.878583054484 -6064.262213595761 3085.660117671878 -7137.586510480238
 8123.400507989601 3727.060677770249 681.3911912756103 -9398.71000660814 -3087.135526407579
 310.1708360068023 9750.878583054484 -6064.262213595761 3085.660117671878 -7137.586510480238
 8123.400507989601 3727.060677770249 681.3911912756103 -9398.71000660814 -3087.135526407579
 17350.14437774637 23825.62667334719 -4162.843830182318 22589.60894937172 -309.7928324716268
 -1216.476331313888 -24828.37990080602 25203.40173528487 1678.654097190618 -76409.63800806014
 15967.2098306418 26801.98621167905 1878.120163214823 -27252.49055310954 434.3151295340258
 8123.400507989601 3727.060677770249 681.3911912756103 -9398.71000660814 -3087.135526407579
 8123.400507989601 3727.060677770249 681.3911912756103 -9398.71000660814 -3087.135526407579
 8123.400507989601 3727.060677770249 681.3911912756103 -9398.71000660814 -3087.135526407579
 3638.276067682209 3516.704547963394 -6154.258322551877 -6962.785579236313 5924.83754726517
 8123.400507989601 3727.060677770249 681.3911912756103 -9398.71000660814 -3087.135526407579
 310.1708360068023 9750.878583054484 -6064.262213595761 3085.660117671878 -7137.586510480238
 3638.276067682209 3516.704547963394 -6154.258322551877 -6962.785579236313 5924.83754726517
 8123.400507989601 3727.060677770249 681.3911912756103 -9398.71000660814 -3087.135526407579
 -6295.221812074531 2806.678287128745 -7971.36127081986 3042.819775715621 8260.936519905143
 -43344.38628355465 -16856.17583951877 -6630.010979408001 7765.639368285071 5122.18832813663
 8123.400507989601 3727.060677770249 681.3911912756103 -9398.71000660814 -3087.135526407579
 19369.56559237112 -16524.4776668921 3285.781344551711 -5024.191966144233 -18476.76381571937
 8123.400507989601 3727.060677770249 681.3911912756103 -9398.71000660814 -3087.135526407579
 -4290.046215871533 21543.51817512726 30337.5447651117 -14681.89310898162 -6497.632080397811
 310.1708360068023 9750.878583054484 -6064.262213595761 3085.660117671878 -7137.586510480238
 8123.400507989601 3727.060677770249 681.3911912756103 -9398.71000660814 -3087.135526407579
 -9695.565839168503 -2726.472872476723 1669.554826861837 -5251.096903503825 -21797.91441985376
 8123.400507989601 3727.060677770249 681.3911912756103 -9398.71000660814 -3087.135526407579
 -1269.180261102869 629.7813718520702 6226.909292924558 -2581.463409211871 -1441.262288876793
 8123.400507989601 3727.060677770249 681.3911912756103 -9398.71000660814 -3087.135526407579
 22161.53742004064 -15503.04130831822 -29301.8533342819 24445.59842120984 -20397.16996560973
 8123.400507989601 3727.060677770249 681.3911912756103 -9398.71000660814 -3087.135526407579
 -12472.27992669958 7599.596899992766 22726.07622082269 -23694.49969342264 24609.9691181773
 -2205.730834148056 5303.758530315286 6579.813481559475 -2321.582149389895 -7580.454536183493
 8123.400507989601 3727.060677770249 681.3911912756103 -9398.71000660814 -3087.135526407579
 8123.400507989601 3727.060677770249 681.3911912756103 -9398.71000660814 -3087.135526407579
 -33744.02587210202 -31649.93803326832 -3617.697628411449 -6210.246383692585 7519.862530945108
