# Created by Octave 4.2.1, Mon Oct 09 18:28:48 2017 BRT <root@mosqueiro>
# name: pop
# type: matrix
# rows: 1000
# columns: 5
 -8187.763456337296 7555.934655380137 -9516.119031617371 7447.703430704593 2702.769648629498
 -8187.763456337296 7555.934655380137 -9516.119031617371 7447.703430704593 2702.769648629498
 -8187.763456337296 7555.934655380137 -9516.119031617371 7447.703430704593 2702.769648629498
 -8187.763456337296 7555.934655380137 -9516.119031617371 7447.703430704593 2702.769648629498
 -8187.763456337296 7555.934655380137 -9516.119031617371 7447.703430704593 2702.769648629498
 -8132.52082463881 6009.483003420875 -10115.76770213788 6155.227079775861 1301.723361311582
 -6166.509967116393 7123.382352424798 -8180.564152328401 8335.04417919104 -1095.735555210027
 -8931.187712903828 7472.028511702185 -9188.288549475397 9226.651686646095 2051.143252936672
 -8050.497224522569 7754.819000622869 -9745.174986403241 7885.809393492465 2182.906102317827
 -5949.516361085237 7236.513288751914 -7969.751064440966 8383.908639833984 -1258.353443620594
 -8339.789100791217 7761.665536641774 -10224.41134204112 8028.390585884453 2137.140163055774
 -7057.38087083417 7312.190284181938 -9998.440212084271 7582.17939886567 2172.827494955338
 -8071.312161565433 7048.353927706533 -9850.615430644686 8036.533646066614 1978.789731449166
 -6166.509967116393 7123.382352424798 -8180.564152328401 8335.04417919104 -1095.735555210027
 -6233.395609032442 7369.122557669981 -8314.324328240435 8067.692851275712 -1101.550007870849
 -6166.509967116393 7123.382352424798 -8180.564152328401 8335.04417919104 -1095.735555210027
 -8050.497224522569 7754.819000622869 -9745.174986403241 7885.809393492465 2182.906102317827
 -6166.509967116393 7123.382352424798 -8180.564152328401 8335.04417919104 -1095.735555210027
 -6166.509967116393 7123.382352424798 -8180.564152328401 8335.04417919104 -1095.735555210027
 -8480.413794590553 8556.29867912187 -11057.2659706261 7162.225643588387 2046.152043527814
 -8050.497224522569 7754.819000622869 -9745.174986403241 7885.809393492465 2182.906102317827
 -6166.509967116393 7123.382352424798 -8180.564152328401 8335.04417919104 -1095.735555210027
 35.16032555837768 7634.211751228834 -10792.67378267897 6688.48578592798 25647.98056218283
 -6166.509967116393 7123.382352424798 -8180.564152328401 8335.04417919104 -1095.735555210027
 -6275.55184282233 6807.192751041558 -8679.914704622344 8582.165002357815 -1087.242478041184
 -6166.509967116393 7123.382352424798 -8180.564152328401 8335.04417919104 -1095.735555210027
 -6117.107009089013 7135.74807917127 -7919.951907453574 8538.095545114755 -1008.6841380839
 -7999.571040687397 7774.587127737739 -9685.136892796671 7885.728539810863 2334.189136347905
 -6205.551084811349 6899.562529971127 -8212.523604375476 8812.618497871614 -1194.231642152423
 -6071.72926998427 7377.868667450351 -8258.230628430132 8484.482764696017 -1521.588431386904
 -7057.38087083417 7312.190284181938 -9998.440212084271 7582.17939886567 2172.827494955338
 -8955.772606960201 7152.116921780266 -9657.469697521283 9175.947879885443 2089.048735578537
 -6795.458653000116 7284.462579696532 -10143.12620066087 7560.308555344614 2102.623425415313
 -8050.497224522569 7754.819000622869 -9745.174986403241 7885.809393492465 2182.906102317827
 -8931.187712903828 7472.028511702185 -9188.288549475397 9226.651686646095 2051.143252936672
 -8005.199057727137 7582.913927515896 -9269.950418008922 8076.952576189014 1911.518989728085
 -6166.509967116393 7123.382352424798 -8180.564152328401 8335.04417919104 -1095.735555210027
 -8050.497224522569 7754.819000622869 -9745.174986403241 7885.809393492465 2182.906102317827
 -8050.497224522569 7754.819000622869 -9745.174986403241 7885.809393492465 2182.906102317827
 -8050.497224522569 7754.819000622869 -9745.174986403241 7885.809393492465 2182.906102317827
 -6397.141073788554 6957.969711883644 -8543.78562584214 8272.514001064859 -1345.4460358656
 -7057.38087083417 7312.190284181938 -9998.440212084271 7582.17939886567 2172.827494955338
 -8187.763456337296 7555.934655380137 -9516.119031617371 7447.703430704593 2702.769648629498
 -8566.770107953525 5093.893422321628 -8016.316589536156 12430.45964254153 8325.414927034333
 -6166.509967116393 7123.382352424798 -8180.564152328401 8335.04417919104 -1095.735555210027
 -7057.38087083417 7312.190284181938 -9998.440212084271 7582.17939886567 2172.827494955338
 -6166.509967116393 7123.382352424798 -8180.564152328401 8335.04417919104 -1095.735555210027
 -7917.618517679801 8569.415881465953 -8319.333812550134 5695.605173146469 4379.59748854017
 -5905.235366706029 7118.135379641135 -8501.461474494408 8457.327176540553 -1300.705270846222
 -6071.72926998427 7377.868667450351 -8258.230628430132 8484.482764696017 -1521.588431386904
 -6166.509967116393 7123.382352424798 -8180.564152328401 8335.04417919104 -1095.735555210027
 -6166.509967116393 7123.382352424798 -8180.564152328401 8335.04417919104 -1095.735555210027
 -6193.302259350998 6932.180675005617 -7810.148977620858 8493.101297952093 -1035.524332243717
 -6166.509967116393 7123.382352424798 -8180.564152328401 8335.04417919104 -1095.735555210027
 -6166.509967116393 7123.382352424798 -8180.564152328401 8335.04417919104 -1095.735555210027
 -8187.763456337296 7555.934655380137 -9516.119031617371 7447.703430704593 2702.769648629498
 -8050.497224522569 7754.819000622869 -9745.174986403241 7885.809393492465 2182.906102317827
 -8566.770107953525 5093.893422321628 -8016.316589536156 12430.45964254153 8325.414927034333
 -6166.509967116393 7123.382352424798 -8180.564152328401 8335.04417919104 -1095.735555210027
 -9490.11891835435 7842.927590548909 -10352.56490884488 8557.172885799944 2226.212770402004
 -5702.320761688433 6874.829983738456 -8534.261317029141 7751.755537484722 -1351.745426337701
 -8050.497224522569 7754.819000622869 -9745.174986403241 7885.809393492465 2182.906102317827
 -6166.509967116393 7123.382352424798 -8180.564152328401 8335.04417919104 -1095.735555210027
 -6166.509967116393 7123.382352424798 -8180.564152328401 8335.04417919104 -1095.735555210027
 -6795.458653000116 7284.462579696532 -10143.12620066087 7560.308555344614 2102.623425415313
 -6355.173044059541 6725.550001131945 -9344.094100910586 8463.547879427531 -1311.654740812665
 -6166.509967116393 7123.382352424798 -8180.564152328401 8335.04417919104 -1095.735555210027
 -6166.509967116393 7123.382352424798 -8180.564152328401 8335.04417919104 -1095.735555210027
 -8126.154196048385 8102.624170324964 -9890.656168878504 7950.089472164025 2419.775630116067
 -8050.497224522569 7754.819000622869 -9745.174986403241 7885.809393492465 2182.906102317827
 -6166.509967116393 7123.382352424798 -8180.564152328401 8335.04417919104 -1095.735555210027
 -7057.38087083417 7312.190284181938 -9998.440212084271 7582.17939886567 2172.827494955338
 -6166.509967116393 7123.382352424798 -8180.564152328401 8335.04417919104 -1095.735555210027
 -5702.320761688433 6874.829983738456 -8534.261317029141 7751.755537484722 -1351.745426337701
 -9172.544260424744 8814.460246328461 -10355.45178748901 7857.127798201717 4074.274155180541
 -7057.38087083417 7312.190284181938 -9998.440212084271 7582.17939886567 2172.827494955338
 -8050.497224522569 7754.819000622869 -9745.174986403241 7885.809393492465 2182.906102317827
 -6166.509967116393 7123.382352424798 -8180.564152328401 8335.04417919104 -1095.735555210027
 -6166.509967116393 7123.382352424798 -8180.564152328401 8335.04417919104 -1095.735555210027
 -8050.497224522569 7754.819000622869 -9745.174986403241 7885.809393492465 2182.906102317827
 -6166.509967116393 7123.382352424798 -8180.564152328401 8335.04417919104 -1095.735555210027
 -8050.497224522569 7754.819000622869 -9745.174986403241 7885.809393492465 2182.906102317827
 -7057.38087083417 7312.190284181938 -9998.440212084271 7582.17939886567 2172.827494955338
 -8050.497224522569 7754.819000622869 -9745.174986403241 7885.809393492465 2182.906102317827
