# Created by Octave 4.2.1, Mon Oct 09 18:32:58 2017 BRT <root@mosqueiro>
# name: pop
# type: matrix
# rows: 1000
# columns: 5
 -8159.458250395956 7452.575371880208 -9348.310318219474 7530.87972367268 2523.34089925827
 -8159.726658239339 7452.675582947621 -9348.301937884329 7530.878238057283 2523.502508315878
 -8159.425379530951 7452.553068726208 -9348.292017867569 7530.903092688758 2523.288980936046
 -8159.716528202689 7452.656191638046 -9348.319113303191 7530.917080187511 2523.487818462062
 -8159.716528202689 7452.656191638046 -9348.319113303191 7530.917080187511 2523.487818462062
 -8159.500704474723 7452.554418952471 -9348.315075868928 7530.912223615664 2523.374393324208
 -8159.500704474723 7452.554418952471 -9348.315075868928 7530.912223615664 2523.374393324208
 -8159.500704474723 7452.554418952471 -9348.315075868928 7530.912223615664 2523.374393324208
 -8159.425379530951 7452.553068726208 -9348.292017867569 7530.903092688758 2523.288980936046
 -7070.71929984197 7345.37372352967 -9917.77451716462 7559.632649381782 2082.534362908037
 -8159.425379530951 7452.553068726208 -9348.292017867569 7530.903092688758 2523.288980936046
 -8159.500704474723 7452.554418952471 -9348.315075868928 7530.912223615664 2523.374393324208
 -7070.71929984197 7345.37372352967 -9917.77451716462 7559.632649381782 2082.534362908037
 -8159.500704474723 7452.554418952471 -9348.315075868928 7530.912223615664 2523.374393324208
 -8159.500704474723 7452.554418952471 -9348.315075868928 7530.912223615664 2523.374393324208
 -8159.425379530951 7452.553068726208 -9348.292017867569 7530.903092688758 2523.288980936046
 -8159.421864181111 7452.532959652975 -9348.342744871652 7530.900610009751 2523.405938131688
 -8159.466912552391 7452.684759561719 -9348.293900659137 7530.903634915802 2523.390135550274
 -8159.556325663345 7452.498955373611 -9348.350142587669 7530.834447400847 2523.370382916463
 -7071.897146718115 7342.823049396987 -9915.176793900224 7560.048554095179 2083.31915077
 -8159.716528202689 7452.656191638046 -9348.319113303191 7530.917080187511 2523.487818462062
 -7067.301801225295 7332.378776536591 -9919.050967937896 7565.752177436239 2087.43317734072
 -8159.500704474723 7452.554418952471 -9348.315075868928 7530.912223615664 2523.374393324208
 -7071.972295792224 7342.847387100906 -9915.267817731414 7560.149726455221 2083.23427551325
 -7067.301801225295 7332.378776536591 -9919.050967937896 7565.752177436239 2087.43317734072
 -7067.301801225295 7332.378776536591 -9919.050967937896 7565.752177436239 2087.43317734072
 -7070.71929984197 7345.37372352967 -9917.77451716462 7559.632649381782 2082.534362908037
 -8159.500704474723 7452.554418952471 -9348.315075868928 7530.912223615664 2523.374393324208
 -8159.500704474723 7452.554418952471 -9348.315075868928 7530.912223615664 2523.374393324208
 -7076.055485864647 7330.003736976256 -9918.222865544696 7546.001761815603 2088.298059343828
 -8159.500704474723 7452.554418952471 -9348.315075868928 7530.912223615664 2523.374393324208
 -8159.500704474723 7452.554418952471 -9348.315075868928 7530.912223615664 2523.374393324208
 -8159.500704474723 7452.554418952471 -9348.315075868928 7530.912223615664 2523.374393324208
 -8159.500704474723 7452.554418952471 -9348.315075868928 7530.912223615664 2523.374393324208
 -8159.500704474723 7452.554418952471 -9348.315075868928 7530.912223615664 2523.374393324208
 -6258.607233962528 7183.05792381269 -8135.185209876875 8334.976389182766 -1123.940824008326
 -8159.500704474723 7452.554418952471 -9348.315075868928 7530.912223615664 2523.374393324208
 -8159.500704474723 7452.554418952471 -9348.315075868928 7530.912223615664 2523.374393324208
 -8191.662065611735 7561.099908360517 -9521.987296728388 7451.072517809592 2700.835356395072
 -7071.897146718115 7342.823049396987 -9915.176793900224 7560.048554095179 2083.31915077
 -8159.500704474723 7452.554418952471 -9348.315075868928 7530.912223615664 2523.374393324208
 -8159.500704474723 7452.554418952471 -9348.315075868928 7530.912223615664 2523.374393324208
 -7070.71929984197 7345.37372352967 -9917.77451716462 7559.632649381782 2082.534362908037
 -7071.897146718115 7342.823049396987 -9915.176793900224 7560.048554095179 2083.31915077
 -7071.897146718115 7342.823049396987 -9915.176793900224 7560.048554095179 2083.31915077
 -8187.668263207691 7555.808609856872 -9515.741968664701 7447.304956785044 2702.859093289469
 -8159.500704474723 7452.554418952471 -9348.315075868928 7530.912223615664 2523.374393324208
 -8159.500704474723 7452.554418952471 -9348.315075868928 7530.912223615664 2523.374393324208
 -8159.500704474723 7452.554418952471 -9348.315075868928 7530.912223615664 2523.374393324208
 -8159.500704474723 7452.554418952471 -9348.315075868928 7530.912223615664 2523.374393324208
 -8159.500704474723 7452.554418952471 -9348.315075868928 7530.912223615664 2523.374393324208
 -8159.500704474723 7452.554418952471 -9348.315075868928 7530.912223615664 2523.374393324208
 -7070.71929984197 7345.37372352967 -9917.77451716462 7559.632649381782 2082.534362908037
 -8159.634876394226 7452.583355036308 -9348.224560404235 7531.07251336284 2523.228334851545
 -7068.525657971672 7332.577066954144 -9919.418948293305 7565.024964755841 2089.112625270145
 -8159.500704474723 7452.554418952471 -9348.315075868928 7530.912223615664 2523.374393324208
 -8159.504988987665 7452.658239317469 -9348.239845866079 7530.925048725292 2523.359780200684
 -7067.222015057107 7332.44059459759 -9919.287536063361 7565.84096333472 2087.458829131864
 -7071.874037016447 7342.871596456381 -9915.158796694492 7560.065494031296 2083.288616046996
 -8159.510547379065 7452.445750374795 -9348.334288272021 7530.933225764695 2523.393716351315
 -8159.500704474723 7452.554418952471 -9348.315075868928 7530.912223615664 2523.374393324208
 -8159.573814388797 7452.616877304842 -9348.380499303974 7530.881084514723 2523.438776902824
 -7067.301801225295 7332.378776536591 -9919.050967937896 7565.752177436239 2087.43317734072
 -8159.716528202689 7452.656191638046 -9348.319113303191 7530.917080187511 2523.487818462062
 -8159.500704474723 7452.554418952471 -9348.315075868928 7530.912223615664 2523.374393324208
 -8159.500704474723 7452.554418952471 -9348.315075868928 7530.912223615664 2523.374393324208
 -8159.500704474723 7452.554418952471 -9348.315075868928 7530.912223615664 2523.374393324208
 -8159.500704474723 7452.554418952471 -9348.315075868928 7530.912223615664 2523.374393324208
 -8159.500704474723 7452.554418952471 -9348.315075868928 7530.912223615664 2523.374393324208
 -7072.474135349677 7342.685148694212 -9915.284589636754 7559.834724363708 2083.607867850625
 -7067.247581424743 7332.378160873448 -9919.074294827684 7565.638307146738 2087.444760561882
 -8159.425379530951 7452.553068726208 -9348.292017867569 7530.903092688758 2523.288980936046
 -8159.425379530951 7452.553068726208 -9348.292017867569 7530.903092688758 2523.288980936046
 -8159.500704474723 7452.554418952471 -9348.315075868928 7530.912223615664 2523.374393324208
 -8159.500704474723 7452.554418952471 -9348.315075868928 7530.912223615664 2523.374393324208
 -8159.603712976736 7453.316405873006 -9348.0789284324 7530.830822374874 2523.447407222403
 -7071.852924956316 7342.765490737873 -9915.19406534516 7560.006215008312 2083.297131947494
 -8159.500704474723 7452.554418952471 -9348.315075868928 7530.912223615664 2523.374393324208
 -7067.158054401586 7332.329202737113 -9918.975654566713 7565.920285740053 2087.637449344247
 -7068.525657971672 7332.577066954144 -9919.418948293305 7565.024964755841 2089.112625270145
 -7071.862843852335 7342.981093115988 -9914.997445671743 7560.18745721464 2083.190104868345
 -8159.500704474723 7452.554418952471 -9348.315075868928 7530.912223615664 2523.374393324208
 -8159.500704474723 7452.554418952471 -9348.315075868928 7530.912223615664 2523.374393324208
 -8159.500704474723 7452.554418952471 -9348.315075868928 7530.912223615664 2523.374393324208
 -8159.500704474723 7452.554418952471 -9348.315075868928 7530.912223615664 2523.374393324208
