# Created by Octave 4.2.1, Mon Oct 09 18:25:35 2017 BRT <root@mosqueiro>
# name: pop
# type: matrix
# rows: 1000
# columns: 5
 -8050.497224522569 7754.819000622869 -9745.174986403241 7885.809393492465 2182.906102317827
 -8050.497224522569 7754.819000622869 -9745.174986403241 7885.809393492465 2182.906102317827
 -8050.497224522569 7754.819000622869 -9745.174986403241 7885.809393492465 2182.906102317827
 -8050.497224522569 7754.819000622869 -9745.174986403241 7885.809393492465 2182.906102317827
 -8050.497224522569 7754.819000622869 -9745.174986403241 7885.809393492465 2182.906102317827
 -5765.025436332686 9557.239861114129 -24928.10237301349 -20544.25193053617 -14380.20358342536
 -4692.228118490642 8887.42027222467 -12069.10206310162 17729.85865681064 2212.781960542057
 -10913.2602075675 44060.47876765444 -8901.378508775329 3627.845080417149 19750.18504899956
 -8050.497224522569 7754.819000622869 -9745.174986403241 7885.809393492465 2182.906102317827
 -8050.497224522569 7754.819000622869 -9745.174986403241 7885.809393492465 2182.906102317827
 -2532.588225492905 -5908.797288860342 -12475.69397733568 7701.125267577514 21117.8563876321
 -8050.497224522569 7754.819000622869 -9745.174986403241 7885.809393492465 2182.906102317827
 -8050.497224522569 7754.819000622869 -9745.174986403241 7885.809393492465 2182.906102317827
 -8050.497224522569 7754.819000622869 -9745.174986403241 7885.809393492465 2182.906102317827
 16296.68682590871 6692.006228002785 -13438.85136456363 22560.4057007821 -12966.40369136108
 -14485.01256704879 3485.947821055831 -8341.571928579309 -12924.84457949654 19490.58695855535
 -8050.497224522569 7754.819000622869 -9745.174986403241 7885.809393492465 2182.906102317827
 -14485.01256704879 3485.947821055831 -8341.571928579309 -12924.84457949654 19490.58695855535
 -8050.497224522569 7754.819000622869 -9745.174986403241 7885.809393492465 2182.906102317827
 -6146.639799962879 12599.5065185167 -13922.57327110313 7864.84283747906 4813.141946931235
 -8050.497224522569 7754.819000622869 -9745.174986403241 7885.809393492465 2182.906102317827
 10458.64936259421 2220.492403701542 -22291.20269351407 7242.519284182024 18696.21093139093
 -8050.497224522569 7754.819000622869 -9745.174986403241 7885.809393492465 2182.906102317827
 -8050.497224522569 7754.819000622869 -9745.174986403241 7885.809393492465 2182.906102317827
 -8050.497224522569 7754.819000622869 -9745.174986403241 7885.809393492465 2182.906102317827
 -8050.497224522569 7754.819000622869 -9745.174986403241 7885.809393492465 2182.906102317827
 -4459.727997118265 12209.43960174423 -8652.697622591302 144.4910925757731 8437.817271713084
 -8050.497224522569 7754.819000622869 -9745.174986403241 7885.809393492465 2182.906102317827
 -5977.745722879356 16384.71282478145 -6204.093144020376 14839.53863208341 8935.476197895743
 -9241.310580540667 7224.734864326446 -9410.756411730907 2120.662615994092 -1652.162883485992
 -24130.82388147211 22114.95150602433 -14577.42660373621 12988.6474360644 14665.03524829081
 -8050.497224522569 7754.819000622869 -9745.174986403241 7885.809393492465 2182.906102317827
 14004.99576994624 29609.68117547521 21177.09160107149 30869.75091425778 -50173.4857744765
 -8050.497224522569 7754.819000622869 -9745.174986403241 7885.809393492465 2182.906102317827
 -8050.497224522569 7754.819000622869 -9745.174986403241 7885.809393492465 2182.906102317827
 -8050.497224522569 7754.819000622869 -9745.174986403241 7885.809393492465 2182.906102317827
 -8050.497224522569 7754.819000622869 -9745.174986403241 7885.809393492465 2182.906102317827
 -8050.497224522569 7754.819000622869 -9745.174986403241 7885.809393492465 2182.906102317827
 -4584.599096924596 -13915.78553553002 1048.482427462279 9583.150856571418 14705.56789512986
 -8050.497224522569 7754.819000622869 -9745.174986403241 7885.809393492465 2182.906102317827
 -10975.29190922874 959.2308435098221 -12234.03090410465 6016.216370882796 12069.79196922417
 -11202.90607114234 3793.237223244501 -10029.14623552512 2144.494266303814 4456.365004703874
 -8050.497224522569 7754.819000622869 -9745.174986403241 7885.809393492465 2182.906102317827
 -8050.497224522569 7754.819000622869 -9745.174986403241 7885.809393492465 2182.906102317827
 5389.872303436794 -1932.755905143971 -10694.5140733773 3021.525564274803 5636.693616588731
 -8050.497224522569 7754.819000622869 -9745.174986403241 7885.809393492465 2182.906102317827
 -8050.497224522569 7754.819000622869 -9745.174986403241 7885.809393492465 2182.906102317827
 -8050.497224522569 7754.819000622869 -9745.174986403241 7885.809393492465 2182.906102317827
 -8050.497224522569 7754.819000622869 -9745.174986403241 7885.809393492465 2182.906102317827
 -8050.497224522569 7754.819000622869 -9745.174986403241 7885.809393492465 2182.906102317827
 -8050.497224522569 7754.819000622869 -9745.174986403241 7885.809393492465 2182.906102317827
 -8050.497224522569 7754.819000622869 -9745.174986403241 7885.809393492465 2182.906102317827
 11112.47210163646 18534.18391446939 -17343.49757365388 20932.96928126856 -9601.067099881442
 -9760.150763546757 -595.9779027982931 7266.662228673445 9794.820478921949 -6651.640212549273
 -8050.497224522569 7754.819000622869 -9745.174986403241 7885.809393492465 2182.906102317827
 -8050.497224522569 7754.819000622869 -9745.174986403241 7885.809393492465 2182.906102317827
 -8050.497224522569 7754.819000622869 -9745.174986403241 7885.809393492465 2182.906102317827
 20855.51015193052 -19712.63210576092 39516.70295989363 61119.54664523713 7860.467291456487
 -8050.497224522569 7754.819000622869 -9745.174986403241 7885.809393492465 2182.906102317827
 -8050.497224522569 7754.819000622869 -9745.174986403241 7885.809393492465 2182.906102317827
 -7827.719428402355 12366.29947820231 -4864.233523321945 21294.0432331698 -14124.36866162348
 10458.64936259421 2220.492403701542 -22291.20269351407 7242.519284182024 18696.21093139093
 -8050.497224522569 7754.819000622869 -9745.174986403241 7885.809393492465 2182.906102317827
 -8050.497224522569 7754.819000622869 -9745.174986403241 7885.809393492465 2182.906102317827
 -12598.74726454882 -4902.899244085032 -50.71889274872956 13388.21465862327 7118.254780344876
 -8050.497224522569 7754.819000622869 -9745.174986403241 7885.809393492465 2182.906102317827
 -8050.497224522569 7754.819000622869 -9745.174986403241 7885.809393492465 2182.906102317827
 -8050.497224522569 7754.819000622869 -9745.174986403241 7885.809393492465 2182.906102317827
 -1872.397532642407 292.0242516689241 -10691.08208775474 8488.398986238575 3697.408319618819
 -8050.497224522569 7754.819000622869 -9745.174986403241 7885.809393492465 2182.906102317827
 -11991.66812978721 2261.778034875916 -7240.00013183844 11375.728650041 2368.392073548756
 -8608.319835131704 -6127.944931901773 -15874.92477717641 11359.89759343393 13806.82493497665
 -8050.497224522569 7754.819000622869 -9745.174986403241 7885.809393492465 2182.906102317827
 -8050.497224522569 7754.819000622869 -9745.174986403241 7885.809393492465 2182.906102317827
 -8050.497224522569 7754.819000622869 -9745.174986403241 7885.809393492465 2182.906102317827
 -8050.497224522569 7754.819000622869 -9745.174986403241 7885.809393492465 2182.906102317827
 -5664.944677446207 2272.279642053198 -16949.42891833087 -9633.951173135152 5246.310369714586
 -8050.497224522569 7754.819000622869 -9745.174986403241 7885.809393492465 2182.906102317827
 -8050.497224522569 7754.819000622869 -9745.174986403241 7885.809393492465 2182.906102317827
 -8050.497224522569 7754.819000622869 -9745.174986403241 7885.809393492465 2182.906102317827
 -8050.497224522569 7754.819000622869 -9745.174986403241 7885.809393492465 2182.906102317827
 -8050.497224522569 7754.819000622869 -9745.174986403241 7885.809393492465 2182.906102317827
 -8050.497224522569 7754.819000622869 -9745.174986403241 7885.809393492465 2182.906102317827
 -8050.497224522569 7754.819000622869 -9745.174986403241 7885.809393492465 2182.906102317827
