# Created by Octave 4.2.1, Mon Oct 09 18:40:21 2017 BRT <root@mosqueiro>
# name: pop
# type: matrix
# rows: 1000
# columns: 5
 9038.161742797551 -7898.573771228968 1150.865555485592 -5448.37831385851 3174.518999990009
 9038.161742797551 -7898.573771228968 1150.865555485592 -5448.37831385851 3174.518999990009
 9038.161742797551 -7898.573771228968 1150.865555485592 -5448.37831385851 3174.518999990009
 9038.161742797551 -7898.573771228968 1150.865555485592 -5448.37831385851 3174.518999990009
 9038.161742797551 -7898.573771228968 1150.865555485592 -5448.37831385851 3174.518999990009
 4432.602211052705 13364.19980391369 26188.054814991 3915.595544691898 1185.641931614687
 9038.161742797551 -7898.573771228968 1150.865555485592 -5448.37831385851 3174.518999990009
 9038.161742797551 -7898.573771228968 1150.865555485592 -5448.37831385851 3174.518999990009
 9038.161742797551 -7898.573771228968 1150.865555485592 -5448.37831385851 3174.518999990009
 9038.161742797551 -7898.573771228968 1150.865555485592 -5448.37831385851 3174.518999990009
 12924.71354944899 2248.475789044479 -32953.90167663006 24887.49286613291 37623.06908913581
 9038.161742797551 -7898.573771228968 1150.865555485592 -5448.37831385851 3174.518999990009
 9038.161742797551 -7898.573771228968 1150.865555485592 -5448.37831385851 3174.518999990009
 9038.161742797551 -7898.573771228968 1150.865555485592 -5448.37831385851 3174.518999990009
 9038.161742797551 -7898.573771228968 1150.865555485592 -5448.37831385851 3174.518999990009
 9038.161742797551 -7898.573771228968 1150.865555485592 -5448.37831385851 3174.518999990009
 9038.161742797551 -7898.573771228968 1150.865555485592 -5448.37831385851 3174.518999990009
 9038.161742797551 -7898.573771228968 1150.865555485592 -5448.37831385851 3174.518999990009
 9038.161742797551 -7898.573771228968 1150.865555485592 -5448.37831385851 3174.518999990009
 9038.161742797551 -7898.573771228968 1150.865555485592 -5448.37831385851 3174.518999990009
 9038.161742797551 -7898.573771228968 1150.865555485592 -5448.37831385851 3174.518999990009
 27153.12436992849 -4431.137669596672 12472.24396622743 3438.876104632434 -6043.70928523857
 9038.161742797551 -7898.573771228968 1150.865555485592 -5448.37831385851 3174.518999990009
 9038.161742797551 -7898.573771228968 1150.865555485592 -5448.37831385851 3174.518999990009
 10465.98710623613 -20554.61118566662 7576.182023139404 -26876.23285742041 28598.87937241716
 9038.161742797551 -7898.573771228968 1150.865555485592 -5448.37831385851 3174.518999990009
 9038.161742797551 -7898.573771228968 1150.865555485592 -5448.37831385851 3174.518999990009
 9038.161742797551 -7898.573771228968 1150.865555485592 -5448.37831385851 3174.518999990009
 9038.161742797551 -7898.573771228968 1150.865555485592 -5448.37831385851 3174.518999990009
 -7344.221855570557 -16749.68579106185 -37123.87456237177 7290.013074946605 17402.9757330983
 9038.161742797551 -7898.573771228968 1150.865555485592 -5448.37831385851 3174.518999990009
 9038.161742797551 -7898.573771228968 1150.865555485592 -5448.37831385851 3174.518999990009
 9038.161742797551 -7898.573771228968 1150.865555485592 -5448.37831385851 3174.518999990009
 9038.161742797551 -7898.573771228968 1150.865555485592 -5448.37831385851 3174.518999990009
 9038.161742797551 -7898.573771228968 1150.865555485592 -5448.37831385851 3174.518999990009
 9038.161742797551 -7898.573771228968 1150.865555485592 -5448.37831385851 3174.518999990009
 9038.161742797551 -7898.573771228968 1150.865555485592 -5448.37831385851 3174.518999990009
 9038.161742797551 -7898.573771228968 1150.865555485592 -5448.37831385851 3174.518999990009
 9038.161742797551 -7898.573771228968 1150.865555485592 -5448.37831385851 3174.518999990009
 9038.161742797551 -7898.573771228968 1150.865555485592 -5448.37831385851 3174.518999990009
 10520.98772764842 -3857.633533951494 35000.89617705603 -35429.10365526091 -11685.69465162566
 9038.161742797551 -7898.573771228968 1150.865555485592 -5448.37831385851 3174.518999990009
 -1624.763928244076 -464.3295322241083 5080.422557935653 14721.35184204669 -15708.71718923006
 9038.161742797551 -7898.573771228968 1150.865555485592 -5448.37831385851 3174.518999990009
 9038.161742797551 -7898.573771228968 1150.865555485592 -5448.37831385851 3174.518999990009
 9038.161742797551 -7898.573771228968 1150.865555485592 -5448.37831385851 3174.518999990009
 27153.12436992849 -4431.137669596672 12472.24396622743 3438.876104632434 -6043.70928523857
 9038.161742797551 -7898.573771228968 1150.865555485592 -5448.37831385851 3174.518999990009
 9038.161742797551 -7898.573771228968 1150.865555485592 -5448.37831385851 3174.518999990009
 1299.191866753753 -16136.20417469523 -21458.70403666134 -1803.149433990347 14502.34780086236
 9038.161742797551 -7898.573771228968 1150.865555485592 -5448.37831385851 3174.518999990009
 9038.161742797551 -7898.573771228968 1150.865555485592 -5448.37831385851 3174.518999990009
 -7446.735175093265 -62527.100287232 2586.478809149727 -22112.98389226141 -3236.659904361984
 10313.37667487328 -40443.45602049938 -1530.958855645675 13053.09874080776 -1922.762311734868
 29511.07677721031 -22257.26952516245 54289.52174754156 15948.53607357081 -5520.043491370112
 9038.161742797551 -7898.573771228968 1150.865555485592 -5448.37831385851 3174.518999990009
 9038.161742797551 -7898.573771228968 1150.865555485592 -5448.37831385851 3174.518999990009
 9038.161742797551 -7898.573771228968 1150.865555485592 -5448.37831385851 3174.518999990009
 22172.93317732984 -20541.27794728968 10810.26062412808 14238.33333732317 728.0317269403331
 12246.96869096633 -31518.41348187344 234.747718570868 -9210.268313593609 14056.86893502679
 9038.161742797551 -7898.573771228968 1150.865555485592 -5448.37831385851 3174.518999990009
 9038.161742797551 -7898.573771228968 1150.865555485592 -5448.37831385851 3174.518999990009
 -5543.598108181845 -1942.430177252156 4779.002958799421 5577.614882036776 -2158.120062175638
 9038.161742797551 -7898.573771228968 1150.865555485592 -5448.37831385851 3174.518999990009
 9038.161742797551 -7898.573771228968 1150.865555485592 -5448.37831385851 3174.518999990009
 24020.40473750064 -19548.83649571839 5768.125110193083 -8929.588657642398 35754.158805924
 9038.161742797551 -7898.573771228968 1150.865555485592 -5448.37831385851 3174.518999990009
 -3160.697931981327 -509.7826453819362 13250.27003514364 2238.869408447063 -1670.313311720535
 9038.161742797551 -7898.573771228968 1150.865555485592 -5448.37831385851 3174.518999990009
 9038.161742797551 -7898.573771228968 1150.865555485592 -5448.37831385851 3174.518999990009
 7235.82774937911 9055.799886502264 11329.48575645008 32343.35034740098 8781.916765203725
 9038.161742797551 -7898.573771228968 1150.865555485592 -5448.37831385851 3174.518999990009
 9038.161742797551 -7898.573771228968 1150.865555485592 -5448.37831385851 3174.518999990009
 16632.10170932366 -271.659645732183 -8329.842703824304 -3839.859793349608 9362.040818886398
 9038.161742797551 -7898.573771228968 1150.865555485592 -5448.37831385851 3174.518999990009
 9038.161742797551 -7898.573771228968 1150.865555485592 -5448.37831385851 3174.518999990009
 9038.161742797551 -7898.573771228968 1150.865555485592 -5448.37831385851 3174.518999990009
 9038.161742797551 -7898.573771228968 1150.865555485592 -5448.37831385851 3174.518999990009
 9038.161742797551 -7898.573771228968 1150.865555485592 -5448.37831385851 3174.518999990009
 9038.161742797551 -7898.573771228968 1150.865555485592 -5448.37831385851 3174.518999990009
 35556.17579354774 -23615.84945780105 -21174.43596506558 -14253.40166551339 15611.65534532931
 9038.161742797551 -7898.573771228968 1150.865555485592 -5448.37831385851 3174.518999990009
 4432.602211052705 13364.19980391369 26188.054814991 3915.595544691898 1185.641931614687
 23863.67468084799 15997.84144336616 7988.198036733161 26459.42313047558 2583.642336119479
 4296.453372045848 -7939.907491348227 -599.3462369971987 -22124.6232200942 10853.78370557226
