# Created by Octave 4.2.1, Mon Oct 09 18:01:19 2017 BRT <root@mosqueiro>
# name: pop
# type: matrix
# rows: 1000
# columns: 5
 -16584.27722469319 35870.11218068418 1096.787694026414 -11943.28539055818 -8440.359183347638
 -16584.28571667469 35870.1344793925 1096.785785952358 -11943.28791673295 -8440.368543750026
 -16584.47085704733 35870.1249922801 1096.822316395505 -11943.11896557039 -8440.379445128929
 -16584.47085704733 35870.1249922801 1096.822316395505 -11943.11896557039 -8440.379445128929
 -16584.47085704733 35870.1249922801 1096.822316395505 -11943.11896557039 -8440.379445128929
 -16584.27922593789 35870.11277135542 1096.788876404562 -11943.28489367331 -8440.35933315116
 -16440.66394917199 35792.22258354513 1263.030534459495 -11961.76289749887 -8653.846870585161
 -16584.35348453646 35870.1555268953 1096.854061949198 -11943.31826680962 -8440.360755694468
 -16584.35323861226 35870.15283070227 1096.851503926974 -11943.3198466176 -8440.362150036053
 -16584.30744194428 35870.13822281636 1096.781431913272 -11943.26371378164 -8440.369653852535
 -16584.28824324533 35870.13456647299 1096.785424290624 -11943.28823917834 -8440.3669949741
 -16584.27922593789 35870.11277135542 1096.788876404562 -11943.28489367331 -8440.35933315116
 -16584.47031403668 35870.12889488583 1096.816005683022 -11943.11965679054 -8440.377026753715
 -16584.28768234715 35870.13293845315 1096.786299491151 -11943.28927555402 -8440.368452735676
 -16552.519801366 36052.60078974949 968.7108638836526 -12215.84375102234 -8253.969924320854
 -16584.27904471246 35870.13375308119 1096.762172571565 -11943.28210019812 -8440.356527716653
 -16584.27922593789 35870.11277135542 1096.788876404562 -11943.28489367331 -8440.35933315116
 -16584.47057532043 35870.12709822635 1096.816632606843 -11943.11980419767 -8440.375105588224
 -16584.30744194428 35870.13822281636 1096.781431913272 -11943.26371378164 -8440.369653852535
 -16584.28824324533 35870.13456647299 1096.785424290624 -11943.28823917834 -8440.3669949741
 -16584.27922593789 35870.11277135542 1096.788876404562 -11943.28489367331 -8440.35933315116
 -16584.28824324533 35870.13456647299 1096.785424290624 -11943.28823917834 -8440.3669949741
 -16584.28702696124 35870.13782121745 1096.786814165237 -11943.28765271762 -8440.36512401358
 -16541.35189729916 35861.64367105984 1130.352668943631 -11932.17946253571 -8519.444158149401
 -16584.30744194428 35870.13822281636 1096.781431913272 -11943.26371378164 -8440.369653852535
 -16584.47085704733 35870.1249922801 1096.822316395505 -11943.11896557039 -8440.379445128929
 -16584.47031403668 35870.12889488583 1096.816005683022 -11943.11965679054 -8440.377026753715
 -16584.28824324533 35870.13456647299 1096.785424290624 -11943.28823917834 -8440.3669949741
 -16552.52100525646 36052.60045669337 968.7099074196243 -12215.84252593436 -8253.970122373335
 -16584.47085704733 35870.1249922801 1096.822316395505 -11943.11896557039 -8440.379445128929
 -16552.52100525646 36052.60045669337 968.7099074196243 -12215.84252593436 -8253.970122373335
 -16584.47085704733 35870.1249922801 1096.822316395505 -11943.11896557039 -8440.379445128929
 -16552.52100525646 36052.60045669337 968.7099074196243 -12215.84252593436 -8253.970122373335
 -16552.52100525646 36052.60045669337 968.7099074196243 -12215.84252593436 -8253.970122373335
 -16584.27922593789 35870.11277135542 1096.788876404562 -11943.28489367331 -8440.35933315116
 -16552.52100525646 36052.60045669337 968.7099074196243 -12215.84252593436 -8253.970122373335
 -16584.28824324533 35870.13456647299 1096.785424290624 -11943.28823917834 -8440.3669949741
 -16584.47031403668 35870.12889488583 1096.816005683022 -11943.11965679054 -8440.377026753715
 -16584.47085704733 35870.1249922801 1096.822316395505 -11943.11896557039 -8440.379445128929
 -16584.27922593789 35870.11277135542 1096.788876404562 -11943.28489367331 -8440.35933315116
 -16552.52100525646 36052.60045669337 968.7099074196243 -12215.84252593436 -8253.970122373335
 -16552.52100525646 36052.60045669337 968.7099074196243 -12215.84252593436 -8253.970122373335
 -16584.47031403668 35870.12889488583 1096.816005683022 -11943.11965679054 -8440.377026753715
 -16584.27922593789 35870.11277135542 1096.788876404562 -11943.28489367331 -8440.35933315116
 -16440.66753136184 35792.21969579945 1263.034584407113 -11961.76222227293 -8653.845953742499
 -16584.15645142424 35870.1923403513 1096.709066136035 -11943.18615142529 -8440.325093068379
 -16552.52265146478 36052.59911044998 968.7100798119515 -12215.84303825965 -8253.970130664378
 -16584.30744194428 35870.13822281636 1096.781431913272 -11943.26371378164 -8440.369653852535
 -16584.47031403668 35870.12889488583 1096.816005683022 -11943.11965679054 -8440.377026753715
 -16584.27922593789 35870.11277135542 1096.788876404562 -11943.28489367331 -8440.35933315116
 -16584.48122748989 35870.10627412136 1096.873183589336 -11943.15299229944 -8440.377314352869
 -16552.52100525646 36052.60045669337 968.7099074196243 -12215.84252593436 -8253.970122373335
 -16552.52100525646 36052.60045669337 968.7099074196243 -12215.84252593436 -8253.970122373335
 -16584.27922593789 35870.11277135542 1096.788876404562 -11943.28489367331 -8440.35933315116
 -16440.6677634547 35792.22121130009 1263.027562776452 -11961.75559823319 -8653.844921407934
 -16440.66668095958 35792.22065509105 1263.033591707289 -11961.76191536736 -8653.846039054139
 -16584.27922593789 35870.11277135542 1096.788876404562 -11943.28489367331 -8440.35933315116
 -16584.47031403668 35870.12889488583 1096.816005683022 -11943.11965679054 -8440.377026753715
 -16441.11667481678 35792.73154460658 1262.486707132844 -11961.809346165 -8653.128156683537
 -16440.70603574662 35792.06607202841 1263.133378311612 -11961.63284470794 -8653.873355909514
 -16551.82661461685 36052.87187126886 967.8847593432466 -12216.58889065528 -8253.367572374675
 -16584.27922593789 35870.11277135542 1096.788876404562 -11943.28489367331 -8440.35933315116
 -16440.6644892612 35792.22277174327 1263.030369531375 -11961.76537760245 -8653.848331952247
 -16584.47031403668 35870.12889488583 1096.816005683022 -11943.11965679054 -8440.377026753715
 -16584.30744194428 35870.13822281636 1096.781431913272 -11943.26371378164 -8440.369653852535
 -16552.52100525646 36052.60045669337 968.7099074196243 -12215.84252593436 -8253.970122373335
 -16584.27922593789 35870.11277135542 1096.788876404562 -11943.28489367331 -8440.35933315116
 -16584.30702659544 35870.13999245934 1096.774870584203 -11943.25866800467 -8440.369087182407
 -16584.47031403668 35870.12889488583 1096.816005683022 -11943.11965679054 -8440.377026753715
 -16584.28296924737 35870.1302843489 1096.766375515284 -11943.2827494209 -8440.353165800145
 -16440.66394917199 35792.22258354513 1263.030534459495 -11961.76289749887 -8653.846870585161
 -16584.27922593789 35870.11277135542 1096.788876404562 -11943.28489367331 -8440.35933315116
 -16584.47031403668 35870.12889488583 1096.816005683022 -11943.11965679054 -8440.377026753715
 -16584.46587119759 35870.12561959049 1096.811957739472 -11943.11581233059 -8440.378353114404
 -16584.28824324533 35870.13456647299 1096.785424290624 -11943.28823917834 -8440.3669949741
 -16440.71935228082 35792.06881152334 1263.137084753434 -11961.63171762325 -8653.881533768306
 -16440.66668095958 35792.22065509105 1263.033591707289 -11961.76191536736 -8653.846039054139
 -16441.13033015947 35792.65113210821 1262.505101046444 -11961.83641754779 -8653.087733179318
 -16552.52100525646 36052.60045669337 968.7099074196243 -12215.84252593436 -8253.970122373335
 -16584.28438540883 35870.12152941882 1096.785524597193 -11943.2893205231 -8440.35567102437
 -16551.83163092906 36052.87713519119 967.8683549294836 -12216.57738211157 -8253.360083097785
 -16584.27922593789 35870.11277135542 1096.788876404562 -11943.28489367331 -8440.35933315116
 -16440.72172288447 35792.06823188408 1263.139841085721 -11961.63325752263 -8653.880884094007
 -16552.52674496404 36052.59864313466 968.7138006272593 -12215.84124577516 -8253.969536277607
