# Created by Octave 4.2.1, Mon Oct 09 18:44:15 2017 BRT <root@mosqueiro>
# name: pop
# type: matrix
# rows: 1000
# columns: 5
 10020.69659662015 -3534.953701622277 -1181.064380536687 -6337.435742375596 1037.612916455149
 10020.69659662015 -3534.953701622277 -1181.064380536687 -6337.435742375596 1037.612916455149
 10020.69659662015 -3534.953701622277 -1181.064380536687 -6337.435742375596 1037.612916455149
 10020.69659662015 -3534.953701622277 -1181.064380536687 -6337.435742375596 1037.612916455149
 10020.69659662015 -3534.953701622277 -1181.064380536687 -6337.435742375596 1037.612916455149
 8257.294628336083 -8293.408218104092 1179.810393292877 -4341.178190456834 3077.180464680939
 9496.920714901898 -4229.597863880119 -1272.252990961073 -6028.321746125229 2045.091040147088
 9496.920714901898 -4229.597863880119 -1272.252990961073 -6028.321746125229 2045.091040147088
 10020.69659662015 -3534.953701622277 -1181.064380536687 -6337.435742375596 1037.612916455149
 10295.65346286831 -8150.280243302785 2851.095524038107 -2208.400022998876 4174.752246227969
 9496.920714901898 -4229.597863880119 -1272.252990961073 -6028.321746125229 2045.091040147088
 9038.161742797551 -7898.573771228968 1150.865555485592 -5448.37831385851 3174.518999990009
 9496.920714901898 -4229.597863880119 -1272.252990961073 -6028.321746125229 2045.091040147088
 10027.91409566402 -4562.170500476011 -1676.659404045373 -6268.37181110099 2469.878832932716
 9038.161742797551 -7898.573771228968 1150.865555485592 -5448.37831385851 3174.518999990009
 16463.92032103479 -16698.32224621428 10665.83114375066 -10749.60383016607 5580.896428774697
 9988.873107240397 -4507.314766423269 -1115.586085376805 -6080.77650976626 1727.146764021048
 9496.920714901898 -4229.597863880119 -1272.252990961073 -6028.321746125229 2045.091040147088
 9496.920714901898 -4229.597863880119 -1272.252990961073 -6028.321746125229 2045.091040147088
 9129.371837095685 -4505.769751032993 -522.4071286743967 -4250.409055299649 2496.037304695763
 9496.920714901898 -4229.597863880119 -1272.252990961073 -6028.321746125229 2045.091040147088
 9038.161742797551 -7898.573771228968 1150.865555485592 -5448.37831385851 3174.518999990009
 9038.161742797551 -7898.573771228968 1150.865555485592 -5448.37831385851 3174.518999990009
 9496.920714901898 -4229.597863880119 -1272.252990961073 -6028.321746125229 2045.091040147088
 9496.920714901898 -4229.597863880119 -1272.252990961073 -6028.321746125229 2045.091040147088
 9496.920714901898 -4229.597863880119 -1272.252990961073 -6028.321746125229 2045.091040147088
 6090.267642403998 -5127.065958428158 5811.242820392262 -9910.962285508725 1906.447453741867
 9772.486777894535 -5986.71553363939 874.3454561465596 -7302.345500889521 3708.80706956676
 9038.161742797551 -7898.573771228968 1150.865555485592 -5448.37831385851 3174.518999990009
 10020.69659662015 -3534.953701622277 -1181.064380536687 -6337.435742375596 1037.612916455149
 9038.161742797551 -7898.573771228968 1150.865555485592 -5448.37831385851 3174.518999990009
 9496.920714901898 -4229.597863880119 -1272.252990961073 -6028.321746125229 2045.091040147088
 9496.920714901898 -4229.597863880119 -1272.252990961073 -6028.321746125229 2045.091040147088
 9038.161742797551 -7898.573771228968 1150.865555485592 -5448.37831385851 3174.518999990009
 9038.161742797551 -7898.573771228968 1150.865555485592 -5448.37831385851 3174.518999990009
 8112.582347755786 -5718.531257382607 1352.504093676699 -4809.394531464624 857.45088016163
 9491.896151732339 -4402.568969130907 -1408.099885798802 -5284.094533125182 3066.887612056502
 9031.108827397749 -3273.624651836593 -1059.851925928099 -7045.312950053029 585.8597956976889
 9038.161742797551 -7898.573771228968 1150.865555485592 -5448.37831385851 3174.518999990009
 9496.920714901898 -4229.597863880119 -1272.252990961073 -6028.321746125229 2045.091040147088
 9496.920714901898 -4229.597863880119 -1272.252990961073 -6028.321746125229 2045.091040147088
 9599.832144806322 -7441.708603833358 1697.978106468716 -5321.49950067289 2929.228107764615
 4540.985460315502 -5003.877047342752 -2254.465458129247 -6965.843137908963 -358.2665016757373
 9496.920714901898 -4229.597863880119 -1272.252990961073 -6028.321746125229 2045.091040147088
 9038.161742797551 -7898.573771228968 1150.865555485592 -5448.37831385851 3174.518999990009
 9496.920714901898 -4229.597863880119 -1272.252990961073 -6028.321746125229 2045.091040147088
 9496.920714901898 -4229.597863880119 -1272.252990961073 -6028.321746125229 2045.091040147088
 9038.161742797551 -7898.573771228968 1150.865555485592 -5448.37831385851 3174.518999990009
 8879.676232725973 -7523.035656588895 1260.148165675251 -5353.84129488182 2282.350288597331
 9496.920714901898 -4229.597863880119 -1272.252990961073 -6028.321746125229 2045.091040147088
 8941.619539569559 -11591.06580368253 -4033.15352378127 -5636.948735718623 3641.546374385374
 7933.29296125357 -8132.859752507647 1314.527482267024 -5567.582938828268 2726.898676410169
 9038.161742797551 -7898.573771228968 1150.865555485592 -5448.37831385851 3174.518999990009
 10058.34141525701 -2549.731450247531 -1122.702173036328 -7534.932348885101 2377.148694168493
 9038.161742797551 -7898.573771228968 1150.865555485592 -5448.37831385851 3174.518999990009
 9038.161742797551 -7898.573771228968 1150.865555485592 -5448.37831385851 3174.518999990009
 9496.920714901898 -4229.597863880119 -1272.252990961073 -6028.321746125229 2045.091040147088
 9496.920714901898 -4229.597863880119 -1272.252990961073 -6028.321746125229 2045.091040147088
 9496.920714901898 -4229.597863880119 -1272.252990961073 -6028.321746125229 2045.091040147088
 9036.74678434132 -4743.465098619405 -2534.12638764235 -6240.446084766347 2679.737006691204
 4540.985460315502 -5003.877047342752 -2254.465458129247 -6965.843137908963 -358.2665016757373
 9496.920714901898 -4229.597863880119 -1272.252990961073 -6028.321746125229 2045.091040147088
 9038.161742797551 -7898.573771228968 1150.865555485592 -5448.37831385851 3174.518999990009
 9867.120827670407 -7144.037144278579 1747.603143634956 -4305.928949305379 3167.550776351496
 10020.69659662015 -3534.953701622277 -1181.064380536687 -6337.435742375596 1037.612916455149
 9496.920714901898 -4229.597863880119 -1272.252990961073 -6028.321746125229 2045.091040147088
 9186.408146509151 -7442.893508715671 752.3363495375373 -7185.960155017656 2867.870545676435
 10072.88316229037 -3914.915464931034 25.53563859469642 -4811.46964636454 4339.92977014297
 9496.920714901898 -4229.597863880119 -1272.252990961073 -6028.321746125229 2045.091040147088
 9496.920714901898 -4229.597863880119 -1272.252990961073 -6028.321746125229 2045.091040147088
 7885.793680381845 -8768.074950142347 409.261676007161 -4928.977781874638 2914.077150658147
 9036.74678434132 -4743.465098619405 -2534.12638764235 -6240.446084766347 2679.737006691204
 9496.920714901898 -4229.597863880119 -1272.252990961073 -6028.321746125229 2045.091040147088
 8097.878142218951 -9027.84030009472 2172.506019507393 -5437.088270965015 4130.479039095246
 9496.920714901898 -4229.597863880119 -1272.252990961073 -6028.321746125229 2045.091040147088
 9496.920714901898 -4229.597863880119 -1272.252990961073 -6028.321746125229 2045.091040147088
 10020.69659662015 -3534.953701622277 -1181.064380536687 -6337.435742375596 1037.612916455149
 9038.161742797551 -7898.573771228968 1150.865555485592 -5448.37831385851 3174.518999990009
 9496.920714901898 -4229.597863880119 -1272.252990961073 -6028.321746125229 2045.091040147088
 10172.87428117208 -5602.713230558888 1550.518557104338 -3325.808813875663 1403.679366225525
 9496.920714901898 -4229.597863880119 -1272.252990961073 -6028.321746125229 2045.091040147088
 9038.161742797551 -7898.573771228968 1150.865555485592 -5448.37831385851 3174.518999990009
 9290.599197181975 -4644.926577504821 -206.4233342121991 -5067.493201449375 -226.9031285147439
 9038.161742797551 -7898.573771228968 1150.865555485592 -5448.37831385851 3174.518999990009
