# Created by Octave 4.2.1, Mon Oct 09 18:19:15 2017 BRT <root@mosqueiro>
# name: pop
# type: matrix
# rows: 1000
# columns: 5
 34429.55900083219 7649.066324880768 -26569.92392151826 1104.804566752102 -16614.50596559532
 34429.55900083219 7649.066324880768 -26569.92392151826 1104.804566752102 -16614.50596559532
 34429.55900083219 7649.066324880768 -26569.92392151826 1104.804566752102 -16614.50596559532
 34429.55900083219 7649.066324880768 -26569.92392151826 1104.804566752102 -16614.50596559532
 34429.55900083219 7649.066324880768 -26569.92392151826 1104.804566752102 -16614.50596559532
 34429.55876394104 7649.066365768381 -26569.92385545887 1104.804485629504 -16614.5057035658
 34429.25869099181 7649.169872354623 -26569.80980633259 1104.666973110555 -16614.28548156057
 34429.55889446673 7649.066317715186 -26569.92386034465 1104.804421826469 -16614.50575059639
 34429.25869099181 7649.169872354623 -26569.80980633259 1104.666973110555 -16614.28548156057
 34429.55617765427 7649.068861993967 -26569.92112512167 1104.80451277853 -16614.50728546392
 34429.25823488367 7649.17000558089 -26569.80980269128 1104.666646972091 -16614.28504855894
 34429.25840510401 7649.16979005649 -26569.80975216573 1104.667037024066 -16614.28543668644
 34429.25824338085 7649.170006088374 -26569.80980869185 1104.666658931945 -16614.2850844971
 34429.35770689175 7649.122346742107 -26569.81279893982 1104.649850554615 -16614.32420892125
 34429.55876394104 7649.066365768381 -26569.92385545887 1104.804485629504 -16614.5057035658
 34429.55876394104 7649.066365768381 -26569.92385545887 1104.804485629504 -16614.5057035658
 34429.35743177915 7649.121433229964 -26569.81339814017 1104.650473087377 -16614.32420680972
 34429.55952306653 7649.067008805358 -26569.92287273104 1104.804161623915 -16614.50777842219
 34429.25869099181 7649.169872354623 -26569.80980633259 1104.666973110555 -16614.28548156057
 34429.55876394104 7649.066365768381 -26569.92385545887 1104.804485629504 -16614.5057035658
 34429.25827582646 7649.169995228584 -26569.80980353096 1104.666644114218 -16614.2850730522
 34429.55876394104 7649.066365768381 -26569.92385545887 1104.804485629504 -16614.5057035658
 34429.25824282038 7649.169993592058 -26569.8098047627 1104.666641584627 -16614.28506531879
 34429.55876394104 7649.066365768381 -26569.92385545887 1104.804485629504 -16614.5057035658
 34441.56271576388 7648.733279258733 -26570.66302351348 1105.924584460898 -16626.56180082001
 34429.25824282038 7649.169993592058 -26569.8098047627 1104.666641584627 -16614.28506531879
 34429.35770689175 7649.122346742107 -26569.81279893982 1104.649850554615 -16614.32420892125
 34429.35359030156 7649.139313244889 -26569.81853780757 1104.659883652594 -16614.33424372703
 34429.55900083219 7649.066324880768 -26569.92392151826 1104.804566752102 -16614.50596559532
 34429.55880753971 7649.066299749782 -26569.92385845373 1104.804497761667 -16614.50573948949
 34429.55911829163 7649.065968410841 -26569.92472717886 1104.8049297091 -16614.50568420129
 34429.55876394104 7649.066365768381 -26569.92385545887 1104.804485629504 -16614.5057035658
 34429.55096281921 7649.053265749869 -26569.91393463 1104.796123912009 -16614.50662549017
 34429.35151827421 7649.471331980886 -26569.68381390464 1105.279099322235 -16615.42419491514
 34429.55876394104 7649.066365768381 -26569.92385545887 1104.804485629504 -16614.5057035658
 34429.25871826033 7649.169878414053 -26569.80977259055 1104.666966412267 -16614.28549144907
 34429.55876394104 7649.066365768381 -26569.92385545887 1104.804485629504 -16614.5057035658
 34429.35359030156 7649.139313244889 -26569.81853780757 1104.659883652594 -16614.33424372703
 34429.55876394104 7649.066365768381 -26569.92385545887 1104.804485629504 -16614.5057035658
 34429.55876394104 7649.066365768381 -26569.92385545887 1104.804485629504 -16614.5057035658
 34429.25824282038 7649.169993592058 -26569.8098047627 1104.666641584627 -16614.28506531879
 34429.35359030156 7649.139313244889 -26569.81853780757 1104.659883652594 -16614.33424372703
 34429.35362271222 7649.139345939187 -26569.81853883736 1104.659874326423 -16614.33421781296
 34429.35151442725 7649.471350098661 -26569.68380911158 1105.279114664007 -16615.42416954025
 34429.55900083219 7649.066324880768 -26569.92392151826 1104.804566752102 -16614.50596559532
 34429.25824282038 7649.169993592058 -26569.8098047627 1104.666641584627 -16614.28506531879
 34429.55876394104 7649.066365768381 -26569.92385545887 1104.804485629504 -16614.5057035658
 34429.2583252756 7649.168064414735 -26569.8096817374 1104.669343698414 -16614.28593285953
 34429.25824282038 7649.169993592058 -26569.8098047627 1104.666641584627 -16614.28506531879
 34429.55876394104 7649.066365768381 -26569.92385545887 1104.804485629504 -16614.5057035658
 34429.25824282038 7649.169993592058 -26569.8098047627 1104.666641584627 -16614.28506531879
 34429.55300214061 7649.058238374938 -26569.91496409956 1104.802485665212 -16614.50717367897
 34429.25867119265 7649.169887038411 -26569.80981315169 1104.666968616741 -16614.28549271874
 34429.35362271222 7649.139345939187 -26569.81853883736 1104.659874326423 -16614.33421781296
 34429.25824282038 7649.169993592058 -26569.8098047627 1104.666641584627 -16614.28506531879
 34429.25824282038 7649.169993592058 -26569.8098047627 1104.666641584627 -16614.28506531879
 34429.35359030156 7649.139313244889 -26569.81853780757 1104.659883652594 -16614.33424372703
 34429.35390663065 7649.467567616652 -26569.68200357329 1105.277215591889 -16615.42551429458
 34429.55874688757 7649.066295949996 -26569.92383263181 1104.804475113707 -16614.50565493118
 34429.25824282038 7649.169993592058 -26569.8098047627 1104.666641584627 -16614.28506531879
 34429.25824282038 7649.169993592058 -26569.8098047627 1104.666641584627 -16614.28506531879
 34429.25867119265 7649.169887038411 -26569.80981315169 1104.666968616741 -16614.28549271874
 34429.25824282038 7649.169993592058 -26569.8098047627 1104.666641584627 -16614.28506531879
 34429.35359030156 7649.139313244889 -26569.81853780757 1104.659883652594 -16614.33424372703
 34429.25823073901 7649.167228818741 -26569.81247204709 1104.666537883061 -16614.2885121972
 34429.55880099086 7649.06638192447 -26569.92373848462 1104.804588046319 -16614.50577975704
 34429.25864841554 7649.169862668212 -26569.80988788107 1104.667024453094 -16614.28543913693
 34429.25824282038 7649.169993592058 -26569.8098047627 1104.666641584627 -16614.28506531879
 34429.55878613333 7649.066365127989 -26569.92386032711 1104.804482719946 -16614.50571197222
 34429.55873830931 7649.066341299207 -26569.92385843577 1104.804466735676 -16614.50571754493
 34429.55900083219 7649.066324880768 -26569.92392151826 1104.804566752102 -16614.50596559532
 34429.55320608748 7649.05789929067 -26569.91525326313 1104.802175887377 -16614.50745082379
 34429.35390999811 7649.467559650909 -26569.68200285438 1105.277221072036 -16615.42551148973
 34429.25824282038 7649.169993592058 -26569.8098047627 1104.666641584627 -16614.28506531879
 34429.25886120799 7649.169990490853 -26569.80982522377 1104.666979112914 -16614.28533480195
 34429.25824282038 7649.169993592058 -26569.8098047627 1104.666641584627 -16614.28506531879
 34429.25825760559 7649.169985980082 -26569.80979213434 1104.666626709463 -16614.28506900397
 34429.38579426373 7649.431754762336 -26569.57832612949 1105.256892860215 -16615.49512898744
 34429.25869099181 7649.169872354623 -26569.80980633259 1104.666973110555 -16614.28548156057
 34429.25824282038 7649.169993592058 -26569.8098047627 1104.666641584627 -16614.28506531879
 34429.55869152905 7649.066418724813 -26569.92373742028 1104.804577688318 -16614.50562476152
 34429.25824282038 7649.169993592058 -26569.8098047627 1104.666641584627 -16614.28506531879
 34429.25824282038 7649.169993592058 -26569.8098047627 1104.666641584627 -16614.28506531879
 34429.25824282038 7649.169993592058 -26569.8098047627 1104.666641584627 -16614.28506531879
 34429.25824282038 7649.169993592058 -26569.8098047627 1104.666641584627 -16614.28506531879
