# Created by Octave 4.2.1, Mon Oct 09 18:17:56 2017 BRT <root@mosqueiro>
# name: pop
# type: matrix
# rows: 1000
# columns: 5
 34429.55876394104 7649.066365768381 -26569.92385545887 1104.804485629504 -16614.5057035658
 34429.55876394104 7649.066365768381 -26569.92385545887 1104.804485629504 -16614.5057035658
 34429.55876394104 7649.066365768381 -26569.92385545887 1104.804485629504 -16614.5057035658
 34429.55876394104 7649.066365768381 -26569.92385545887 1104.804485629504 -16614.5057035658
 34429.55876394104 7649.066365768381 -26569.92385545887 1104.804485629504 -16614.5057035658
 34429.25575823239 7649.170823864347 -26569.81144064209 1104.667646820464 -16614.2859278792
 34429.37815849057 7649.426080497722 -26569.57103329594 1105.265419817291 -16615.49428379244
 34429.35770689175 7649.122346742107 -26569.81279893982 1104.649850554615 -16614.32420892125
 34429.38578766403 7649.431760944196 -26569.57828584449 1105.256884182738 -16615.49514012392
 34429.25869099181 7649.169872354623 -26569.80980633259 1104.666973110555 -16614.28548156057
 34429.25740240523 7649.171854080821 -26569.80991317585 1104.669596895162 -16614.28586212054
 34429.54626232159 7649.055993269317 -26569.91451184404 1104.799517246812 -16614.51087911819
 34441.55302733812 7648.741622523983 -26570.67022041345 1105.936500391913 -16626.57311465304
 34429.25869099181 7649.169872354623 -26569.80980633259 1104.666973110555 -16614.28548156057
 34441.55302733812 7648.741622523983 -26570.67022041345 1105.936500391913 -16626.57311465304
 34429.36647184014 7649.462374635638 -26569.67262407135 1105.259792891697 -16615.41512838323
 34429.25869099181 7649.169872354623 -26569.80980633259 1104.666973110555 -16614.28548156057
 34429.2490949936 7649.175482209249 -26569.81263472101 1104.66679375636 -16614.28436731894
 34429.55876394104 7649.066365768381 -26569.92385545887 1104.804485629504 -16614.5057035658
 34429.25869099181 7649.169872354623 -26569.80980633259 1104.666973110555 -16614.28548156057
 34429.55876394104 7649.066365768381 -26569.92385545887 1104.804485629504 -16614.5057035658
 34441.55685508586 7648.723880878833 -26570.66522204368 1105.937071222223 -16626.57327233124
 34429.55876394104 7649.066365768381 -26569.92385545887 1104.804485629504 -16614.5057035658
 34429.38578766403 7649.431760944196 -26569.57828584449 1105.256884182738 -16615.49514012392
 34429.35770689175 7649.122346742107 -26569.81279893982 1104.649850554615 -16614.32420892125
 34441.55430151599 7648.741431667991 -26570.6717855991 1105.941871221035 -16626.57586900317
 34429.49746392881 7649.044487260532 -26569.83383673468 1104.85515938934 -16614.49537638585
 34429.55320608748 7649.05789929067 -26569.91525326313 1104.802175887377 -16614.50745082379
 34429.33021585429 7649.132515070097 -26569.80542578256 1104.650181718207 -16614.3290949152
 34429.55229654533 7649.063487928122 -26569.92129056746 1104.80430501446 -16614.51002364438
 34441.5519543729 7648.749721251787 -26570.67984104284 1105.948364745116 -16626.56643754222
 34429.25869099181 7649.169872354623 -26569.80980633259 1104.666973110555 -16614.28548156057
 34429.55320608748 7649.05789929067 -26569.91525326313 1104.802175887377 -16614.50745082379
 34429.25869099181 7649.169872354623 -26569.80980633259 1104.666973110555 -16614.28548156057
 34429.25869099181 7649.169872354623 -26569.80980633259 1104.666973110555 -16614.28548156057
 34429.55876394104 7649.066365768381 -26569.92385545887 1104.804485629504 -16614.5057035658
 34441.55302733812 7648.741622523983 -26570.67022041345 1105.936500391913 -16626.57311465304
 34441.55302733812 7648.741622523983 -26570.67022041345 1105.936500391913 -16626.57311465304
 34429.38479460062 7649.411248516677 -26569.70086153273 1105.226453303136 -16615.35437303369
 34429.35362271222 7649.139345939187 -26569.81853883736 1104.659874326423 -16614.33421781296
 34429.25823073901 7649.167228818741 -26569.81247204709 1104.666537883061 -16614.2885121972
 34429.55320608748 7649.05789929067 -26569.91525326313 1104.802175887377 -16614.50745082379
 34429.55320608748 7649.05789929067 -26569.91525326313 1104.802175887377 -16614.50745082379
 34429.39437677836 7649.006652478662 -26569.82775015974 1104.868764558542 -16614.43693233458
 34429.56004367703 7649.065138422981 -26569.92469382959 1104.803093393374 -16614.50612944524
 34429.25869099181 7649.169872354623 -26569.80980633259 1104.666973110555 -16614.28548156057
 34429.55876394104 7649.066365768381 -26569.92385545887 1104.804485629504 -16614.5057035658
 34429.25869099181 7649.169872354623 -26569.80980633259 1104.666973110555 -16614.28548156057
 34429.25869099181 7649.169872354623 -26569.80980633259 1104.666973110555 -16614.28548156057
 34429.55876394104 7649.066365768381 -26569.92385545887 1104.804485629504 -16614.5057035658
 34429.2490949936 7649.175482209249 -26569.81263472101 1104.66679375636 -16614.28436731894
 34429.26037692093 7649.169586462061 -26569.80962717694 1104.667656516214 -16614.28564223944
 34429.38578766403 7649.431760944196 -26569.57828584449 1105.256884182738 -16615.49514012392
 34429.35727580262 7649.122356274476 -26569.81211290935 1104.649309499755 -16614.32526493057
 34429.55876394104 7649.066365768381 -26569.92385545887 1104.804485629504 -16614.5057035658
 34429.55320608748 7649.05789929067 -26569.91525326313 1104.802175887377 -16614.50745082379
 34429.55876394104 7649.066365768381 -26569.92385545887 1104.804485629504 -16614.5057035658
 34429.55876394104 7649.066365768381 -26569.92385545887 1104.804485629504 -16614.5057035658
 34429.55876394104 7649.066365768381 -26569.92385545887 1104.804485629504 -16614.5057035658
 34429.55320608748 7649.05789929067 -26569.91525326313 1104.802175887377 -16614.50745082379
 34429.38578766403 7649.431760944196 -26569.57828584449 1105.256884182738 -16615.49514012392
 34429.35979954099 7649.467493075396 -26569.69165692834 1105.277588677324 -16615.41244482035
 34429.25869099181 7649.169872354623 -26569.80980633259 1104.666973110555 -16614.28548156057
 34429.55876394104 7649.066365768381 -26569.92385545887 1104.804485629504 -16614.5057035658
 34429.53671650991 7649.056518900338 -26569.91788525704 1104.805121730753 -16614.52617725232
 34429.55876394104 7649.066365768381 -26569.92385545887 1104.804485629504 -16614.5057035658
 34429.54757679733 7649.069071192934 -26569.92004573162 1104.796218258223 -16614.50314843222
 34429.34978406286 7649.467573181317 -26569.67887565495 1105.2836645036 -16615.42113185409
 34429.24830028025 7649.167099679918 -26569.81505643663 1104.669457565392 -16614.277257371
 34429.55320608748 7649.05789929067 -26569.91525326313 1104.802175887377 -16614.50745082379
 34429.25869099181 7649.169872354623 -26569.80980633259 1104.666973110555 -16614.28548156057
 34429.35770689175 7649.122346742107 -26569.81279893982 1104.649850554615 -16614.32420892125
 34429.35770689175 7649.122346742107 -26569.81279893982 1104.649850554615 -16614.32420892125
 34429.35770689175 7649.122346742107 -26569.81279893982 1104.649850554615 -16614.32420892125
 34429.25869099181 7649.169872354623 -26569.80980633259 1104.666973110555 -16614.28548156057
 34429.25869099181 7649.169872354623 -26569.80980633259 1104.666973110555 -16614.28548156057
 34429.35151827421 7649.471331980886 -26569.68381390464 1105.279099322235 -16615.42419491514
 34429.25869099181 7649.169872354623 -26569.80980633259 1104.666973110555 -16614.28548156057
 34429.55094697083 7649.053186772042 -26569.91389431656 1104.796011964703 -16614.50659699988
 34429.36611477371 7649.461799923855 -26569.67274173077 1105.261979953664 -16615.41386830983
 34429.25869099181 7649.169872354623 -26569.80980633259 1104.666973110555 -16614.28548156057
 34429.38822749518 7649.432542445299 -26569.57718268022 1105.256662416981 -16615.49431666252
 34429.25869099181 7649.169872354623 -26569.80980633259 1104.666973110555 -16614.28548156057
 34429.55876394104 7649.066365768381 -26569.92385545887 1104.804485629504 -16614.5057035658
 34429.25869099181 7649.169872354623 -26569.80980633259 1104.666973110555 -16614.28548156057
