# Created by Octave 4.2.1, Mon Oct 09 18:06:27 2017 BRT <root@mosqueiro>
# name: pop
# type: matrix
# rows: 1000
# columns: 5
 8123.400507989601 3727.060677770249 681.3911912756103 -9398.71000660814 -3087.135526407579
 8123.400507989601 3727.060677770249 681.3911912756103 -9398.71000660814 -3087.135526407579
 8123.400507989601 3727.060677770249 681.3911912756103 -9398.71000660814 -3087.135526407579
 8123.400507989601 3727.060677770249 681.3911912756103 -9398.71000660814 -3087.135526407579
 8123.400507989601 3727.060677770249 681.3911912756103 -9398.71000660814 -3087.135526407579
 8123.400507989601 3727.060677770249 681.3911912756103 -9398.71000660814 -3087.135526407579
 37108.11316111181 20054.82214725204 9500.58180103351 21785.84090112406 10804.19477776263
 8123.400507989601 3727.060677770249 681.3911912756103 -9398.71000660814 -3087.135526407579
 310.1708360068023 9750.878583054484 -6064.262213595761 3085.660117671878 -7137.586510480238
 31743.49171546042 12880.86649133891 3424.452810331517 12745.61633899478 -4416.519163438143
 -2205.730834148056 5303.758530315286 6579.813481559475 -2321.582149389895 -7580.454536183493
 8123.400507989601 3727.060677770249 681.3911912756103 -9398.71000660814 -3087.135526407579
 8123.400507989601 3727.060677770249 681.3911912756103 -9398.71000660814 -3087.135526407579
 6661.58100801983 -5321.563230188436 -39177.49010514529 -10713.19548439172 23884.2487274364
 -19249.40441791619 32904.78047670932 17977.31433008149 -3350.260726903483 -4561.940326632626
 8123.400507989601 3727.060677770249 681.3911912756103 -9398.71000660814 -3087.135526407579
 -4337.420485757545 -571.496544259966 9675.633361430697 6102.290882141335 -5184.213374086241
 8123.400507989601 3727.060677770249 681.3911912756103 -9398.71000660814 -3087.135526407579
 -3560.983804459504 7258.420288146222 -2408.133757247006 2155.216432335446 -2380.412853525197
 8123.400507989601 3727.060677770249 681.3911912756103 -9398.71000660814 -3087.135526407579
 33760.11344925078 31815.71863900395 17294.72179011616 13445.74814606938 -5377.906997788121
 8123.400507989601 3727.060677770249 681.3911912756103 -9398.71000660814 -3087.135526407579
 310.1708360068023 9750.878583054484 -6064.262213595761 3085.660117671878 -7137.586510480238
 8123.400507989601 3727.060677770249 681.3911912756103 -9398.71000660814 -3087.135526407579
 8123.400507989601 3727.060677770249 681.3911912756103 -9398.71000660814 -3087.135526407579
 -3146.461708027414 -33870.41293304475 -8642.430740618149 1859.549451638454 -1654.978639496743
 -20656.72607467853 29249.27162799658 35664.06025142971 3187.74604000699 -41132.45679230301
 -6099.545653724303 18728.17595328812 22721.43959619693 -9926.347502610455 4192.254055267204
 6993.045381287324 -9720.92707452268 4135.179658371251 26561.02164185906 -10081.40906968949
 8123.400507989601 3727.060677770249 681.3911912756103 -9398.71000660814 -3087.135526407579
 310.1708360068023 9750.878583054484 -6064.262213595761 3085.660117671878 -7137.586510480238
 8123.400507989601 3727.060677770249 681.3911912756103 -9398.71000660814 -3087.135526407579
 -5301.964420024524 2398.437928027968 -5841.760673117193 6861.843601888526 2958.09523424168
 296.9748925048279 6632.319669859404 -2873.565351582837 -8201.468801677627 8956.058380817663
 8123.400507989601 3727.060677770249 681.3911912756103 -9398.71000660814 -3087.135526407579
 -16893.1762779257 -13990.54989515212 2916.005259373722 -31657.36611046802 4587.776633053775
 8123.400507989601 3727.060677770249 681.3911912756103 -9398.71000660814 -3087.135526407579
 8123.400507989601 3727.060677770249 681.3911912756103 -9398.71000660814 -3087.135526407579
 8123.400507989601 3727.060677770249 681.3911912756103 -9398.71000660814 -3087.135526407579
 8123.400507989601 3727.060677770249 681.3911912756103 -9398.71000660814 -3087.135526407579
 -12923.43516902046 4269.182611174983 4736.126874157886 21311.98192231186 -12810.58363768022
 8123.400507989601 3727.060677770249 681.3911912756103 -9398.71000660814 -3087.135526407579
 8123.400507989601 3727.060677770249 681.3911912756103 -9398.71000660814 -3087.135526407579
 8123.400507989601 3727.060677770249 681.3911912756103 -9398.71000660814 -3087.135526407579
 20924.36381113499 32743.00391923072 29335.13927886356 6385.751851450652 8234.407487051909
 -32316.96032325846 4758.871667740805 -10259.32253592155 -7986.848786897855 16539.3946294946
 8123.400507989601 3727.060677770249 681.3911912756103 -9398.71000660814 -3087.135526407579
 8123.400507989601 3727.060677770249 681.3911912756103 -9398.71000660814 -3087.135526407579
 8123.400507989601 3727.060677770249 681.3911912756103 -9398.71000660814 -3087.135526407579
 8123.400507989601 3727.060677770249 681.3911912756103 -9398.71000660814 -3087.135526407579
 8123.400507989601 3727.060677770249 681.3911912756103 -9398.71000660814 -3087.135526407579
 -887.9256860389087 -5659.9655735639 -8237.396544272147 9614.251857421779 5914.307725030234
 8123.400507989601 3727.060677770249 681.3911912756103 -9398.71000660814 -3087.135526407579
 8123.400507989601 3727.060677770249 681.3911912756103 -9398.71000660814 -3087.135526407579
 -126.6761339414043 1496.039007672236 -529.4506209572446 7931.722821452971 -8935.400386322135
 18167.67601532445 -23857.80651048534 -20045.02653416897 -7871.921519700989 3952.813616290814
 -16300.17580981469 16380.49789402053 -14883.90627991446 -37993.23421804272 -25879.24297896734
 -2205.730834148056 5303.758530315286 6579.813481559475 -2321.582149389895 -7580.454536183493
 8123.400507989601 3727.060677770249 681.3911912756103 -9398.71000660814 -3087.135526407579
 -6295.221812074531 2806.678287128745 -7971.36127081986 3042.819775715621 8260.936519905143
 8123.400507989601 3727.060677770249 681.3911912756103 -9398.71000660814 -3087.135526407579
 35423.78149881979 3687.667652122605 -17656.50699324674 7349.252913165486 -6885.439416212557
 8123.400507989601 3727.060677770249 681.3911912756103 -9398.71000660814 -3087.135526407579
 8123.400507989601 3727.060677770249 681.3911912756103 -9398.71000660814 -3087.135526407579
 7392.921799280128 -5149.458549882683 8067.026181032088 -1537.702965750772 -664.759542491609
 33760.11344925078 31815.71863900395 17294.72179011616 13445.74814606938 -5377.906997788121
 8123.400507989601 3727.060677770249 681.3911912756103 -9398.71000660814 -3087.135526407579
 -16144.55498847439 38834.78276742146 -4507.174791502408 8550.202197914721 18277.52907617599
 6092.693750078332 -4734.232440593259 6465.60983335333 -6756.737607229734 -978.1821931934828
 2309.881741992643 -4851.841887900866 -17202.09189888385 -14345.99423975566 -18581.06255083944
 8123.400507989601 3727.060677770249 681.3911912756103 -9398.71000660814 -3087.135526407579
 -24137.73899026521 -3501.555591804554 -12017.39894419352 73841.69590739613 49947.73407307274
 6092.693750078332 -4734.232440593259 6465.60983335333 -6756.737607229734 -978.1821931934828
 8123.400507989601 3727.060677770249 681.3911912756103 -9398.71000660814 -3087.135526407579
 8123.400507989601 3727.060677770249 681.3911912756103 -9398.71000660814 -3087.135526407579
 8123.400507989601 3727.060677770249 681.3911912756103 -9398.71000660814 -3087.135526407579
 8123.400507989601 3727.060677770249 681.3911912756103 -9398.71000660814 -3087.135526407579
 8123.400507989601 3727.060677770249 681.3911912756103 -9398.71000660814 -3087.135526407579
 8123.400507989601 3727.060677770249 681.3911912756103 -9398.71000660814 -3087.135526407579
 10426.95324599549 -6917.796439122307 5879.265153197774 -37524.85803312126 -26181.10976019796
 8123.400507989601 3727.060677770249 681.3911912756103 -9398.71000660814 -3087.135526407579
 6773.500842960333 -5648.525074732119 -8918.421693219705 -15846.98570062936 -8176.120122704468
 4800.48519468278 -12730.35492735082 -25551.01045841191 9612.388210462794 23493.60285228854
 8123.400507989601 3727.060677770249 681.3911912756103 -9398.71000660814 -3087.135526407579
 49979.06636941669 29322.46619583542 -16656.97261978017 13716.8876838529 -3547.900965732388
