# Created by Octave 4.2.1, Mon Oct 09 18:20:36 2017 BRT <root@mosqueiro>
# name: pop
# type: matrix
# rows: 1000
# columns: 5
 34429.25825105061 7649.169985762097 -26569.80981150673 1104.666644695694 -16614.28506547345
 34429.25825105061 7649.169985762097 -26569.80981150673 1104.666644695694 -16614.28506547345
 34429.25825105061 7649.169985762097 -26569.80981150673 1104.666644695694 -16614.28506547345
 34429.25825105061 7649.169985762097 -26569.80981150673 1104.666644695694 -16614.28506547345
 34429.25825105061 7649.169985762097 -26569.80981150673 1104.666644695694 -16614.28506547345
 34429.55900242923 7649.066325006471 -26569.92392285911 1104.804565592639 -16614.50596565108
 34429.25825084827 7649.169985724289 -26569.80981137476 1104.666644528647 -16614.28506491471
 34429.55880753971 7649.066299749782 -26569.92385845373 1104.804497761667 -16614.50573948949
 34429.35152228887 7649.47133536094 -26569.68381372196 1105.27909299242 -16615.42419028436
 34429.25825105061 7649.169985762097 -26569.80981150673 1104.666644695694 -16614.28506547345
 34429.25825087812 7649.169985638028 -26569.80981139743 1104.666644446624 -16614.28506500347
 34429.35359366841 7649.139313806506 -26569.81854014912 1104.65987911243 -16614.33424144662
 34429.55900083219 7649.066324880768 -26569.92392151826 1104.804566752102 -16614.50596559532
 34429.55900230459 7649.066324871378 -26569.92392279775 1104.804565585733 -16614.50596556057
 34429.55900242923 7649.066325006471 -26569.92392285911 1104.804565592639 -16614.50596565108
 34429.55881561894 7649.066459258332 -26569.92384100224 1104.804450229294 -16614.50575442489
 34429.25831305738 7649.169732007142 -26569.80952784772 1104.667209992588 -16614.28521356032
 34429.55900083219 7649.066324880768 -26569.92392151826 1104.804566752102 -16614.50596559532
 34429.25824101747 7649.169990836912 -26569.80980657327 1104.666642762175 -16614.28506389082
 34429.25824703193 7649.169996541792 -26569.8098048828 1104.666630256322 -16614.2850640306
 34429.55900083219 7649.066324880768 -26569.92392151826 1104.804566752102 -16614.50596559532
 34429.25824282038 7649.169993592058 -26569.8098047627 1104.666641584627 -16614.28506531879
 34429.5590024686 7649.066325031406 -26569.92392288898 1104.804565486747 -16614.50596567356
 34429.55900243533 7649.066325069152 -26569.92392274725 1104.804565324882 -16614.50596577313
 34429.35359352869 7649.139313340809 -26569.81854003521 1104.659878987641 -16614.33424128054
 34429.55900083219 7649.066324880768 -26569.92392151826 1104.804566752102 -16614.50596559532
 34429.25825105061 7649.169985762097 -26569.80981150673 1104.666644695694 -16614.28506547345
 34429.25824282038 7649.169993592058 -26569.8098047627 1104.666641584627 -16614.28506531879
 34429.55900083219 7649.066324880768 -26569.92392151826 1104.804566752102 -16614.50596559532
 34429.25825084827 7649.169985724289 -26569.80981137476 1104.666644528647 -16614.28506491471
 34429.55900083219 7649.066324880768 -26569.92392151826 1104.804566752102 -16614.50596559532
 34429.25824257311 7649.169993499433 -26569.80980479659 1104.66664176525 -16614.28506538403
 34429.5590003631 7649.0663267178 -26569.923923754 1104.804566830764 -16614.50596586715
 34429.55900059231 7649.066323043501 -26569.92392194778 1104.804568666423 -16614.50596313967
 34429.55900235113 7649.066325074978 -26569.92392274244 1104.804565614913 -16614.50596570314
 34429.55900353051 7649.066326145816 -26569.92391979708 1104.804562772841 -16614.50596740878
 34429.25824703193 7649.169996541792 -26569.8098048828 1104.666630256322 -16614.2850640306
 34429.55874104612 7649.066298663138 -26569.92374945222 1104.804505498811 -16614.50579052552
 34429.25825105061 7649.169985762097 -26569.80981150673 1104.666644695694 -16614.28506547345
 34429.25825084304 7649.169985853654 -26569.80981155823 1104.666644166532 -16614.28506459867
 34429.55900242923 7649.066325006471 -26569.92392285911 1104.804565592639 -16614.50596565108
 34429.25824697752 7649.169996222397 -26569.80980385547 1104.666629669563 -16614.28506428661
 34429.55900090549 7649.066324854492 -26569.92392165137 1104.804566655023 -16614.50596554102
 34429.55900242923 7649.066325006471 -26569.92392285911 1104.804565592639 -16614.50596565108
 34429.25824282038 7649.169993592058 -26569.8098047627 1104.666641584627 -16614.28506531879
 34429.55900083219 7649.066324880768 -26569.92392151826 1104.804566752102 -16614.50596559532
 34429.55900238872 7649.066324844227 -26569.92392293933 1104.804564978487 -16614.50596560405
 34429.55900083219 7649.066324880768 -26569.92392151826 1104.804566752102 -16614.50596559532
 34429.35359366841 7649.139313806506 -26569.81854014912 1104.65987911243 -16614.33424144662
 34429.25825084827 7649.169985724289 -26569.80981137476 1104.666644528647 -16614.28506491471
 34429.25825084827 7649.169985724289 -26569.80981137476 1104.666644528647 -16614.28506491471
 34429.55900242923 7649.066325006471 -26569.92392285911 1104.804565592639 -16614.50596565108
 34429.55880753971 7649.066299749782 -26569.92385845373 1104.804497761667 -16614.50573948949
 34429.25824703193 7649.169996541792 -26569.8098048828 1104.666630256322 -16614.2850640306
 34429.25825094512 7649.169985723825 -26569.80981200634 1104.666645176139 -16614.28506470246
 34429.25825060509 7649.169986303203 -26569.80981097171 1104.66664431845 -16614.28506506128
 34429.25825105061 7649.169985762097 -26569.80981150673 1104.666644695694 -16614.28506547345
 34429.55900242923 7649.066325006471 -26569.92392285911 1104.804565592639 -16614.50596565108
 34429.55873612447 7649.066361786568 -26569.92385064384 1104.804486668371 -16614.50568981812
 34429.55880751 7649.066299372887 -26569.92385804786 1104.80449766081 -16614.50573897648
 34429.55900361735 7649.066325454812 -26569.92391957606 1104.804562654233 -16614.50596734573
 34429.55874085313 7649.066298417504 -26569.9237497086 1104.804505603738 -16614.5057906726
 34429.55900059673 7649.06632572905 -26569.92392090345 1104.804564193684 -16614.50596529592
 34429.55900242923 7649.066325006471 -26569.92392285911 1104.804565592639 -16614.50596565108
 34429.25824119872 7649.16999074749 -26569.80980658636 1104.666642919746 -16614.28506397978
 34429.5587639959 7649.066365728148 -26569.92385536626 1104.804485617313 -16614.50570338057
 34429.55900242923 7649.066325006471 -26569.92392285911 1104.804565592639 -16614.50596565108
 34429.55900242923 7649.066325006471 -26569.92392285911 1104.804565592639 -16614.50596565108
 34429.55900083219 7649.066324880768 -26569.92392151826 1104.804566752102 -16614.50596559532
 34429.55900085041 7649.066324788821 -26569.92392151001 1104.804566574878 -16614.50596565527
 34429.25825079527 7649.169985691644 -26569.80981152659 1104.666644454586 -16614.28506483449
 34429.55900008947 7649.066324997533 -26569.92392179028 1104.804566928123 -16614.50596583215
 34429.55900242648 7649.066325022131 -26569.92392296463 1104.804565580541 -16614.50596576451
 34429.25825105061 7649.169985762097 -26569.80981150673 1104.666644695694 -16614.28506547345
 34429.55900242923 7649.066325006471 -26569.92392285911 1104.804565592639 -16614.50596565108
 34429.25824234477 7649.169993613536 -26569.80980472405 1104.666641609898 -16614.2850645779
 34429.55900059673 7649.06632572905 -26569.92392090345 1104.804564193684 -16614.50596529592
 34429.25825105061 7649.169985762097 -26569.80981150673 1104.666644695694 -16614.28506547345
 34429.55900246266 7649.066325136149 -26569.92392290635 1104.804565513897 -16614.50596555163
 34429.55900242923 7649.066325006471 -26569.92392285911 1104.804565592639 -16614.50596565108
 34429.25824282038 7649.169993592058 -26569.8098047627 1104.666641584627 -16614.28506531879
 34429.55900353428 7649.066325585793 -26569.92391953208 1104.804562658722 -16614.50596725574
 34429.55900249872 7649.066325506244 -26569.9239229917 1104.804565847026 -16614.50596586582
 34429.2582412936 7649.169990288151 -26569.80980632806 1104.666642995452 -16614.28506386865
 34429.55900056548 7649.0663243688 -26569.92392109569 1104.804566323585 -16614.5059656664
