# Created by Octave 4.2.1, Mon Oct 09 18:23:59 2017 BRT <root@mosqueiro>
# name: pop
# type: matrix
# rows: 1000
# columns: 5
 -8050.497224522569 7754.819000622869 -9745.174986403241 7885.809393492465 2182.906102317827
 -8050.497224522569 7754.819000622869 -9745.174986403241 7885.809393492465 2182.906102317827
 -8050.497224522569 7754.819000622869 -9745.174986403241 7885.809393492465 2182.906102317827
 -8050.497224522569 7754.819000622869 -9745.174986403241 7885.809393492465 2182.906102317827
 -8050.497224522569 7754.819000622869 -9745.174986403241 7885.809393492465 2182.906102317827
 -8050.497224522569 7754.819000622869 -9745.174986403241 7885.809393492465 2182.906102317827
 8349.313685004348 17924.68565316618 -18179.37631902119 16428.88078753932 23705.78274395649
 -8050.497224522569 7754.819000622869 -9745.174986403241 7885.809393492465 2182.906102317827
 -8050.497224522569 7754.819000622869 -9745.174986403241 7885.809393492465 2182.906102317827
 -32808.75215723874 14705.61871532909 -21810.05378920045 10112.36626381637 19559.12942450275
 -8012.64419762343 7840.862845858956 1649.953745259845 2477.630504796391 -4018.293338203648
 -8050.497224522569 7754.819000622869 -9745.174986403241 7885.809393492465 2182.906102317827
 -8050.497224522569 7754.819000622869 -9745.174986403241 7885.809393492465 2182.906102317827
 -14224.93839358793 35995.11224986485 -7944.221809614686 54364.63856217469 1951.888337465807
 -8050.497224522569 7754.819000622869 -9745.174986403241 7885.809393492465 2182.906102317827
 -12141.79944133741 4029.574174066992 3956.192727014468 28687.12877246305 8270.951918777315
 -8050.497224522569 7754.819000622869 -9745.174986403241 7885.809393492465 2182.906102317827
 -8050.497224522569 7754.819000622869 -9745.174986403241 7885.809393492465 2182.906102317827
 -9760.150763546757 -595.9779027982931 7266.662228673445 9794.820478921949 -6651.640212549273
 -8050.497224522569 7754.819000622869 -9745.174986403241 7885.809393492465 2182.906102317827
 -8050.497224522569 7754.819000622869 -9745.174986403241 7885.809393492465 2182.906102317827
 -8050.497224522569 7754.819000622869 -9745.174986403241 7885.809393492465 2182.906102317827
 -8050.497224522569 7754.819000622869 -9745.174986403241 7885.809393492465 2182.906102317827
 -8050.497224522569 7754.819000622869 -9745.174986403241 7885.809393492465 2182.906102317827
 26960.81069789005 42387.50173928121 21831.01864214065 -56231.37632431453 -40278.23807314318
 -8050.497224522569 7754.819000622869 -9745.174986403241 7885.809393492465 2182.906102317827
 -7984.826939028028 31473.3794426543 6612.259665015802 11565.62974891286 19971.27398043672
 -8050.497224522569 7754.819000622869 -9745.174986403241 7885.809393492465 2182.906102317827
 -8050.497224522569 7754.819000622869 -9745.174986403241 7885.809393492465 2182.906102317827
 -8050.497224522569 7754.819000622869 -9745.174986403241 7885.809393492465 2182.906102317827
 -8050.497224522569 7754.819000622869 -9745.174986403241 7885.809393492465 2182.906102317827
 -8012.64419762343 7840.862845858956 1649.953745259845 2477.630504796391 -4018.293338203648
 -8050.497224522569 7754.819000622869 -9745.174986403241 7885.809393492465 2182.906102317827
 8304.872577886394 7583.43874906763 -12546.50475941301 -17953.68045406833 1277.514864979841
 -17973.892642411 12156.17028547222 -8074.922524990626 21246.35073288058 -10908.88430002032
 -8050.497224522569 7754.819000622869 -9745.174986403241 7885.809393492465 2182.906102317827
 -8050.497224522569 7754.819000622869 -9745.174986403241 7885.809393492465 2182.906102317827
 -8050.497224522569 7754.819000622869 -9745.174986403241 7885.809393492465 2182.906102317827
 -8050.497224522569 7754.819000622869 -9745.174986403241 7885.809393492465 2182.906102317827
 -29906.65732900019 -31507.78139884411 -17009.53096656859 22889.53255609218 -6479.594921364621
 -8050.497224522569 7754.819000622869 -9745.174986403241 7885.809393492465 2182.906102317827
 -8050.497224522569 7754.819000622869 -9745.174986403241 7885.809393492465 2182.906102317827
 -8050.497224522569 7754.819000622869 -9745.174986403241 7885.809393492465 2182.906102317827
 -8050.497224522569 7754.819000622869 -9745.174986403241 7885.809393492465 2182.906102317827
 -26303.62645573014 7969.609641205825 11292.73644744587 -1236.819690526851 19652.83913798714
 -8050.497224522569 7754.819000622869 -9745.174986403241 7885.809393492465 2182.906102317827
 -8050.497224522569 7754.819000622869 -9745.174986403241 7885.809393492465 2182.906102317827
 -40709.15126943272 13941.48880355384 -3721.317191973113 11353.06335962163 22698.49643183134
 -8050.497224522569 7754.819000622869 -9745.174986403241 7885.809393492465 2182.906102317827
 -8050.497224522569 7754.819000622869 -9745.174986403241 7885.809393492465 2182.906102317827
 -8050.497224522569 7754.819000622869 -9745.174986403241 7885.809393492465 2182.906102317827
 17577.68863284731 1528.105467120592 -25786.09771062036 4542.917821926942 3908.35450097703
 -8050.497224522569 7754.819000622869 -9745.174986403241 7885.809393492465 2182.906102317827
 -8050.497224522569 7754.819000622869 -9745.174986403241 7885.809393492465 2182.906102317827
 -8050.497224522569 7754.819000622869 -9745.174986403241 7885.809393492465 2182.906102317827
 -8050.497224522569 7754.819000622869 -9745.174986403241 7885.809393492465 2182.906102317827
 -8050.497224522569 7754.819000622869 -9745.174986403241 7885.809393492465 2182.906102317827
 -8050.497224522569 7754.819000622869 -9745.174986403241 7885.809393492465 2182.906102317827
 -17391.79726325813 -13462.84974332943 -19894.73775992597 14621.99498788322 18122.11025893643
 -8050.497224522569 7754.819000622869 -9745.174986403241 7885.809393492465 2182.906102317827
 -2293.111494646549 -5895.105227988141 -19043.85796451054 17902.94509608305 10920.25418351178
 -8050.497224522569 7754.819000622869 -9745.174986403241 7885.809393492465 2182.906102317827
 -8012.64419762343 7840.862845858956 1649.953745259845 2477.630504796391 -4018.293338203648
 -8050.497224522569 7754.819000622869 -9745.174986403241 7885.809393492465 2182.906102317827
 -8050.497224522569 7754.819000622869 -9745.174986403241 7885.809393492465 2182.906102317827
 -8050.497224522569 7754.819000622869 -9745.174986403241 7885.809393492465 2182.906102317827
 15074.2343142668 43834.02010071083 14418.26096908883 -8185.510025515117 -20636.01694271278
 16903.46793225162 -10123.63884249286 18004.40087723717 -18534.31232015086 14209.39856641369
 -8050.497224522569 7754.819000622869 -9745.174986403241 7885.809393492465 2182.906102317827
 -8050.497224522569 7754.819000622869 -9745.174986403241 7885.809393492465 2182.906102317827
 -40709.15126943272 13941.48880355384 -3721.317191973113 11353.06335962163 22698.49643183134
 -8050.497224522569 7754.819000622869 -9745.174986403241 7885.809393492465 2182.906102317827
 -8050.497224522569 7754.819000622869 -9745.174986403241 7885.809393492465 2182.906102317827
 -35339.31439084755 8861.795520959811 -109.4880056270704 23737.70871791274 4138.43686892263
 -8012.64419762343 7840.862845858956 1649.953745259845 2477.630504796391 -4018.293338203648
 -8050.497224522569 7754.819000622869 -9745.174986403241 7885.809393492465 2182.906102317827
 3158.267581818454 -5915.122179399688 949.6329293597992 6553.457934536709 -4587.393137557279
 -8050.497224522569 7754.819000622869 -9745.174986403241 7885.809393492465 2182.906102317827
 7842.917204243076 27355.90627727134 -27131.72239905144 18117.9019057085 -21087.61674108816
 -2930.606333732147 6387.048979466759 -24238.35161485589 -9307.078062634057 -231.0682165187809
 -8050.497224522569 7754.819000622869 -9745.174986403241 7885.809393492465 2182.906102317827
 -8050.497224522569 7754.819000622869 -9745.174986403241 7885.809393492465 2182.906102317827
 -5372.596514610982 6774.71465134497 611.7228819540924 -1549.573128390128 -490.8218082489184
 -8050.497224522569 7754.819000622869 -9745.174986403241 7885.809393492465 2182.906102317827
