# Created by Octave 4.2.1, Mon Oct 09 17:31:38 2017 BRT <root@mosqueiro>
# name: pop
# type: matrix
# rows: 1000
# columns: 5
 722.7133953027824 6969.165252151201 9954.398583051432 9944.543691129591 7606.308047699022
 -4375.90976255391 -7253.323358531286 957.3868510884731 -3088.129931396143 8393.73482871435
 9920.884858540627 7726.67018240413 -1592.117195387998 4802.364475507469 6018.264798200829
 -8482.963289373933 -7447.725252318744 -4312.348800510472 -2101.577584592288 2580.381703502193
 -3377.269351437907 2914.943633520683 -5809.171172997999 3633.309714746758 5120.209080794386
 -1742.021569607266 -712.4010931134344 6668.167523637308 -1136.661158105728 9275.928455307159
 -945.8815303835909 7001.648679589027 -9402.241615391249 4791.109640989058 -7452.340269251755
 933.632147093238 7547.497631374885 -2682.245462914866 5678.183959534175 8797.074607358565
 -6592.399935256723 -1317.4692318463 -5351.065934043998 -6748.713010955355 22.94973021040641
 -4404.183860380803 836.8051731938413 6024.564548332177 -5545.237864415796 -9806.794638637886
 -4342.457464103561 6368.870267980608 -603.8740640238611 1292.846644296642 -1952.539373908829
 6173.501018515935 -7842.718712191465 9776.415832899835 1052.187878014702 6882.813695953686
 -8441.135658372446 5144.397261979058 -9476.661943852803 2636.237863103768 7339.244111873297
 -3418.401585301548 8856.912638109359 7522.864822832224 7578.509210797991 -8385.954033070215
 -5594.493074713146 -6361.393721216005 -5608.142443226569 -1983.356788612102 -928.4376580492008
 -6602.905110697134 -250.2585767537003 1036.797054455124 3998.554460326966 4364.65199325962
 -2783.080109417021 -721.7950968887762 -2102.510775392539 3606.438556413374 9825.516373872648
 5956.008592893246 9222.906549900108 3209.447876897466 667.9195041540879 1226.039606220711
 867.1959438419253 5018.401817201369 5354.382817265317 -6783.650191672605 -1232.419664266394
 6340.162964314512 4239.458543007375 -1993.773523593737 3227.950439635724 -8302.321752575313
 -1479.965397517602 8162.879224767395 247.26316889189 -4691.120258399409 -1544.329400736657
 -5904.388139051441 -361.8576869906774 7473.532715824469 -8817.387598136434 4828.357751891683
 5222.375830603632 -486.7239308931148 5224.222815215711 4951.186692760824 -5730.465272758463
 9313.201333273206 -1198.432888906966 6339.889911829317 5722.993580988043 693.4638234682607
 5751.474782355095 1887.432649198106 -3956.442769423701 -1463.312679759307 4353.048571905616
 7296.020070216411 -8229.119568133427 -5471.013499558238 272.0323096010488 7415.727304996377
 -8447.463430925016 -4483.999883200463 9682.785578581421 5420.036686532505 -578.6136376462855
 3126.452937869213 2973.735322945908 -1610.679466595551 -3951.736762187072 -1632.789214200282
 -7247.0449305082 -3691.942886642862 3116.838636631677 -8707.916206075954 8315.540140529418
 -6936.824269228034 -155.4195703667774 8367.970261604522 904.6729822770958 -6564.960025976719
 -3116.501327341233 4489.533056832646 4589.413853363943 -1177.420087787699 -7055.314963725941
 2538.877898299075 -7340.140283252549 5935.842289365641 4689.425368600627 -9740.88281469407
 -8009.959102953351 5261.13393371104 -1353.834664647746 518.3478864732806 5740.185956666517
 -8391.169866108121 -6761.174220904226 2476.771265809663 -3850.168174743144 38.19887143414053
 234.6117218594354 -9588.88500385234 8548.547255598292 -6392.455391668751 1841.774550973316
 -8968.719983618827 6970.148778097293 3499.881393030437 6381.992996553221 -3616.979288740904
 4272.557651863466 7089.372321443101 -5822.835273150235 -5578.33801937058 -435.9024601638466
 -7324.510502060998 -5347.525532213947 -5628.86833896327 -8689.466562283962 2104.646274038636
 2911.95789263286 -9714.361931936997 -826.6782669200038 5876.088254238326 8249.48427071677
 6495.652219504464 -6119.573769397473 6023.406930642563 -6708.253433061747 5807.433078172367
 1614.957614203671 414.427828119271 -9342.656752315701 4153.234220431381 -1641.993359906679
 9065.995467253077 -2612.023839381693 4164.84125612266 -4876.397015158382 -8290.334193930674
 -9400.698304515865 4770.85066995208 -2544.312157140414 -2335.101368082692 9240.589952547049
 7075.637384871421 -793.1635291382663 -1431.67508949572 7080.911272420519 3679.440375073815
 866.491729257461 -9094.488862663111 7749.243883730618 633.3537853011985 -1487.129513251362
 5541.530609330495 3502.437796504591 5660.207703893804 -2663.507014147885 -7903.287219200818
 -5285.852636797633 -4918.246234958547 1129.455357284425 4936.372715470145 5005.479150816111
 -2226.021172311604 -3607.774840337613 -2592.005957561946 1524.340697301894 -419.7404633899278
 3860.67441160887 1076.749520327898 -1253.052206632603 6440.676380077955 4774.425389915696
 2416.656671981716 8588.809954548044 3898.279541670861 7435.645918373793 3857.527925687566
 -6493.0586205167 -854.9811545950142 7892.454867584009 5036.324958036485 3164.107369699334
 361.9569121907462 -9552.744725306438 -3378.029755885939 -8699.325316928785 -4882.837933182783
 7026.541268288012 9368.012896203327 2504.537533084082 -7127.726190159261 9219.065866433521
 7031.644603696262 -3879.456094354194 -4377.672760524873 -1922.299496483967 -5868.434682168503
 7253.607648303623 -3728.850879926456 5794.132200900081 -127.6757181130997 -7705.902016788892
 9599.384532511485 -1464.153402635766 6442.032101922498 2307.60818020493 7354.076410219073
 6821.960868090064 261.4603460801973 -5981.988800790496 9583.208547901733 4135.170866823264
 -9068.240645970305 -7262.358698357615 1390.237447104224 -5335.750118048795 2874.641892461163
 -9891.124504600106 3424.107493473206 -7077.182771407021 -1872.242218401342 4023.315490194786
 -1003.048237021896 -6624.993057230316 4408.810118903222 3924.121253849029 -9061.737730215138
 -7022.70655064048 -7568.473004503506 -3237.427663682032 -3921.151521457022 9066.308970960043
 -4485.180139595572 8181.127757126993 1106.961932870347 -8984.754333309531 8000.791100742226
 2332.958026603214 -6950.314626755031 -4618.834353393938 534.2967708064662 7704.127744182959
 505.7972478963839 1033.112531831386 5479.743524716725 5669.896078377413 7901.714011384051
 -4369.365322302257 3971.329214439858 8832.885525211845 3325.055197390335 8964.166232543637
 -9066.98131524259 4301.750574316107 -7734.422178042605 8582.031479567624 9261.357621497067
 301.0445077219792 3887.410168138469 3881.082479022225 7077.597500115982 -4952.304029873732
 3569.903189565617 -2798.498330584966 7130.054733625075 -1838.999449554834 -2569.434461606526
 -2452.423315824578 -6898.430825222749 -9886.346794209703 -9199.974059578733 193.8818662487392
 -1556.448813208119 -6485.613099593833 -310.3562750852943 6405.064704350923 5989.006809997412
 8166.608364811833 6803.999135254333 7638.508290605787 -6483.618319119654 -2742.970744940823
 2837.298303689151 5798.648739427688 -7223.480243341161 8675.082105291585 9476.008425985681
 561.16831326174 -447.6806418723827 3778.596800589257 -637.6862099893533 -5898.845459010632
 -7379.034953364519 8867.184019183886 -8426.898192901968 -5708.207236148687 -5996.006818028931
 -21.37739644493013 8052.698562409161 454.6248089318524 -104.3216349340692 -1279.312062856996
 6742.96963992195 -5742.582580087935 -1530.488495703652 6909.682027168205 6854.231825519913
 -8112.620836160486 -1083.313868758058 -5025.324298450648 944.4201838335484 -8919.309295399973
 9055.947653099814 -2037.00899202501 9759.996714219447 -8086.813864062203 -6022.947475043411
 499.0632546779852 -565.0058404580686 -6818.464110500061 9770.487797220005 6533.129337113049
 -513.7547265680951 3973.261593267749 292.9834847135735 4534.466959136047 -7407.823604076126
 -23.28868473175316 6363.560274593065 6253.00715749247 5831.545937741526 7846.37255808089
 9476.696724810758 2879.509630839757 1415.218060953363 -9984.653076216267 128.2220996948126
 3950.319284312083 -1305.057601974937 6080.111864325845 -951.9332384423669 8428.182211426527
 -2952.422006720622 -659.9522562330912 -7598.550326383183 137.3536463671535 -5986.925159389432
