# Created by Octave 4.2.1, Mon Oct 09 17:41:04 2017 BRT <root@mosqueiro>
# name: pop
# type: matrix
# rows: 1000
# columns: 5
 1894.63078678875 -7735.96570788648 -5816.43511540208 9336.979793136456 2319.586368688131
 1894.63078678875 -7735.96570788648 -5816.43511540208 9336.979793136456 2319.586368688131
 1894.63078678875 -7735.96570788648 -5816.43511540208 9336.979793136456 2319.586368688131
 1894.63078678875 -7735.96570788648 -5816.43511540208 9336.979793136456 2319.586368688131
 1894.63078678875 -7735.96570788648 -5816.43511540208 9336.979793136456 2319.586368688131
 1882.500150416381 -7744.702908769411 -5803.336519212982 9346.46465320991 2322.618783852145
 3461.089175752653 -6601.037248735663 -6193.281610714613 7828.538542420237 1518.370617888379
 3422.413130137507 -6532.688027689046 -6265.825171489349 7862.259451792208 1514.069213589526
 3399.546100098971 -6560.616245653812 -6212.857034115816 7876.341922951303 1496.474385920623
 1882.500150416381 -7744.702908769411 -5803.336519212982 9346.46465320991 2322.618783852145
 1862.794098406859 -7733.038927230818 -5792.23748146297 9371.945454254783 2326.988229422443
 3190.624004816873 -6294.302059741983 -6035.992393288868 7663.201315665389 1518.006899576301
 3399.546100098971 -6560.616245653812 -6212.857034115816 7876.341922951303 1496.474385920623
 1389.097614218897 -8639.55177742452 -6443.855773281908 10265.72369784989 3454.552045647862
 1960.781893651836 -7785.910988807535 -5784.654195448752 9326.926347338196 2282.381741509363
 1882.500150416381 -7744.702908769411 -5803.336519212982 9346.46465320991 2322.618783852145
 1899.403342883599 -7757.361752643344 -5739.556537440734 9332.968427805718 2265.818204481587
 3378.697145856954 -6564.097270642056 -6297.645775753233 7809.396773044109 1483.763691671355
 1882.184946091733 -7777.707810936215 -5782.741869471483 9357.755553194842 2320.835054698022
 3418.315386416953 -6555.283922935097 -6212.34730491962 7854.182825691359 1500.668982593223
 3467.17408386115 -6526.791397136908 -6170.331015817408 7740.141708693415 1491.844819292112
 3498.558803216969 -6625.78227448388 -6233.155550186166 7834.759448109327 1491.438898972169
 3446.332040337797 -6607.417067309537 -6255.508464076142 7828.328849017737 1475.448764711924
 1852.035559367989 -7736.298393978136 -5784.812847828671 9387.38635843683 2303.922450196178
 1397.042969737022 -8636.897376404133 -6449.586030360113 10255.32251944633 3443.312468488428
 1882.500150416381 -7744.702908769411 -5803.336519212982 9346.46465320991 2322.618783852145
 1882.500150416381 -7744.702908769411 -5803.336519212982 9346.46465320991 2322.618783852145
 1882.500150416381 -7744.702908769411 -5803.336519212982 9346.46465320991 2322.618783852145
 3399.546100098971 -6560.616245653812 -6212.857034115816 7876.341922951303 1496.474385920623
 3399.546100098971 -6560.616245653812 -6212.857034115816 7876.341922951303 1496.474385920623
 3417.258457695031 -6533.636386639893 -6201.848681984072 7869.049252584419 1477.848840511584
 3399.546100098971 -6560.616245653812 -6212.857034115816 7876.341922951303 1496.474385920623
 1882.500150416381 -7744.702908769411 -5803.336519212982 9346.46465320991 2322.618783852145
 3418.315386416953 -6555.283922935097 -6212.34730491962 7854.182825691359 1500.668982593223
 3374.818666983977 -6537.235484691996 -6228.257975111647 7821.643767963021 1569.702417393989
 1882.500150416381 -7744.702908769411 -5803.336519212982 9346.46465320991 2322.618783852145
 1882.500150416381 -7744.702908769411 -5803.336519212982 9346.46465320991 2322.618783852145
 1882.500150416381 -7744.702908769411 -5803.336519212982 9346.46465320991 2322.618783852145
 3487.369052759331 -6512.680779147435 -6260.753366339745 7937.745846110583 1496.558242635692
 1882.500150416381 -7744.702908769411 -5803.336519212982 9346.46465320991 2322.618783852145
 3269.452110756531 -6218.371529412609 -6061.993430384006 7647.757357941966 1531.880212119334
 3871.446494584568 -9101.819307659849 -7011.57415813998 8390.015640009997 3921.668942664547
 3204.485643281873 -6316.601808364054 -6068.739596027346 7674.543446885487 1512.302426132386
 3110.958880167959 -6311.142117398387 -6047.204320680701 7647.707840126264 1589.650427390574
 1894.63078678875 -7735.96570788648 -5816.43511540208 9336.979793136456 2319.586368688131
 3155.126302456354 -6384.180986113597 -5906.539280342144 7627.657250935082 1530.294711572788
 3045.896856430886 -6895.935585144891 -6588.894579292663 6849.753137460574 3651.92933494545
 3204.485643281873 -6316.601808364054 -6068.739596027346 7674.543446885487 1512.302426132386
 1882.500150416381 -7744.702908769411 -5803.336519212982 9346.46465320991 2322.618783852145
 3418.315386416953 -6555.283922935097 -6212.34730491962 7854.182825691359 1500.668982593223
 1894.63078678875 -7735.96570788648 -5816.43511540208 9336.979793136456 2319.586368688131
 3172.209896142094 -6320.504765662766 -6142.305696696933 7702.108935916513 1493.721376801192
 3467.17408386115 -6526.791397136908 -6170.331015817408 7740.141708693415 1491.844819292112
 3204.485643281873 -6316.601808364054 -6068.739596027346 7674.543446885487 1512.302426132386
 3374.818666983977 -6537.235484691996 -6228.257975111647 7821.643767963021 1569.702417393989
 1882.500150416381 -7744.702908769411 -5803.336519212982 9346.46465320991 2322.618783852145
 3418.315386416953 -6555.283922935097 -6212.34730491962 7854.182825691359 1500.668982593223
 1882.500150416381 -7744.702908769411 -5803.336519212982 9346.46465320991 2322.618783852145
 3418.315386416953 -6555.283922935097 -6212.34730491962 7854.182825691359 1500.668982593223
 3370.678283132635 -6541.095746070429 -6243.930926136393 7829.538087927975 1583.754398930627
 3418.315386416953 -6555.283922935097 -6212.34730491962 7854.182825691359 1500.668982593223
 3399.546100098971 -6560.616245653812 -6212.857034115816 7876.341922951303 1496.474385920623
 3399.546100098971 -6560.616245653812 -6212.857034115816 7876.341922951303 1496.474385920623
 3418.315386416953 -6555.283922935097 -6212.34730491962 7854.182825691359 1500.668982593223
 1901.420612291647 -7724.187112543588 -5775.072702649398 9355.474185172941 2305.405856701496
 3467.17408386115 -6526.791397136908 -6170.331015817408 7740.141708693415 1491.844819292112
 1894.63078678875 -7735.96570788648 -5816.43511540208 9336.979793136456 2319.586368688131
 3467.17408386115 -6526.791397136908 -6170.331015817408 7740.141708693415 1491.844819292112
 1882.500150416381 -7744.702908769411 -5803.336519212982 9346.46465320991 2322.618783852145
 3399.546100098971 -6560.616245653812 -6212.857034115816 7876.341922951303 1496.474385920623
 3399.546100098971 -6560.616245653812 -6212.857034115816 7876.341922951303 1496.474385920623
 1868.265207530491 -7735.459874653202 -5787.350382507059 9350.633361383763 2305.663921195674
 3418.315386416953 -6555.283922935097 -6212.34730491962 7854.182825691359 1500.668982593223
 3418.315386416953 -6555.283922935097 -6212.34730491962 7854.182825691359 1500.668982593223
 3399.546100098971 -6560.616245653812 -6212.857034115816 7876.341922951303 1496.474385920623
 3467.17408386115 -6526.791397136908 -6170.331015817408 7740.141708693415 1491.844819292112
 3267.977511735242 -6385.140787930177 -6146.236484717033 7635.577873604234 1404.915420852116
 3204.485643281873 -6316.601808364054 -6068.739596027346 7674.543446885487 1512.302426132386
 3399.546100098971 -6560.616245653812 -6212.857034115816 7876.341922951303 1496.474385920623
 3204.485643281873 -6316.601808364054 -6068.739596027346 7674.543446885487 1512.302426132386
 1882.500150416381 -7744.702908769411 -5803.336519212982 9346.46465320991 2322.618783852145
 1882.500150416381 -7744.702908769411 -5803.336519212982 9346.46465320991 2322.618783852145
 1859.782045228384 -7772.61715949517 -5819.718708821583 9361.672152519997 2327.104062248327
 3398.911455622037 -6514.110077817429 -5778.999621666409 7440.523233105183 1297.87294156259
 1882.500150416381 -7744.702908769411 -5803.336519212982 9346.46465320991 2322.618783852145
