# Created by Octave 4.2.1, Mon Oct 09 17:57:09 2017 BRT <root@mosqueiro>
# name: pop
# type: matrix
# rows: 1000
# columns: 5
 -16552.56620391195 36052.68058538763 968.7235154431094 -12215.93838861186 -8253.72967305826
 -16581.81091866519 35871.62577715135 1095.106834981222 -11948.81885045915 -8436.797965222238
 -16581.81091866519 35871.62577715135 1095.106834981222 -11948.81885045915 -8436.797965222238
 -16581.81091866519 35871.62577715135 1095.106834981222 -11948.81885045915 -8436.797965222238
 -16581.81091866519 35871.62577715135 1095.106834981222 -11948.81885045915 -8436.797965222238
 -16420.3717589422 35790.34671547999 1249.365168011284 -11955.82975080733 -8661.862809505874
 -16468.96799503857 36014.53964002134 825.3022345826087 -12162.03273568001 -8255.056490948895
 -16514.35909952704 36080.79851957718 891.9352554084327 -12190.15665836497 -8264.094263989922
 -16364.12438330428 35806.16999510716 1238.811792479334 -11917.33008921964 -8659.692720878284
 -16444.86148165531 36043.72011959378 846.7670518545657 -12238.52622760666 -8204.033768400177
 -16514.35909952704 36080.79851957718 891.9352554084327 -12190.15665836497 -8264.094263989922
 -16539.1205478271 35855.54960792076 1129.530066782612 -11926.45330430938 -8515.340581257255
 -16420.3717589422 35790.34671547999 1249.365168011284 -11955.82975080733 -8661.862809505874
 -16552.56620391195 36052.68058538763 968.7235154431094 -12215.93838861186 -8253.72967305826
 -16602.03179043415 36265.56584228117 940.6899619720507 -12213.68794374962 -8207.958319738802
 -16420.3717589422 35790.34671547999 1249.365168011284 -11955.82975080733 -8661.862809505874
 -16420.3717589422 35790.34671547999 1249.365168011284 -11955.82975080733 -8661.862809505874
 -16514.35909952704 36080.79851957718 891.9352554084327 -12190.15665836497 -8264.094263989922
 -16514.35909952704 36080.79851957718 891.9352554084327 -12190.15665836497 -8264.094263989922
 -16420.3717589422 35790.34671547999 1249.365168011284 -11955.82975080733 -8661.862809505874
 -16414.9531095188 35557.77069809616 841.7858530910684 -11703.52424960501 -8484.115091506043
 -16420.3717589422 35790.34671547999 1249.365168011284 -11955.82975080733 -8661.862809505874
 -16514.35909952704 36080.79851957718 891.9352554084327 -12190.15665836497 -8264.094263989922
 -16508.53371838006 36031.43079282866 901.2635621095081 -12189.66045215985 -8290.206260643186
 -16420.3717589422 35790.34671547999 1249.365168011284 -11955.82975080733 -8661.862809505874
 -16514.35909952704 36080.79851957718 891.9352554084327 -12190.15665836497 -8264.094263989922
 -16514.35909952704 36080.79851957718 891.9352554084327 -12190.15665836497 -8264.094263989922
 -16555.38198818496 35914.05059922532 1195.784080686404 -11868.41750418153 -8549.855415778673
 -16514.35909952704 36080.79851957718 891.9352554084327 -12190.15665836497 -8264.094263989922
 -16416.47118345978 35757.1660763128 1238.225137113541 -11934.77834478556 -8643.904354795621
 -16514.35909952704 36080.79851957718 891.9352554084327 -12190.15665836497 -8264.094263989922
 -16396.36562625229 36212.75881262162 747.2352936413167 -12320.28544627021 -8240.354090878864
 -16451.27880079356 35666.00039396979 1430.441844458772 -12425.79376192488 -8656.586420335152
 -16499.50768163804 35846.34931353761 1167.544961437605 -11934.29721975432 -8532.624311241638
 -16514.35909952704 36080.79851957718 891.9352554084327 -12190.15665836497 -8264.094263989922
 -16494.33729371853 36060.72581024795 905.3365397014314 -12185.95813616517 -8279.072021159915
 -16516.26410805931 36082.71010249887 866.4707771408688 -12239.25521301081 -8259.096344784868
 -16490.41627347739 36080.87226166818 879.85875843981 -12174.72208978646 -8303.230418843094
 -15220.86940668186 36768.96543129221 2086.883804227246 -11200.97525019308 -7995.954508890484
 -16514.35909952704 36080.79851957718 891.9352554084327 -12190.15665836497 -8264.094263989922
 -16514.35909952704 36080.79851957718 891.9352554084327 -12190.15665836497 -8264.094263989922
 -16396.36562625229 36212.75881262162 747.2352936413167 -12320.28544627021 -8240.354090878864
 -16581.81091866519 35871.62577715135 1095.106834981222 -11948.81885045915 -8436.797965222238
 -16443.56240916362 35708.65486876425 1167.240583295093 -11974.32473990865 -8473.14250463423
 -16581.81091866519 35871.62577715135 1095.106834981222 -11948.81885045915 -8436.797965222238
 -16581.81091866519 35871.62577715135 1095.106834981222 -11948.81885045915 -8436.797965222238
 -16440.081249159 35773.45265472554 1157.060026888201 -11983.69157317701 -8638.42255624246
 -16420.3717589422 35790.34671547999 1249.365168011284 -11955.82975080733 -8661.862809505874
 -16420.3717589422 35790.34671547999 1249.365168011284 -11955.82975080733 -8661.862809505874
 -16581.81091866519 35871.62577715135 1095.106834981222 -11948.81885045915 -8436.797965222238
 -16420.3717589422 35790.34671547999 1249.365168011284 -11955.82975080733 -8661.862809505874
 -16514.35909952704 36080.79851957718 891.9352554084327 -12190.15665836497 -8264.094263989922
 -16514.35909952704 36080.79851957718 891.9352554084327 -12190.15665836497 -8264.094263989922
 -16521.79105869823 36181.38052824829 795.0754356261211 -12210.7888471209 -8260.312538017273
 -16470.25394541437 36051.50719140954 959.4496178040171 -12141.40835502264 -8223.253323820451
 -16581.81091866519 35871.62577715135 1095.106834981222 -11948.81885045915 -8436.797965222238
 -16514.35909952704 36080.79851957718 891.9352554084327 -12190.15665836497 -8264.094263989922
 -16514.35909952704 36080.79851957718 891.9352554084327 -12190.15665836497 -8264.094263989922
 -16551.00311781405 35882.95035025128 1087.367740601298 -11923.87827921462 -8460.025207394907
 -16539.1205478271 35855.54960792076 1129.530066782612 -11926.45330430938 -8515.340581257255
 -16505.59602631367 35813.45506536939 1138.084246411671 -11934.76338947153 -8496.094730855328
 -16581.81091866519 35871.62577715135 1095.106834981222 -11948.81885045915 -8436.797965222238
 -16499.32459674473 36044.66206862647 880.2030917212745 -12209.70659527573 -8243.715148424493
 -16331.32552927322 35986.99658818464 828.9613023619145 -12117.28035737995 -8405.7182815751
 -16545.4337674147 36089.04748183396 902.3624467800014 -12203.21060019141 -8244.845169149527
 -16539.1205478271 35855.54960792076 1129.530066782612 -11926.45330430938 -8515.340581257255
 -16539.1205478271 35855.54960792076 1129.530066782612 -11926.45330430938 -8515.340581257255
 -16581.81091866519 35871.62577715135 1095.106834981222 -11948.81885045915 -8436.797965222238
 -16420.3717589422 35790.34671547999 1249.365168011284 -11955.82975080733 -8661.862809505874
 -16257.3529523006 36114.1284258571 875.4120643823658 -12249.37277205178 -8110.110979722242
 -16479.91715887022 36108.31090110444 886.3077403863341 -12267.88991861493 -8247.323615961577
 -16420.3717589422 35790.34671547999 1249.365168011284 -11955.82975080733 -8661.862809505874
 -16420.3717589422 35790.34671547999 1249.365168011284 -11955.82975080733 -8661.862809505874
 -16420.3717589422 35790.34671547999 1249.365168011284 -11955.82975080733 -8661.862809505874
 -16420.3717589422 35790.34671547999 1249.365168011284 -11955.82975080733 -8661.862809505874
 -16420.3717589422 35790.34671547999 1249.365168011284 -11955.82975080733 -8661.862809505874
 -16457.85629032181 36119.78114264399 896.0924150280582 -12201.36729389631 -8294.729457688038
 -16539.1205478271 35855.54960792076 1129.530066782612 -11926.45330430938 -8515.340581257255
 -16514.35909952704 36080.79851957718 891.9352554084327 -12190.15665836497 -8264.094263989922
 -16420.3717589422 35790.34671547999 1249.365168011284 -11955.82975080733 -8661.862809505874
 -16532.59121536712 35905.14826937495 1119.905715655735 -12053.77880020674 -8436.611904046011
 -16516.6179479277 36054.11315343077 868.1075062719104 -12197.70644237814 -8239.611912677978
 -16514.35909952704 36080.79851957718 891.9352554084327 -12190.15665836497 -8264.094263989922
 -16546.72041698197 36040.82614794168 928.8988142813608 -12150.29051339676 -8273.217419863291
