# Created by Octave 4.2.1, Mon Oct 09 18:11:22 2017 BRT <root@mosqueiro>
# name: pop
# type: matrix
# rows: 1000
# columns: 5
 34756.40330092981 7995.586430664207 -27046.68759611512 686.8750187560518 -16389.80441378051
 34756.40330092981 7995.586430664207 -27046.68759611512 686.8750187560518 -16389.80441378051
 34756.40330092981 7995.586430664207 -27046.68759611512 686.8750187560518 -16389.80441378051
 34756.40330092981 7995.586430664207 -27046.68759611512 686.8750187560518 -16389.80441378051
 34756.40330092981 7995.586430664207 -27046.68759611512 686.8750187560518 -16389.80441378051
 34756.40330092981 7995.586430664207 -27046.68759611512 686.8750187560518 -16389.80441378051
 34756.40330092981 7995.586430664207 -27046.68759611512 686.8750187560518 -16389.80441378051
 34756.40330092981 7995.586430664207 -27046.68759611512 686.8750187560518 -16389.80441378051
 34756.40330092981 7995.586430664207 -27046.68759611512 686.8750187560518 -16389.80441378051
 34756.40330092981 7995.586430664207 -27046.68759611512 686.8750187560518 -16389.80441378051
 34756.40330092981 7995.586430664207 -27046.68759611512 686.8750187560518 -16389.80441378051
 34756.40330092981 7995.586430664207 -27046.68759611512 686.8750187560518 -16389.80441378051
 34756.40330092981 7995.586430664207 -27046.68759611512 686.8750187560518 -16389.80441378051
 34756.40330092981 7995.586430664207 -27046.68759611512 686.8750187560518 -16389.80441378051
 36335.88410861664 9304.708568464708 -28115.83188249814 -1496.139832635962 -15796.2895686424
 3355.978088638299 7059.667377479122 705.2912823834175 -12511.45171741006 -723.4872863909804
 35936.17901685308 8491.986637378272 -27033.31485806843 3120.518199058615 -15742.95394247259
 34756.40330092981 7995.586430664207 -27046.68759611512 686.8750187560518 -16389.80441378051
 34403.02517557752 9260.319300433408 -28447.19147740678 2418.929578238922 -16465.99367855327
 34756.40330092981 7995.586430664207 -27046.68759611512 686.8750187560518 -16389.80441378051
 34756.40330092981 7995.586430664207 -27046.68759611512 686.8750187560518 -16389.80441378051
 34756.40330092981 7995.586430664207 -27046.68759611512 686.8750187560518 -16389.80441378051
 34756.40330092981 7995.586430664207 -27046.68759611512 686.8750187560518 -16389.80441378051
 34756.40330092981 7995.586430664207 -27046.68759611512 686.8750187560518 -16389.80441378051
 34756.40330092981 7995.586430664207 -27046.68759611512 686.8750187560518 -16389.80441378051
 34756.40330092981 7995.586430664207 -27046.68759611512 686.8750187560518 -16389.80441378051
 34756.40330092981 7995.586430664207 -27046.68759611512 686.8750187560518 -16389.80441378051
 34756.40330092981 7995.586430664207 -27046.68759611512 686.8750187560518 -16389.80441378051
 34756.40330092981 7995.586430664207 -27046.68759611512 686.8750187560518 -16389.80441378051
 34756.40330092981 7995.586430664207 -27046.68759611512 686.8750187560518 -16389.80441378051
 34756.40330092981 7995.586430664207 -27046.68759611512 686.8750187560518 -16389.80441378051
 34756.40330092981 7995.586430664207 -27046.68759611512 686.8750187560518 -16389.80441378051
 37019.18412175944 9416.399157512255 -27420.51870455223 48.90188106500383 -16971.60421536692
 34756.40330092981 7995.586430664207 -27046.68759611512 686.8750187560518 -16389.80441378051
 36991.88756526943 8938.238189673715 -25999.08942191823 321.7214528122324 -15706.97798582942
 34756.40330092981 7995.586430664207 -27046.68759611512 686.8750187560518 -16389.80441378051
 34756.40330092981 7995.586430664207 -27046.68759611512 686.8750187560518 -16389.80441378051
 34756.40330092981 7995.586430664207 -27046.68759611512 686.8750187560518 -16389.80441378051
 34756.40330092981 7995.586430664207 -27046.68759611512 686.8750187560518 -16389.80441378051
 34793.79511411961 7266.151496005176 -28360.2638983559 1486.716288723436 -16663.49844430252
 34764.76122096807 8464.722145486621 -26202.81924084786 1322.126861199295 -17502.72139651661
 34093.31828810313 8449.526207502049 -27147.33980692595 490.8357256686996 -17363.75998972538
 34756.40330092981 7995.586430664207 -27046.68759611512 686.8750187560518 -16389.80441378051
 34756.40330092981 7995.586430664207 -27046.68759611512 686.8750187560518 -16389.80441378051
 34737.85864628463 8206.238128745974 -26089.19155637678 0.9978997940540921 -14788.08354466237
 35754.4302678142 8157.930174964171 -28194.39872522343 834.9271784035262 -15727.32990089402
 34369.40853231459 7829.332444862664 -26867.71076448021 852.9513922769011 -14979.29731443773
 35009.35520764618 8382.618541046542 -27031.96820587514 1144.020162436856 -15785.91675145366
 34756.40330092981 7995.586430664207 -27046.68759611512 686.8750187560518 -16389.80441378051
 34756.40330092981 7995.586430664207 -27046.68759611512 686.8750187560518 -16389.80441378051
 35254.37532612853 9109.963479550261 -27625.30222372984 783.9574451967165 -17055.09669873508
 34756.40330092981 7995.586430664207 -27046.68759611512 686.8750187560518 -16389.80441378051
 34756.40330092981 7995.586430664207 -27046.68759611512 686.8750187560518 -16389.80441378051
 34756.40330092981 7995.586430664207 -27046.68759611512 686.8750187560518 -16389.80441378051
 34756.40330092981 7995.586430664207 -27046.68759611512 686.8750187560518 -16389.80441378051
 8123.400507989601 3727.060677770249 681.3911912756103 -9398.71000660814 -3087.135526407579
 34756.40330092981 7995.586430664207 -27046.68759611512 686.8750187560518 -16389.80441378051
 37367.94360006994 7190.793252813733 -27466.98731122729 130.8865624855881 -17802.45384885041
 34756.40330092981 7995.586430664207 -27046.68759611512 686.8750187560518 -16389.80441378051
 34756.40330092981 7995.586430664207 -27046.68759611512 686.8750187560518 -16389.80441378051
 36046.39768448141 9102.108802541878 -27582.07002567041 578.3065238781307 -17536.64915313001
 34756.40330092981 7995.586430664207 -27046.68759611512 686.8750187560518 -16389.80441378051
 34756.40330092981 7995.586430664207 -27046.68759611512 686.8750187560518 -16389.80441378051
 21471.03488852541 8703.215292583287 312.4938127478679 6048.46809490009 16.97688946444987
 34756.40330092981 7995.586430664207 -27046.68759611512 686.8750187560518 -16389.80441378051
 34756.40330092981 7995.586430664207 -27046.68759611512 686.8750187560518 -16389.80441378051
 34756.40330092981 7995.586430664207 -27046.68759611512 686.8750187560518 -16389.80441378051
 36069.30478612053 6503.06619129098 -26097.4576761915 1367.88532670237 -15920.17603532071
 35078.67592173134 7965.668089594467 -26501.14568158864 1156.927439290441 -16574.21948888568
 34756.40330092981 7995.586430664207 -27046.68759611512 686.8750187560518 -16389.80441378051
 6630.742584460903 2987.707130254592 4137.430731732436 -9291.705460265928 -2575.870203476916
 34756.40330092981 7995.586430664207 -27046.68759611512 686.8750187560518 -16389.80441378051
 34756.40330092981 7995.586430664207 -27046.68759611512 686.8750187560518 -16389.80441378051
 34756.40330092981 7995.586430664207 -27046.68759611512 686.8750187560518 -16389.80441378051
 34756.40330092981 7995.586430664207 -27046.68759611512 686.8750187560518 -16389.80441378051
 34756.40330092981 7995.586430664207 -27046.68759611512 686.8750187560518 -16389.80441378051
 38337.08892235203 7718.199823197263 -27833.79424772742 1259.691079336018 -12244.65086189457
 35137.82416092681 7715.462931453406 -26747.88505741851 1136.555092936919 -16803.7168971203
 34756.40330092981 7995.586430664207 -27046.68759611512 686.8750187560518 -16389.80441378051
 33803.48225385781 9769.282621433693 -25093.03675733522 1994.7774028015 -17134.64050056038
 39258.21068298642 11299.73864620706 -24465.59026343084 2400.033532637446 -16794.034937858
 34756.40330092981 7995.586430664207 -27046.68759611512 686.8750187560518 -16389.80441378051
 34756.40330092981 7995.586430664207 -27046.68759611512 686.8750187560518 -16389.80441378051
 34756.40330092981 7995.586430664207 -27046.68759611512 686.8750187560518 -16389.80441378051
