# Created by Octave 4.2.1, Mon Oct 09 18:45:50 2017 BRT <root@mosqueiro>
# name: pop
# type: matrix
# rows: 1000
# columns: 5
 9076.38850936006 -7538.068005398149 1010.506486489939 -5819.122642229347 3270.641809113035
 9076.38850936006 -7538.068005398149 1010.506486489939 -5819.122642229347 3270.641809113035
 9076.38850936006 -7538.068005398149 1010.506486489939 -5819.122642229347 3270.641809113035
 9076.38850936006 -7538.068005398149 1010.506486489939 -5819.122642229347 3270.641809113035
 9076.38850936006 -7538.068005398149 1010.506486489939 -5819.122642229347 3270.641809113035
 8878.490280653166 -7481.251636722786 901.8523351525404 -5700.708049618951 3403.428086171573
 9076.38850936006 -7538.068005398149 1010.506486489939 -5819.122642229347 3270.641809113035
 9055.119946383466 -7334.439019623123 492.914263052637 -5437.104485685699 3429.774390466967
 8878.490280653166 -7481.251636722786 901.8523351525404 -5700.708049618951 3403.428086171573
 8878.490280653166 -7481.251636722786 901.8523351525404 -5700.708049618951 3403.428086171573
 8878.490280653166 -7481.251636722786 901.8523351525404 -5700.708049618951 3403.428086171573
 8878.490280653166 -7481.251636722786 901.8523351525404 -5700.708049618951 3403.428086171573
 9268.916760653634 -6924.977870599971 -360.445002046426 -6044.919021876271 4357.092078963734
 8878.490280653166 -7481.251636722786 901.8523351525404 -5700.708049618951 3403.428086171573
 9648.396474935462 -4172.148792218163 -1211.94739562842 -5808.663264912954 2056.356762951787
 10020.69659662015 -3534.953701622277 -1181.064380536687 -6337.435742375596 1037.612916455149
 8878.490280653166 -7481.251636722786 901.8523351525404 -5700.708049618951 3403.428086171573
 8878.490280653166 -7481.251636722786 901.8523351525404 -5700.708049618951 3403.428086171573
 9076.38850936006 -7538.068005398149 1010.506486489939 -5819.122642229347 3270.641809113035
 8728.395067238362 -7591.028709796923 1055.219205005425 -5678.413856573902 3474.445665505477
 9392.214291430106 -4006.648834771099 -1203.365785425505 -6291.786337998199 2187.930099571274
 9496.920714901898 -4229.597863880119 -1272.252990961073 -6028.321746125229 2045.091040147088
 8875.106057968585 -7422.961610482258 871.3116121774752 -5582.585945471215 3452.983530735224
 8878.490280653166 -7481.251636722786 901.8523351525404 -5700.708049618951 3403.428086171573
 8878.490280653166 -7481.251636722786 901.8523351525404 -5700.708049618951 3403.428086171573
 9466.596275754864 -4216.048615873442 -1321.375213738484 -6072.263233305788 2018.094049970002
 8858.978711135462 -7441.069913132103 928.1029786926416 -5656.984491164215 3337.938745290768
 9038.161742797551 -7898.573771228968 1150.865555485592 -5448.37831385851 3174.518999990009
 8878.490280653166 -7481.251636722786 901.8523351525404 -5700.708049618951 3403.428086171573
 8878.490280653166 -7481.251636722786 901.8523351525404 -5700.708049618951 3403.428086171573
 9076.38850936006 -7538.068005398149 1010.506486489939 -5819.122642229347 3270.641809113035
 10172.87428117208 -5602.713230558888 1550.518557104338 -3325.808813875663 1403.679366225525
 9495.49773549079 -4207.676861425491 -1395.331832604105 -5988.644668776405 2136.327078344842
 8878.490280653166 -7481.251636722786 901.8523351525404 -5700.708049618951 3403.428086171573
 8878.490280653166 -7481.251636722786 901.8523351525404 -5700.708049618951 3403.428086171573
 9243.389072415021 -7784.296776067317 944.3789112692384 -5420.246118657423 3151.900525413751
 8878.490280653166 -7481.251636722786 901.8523351525404 -5700.708049618951 3403.428086171573
 8878.490280653166 -7481.251636722786 901.8523351525404 -5700.708049618951 3403.428086171573
 9076.38850936006 -7538.068005398149 1010.506486489939 -5819.122642229347 3270.641809113035
 9496.920714901898 -4229.597863880119 -1272.252990961073 -6028.321746125229 2045.091040147088
 8878.490280653166 -7481.251636722786 901.8523351525404 -5700.708049618951 3403.428086171573
 10020.69659662015 -3534.953701622277 -1181.064380536687 -6337.435742375596 1037.612916455149
 8878.490280653166 -7481.251636722786 901.8523351525404 -5700.708049618951 3403.428086171573
 8878.490280653166 -7481.251636722786 901.8523351525404 -5700.708049618951 3403.428086171573
 9076.38850936006 -7538.068005398149 1010.506486489939 -5819.122642229347 3270.641809113035
 10020.69659662015 -3534.953701622277 -1181.064380536687 -6337.435742375596 1037.612916455149
 9937.33471503683 -3868.305028325148 -726.6981036343261 -6253.209437815817 2118.049195636663
 9188.819921700093 -4249.035910231361 -1621.48605298341 -5628.700757912411 2313.643948046971
 8858.978711135462 -7441.069913132103 928.1029786926416 -5656.984491164215 3337.938745290768
 8878.490280653166 -7481.251636722786 901.8523351525404 -5700.708049618951 3403.428086171573
 10020.69659662015 -3534.953701622277 -1181.064380536687 -6337.435742375596 1037.612916455149
 8878.490280653166 -7481.251636722786 901.8523351525404 -5700.708049618951 3403.428086171573
 8878.490280653166 -7481.251636722786 901.8523351525404 -5700.708049618951 3403.428086171573
 9825.272092399449 -3623.527555289041 -1121.710606858805 -6427.660404407749 926.3409566998953
 9976.406022224341 -3048.539482707277 -1417.058788678295 -6642.530567100845 1081.978072103736
 8878.490280653166 -7481.251636722786 901.8523351525404 -5700.708049618951 3403.428086171573
 8878.490280653166 -7481.251636722786 901.8523351525404 -5700.708049618951 3403.428086171573
 8878.490280653166 -7481.251636722786 901.8523351525404 -5700.708049618951 3403.428086171573
 10020.69659662015 -3534.953701622277 -1181.064380536687 -6337.435742375596 1037.612916455149
 8878.490280653166 -7481.251636722786 901.8523351525404 -5700.708049618951 3403.428086171573
 9095.376278212234 -4616.738280262133 -878.2491972383841 -5804.570998011687 2132.782516263323
 10020.69659662015 -3534.953701622277 -1181.064380536687 -6337.435742375596 1037.612916455149
 8878.490280653166 -7481.251636722786 901.8523351525404 -5700.708049618951 3403.428086171573
 10020.69659662015 -3534.953701622277 -1181.064380536687 -6337.435742375596 1037.612916455149
 9945.11348762833 -8669.35582152881 -53.4839032442972 -4879.023263139247 3800.915662976835
 8878.490280653166 -7481.251636722786 901.8523351525404 -5700.708049618951 3403.428086171573
 10343.37688660497 -3668.67199259732 -884.8537115252338 -6695.083042705141 902.878868649348
 10020.69659662015 -3534.953701622277 -1181.064380536687 -6337.435742375596 1037.612916455149
 10020.69659662015 -3534.953701622277 -1181.064380536687 -6337.435742375596 1037.612916455149
 9426.440789216724 -4159.278487197546 -1162.312967963403 -5931.319483662478 2070.769499773274
 8898.033178443045 -7406.773997865191 927.9902412828468 -5679.173864671237 3324.291320974636
 8357.71649092265 -9013.918560673234 660.1210860989838 -5785.256784234367 -418.0672942245679
 9496.920714901898 -4229.597863880119 -1272.252990961073 -6028.321746125229 2045.091040147088
 8878.490280653166 -7481.251636722786 901.8523351525404 -5700.708049618951 3403.428086171573
 8878.490280653166 -7481.251636722786 901.8523351525404 -5700.708049618951 3403.428086171573
 10020.69659662015 -3534.953701622277 -1181.064380536687 -6337.435742375596 1037.612916455149
 8878.490280653166 -7481.251636722786 901.8523351525404 -5700.708049618951 3403.428086171573
 8878.490280653166 -7481.251636722786 901.8523351525404 -5700.708049618951 3403.428086171573
 8854.25412834959 -7548.751892506252 896.691165895647 -5657.753628700009 3340.331478081121
 10020.69659662015 -3534.953701622277 -1181.064380536687 -6337.435742375596 1037.612916455149
 8878.490280653166 -7481.251636722786 901.8523351525404 -5700.708049618951 3403.428086171573
 10020.69659662015 -3534.953701622277 -1181.064380536687 -6337.435742375596 1037.612916455149
 8878.490280653166 -7481.251636722786 901.8523351525404 -5700.708049618951 3403.428086171573
 9496.920714901898 -4229.597863880119 -1272.252990961073 -6028.321746125229 2045.091040147088
