# Created by Octave 4.2.1, Mon Oct 09 17:33:38 2017 BRT <root@mosqueiro>
# name: pop
# type: matrix
# rows: 1000
# columns: 5
 3069.186883280454 -6932.815978323069 -6616.08464653239 6858.316249444368 3656.422301383605
 3069.186883280454 -6932.815978323069 -6616.08464653239 6858.316249444368 3656.422301383605
 3069.186883280454 -6932.815978323069 -6616.08464653239 6858.316249444368 3656.422301383605
 3069.186883280454 -6932.815978323069 -6616.08464653239 6858.316249444368 3656.422301383605
 3069.186883280454 -6932.815978323069 -6616.08464653239 6858.316249444368 3656.422301383605
 -2516.596658320051 9908.860679884085 4282.920179287248 -5534.240267019016 -5397.105372800061
 -362.2002434576702 -8021.375773456766 -3898.31614365005 3785.334273282544 20931.55272812972
 -2971.723798790315 -4816.144515811079 7727.078368617629 9859.721080296687 -9951.905914095796
 -2516.596658320051 9908.860679884085 4282.920179287248 -5534.240267019016 -5397.105372800061
 -4856.701302416412 4389.394661333448 9609.300481995218 -9121.218445781444 4080.064398110857
 3069.186883280454 -6932.815978323069 -6616.08464653239 6858.316249444368 3656.422301383605
 3069.186883280454 -6932.815978323069 -6616.08464653239 6858.316249444368 3656.422301383605
 3069.186883280454 -6932.815978323069 -6616.08464653239 6858.316249444368 3656.422301383605
 4753.786649291819 -34371.78098223689 44343.36063445935 7055.478170186835 -14692.13772781827
 27853.05769029254 30257.22548429017 8383.15023691317 7974.052789790207 5208.670560003684
 436.465762757869 9150.824246739881 5319.345334103662 -8989.321464704051 1035.304762572867
 9646.376291732202 -6899.980167671858 4770.186244432087 -1556.543963565135 -5773.637855845114
 -17163.13824851628 19816.28937017587 46756.2090483163 -23732.57674574496 5504.340132471167
 3069.186883280454 -6932.815978323069 -6616.08464653239 6858.316249444368 3656.422301383605
 7022.360464375783 -3639.457847179327 9855.338499933689 -9818.956726014971 -3271.146059446823
 -13085.15785198963 -30074.88090007723 -2227.743322016793 24277.74866306276 -17985.53606363833
 6798.147032661003 -7709.733922946774 1445.639724610268 863.858522722061 -1314.842498514192
 3069.186883280454 -6932.815978323069 -6616.08464653239 6858.316249444368 3656.422301383605
 4034.907769847807 -2552.32409743333 -4448.652095031181 -1753.16190164084 4663.165721937623
 3069.186883280454 -6932.815978323069 -6616.08464653239 6858.316249444368 3656.422301383605
 3069.186883280454 -6932.815978323069 -6616.08464653239 6858.316249444368 3656.422301383605
 3069.186883280454 -6932.815978323069 -6616.08464653239 6858.316249444368 3656.422301383605
 3069.186883280454 -6932.815978323069 -6616.08464653239 6858.316249444368 3656.422301383605
 25253.39259304558 -31107.65955785175 -12858.09121179097 19149.08465303753 -18370.01762116227
 1433.192764940283 17093.56382389368 -28273.03373564017 12158.71184404747 28329.86479964382
 3069.186883280454 -6932.815978323069 -6616.08464653239 6858.316249444368 3656.422301383605
 7275.788809523367 680.1990001501936 791.1330781708757 933.6802567182867 28345.18334334773
 3069.186883280454 -6932.815978323069 -6616.08464653239 6858.316249444368 3656.422301383605
 -14766.72171335184 39438.52271442993 -9719.339199863167 56172.96191349711 5716.221621216383
 3069.186883280454 -6932.815978323069 -6616.08464653239 6858.316249444368 3656.422301383605
 -2971.723798790315 -4816.144515811079 7727.078368617629 9859.721080296687 -9951.905914095796
 -126.5711304377201 -2120.753002038635 -9355.297462958597 4421.882350131025 6901.95665156981
 3069.186883280454 -6932.815978323069 -6616.08464653239 6858.316249444368 3656.422301383605
 3069.186883280454 -6932.815978323069 -6616.08464653239 6858.316249444368 3656.422301383605
 -590.3063984603673 -27827.89422459617 -13164.13246127031 36941.31840731554 -3760.322108074814
 -25144.35472212992 -17934.74018456743 -2275.228838403777 8068.5962290945 -24744.76649778594
 3069.186883280454 -6932.815978323069 -6616.08464653239 6858.316249444368 3656.422301383605
 -2516.596658320051 9908.860679884085 4282.920179287248 -5534.240267019016 -5397.105372800061
 3069.186883280454 -6932.815978323069 -6616.08464653239 6858.316249444368 3656.422301383605
 3069.186883280454 -6932.815978323069 -6616.08464653239 6858.316249444368 3656.422301383605
 3069.186883280454 -6932.815978323069 -6616.08464653239 6858.316249444368 3656.422301383605
 15484.62483676643 -22304.46551675998 3957.268382117047 -544.8394730485152 28136.18852482216
 4643.606029891882 -23851.90711849703 9601.695066425609 -22782.73242951389 37653.87804917711
 11011.14314253109 14256.23070830408 -7406.303863811164 27543.30790777245 29300.8727125795
 4034.907769847807 -2552.32409743333 -4448.652095031181 -1753.16190164084 4663.165721937623
 3069.186883280454 -6932.815978323069 -6616.08464653239 6858.316249444368 3656.422301383605
 6798.147032661003 -7709.733922946774 1445.639724610268 863.858522722061 -1314.842498514192
 6565.647986887866 -34946.79274584076 7090.71719797305 -4428.32251970689 -15388.70421749921
 12851.17775320089 -15241.86541710129 -7761.043101344039 -12505.21662509332 16074.10876107985
 3069.186883280454 -6932.815978323069 -6616.08464653239 6858.316249444368 3656.422301383605
 3069.186883280454 -6932.815978323069 -6616.08464653239 6858.316249444368 3656.422301383605
 5972.483900453384 -10617.37452708821 -4172.453091038608 -11940.87750205214 20752.8865697455
 3069.186883280454 -6932.815978323069 -6616.08464653239 6858.316249444368 3656.422301383605
 4034.907769847807 -2552.32409743333 -4448.652095031181 -1753.16190164084 4663.165721937623
 3069.186883280454 -6932.815978323069 -6616.08464653239 6858.316249444368 3656.422301383605
 3069.186883280454 -6932.815978323069 -6616.08464653239 6858.316249444368 3656.422301383605
 3069.186883280454 -6932.815978323069 -6616.08464653239 6858.316249444368 3656.422301383605
 3069.186883280454 -6932.815978323069 -6616.08464653239 6858.316249444368 3656.422301383605
 3069.186883280454 -6932.815978323069 -6616.08464653239 6858.316249444368 3656.422301383605
 3069.186883280454 -6932.815978323069 -6616.08464653239 6858.316249444368 3656.422301383605
 3069.186883280454 -6932.815978323069 -6616.08464653239 6858.316249444368 3656.422301383605
 5931.718732843521 423.7082098188312 -4669.601181028388 2110.010910892439 -3967.061625382487
 3069.186883280454 -6932.815978323069 -6616.08464653239 6858.316249444368 3656.422301383605
 4032.889708703557 -30690.05579992533 -4807.377298527646 -8525.167731073056 -8636.645363726695
 -8263.849598626268 6968.210861815958 6388.814809277344 2357.458244116297 -6751.795337133436
 6798.147032661003 -7709.733922946774 1445.639724610268 863.858522722061 -1314.842498514192
 -28910.10865746236 10789.73721051893 25025.86531883717 3374.614830136103 -12124.51079051405
 3069.186883280454 -6932.815978323069 -6616.08464653239 6858.316249444368 3656.422301383605
 58288.69827682072 -10775.30767103788 -6916.027853641862 1062.732563185124 5715.633337111945
 -7686.14374915933 -1380.272105505344 -2667.496382717514 114.6383299571135 6483.187320034835
 3069.186883280454 -6932.815978323069 -6616.08464653239 6858.316249444368 3656.422301383605
 19987.22853999905 6557.002869852554 6906.920916680591 13983.34129501099 -4955.634820291671
 3069.186883280454 -6932.815978323069 -6616.08464653239 6858.316249444368 3656.422301383605
 -5989.01070008611 73366.31033206799 -17173.86002913633 8962.918386599964 -22031.47004331378
 67762.3980294356 -17856.68970821292 -37083.08727331243 11150.44845710517 16085.39198319661
 3069.186883280454 -6932.815978323069 -6616.08464653239 6858.316249444368 3656.422301383605
 6798.147032661003 -7709.733922946774 1445.639724610268 863.858522722061 -1314.842498514192
 3069.186883280454 -6932.815978323069 -6616.08464653239 6858.316249444368 3656.422301383605
 3069.186883280454 -6932.815978323069 -6616.08464653239 6858.316249444368 3656.422301383605
 3069.186883280454 -6932.815978323069 -6616.08464653239 6858.316249444368 3656.422301383605
