# Created by Octave 4.2.1, Mon Oct 09 18:45:12 2017 BRT <root@mosqueiro>
# name: pop
# type: matrix
# rows: 1000
# columns: 5
 8878.490280653166 -7481.251636722786 901.8523351525404 -5700.708049618951 3403.428086171573
 8878.490280653166 -7481.251636722786 901.8523351525404 -5700.708049618951 3403.428086171573
 8878.490280653166 -7481.251636722786 901.8523351525404 -5700.708049618951 3403.428086171573
 8878.490280653166 -7481.251636722786 901.8523351525404 -5700.708049618951 3403.428086171573
 8878.490280653166 -7481.251636722786 901.8523351525404 -5700.708049618951 3403.428086171573
 10172.87428117208 -5602.713230558888 1550.518557104338 -3325.808813875663 1403.679366225525
 10020.69659662015 -3534.953701622277 -1181.064380536687 -6337.435742375596 1037.612916455149
 8878.490280653166 -7481.251636722786 901.8523351525404 -5700.708049618951 3403.428086171573
 8878.490280653166 -7481.251636722786 901.8523351525404 -5700.708049618951 3403.428086171573
 9597.139721652598 -4304.050338596629 -1408.327812884887 -5652.427703306937 2201.551242810554
 10020.69659662015 -3534.953701622277 -1181.064380536687 -6337.435742375596 1037.612916455149
 8878.490280653166 -7481.251636722786 901.8523351525404 -5700.708049618951 3403.428086171573
 8803.347935165453 -7867.05969550475 1102.276457369017 -5409.754140000413 3391.356494917547
 10020.69659662015 -3534.953701622277 -1181.064380536687 -6337.435742375596 1037.612916455149
 9969.791074646713 -3298.400347731188 -1226.578485303951 -6028.923358368531 1360.137586657485
 10020.69659662015 -3534.953701622277 -1181.064380536687 -6337.435742375596 1037.612916455149
 10020.69659662015 -3534.953701622277 -1181.064380536687 -6337.435742375596 1037.612916455149
 10020.69659662015 -3534.953701622277 -1181.064380536687 -6337.435742375596 1037.612916455149
 9496.920714901898 -4229.597863880119 -1272.252990961073 -6028.321746125229 2045.091040147088
 9496.920714901898 -4229.597863880119 -1272.252990961073 -6028.321746125229 2045.091040147088
 10316.64689633326 -3524.495714808901 -1035.337442293066 -6573.954445155713 1128.719547688227
 9188.819921700093 -4249.035910231361 -1621.48605298341 -5628.700757912411 2313.643948046971
 9496.920714901898 -4229.597863880119 -1272.252990961073 -6028.321746125229 2045.091040147088
 9496.920714901898 -4229.597863880119 -1272.252990961073 -6028.321746125229 2045.091040147088
 9496.920714901898 -4229.597863880119 -1272.252990961073 -6028.321746125229 2045.091040147088
 9496.920714901898 -4229.597863880119 -1272.252990961073 -6028.321746125229 2045.091040147088
 9694.225336670139 -3401.313984394628 -945.5965502113157 -6281.828324388143 924.0224056384003
 10020.69659662015 -3534.953701622277 -1181.064380536687 -6337.435742375596 1037.612916455149
 10020.69659662015 -3534.953701622277 -1181.064380536687 -6337.435742375596 1037.612916455149
 10020.69659662015 -3534.953701622277 -1181.064380536687 -6337.435742375596 1037.612916455149
 8878.490280653166 -7481.251636722786 901.8523351525404 -5700.708049618951 3403.428086171573
 8623.776548546484 -5683.027749799237 -1509.220730930805 -4785.468903677451 3365.526305823043
 10020.69659662015 -3534.953701622277 -1181.064380536687 -6337.435742375596 1037.612916455149
 8267.51481096615 -8107.746751836237 1125.856416202238 -3881.187827395201 3204.137491859609
 10020.69659662015 -3534.953701622277 -1181.064380536687 -6337.435742375596 1037.612916455149
 9961.131794187753 -8834.067990874079 -107.0001498149882 -4776.698448383434 3763.632994559833
 10020.69659662015 -3534.953701622277 -1181.064380536687 -6337.435742375596 1037.612916455149
 10020.69659662015 -3534.953701622277 -1181.064380536687 -6337.435742375596 1037.612916455149
 10020.69659662015 -3534.953701622277 -1181.064380536687 -6337.435742375596 1037.612916455149
 9496.920714901898 -4229.597863880119 -1272.252990961073 -6028.321746125229 2045.091040147088
 10020.69659662015 -3534.953701622277 -1181.064380536687 -6337.435742375596 1037.612916455149
 10343.37688660497 -3668.67199259732 -884.8537115252338 -6695.083042705141 902.878868649348
 8537.752336551168 -5732.23652824466 -1573.120295718461 -4714.65167925625 3292.25262003685
 8878.490280653166 -7481.251636722786 901.8523351525404 -5700.708049618951 3403.428086171573
 10074.22727697679 -3605.096812502508 -1684.680728508489 -5888.536641744126 1007.267222491797
 8878.490280653166 -7481.251636722786 901.8523351525404 -5700.708049618951 3403.428086171573
 10020.69659662015 -3534.953701622277 -1181.064380536687 -6337.435742375596 1037.612916455149
 10020.69659662015 -3534.953701622277 -1181.064380536687 -6337.435742375596 1037.612916455149
 10020.69659662015 -3534.953701622277 -1181.064380536687 -6337.435742375596 1037.612916455149
 10084.48168100688 -3496.640039533324 -1097.21928722289 -6513.977858684819 1095.411818218326
 8878.490280653166 -7481.251636722786 901.8523351525404 -5700.708049618951 3403.428086171573
 9496.920714901898 -4229.597863880119 -1272.252990961073 -6028.321746125229 2045.091040147088
 9783.108546540117 -3525.291370097756 -1123.971553417683 -6187.589369845093 662.8115915259386
 10020.69659662015 -3534.953701622277 -1181.064380536687 -6337.435742375596 1037.612916455149
 10136.09529221797 -3792.964428355233 -952.0214148530638 -6331.318322382713 1506.475603771451
 10020.69659662015 -3534.953701622277 -1181.064380536687 -6337.435742375596 1037.612916455149
 8878.490280653166 -7481.251636722786 901.8523351525404 -5700.708049618951 3403.428086171573
 9496.920714901898 -4229.597863880119 -1272.252990961073 -6028.321746125229 2045.091040147088
 10020.69659662015 -3534.953701622277 -1181.064380536687 -6337.435742375596 1037.612916455149
 9961.131794187753 -8834.067990874079 -107.0001498149882 -4776.698448383434 3763.632994559833
 8878.490280653166 -7481.251636722786 901.8523351525404 -5700.708049618951 3403.428086171573
 10020.69659662015 -3534.953701622277 -1181.064380536687 -6337.435742375596 1037.612916455149
 10020.69659662015 -3534.953701622277 -1181.064380536687 -6337.435742375596 1037.612916455149
 10020.69659662015 -3534.953701622277 -1181.064380536687 -6337.435742375596 1037.612916455149
 9038.161742797551 -7898.573771228968 1150.865555485592 -5448.37831385851 3174.518999990009
 9496.920714901898 -4229.597863880119 -1272.252990961073 -6028.321746125229 2045.091040147088
 8617.661148969295 -3650.824504736069 -640.6816318206088 -6839.563266559676 1849.850108428495
 10020.69659662015 -3534.953701622277 -1181.064380536687 -6337.435742375596 1037.612916455149
 10020.69659662015 -3534.953701622277 -1181.064380536687 -6337.435742375596 1037.612916455149
 9496.920714901898 -4229.597863880119 -1272.252990961073 -6028.321746125229 2045.091040147088
 10020.69659662015 -3534.953701622277 -1181.064380536687 -6337.435742375596 1037.612916455149
 9496.920714901898 -4229.597863880119 -1272.252990961073 -6028.321746125229 2045.091040147088
 8878.490280653166 -7481.251636722786 901.8523351525404 -5700.708049618951 3403.428086171573
 8878.490280653166 -7481.251636722786 901.8523351525404 -5700.708049618951 3403.428086171573
 9109.016499222684 -4469.812268581354 -963.3279095806595 -6529.43001236041 2141.465643519427
 9496.920714901898 -4229.597863880119 -1272.252990961073 -6028.321746125229 2045.091040147088
 9262.10354053793 -4231.932803946253 -1661.611664852245 -5355.655830171367 1845.951844658362
 8878.490280653166 -7481.251636722786 901.8523351525404 -5700.708049618951 3403.428086171573
 9896.912680296557 -4107.222762219325 -1262.857910547402 -6594.566747157587 1628.835605882806
 8771.645781704025 -3941.906710885199 -1148.803802707861 -5962.976278804824 2465.770106395711
 10020.69659662015 -3534.953701622277 -1181.064380536687 -6337.435742375596 1037.612916455149
 9942.590941925913 -3779.149464911883 -1175.776011869522 -6465.2579983975 915.6568918440197
 9961.131794187753 -8834.067990874079 -107.0001498149882 -4776.698448383434 3763.632994559833
 10469.43816340615 -6236.181679176932 220.9943356347508 -3995.56311350857 614.2991790525425
