# Created by Octave 4.2.1, Mon Oct 09 18:39:23 2017 BRT <root@mosqueiro>
# name: pop
# type: matrix
# rows: 1000
# columns: 5
 9038.161742797551 -7898.573771228968 1150.865555485592 -5448.37831385851 3174.518999990009
 9038.161742797551 -7898.573771228968 1150.865555485592 -5448.37831385851 3174.518999990009
 9038.161742797551 -7898.573771228968 1150.865555485592 -5448.37831385851 3174.518999990009
 9038.161742797551 -7898.573771228968 1150.865555485592 -5448.37831385851 3174.518999990009
 9038.161742797551 -7898.573771228968 1150.865555485592 -5448.37831385851 3174.518999990009
 887.9164588205076 5404.302338280664 7304.588129062689 -7610.077891870889 -1882.392942723109
 9038.161742797551 -7898.573771228968 1150.865555485592 -5448.37831385851 3174.518999990009
 26862.04508414997 -4739.031928173938 11414.45847379068 22893.7360256569 -22764.26758095044
 9038.161742797551 -7898.573771228968 1150.865555485592 -5448.37831385851 3174.518999990009
 9038.161742797551 -7898.573771228968 1150.865555485592 -5448.37831385851 3174.518999990009
 9038.161742797551 -7898.573771228968 1150.865555485592 -5448.37831385851 3174.518999990009
 9038.161742797551 -7898.573771228968 1150.865555485592 -5448.37831385851 3174.518999990009
 9038.161742797551 -7898.573771228968 1150.865555485592 -5448.37831385851 3174.518999990009
 9687.151244064838 -2244.843771345165 17108.46217122958 -37712.19566981067 -29042.50619707911
 9038.161742797551 -7898.573771228968 1150.865555485592 -5448.37831385851 3174.518999990009
 9038.161742797551 -7898.573771228968 1150.865555485592 -5448.37831385851 3174.518999990009
 -8644.633445873005 -10137.9242771624 1083.46959096128 3532.088989683929 -17754.21495283073
 7235.48683358372 19530.39272517832 37924.7359182361 -18079.88678904825 -3991.99402668895
 35602.67234691582 19363.90352432382 3685.904059900397 -12419.5143039096 30435.70343921528
 9038.161742797551 -7898.573771228968 1150.865555485592 -5448.37831385851 3174.518999990009
 -6579.804388711073 8790.307475960417 3687.746687592004 2730.460083503463 -5921.75203166405
 9038.161742797551 -7898.573771228968 1150.865555485592 -5448.37831385851 3174.518999990009
 -3650.907315466975 18427.70014316097 14532.17283962939 17034.95909543769 -1260.044324780872
 1145.965525058373 -6421.155008867732 8487.605586782924 615.1381623489888 -3775.963240603114
 9038.161742797551 -7898.573771228968 1150.865555485592 -5448.37831385851 3174.518999990009
 -2299.636009140784 -19681.1577428962 -21318.92085542423 -30149.25425482768 4480.015493669202
 2285.665256083537 -2858.501013034855 -3177.59588202397 4393.854984111078 2430.916715812757
 9038.161742797551 -7898.573771228968 1150.865555485592 -5448.37831385851 3174.518999990009
 8135.228428776654 37743.12952578047 27739.578710992 5539.041531276489 36558.45402528277
 9038.161742797551 -7898.573771228968 1150.865555485592 -5448.37831385851 3174.518999990009
 9038.161742797551 -7898.573771228968 1150.865555485592 -5448.37831385851 3174.518999990009
 1475.831898755092 7622.982183600718 -2368.008736304504 -6732.07363257284 2509.565618738085
 3102.508301384265 5100.248803940127 -3599.833096510364 -2898.408809312888 -1001.78030061853
 9038.161742797551 -7898.573771228968 1150.865555485592 -5448.37831385851 3174.518999990009
 1481.688949862024 1026.9567683285 -2532.265159184622 -6771.09706038982 8039.800361311769
 2060.441438535407 -8861.413935416607 7102.748597516214 8303.911807189661 -3115.972560920741
 -3583.210885367384 -6653.048601791368 9001.780435194643 419.9496615725111 1222.970420638563
 9038.161742797551 -7898.573771228968 1150.865555485592 -5448.37831385851 3174.518999990009
 9038.161742797551 -7898.573771228968 1150.865555485592 -5448.37831385851 3174.518999990009
 -3866.692921856116 21607.81989988122 16057.36367004395 -12528.47925383892 -10722.73686470239
 -23021.65263486339 -43089.33978073485 26345.56387364652 -34930.87692665082 -576.4029387219707
 9038.161742797551 -7898.573771228968 1150.865555485592 -5448.37831385851 3174.518999990009
 6537.781360325367 -49471.66898826996 -4300.798761491542 13444.3175014191 -559.5310987557431
 -6841.741806781549 1955.426305825189 -995.9104942788472 9818.498226382435 -1774.130872949789
 9038.161742797551 -7898.573771228968 1150.865555485592 -5448.37831385851 3174.518999990009
 37101.28697974786 2052.285403191761 -11902.25988684631 7915.944892335972 4421.97695841343
 9038.161742797551 -7898.573771228968 1150.865555485592 -5448.37831385851 3174.518999990009
 9038.161742797551 -7898.573771228968 1150.865555485592 -5448.37831385851 3174.518999990009
 9038.161742797551 -7898.573771228968 1150.865555485592 -5448.37831385851 3174.518999990009
 9038.161742797551 -7898.573771228968 1150.865555485592 -5448.37831385851 3174.518999990009
 -3640.307359099473 9231.859059569175 -11892.74743549178 -20177.82943694833 16290.07425345602
 9038.161742797551 -7898.573771228968 1150.865555485592 -5448.37831385851 3174.518999990009
 3232.619707640291 -6885.433447474189 -11005.56708545675 225.7794335663102 8695.03979339654
 9038.161742797551 -7898.573771228968 1150.865555485592 -5448.37831385851 3174.518999990009
 14117.21400573705 -26492.95848169291 20891.66028634291 -20240.66731031646 56691.38721304025
 9038.161742797551 -7898.573771228968 1150.865555485592 -5448.37831385851 3174.518999990009
 9038.161742797551 -7898.573771228968 1150.865555485592 -5448.37831385851 3174.518999990009
 14729.72722994767 -26832.34937740313 -15591.75825624064 -17336.34309009068 23092.67562216397
 9038.161742797551 -7898.573771228968 1150.865555485592 -5448.37831385851 3174.518999990009
 -4947.828597365275 6799.634575334527 -4213.203794314194 8209.92330335889 -6010.870248269914
 1145.965525058373 -6421.155008867732 8487.605586782924 615.1381623489888 -3775.963240603114
 -6299.423095926682 5488.514107311721 4542.778173299583 3189.182748672863 -6551.580968994241
 -1283.916299910356 -10273.77972257147 -8592.040955935747 3631.68323567986 -32557.99985308026
 1145.965525058373 -6421.155008867732 8487.605586782924 615.1381623489888 -3775.963240603114
 24764.23317727909 6775.286069015834 -1103.12566383495 18307.10096362988 -9542.782251950099
 9038.161742797551 -7898.573771228968 1150.865555485592 -5448.37831385851 3174.518999990009
 -9260.134928525953 9035.179050281055 4049.912661863891 -6193.163959635647 2315.412433480027
 9038.161742797551 -7898.573771228968 1150.865555485592 -5448.37831385851 3174.518999990009
 23863.67468084799 15997.84144336616 7988.198036733161 26459.42313047558 2583.642336119479
 -3583.210885367384 -6653.048601791368 9001.780435194643 419.9496615725111 1222.970420638563
 -27003.47819126574 -11260.09369406224 9257.375931042261 48390.02052057787 5365.819366794285
 -10342.22907697456 -12273.92011083979 18677.36233150955 4250.394359112288 3957.59435159821
 -13168.36957005839 4877.065391901951 -3853.940770778736 44547.48959897394 7904.941442002159
 -8781.664358249342 -23871.7509993471 -9833.623686550469 13323.35156621527 1326.416582045254
 9701.984268401478 2045.88728348505 -7385.864542015141 -1621.87116996868 -1210.778433615094
 -3071.652260138625 7869.746345379579 -1403.584138079264 -6995.787750886639 3375.299878702872
 9038.161742797551 -7898.573771228968 1150.865555485592 -5448.37831385851 3174.518999990009
 9038.161742797551 -7898.573771228968 1150.865555485592 -5448.37831385851 3174.518999990009
 9038.161742797551 -7898.573771228968 1150.865555485592 -5448.37831385851 3174.518999990009
 9038.161742797551 -7898.573771228968 1150.865555485592 -5448.37831385851 3174.518999990009
 38106.51405496489 -2979.218017931191 6942.457924492181 -10457.53880743784 29541.38932495738
 8177.620300080751 -4690.365732826995 -8805.204389233038 7727.671802877972 -799.1625616066794
 1145.965525058373 -6421.155008867732 8487.605586782924 615.1381623489888 -3775.963240603114
 9038.161742797551 -7898.573771228968 1150.865555485592 -5448.37831385851 3174.518999990009
 9038.161742797551 -7898.573771228968 1150.865555485592 -5448.37831385851 3174.518999990009
