# Created by Octave 4.2.1, Mon Oct 09 18:51:59 2017 BRT <root@mosqueiro>
# name: pop
# type: matrix
# rows: 1000
# columns: 5
 9081.243440062493 -7533.838398657293 1009.045598550685 -5823.8660585354 3266.721014142292
 9081.243722001333 -7533.83875326064 1009.045427867059 -5823.865977939973 3266.721177135943
 9081.24344565339 -7533.83836590068 1009.045564586999 -5823.866051989001 3266.721002981157
 9081.242385714402 -7533.837428944436 1009.04951186564 -5823.870451946133 3266.721579556077
 9081.243416140849 -7533.838399872338 1009.045617516789 -5823.86605407553 3266.721016979184
 9081.243428400017 -7533.838385655003 1009.045592466201 -5823.866048824842 3266.721007039763
 9081.243426914143 -7533.838373859995 1009.045567986379 -5823.86606149957 3266.721026606377
 9081.243428400017 -7533.838385655003 1009.045592466201 -5823.866048824842 3266.721007039763
 9081.243428400017 -7533.838385655003 1009.045592466201 -5823.866048824842 3266.721007039763
 9081.243462966877 -7533.838369048703 1009.045610104918 -5823.86606921804 3266.720953676183
 9081.243428400017 -7533.838385655003 1009.045592466201 -5823.866048824842 3266.721007039763
 9080.991870024907 -7533.752362669488 1008.98492466683 -5823.691973294871 3266.773152955346
 9080.991545203173 -7533.753947175249 1008.984400092105 -5823.690635557399 3266.771916475308
 9081.243428400017 -7533.838385655003 1009.045592466201 -5823.866048824842 3266.721007039763
 9081.243722001333 -7533.83875326064 1009.045427867059 -5823.865977939973 3266.721177135943
 9081.243428400017 -7533.838385655003 1009.045592466201 -5823.866048824842 3266.721007039763
 9081.242393361788 -7533.837378680795 1009.049512125731 -5823.870460274391 3266.721591451996
 9081.243428400017 -7533.838385655003 1009.045592466201 -5823.866048824842 3266.721007039763
 9081.243428400017 -7533.838385655003 1009.045592466201 -5823.866048824842 3266.721007039763
 9081.243428400017 -7533.838385655003 1009.045592466201 -5823.866048824842 3266.721007039763
 9081.243428400017 -7533.838385655003 1009.045592466201 -5823.866048824842 3266.721007039763
 9081.243428400017 -7533.838385655003 1009.045592466201 -5823.866048824842 3266.721007039763
 9080.991726603124 -7533.752777665945 1008.984917294803 -5823.691853578916 3266.773716712456
 9081.243416279713 -7533.8383964454 1009.045551735295 -5823.866026889349 3266.721008551008
 9081.243428400017 -7533.838385655003 1009.045592466201 -5823.866048824842 3266.721007039763
 9081.240770206705 -7533.837047369129 1009.044604550467 -5823.86519143799 3266.722421233919
 9080.991672358185 -7533.752659338424 1008.985057364763 -5823.691802459467 3266.773306734944
 9082.390827151965 -7494.346626563063 981.0978988336356 -5884.39441473096 3314.557785141757
 9081.243428400017 -7533.838385655003 1009.045592466201 -5823.866048824842 3266.721007039763
 9081.243440062493 -7533.838398657293 1009.045598550685 -5823.8660585354 3266.721014142292
 9080.991687385069 -7533.752615456006 1008.984995429515 -5823.691777527968 3266.773270146887
 9081.243452014038 -7533.838367834341 1009.045568829744 -5823.866029944611 3266.721031275899
 9080.991653213508 -7533.752637119789 1008.985037743346 -5823.691814598754 3266.773306069804
 9081.243428400017 -7533.838385655003 1009.045592466201 -5823.866048824842 3266.721007039763
 9081.261988692762 -7533.849797326788 1009.034994558698 -5823.878374461514 3266.71654564235
 9081.243428400017 -7533.838385655003 1009.045592466201 -5823.866048824842 3266.721007039763
 9081.243337062651 -7533.83835524724 1009.04555334269 -5823.866118161264 3266.720916132295
 9080.993135278142 -7533.754400991744 1008.983966230686 -5823.690400773156 3266.773282950066
 9081.243401480539 -7533.838354888437 1009.045594688101 -5823.86605424639 3266.721007897879
 9081.243428400017 -7533.838385655003 1009.045592466201 -5823.866048824842 3266.721007039763
 9081.242393361788 -7533.837378680795 1009.049512125731 -5823.870460274391 3266.721591451996
 9081.243428400017 -7533.838385655003 1009.045592466201 -5823.866048824842 3266.721007039763
 9081.243428400017 -7533.838385655003 1009.045592466201 -5823.866048824842 3266.721007039763
 9081.243428400017 -7533.838385655003 1009.045592466201 -5823.866048824842 3266.721007039763
 9081.243428400017 -7533.838385655003 1009.045592466201 -5823.866048824842 3266.721007039763
 9081.243764939318 -7533.838776263106 1009.045428323986 -5823.865997315747 3266.721178269719
 9081.240681253408 -7533.836990936569 1009.044544975168 -5823.865176041822 3266.722501842835
 10035.60544396348 -3535.433071535764 -1173.111910711064 -6354.643419462021 1026.894691560634
 9081.243428400017 -7533.838385655003 1009.045592466201 -5823.866048824842 3266.721007039763
 9081.243439007105 -7533.838357142051 1009.045595009078 -5823.866044988248 3266.721016665252
 9081.24344565339 -7533.83836590068 1009.045564586999 -5823.866051989001 3266.721002981157
 9081.243428400017 -7533.838385655003 1009.045592466201 -5823.866048824842 3266.721007039763
 9081.098525391473 -7548.026391858387 1020.515856240917 -5826.999728799377 3272.717345602674
 9081.242385714402 -7533.837428944436 1009.04951186564 -5823.870451946133 3266.721579556077
 9081.243428400017 -7533.838385655003 1009.045592466201 -5823.866048824842 3266.721007039763
 9081.243764939318 -7533.838776263106 1009.045428323986 -5823.865997315747 3266.721178269719
 9081.242079489732 -7533.836242217217 1009.043198369351 -5823.866203819488 3266.722731534468
 9081.243428400017 -7533.838385655003 1009.045592466201 -5823.866048824842 3266.721007039763
 9081.098402861833 -7548.02638705245 1020.51555017086 -5826.999824156181 3272.717492783932
 9081.243428400017 -7533.838385655003 1009.045592466201 -5823.866048824842 3266.721007039763
 9081.243440062493 -7533.838398657293 1009.045598550685 -5823.8660585354 3266.721014142292
 9081.243764939318 -7533.838776263106 1009.045428323986 -5823.865997315747 3266.721178269719
 9081.243428400017 -7533.838385655003 1009.045592466201 -5823.866048824842 3266.721007039763
 9080.993135278142 -7533.754400991744 1008.983966230686 -5823.690400773156 3266.773282950066
 9081.24253642748 -7533.838635747728 1009.044068746774 -5823.865170221733 3266.722802210696
 9080.993510751354 -7533.75291645619 1008.986818279989 -5823.693381027124 3266.771157320053
 9081.243764939318 -7533.838776263106 1009.045428323986 -5823.865997315747 3266.721178269719
 9081.243764939318 -7533.838776263106 1009.045428323986 -5823.865997315747 3266.721178269719
 9081.243428400017 -7533.838385655003 1009.045592466201 -5823.866048824842 3266.721007039763
 9081.243428400017 -7533.838385655003 1009.045592466201 -5823.866048824842 3266.721007039763
 9080.993135278142 -7533.754400991744 1008.983966230686 -5823.690400773156 3266.773282950066
 9081.097893144792 -7548.026289134199 1020.516097426584 -5826.999600343292 3272.717488976099
 9081.243428400017 -7533.838385655003 1009.045592466201 -5823.866048824842 3266.721007039763
 9081.243428400017 -7533.838385655003 1009.045592466201 -5823.866048824842 3266.721007039763
 9082.391182851419 -7494.345002141856 981.097829137433 -5884.396378320938 3314.557743068442
 9081.243428400017 -7533.838385655003 1009.045592466201 -5823.866048824842 3266.721007039763
 9082.100523084151 -7533.330992217619 1007.728912217518 -5823.020096889018 3265.827450370105
 9082.389303403341 -7494.34451146025 981.0960938172888 -5884.395627194303 3314.556417872854
 9081.243428400017 -7533.838385655003 1009.045592466201 -5823.866048824842 3266.721007039763
 9081.243428400017 -7533.838385655003 1009.045592466201 -5823.866048824842 3266.721007039763
 9081.243428400017 -7533.838385655003 1009.045592466201 -5823.866048824842 3266.721007039763
 9081.243428400017 -7533.838385655003 1009.045592466201 -5823.866048824842 3266.721007039763
 9081.243428400017 -7533.838385655003 1009.045592466201 -5823.866048824842 3266.721007039763
 9081.243402170308 -7533.838357414145 1009.045601979783 -5823.86603712983 3266.720996827868
 9081.243428400017 -7533.838385655003 1009.045592466201 -5823.866048824842 3266.721007039763
