# Created by Octave 4.2.1, Mon Oct 09 18:21:45 2017 BRT <root@mosqueiro>
# name: pop
# type: matrix
# rows: 1000
# columns: 5
 -8050.497224522569 7754.819000622869 -9745.174986403241 7885.809393492465 2182.906102317827
 -8050.497224522569 7754.819000622869 -9745.174986403241 7885.809393492465 2182.906102317827
 -8050.497224522569 7754.819000622869 -9745.174986403241 7885.809393492465 2182.906102317827
 -8050.497224522569 7754.819000622869 -9745.174986403241 7885.809393492465 2182.906102317827
 -8050.497224522569 7754.819000622869 -9745.174986403241 7885.809393492465 2182.906102317827
 -8012.64419762343 7840.862845858956 1649.953745259845 2477.630504796391 -4018.293338203648
 8079.663986188454 -161.0461870405652 -8021.285859126383 4018.94763475967 -3728.306388253561
 844.1737062263983 -8598.212809280485 -9085.7371617756 -1572.64293041394 -1541.886544513765
 -7245.499897196431 1034.670960451303 7324.171706558667 2454.210069590037 -3364.62179080491
 41812.521982994 -5115.807007797399 -22148.96366253732 -30596.27628981134 22392.92007490686
 8167.678200296119 -5240.092053144524 6563.162819005953 6811.36129658443 -3279.644536690262
 8411.989976675366 -3751.609497866993 -579.1207997597194 4072.350682742703 -1935.726755177664
 7274.32638133983 505.347634247757 -5500.087883088395 -5711.134085207586 3101.9478897514
 813.9266843530022 -17095.58092285315 42773.50243323007 -15027.33837799209 11498.05841964917
 -892.3677881374497 -431.4567410803957 4833.853929165922 -8369.888330568774 4160.067845149535
 1463.060218469818 -8318.244294395139 -6359.936906959541 8258.32382580627 6758.743535546811
 5067.408157666367 8104.764496445401 -4344.299180836932 -9866.289877679659 852.0519821214784
 -415.2838675736093 2093.793081763135 5476.151238142513 2653.599247687625 -5998.382947898281
 8989.545007652017 5546.704239153554 -2488.617864363086 297.1808094263852 -1415.784447359962
 -8012.64419762343 7840.862845858956 1649.953745259845 2477.630504796391 -4018.293338203648
 32818.16214754243 24530.17696481095 47279.16943995923 -26540.99861919046 -3511.430590836217
 -8012.64419762343 7840.862845858956 1649.953745259845 2477.630504796391 -4018.293338203648
 3162.132573740575 -9134.341376283855 -9933.297324066349 8133.72855646264 -6209.934526534603
 -26461.98199967736 8027.744061438922 -7563.79203919156 26181.05433284719 7285.726284237699
 53.5108747291506 2569.745633329092 4886.016813941675 348.3720802449425 -7611.246572074318
 -5372.596514610982 6774.71465134497 611.7228819540924 -1549.573128390128 -490.8218082489184
 -972.3465403887058 -6528.10648790947 8468.934506765949 2518.022248740977 3940.201097063396
 -8050.497224522569 7754.819000622869 -9745.174986403241 7885.809393492465 2182.906102317827
 4336.400038326701 -1989.932478188808 7373.310219162573 -7962.680007136053 -1954.294163318016
 4105.566592894756 -5540.632508657076 -4280.550288533906 4543.80460336473 4103.700973050232
 7834.38255291618 -9989.326807538924 2541.291078347489 -8760.464731281389 8854.284072732527
 -2490.154437062997 9229.040769660354 -2196.279757847826 -20366.34601196495 -7773.226929330085
 4457.259326208996 -4575.846365816655 7033.269648327048 -9870.596011994092 -2790.726048910032
 8888.440003826101 -2594.36507876433 -6426.825976076785 -123.4344110516104 4202.783863201714
 5504.060785925485 3034.908285109661 9677.736288977951 7972.863376869871 -1315.309036320159
 -5482.918568087941 -3710.219507830489 2450.429021985738 4705.462021815836 5500.871655818541
 -7455.736658427773 4277.807691700706 8280.793566957524 -6821.773777435737 6411.968329471198
 9290.617731011411 3935.57037540184 5654.806809743988 5075.520683874252 624.664584020542
 4229.318402788276 6547.720639972638 -663.012487285816 6876.602661240839 -5323.209423912861
 -9190.127121748861 -106.2867857622696 -4985.723096642421 -8236.630839718164 -1225.712344354746
 -9449.27099793838 -6854.367203626387 -6598.597017405222 135.9925422614979 4186.423317636005
 -7708.442491670009 7750.994281554283 7381.864684333117 -28343.61223679394 -887.3280815340077
 21321.80268249749 8442.333866617775 -3544.614660835647 -23726.21040526625 -491.9413026259417
 1158.206029355886 -3417.749974453675 -3759.142700420501 3453.132671554406 2803.876159037882
 4211.371066022928 -259.3238739654862 -1654.765407479161 3666.021601445822 3534.683260993148
 -8050.497224522569 7754.819000622869 -9745.174986403241 7885.809393492465 2182.906102317827
 4081.29574266987 3757.406256949924 -4231.32264953018 1131.891914333501 1561.956903204424
 7161.321019664072 5504.101415681605 8259.95454615651 -8876.000984912474 -9842.236576344591
 -709.6540882578956 -8550.660751474405 4228.725721201998 3580.302666656398 5021.577224710312
 3691.194097252375 5075.069121242095 1866.438859599451 4876.169284066451 -5167.3087177381
 4779.237389095801 3435.002014902067 1042.245944717892 884.9992562627922 -4739.832336824533
 4779.237389095801 3435.002014902067 1042.245944717892 884.9992562627922 -4739.832336824533
 561.5648868889184 -5578.302689509037 5736.927628388778 3578.194735123099 8582.582705505407
 -247.7876681911075 -5818.056095317757 1212.068777416609 -3808.562182383039 4700.760920822338
 -9469.265959166716 -5973.095321846888 -8509.682868388698 4021.702571880305 533.2689947008221
 -9337.868622361513 -55673.88866546497 -24623.14452641001 -16582.18897838332 -2191.279829810088
 -8012.64419762343 7840.862845858956 1649.953745259845 2477.630504796391 -4018.293338203648
 -6183.73762019618 2719.971842025472 -5626.338308370914 933.3007947480037 7790.022783177596
 3904.187064442785 7258.036581132408 -3416.167223701102 8502.242656720391 7671.790819089107
 8624.369120886156 -8491.051736570882 -8900.550311114468 6673.242545570229 3352.043000557025
 4229.318402788276 6547.720639972638 -663.012487285816 6876.602661240839 -5323.209423912861
 60344.05790444714 -2086.235830121487 41149.53444580371 -13296.40419818624 8020.387983155819
 -5387.643937120513 -1216.044192096166 8812.404045802945 4583.267089188077 -1682.375793182897
 -1194.418036680108 -31524.60219648453 13107.55954285467 -6887.032789763522 -983.7061057481542
 -8050.497224522569 7754.819000622869 -9745.174986403241 7885.809393492465 2182.906102317827
 8888.440003826101 -2594.36507876433 -6426.825976076785 -123.4344110516104 4202.783863201714
 7211.507091906973 4585.467508695197 -5027.296707308692 -8822.79522491665 3390.803701949397
 5349.894150714905 6351.435594842904 -8812.068782530678 8740.003944634471 -3001.849503345196
 6552.441720011338 5792.795351859939 -9222.818108647711 -5553.587374627734 8081.485009593729
 -5372.596514610982 6774.71465134497 611.7228819540924 -1549.573128390128 -490.8218082489184
 -9468.137458438465 -9896.1869223713 7341.68321057807 6153.995711048692 -1478.240533561528
 2413.047157449495 -6016.933834611039 275.307923263972 -5736.455660426784 8927.979581206779
 -6571.595654238792 4628.227783460896 1481.882707004443 -7115.711096321716 -3203.546650523891
 -8050.497224522569 7754.819000622869 -9745.174986403241 7885.809393492465 2182.906102317827
 -8050.497224522569 7754.819000622869 -9745.174986403241 7885.809393492465 2182.906102317827
 -452.9191181277893 -3199.086655683551 3198.022418908624 -5354.908367444805 5554.096314380624
 7211.507091906973 4585.467508695197 -5027.296707308692 -8822.79522491665 3390.803701949397
 -8012.64419762343 7840.862845858956 1649.953745259845 2477.630504796391 -4018.293338203648
 -6910.431461808434 9675.362404967957 2907.538960171156 5688.505219576753 -9329.169368088851
 18943.9181771597 13129.02046536764 17873.06199523446 22203.19414721735 12097.26646536494
 8843.736950317405 -2247.9627630602 -9154.96219563209 7640.214459716663 -3066.046308462397
 6163.900693724234 3572.720723671579 -4.225569379881563 -6855.124573499102 2165.7729186989
 -6183.73762019618 2719.971842025472 -5626.338308370914 933.3007947480037 7790.022783177596
 536.186255267834 7932.864452635022 9054.24514092469 -6423.057963186598 -1789.832655562624
 -1280.312968679538 -1096.556841256299 -1908.064077535219 -335.139539951937 7192.885667908376
