# Created by Octave 4.2.1, Mon Oct 09 18:04:49 2017 BRT <root@mosqueiro>
# name: pop
# type: matrix
# rows: 1000
# columns: 5
 8123.400507989601 3727.060677770249 681.3911912756103 -9398.71000660814 -3087.135526407579
 310.1708360068023 9750.878583054484 -6064.262213595761 3085.660117671878 -7137.586510480238
 3638.276067682209 3516.704547963394 -6154.258322551877 -6962.785579236313 5924.83754726517
 -7985.697654934266 6036.194430955748 8402.181736351416 -2267.476419257645 -4265.107655539161
 6498.544699627033 -8759.147917429455 8072.194198682235 1908.308047068036 -7640.721906209206
 6793.515063557934 -2323.896674672207 8903.402118771228 9948.20641329576 3886.804681913407
 -4413.121405076764 9356.074498194328 -9190.765424496385 790.5629708446704 7464.742092571843
 -9095.645421462958 3493.91674077236 1710.927909382084 532.8667067434963 5650.37399421904
 -3695.666852243041 5795.28680591872 1256.41198223442 -6549.114983271319 3183.177929714058
 -5885.683497373936 -2182.354917159662 1417.168615840685 7086.829872574377 -728.8630959233706
 -3962.395351085065 4822.561461934218 26.03429155762387 -1712.183285318761 2057.737011480725
 -2205.730834148056 5303.758530315286 6579.813481559475 -2321.582149389895 -7580.454536183493
 6910.630738997254 2613.296952007378 6986.18115083066 2324.938517789575 -9949.661288922816
 7392.921799280128 -5149.458549882683 8067.026181032088 -1537.702965750772 -664.759542491609
 8719.035994814727 -4066.215615329322 392.3420898755812 -5188.583956276954 -5932.088788609381
 -2782.240197325086 -8803.228604733407 -7064.541486182886 2018.450272832844 -4139.87652952362
 8123.400507989601 3727.060677770249 681.3911912756103 -9398.71000660814 -3087.135526407579
 1517.567960730788 -9509.653017978593 -2426.349372290254 6672.172767427564 -5045.229136095627
 8968.391064543543 2919.918388138243 5883.038570019071 9167.066241201195 4119.055829889525
 -9931.771108428324 196.0977412738703 -1285.990811779035 8921.245186872762 2239.835049368823
 -8970.506453838898 9395.72419905003 6914.390343872328 951.5411268619573 -6328.050646145474
 310.1708360068023 9750.878583054484 -6064.262213595761 3085.660117671878 -7137.586510480238
 -4101.549463141238 -6197.665187374178 -1911.023141906136 -2872.902263090201 495.1524904347152
 -7985.697654934266 6036.194430955748 8402.181736351416 -2267.476419257645 -4265.107655539161
 5463.251144668111 -908.7387782350888 1373.056804194977 -5627.716511273175 9574.057012261568
 -7424.260563116945 -2022.024612825518 -4919.814976699149 -3260.963010135648 7380.292163001326
 -2307.481182544694 9020.090455800186 -7049.892537735606 366.0847549111113 1763.513009890567
 -4892.897166946805 2618.84463051326 -1298.61785443933 9281.857398767192 -5523.368742996569
 6082.032523176171 -3811.941590439641 -4944.165590820318 -1386.431437626456 -9565.857589445832
 -7985.697654934266 6036.194430955748 8402.181736351416 -2267.476419257645 -4265.107655539161
 6968.13859865527 -6863.719713713908 -2441.32364544886 3009.736365206656 5170.705530177322
 2685.210773059263 -9051.564921914394 7156.113110321774 4516.810259299826 5521.472923372321
 6851.889743482334 5249.54202552945 2718.176301249365 5043.364824625511 3227.999365013107
 2056.985944298427 6737.005353693403 -4700.045325608831 1910.937157278006 4165.2681579702
 6911.316455619424 2025.474597163959 -208.4646303546451 -1359.377922968995 -3855.300055290648
 7897.32214777272 -3153.125720992885 -691.9237020095934 2191.082602328306 2870.438133205016
 9041.961994643825 5640.784788150328 6572.209593210817 -313.7945033378437 46.02932546426746
 5045.585874120696 -9204.530841238147 -7626.602657903389 -1577.192896415474 3536.545531722168
 768.6373490980623 -7990.53765917276 8319.462215240153 4933.128806553857 5670.966922437477
 9842.982743795605 8153.137636781797 -1916.027460317528 9884.62701808662 129.9105931017148
 -6581.100230588018 -6893.481990623048 685.9659938350487 -8100.16613563939 -1828.91540075126
 6477.363421657265 -1499.67628805711 2726.244112878348 -2409.267578191615 -4001.942742673175
 8791.819284189372 9993.26396240473 -1767.133248342581 5560.772523521549 -7249.608738766004
 -6219.54614564448 -8327.451401296148 -6114.804292303696 251.8107832995574 -4819.201021160849
 5158.953061514361 4797.455243887369 -5419.363515675902 -3216.303048380723 3899.385096277234
 -3695.666852243041 5795.28680591872 1256.41198223442 -6549.114983271319 3183.177929714058
 -5474.363215679464 7147.413648538412 -9693.562115523031 8725.153425704018 -977.4648129759044
 9131.712132225319 9588.847814720517 4964.25644190441 4743.29198095116 2868.71978528752
 -8428.625906413636 -8169.642094305226 2294.047792191681 5733.930264002873 9104.637446971454
 -4099.172596134829 4134.963717696601 3332.605845589309 -9110.973332187594 8279.923092866382
 7524.113890207238 -5664.675157960199 9128.982106201813 -352.5945127179493 -1727.734395283333
 -2752.235512456273 5463.427114248836 -7273.841973297298 -703.4019555566629 5910.790227307863
 -126.6761339414043 1496.039007672236 -529.4506209572446 7931.722821452971 -8935.400386322135
 -4623.379727417672 -2051.910558663196 5680.715542623913 1091.0533598488 1914.218548192641
 6511.843587020518 -6330.312347910583 8777.897242410101 -9566.570997531242 -7837.151095949237
 -3232.561588934776 3536.451768303543 2359.380677819567 -1215.689306912605 -4508.28565101378
 2489.866897390459 -2665.834034387958 4826.244550237388 4218.804833869912 6620.05016958854
 -2237.515120455548 713.3038139764958 -3597.131198214493 -4200.132793670947 -8522.763650323588
 -6668.705877915558 -7075.09631593409 -347.2718063583634 -5474.794172751015 -4370.936474726694
 -5306.769191359407 -1796.12441925516 -8694.455314740308 240.0804178962935 7416.345008173666
 9405.26568547518 -7646.450315973944 -3079.704160282705 -6069.992407384616 8073.389200575115
 -8428.625906413636 -8169.642094305226 2294.047792191681 5733.930264002873 9104.637446971454
 5034.810847605606 1608.589525347406 -9720.414233665288 1417.578655929683 3030.937091263015
 4862.237318253849 -8963.906582001877 -7145.458927046292 6702.83412520714 -392.2789562855978
 8386.215343376018 3124.191846820255 8961.580742219161 -7085.228308335535 -387.7611814145184
 -2281.27466026366 5218.745930185656 300.7468599506683 2849.154676236412 6296.770508482641
 -5474.363215679464 7147.413648538412 -9693.562115523031 8725.153425704018 -977.4648129759044
 2033.895101502967 -2618.013911470268 1914.414072444131 718.9429433351397 1901.643468742153
 7140.894688525663 -1611.459044033636 4249.309028712678 -9477.996577192554 7121.130441725942
 -5494.296252162453 -4841.598293664661 -9359.181649367179 5323.336313507336 -4627.587639146978
 5904.433224401788 8358.270558949767 4072.516852813053 5556.740832157442 -5619.311619810517
 2948.258130901893 6659.188507201055 -2895.395480413004 -6013.291725901814 -6351.55215960678
 8872.959907069999 4823.029325857682 -3508.50369024386 -5506.461602803737 7455.219491174321
 5866.797091859535 -1470.254892113804 -1152.212513151408 -4808.61740511351 2028.95352672218
 9400.568040291899 -3731.02948884638 4006.678850091957 -9257.233034543999 4551.377026763053
 -445.3737317346149 7503.274458874566 -8637.314122135431 9064.810985903616 4026.404718809772
 6880.475472969087 3754.048071647567 -4513.817237701175 284.5131781214586 9618.465809014509
 -8900.463960400532 -3503.054910151623 4245.809780101039 -7167.763075261417 -8193.037960201849
 21.73083470590245 3516.117468034101 -3413.23153010895 -1337.51606530129 -6218.722616698413
 -8121.52729745641 -6464.584857324211 -5024.015948265213 -6129.042883006614 -290.2553110114586
 7140.894688525663 -1611.459044033636 4249.309028712678 -9477.996577192554 7121.130441725942
 -7275.233572712445 7947.85060719887 -6488.897863971509 -223.7061990973252 6824.786646588713
 6084.461554126037 9134.823004091253 -9480.139019494101 -934.1176607238194 2140.060212400478
 -550.7871868273032 -6561.449110327696 -694.9887643617276 9670.049060450903 247.605952936894
