# Created by Octave 4.2.1, Mon Oct 09 18:42:18 2017 BRT <root@mosqueiro>
# name: pop
# type: matrix
# rows: 1000
# columns: 5
 9038.161742797551 -7898.573771228968 1150.865555485592 -5448.37831385851 3174.518999990009
 9038.161742797551 -7898.573771228968 1150.865555485592 -5448.37831385851 3174.518999990009
 9038.161742797551 -7898.573771228968 1150.865555485592 -5448.37831385851 3174.518999990009
 9038.161742797551 -7898.573771228968 1150.865555485592 -5448.37831385851 3174.518999990009
 9038.161742797551 -7898.573771228968 1150.865555485592 -5448.37831385851 3174.518999990009
 16226.87397331294 -9623.76200315986 -935.8544888484344 -4820.767236647233 803.4736083087855
 9038.161742797551 -7898.573771228968 1150.865555485592 -5448.37831385851 3174.518999990009
 9038.161742797551 -7898.573771228968 1150.865555485592 -5448.37831385851 3174.518999990009
 10085.58923998716 -7135.588406499579 -1741.868204733084 -1944.068074669459 12635.53150375582
 9038.161742797551 -7898.573771228968 1150.865555485592 -5448.37831385851 3174.518999990009
 865.8707688056475 6228.067797392723 7699.47088829285 -26517.49270158685 17865.52753738066
 19323.27120729442 -11872.90851638661 896.2053089558431 806.3349574389222 3816.434992481044
 3914.591878648457 -5693.891825930628 462.4806142436278 -12533.97518925031 5500.476899075835
 2038.090084053971 -11955.62949866755 7724.124702126617 -2272.1672739763 -7033.812627153002
 9038.161742797551 -7898.573771228968 1150.865555485592 -5448.37831385851 3174.518999990009
 12523.52461407101 -3038.747687821625 1398.418464531164 -6957.104014966972 9459.233395694782
 9038.161742797551 -7898.573771228968 1150.865555485592 -5448.37831385851 3174.518999990009
 9038.161742797551 -7898.573771228968 1150.865555485592 -5448.37831385851 3174.518999990009
 851.2661118154874 -3108.314178807947 4509.164019583362 5605.892214234913 7215.78792762671
 12661.22198192029 -6419.55361095777 8395.674851922897 -6072.845542600906 5350.983229923493
 9038.161742797551 -7898.573771228968 1150.865555485592 -5448.37831385851 3174.518999990009
 9038.161742797551 -7898.573771228968 1150.865555485592 -5448.37831385851 3174.518999990009
 27512.30785633709 -21608.30845839313 30076.51816015612 -28826.27266320571 1053.358973034168
 9038.161742797551 -7898.573771228968 1150.865555485592 -5448.37831385851 3174.518999990009
 9038.161742797551 -7898.573771228968 1150.865555485592 -5448.37831385851 3174.518999990009
 9038.161742797551 -7898.573771228968 1150.865555485592 -5448.37831385851 3174.518999990009
 9038.161742797551 -7898.573771228968 1150.865555485592 -5448.37831385851 3174.518999990009
 318.0300275186128 -3368.493902160878 468.2419467838929 -2007.389441481568 7413.949254129278
 9038.161742797551 -7898.573771228968 1150.865555485592 -5448.37831385851 3174.518999990009
 19273.80521700302 -7156.947251643602 -12095.66585156539 -6429.418069105411 11011.0395175618
 8599.741582731323 -5551.819995944445 1680.838427979618 -3295.386030356886 10030.79306171255
 9038.161742797551 -7898.573771228968 1150.865555485592 -5448.37831385851 3174.518999990009
 9038.161742797551 -7898.573771228968 1150.865555485592 -5448.37831385851 3174.518999990009
 9038.161742797551 -7898.573771228968 1150.865555485592 -5448.37831385851 3174.518999990009
 9038.161742797551 -7898.573771228968 1150.865555485592 -5448.37831385851 3174.518999990009
 4563.352031708493 -14658.49109185364 733.0538038755456 -1880.75873310303 6872.841607761437
 4990.534214658261 -8087.903873285008 9568.595026993909 -4170.490628660511 1306.112609601229
 9038.161742797551 -7898.573771228968 1150.865555485592 -5448.37831385851 3174.518999990009
 9038.161742797551 -7898.573771228968 1150.865555485592 -5448.37831385851 3174.518999990009
 9038.161742797551 -7898.573771228968 1150.865555485592 -5448.37831385851 3174.518999990009
 -13898.4956173697 -12032.67043395342 7382.64040506759 15053.78341343057 24513.17506210104
 9038.161742797551 -7898.573771228968 1150.865555485592 -5448.37831385851 3174.518999990009
 9038.161742797551 -7898.573771228968 1150.865555485592 -5448.37831385851 3174.518999990009
 9038.161742797551 -7898.573771228968 1150.865555485592 -5448.37831385851 3174.518999990009
 10688.66914093399 -1976.323800783928 -13503.55570310012 -16257.93265346343 -20200.94208195878
 9038.161742797551 -7898.573771228968 1150.865555485592 -5448.37831385851 3174.518999990009
 3922.85931082502 -13810.08227777674 -3364.302888808304 -14987.43116548755 1443.756296202168
 9038.161742797551 -7898.573771228968 1150.865555485592 -5448.37831385851 3174.518999990009
 8494.970515723306 -2651.726482384081 1677.879345852369 -10514.25810333183 3411.389279859724
 9038.161742797551 -7898.573771228968 1150.865555485592 -5448.37831385851 3174.518999990009
 7660.170493771326 -9068.4775980918 -2247.823714431739 -11534.67178552271 994.9589862840476
 5941.870687240961 4890.883234727802 14814.59819422121 -19630.75368145859 22877.17228099088
 9038.161742797551 -7898.573771228968 1150.865555485592 -5448.37831385851 3174.518999990009
 9038.161742797551 -7898.573771228968 1150.865555485592 -5448.37831385851 3174.518999990009
 9038.161742797551 -7898.573771228968 1150.865555485592 -5448.37831385851 3174.518999990009
 9038.161742797551 -7898.573771228968 1150.865555485592 -5448.37831385851 3174.518999990009
 9038.161742797551 -7898.573771228968 1150.865555485592 -5448.37831385851 3174.518999990009
 9038.161742797551 -7898.573771228968 1150.865555485592 -5448.37831385851 3174.518999990009
 9038.161742797551 -7898.573771228968 1150.865555485592 -5448.37831385851 3174.518999990009
 10688.66914093399 -1976.323800783928 -13503.55570310012 -16257.93265346343 -20200.94208195878
 9038.161742797551 -7898.573771228968 1150.865555485592 -5448.37831385851 3174.518999990009
 9038.161742797551 -7898.573771228968 1150.865555485592 -5448.37831385851 3174.518999990009
 9038.161742797551 -7898.573771228968 1150.865555485592 -5448.37831385851 3174.518999990009
 14804.50610261199 5687.256656366504 -9536.132876337542 17592.92435131767 3092.710423035058
 -1251.220231255301 -10487.41603161983 18737.36133853205 1463.57111259086 7131.716280791605
 9038.161742797551 -7898.573771228968 1150.865555485592 -5448.37831385851 3174.518999990009
 9038.161742797551 -7898.573771228968 1150.865555485592 -5448.37831385851 3174.518999990009
 9038.161742797551 -7898.573771228968 1150.865555485592 -5448.37831385851 3174.518999990009
 9038.161742797551 -7898.573771228968 1150.865555485592 -5448.37831385851 3174.518999990009
 9038.161742797551 -7898.573771228968 1150.865555485592 -5448.37831385851 3174.518999990009
 9038.161742797551 -7898.573771228968 1150.865555485592 -5448.37831385851 3174.518999990009
 7734.97603424009 -19379.20196586573 9559.053564806811 -15864.6579878628 26616.54405417006
 9038.161742797551 -7898.573771228968 1150.865555485592 -5448.37831385851 3174.518999990009
 9038.161742797551 -7898.573771228968 1150.865555485592 -5448.37831385851 3174.518999990009
 5823.216973116668 -3003.36464729194 -1992.404322100635 -7253.046550427232 2567.997924937323
 9038.161742797551 -7898.573771228968 1150.865555485592 -5448.37831385851 3174.518999990009
 9038.161742797551 -7898.573771228968 1150.865555485592 -5448.37831385851 3174.518999990009
 8424.426218651693 -15509.53205110653 12944.42932855287 -9857.047375013361 5544.644830978936
 -15559.36862533295 -21980.65507505583 9570.398437165799 -20620.42302252792 11498.69343083258
 9038.161742797551 -7898.573771228968 1150.865555485592 -5448.37831385851 3174.518999990009
 9038.161742797551 -7898.573771228968 1150.865555485592 -5448.37831385851 3174.518999990009
 9038.161742797551 -7898.573771228968 1150.865555485592 -5448.37831385851 3174.518999990009
 12523.52461407101 -3038.747687821625 1398.418464531164 -6957.104014966972 9459.233395694782
 9038.161742797551 -7898.573771228968 1150.865555485592 -5448.37831385851 3174.518999990009
 8679.241004577729 -10945.62694382633 10568.099171568 -14996.21722472477 9926.674420191637
