# Created by Octave 4.2.1, Mon Oct 09 18:13:40 2017 BRT <root@mosqueiro>
# name: pop
# type: matrix
# rows: 1000
# columns: 5
 34449.11947216377 7684.613125801574 -26592.95141702111 1094.052654891392 -16635.02016444187
 34802.71931685839 7970.032469631208 -27031.23017163886 686.6487558650936 -16427.68366579396
 34802.71931685839 7970.032469631208 -27031.23017163886 686.6487558650936 -16427.68366579396
 34802.71931685839 7970.032469631208 -27031.23017163886 686.6487558650936 -16427.68366579396
 34802.71931685839 7970.032469631208 -27031.23017163886 686.6487558650936 -16427.68366579396
 34882.31893158954 8255.940524434562 -26857.93424234281 1020.49524061785 -16496.56831624421
 34669.09880419861 8014.867429805073 -27160.39196424416 416.8237220313792 -16162.70635944436
 34882.31893158954 8255.940524434562 -26857.93424234281 1020.49524061785 -16496.56831624421
 34684.82047406463 8104.296767690623 -27179.06477973902 542.9038531420571 -16213.99615676596
 34447.08728064853 7618.634146821282 -26530.31382662204 1079.642383928887 -16617.42452196352
 34781.93005716904 8057.090347188324 -27092.34692145588 694.996333186322 -16365.61927467292
 34756.40330092981 7995.586430664207 -27046.68759611512 686.8750187560518 -16389.80441378051
 34953.27858614126 7813.72355612004 -26544.39753384038 695.469663736476 -16658.27010581208
 34430.21309060592 7600.284910405087 -26652.53366815602 1071.567472383392 -16592.53187313633
 34447.08728064853 7618.634146821282 -26530.31382662204 1079.642383928887 -16617.42452196352
 35209.88560105902 8639.403708258256 -28823.91709542849 3035.492660727759 -17945.13946499412
 34437.46413953289 7651.62171098212 -26568.42522921663 1104.619293018527 -16624.31331122501
 34437.46413953289 7651.62171098212 -26568.42522921663 1104.619293018527 -16624.31331122501
 34802.71931685839 7970.032469631208 -27031.23017163886 686.6487558650936 -16427.68366579396
 34437.46413953289 7651.62171098212 -26568.42522921663 1104.619293018527 -16624.31331122501
 34437.46413953289 7651.62171098212 -26568.42522921663 1104.619293018527 -16624.31331122501
 34437.46413953289 7651.62171098212 -26568.42522921663 1104.619293018527 -16624.31331122501
 34824.0924703924 7974.716701013193 -27036.15388495184 663.5920949524092 -16374.13619053827
 34437.46413953289 7651.62171098212 -26568.42522921663 1104.619293018527 -16624.31331122501
 34340.97602449763 7765.466688593739 -26498.45149472254 1026.846951817251 -16580.61186293895
 34437.46413953289 7651.62171098212 -26568.42522921663 1104.619293018527 -16624.31331122501
 34339.17382368304 7690.533805355495 -26621.18323323885 1100.542701892146 -16702.55151618665
 34437.46413953289 7651.62171098212 -26568.42522921663 1104.619293018527 -16624.31331122501
 34426.30945485028 7605.004767892805 -26489.74061403602 1130.07402667192 -16592.64221602571
 34592.78433201078 8030.775118853002 -27139.26616783354 474.6552839659774 -16310.67132626134
 34437.46413953289 7651.62171098212 -26568.42522921663 1104.619293018527 -16624.31331122501
 34437.46413953289 7651.62171098212 -26568.42522921663 1104.619293018527 -16624.31331122501
 34756.40330092981 7995.586430664207 -27046.68759611512 686.8750187560518 -16389.80441378051
 34756.40330092981 7995.586430664207 -27046.68759611512 686.8750187560518 -16389.80441378051
 34449.11947216377 7684.613125801574 -26592.95141702111 1094.052654891392 -16635.02016444187
 34450.45821713562 7627.375793701579 -26608.72956407412 1120.60984380466 -16600.84634315304
 34437.46413953289 7651.62171098212 -26568.42522921663 1104.619293018527 -16624.31331122501
 34437.46413953289 7651.62171098212 -26568.42522921663 1104.619293018527 -16624.31331122501
 34756.40330092981 7995.586430664207 -27046.68759611512 686.8750187560518 -16389.80441378051
 34437.46413953289 7651.62171098212 -26568.42522921663 1104.619293018527 -16624.31331122501
 34437.46413953289 7651.62171098212 -26568.42522921663 1104.619293018527 -16624.31331122501
 34802.71931685839 7970.032469631208 -27031.23017163886 686.6487558650936 -16427.68366579396
 34437.46413953289 7651.62171098212 -26568.42522921663 1104.619293018527 -16624.31331122501
 34802.71931685839 7970.032469631208 -27031.23017163886 686.6487558650936 -16427.68366579396
 34437.46413953289 7651.62171098212 -26568.42522921663 1104.619293018527 -16624.31331122501
 34437.46413953289 7651.62171098212 -26568.42522921663 1104.619293018527 -16624.31331122501
 34437.46413953289 7651.62171098212 -26568.42522921663 1104.619293018527 -16624.31331122501
 34579.98692718903 8071.493611522482 -26831.93184919362 1163.363165269832 -16036.47368755131
 34819.4795844907 8035.164251148858 -26787.74394529661 697.8614679789777 -16222.86495225348
 34437.46413953289 7651.62171098212 -26568.42522921663 1104.619293018527 -16624.31331122501
 34744.00445332392 7959.903382430758 -27062.55025244962 698.0950600038757 -16401.01533138042
 34437.46413953289 7651.62171098212 -26568.42522921663 1104.619293018527 -16624.31331122501
 34708.14744462658 8010.016382239834 -27008.98273203897 637.801514263388 -16306.52898764708
 34802.71931685839 7970.032469631208 -27031.23017163886 686.6487558650936 -16427.68366579396
 34445.76697640181 7627.055122353797 -26521.26897549177 1048.185836721336 -16606.59450363502
 34432.00798142659 7744.046490663748 -26582.53239584247 1025.574615742898 -16604.5730606299
 34437.46413953289 7651.62171098212 -26568.42522921663 1104.619293018527 -16624.31331122501
 34437.46413953289 7651.62171098212 -26568.42522921663 1104.619293018527 -16624.31331122501
 34437.46413953289 7651.62171098212 -26568.42522921663 1104.619293018527 -16624.31331122501
 34437.46413953289 7651.62171098212 -26568.42522921663 1104.619293018527 -16624.31331122501
 34802.71931685839 7970.032469631208 -27031.23017163886 686.6487558650936 -16427.68366579396
 34693.68383249602 7697.84711930054 -27072.70846769117 913.8520043889837 -16549.68187164403
 34763.58384535662 7920.186780229086 -27067.55798221497 585.5853451960952 -16396.08217587003
 34437.46413953289 7651.62171098212 -26568.42522921663 1104.619293018527 -16624.31331122501
 34429.60264672266 7644.976286489598 -26594.18232769537 1097.433736154201 -16623.39677107248
 34812.94863787268 8087.019725952275 -26989.61839609241 685.9812541175963 -16376.52155879918
 34437.46413953289 7651.62171098212 -26568.42522921663 1104.619293018527 -16624.31331122501
 34437.46413953289 7651.62171098212 -26568.42522921663 1104.619293018527 -16624.31331122501
 34437.46413953289 7651.62171098212 -26568.42522921663 1104.619293018527 -16624.31331122501
 34428.49209307932 7628.43682185597 -26581.41802235317 1134.387813305093 -16652.51682706093
 34437.46413953289 7651.62171098212 -26568.42522921663 1104.619293018527 -16624.31331122501
 34437.46413953289 7651.62171098212 -26568.42522921663 1104.619293018527 -16624.31331122501
 34756.40330092981 7995.586430664207 -27046.68759611512 686.8750187560518 -16389.80441378051
 34437.46413953289 7651.62171098212 -26568.42522921663 1104.619293018527 -16624.31331122501
 34756.40330092981 7995.586430664207 -27046.68759611512 686.8750187560518 -16389.80441378051
 34802.71931685839 7970.032469631208 -27031.23017163886 686.6487558650936 -16427.68366579396
 34437.46413953289 7651.62171098212 -26568.42522921663 1104.619293018527 -16624.31331122501
 34802.71931685839 7970.032469631208 -27031.23017163886 686.6487558650936 -16427.68366579396
 34384.88990786577 7799.908663607511 -26585.86063476508 1008.579242846518 -16663.4860320175
 34882.31893158954 8255.940524434562 -26857.93424234281 1020.49524061785 -16496.56831624421
 34756.40330092981 7995.586430664207 -27046.68759611512 686.8750187560518 -16389.80441378051
 34455.09907159911 7642.820707504096 -26579.97293866826 1083.329473575872 -16660.02242574214
 34437.46413953289 7651.62171098212 -26568.42522921663 1104.619293018527 -16624.31331122501
 34437.46413953289 7651.62171098212 -26568.42522921663 1104.619293018527 -16624.31331122501
 34437.46413953289 7651.62171098212 -26568.42522921663 1104.619293018527 -16624.31331122501
