# Created by Octave 4.2.1, Mon Oct 09 18:34:15 2017 BRT <root@mosqueiro>
# name: pop
# type: matrix
# rows: 1000
# columns: 5
 -8159.716472747979 7452.657826101266 -9348.319574884814 7530.915947201678 2523.488975149219
 -8159.716472747979 7452.657826101266 -9348.319574884814 7530.915947201678 2523.488975149219
 -8159.716472747979 7452.657826101266 -9348.319574884814 7530.915947201678 2523.488975149219
 -8159.716472747979 7452.657826101266 -9348.319574884814 7530.915947201678 2523.488975149219
 -8159.716472747979 7452.657826101266 -9348.319574884814 7530.915947201678 2523.488975149219
 -8159.458250395956 7452.575371880208 -9348.310318219474 7530.87972367268 2523.34089925827
 -8159.503320999906 7452.550262570833 -9348.319351788861 7530.916463175695 2523.382933184041
 -8159.458250395956 7452.575371880208 -9348.310318219474 7530.87972367268 2523.34089925827
 -8159.488288556285 7452.574614893148 -9348.298803830025 7530.886131252041 2523.353762760844
 -8159.716528202689 7452.656191638046 -9348.319113303191 7530.917080187511 2523.487818462062
 -8159.458250395956 7452.575371880208 -9348.310318219474 7530.87972367268 2523.34089925827
 -8159.726658239339 7452.675582947621 -9348.301937884329 7530.878238057283 2523.502508315878
 -8159.719707918466 7452.668946026674 -9348.310053630652 7530.903934796901 2523.483885525389
 -8159.500806948556 7452.525805657863 -9348.315699476121 7530.956676299444 2523.365813319669
 -8159.456682242664 7452.57706345685 -9348.310787064651 7530.880752344527 2523.335722991317
 -8159.721950121208 7452.669133559213 -9348.304204358328 7530.875793090213 2523.508945050744
 -8159.458250395956 7452.575371880208 -9348.310318219474 7530.87972367268 2523.34089925827
 -8159.500704474723 7452.554418952471 -9348.315075868928 7530.912223615664 2523.374393324208
 -8159.488887754987 7452.576480400871 -9348.29760929174 7530.885893177339 2523.351122248197
 -8159.456223949796 7452.576581065644 -9348.310485131704 7530.880698863009 2523.336311070571
 -8159.497837379237 7452.556675163131 -9348.31444570333 7530.91199299586 2523.371286922267
 -8159.458965179448 7452.573753003967 -9348.304634990787 7530.870664363008 2523.345566355419
 -8159.480458728165 7452.552813274678 -9348.313108042525 7530.906968491267 2523.376377844284
 -8159.716472747979 7452.657826101266 -9348.319574884814 7530.915947201678 2523.488975149219
 -8159.425379530951 7452.553068726208 -9348.292017867569 7530.903092688758 2523.288980936046
 -8159.500704474723 7452.554418952471 -9348.315075868928 7530.912223615664 2523.374393324208
 -8159.458250395956 7452.575371880208 -9348.310318219474 7530.87972367268 2523.34089925827
 -8159.719707918466 7452.668946026674 -9348.310053630652 7530.903934796901 2523.483885525389
 -8159.503320999906 7452.550262570833 -9348.319351788861 7530.916463175695 2523.382933184041
 -8159.503320999906 7452.550262570833 -9348.319351788861 7530.916463175695 2523.382933184041
 -8159.501687072022 7452.550459116196 -9348.31320669524 7530.914120767728 2523.373367361656
 -8159.716472747979 7452.657826101266 -9348.319574884814 7530.915947201678 2523.488975149219
 -8159.716472747979 7452.657826101266 -9348.319574884814 7530.915947201678 2523.488975149219
 -8159.503861263249 7452.549795082256 -9348.322395400319 7530.917046351314 2523.385964879159
 -8159.726658239339 7452.675582947621 -9348.301937884329 7530.878238057283 2523.502508315878
 -8159.503320999906 7452.550262570833 -9348.319351788861 7530.916463175695 2523.382933184041
 -8159.488288556285 7452.574614893148 -9348.298803830025 7530.886131252041 2523.353762760844
 -8159.716472747979 7452.657826101266 -9348.319574884814 7530.915947201678 2523.488975149219
 -8159.719707918466 7452.668946026674 -9348.310053630652 7530.903934796901 2523.483885525389
 -8159.634876394226 7452.583355036308 -9348.224560404235 7531.07251336284 2523.228334851545
 -8159.503320999906 7452.550262570833 -9348.319351788861 7530.916463175695 2523.382933184041
 -8159.503320999906 7452.550262570833 -9348.319351788861 7530.916463175695 2523.382933184041
 -8159.500704474723 7452.554418952471 -9348.315075868928 7530.912223615664 2523.374393324208
 -8159.458250395956 7452.575371880208 -9348.310318219474 7530.87972367268 2523.34089925827
 -8159.500704474723 7452.554418952471 -9348.315075868928 7530.912223615664 2523.374393324208
 -8159.506151441584 7452.564921041992 -9348.321590313375 7530.90597757209 2523.383095869476
 -8159.500704474723 7452.554418952471 -9348.315075868928 7530.912223615664 2523.374393324208
 -8159.500704474723 7452.554418952471 -9348.315075868928 7530.912223615664 2523.374393324208
 -8159.716472747979 7452.657826101266 -9348.319574884814 7530.915947201678 2523.488975149219
 -8159.725876342241 7452.67223663855 -9348.301312908996 7530.877449060407 2523.504544883203
 -8159.458250395956 7452.575371880208 -9348.310318219474 7530.87972367268 2523.34089925827
 -8159.458250395956 7452.575371880208 -9348.310318219474 7530.87972367268 2523.34089925827
 -8159.506151441584 7452.564921041992 -9348.321590313375 7530.90597757209 2523.383095869476
 -8159.716472747979 7452.657826101266 -9348.319574884814 7530.915947201678 2523.488975149219
 -8159.503861263249 7452.549795082256 -9348.322395400319 7530.917046351314 2523.385964879159
 -8159.458250395956 7452.575371880208 -9348.310318219474 7530.87972367268 2523.34089925827
 -7073.796892590395 7344.044288368405 -9917.803137704066 7562.03696049464 2084.558662002119
 -8159.425379530951 7452.553068726208 -9348.292017867569 7530.903092688758 2523.288980936046
 -8159.458250395956 7452.575371880208 -9348.310318219474 7530.87972367268 2523.34089925827
 -8159.716599658575 7452.654900459346 -9348.320869270559 7530.917170204547 2523.486929050878
 -8159.719707918466 7452.668946026674 -9348.310053630652 7530.903934796901 2523.483885525389
 -7071.852254763447 7342.746514751819 -9915.185489717771 7559.995260859894 2083.302364916182
 -8159.726658239339 7452.675582947621 -9348.301937884329 7530.878238057283 2523.502508315878
 -8159.502195161221 7452.55621422796 -9348.314777806763 7530.919783792398 2523.36797742646
 -8159.425874709214 7452.552331982215 -9348.292040976141 7530.901903395707 2523.28838780874
 -8159.458965179448 7452.573753003967 -9348.304634990787 7530.870664363008 2523.345566355419
 -8159.458965179448 7452.573753003967 -9348.304634990787 7530.870664363008 2523.345566355419
 -8159.716911365233 7452.649477275868 -9348.318585832476 7530.919252018873 2523.486516150715
 -8159.461484105817 7452.563444604923 -9348.304011205042 7530.888082317992 2523.331776240102
 -8159.505517793857 7452.550566537387 -9348.319162470394 7530.91661896177 2523.379850542041
 -8159.509467149021 7452.554427919279 -9348.311804868175 7530.918544486506 2523.374005723175
 -8159.503320999906 7452.550262570833 -9348.319351788861 7530.916463175695 2523.382933184041
 -8159.503861263249 7452.549795082256 -9348.322395400319 7530.917046351314 2523.385964879159
 -8159.716472747979 7452.657826101266 -9348.319574884814 7530.915947201678 2523.488975149219
 -8159.716653900629 7452.654249747471 -9348.317532530878 7530.911874722581 2523.494846434224
 -8159.458250395956 7452.575371880208 -9348.310318219474 7530.87972367268 2523.34089925827
 -8159.500925190237 7452.550379714554 -9348.320500020467 7530.91577727162 2523.383869053033
 -8159.506151441584 7452.564921041992 -9348.321590313375 7530.90597757209 2523.383095869476
 -8159.500704474723 7452.554418952471 -9348.315075868928 7530.912223615664 2523.374393324208
 -8159.458250395956 7452.575371880208 -9348.310318219474 7530.87972367268 2523.34089925827
 -8159.726658239339 7452.675582947621 -9348.301937884329 7530.878238057283 2523.502508315878
 -8159.488288556285 7452.574614893148 -9348.298803830025 7530.886131252041 2523.353762760844
 -8159.719714659132 7452.668007113324 -9348.310701974551 7530.904319445332 2523.486018474164
 -8159.458250395956 7452.575371880208 -9348.310318219474 7530.87972367268 2523.34089925827
 -8159.719707918466 7452.668946026674 -9348.310053630652 7530.903934796901 2523.483885525389
