# Created by Octave 4.2.1, Mon Oct 09 18:50:20 2017 BRT <root@mosqueiro>
# name: pop
# type: matrix
# rows: 1000
# columns: 5
 9081.242393361788 -7533.837378680795 1009.049512125731 -5823.870460274391 3266.721591451996
 9082.112323008307 -7533.341274664779 1007.730253549487 -5823.017558910085 3265.822251107009
 9080.993510751354 -7533.75291645619 1008.986818279989 -5823.693381027124 3266.771157320053
 9081.241387591401 -7533.835540732657 1009.040991506879 -5823.863793378126 3266.72209409358
 9081.098236128029 -7548.026380728488 1020.51563543636 -5826.999803111743 3272.717392099325
 9082.390749826505 -7494.345115490374 981.097854007425 -5884.396083670688 3314.557570370737
 9081.243637689218 -7533.83737053099 1009.04434513488 -5823.866127758537 3266.7218912418
 9082.390749826505 -7494.345115490374 981.097854007425 -5884.396083670688 3314.557570370737
 9082.390749826505 -7494.345115490374 981.097854007425 -5884.396083670688 3314.557570370737
 9081.243637689218 -7533.83737053099 1009.04434513488 -5823.866127758537 3266.7218912418
 9082.390749826505 -7494.345115490374 981.097854007425 -5884.396083670688 3314.557570370737
 9082.390749826505 -7494.345115490374 981.097854007425 -5884.396083670688 3314.557570370737
 9082.112143977089 -7533.331753113351 1007.729300876282 -5823.024230506736 3265.817427614803
 9080.991545203173 -7533.753947175249 1008.984400092105 -5823.690635557399 3266.771916475308
 9081.243637689218 -7533.83737053099 1009.04434513488 -5823.866127758537 3266.7218912418
 9082.390749826505 -7494.345115490374 981.097854007425 -5884.396083670688 3314.557570370737
 9080.990238779546 -7533.755009599815 1008.983898616536 -5823.689688982011 3266.769355917982
 10035.60394523054 -3535.471765784428 -1173.072652260446 -6354.670390706754 1026.912552928579
 9080.993510751354 -7533.75291645619 1008.986818279989 -5823.693381027124 3266.771157320053
 9081.098236128029 -7548.026380728488 1020.51563543636 -5826.999803111743 3272.717392099325
 9081.098236128029 -7548.026380728488 1020.51563543636 -5826.999803111743 3272.717392099325
 9081.243637689218 -7533.83737053099 1009.04434513488 -5823.866127758537 3266.7218912418
 9082.078917773619 -7533.357019846994 1007.733928006531 -5823.041936750717 3265.793566956509
 9082.390749826505 -7494.345115490374 981.097854007425 -5884.396083670688 3314.557570370737
 9081.242393361788 -7533.837378680795 1009.049512125731 -5823.870460274391 3266.721591451996
 9082.390749826505 -7494.345115490374 981.097854007425 -5884.396083670688 3314.557570370737
 9080.991710091319 -7533.758999440062 1008.983353100548 -5823.695288824152 3266.770389403197
 9082.390749826505 -7494.345115490374 981.097854007425 -5884.396083670688 3314.557570370737
 9082.10258538876 -7533.331668275463 1007.726731263289 -5823.018420877391 3265.825705045161
 9082.346578877927 -7494.350376661771 981.1444437815616 -5884.378112228935 3314.574647375506
 9081.243637689218 -7533.83737053099 1009.04434513488 -5823.866127758537 3266.7218912418
 9082.349923531046 -7494.380966672507 981.1834935775707 -5884.330246869544 3314.584019855256
 9080.991545203173 -7533.753947175249 1008.984400092105 -5823.690635557399 3266.771916475308
 9082.390749826505 -7494.345115490374 981.097854007425 -5884.396083670688 3314.557570370737
 9081.224480996645 -7533.865071538012 1009.023342585098 -5823.846529762047 3266.675606130036
 9081.230153417602 -7533.865372859379 1009.038726490576 -5823.871155389046 3266.710430911453
 9082.390749826505 -7494.345115490374 981.097854007425 -5884.396083670688 3314.557570370737
 9081.243637689218 -7533.83737053099 1009.04434513488 -5823.866127758537 3266.7218912418
 9081.215552044543 -7533.821149886338 1009.039801009475 -5823.841136888462 3266.715644961932
 9081.243637689218 -7533.83737053099 1009.04434513488 -5823.866127758537 3266.7218912418
 9081.243637689218 -7533.83737053099 1009.04434513488 -5823.866127758537 3266.7218912418
 9081.098236128029 -7548.026380728488 1020.51563543636 -5826.999803111743 3272.717392099325
 9082.390749826505 -7494.345115490374 981.097854007425 -5884.396083670688 3314.557570370737
 9075.524793442135 -7496.547065172394 982.3962633022179 -5880.305557540834 3318.238291504811
 9081.224922667614 -7533.825088132382 1009.043726895227 -5823.87848639572 3266.72142764603
 9082.367759499748 -7494.350411117144 981.162060609357 -5884.389197688558 3314.542140735805
 10035.60544396348 -3535.433071535764 -1173.111910711064 -6354.643419462021 1026.894691560634
 9081.23777012583 -7533.836394702123 1009.052312963458 -5823.869288030691 3266.724945960133
 9081.243637689218 -7533.83737053099 1009.04434513488 -5823.866127758537 3266.7218912418
 9081.243637689218 -7533.83737053099 1009.04434513488 -5823.866127758537 3266.7218912418
 9082.390749826505 -7494.345115490374 981.097854007425 -5884.396083670688 3314.557570370737
 9081.243637689218 -7533.83737053099 1009.04434513488 -5823.866127758537 3266.7218912418
 9081.098236128029 -7548.026380728488 1020.51563543636 -5826.999803111743 3272.717392099325
 9080.991545203173 -7533.753947175249 1008.984400092105 -5823.690635557399 3266.771916475308
 9080.993157837034 -7533.753493323972 1008.98753281378 -5823.689634224905 3266.775365807837
 9081.019809037416 -7533.712296313454 1008.997462964401 -5823.66763255604 3266.770871416084
 9082.390749826505 -7494.345115490374 981.097854007425 -5884.396083670688 3314.557570370737
 9080.985388241115 -7533.75515521728 1008.982865377713 -5823.684799428926 3266.774231316038
 9080.995378615155 -7533.751868119984 1008.981824224615 -5823.693019789074 3266.769103619906
 9081.242393361788 -7533.837378680795 1009.049512125731 -5823.870460274391 3266.721591451996
 9075.524151622929 -7496.539241425705 982.3987223362584 -5880.30000048245 3318.233271907948
 9080.991545203173 -7533.753947175249 1008.984400092105 -5823.690635557399 3266.771916475308
 9082.112143977089 -7533.331753113351 1007.729300876282 -5823.024230506736 3265.817427614803
 9082.10258538876 -7533.331668275463 1007.726731263289 -5823.018420877391 3265.825705045161
 9081.243637689218 -7533.83737053099 1009.04434513488 -5823.866127758537 3266.7218912418
 9082.390749826505 -7494.345115490374 981.097854007425 -5884.396083670688 3314.557570370737
 9082.390749826505 -7494.345115490374 981.097854007425 -5884.396083670688 3314.557570370737
 9082.390749826505 -7494.345115490374 981.097854007425 -5884.396083670688 3314.557570370737
 9081.098236128029 -7548.026380728488 1020.51563543636 -5826.999803111743 3272.717392099325
 9075.524793442135 -7496.547065172394 982.3962633022179 -5880.305557540834 3318.238291504811
 9082.390749826505 -7494.345115490374 981.097854007425 -5884.396083670688 3314.557570370737
 9081.243637689218 -7533.83737053099 1009.04434513488 -5823.866127758537 3266.7218912418
 9081.243637689218 -7533.83737053099 1009.04434513488 -5823.866127758537 3266.7218912418
 9081.243637689218 -7533.83737053099 1009.04434513488 -5823.866127758537 3266.7218912418
 9075.524793442135 -7496.547065172394 982.3962633022179 -5880.305557540834 3318.238291504811
 9082.390749826505 -7494.345115490374 981.097854007425 -5884.396083670688 3314.557570370737
 9082.390749826505 -7494.345115490374 981.097854007425 -5884.396083670688 3314.557570370737
 9082.390749826505 -7494.345115490374 981.097854007425 -5884.396083670688 3314.557570370737
 9081.238545979295 -7533.836506906463 1009.046807675898 -5823.866430777525 3266.727714316239
 9081.24682067799 -7533.846818675477 1009.042402634927 -5823.860438068298 3266.722641708102
 9082.390749826505 -7494.345115490374 981.097854007425 -5884.396083670688 3314.557570370737
 9080.991545203173 -7533.753947175249 1008.984400092105 -5823.690635557399 3266.771916475308
 9081.252286872012 -7533.835308113796 1009.04384506543 -5823.867494570703 3266.718079722782
 9081.770149722579 -7534.186871222847 1009.965081731415 -5824.312334091568 3266.090721899152
 9081.041034359272 -7533.713618615975 1008.957753683447 -5823.655327810596 3266.750277804871
