# Created by Octave 4.2.1, Mon Oct 09 18:19:35 2017 BRT <root@mosqueiro>
# name: pop
# type: matrix
# rows: 1000
# columns: 5
 34429.25825084827 7649.169985724289 -26569.80981137476 1104.666644528647 -16614.28506491471
 34429.25824703193 7649.169996541792 -26569.8098048828 1104.666630256322 -16614.2850640306
 34429.55900353428 7649.066325585793 -26569.92391953208 1104.804562658722 -16614.50596725574
 34429.35359366841 7649.139313806506 -26569.81854014912 1104.65987911243 -16614.33424144662
 34429.55874104612 7649.066298663138 -26569.92374945222 1104.804505498811 -16614.50579052552
 34429.55900083219 7649.066324880768 -26569.92392151826 1104.804566752102 -16614.50596559532
 34429.25824282038 7649.169993592058 -26569.8098047627 1104.666641584627 -16614.28506531879
 34429.35359030156 7649.139313244889 -26569.81853780757 1104.659883652594 -16614.33424372703
 34429.25825662797 7649.17000636787 -26569.80981463184 1104.666650296507 -16614.28506247706
 34429.35359030156 7649.139313244889 -26569.81853780757 1104.659883652594 -16614.33424372703
 34429.25869099181 7649.169872354623 -26569.80980633259 1104.666973110555 -16614.28548156057
 34429.55881087812 7649.066413869332 -26569.92376570076 1104.804390597444 -16614.50575394175
 34429.5587398616 7649.066349232732 -26569.92389681901 1104.804509600677 -16614.50569647336
 34429.25824282038 7649.169993592058 -26569.8098047627 1104.666641584627 -16614.28506531879
 34429.55876394104 7649.066365768381 -26569.92385545887 1104.804485629504 -16614.5057035658
 34429.55900083219 7649.066324880768 -26569.92392151826 1104.804566752102 -16614.50596559532
 34429.25824703193 7649.169996541792 -26569.8098048828 1104.666630256322 -16614.2850640306
 34429.55900083219 7649.066324880768 -26569.92392151826 1104.804566752102 -16614.50596559532
 34429.25872779506 7649.169897233681 -26569.80978619406 1104.667026360206 -16614.28558856545
 34429.55876872642 7649.066435196928 -26569.92385481417 1104.804417795172 -16614.50566934909
 34429.25825084827 7649.169985724289 -26569.80981137476 1104.666644528647 -16614.28506491471
 34429.25824282038 7649.169993592058 -26569.8098047627 1104.666641584627 -16614.28506531879
 34429.25869015635 7649.169876638939 -26569.80980509576 1104.666977095316 -16614.28548315025
 34429.55900083219 7649.066324880768 -26569.92392151826 1104.804566752102 -16614.50596559532
 34429.25823655232 7649.169990934067 -26569.80980553273 1104.666644499352 -16614.28506081013
 34429.55899930535 7649.066325336703 -26569.92391410886 1104.804576284127 -16614.50596340882
 34429.35153236277 7649.471318154112 -26569.68379500478 1105.279180245706 -16615.42416510958
 34429.55876394104 7649.066365768381 -26569.92385545887 1104.804485629504 -16614.5057035658
 34429.25869099181 7649.169872354623 -26569.80980633259 1104.666973110555 -16614.28548156057
 34429.25824282038 7649.169993592058 -26569.8098047627 1104.666641584627 -16614.28506531879
 34429.25824282038 7649.169993592058 -26569.8098047627 1104.666641584627 -16614.28506531879
 34429.25869192462 7649.169874224879 -26569.80980468248 1104.666974320609 -16614.28548360937
 34429.25824282038 7649.169993592058 -26569.8098047627 1104.666641584627 -16614.28506531879
 34429.34978406286 7649.467573181317 -26569.67887565495 1105.2836645036 -16615.42113185409
 34429.25824282038 7649.169993592058 -26569.8098047627 1104.666641584627 -16614.28506531879
 34429.55876394104 7649.066365768381 -26569.92385545887 1104.804485629504 -16614.5057035658
 34429.55869152905 7649.066418724813 -26569.92373742028 1104.804577688318 -16614.50562476152
 34429.25869099181 7649.169872354623 -26569.80980633259 1104.666973110555 -16614.28548156057
 34429.55889446673 7649.066317715186 -26569.92386034465 1104.804421826469 -16614.50575059639
 34429.55876394104 7649.066365768381 -26569.92385545887 1104.804485629504 -16614.5057035658
 34429.55876394104 7649.066365768381 -26569.92385545887 1104.804485629504 -16614.5057035658
 34429.25824282038 7649.169993592058 -26569.8098047627 1104.666641584627 -16614.28506531879
 34429.55900353428 7649.066325585793 -26569.92391953208 1104.804562658722 -16614.50596725574
 34429.55876394104 7649.066365768381 -26569.92385545887 1104.804485629504 -16614.5057035658
 34429.25824282038 7649.169993592058 -26569.8098047627 1104.666641584627 -16614.28506531879
 34429.35358421606 7649.139311496463 -26569.81853370494 1104.65988763815 -16614.33424870233
 34429.25859622372 7649.16985868894 -26569.80987169884 1104.666996671676 -16614.28574701708
 34429.55874104612 7649.066298663138 -26569.92374945222 1104.804505498811 -16614.50579052552
 34429.55900083219 7649.066324880768 -26569.92392151826 1104.804566752102 -16614.50596559532
 34429.25869109431 7649.169882569402 -26569.8097948214 1104.666950900066 -16614.28546676962
 34429.5587596273 7649.066295167611 -26569.92396987394 1104.804437736717 -16614.5057630402
 34429.25824282038 7649.169993592058 -26569.8098047627 1104.666641584627 -16614.28506531879
 34429.5587398616 7649.066349232732 -26569.92389681901 1104.804509600677 -16614.50569647336
 34429.25875516373 7649.170036033128 -26569.8097559148 1104.666883981574 -16614.28570028713
 34429.25825084827 7649.169985724289 -26569.80981137476 1104.666644528647 -16614.28506491471
 34429.25869071503 7649.169868806835 -26569.80978806276 1104.666985565744 -16614.28546856821
 34429.25823971489 7649.169995712939 -26569.8098038715 1104.666640450091 -16614.2850606634
 34429.25869099181 7649.169872354623 -26569.80980633259 1104.666973110555 -16614.28548156057
 34429.5587518297 7649.066279855335 -26569.92372053646 1104.804492751312 -16614.50576883327
 34429.25824282038 7649.169993592058 -26569.8098047627 1104.666641584627 -16614.28506531879
 34429.55876394104 7649.066365768381 -26569.92385545887 1104.804485629504 -16614.5057035658
 34429.55900083219 7649.066324880768 -26569.92392151826 1104.804566752102 -16614.50596559532
 34429.55876394104 7649.066365768381 -26569.92385545887 1104.804485629504 -16614.5057035658
 34429.55880753971 7649.066299749782 -26569.92385845373 1104.804497761667 -16614.50573948949
 34429.2582449539 7649.169991509717 -26569.80980476432 1104.666632424473 -16614.2850743558
 34429.25868614818 7649.169872353424 -26569.80981487032 1104.666971875154 -16614.28548237585
 34429.35359030156 7649.139313244889 -26569.81853780757 1104.659883652594 -16614.33424372703
 34429.55873871292 7649.066300604914 -26569.92374458405 1104.804494224777 -16614.50577800169
 34429.55900083219 7649.066324880768 -26569.92392151826 1104.804566752102 -16614.50596559532
 34429.25864841554 7649.169862668212 -26569.80988788107 1104.667024453094 -16614.28543913693
 34429.25824282038 7649.169993592058 -26569.8098047627 1104.666641584627 -16614.28506531879
 34429.55876394104 7649.066365768381 -26569.92385545887 1104.804485629504 -16614.5057035658
 34429.25824703193 7649.169996541792 -26569.8098048828 1104.666630256322 -16614.2850640306
 34429.55889446673 7649.066317715186 -26569.92386034465 1104.804421826469 -16614.50575059639
 34429.35359030156 7649.139313244889 -26569.81853780757 1104.659883652594 -16614.33424372703
 34429.25822364104 7649.169967491621 -26569.80977688074 1104.66664765502 -16614.28504495057
 34429.55876394104 7649.066365768381 -26569.92385545887 1104.804485629504 -16614.5057035658
 34429.25824703193 7649.169996541792 -26569.8098048828 1104.666630256322 -16614.2850640306
 34429.55876394104 7649.066365768381 -26569.92385545887 1104.804485629504 -16614.5057035658
 34429.55900083219 7649.066324880768 -26569.92392151826 1104.804566752102 -16614.50596559532
 34429.55873742368 7649.066358592011 -26569.92388873878 1104.804509242131 -16614.50569970939
 34429.25824282038 7649.169993592058 -26569.8098047627 1104.666641584627 -16614.28506531879
 34429.55900083219 7649.066324880768 -26569.92392151826 1104.804566752102 -16614.50596559532
 34429.25824282038 7649.169993592058 -26569.8098047627 1104.666641584627 -16614.28506531879
 34429.25823834243 7649.170000871647 -26569.80980803172 1104.666643883993 -16614.28506544695
