# Created by Octave 4.2.1, Mon Oct 09 17:32:20 2017 BRT <root@mosqueiro>
# name: pop
# type: matrix
# rows: 1000
# columns: 5
 3069.186883280454 -6932.815978323069 -6616.08464653239 6858.316249444368 3656.422301383605
 3069.186883280454 -6932.815978323069 -6616.08464653239 6858.316249444368 3656.422301383605
 3069.186883280454 -6932.815978323069 -6616.08464653239 6858.316249444368 3656.422301383605
 3069.186883280454 -6932.815978323069 -6616.08464653239 6858.316249444368 3656.422301383605
 3069.186883280454 -6932.815978323069 -6616.08464653239 6858.316249444368 3656.422301383605
 16439.92518728224 -36034.37233792983 7509.18339988421 -30283.41806202495 10606.08839041852
 3747.235448509737 -8078.317132138539 -3522.306192054839 6993.369560702668 1344.75589178948
 -1665.758845929418 5581.76588559952 -931.9036329228402 5064.193082915062 -7869.968101138515
 -1112.854806385232 5243.692288222157 -292.3715313139783 3656.27627697233 -6614.103330566657
 7180.400662516127 -8929.890995366773 4945.264618462552 5890.90928406541 -1913.403675253936
 4191.744714242247 -9706.547720858449 33654.08187253502 6252.883032188661 50357.37914060913
 17933.56955770995 -29015.35794402779 -19975.97642612224 -29841.802780956 -16537.05957233449
 -9940.058544873627 -2575.752995892721 -3148.971822811592 3940.086025351333 2847.404235797558
 4034.907769847807 -2552.32409743333 -4448.652095031181 -1753.16190164084 4663.165721937623
 4643.606029891882 -23851.90711849703 9601.695066425609 -22782.73242951389 37653.87804917711
 9766.338335025001 4248.31322189542 8504.717966372977 9966.727112774508 4410.683705462618
 -1791.719941767489 9760.063689852264 -8507.165359543294 6820.574996314695 3204.238676982313
 -3605.61370797214 9421.324849617016 3385.918745838189 1390.18775493075 -9355.204626017634
 -1665.758845929418 5581.76588559952 -931.9036329228402 5064.193082915062 -7869.968101138515
 12567.48650138267 -9330.872261350096 -14027.50541677936 13455.37902065726 -17000.96605101069
 3921.044285246913 -1661.521184086852 -9101.04869656624 -7263.478426419207 -4869.397072915343
 9134.429945656932 8052.959065029791 -8488.609998692107 -667.0760098166775 -3515.867467147017
 -4706.45946132138 -1858.429160910847 2776.936307669737 -1252.411097590066 9078.02454810635
 5718.02275385439 -7697.050134593456 2846.802514684232 -9187.106274830368 9154.163092694391
 4034.907769847807 -2552.32409743333 -4448.652095031181 -1753.16190164084 4663.165721937623
 -5650.917767231419 -9185.217006030283 -706.1818277084603 546.4001128132404 9620.03561359127
 6808.115084519795 4252.143723356137 -404.0452467137438 -2798.192511445156 -7722.079062764028
 22313.39256549207 -25110.45605127446 -11893.95419939898 8570.252457757231 -34195.80163496701
 3881.15390269286 1220.76882617159 -4624.002494549174 1887.000816591468 -4858.778914192116
 642.2289221791871 6794.743818322902 -8277.719569487883 6334.526771169349 5679.92660360258
 -6550.195163621949 9943.689965655562 -4921.540173159139 7416.04967663046 -8747.579097404832
 3069.186883280454 -6932.815978323069 -6616.08464653239 6858.316249444368 3656.422301383605
 6236.774228228805 -1103.562559974192 -5198.988703074296 -3130.947448141178 8111.119193410304
 -9940.058544873627 -2575.752995892721 -3148.971822811592 3940.086025351333 2847.404235797558
 873.7540314919261 8116.73767048604 6267.060293588962 4646.225436215902 -9443.51926013497
 7513.755280307687 7169.218973362247 -5764.235860444365 -7987.022646969643 -287.1780655729654
 9652.785117182597 -7257.2442149156 -5944.869960024465 -3050.142999311172 6818.828179647535
 3069.186883280454 -6932.815978323069 -6616.08464653239 6858.316249444368 3656.422301383605
 5718.02275385439 -7697.050134593456 2846.802514684232 -9187.106274830368 9154.163092694391
 -12352.8724174004 -12112.35441642862 1479.531157733562 -11068.14149063583 9324.48887797448
 3069.186883280454 -6932.815978323069 -6616.08464653239 6858.316249444368 3656.422301383605
 -1579.350417584043 3906.088066116798 7648.851770095691 -6732.033587133922 -2586.80302900904
 9042.661292199955 9342.754037487539 -9116.261665805592 -3958.068820120468 -5080.648685542747
 33390.42511136622 -55.15726699806737 44505.06255324451 -3027.457407431346 15865.13006905404
 3069.186883280454 -6932.815978323069 -6616.08464653239 6858.316249444368 3656.422301383605
 -1975.558260015728 -3656.965844119956 736.377017305098 8514.407588112823 -2138.646201852595
 -2516.596658320051 9908.860679884085 4282.920179287248 -5534.240267019016 -5397.105372800061
 6798.147032661003 -7709.733922946774 1445.639724610268 863.858522722061 -1314.842498514192
 6798.147032661003 -7709.733922946774 1445.639724610268 863.858522722061 -1314.842498514192
 5189.975890534181 2353.186860247974 1176.163574669346 -604.2784160294959 -7438.837733533172
 -1665.758845929418 5581.76588559952 -931.9036329228402 5064.193082915062 -7869.968101138515
 4973.78560813442 2806.151439673218 7578.096982365118 2262.774984778358 -2631.671878276077
 12567.48650138267 -9330.872261350096 -14027.50541677936 13455.37902065726 -17000.96605101069
 3069.186883280454 -6932.815978323069 -6616.08464653239 6858.316249444368 3656.422301383605
 -703.8564051956218 -25369.948943201 -746.5624087878431 -9220.066154028651 17277.2501221984
 3908.513069021081 6558.356992198387 -9505.04647204645 7182.684038463158 -2939.569073855029
 6798.147032661003 -7709.733922946774 1445.639724610268 863.858522722061 -1314.842498514192
 6808.115084519795 4252.143723356137 -404.0452467137438 -2798.192511445156 -7722.079062764028
 -9688.853008988681 5238.901716313418 5300.349685482177 5135.968169571483 -8029.890567535535
 3200.065348178616 792.5864504991841 3525.692518255702 -643.2949095004951 4610.981067382711
 -1112.854806385232 5243.692288222157 -292.3715313139783 3656.27627697233 -6614.103330566657
 -2549.038282277673 1927.289668914023 7463.764037858302 -5564.592101112387 -5430.055409317232
 1877.776864790201 6340.909728977036 -1437.883821982006 -5661.220562593618 1878.973257488973
 3225.485441336357 -4117.385578307896 -2666.257812999803 2204.22049620396 -1761.411932732954
 -513.7547265680951 3973.261593267749 292.9834847135735 4534.466959136047 -7407.823604076126
 6.390496461663133 -5459.001671278249 -3952.520841084926 -2769.841150062721 -2749.975485850116
 -3605.61370797214 9421.324849617016 3385.918745838189 1390.18775493075 -9355.204626017634
 5264.993036197178 4989.794768303384 -94.89292717207718 -9347.644127893343 3100.40214527687
 8334.680366267756 -1146.205633964295 -6705.002258423619 8910.739749985834 -5541.13043682466
 3069.186883280454 -6932.815978323069 -6616.08464653239 6858.316249444368 3656.422301383605
 -126.5711304377201 -2120.753002038635 -9355.297462958597 4421.882350131025 6901.95665156981
 -9633.535489695347 9312.219338081104 -5623.310383112329 -2100.403501678595 7440.233320975589
 6798.147032661003 -7709.733922946774 1445.639724610268 863.858522722061 -1314.842498514192
 -5825.510756388864 -7812.892372706212 4273.75099274461 8557.88362877367 -2692.416933426049
 5931.718732843521 423.7082098188312 -4669.601181028388 2110.010910892439 -3967.061625382487
 9766.338335025001 4248.31322189542 8504.717966372977 9966.727112774508 4410.683705462618
 3069.186883280454 -6932.815978323069 -6616.08464653239 6858.316249444368 3656.422301383605
 10315.87236624385 17607.78581569369 -17209.0054572247 2356.564642487136 -8291.9653725793
 -1147.706740674608 2032.26957941623 -868.8393183220105 7741.577128316578 -3936.330803535998
 9134.429945656932 8052.959065029791 -8488.609998692107 -667.0760098166775 -3515.867467147017
 -10433.4890775557 -20511.27866765016 -19922.56553179391 31820.00154030936 -1543.254837271131
 6798.147032661003 -7709.733922946774 1445.639724610268 863.858522722061 -1314.842498514192
 1432.0379757808 -4011.600107927064 -8048.098642693035 9364.92600236319 -3006.886190449451
 6798.147032661003 -7709.733922946774 1445.639724610268 863.858522722061 -1314.842498514192
 -4520.482665803202 6613.352320795042 -1560.141730074383 5630.475763943588 6305.463500128169
