# Created by Octave 4.2.1, Mon Oct 09 17:54:16 2017 BRT <root@mosqueiro>
# name: pop
# type: matrix
# rows: 1000
# columns: 5
 -16539.1205478271 35855.54960792076 1129.530066782612 -11926.45330430938 -8515.340581257255
 -16539.1205478271 35855.54960792076 1129.530066782612 -11926.45330430938 -8515.340581257255
 -16539.1205478271 35855.54960792076 1129.530066782612 -11926.45330430938 -8515.340581257255
 -16539.1205478271 35855.54960792076 1129.530066782612 -11926.45330430938 -8515.340581257255
 -16539.1205478271 35855.54960792076 1129.530066782612 -11926.45330430938 -8515.340581257255
 -16539.1205478271 35855.54960792076 1129.530066782612 -11926.45330430938 -8515.340581257255
 -16539.1205478271 35855.54960792076 1129.530066782612 -11926.45330430938 -8515.340581257255
 -1539.132661649878 9132.787585537857 4644.471065033481 6143.369688575962 -9218.851376083285
 -17826.35847716704 37497.91092460547 -2306.907769797497 -11132.23743776807 -10353.15151226797
 -16539.1205478271 35855.54960792076 1129.530066782612 -11926.45330430938 -8515.340581257255
 -5928.849281671695 10410.77517702887 15894.16460374386 20904.86793229275 -34593.85599649826
 -16539.1205478271 35855.54960792076 1129.530066782612 -11926.45330430938 -8515.340581257255
 -12440.16626707102 5196.241641857066 3693.028923472848 4944.147328813064 -15373.85307000487
 -16539.1205478271 35855.54960792076 1129.530066782612 -11926.45330430938 -8515.340581257255
 -16997.03091128136 33645.588988409 -1037.956441229532 -10550.69574811796 -10084.02552061323
 -16539.1205478271 35855.54960792076 1129.530066782612 -11926.45330430938 -8515.340581257255
 -16539.1205478271 35855.54960792076 1129.530066782612 -11926.45330430938 -8515.340581257255
 -6656.268131236139 6353.222260248825 3061.895208913224 6774.301502112063 -9499.130554024872
 -16539.1205478271 35855.54960792076 1129.530066782612 -11926.45330430938 -8515.340581257255
 -4010.108642819561 3734.198774686311 1535.212096562606 2100.699266587326 -5739.895507570502
 -16539.1205478271 35855.54960792076 1129.530066782612 -11926.45330430938 -8515.340581257255
 -16539.1205478271 35855.54960792076 1129.530066782612 -11926.45330430938 -8515.340581257255
 -16539.1205478271 35855.54960792076 1129.530066782612 -11926.45330430938 -8515.340581257255
 -6656.268131236139 6353.222260248825 3061.895208913224 6774.301502112063 -9499.130554024872
 -18682.36663968969 38037.42521476727 198.0146214183451 -13950.42779790858 -11403.75084694463
 -13737.81454251296 36197.2579837511 1966.917625788434 -11031.34964540938 -10560.54529692423
 -6278.030528978508 4274.785908487302 1558.623536752709 6245.007975965974 -5248.750264006805
 -16539.1205478271 35855.54960792076 1129.530066782612 -11926.45330430938 -8515.340581257255
 -16539.1205478271 35855.54960792076 1129.530066782612 -11926.45330430938 -8515.340581257255
 -6656.268131236139 6353.222260248825 3061.895208913224 6774.301502112063 -9499.130554024872
 -9304.835864508837 5227.255774412846 3791.26392328502 6267.388866473772 -9299.862203742234
 -16539.1205478271 35855.54960792076 1129.530066782612 -11926.45330430938 -8515.340581257255
 -6769.24389527117 6483.5128595734 4710.111087427025 8290.189894154384 -8954.763756297203
 -16539.1205478271 35855.54960792076 1129.530066782612 -11926.45330430938 -8515.340581257255
 -16539.1205478271 35855.54960792076 1129.530066782612 -11926.45330430938 -8515.340581257255
 -14977.62789255831 38435.79029558049 1766.407959208796 -12051.43964095381 -10156.75686358537
 -14383.25395030431 32373.38277811497 1251.023162619219 -12069.18402671435 -9615.131380209721
 -3527.584463106401 10143.60104178799 6078.110488300777 3251.486310045582 -5544.794853435467
 -16539.1205478271 35855.54960792076 1129.530066782612 -11926.45330430938 -8515.340581257255
 -8297.666421063081 9079.221268177833 2595.070905788338 5739.338998071507 -10257.90363491845
 -16539.1205478271 35855.54960792076 1129.530066782612 -11926.45330430938 -8515.340581257255
 -16539.1205478271 35855.54960792076 1129.530066782612 -11926.45330430938 -8515.340581257255
 -16539.1205478271 35855.54960792076 1129.530066782612 -11926.45330430938 -8515.340581257255
 -16539.1205478271 35855.54960792076 1129.530066782612 -11926.45330430938 -8515.340581257255
 -16539.1205478271 35855.54960792076 1129.530066782612 -11926.45330430938 -8515.340581257255
 -6656.268131236139 6353.222260248825 3061.895208913224 6774.301502112063 -9499.130554024872
 -16539.1205478271 35855.54960792076 1129.530066782612 -11926.45330430938 -8515.340581257255
 -16779.39807174298 35830.23731570131 -281.4559361067447 -12451.29940434985 -5043.131569643054
 -8577.796937214762 -744.7916733629285 12377.79635544761 -262.9051528677721 6432.2359515958
 -16518.26039032192 36834.59856796449 463.3858284598645 -12063.37250841109 -8682.436661452653
 -16539.1205478271 35855.54960792076 1129.530066782612 -11926.45330430938 -8515.340581257255
 -7391.124402231353 10641.72269699301 13336.00194780632 23187.16930273867 -36945.99578499149
 -16539.1205478271 35855.54960792076 1129.530066782612 -11926.45330430938 -8515.340581257255
 -16518.26039032192 36834.59856796449 463.3858284598645 -12063.37250841109 -8682.436661452653
 -15585.63678476345 31866.4931064343 -15.07645021700591 -13635.59914685346 -10364.50439238792
 -16539.1205478271 35855.54960792076 1129.530066782612 -11926.45330430938 -8515.340581257255
 -16539.1205478271 35855.54960792076 1129.530066782612 -11926.45330430938 -8515.340581257255
 -16464.01790927492 37404.3933580563 3337.902652348448 -10135.64617292814 -7826.428633843502
 -16539.1205478271 35855.54960792076 1129.530066782612 -11926.45330430938 -8515.340581257255
 -16539.1205478271 35855.54960792076 1129.530066782612 -11926.45330430938 -8515.340581257255
 -16539.1205478271 35855.54960792076 1129.530066782612 -11926.45330430938 -8515.340581257255
 -16539.1205478271 35855.54960792076 1129.530066782612 -11926.45330430938 -8515.340581257255
 -6656.268131236139 6353.222260248825 3061.895208913224 6774.301502112063 -9499.130554024872
 -16539.1205478271 35855.54960792076 1129.530066782612 -11926.45330430938 -8515.340581257255
 -14183.48966394694 35068.59882270499 -190.2069701973355 -13036.32708305263 -7338.249493226279
 -16539.1205478271 35855.54960792076 1129.530066782612 -11926.45330430938 -8515.340581257255
 -16539.1205478271 35855.54960792076 1129.530066782612 -11926.45330430938 -8515.340581257255
 -16539.1205478271 35855.54960792076 1129.530066782612 -11926.45330430938 -8515.340581257255
 -16539.1205478271 35855.54960792076 1129.530066782612 -11926.45330430938 -8515.340581257255
 -20099.59366431945 35589.63530821419 2302.272233232574 -12500.02183744499 -6592.233283833561
 -16539.1205478271 35855.54960792076 1129.530066782612 -11926.45330430938 -8515.340581257255
 -16539.1205478271 35855.54960792076 1129.530066782612 -11926.45330430938 -8515.340581257255
 -16539.1205478271 35855.54960792076 1129.530066782612 -11926.45330430938 -8515.340581257255
 -6656.268131236139 6353.222260248825 3061.895208913224 6774.301502112063 -9499.130554024872
 -15585.63678476345 31866.4931064343 -15.07645021700591 -13635.59914685346 -10364.50439238792
 -16808.01964487222 36221.47079292803 2586.059008297799 -11033.27916478942 -8711.723556404504
 -16539.1205478271 35855.54960792076 1129.530066782612 -11926.45330430938 -8515.340581257255
 -17688.69130790992 35861.57832547609 1280.459386742462 -13147.02276321095 -8101.788737074796
 -16539.1205478271 35855.54960792076 1129.530066782612 -11926.45330430938 -8515.340581257255
 -16409.27503676117 37710.25302040314 3328.861812049564 -12595.48571061479 -10455.62398422129
 -7620.393947222588 7935.541727690292 2637.179571415651 6796.585395537943 -8513.46563819529
 -16539.1205478271 35855.54960792076 1129.530066782612 -11926.45330430938 -8515.340581257255
 890.4789974445926 15023.90493213884 -14897.5354749487 -2802.459145645543 -21362.34560950553
 -16539.1205478271 35855.54960792076 1129.530066782612 -11926.45330430938 -8515.340581257255
