# Created by Octave 4.2.1, Mon Oct 09 17:52:02 2017 BRT <root@mosqueiro>
# name: pop
# type: matrix
# rows: 1000
# columns: 5
 -16539.1205478271 35855.54960792076 1129.530066782612 -11926.45330430938 -8515.340581257255
 -16539.1205478271 35855.54960792076 1129.530066782612 -11926.45330430938 -8515.340581257255
 -16539.1205478271 35855.54960792076 1129.530066782612 -11926.45330430938 -8515.340581257255
 -16539.1205478271 35855.54960792076 1129.530066782612 -11926.45330430938 -8515.340581257255
 -16539.1205478271 35855.54960792076 1129.530066782612 -11926.45330430938 -8515.340581257255
 -23874.58522102115 -714.6626192166868 9471.722689271675 21822.97985530624 10406.81264818809
 -16539.1205478271 35855.54960792076 1129.530066782612 -11926.45330430938 -8515.340581257255
 -6656.268131236139 6353.222260248825 3061.895208913224 6774.301502112063 -9499.130554024872
 -23869.98392039496 -21803.91575551492 14034.87138549444 36346.94787150604 2715.588118151028
 -6656.268131236139 6353.222260248825 3061.895208913224 6774.301502112063 -9499.130554024872
 6051.196762952014 -1208.645329533073 1914.77630682081 18904.690763744 -33405.92901627568
 -6656.268131236139 6353.222260248825 3061.895208913224 6774.301502112063 -9499.130554024872
 6248.355997132909 5838.665734978758 -7042.250195374041 -2588.612168040566 8431.74833870546
 -6245.862342455952 -27852.26540557659 -5685.815429461893 931.8654410647578 11242.11277496345
 -6656.268131236139 6353.222260248825 3061.895208913224 6774.301502112063 -9499.130554024872
 -6656.268131236139 6353.222260248825 3061.895208913224 6774.301502112063 -9499.130554024872
 -6656.268131236139 6353.222260248825 3061.895208913224 6774.301502112063 -9499.130554024872
 -6656.268131236139 6353.222260248825 3061.895208913224 6774.301502112063 -9499.130554024872
 5177.138886477634 8575.055127982218 321.2213993812802 3252.048248652255 -3155.065801404668
 -23882.40636274756 17004.9667992883 3641.313549780755 13389.42417140925 -9504.67478726118
 -6656.268131236139 6353.222260248825 3061.895208913224 6774.301502112063 -9499.130554024872
 6364.127891700844 -240.8988692430539 -5508.290578057798 8766.757618954809 -9322.858562785259
 -5374.325433212546 12846.59592127727 19646.0841919644 20569.54467754223 -33313.60904110431
 -673.4561733299142 6152.981242098398 -8197.276040145845 6847.19721031818 -2848.036336127569
 -16539.1205478271 35855.54960792076 1129.530066782612 -11926.45330430938 -8515.340581257255
 -6656.268131236139 6353.222260248825 3061.895208913224 6774.301502112063 -9499.130554024872
 -5374.325433212546 12846.59592127727 19646.0841919644 20569.54467754223 -33313.60904110431
 -6656.268131236139 6353.222260248825 3061.895208913224 6774.301502112063 -9499.130554024872
 6947.974172259221 -5058.583259129357 10876.72871485319 9795.84611982993 8461.442898078865
 -721.2098780142042 -20899.82842353511 -12682.83074532355 5869.367051300999 -4004.679047630824
 -6656.268131236139 6353.222260248825 3061.895208913224 6774.301502112063 -9499.130554024872
 -6656.268131236139 6353.222260248825 3061.895208913224 6774.301502112063 -9499.130554024872
 1851.331780237434 4566.862160330475 -6462.63063237779 -1700.370098913028 -7703.719783465749
 -6656.268131236139 6353.222260248825 3061.895208913224 6774.301502112063 -9499.130554024872
 -16539.1205478271 35855.54960792076 1129.530066782612 -11926.45330430938 -8515.340581257255
 -6656.268131236139 6353.222260248825 3061.895208913224 6774.301502112063 -9499.130554024872
 -6656.268131236139 6353.222260248825 3061.895208913224 6774.301502112063 -9499.130554024872
 -6656.268131236139 6353.222260248825 3061.895208913224 6774.301502112063 -9499.130554024872
 -27658.46434468136 28217.07881796524 -15637.33976092298 4680.391754999946 16927.51368959478
 -13039.34955032298 4855.561236513387 8541.430341587204 3482.056040133052 1074.920859303167
 -6656.268131236139 6353.222260248825 3061.895208913224 6774.301502112063 -9499.130554024872
 -16539.1205478271 35855.54960792076 1129.530066782612 -11926.45330430938 -8515.340581257255
 -3813.001491669608 5535.251294238104 4088.19230870688 -4509.072692434404 -8623.667697673822
 7904.292408443862 -4790.754602337105 22099.19149086354 -16709.39999203414 -1457.324283968595
 -6656.268131236139 6353.222260248825 3061.895208913224 6774.301502112063 -9499.130554024872
 -13572.42932904576 6429.628624787089 11564.66167850001 21266.2798619303 -18152.07468456508
 -14340.45865888193 -382.9856391427566 -2037.231982168246 9613.3265071473 -20249.58714800779
 -6656.268131236139 6353.222260248825 3061.895208913224 6774.301502112063 -9499.130554024872
 -6656.268131236139 6353.222260248825 3061.895208913224 6774.301502112063 -9499.130554024872
 -6656.268131236139 6353.222260248825 3061.895208913224 6774.301502112063 -9499.130554024872
 -6656.268131236139 6353.222260248825 3061.895208913224 6774.301502112063 -9499.130554024872
 -16869.32058125821 -17243.4790868065 6514.048286157176 28158.56387726945 2347.931810063386
 -21799.15975858904 8766.764447373118 -4296.192948773335 16635.29250457476 -17694.72266047649
 -3700.182047471526 -13945.83403923347 7173.152134478167 -10480.63496849104 -25607.66969298864
 -16539.1205478271 35855.54960792076 1129.530066782612 -11926.45330430938 -8515.340581257255
 -23874.58522102115 -714.6626192166868 9471.722689271675 21822.97985530624 10406.81264818809
 -6656.268131236139 6353.222260248825 3061.895208913224 6774.301502112063 -9499.130554024872
 -9831.049095286493 23100.85840612708 15565.76081518734 -7008.155270842159 -4677.476869993739
 -6656.268131236139 6353.222260248825 3061.895208913224 6774.301502112063 -9499.130554024872
 6610.285972537124 -2738.339399242299 8154.313723911739 -9375.38909336508 775.8520956756583
 -16539.1205478271 35855.54960792076 1129.530066782612 -11926.45330430938 -8515.340581257255
 -6656.268131236139 6353.222260248825 3061.895208913224 6774.301502112063 -9499.130554024872
 -6656.268131236139 6353.222260248825 3061.895208913224 6774.301502112063 -9499.130554024872
 -6656.268131236139 6353.222260248825 3061.895208913224 6774.301502112063 -9499.130554024872
 -18400.49141824826 12027.53581975842 1413.001031027911 12824.01309160657 -5977.731837631884
 -6656.268131236139 6353.222260248825 3061.895208913224 6774.301502112063 -9499.130554024872
 -6656.268131236139 6353.222260248825 3061.895208913224 6774.301502112063 -9499.130554024872
 11898.02875145937 -5543.618114842699 -5238.865978314666 968.718010853092 -10536.38775696053
 -16539.1205478271 35855.54960792076 1129.530066782612 -11926.45330430938 -8515.340581257255
 -6656.268131236139 6353.222260248825 3061.895208913224 6774.301502112063 -9499.130554024872
 20283.54606330154 -3943.683793080404 -13999.92649305252 3008.648315947111 275.7629761212447
 -6656.268131236139 6353.222260248825 3061.895208913224 6774.301502112063 -9499.130554024872
 -6656.268131236139 6353.222260248825 3061.895208913224 6774.301502112063 -9499.130554024872
 -6656.268131236139 6353.222260248825 3061.895208913224 6774.301502112063 -9499.130554024872
 -14080.3740766863 12330.09806043287 6180.472744949606 -6489.544866152078 -6320.266823599366
 5229.055944575298 -7429.083730715996 10761.78296823968 7602.451236750177 6867.658597377822
 -18400.49141824826 12027.53581975842 1413.001031027911 12824.01309160657 -5977.731837631884
 4366.191735835931 44998.78438290831 3316.038232314213 -5773.158805439355 -9361.324532545674
 -16539.1205478271 35855.54960792076 1129.530066782612 -11926.45330430938 -8515.340581257255
 2364.258502971577 -8930.148892975762 -33569.48819539421 28469.64724385643 18261.23846543026
 -6656.268131236139 6353.222260248825 3061.895208913224 6774.301502112063 -9499.130554024872
 -6656.268131236139 6353.222260248825 3061.895208913224 6774.301502112063 -9499.130554024872
 -6656.268131236139 6353.222260248825 3061.895208913224 6774.301502112063 -9499.130554024872
 -25200.22189735163 -5678.69335770875 -32853.436350394 2779.658108371279 11478.97400302965
