# Created by Octave 4.2.1, Mon Oct 09 18:31:20 2017 BRT <root@mosqueiro>
# name: pop
# type: matrix
# rows: 1000
# columns: 5
 -8159.500704474723 7452.554418952471 -9348.315075868928 7530.912223615664 2523.374393324208
 -8159.500704474723 7452.554418952471 -9348.315075868928 7530.912223615664 2523.374393324208
 -8159.500704474723 7452.554418952471 -9348.315075868928 7530.912223615664 2523.374393324208
 -8159.500704474723 7452.554418952471 -9348.315075868928 7530.912223615664 2523.374393324208
 -8159.500704474723 7452.554418952471 -9348.315075868928 7530.912223615664 2523.374393324208
 -7057.783868347963 7334.242682935134 -9931.148653125414 7568.398852111114 2099.255540424638
 -8153.609669504795 7449.584112469199 -9351.063575631668 7531.289751374761 2523.46445366543
 -7071.897146718115 7342.823049396987 -9915.176793900224 7560.048554095179 2083.31915077
 -8160.84561588034 7458.301989799202 -9349.525015489515 7527.098335482338 2523.56331411342
 -7071.897146718115 7342.823049396987 -9915.176793900224 7560.048554095179 2083.31915077
 -8184.958530058042 7557.123140138817 -9517.346860736801 7449.249219201187 2703.03739047589
 -7067.301801225295 7332.378776536591 -9919.050967937896 7565.752177436239 2087.43317734072
 -8159.500704474723 7452.554418952471 -9348.315075868928 7530.912223615664 2523.374393324208
 -7071.897146718115 7342.823049396987 -9915.176793900224 7560.048554095179 2083.31915077
 -8187.763456337296 7555.934655380137 -9516.119031617371 7447.703430704593 2702.769648629498
 -7084.175836863591 7299.612950715075 -10003.03135425397 7535.186969007497 2193.765617689614
 -7071.897146718115 7342.823049396987 -9915.176793900224 7560.048554095179 2083.31915077
 -7057.38087083417 7312.190284181938 -9998.440212084271 7582.17939886567 2172.827494955338
 -7067.301801225295 7332.378776536591 -9919.050967937896 7565.752177436239 2087.43317734072
 -8229.660489813507 7564.122290796234 -9516.566027615259 7448.370856171465 2707.544820907055
 -7071.897146718115 7342.823049396987 -9915.176793900224 7560.048554095179 2083.31915077
 -8159.500704474723 7452.554418952471 -9348.315075868928 7530.912223615664 2523.374393324208
 -7071.897146718115 7342.823049396987 -9915.176793900224 7560.048554095179 2083.31915077
 -7073.983406745988 7331.477784951751 -9908.39532869807 7568.606382598654 2086.092549636303
 -7067.301801225295 7332.378776536591 -9919.050967937896 7565.752177436239 2087.43317734072
 -7067.301801225295 7332.378776536591 -9919.050967937896 7565.752177436239 2087.43317734072
 -7071.750472840331 7342.100412917773 -9913.831883551435 7559.534928699816 2083.142636476637
 -8187.763456337296 7555.934655380137 -9516.119031617371 7447.703430704593 2702.769648629498
 -8153.609669504795 7449.584112469199 -9351.063575631668 7531.289751374761 2523.46445366543
 -7070.71929984197 7345.37372352967 -9917.77451716462 7559.632649381782 2082.534362908037
 -8153.609669504795 7449.584112469199 -9351.063575631668 7531.289751374761 2523.46445366543
 -7071.897146718115 7342.823049396987 -9915.176793900224 7560.048554095179 2083.31915077
 -7072.422694928802 7342.157778701546 -9917.322654513837 7559.538108275774 2084.695994908637
 -7067.293072150113 7335.150442286638 -9918.412367723611 7562.220774810652 2090.825730076837
 -8159.500704474723 7452.554418952471 -9348.315075868928 7530.912223615664 2523.374393324208
 -7067.301801225295 7332.378776536591 -9919.050967937896 7565.752177436239 2087.43317734072
 -7071.897146718115 7342.823049396987 -9915.176793900224 7560.048554095179 2083.31915077
 -7067.301801225295 7332.378776536591 -9919.050967937896 7565.752177436239 2087.43317734072
 -7064.241304359533 7334.669216227111 -9922.955713952193 7566.303969307423 2090.060792350489
 -7070.71929984197 7345.37372352967 -9917.77451716462 7559.632649381782 2082.534362908037
 -8157.50154319194 7444.001456001516 -9331.678762337184 7511.774446920665 2534.979490667412
 -7065.820968082083 7330.071276065958 -9918.885399522738 7564.733222239597 2090.988862887772
 -7071.897146718115 7342.823049396987 -9915.176793900224 7560.048554095179 2083.31915077
 -7067.301801225295 7332.378776536591 -9919.050967937896 7565.752177436239 2087.43317734072
 -7067.301801225295 7332.378776536591 -9919.050967937896 7565.752177436239 2087.43317734072
 -7067.301801225295 7332.378776536591 -9919.050967937896 7565.752177436239 2087.43317734072
 -7067.301801225295 7332.378776536591 -9919.050967937896 7565.752177436239 2087.43317734072
 -7071.897146718115 7342.823049396987 -9915.176793900224 7560.048554095179 2083.31915077
 -7071.897146718115 7342.823049396987 -9915.176793900224 7560.048554095179 2083.31915077
 -7061.712136357884 7336.778160852922 -9917.918071392914 7566.266827057648 2084.71893704691
 -8185.684695101796 7554.683307954166 -9519.986698472734 7444.714810469311 2703.628356897209
 -7066.360473494808 7336.52967520433 -9920.87648305515 7566.767151424388 2087.790825721032
 -8187.61140824251 7554.398574464092 -9513.459586795567 7448.077689686638 2707.661395432171
 -7067.301801225295 7332.378776536591 -9919.050967937896 7565.752177436239 2087.43317734072
 -7067.301801225295 7332.378776536591 -9919.050967937896 7565.752177436239 2087.43317734072
 -7067.301801225295 7332.378776536591 -9919.050967937896 7565.752177436239 2087.43317734072
 -7067.301801225295 7332.378776536591 -9919.050967937896 7565.752177436239 2087.43317734072
 -7067.301801225295 7332.378776536591 -9919.050967937896 7565.752177436239 2087.43317734072
 -7071.897146718115 7342.823049396987 -9915.176793900224 7560.048554095179 2083.31915077
 -8153.609669504795 7449.584112469199 -9351.063575631668 7531.289751374761 2523.46445366543
 -7071.897146718115 7342.823049396987 -9915.176793900224 7560.048554095179 2083.31915077
 -8187.763456337296 7555.934655380137 -9516.119031617371 7447.703430704593 2702.769648629498
 -7067.301801225295 7332.378776536591 -9919.050967937896 7565.752177436239 2087.43317734072
 -7067.301801225295 7332.378776536591 -9919.050967937896 7565.752177436239 2087.43317734072
 -7071.897146718115 7342.823049396987 -9915.176793900224 7560.048554095179 2083.31915077
 -7067.301801225295 7332.378776536591 -9919.050967937896 7565.752177436239 2087.43317734072
 -7071.897146718115 7342.823049396987 -9915.176793900224 7560.048554095179 2083.31915077
 -7067.301801225295 7332.378776536591 -9919.050967937896 7565.752177436239 2087.43317734072
 -8187.763456337296 7555.934655380137 -9516.119031617371 7447.703430704593 2702.769648629498
 -6166.120172885101 7121.577399886078 -8179.42398449236 8333.036707551317 -1097.108103736804
 -8159.500704474723 7452.554418952471 -9348.315075868928 7530.912223615664 2523.374393324208
 -8187.763456337296 7555.934655380137 -9516.119031617371 7447.703430704593 2702.769648629498
 -8187.763456337296 7555.934655380137 -9516.119031617371 7447.703430704593 2702.769648629498
 -8159.500704474723 7452.554418952471 -9348.315075868928 7530.912223615664 2523.374393324208
 -7067.301801225295 7332.378776536591 -9919.050967937896 7565.752177436239 2087.43317734072
 -7067.301801225295 7332.378776536591 -9919.050967937896 7565.752177436239 2087.43317734072
 -7067.301801225295 7332.378776536591 -9919.050967937896 7565.752177436239 2087.43317734072
 -7067.301801225295 7332.378776536591 -9919.050967937896 7565.752177436239 2087.43317734072
 -7067.301801225295 7332.378776536591 -9919.050967937896 7565.752177436239 2087.43317734072
 -7066.505141471743 7330.273391463364 -9916.314642114758 7566.803792392901 2088.123378734466
 -8159.500704474723 7452.554418952471 -9348.315075868928 7530.912223615664 2523.374393324208
 -7067.301801225295 7332.378776536591 -9919.050967937896 7565.752177436239 2087.43317734072
 -7067.301801225295 7332.378776536591 -9919.050967937896 7565.752177436239 2087.43317734072
 -7067.301801225295 7332.378776536591 -9919.050967937896 7565.752177436239 2087.43317734072
 -7067.301801225295 7332.378776536591 -9919.050967937896 7565.752177436239 2087.43317734072
