# Created by Octave 4.2.1, Mon Oct 09 18:37:27 2017 BRT <root@mosqueiro>
# name: pop
# type: matrix
# rows: 1000
# columns: 5
 -3048.97431922755 -7809.826859880184 9010.932944507524 -2642.457606876642 34.41448918879723
 4797.209703845207 5244.220235080707 6750.798544930665 5670.44247146174 -7132.98717889466
 -386.4389155473527 5983.981057421275 184.4634069502245 5318.810432111624 -9951.752810848549
 9719.598483300266 1543.477607378456 6151.020859459122 -7885.332192399123 1224.026828910983
 2261.261450836941 -2412.423543504641 -5214.864256121647 -8939.951904729904 6311.991258002663
 2973.188140994125 3170.77794189417 1602.849330719049 9168.219208968854 7946.822102929189
 -5539.947434248639 -4077.024358292541 -7053.58537613982 -5933.097223379385 -8634.442506800879
 3457.840404828145 -874.3372949308487 1967.353153527196 4324.743396574839 7101.546398625313
 -7237.207185211788 -4064.991732826132 -4499.097353824878 3662.742646356679 7838.593069142044
 -8798.507066854432 6824.001217004301 -3805.582163156015 -6376.813216283888 7680.389408977429
 4259.515098963706 -2802.691495130948 -6154.780566842059 6035.368478239203 4616.9427406373
 3228.087328053229 -1700.842740440128 -1638.749709576112 9163.294566458047 5234.069102863816
 -7736.166801529233 9946.43426894302 -2862.640036900311 -4528.628236827096 -5954.108308111602
 9125.888492932074 7708.521219607777 -2177.696338996039 7658.831398079041 5830.580603411197
 9128.638157040241 937.520400068448 -3596.652291701284 2346.905461860617 -2742.72466108103
 6220.079181531397 9445.974787890205 1917.148957054931 8280.604908811456 -966.2200813291529
 -5492.397990482566 4410.698734033065 6513.954749843109 -4238.948153360403 -2000.398755745051
 4801.620500657955 6574.22099065741 4165.444772640276 -8996.068534508291 8577.118402684904
 -2447.686132591796 1916.683118716666 -7922.632473804664 -5774.500110099975 5002.070306191014
 5057.183146105132 -9874.065155495124 -4251.031887372539 7867.88611095128 9817.404569209917
 6166.186275468801 -5298.768671125544 7246.182928806516 5023.170136755343 -2579.825134682409
 2011.238919378826 -3910.624191827853 8656.557987298773 -6556.704466181841 8143.140252996622
 1969.634498850661 3110.628906746775 4374.346060272501 5083.853208635559 5144.133422580002
 -7875.915942247941 6691.504344316927 1361.821936282266 -6845.176413583322 -4736.236818740857
 1668.40988318788 -4457.785095167263 4633.175516895324 -9793.427582055307 -7250.49613810435
 -4294.562968601673 6925.699868521242 -9229.672677650742 -7806.238153232438 5778.700029014768
 -9812.170473517981 -6212.562845445365 8054.799485944754 -8583.5860206749 4558.109383883417
 8905.128568417949 5200.68141335266 -3898.56128900042 -7372.905192156024 -8790.035081696389
 5675.495915160753 -289.0596127657845 4732.39664160133 1846.637835690057 -2759.771715191958
 -5869.622987813089 -6530.38005559512 -4347.67337898765 9811.476190308193 -2.721690820755612
 657.6682255820888 1741.24401412001 -2806.138599999447 -1563.506586779878 9112.117535365884
 8619.699496312758 2446.495802099789 9778.702794104123 -3930.993872692548 8562.101146739053
 -7123.787838125929 8712.469260161291 -7598.30552214258 679.7449517984751 -8449.162366131683
 1259.626497290647 -420.1466214026077 4974.597020578649 -4252.709325383984 4124.300064637793
 -3017.352117335305 -6372.413723922571 -4522.25522589721 1282.482625707591 5865.069927603845
 1394.441662470968 -6752.919884803109 4485.932076524483 -8909.779318961919 -9066.935585406596
 -1315.693292216623 6758.894967313077 7561.856158793526 -3234.670790681994 -7560.579238429243
 -453.7931916443522 -7503.318432618384 -3576.7512803388 4197.131003786542 -5802.303605233913
 1068.162002249452 -5536.26575386187 -5873.498053863756 -1934.152526128926 -4319.898912482066
 7138.021811751936 -9613.682303861824 -7768.497674844109 -262.3012043850285 -1800.809513410166
 4019.378775741603 9877.093283503677 9675.44282231294 -9463.005316567398 3308.127403069953
 -1993.134535971612 -4904.137167661424 4777.500516296504 5165.589929539647 4295.557990604928
 -2701.020958025547 8673.099754224797 780.442249488302 8607.635133513344 3013.080956797488
 -9234.967664098185 6779.362291747784 -7093.80450055319 8847.440675633996 -4370.303008329715
 7897.344315193692 1424.546107666576 -4208.933358251811 -8168.706258838569 4140.156934828809
 1699.079049869892 1928.513844592659 -9970.457568891492 9079.105159345891 -5979.729819236667
 5638.846662984697 8655.032313792715 -4042.405842461111 -6352.362561571639 -1314.376900089257
 -1327.107796562834 -4610.662292339716 -3292.504859374285 8703.04506762671 -9979.767377347564
 66.08924028228466 666.8692182493378 8776.659958333021 3214.011905099424 6642.403457823555
 -2661.440899417157 3592.594265826694 -2592.827033162751 -8238.611700735129 8497.070028070862
 -3859.369178657304 1297.170907682064 9955.071428625164 2425.660874621646 -7290.076185909153
 -8725.889907942885 -6164.823486184929 5935.143231638549 2965.841494152592 1215.072341927726
 2818.093986800119 -1059.50350695811 3147.816333806237 -6943.398241931132 -4753.168595748728
 2017.89419333867 1213.302789751946 4990.430755960735 -4723.286279386908 -7349.258234400269
 974.9282637452652 -4310.659873610029 -216.6898045959861 5540.628243754833 -6328.887922681544
 9937.911132390902 7861.214573792415 -9750.920299774672 2059.695988678619 7194.938366099679
 7338.36769043397 -2742.09690047435 -1045.937566625404 3718.267727837918 -6968.928524833005
 -6742.755170446417 -7959.898708213735 1607.492381551729 -2989.69740015736 3892.979403070314
 -2278.957567295871 1173.131454923652 7375.084305739107 -9480.942338795163 -3061.030684111902
 9952.253860283261 -9160.477946336796 -3307.295245786744 8675.898704779545 -8401.927406010644
 2342.924398552217 6613.412309726842 -4722.035887054176 3916.427426416431 -7494.289948834778
 -3219.374666342537 -1508.355384439443 -9603.332997590904 -186.115439610332 5633.361367163694
 3823.321159377707 6128.061111434819 -8532.19742815089 9175.070386231877 -5388.739323005981
 -2426.786142968172 -843.8699071505816 -1233.012355289145 738.8649542551921 3241.43967423307
 6260.83644847462 -1737.048079323116 -8203.59074346435 -8322.463426015602 8367.005213475004
 6122.659883858329 4740.300216444291 8716.277764312454 7927.841828064527 -4673.173639266456
 -2233.108907632932 -9479.82214759503 -9053.685812020532 5878.884836466832 -9912.290359685696
 5306.552868117871 -7231.716634080429 7553.658662779169 1074.237523853206 -5432.818118044442
 -4048.383286986955 6694.08469316308 -2551.459042333691 8061.246624158648 -8346.472263161631
 8521.700981207352 6558.209074901592 5550.996976811706 -8860.411979834902 -3515.41176090007
 -8951.987279250474 -7276.437222816533 -4613.272131800928 -4355.731040230207 7248.892030292664
 -9344.737237896854 -899.7426332413033 -140.977495855348 8380.650746828054 -8152.476284505962
 -9556.128312063458 9963.449579853117 9234.762785920382 5864.251301842649 -9776.631615178219
 6662.779960649696 6509.208186425753 -8339.415764532479 -6854.691107974388 7735.491175629948
 -5753.661924071868 -5098.244622174041 -6919.077977276441 8605.604897268571 2261.810182284153
 2036.096882998971 -1379.164558729153 -9033.329710254256 -8033.009352170774 6177.324638869095
 -3759.907999355302 -2031.438519189019 -6157.42931782637 -4722.875393068658 -6056.337851320281
 1683.678956755371 -6280.621746571434 -9181.11531565784 -4935.490159682422 -5130.457165835011
 3729.80318717607 -6522.221857812419 -3164.361448316734 -190.3766765143955 -2073.949163237755
 -2102.157924296616 -603.6974136428144 1164.267439224632 -2265.961987658874 -7265.322436058785
 6751.606919458271 5027.392943856701 7253.31440084003 528.6301941640013 2397.424259143412
 3823.891277928526 1584.1134204723 -8527.756608589078 2053.417685028851 -9336.00203776232
 3223.2667778701 2079.969537968076 9753.776843126954 -7178.836713744653 -1628.779156348317
 -2159.986091827274 4844.820253991458 7185.698094892028 2661.890660542922 6955.979036448422
