# Created by Octave 4.2.1, Mon Oct 09 17:32:39 2017 BRT <root@mosqueiro>
# name: pop
# type: matrix
# rows: 1000
# columns: 5
 3069.186883280454 -6932.815978323069 -6616.08464653239 6858.316249444368 3656.422301383605
 3069.186883280454 -6932.815978323069 -6616.08464653239 6858.316249444368 3656.422301383605
 3069.186883280454 -6932.815978323069 -6616.08464653239 6858.316249444368 3656.422301383605
 3069.186883280454 -6932.815978323069 -6616.08464653239 6858.316249444368 3656.422301383605
 3069.186883280454 -6932.815978323069 -6616.08464653239 6858.316249444368 3656.422301383605
 -20184.39671311577 -40022.68143438152 25284.16964512895 6004.511539023633 15441.95653862664
 3069.186883280454 -6932.815978323069 -6616.08464653239 6858.316249444368 3656.422301383605
 8686.443878323207 -1815.392950288696 -659.0802768191679 -8023.410269825834 1586.318600371196
 4034.907769847807 -2552.32409743333 -4448.652095031181 -1753.16190164084 4663.165721937623
 -2549.038282277673 1927.289668914023 7463.764037858302 -5564.592101112387 -5430.055409317232
 7296.020070216411 -8229.119568133427 -5471.013499558238 272.0323096010488 7415.727304996377
 16439.92518728224 -36034.37233792983 7509.18339988421 -30283.41806202495 10606.08839041852
 6798.147032661003 -7709.733922946774 1445.639724610268 863.858522722061 -1314.842498514192
 7022.360464375783 -3639.457847179327 9855.338499933689 -9818.956726014971 -3271.146059446823
 -2971.723798790315 -4816.144515811079 7727.078368617629 9859.721080296687 -9951.905914095796
 4034.907769847807 -2552.32409743333 -4448.652095031181 -1753.16190164084 4663.165721937623
 873.7540314919261 8116.73767048604 6267.060293588962 4646.225436215902 -9443.51926013497
 3069.186883280454 -6932.815978323069 -6616.08464653239 6858.316249444368 3656.422301383605
 3069.186883280454 -6932.815978323069 -6616.08464653239 6858.316249444368 3656.422301383605
 9259.153495335733 53978.38438981539 13840.42183607482 23092.72272386931 -41950.67403736438
 3069.186883280454 -6932.815978323069 -6616.08464653239 6858.316249444368 3656.422301383605
 -4005.899005622206 -2747.723054704419 7189.434291830818 5215.069835127948 -5673.813560183832
 6798.147032661003 -7709.733922946774 1445.639724610268 863.858522722061 -1314.842498514192
 3069.186883280454 -6932.815978323069 -6616.08464653239 6858.316249444368 3656.422301383605
 -2516.596658320051 9908.860679884085 4282.920179287248 -5534.240267019016 -5397.105372800061
 9646.376291732202 -6899.980167671858 4770.186244432087 -1556.543963565135 -5773.637855845114
 -3605.61370797214 9421.324849617016 3385.918745838189 1390.18775493075 -9355.204626017634
 -2516.596658320051 9908.860679884085 4282.920179287248 -5534.240267019016 -5397.105372800061
 4034.907769847807 -2552.32409743333 -4448.652095031181 -1753.16190164084 4663.165721937623
 7022.360464375783 -3639.457847179327 9855.338499933689 -9818.956726014971 -3271.146059446823
 13940.18736444225 -5445.906245866572 7468.124057458035 30236.6542905039 8234.711729400569
 -9067.498658762252 6351.051302920852 2494.636015602711 7358.90327107031 -6735.701965494215
 -8447.463430925016 -4483.999883200463 9682.785578581421 5420.036686532505 -578.6136376462855
 26433.25678728406 6821.229913801828 -5266.6740261705 18745.62502170574 30120.65226108178
 3069.186883280454 -6932.815978323069 -6616.08464653239 6858.316249444368 3656.422301383605
 9652.785117182597 -7257.2442149156 -5944.869960024465 -3050.142999311172 6818.828179647535
 7104.946970966928 13437.29161207287 -11258.24389257382 -4342.867572029589 2657.842431503224
 1838.097549854232 9525.470114128377 -8490.507115786097 -1280.833428171538 8174.226079000931
 -226.5650203148489 -5203.34254937909 -5254.685762210836 2531.438416753977 8446.483147600349
 3069.186883280454 -6932.815978323069 -6616.08464653239 6858.316249444368 3656.422301383605
 -3605.61370797214 9421.324849617016 3385.918745838189 1390.18775493075 -9355.204626017634
 -7038.904784223051 642.351811809418 1243.902703669659 -2390.522028220528 8796.56914317788
 3069.186883280454 -6932.815978323069 -6616.08464653239 6858.316249444368 3656.422301383605
 -8263.849598626268 6968.210861815958 6388.814809277344 2357.458244116297 -6751.795337133436
 3069.186883280454 -6932.815978323069 -6616.08464653239 6858.316249444368 3656.422301383605
 6808.115084519795 4252.143723356137 -404.0452467137438 -2798.192511445156 -7722.079062764028
 -2516.596658320051 9908.860679884085 4282.920179287248 -5534.240267019016 -5397.105372800061
 12567.48650138267 -9330.872261350096 -14027.50541677936 13455.37902065726 -17000.96605101069
 3069.186883280454 -6932.815978323069 -6616.08464653239 6858.316249444368 3656.422301383605
 4066.335197677394 -17126.90407360112 -41389.41212790702 26679.00725412002 -816.8126599374273
 -3514.399649066876 -9624.336426613501 -6141.015138596789 -4013.097784602689 917.8196516433982
 -513.7547265680951 3973.261593267749 292.9834847135735 4534.466959136047 -7407.823604076126
 7022.360464375783 -3639.457847179327 9855.338499933689 -9818.956726014971 -3271.146059446823
 -4005.899005622206 -2747.723054704419 7189.434291830818 5215.069835127948 -5673.813560183832
 3069.186883280454 -6932.815978323069 -6616.08464653239 6858.316249444368 3656.422301383605
 -226.5650203148489 -5203.34254937909 -5254.685762210836 2531.438416753977 8446.483147600349
 3069.186883280454 -6932.815978323069 -6616.08464653239 6858.316249444368 3656.422301383605
 3069.186883280454 -6932.815978323069 -6616.08464653239 6858.316249444368 3656.422301383605
 -1791.719941767489 9760.063689852264 -8507.165359543294 6820.574996314695 3204.238676982313
 -4005.899005622206 -2747.723054704419 7189.434291830818 5215.069835127948 -5673.813560183832
 3069.186883280454 -6932.815978323069 -6616.08464653239 6858.316249444368 3656.422301383605
 8745.240326714633 -7907.70227573056 -1960.183379671309 2185.251583065809 -840.0009526433787
 6798.147032661003 -7709.733922946774 1445.639724610268 863.858522722061 -1314.842498514192
 3069.186883280454 -6932.815978323069 -6616.08464653239 6858.316249444368 3656.422301383605
 5101.24295940294 -3.230919990612165 -6545.59660402061 8582.528422577372 -1579.03116227272
 3069.186883280454 -6932.815978323069 -6616.08464653239 6858.316249444368 3656.422301383605
 9424.484033179338 -7080.13686820086 8622.422642904472 -2755.051407902612 -4091.689330689855
 4532.68196842084 -684.9069644978481 4665.970665890733 -3185.320101772097 -6127.678250865235
 3069.186883280454 -6932.815978323069 -6616.08464653239 6858.316249444368 3656.422301383605
 6798.147032661003 -7709.733922946774 1445.639724610268 863.858522722061 -1314.842498514192
 -10191.4434648294 -5854.379568585519 -31662.97947248808 23530.52627863067 10526.94466790235
 -20509.85132323385 6600.058772587861 12042.84217368931 5928.236447038241 -7549.02674673854
 8745.240326714633 -7907.70227573056 -1960.183379671309 2185.251583065809 -840.0009526433787
 -3605.61370797214 9421.324849617016 3385.918745838189 1390.18775493075 -9355.204626017634
 -126.5711304377201 -2120.753002038635 -9355.297462958597 4421.882350131025 6901.95665156981
 436.465762757869 9150.824246739881 5319.345334103662 -8989.321464704051 1035.304762572867
 8119.628341089247 -4250.864927948073 -6050.83793057417 -8423.595477907616 6633.014230289929
 -1665.758845929418 5581.76588559952 -931.9036329228402 5064.193082915062 -7869.968101138515
 3069.186883280454 -6932.815978323069 -6616.08464653239 6858.316249444368 3656.422301383605
 7296.020070216411 -8229.119568133427 -5471.013499558238 272.0323096010488 7415.727304996377
 -567.3730431314543 -2866.273759766268 2587.812575132893 8381.162640093455 -6829.713568487502
 7807.704933600762 4988.830242958857 6148.653308260784 -5289.016143902877 -9956.321513848348
 -21093.36991274426 -27992.87696164106 24111.9410728541 7345.217459383309 20871.18826008989
 -22517.58062584232 15444.39043768612 23762.30143713958 -2810.781508614666 7738.686757750875
 -1147.706740674608 2032.26957941623 -868.8393183220105 7741.577128316578 -3936.330803535998
