# Created by Octave 4.2.1, Mon Oct 09 17:51:44 2017 BRT <root@mosqueiro>
# name: pop
# type: matrix
# rows: 1000
# columns: 5
 -16539.1205478271 35855.54960792076 1129.530066782612 -11926.45330430938 -8515.340581257255
 -6656.268131236139 6353.222260248825 3061.895208913224 6774.301502112063 -9499.130554024872
 -6656.268131236139 6353.222260248825 3061.895208913224 6774.301502112063 -9499.130554024872
 -6656.268131236139 6353.222260248825 3061.895208913224 6774.301502112063 -9499.130554024872
 -6656.268131236139 6353.222260248825 3061.895208913224 6774.301502112063 -9499.130554024872
 -6656.268131236139 6353.222260248825 3061.895208913224 6774.301502112063 -9499.130554024872
 -700.2359390126264 -22664.26213183516 -7941.203599846425 -23078.72908954576 -11571.47994336234
 -1025.732172744962 2848.40041704118 -6846.283718448789 5443.992310933847 12668.27769325247
 -6656.268131236139 6353.222260248825 3061.895208913224 6774.301502112063 -9499.130554024872
 -6656.268131236139 6353.222260248825 3061.895208913224 6774.301502112063 -9499.130554024872
 -8889.228181393133 2215.836379816919 24389.70899133092 19379.69532083612 19865.70066946672
 -6656.268131236139 6353.222260248825 3061.895208913224 6774.301502112063 -9499.130554024872
 14018.1971531476 12527.38481402106 -19165.00464182101 13398.48071196154 -13546.33778049446
 -3768.847562231686 -13942.24663347523 12129.53198057584 13145.60654685908 -407.2754157794698
 -6656.268131236139 6353.222260248825 3061.895208913224 6774.301502112063 -9499.130554024872
 -6656.268131236139 6353.222260248825 3061.895208913224 6774.301502112063 -9499.130554024872
 -2199.792404344269 -23605.77519978305 -1997.821766427573 6484.874511082309 -1031.335905415169
 -6656.268131236139 6353.222260248825 3061.895208913224 6774.301502112063 -9499.130554024872
 -6656.268131236139 6353.222260248825 3061.895208913224 6774.301502112063 -9499.130554024872
 -26107.98902889656 43882.91978331532 34988.30635949605 -4163.907510863231 -16104.713605964
 12646.04105599827 31287.82230389541 -5243.982534911014 -6021.040010062556 5826.269812636489
 -6656.268131236139 6353.222260248825 3061.895208913224 6774.301502112063 -9499.130554024872
 -6656.268131236139 6353.222260248825 3061.895208913224 6774.301502112063 -9499.130554024872
 -6656.268131236139 6353.222260248825 3061.895208913224 6774.301502112063 -9499.130554024872
 -6656.268131236139 6353.222260248825 3061.895208913224 6774.301502112063 -9499.130554024872
 -6656.268131236139 6353.222260248825 3061.895208913224 6774.301502112063 -9499.130554024872
 -6656.268131236139 6353.222260248825 3061.895208913224 6774.301502112063 -9499.130554024872
 -6656.268131236139 6353.222260248825 3061.895208913224 6774.301502112063 -9499.130554024872
 -6656.268131236139 6353.222260248825 3061.895208913224 6774.301502112063 -9499.130554024872
 -6656.268131236139 6353.222260248825 3061.895208913224 6774.301502112063 -9499.130554024872
 -6656.268131236139 6353.222260248825 3061.895208913224 6774.301502112063 -9499.130554024872
 -6656.268131236139 6353.222260248825 3061.895208913224 6774.301502112063 -9499.130554024872
 12549.93009468036 -4699.598876533682 -14289.30222113257 12599.71410114128 -7938.743265726242
 -6656.268131236139 6353.222260248825 3061.895208913224 6774.301502112063 -9499.130554024872
 -65905.87134366325 21687.51279079285 -47297.47418038399 10043.5770934555 -140.7600471048772
 -1889.522853763995 3128.606941234701 9026.553241271406 5665.608465754553 -15580.94068589378
 -6656.268131236139 6353.222260248825 3061.895208913224 6774.301502112063 -9499.130554024872
 -6656.268131236139 6353.222260248825 3061.895208913224 6774.301502112063 -9499.130554024872
 -6656.268131236139 6353.222260248825 3061.895208913224 6774.301502112063 -9499.130554024872
 -6656.268131236139 6353.222260248825 3061.895208913224 6774.301502112063 -9499.130554024872
 21834.2404386148 4350.121301011925 -15695.5527358168 -272.8736383077758 9058.733042044467
 -6656.268131236139 6353.222260248825 3061.895208913224 6774.301502112063 -9499.130554024872
 -4255.27115769095 -2679.349304441805 3045.720711743758 4403.936431082647 -14996.00948625391
 -16539.1205478271 35855.54960792076 1129.530066782612 -11926.45330430938 -8515.340581257255
 -6656.268131236139 6353.222260248825 3061.895208913224 6774.301502112063 -9499.130554024872
 -6656.268131236139 6353.222260248825 3061.895208913224 6774.301502112063 -9499.130554024872
 21025.81221983584 -3145.08258875944 13850.26878632858 -229.1424765953811 -4165.39262111183
 -6656.268131236139 6353.222260248825 3061.895208913224 6774.301502112063 -9499.130554024872
 -3753.085809431985 -566.3078940131018 -950.0521653543774 478.9683901348908 6189.55936239931
 -3130.498042393194 -7719.503642954325 -1851.061756266822 4522.213934612664 8123.091467376813
 -18996.69493846877 5798.013140255104 -22185.13792432175 7444.615851534994 14454.86756726757
 -6656.268131236139 6353.222260248825 3061.895208913224 6774.301502112063 -9499.130554024872
 -6656.268131236139 6353.222260248825 3061.895208913224 6774.301502112063 -9499.130554024872
 2348.346743979948 -9321.884805969396 -3507.112693630131 2853.970280813828 7314.754647293441
 -6656.268131236139 6353.222260248825 3061.895208913224 6774.301502112063 -9499.130554024872
 -2300.807089188232 4147.149961969055 4510.715305693932 -12399.17044504709 -12882.29198628046
 -37974.1406322999 7337.397001069109 11491.09344223989 15718.0069506318 -2099.744838067349
 -6656.268131236139 6353.222260248825 3061.895208913224 6774.301502112063 -9499.130554024872
 -6656.268131236139 6353.222260248825 3061.895208913224 6774.301502112063 -9499.130554024872
 8504.820708747433 -3266.299039780335 -4930.563767277422 1519.835391918037 -1844.611367073909
 -3130.498042393194 -7719.503642954325 -1851.061756266822 4522.213934612664 8123.091467376813
 -6656.268131236139 6353.222260248825 3061.895208913224 6774.301502112063 -9499.130554024872
 -1426.875911138426 -19612.243902973 -6247.317438521061 4138.26324682342 22845.77263679954
 -23468.04633413976 2332.976833128037 1832.307020803682 7430.474832734876 -14809.95604298107
 -6656.268131236139 6353.222260248825 3061.895208913224 6774.301502112063 -9499.130554024872
 6364.127891700844 -240.8988692430539 -5508.290578057798 8766.757618954809 -9322.858562785259
 -19889.36963855359 9505.081593493005 4298.027308426326 14772.06239282192 -25744.782101009
 -6656.268131236139 6353.222260248825 3061.895208913224 6774.301502112063 -9499.130554024872
 -6656.268131236139 6353.222260248825 3061.895208913224 6774.301502112063 -9499.130554024872
 -25943.06930288925 55235.73891833876 -11450.21317488101 -12247.85389433622 -5598.608386843856
 -6656.268131236139 6353.222260248825 3061.895208913224 6774.301502112063 -9499.130554024872
 -6656.268131236139 6353.222260248825 3061.895208913224 6774.301502112063 -9499.130554024872
 -21799.15975858904 8766.764447373118 -4296.192948773335 16635.29250457476 -17694.72266047649
 -13039.34955032298 4855.561236513387 8541.430341587204 3482.056040133052 1074.920859303167
 -5554.292227840827 -4367.671107229882 1874.945973232329 18406.30416917953 -8067.869157002807
 -6656.268131236139 6353.222260248825 3061.895208913224 6774.301502112063 -9499.130554024872
 -6656.268131236139 6353.222260248825 3061.895208913224 6774.301502112063 -9499.130554024872
 -16539.1205478271 35855.54960792076 1129.530066782612 -11926.45330430938 -8515.340581257255
 6162.77240372905 50047.25949650614 1090.312188648704 45135.32086152125 -10860.30019995977
 -6656.268131236139 6353.222260248825 3061.895208913224 6774.301502112063 -9499.130554024872
 4636.381355917502 1547.934384756908 -10533.58754438485 -4944.113779973344 -14669.44832607893
 -6656.268131236139 6353.222260248825 3061.895208913224 6774.301502112063 -9499.130554024872
 -20249.22089365198 -890.5357415568405 -6371.761561561276 -7865.781472899662 -5412.643756598632
 -6656.268131236139 6353.222260248825 3061.895208913224 6774.301502112063 -9499.130554024872
