# Created by Octave 4.2.1, Mon Oct 09 18:27:31 2017 BRT <root@mosqueiro>
# name: pop
# type: matrix
# rows: 1000
# columns: 5
 -6166.509967116393 7123.382352424798 -8180.564152328401 8335.04417919104 -1095.735555210027
 -6166.509967116393 7123.382352424798 -8180.564152328401 8335.04417919104 -1095.735555210027
 -6166.509967116393 7123.382352424798 -8180.564152328401 8335.04417919104 -1095.735555210027
 -6166.509967116393 7123.382352424798 -8180.564152328401 8335.04417919104 -1095.735555210027
 -6166.509967116393 7123.382352424798 -8180.564152328401 8335.04417919104 -1095.735555210027
 -6166.509967116393 7123.382352424798 -8180.564152328401 8335.04417919104 -1095.735555210027
 -6166.509967116393 7123.382352424798 -8180.564152328401 8335.04417919104 -1095.735555210027
 -8050.497224522569 7754.819000622869 -9745.174986403241 7885.809393492465 2182.906102317827
 -8050.497224522569 7754.819000622869 -9745.174986403241 7885.809393492465 2182.906102317827
 -9364.277525185398 6473.510956240737 -9188.599333948894 7945.983395521332 1946.808420542505
 -8050.497224522569 7754.819000622869 -9745.174986403241 7885.809393492465 2182.906102317827
 -8050.497224522569 7754.819000622869 -9745.174986403241 7885.809393492465 2182.906102317827
 -8461.205859772397 10661.69264165086 -9642.603501206357 6979.487902690828 3515.094937157921
 -8050.497224522569 7754.819000622869 -9745.174986403241 7885.809393492465 2182.906102317827
 -8050.497224522569 7754.819000622869 -9745.174986403241 7885.809393492465 2182.906102317827
 -8050.497224522569 7754.819000622869 -9745.174986403241 7885.809393492465 2182.906102317827
 -8331.831938404197 8037.098993891094 -10411.16665634992 6310.675637779214 4984.20973968404
 -8050.497224522569 7754.819000622869 -9745.174986403241 7885.809393492465 2182.906102317827
 -8050.497224522569 7754.819000622869 -9745.174986403241 7885.809393492465 2182.906102317827
 -7191.737607694326 7701.122388704336 -11707.98936174626 8161.214954357444 1653.313262208424
 -8050.497224522569 7754.819000622869 -9745.174986403241 7885.809393492465 2182.906102317827
 -6561.720363908057 8371.326642124604 -10535.62226027948 6447.472990983648 2961.150262034318
 -8050.497224522569 7754.819000622869 -9745.174986403241 7885.809393492465 2182.906102317827
 -6166.509967116393 7123.382352424798 -8180.564152328401 8335.04417919104 -1095.735555210027
 -6166.509967116393 7123.382352424798 -8180.564152328401 8335.04417919104 -1095.735555210027
 -8050.497224522569 7754.819000622869 -9745.174986403241 7885.809393492465 2182.906102317827
 -8050.497224522569 7754.819000622869 -9745.174986403241 7885.809393492465 2182.906102317827
 -5428.974082677976 9542.24640805974 -7687.481613613472 6822.59376009779 1352.660622468154
 -8050.497224522569 7754.819000622869 -9745.174986403241 7885.809393492465 2182.906102317827
 -6930.617186439959 4064.554883412725 -9605.614360604877 10506.00393799806 1270.593401378514
 -8050.497224522569 7754.819000622869 -9745.174986403241 7885.809393492465 2182.906102317827
 -8050.497224522569 7754.819000622869 -9745.174986403241 7885.809393492465 2182.906102317827
 -8050.497224522569 7754.819000622869 -9745.174986403241 7885.809393492465 2182.906102317827
 -8050.497224522569 7754.819000622869 -9745.174986403241 7885.809393492465 2182.906102317827
 -8050.497224522569 7754.819000622869 -9745.174986403241 7885.809393492465 2182.906102317827
 -6166.509967116393 7123.382352424798 -8180.564152328401 8335.04417919104 -1095.735555210027
 -8050.497224522569 7754.819000622869 -9745.174986403241 7885.809393492465 2182.906102317827
 -8050.497224522569 7754.819000622869 -9745.174986403241 7885.809393492465 2182.906102317827
 -8050.497224522569 7754.819000622869 -9745.174986403241 7885.809393492465 2182.906102317827
 -8050.497224522569 7754.819000622869 -9745.174986403241 7885.809393492465 2182.906102317827
 -6166.509967116393 7123.382352424798 -8180.564152328401 8335.04417919104 -1095.735555210027
 3761.89768699319 5229.414586636147 -2775.359897021253 2340.143585881098 -2440.715169818204
 -8050.497224522569 7754.819000622869 -9745.174986403241 7885.809393492465 2182.906102317827
 -8050.497224522569 7754.819000622869 -9745.174986403241 7885.809393492465 2182.906102317827
 -8050.497224522569 7754.819000622869 -9745.174986403241 7885.809393492465 2182.906102317827
 -8050.497224522569 7754.819000622869 -9745.174986403241 7885.809393492465 2182.906102317827
 -8050.497224522569 7754.819000622869 -9745.174986403241 7885.809393492465 2182.906102317827
 -8050.497224522569 7754.819000622869 -9745.174986403241 7885.809393492465 2182.906102317827
 -8050.497224522569 7754.819000622869 -9745.174986403241 7885.809393492465 2182.906102317827
 -8050.497224522569 7754.819000622869 -9745.174986403241 7885.809393492465 2182.906102317827
 -8050.497224522569 7754.819000622869 -9745.174986403241 7885.809393492465 2182.906102317827
 -9451.497741510571 7159.113461482581 -9322.9374752075 9196.497661604399 841.2819165510334
 -8050.497224522569 7754.819000622869 -9745.174986403241 7885.809393492465 2182.906102317827
 -8050.497224522569 7754.819000622869 -9745.174986403241 7885.809393492465 2182.906102317827
 794.7979678402598 26402.84766815807 -3607.550763649228 23715.68045359718 8345.277373326524
 -8050.497224522569 7754.819000622869 -9745.174986403241 7885.809393492465 2182.906102317827
 -10333.78600643855 8591.117783559395 -8256.384595822241 7576.083525059577 2959.418920715696
 -8074.112748386051 7602.135664411756 -9064.9389033921 8193.132294121335 1086.186354197173
 -6166.509967116393 7123.382352424798 -8180.564152328401 8335.04417919104 -1095.735555210027
 -6022.925014319479 8247.477374303362 -8108.036928008881 9562.317908975916 4706.374445470891
 -8050.497224522569 7754.819000622869 -9745.174986403241 7885.809393492465 2182.906102317827
 -7335.917381593773 9600.664518161342 -13712.79831852124 8142.497548954969 2660.848511333602
 3103.824478536138 7570.686141216889 -5660.247124145711 -338.3444613385553 243.0592240101636
 -6443.495986691501 7506.192459325392 -16909.94071033999 8028.249177359398 2727.665646655956
 -6309.836661936551 10811.60997584291 -12681.42462596383 8662.239205505972 -3336.498257054829
 -8050.497224522569 7754.819000622869 -9745.174986403241 7885.809393492465 2182.906102317827
 -6166.509967116393 7123.382352424798 -8180.564152328401 8335.04417919104 -1095.735555210027
 -6166.509967116393 7123.382352424798 -8180.564152328401 8335.04417919104 -1095.735555210027
 -8050.497224522569 7754.819000622869 -9745.174986403241 7885.809393492465 2182.906102317827
 -6443.495986691501 7506.192459325392 -16909.94071033999 8028.249177359398 2727.665646655956
 -8050.497224522569 7754.819000622869 -9745.174986403241 7885.809393492465 2182.906102317827
 -8050.497224522569 7754.819000622869 -9745.174986403241 7885.809393492465 2182.906102317827
 -8050.497224522569 7754.819000622869 -9745.174986403241 7885.809393492465 2182.906102317827
 -8050.497224522569 7754.819000622869 -9745.174986403241 7885.809393492465 2182.906102317827
 -7936.298680362454 7059.503999942664 -8736.997501338705 7740.058881562193 3794.968284930154
 -8050.497224522569 7754.819000622869 -9745.174986403241 7885.809393492465 2182.906102317827
 -6000.966168442595 7166.866028218187 -12266.1886824381 7111.025770948424 2297.50253900032
 -8050.497224522569 7754.819000622869 -9745.174986403241 7885.809393492465 2182.906102317827
 -569.1181290595259 4469.348151350225 -9263.470940226816 7852.731715921474 19704.65620803696
 -11602.9800185533 13535.80014957964 -8652.91374335237 5532.098266064938 4917.579738317704
 -7734.803137684811 8690.89232139197 -8591.457634703196 8420.709870110533 1995.193769114962
 -8050.497224522569 7754.819000622869 -9745.174986403241 7885.809393492465 2182.906102317827
 -5949.4926647557 8347.108239221076 -9028.337181271118 8388.654874337384 4717.52533135361
 -8050.497224522569 7754.819000622869 -9745.174986403241 7885.809393492465 2182.906102317827
