# Created by Octave 4.2.1, Mon Oct 09 18:51:39 2017 BRT <root@mosqueiro>
# name: pop
# type: matrix
# rows: 1000
# columns: 5
 9081.243764939318 -7533.838776263106 1009.045428323986 -5823.865997315747 3266.721178269719
 9081.243428400017 -7533.838385655003 1009.045592466201 -5823.866048824842 3266.721007039763
 9081.243428400017 -7533.838385655003 1009.045592466201 -5823.866048824842 3266.721007039763
 9081.243428400017 -7533.838385655003 1009.045592466201 -5823.866048824842 3266.721007039763
 9081.243428400017 -7533.838385655003 1009.045592466201 -5823.866048824842 3266.721007039763
 9081.243428400017 -7533.838385655003 1009.045592466201 -5823.866048824842 3266.721007039763
 9081.240744464909 -7533.837467290537 1009.044562731487 -5823.86542744251 3266.722629340964
 9082.390749826505 -7494.345115490374 981.097854007425 -5884.396083670688 3314.557570370737
 9081.243637689218 -7533.83737053099 1009.04434513488 -5823.866127758537 3266.7218912418
 9081.243428400017 -7533.838385655003 1009.045592466201 -5823.866048824842 3266.721007039763
 9081.243450807751 -7533.838398216295 1009.045608936802 -5823.86611150692 3266.721077779942
 9081.243428400017 -7533.838385655003 1009.045592466201 -5823.866048824842 3266.721007039763
 9081.243428400017 -7533.838385655003 1009.045592466201 -5823.866048824842 3266.721007039763
 9081.243428400017 -7533.838385655003 1009.045592466201 -5823.866048824842 3266.721007039763
 9081.098635370958 -7548.026637808062 1020.515870315507 -5826.999606224597 3272.717181808633
 9081.242393361788 -7533.837378680795 1009.049512125731 -5823.870460274391 3266.721591451996
 9081.243637689218 -7533.83737053099 1009.04434513488 -5823.866127758537 3266.7218912418
 9081.243428400017 -7533.838385655003 1009.045592466201 -5823.866048824842 3266.721007039763
 9081.243531767923 -7533.838429752574 1009.045617068109 -5823.866154704769 3266.72104586347
 9082.390749826505 -7494.345115490374 981.097854007425 -5884.396083670688 3314.557570370737
 9075.768210846894 -7496.079630946848 981.7990331557778 -5880.496617976005 3318.323692849943
 9081.243428400017 -7533.838385655003 1009.045592466201 -5823.866048824842 3266.721007039763
 9081.243428400017 -7533.838385655003 1009.045592466201 -5823.866048824842 3266.721007039763
 9081.243438547612 -7533.838265271043 1009.045689782303 -5823.86597554472 3266.721145690055
 9081.243405894185 -7533.837303249824 1009.044278370217 -5823.866223415332 3266.721808381846
 9081.243428400017 -7533.838385655003 1009.045592466201 -5823.866048824842 3266.721007039763
 9081.243619208835 -7533.837334074704 1009.044266587391 -5823.86605729929 3266.721870947358
 9081.243428400017 -7533.838385655003 1009.045592466201 -5823.866048824842 3266.721007039763
 9080.993841441523 -7533.764199417782 1008.996831354321 -5823.691287288666 3266.771579027483
 9081.241379195922 -7533.835366587909 1009.041253721832 -5823.864214514791 3266.722850022076
 9081.243428400017 -7533.838385655003 1009.045592466201 -5823.866048824842 3266.721007039763
 9082.100686759171 -7533.331105465851 1007.728653472097 -5823.020226325305 3265.827385210137
 9075.763788066466 -7496.06851890519 981.8533976862002 -5880.524999070284 3318.316620871859
 9081.041034359272 -7533.713618615975 1008.957753683447 -5823.655327810596 3266.750277804871
 9081.242326380507 -7533.836911997711 1009.050177142723 -5823.870510880605 3266.720885439068
 9081.243428400017 -7533.838385655003 1009.045592466201 -5823.866048824842 3266.721007039763
 9081.243428400017 -7533.838385655003 1009.045592466201 -5823.866048824842 3266.721007039763
 9081.24345070693 -7533.838309937865 1009.045550217448 -5823.866034435193 3266.720986895062
 9081.243637689218 -7533.83737053099 1009.04434513488 -5823.866127758537 3266.7218912418
 9080.993105475178 -7533.754429739547 1008.984045593942 -5823.690391009464 3266.773243411711
 9080.991693685157 -7533.752273539763 1008.984796393046 -5823.691881215581 3266.773103155046
 9081.243428400017 -7533.838385655003 1009.045592466201 -5823.866048824842 3266.721007039763
 9081.243428400017 -7533.838385655003 1009.045592466201 -5823.866048824842 3266.721007039763
 9081.243388084731 -7533.838468424598 1009.045663207438 -5823.866051201629 3266.72096858508
 9081.243428400017 -7533.838385655003 1009.045592466201 -5823.866048824842 3266.721007039763
 9081.242594106892 -7533.837468593272 1009.044006550114 -5823.866167472695 3266.722344322712
 9082.10319260379 -7533.332270721296 1007.726888909349 -5823.018812173605 3265.825005919667
 9081.243428400017 -7533.838385655003 1009.045592466201 -5823.866048824842 3266.721007039763
 9080.993200548617 -7533.754427740822 1008.983975740509 -5823.690460629226 3266.773232065022
 9081.243764939318 -7533.838776263106 1009.045428323986 -5823.865997315747 3266.721178269719
 9081.243428400017 -7533.838385655003 1009.045592466201 -5823.866048824842 3266.721007039763
 9081.240703759411 -7533.837026288327 1009.044450597259 -5823.865119622322 3266.722594738281
 9081.243428400017 -7533.838385655003 1009.045592466201 -5823.866048824842 3266.721007039763
 9081.243664415686 -7533.838690696349 1009.045391595935 -5823.86598145166 3266.721191175862
 9081.243428400017 -7533.838385655003 1009.045592466201 -5823.866048824842 3266.721007039763
 9081.241311472479 -7533.837751178244 1009.043033061779 -5823.863405536463 3266.72166589975
 9081.243417529438 -7533.838505638695 1009.045509674783 -5823.866009563096 3266.721012024962
 9081.242555675819 -7533.837555755949 1009.049652648522 -5823.870272783771 3266.722354032293
 9081.240339793014 -7533.836903960219 1009.044521285963 -5823.864307793373 3266.721766907285
 9081.243764939318 -7533.838776263106 1009.045428323986 -5823.865997315747 3266.721178269719
 9081.098226248976 -7548.026402778881 1020.51570222186 -5826.999794147129 3272.717396782965
 9081.242320305235 -7533.837318842497 1009.049523401857 -5823.870443165536 3266.7215921968
 9081.243428400017 -7533.838385655003 1009.045592466201 -5823.866048824842 3266.721007039763
 9081.240770689734 -7533.837001854551 1009.044746089151 -5823.865222034543 3266.722320503334
 9080.993037881521 -7533.754333275315 1008.98397046398 -5823.690459226731 3266.773368832504
 9080.993471075135 -7533.75278633675 1008.98681409597 -5823.693400148019 3266.771131831112
 9081.243428400017 -7533.838385655003 1009.045592466201 -5823.866048824842 3266.721007039763
 9081.243428400017 -7533.838385655003 1009.045592466201 -5823.866048824842 3266.721007039763
 9082.112723747683 -7533.342031742683 1007.730921549191 -5823.017803473903 3265.821748676004
 9081.243428400017 -7533.838385655003 1009.045592466201 -5823.866048824842 3266.721007039763
 9081.243428400017 -7533.838385655003 1009.045592466201 -5823.866048824842 3266.721007039763
 9081.241387591401 -7533.835540732657 1009.040991506879 -5823.863793378126 3266.72209409358
 9081.243428400017 -7533.838385655003 1009.045592466201 -5823.866048824842 3266.721007039763
 9081.240770206705 -7533.837047369129 1009.044604550467 -5823.86519143799 3266.722421233919
 9081.243428400017 -7533.838385655003 1009.045592466201 -5823.866048824842 3266.721007039763
 9081.098236128029 -7548.026380728488 1020.51563543636 -5826.999803111743 3272.717392099325
 9081.243428400017 -7533.838385655003 1009.045592466201 -5823.866048824842 3266.721007039763
 9081.243428400017 -7533.838385655003 1009.045592466201 -5823.866048824842 3266.721007039763
 9082.390749826505 -7494.345115490374 981.097854007425 -5884.396083670688 3314.557570370737
 9081.243546601416 -7533.838413086894 1009.045519263835 -5823.86603166432 3266.720955284622
 9081.098952390674 -7548.025834474013 1020.516045195988 -5826.999952933962 3272.717997273425
 9082.390176033936 -7494.342304057577 981.0989976088512 -5884.395658015683 3314.555786168882
 9081.242393361788 -7533.837378680795 1009.049512125731 -5823.870460274391 3266.721591451996
 9080.991670671308 -7533.752653035869 1008.985047357564 -5823.691822533462 3266.773293897521
 9081.243664415686 -7533.838690696349 1009.045391595935 -5823.86598145166 3266.721191175862
