# Created by Octave 4.2.1, Mon Oct 09 17:49:29 2017 BRT <root@mosqueiro>
# name: pop
# type: matrix
# rows: 1000
# columns: 5
 -6656.268131236139 6353.222260248825 3061.895208913224 6774.301502112063 -9499.130554024872
 -6656.268131236139 6353.222260248825 3061.895208913224 6774.301502112063 -9499.130554024872
 -6656.268131236139 6353.222260248825 3061.895208913224 6774.301502112063 -9499.130554024872
 -6656.268131236139 6353.222260248825 3061.895208913224 6774.301502112063 -9499.130554024872
 -6656.268131236139 6353.222260248825 3061.895208913224 6774.301502112063 -9499.130554024872
 8504.820708747433 -3266.299039780335 -4930.563767277422 1519.835391918037 -1844.611367073909
 -8945.805483637816 9709.564454548927 -3000.115049078834 -3075.731730624837 5206.641241662439
 9598.676993448345 -18073.42679485172 -28819.90191593736 -4531.634661157305 -17955.09243747356
 -6656.268131236139 6353.222260248825 3061.895208913224 6774.301502112063 -9499.130554024872
 6610.285972537124 -2738.339399242299 8154.313723911739 -9375.38909336508 775.8520956756583
 -23839.67759912091 -6477.58127677327 -6262.480480633611 20825.3604959188 -16710.38949299857
 -6656.268131236139 6353.222260248825 3061.895208913224 6774.301502112063 -9499.130554024872
 6364.127891700844 -240.8988692430539 -5508.290578057798 8766.757618954809 -9322.858562785259
 6979.874429085365 -5900.441756020989 3680.404262405287 4565.440739607267 -9185.532364400988
 -6656.268131236139 6353.222260248825 3061.895208913224 6774.301502112063 -9499.130554024872
 -38220.4746102806 -14831.95778582698 27429.82382553518 -21832.02761661058 15753.16732694937
 2079.384861799467 -375.586301777457 1465.459095940809 -24880.1729826302 8579.670706912693
 -15951.48914764563 -648.8647590951487 7715.266008939574 -23082.85595845511 18371.14206318695
 -6656.268131236139 6353.222260248825 3061.895208913224 6774.301502112063 -9499.130554024872
 -4073.581692272198 -3355.036659030297 -20850.41160908922 -3.294675206478928 45225.48355067972
 8059.132396502595 4912.30987531903 4890.501931372788 -6944.767625362226 2976.004127534969
 -28397.22864928071 20186.58057605333 10493.92947443567 26585.73224761224 -896.2459574694367
 -2475.609060763203 13190.3281075744 -12768.24956900056 14453.74233769894 -3870.918519963698
 -6656.268131236139 6353.222260248825 3061.895208913224 6774.301502112063 -9499.130554024872
 19736.5859747828 -13600.62043462488 -12265.38580646917 -1587.43161679716 15417.15911163892
 3021.586927974906 2516.652198427028 -1129.845325948412 2152.421784808887 -6692.850509383192
 -6656.268131236139 6353.222260248825 3061.895208913224 6774.301502112063 -9499.130554024872
 -890.1594097300253 22957.43416569948 -25156.42289723652 2394.253456496023 -1571.614903036452
 -13905.4440805924 -20861.95440442848 6967.80784497073 11079.77179850596 25417.33412607107
 -3224.258396136034 83.5589438516472 -7880.19037880348 -9720.041195850514 -7082.70651688152
 21257.18967432399 -27094.25575561838 -11858.80801854721 -22453.20083120732 -3099.884857676841
 7549.788558692831 3412.790943796655 -56570.38768905933 9902.264987207458 42141.35443774575
 -17064.17287338646 -53019.11286489695 2599.811859252956 16337.70043268851 -8945.092024307123
 -3130.498042393194 -7719.503642954325 -1851.061756266822 4522.213934612664 8123.091467376813
 -6656.268131236139 6353.222260248825 3061.895208913224 6774.301502112063 -9499.130554024872
 -6656.268131236139 6353.222260248825 3061.895208913224 6774.301502112063 -9499.130554024872
 -308.3261151130318 -8232.34596527656 6832.103510423574 -1533.934056194883 7920.957959361836
 -6656.268131236139 6353.222260248825 3061.895208913224 6774.301502112063 -9499.130554024872
 6455.275640666914 -3175.451342289687 -7857.515137841808 -1509.001470211337 7954.894908144335
 -6656.268131236139 6353.222260248825 3061.895208913224 6774.301502112063 -9499.130554024872
 8504.820708747433 -3266.299039780335 -4930.563767277422 1519.835391918037 -1844.611367073909
 -6656.268131236139 6353.222260248825 3061.895208913224 6774.301502112063 -9499.130554024872
 -6656.268131236139 6353.222260248825 3061.895208913224 6774.301502112063 -9499.130554024872
 -6656.268131236139 6353.222260248825 3061.895208913224 6774.301502112063 -9499.130554024872
 -20756.39320613661 -37242.31409818823 2316.058376953632 16055.62560184371 -20316.97658975738
 6364.127891700844 -240.8988692430539 -5508.290578057798 8766.757618954809 -9322.858562785259
 643.6426344210304 3243.188777532472 3097.840310482103 -7478.408067512806 6156.213815302081
 6646.579484389542 -6070.255097136049 2905.034890858049 6035.553645675564 -8370.105010517171
 -6656.268131236139 6353.222260248825 3061.895208913224 6774.301502112063 -9499.130554024872
 6638.702391860307 14447.30969998885 -27814.74197881607 22465.01619045759 16386.91426566534
 7980.28689445178 -164.6890344898457 7547.028088441159 -9966.138420240342 -5733.403386589674
 -2414.363282377113 -8218.254152526752 3604.000605923229 6664.97002484593 325.0701981889652
 -6656.268131236139 6353.222260248825 3061.895208913224 6774.301502112063 -9499.130554024872
 -6656.268131236139 6353.222260248825 3061.895208913224 6774.301502112063 -9499.130554024872
 9980.607570725559 15345.20542054232 -14280.68455261222 4126.454291027761 -25748.88653637932
 -6656.268131236139 6353.222260248825 3061.895208913224 6774.301502112063 -9499.130554024872
 -18740.15773700887 30763.65825840623 -34083.66939835239 13807.04970004486 -6201.60324330456
 503.1571438308802 -42707.49619713522 28905.45427432112 1302.128914291889 27504.83334428552
 -4625.921991238505 2978.007912238041 4130.770291066068 -4271.704004716314 3414.825300334647
 9252.960146365564 -681.3441698697898 -4892.972855357055 1333.315912964097 7076.747114391663
 -6656.268131236139 6353.222260248825 3061.895208913224 6774.301502112063 -9499.130554024872
 3867.528299911262 -3952.663094250754 -8018.065987306783 -1939.741628765253 -7333.872219484387
 -9742.177575734479 2613.502148915741 3932.274561087814 -76.4583381180073 3940.446146528911
 -6656.268131236139 6353.222260248825 3061.895208913224 6774.301502112063 -9499.130554024872
 -2832.048956937058 22343.33561507969 6623.574707219745 -16762.95323618038 2501.780985930431
 2348.346743979948 -9321.884805969396 -3507.112693630131 2853.970280813828 7314.754647293441
 -6656.268131236139 6353.222260248825 3061.895208913224 6774.301502112063 -9499.130554024872
 44685.97659067058 -12962.3426921335 5575.818846530336 -9374.126058977045 30334.51400851813
 -2426.915693093065 -3995.450696088941 -98.80501242926584 955.0727220272129 -9616.043995888496
 -918.2272202437337 -60402.10774215678 8146.35293993535 4668.711635466087 17848.590700791
 7048.420665417416 7038.983414937906 7160.093131065096 1378.923598272931 -7365.373220676491
 6364.127891700844 -240.8988692430539 -5508.290578057798 8766.757618954809 -9322.858562785259
 -6656.268131236139 6353.222260248825 3061.895208913224 6774.301502112063 -9499.130554024872
 6364.127891700844 -240.8988692430539 -5508.290578057798 8766.757618954809 -9322.858562785259
 -6656.268131236139 6353.222260248825 3061.895208913224 6774.301502112063 -9499.130554024872
 6364.127891700844 -240.8988692430539 -5508.290578057798 8766.757618954809 -9322.858562785259
 -1408.857579677955 10921.41459214071 5153.977281043044 2998.616302487674 9446.156115232219
 -2414.363282377113 -8218.254152526752 3604.000605923229 6664.97002484593 325.0701981889652
 -33828.49049389768 19195.41280140533 -4454.099572407988 35569.26927376199 10431.86809672212
 -6656.268131236139 6353.222260248825 3061.895208913224 6774.301502112063 -9499.130554024872
 -7279.359972413187 2800.380213523544 -8144.351758086643 4922.36142608292 8483.831087915984
 -4566.386809025837 7337.942335288379 2637.982578587635 -932.5737835375476 -3568.257959574757
 -6656.268131236139 6353.222260248825 3061.895208913224 6774.301502112063 -9499.130554024872
 5401.390196296182 -5468.009768186215 22891.71323147068 11617.22937567907 798.3511840383408
