# Created by Octave 4.2.1, Mon Oct 09 18:18:55 2017 BRT <root@mosqueiro>
# name: pop
# type: matrix
# rows: 1000
# columns: 5
 34429.55900083219 7649.066324880768 -26569.92392151826 1104.804566752102 -16614.50596559532
 34429.5587398616 7649.066349232732 -26569.92389681901 1104.804509600677 -16614.50569647336
 34429.35359030156 7649.139313244889 -26569.81853780757 1104.659883652594 -16614.33424372703
 34429.55880753971 7649.066299749782 -26569.92385845373 1104.804497761667 -16614.50573948949
 34429.25824282038 7649.169993592058 -26569.8098047627 1104.666641584627 -16614.28506531879
 34429.55869013623 7649.066442235221 -26569.92396587206 1104.804539831803 -16614.50608067317
 34429.55907093384 7649.066369407858 -26569.92386169835 1104.804132433584 -16614.50593223987
 34429.55876394104 7649.066365768381 -26569.92385545887 1104.804485629504 -16614.5057035658
 34429.55810344429 7649.067213123318 -26569.92406636836 1104.80366475668 -16614.50577870623
 34429.35323400867 7649.476881319417 -26569.68428562271 1105.269043011921 -16615.41409536079
 34429.55876394104 7649.066365768381 -26569.92385545887 1104.804485629504 -16614.5057035658
 34429.25869099181 7649.169872354623 -26569.80980633259 1104.666973110555 -16614.28548156057
 34429.25825004356 7649.169875560831 -26569.80975860247 1104.666613369028 -16614.28499585624
 34429.55876394104 7649.066365768381 -26569.92385545887 1104.804485629504 -16614.5057035658
 34429.55901809378 7649.066279550566 -26569.92378516977 1104.804635033845 -16614.50576257769
 34429.55876394104 7649.066365768381 -26569.92385545887 1104.804485629504 -16614.5057035658
 34429.25869099181 7649.169872354623 -26569.80980633259 1104.666973110555 -16614.28548156057
 34429.25868979048 7649.169836254208 -26569.80989110921 1104.666964282842 -16614.28549934802
 34429.55876394104 7649.066365768381 -26569.92385545887 1104.804485629504 -16614.5057035658
 34429.2583252756 7649.168064414735 -26569.8096817374 1104.669343698414 -16614.28593285953
 34429.55872662304 7649.066406694925 -26569.92388726771 1104.804474276091 -16614.50564300801
 34429.25814521898 7649.169957751014 -26569.80976976176 1104.66667284943 -16614.2850453442
 34429.55876394104 7649.066365768381 -26569.92385545887 1104.804485629504 -16614.5057035658
 34429.25824282038 7649.169993592058 -26569.8098047627 1104.666641584627 -16614.28506531879
 34429.55876394104 7649.066365768381 -26569.92385545887 1104.804485629504 -16614.5057035658
 34429.55876394104 7649.066365768381 -26569.92385545887 1104.804485629504 -16614.5057035658
 34429.55876394104 7649.066365768381 -26569.92385545887 1104.804485629504 -16614.5057035658
 34429.25869099181 7649.169872354623 -26569.80980633259 1104.666973110555 -16614.28548156057
 34429.35369468178 7649.12491517804 -26569.81057804414 1104.651687585291 -16614.33211663429
 34429.25869099181 7649.169872354623 -26569.80980633259 1104.666973110555 -16614.28548156057
 34429.25873036163 7649.169277625671 -26569.80901393978 1104.667273425948 -16614.28554405219
 34429.25869099181 7649.169872354623 -26569.80980633259 1104.666973110555 -16614.28548156057
 34429.55876394104 7649.066365768381 -26569.92385545887 1104.804485629504 -16614.5057035658
 34429.55876394104 7649.066365768381 -26569.92385545887 1104.804485629504 -16614.5057035658
 34429.25886962905 7649.16634757156 -26569.81211348918 1104.666644828658 -16614.28934776293
 34429.55876394104 7649.066365768381 -26569.92385545887 1104.804485629504 -16614.5057035658
 34429.25824282038 7649.169993592058 -26569.8098047627 1104.666641584627 -16614.28506531879
 34429.55876394104 7649.066365768381 -26569.92385545887 1104.804485629504 -16614.5057035658
 34429.25824282038 7649.169993592058 -26569.8098047627 1104.666641584627 -16614.28506531879
 34429.35359030156 7649.139313244889 -26569.81853780757 1104.659883652594 -16614.33424372703
 34429.25824282038 7649.169993592058 -26569.8098047627 1104.666641584627 -16614.28506531879
 34429.55876394104 7649.066365768381 -26569.92385545887 1104.804485629504 -16614.5057035658
 34429.55876394104 7649.066365768381 -26569.92385545887 1104.804485629504 -16614.5057035658
 34429.36661708279 7649.475483673573 -26569.67511504322 1105.264910030417 -16615.43815924288
 34429.55876394104 7649.066365768381 -26569.92385545887 1104.804485629504 -16614.5057035658
 34429.25777414332 7649.171815765225 -26569.80957592068 1104.66936700208 -16614.28591999549
 34429.35359030156 7649.139313244889 -26569.81853780757 1104.659883652594 -16614.33424372703
 34429.55889446673 7649.066317715186 -26569.92386034465 1104.804421826469 -16614.50575059639
 34437.80684608028 7651.786740440683 -26565.47937011877 1097.780508454007 -16623.45252791208
 34429.35176772607 7649.471307049161 -26569.68388643572 1105.279170731721 -16615.42417296989
 34429.258304442 7649.169999333565 -26569.80976219057 1104.666630505848 -16614.28509447927
 34429.25869099181 7649.169872354623 -26569.80980633259 1104.666973110555 -16614.28548156057
 34429.55876394104 7649.066365768381 -26569.92385545887 1104.804485629504 -16614.5057035658
 34429.25824282038 7649.169993592058 -26569.8098047627 1104.666641584627 -16614.28506531879
 34429.55876394104 7649.066365768381 -26569.92385545887 1104.804485629504 -16614.5057035658
 34429.25839898992 7649.169769828587 -26569.80972535689 1104.667059533738 -16614.28547781321
 34429.25824282038 7649.169993592058 -26569.8098047627 1104.666641584627 -16614.28506531879
 34429.55876394104 7649.066365768381 -26569.92385545887 1104.804485629504 -16614.5057035658
 34429.25856035973 7649.168902644795 -26569.80967245989 1104.666668785844 -16614.28647380308
 34429.2586278938 7649.169834692298 -26569.8096986382 1104.666886225462 -16614.28540649992
 34429.55876394104 7649.066365768381 -26569.92385545887 1104.804485629504 -16614.5057035658
 34429.25869099181 7649.169872354623 -26569.80980633259 1104.666973110555 -16614.28548156057
 34429.25824282038 7649.169993592058 -26569.8098047627 1104.666641584627 -16614.28506531879
 34429.55876394104 7649.066365768381 -26569.92385545887 1104.804485629504 -16614.5057035658
 34429.25824282038 7649.169993592058 -26569.8098047627 1104.666641584627 -16614.28506531879
 34429.25869099181 7649.169872354623 -26569.80980633259 1104.666973110555 -16614.28548156057
 34429.25871674309 7649.169874265871 -26569.80982748546 1104.666912500738 -16614.28538946993
 34429.25824282038 7649.169993592058 -26569.8098047627 1104.666641584627 -16614.28506531879
 34429.38511837562 7649.428479365511 -26569.57795745168 1105.260617874657 -16615.4949083415
 34429.55320608748 7649.05789929067 -26569.91525326313 1104.802175887377 -16614.50745082379
 34429.55876394104 7649.066365768381 -26569.92385545887 1104.804485629504 -16614.5057035658
 34429.55876394104 7649.066365768381 -26569.92385545887 1104.804485629504 -16614.5057035658
 34429.25866338299 7649.169871287981 -26569.80980130985 1104.666988718393 -16614.28543995459
 34429.35126450485 7649.470918961979 -26569.68530543726 1105.277823947483 -16615.42667403512
 34429.25824282038 7649.169993592058 -26569.8098047627 1104.666641584627 -16614.28506531879
 34429.25824282038 7649.169993592058 -26569.8098047627 1104.666641584627 -16614.28506531879
 34429.25829344227 7649.169903857491 -26569.80982869452 1104.66664242062 -16614.28501537602
 34429.25824282038 7649.169993592058 -26569.8098047627 1104.666641584627 -16614.28506531879
 34429.5590187134 7649.066326086247 -26569.92390635642 1104.80449956964 -16614.50590093555
 34429.25824282038 7649.169993592058 -26569.8098047627 1104.666641584627 -16614.28506531879
 34429.24919807844 7649.175349459446 -26569.81233544676 1104.66698994583 -16614.28401874835
 34429.55876557676 7649.066360367682 -26569.92380886599 1104.80457931986 -16614.50575529647
 34429.55850641867 7649.066508706996 -26569.9233444607 1104.804681973016 -16614.50574996191
 34429.25869099181 7649.169872354623 -26569.80980633259 1104.666973110555 -16614.28548156057
 34429.25824282038 7649.169993592058 -26569.8098047627 1104.666641584627 -16614.28506531879
