# Created by Octave 4.2.1, Mon Oct 09 18:35:14 2017 BRT <root@mosqueiro>
# name: pop
# type: matrix
# rows: 1000
# columns: 5
 -8159.518317554078 7452.555819220433 -9348.332228881423 7530.916904393301 2523.377758369469
 -8159.716451751077 7452.657775177707 -9348.319510955631 7530.915874117691 2523.489017500238
 -8159.716472747979 7452.657826101266 -9348.319574884814 7530.915947201678 2523.488975149219
 -8159.716472747979 7452.657826101266 -9348.319574884814 7530.915947201678 2523.488975149219
 -8159.716472747979 7452.657826101266 -9348.319574884814 7530.915947201678 2523.488975149219
 -8159.506180372084 7452.56508253108 -9348.32134649913 7530.904971209542 2523.383370080153
 -8159.716472747979 7452.657826101266 -9348.319574884814 7530.915947201678 2523.488975149219
 -8159.716472747979 7452.657826101266 -9348.319574884814 7530.915947201678 2523.488975149219
 -8159.625875713806 7452.580626746744 -9348.203997138933 7531.063764054882 2523.212226280858
 -8159.458250395956 7452.575371880208 -9348.310318219474 7530.87972367268 2523.34089925827
 -8159.716472747979 7452.657826101266 -9348.319574884814 7530.915947201678 2523.488975149219
 -8159.716888436461 7452.657860045513 -9348.319404221334 7530.915917218297 2523.489046267918
 -8159.716472747979 7452.657826101266 -9348.319574884814 7530.915947201678 2523.488975149219
 -8159.716472747979 7452.657826101266 -9348.319574884814 7530.915947201678 2523.488975149219
 -8159.456223949796 7452.576581065644 -9348.310485131704 7530.880698863009 2523.336311070571
 -8159.518317554078 7452.555819220433 -9348.332228881423 7530.916904393301 2523.377758369469
 -8159.714476898768 7452.656998166211 -9348.318410961854 7530.918321253706 2523.488227754377
 -8159.625398655563 7452.580138155905 -9348.2047246604 7531.065742489674 2523.211423263057
 -8159.716472747979 7452.657826101266 -9348.319574884814 7530.915947201678 2523.488975149219
 -8159.717157510882 7452.668889568617 -9348.327947055033 7530.907559831788 2523.495954876985
 -8159.716472747979 7452.657826101266 -9348.319574884814 7530.915947201678 2523.488975149219
 -8159.716472747979 7452.657826101266 -9348.319574884814 7530.915947201678 2523.488975149219
 -8159.716472747979 7452.657826101266 -9348.319574884814 7530.915947201678 2523.488975149219
 -8159.716472747979 7452.657826101266 -9348.319574884814 7530.915947201678 2523.488975149219
 -8159.716472747979 7452.657826101266 -9348.319574884814 7530.915947201678 2523.488975149219
 -8159.716472747979 7452.657826101266 -9348.319574884814 7530.915947201678 2523.488975149219
 -8159.716472747979 7452.657826101266 -9348.319574884814 7530.915947201678 2523.488975149219
 -8159.716580399028 7452.656285043726 -9348.318433997149 7530.917279382793 2523.488193091124
 -8159.716472747979 7452.657826101266 -9348.319574884814 7530.915947201678 2523.488975149219
 -8159.716472747979 7452.657826101266 -9348.319574884814 7530.915947201678 2523.488975149219
 -8159.716472747979 7452.657826101266 -9348.319574884814 7530.915947201678 2523.488975149219
 -8159.716472747979 7452.657826101266 -9348.319574884814 7530.915947201678 2523.488975149219
 -8159.425379530951 7452.553068726208 -9348.292017867569 7530.903092688758 2523.288980936046
 -8159.458418185258 7452.574863445994 -9348.309873568234 7530.879325810367 2523.340774522713
 -8159.458250395956 7452.575371880208 -9348.310318219474 7530.87972367268 2523.34089925827
 -8159.456223949796 7452.576581065644 -9348.310485131704 7530.880698863009 2523.336311070571
 -8159.716472747979 7452.657826101266 -9348.319574884814 7530.915947201678 2523.488975149219
 -8159.716472747979 7452.657826101266 -9348.319574884814 7530.915947201678 2523.488975149219
 -8159.503274193159 7452.549919996619 -9348.319576793221 7530.916645529054 2523.383174284719
 -8159.503861263249 7452.549795082256 -9348.322395400319 7530.917046351314 2523.385964879159
 -8159.716472747979 7452.657826101266 -9348.319574884814 7530.915947201678 2523.488975149219
 -8159.716472747979 7452.657826101266 -9348.319574884814 7530.915947201678 2523.488975149219
 -8159.716472747979 7452.657826101266 -9348.319574884814 7530.915947201678 2523.488975149219
 -8159.716754917719 7452.65817354517 -9348.319408066585 7530.915961021484 2523.489101286589
 -8159.721950121208 7452.669133559213 -9348.304204358328 7530.875793090213 2523.508945050744
 -8159.716508459274 7452.657770070557 -9348.319514340803 7530.915906574059 2523.488941435118
 -8159.716472747979 7452.657826101266 -9348.319574884814 7530.915947201678 2523.488975149219
 -8159.716461410834 7452.656048139706 -9348.319092284231 7530.917180929745 2523.487885882029
 -8159.716472747979 7452.657826101266 -9348.319574884814 7530.915947201678 2523.488975149219
 -8159.501573607251 7452.548989481996 -9348.320375511648 7530.917989108611 2523.381814455814
 -8159.716472747979 7452.657826101266 -9348.319574884814 7530.915947201678 2523.488975149219
 -8159.716472747979 7452.657826101266 -9348.319574884814 7530.915947201678 2523.488975149219
 -8159.716391317902 7452.657884941227 -9348.319545146664 7530.915946658059 2523.488968819199
 -8159.716472747979 7452.657826101266 -9348.319574884814 7530.915947201678 2523.488975149219
 -8159.502774347116 7452.556743983245 -9348.31589121885 7530.919951791403 2523.36890114682
 -8159.457947240356 7452.57499451754 -9348.310825952758 7530.880592318547 2523.341290546807
 -8159.417079416852 7452.566726195614 -9348.30401370351 7530.898263967886 2523.283317552202
 -8159.716472747979 7452.657826101266 -9348.319574884814 7530.915947201678 2523.488975149219
 -8159.717258996163 7452.669018395067 -9348.327933682269 7530.907477076157 2523.495847796848
 -8159.716472747979 7452.657826101266 -9348.319574884814 7530.915947201678 2523.488975149219
 -8159.6257109613 7452.580575645567 -9348.203882738657 7531.063623483085 2523.211974886316
 -8159.716472747979 7452.657826101266 -9348.319574884814 7530.915947201678 2523.488975149219
 -8159.716422689249 7452.657754977437 -9348.319666567428 7530.915884217527 2523.488845778339
 -8159.503770865011 7452.553907068666 -9348.313082492143 7530.910208659376 2523.37335419394
 -8159.716472747979 7452.657826101266 -9348.319574884814 7530.915947201678 2523.488975149219
 -8159.716472747979 7452.657826101266 -9348.319574884814 7530.915947201678 2523.488975149219
 -8159.716472747979 7452.657826101266 -9348.319574884814 7530.915947201678 2523.488975149219
 -8159.716380185178 7452.657847960725 -9348.319580131401 7530.91588130607 2523.488818476206
 -8159.716184936035 7452.656074496808 -9348.318784942456 7530.918476147762 2523.48700964141
 -8159.503352334887 7452.550100669771 -9348.319419359215 7530.916747039225 2523.382944866171
 -8159.726658239339 7452.675582947621 -9348.301937884329 7530.878238057283 2523.502508315878
 -8159.503861263249 7452.549795082256 -9348.322395400319 7530.917046351314 2523.385964879159
 -8159.503320999906 7452.550262570833 -9348.319351788861 7530.916463175695 2523.382933184041
 -8159.716472747979 7452.657826101266 -9348.319574884814 7530.915947201678 2523.488975149219
 -8159.716472747979 7452.657826101266 -9348.319574884814 7530.915947201678 2523.488975149219
 -8159.716451172701 7452.657904926889 -9348.319628334728 7530.91592072555 2523.489000637459
 -8159.716472747979 7452.657826101266 -9348.319574884814 7530.915947201678 2523.488975149219
 -8159.716472747979 7452.657826101266 -9348.319574884814 7530.915947201678 2523.488975149219
 -8159.716472747979 7452.657826101266 -9348.319574884814 7530.915947201678 2523.488975149219
 -8159.503320999906 7452.550262570833 -9348.319351788861 7530.916463175695 2523.382933184041
 -8159.457888913965 7452.575645775509 -9348.310534788387 7530.879834729765 2523.341043157036
 -8159.716472747979 7452.657826101266 -9348.319574884814 7530.915947201678 2523.488975149219
 -8159.727598825174 7452.674404322781 -9348.301913240644 7530.878320677424 2523.50303582241
 -8159.503331174084 7452.550272640184 -9348.319391933988 7530.916432072418 2523.382926665579
