# Created by Octave 4.2.1, Mon Oct 09 18:17:36 2017 BRT <root@mosqueiro>
# name: pop
# type: matrix
# rows: 1000
# columns: 5
 34429.55876394104 7649.066365768381 -26569.92385545887 1104.804485629504 -16614.5057035658
 34429.55876394104 7649.066365768381 -26569.92385545887 1104.804485629504 -16614.5057035658
 34429.55876394104 7649.066365768381 -26569.92385545887 1104.804485629504 -16614.5057035658
 34429.55876394104 7649.066365768381 -26569.92385545887 1104.804485629504 -16614.5057035658
 34429.55876394104 7649.066365768381 -26569.92385545887 1104.804485629504 -16614.5057035658
 34429.26434688229 7649.170430876367 -26569.81354830445 1104.669684620355 -16614.2871422587
 34429.2490949936 7649.175482209249 -26569.81263472101 1104.66679375636 -16614.28436731894
 34429.09795517698 7649.493973432463 -26569.36045365553 1105.326910278467 -16615.33364705317
 34429.41708809751 7649.510525641243 -26569.78747426042 1105.235179017486 -16615.42138568084
 34429.55320608748 7649.05789929067 -26569.91525326313 1104.802175887377 -16614.50745082379
 34429.55320608748 7649.05789929067 -26569.91525326313 1104.802175887377 -16614.50745082379
 34429.55320608748 7649.05789929067 -26569.91525326313 1104.802175887377 -16614.50745082379
 34429.25869099181 7649.169872354623 -26569.80980633259 1104.666973110555 -16614.28548156057
 34429.35151827421 7649.471331980886 -26569.68381390464 1105.279099322235 -16615.42419491514
 34429.3558087327 7649.131654948687 -26569.82994657349 1104.654929881375 -16614.33821031866
 34429.55317841358 7649.065362066308 -26569.91329574278 1104.809047310088 -16614.50959335313
 34429.2605030448 7649.15781787917 -26569.80248202214 1104.673775236281 -16614.28167731731
 34429.25869099181 7649.169872354623 -26569.80980633259 1104.666973110555 -16614.28548156057
 34429.2589716127 7649.173425914772 -26569.81616429833 1104.662045617653 -16614.29082031198
 34429.36533466038 7649.124895622938 -26569.81460203223 1104.648045258108 -16614.32852627329
 34429.3558087327 7649.131654948687 -26569.82994657349 1104.654929881375 -16614.33821031866
 34429.35770689175 7649.122346742107 -26569.81279893982 1104.649850554615 -16614.32420892125
 34429.25869099181 7649.169872354623 -26569.80980633259 1104.666973110555 -16614.28548156057
 34441.57065135155 7648.719970283095 -26570.66758586352 1105.930899523366 -16626.56725564775
 34429.55320608748 7649.05789929067 -26569.91525326313 1104.802175887377 -16614.50745082379
 34429.35770689175 7649.122346742107 -26569.81279893982 1104.649850554615 -16614.32420892125
 34441.55302733812 7648.741622523983 -26570.67022041345 1105.936500391913 -16626.57311465304
 34429.35362271222 7649.139345939187 -26569.81853883736 1104.659874326423 -16614.33421781296
 34429.55320608748 7649.05789929067 -26569.91525326313 1104.802175887377 -16614.50745082379
 34441.55302733812 7648.741622523983 -26570.67022041345 1105.936500391913 -16626.57311465304
 34429.35909817486 7649.124450861679 -26569.81155912637 1104.649534090647 -16614.3329685435
 34429.25869099181 7649.169872354623 -26569.80980633259 1104.666973110555 -16614.28548156057
 34429.25869099181 7649.169872354623 -26569.80980633259 1104.666973110555 -16614.28548156057
 34429.35151827421 7649.471331980886 -26569.68381390464 1105.279099322235 -16615.42419491514
 34429.35151827421 7649.471331980886 -26569.68381390464 1105.279099322235 -16615.42419491514
 34429.36368422846 7649.118612625927 -26569.80283854525 1104.637027815601 -16614.3269088638
 34429.35045077422 7649.471780816857 -26569.6817979729 1105.272565632159 -16615.42001034102
 34429.25869099181 7649.169872354623 -26569.80980633259 1104.666973110555 -16614.28548156057
 34429.35770689175 7649.122346742107 -26569.81279893982 1104.649850554615 -16614.32420892125
 34429.25869099181 7649.169872354623 -26569.80980633259 1104.666973110555 -16614.28548156057
 34429.35770689175 7649.122346742107 -26569.81279893982 1104.649850554615 -16614.32420892125
 34429.36647184014 7649.462374635638 -26569.67262407135 1105.259792891697 -16615.41512838323
 34429.35151827421 7649.471331980886 -26569.68381390464 1105.279099322235 -16615.42419491514
 34429.55876394104 7649.066365768381 -26569.92385545887 1104.804485629504 -16614.5057035658
 34429.35770689175 7649.122346742107 -26569.81279893982 1104.649850554615 -16614.32420892125
 34429.25823073901 7649.167228818741 -26569.81247204709 1104.666537883061 -16614.2885121972
 34429.35770689175 7649.122346742107 -26569.81279893982 1104.649850554615 -16614.32420892125
 34429.43119391139 7649.490888584141 -26569.78891357531 1105.236288973456 -16615.4238489232
 34429.25869099181 7649.169872354623 -26569.80980633259 1104.666973110555 -16614.28548156057
 34429.25869099181 7649.169872354623 -26569.80980633259 1104.666973110555 -16614.28548156057
 34437.77199768257 7652.180525375462 -26565.46495622189 1097.915553781019 -16623.43597514583
 34429.34979884553 7649.47468206033 -26569.68764454613 1105.275362653298 -16615.42704237369
 34429.25869099181 7649.169872354623 -26569.80980633259 1104.666973110555 -16614.28548156057
 34429.25869099181 7649.169872354623 -26569.80980633259 1104.666973110555 -16614.28548156057
 34429.25869099181 7649.169872354623 -26569.80980633259 1104.666973110555 -16614.28548156057
 34429.35770689175 7649.122346742107 -26569.81279893982 1104.649850554615 -16614.32420892125
 34429.36645837001 7649.46014091483 -26569.65238090377 1105.263210728338 -16615.44607939296
 34429.34978406286 7649.467573181317 -26569.67887565495 1105.2836645036 -16615.42113185409
 34429.55320608748 7649.05789929067 -26569.91525326313 1104.802175887377 -16614.50745082379
 34429.25869099181 7649.169872354623 -26569.80980633259 1104.666973110555 -16614.28548156057
 34429.35362271222 7649.139345939187 -26569.81853883736 1104.659874326423 -16614.33421781296
 34429.36518771134 7649.458764485029 -26569.72374320277 1105.224979132032 -16615.42491288526
 34429.55320608748 7649.05789929067 -26569.91525326313 1104.802175887377 -16614.50745082379
 34429.25869099181 7649.169872354623 -26569.80980633259 1104.666973110555 -16614.28548156057
 34429.25869099181 7649.169872354623 -26569.80980633259 1104.666973110555 -16614.28548156057
 34429.55876394104 7649.066365768381 -26569.92385545887 1104.804485629504 -16614.5057035658
 34429.25869099181 7649.169872354623 -26569.80980633259 1104.666973110555 -16614.28548156057
 34429.25869099181 7649.169872354623 -26569.80980633259 1104.666973110555 -16614.28548156057
 34429.35770689175 7649.122346742107 -26569.81279893982 1104.649850554615 -16614.32420892125
 34429.35770689175 7649.122346742107 -26569.81279893982 1104.649850554615 -16614.32420892125
 34429.38578766403 7649.431760944196 -26569.57828584449 1105.256884182738 -16615.49514012392
 34429.35151827421 7649.471331980886 -26569.68381390464 1105.279099322235 -16615.42419491514
 34429.2490949936 7649.175482209249 -26569.81263472101 1104.66679375636 -16614.28436731894
 34429.35738982636 7649.123768881765 -26569.8055141363 1104.651957929133 -16614.3201641499
 34429.35770689175 7649.122346742107 -26569.81279893982 1104.649850554615 -16614.32420892125
 34429.55320608748 7649.05789929067 -26569.91525326313 1104.802175887377 -16614.50745082379
 34429.35770689175 7649.122346742107 -26569.81279893982 1104.649850554615 -16614.32420892125
 34429.25869099181 7649.169872354623 -26569.80980633259 1104.666973110555 -16614.28548156057
 34429.35151827421 7649.471331980886 -26569.68381390464 1105.279099322235 -16615.42419491514
 34429.35770689175 7649.122346742107 -26569.81279893982 1104.649850554615 -16614.32420892125
 34429.25869099181 7649.169872354623 -26569.80980633259 1104.666973110555 -16614.28548156057
 34429.08253172714 7649.505737557735 -26569.36693719788 1105.346521563225 -16615.31097317589
 34429.35770689175 7649.122346742107 -26569.81279893982 1104.649850554615 -16614.32420892125
 34429.55317841358 7649.065362066308 -26569.91329574278 1104.809047310088 -16614.50959335313
 34429.55320608748 7649.05789929067 -26569.91525326313 1104.802175887377 -16614.50745082379
