# Created by Octave 4.2.1, Mon Oct 09 17:50:46 2017 BRT <root@mosqueiro>
# name: pop
# type: matrix
# rows: 1000
# columns: 5
 -6656.268131236139 6353.222260248825 3061.895208913224 6774.301502112063 -9499.130554024872
 -6656.268131236139 6353.222260248825 3061.895208913224 6774.301502112063 -9499.130554024872
 -6656.268131236139 6353.222260248825 3061.895208913224 6774.301502112063 -9499.130554024872
 -6656.268131236139 6353.222260248825 3061.895208913224 6774.301502112063 -9499.130554024872
 -6656.268131236139 6353.222260248825 3061.895208913224 6774.301502112063 -9499.130554024872
 -23869.98392039496 -21803.91575551492 14034.87138549444 36346.94787150604 2715.588118151028
 -6656.268131236139 6353.222260248825 3061.895208913224 6774.301502112063 -9499.130554024872
 806.7110098193831 11339.19758249068 14318.37122765471 9638.255073274959 -37496.53409401255
 -37187.78276276554 21382.00330182549 16532.2889395343 34729.71532523846 -11758.9301163376
 -6656.268131236139 6353.222260248825 3061.895208913224 6774.301502112063 -9499.130554024872
 -6656.268131236139 6353.222260248825 3061.895208913224 6774.301502112063 -9499.130554024872
 -6656.268131236139 6353.222260248825 3061.895208913224 6774.301502112063 -9499.130554024872
 -37974.1406322999 7337.397001069109 11491.09344223989 15718.0069506318 -2099.744838067349
 -6656.268131236139 6353.222260248825 3061.895208913224 6774.301502112063 -9499.130554024872
 -6656.268131236139 6353.222260248825 3061.895208913224 6774.301502112063 -9499.130554024872
 -18240.91745237417 18056.49821062839 10275.86594627758 10964.73977768203 -32901.16652244426
 -3130.498042393194 -7719.503642954325 -1851.061756266822 4522.213934612664 8123.091467376813
 -6656.268131236139 6353.222260248825 3061.895208913224 6774.301502112063 -9499.130554024872
 -6656.268131236139 6353.222260248825 3061.895208913224 6774.301502112063 -9499.130554024872
 -43086.99525060008 -2104.492160693941 5510.080753561479 -16794.30012793995 -15707.52271280465
 -6656.268131236139 6353.222260248825 3061.895208913224 6774.301502112063 -9499.130554024872
 -18811.88889711173 14301.14539880798 42951.87956574029 13238.4087088563 -11856.21450671639
 -913.5618534913992 7950.970041238277 9936.278360771794 6462.231413086323 -9602.874696799163
 -25869.93415918576 13878.02189158625 -28673.87677677873 23907.59519403046 18931.33662178967
 -6656.268131236139 6353.222260248825 3061.895208913224 6774.301502112063 -9499.130554024872
 -6656.268131236139 6353.222260248825 3061.895208913224 6774.301502112063 -9499.130554024872
 -6656.268131236139 6353.222260248825 3061.895208913224 6774.301502112063 -9499.130554024872
 1252.954797982586 -24671.99215742917 10033.44363218334 -10660.28420688736 -4186.834589555637
 -6656.268131236139 6353.222260248825 3061.895208913224 6774.301502112063 -9499.130554024872
 -6656.268131236139 6353.222260248825 3061.895208913224 6774.301502112063 -9499.130554024872
 -742.9725453395349 0.2473486346216305 -11327.66520945489 5104.5989266929 6388.376702720043
 -6656.268131236139 6353.222260248825 3061.895208913224 6774.301502112063 -9499.130554024872
 -6656.268131236139 6353.222260248825 3061.895208913224 6774.301502112063 -9499.130554024872
 1984.036039602622 3404.563106607814 4285.006492579764 -3120.89379575607 -3402.254370617694
 -6656.268131236139 6353.222260248825 3061.895208913224 6774.301502112063 -9499.130554024872
 8024.963170274395 -13902.73150137966 11406.21056169962 1227.472111429293 2435.255516489448
 -23721.10297799494 6806.290460738443 16498.79286954014 -30894.34575084745 -9440.183798822593
 -57704.11935372125 -56085.59625371551 -613.5831920008914 11701.27606120223 -10673.16790121081
 -6656.268131236139 6353.222260248825 3061.895208913224 6774.301502112063 -9499.130554024872
 -6656.268131236139 6353.222260248825 3061.895208913224 6774.301502112063 -9499.130554024872
 6364.127891700844 -240.8988692430539 -5508.290578057798 8766.757618954809 -9322.858562785259
 -6656.268131236139 6353.222260248825 3061.895208913224 6774.301502112063 -9499.130554024872
 -11701.21664363106 18780.85879195773 1208.283804428782 -10829.49696763313 6360.535533750452
 -2414.363282377113 -8218.254152526752 3604.000605923229 6664.97002484593 325.0701981889652
 -4625.921991238505 2978.007912238041 4130.770291066068 -4271.704004716314 3414.825300334647
 20283.54606330154 -3943.683793080404 -13999.92649305252 3008.648315947111 275.7629761212447
 -6656.268131236139 6353.222260248825 3061.895208913224 6774.301502112063 -9499.130554024872
 -6656.268131236139 6353.222260248825 3061.895208913224 6774.301502112063 -9499.130554024872
 -8945.805483637816 9709.564454548927 -3000.115049078834 -3075.731730624837 5206.641241662439
 -23721.10297799494 6806.290460738443 16498.79286954014 -30894.34575084745 -9440.183798822593
 -25003.18285343221 38027.07153084304 10085.18401172606 -13254.05777438903 -12721.20453755266
 2462.081317629854 30915.00503960189 -1469.662324275399 -21292.46998812662 15086.07179130759
 7882.594136306026 -10723.84602943859 -22687.53668799408 22576.41199691614 14848.30147595839
 -6656.268131236139 6353.222260248825 3061.895208913224 6774.301502112063 -9499.130554024872
 -6656.268131236139 6353.222260248825 3061.895208913224 6774.301502112063 -9499.130554024872
 -6656.268131236139 6353.222260248825 3061.895208913224 6774.301502112063 -9499.130554024872
 -6656.268131236139 6353.222260248825 3061.895208913224 6774.301502112063 -9499.130554024872
 -6656.268131236139 6353.222260248825 3061.895208913224 6774.301502112063 -9499.130554024872
 -742.9725453395349 0.2473486346216305 -11327.66520945489 5104.5989266929 6388.376702720043
 -6656.268131236139 6353.222260248825 3061.895208913224 6774.301502112063 -9499.130554024872
 20276.43654339482 -13144.61792861037 1449.769352429251 14098.47060580694 -5024.407041568697
 18060.62299723591 17841.62829866446 -15439.881845307 -1523.77211405681 -28144.61677726285
 -6656.268131236139 6353.222260248825 3061.895208913224 6774.301502112063 -9499.130554024872
 2799.302830100113 -19188.4286897008 -15850.60857266844 -30311.49528753463 25746.15141082577
 -6656.268131236139 6353.222260248825 3061.895208913224 6774.301502112063 -9499.130554024872
 -6656.268131236139 6353.222260248825 3061.895208913224 6774.301502112063 -9499.130554024872
 -17926.51836520915 -8175.150360472141 -7224.35475602569 3835.033420509555 -31495.56185401312
 -10900.77739616706 42901.7790649297 590.5561379182327 -24156.78079632829 -22037.96280694379
 10991.98344333142 -5087.647906194516 -15964.53042567529 12170.44680122558 1737.180700674375
 -8502.90120002406 42341.85942804498 889.259144468555 -4093.746995334908 1589.031631527378
 -6656.268131236139 6353.222260248825 3061.895208913224 6774.301502112063 -9499.130554024872
 -6656.268131236139 6353.222260248825 3061.895208913224 6774.301502112063 -9499.130554024872
 -34370.78564394494 22260.17004699255 5853.360608523586 18982.61793301229 -41051.88983149211
 -6656.268131236139 6353.222260248825 3061.895208913224 6774.301502112063 -9499.130554024872
 -10847.16184319221 4811.020547085555 22638.80351929997 -2162.273283158447 17654.74832661541
 -6656.268131236139 6353.222260248825 3061.895208913224 6774.301502112063 -9499.130554024872
 -6656.268131236139 6353.222260248825 3061.895208913224 6774.301502112063 -9499.130554024872
 -6656.268131236139 6353.222260248825 3061.895208913224 6774.301502112063 -9499.130554024872
 -4223.067298880935 -9700.836582126998 8634.265773653395 4858.965800374654 10.03373819820081
 -6656.268131236139 6353.222260248825 3061.895208913224 6774.301502112063 -9499.130554024872
 6364.127891700844 -240.8988692430539 -5508.290578057798 8766.757618954809 -9322.858562785259
 -6656.268131236139 6353.222260248825 3061.895208913224 6774.301502112063 -9499.130554024872
 -6656.268131236139 6353.222260248825 3061.895208913224 6774.301502112063 -9499.130554024872
 -6656.268131236139 6353.222260248825 3061.895208913224 6774.301502112063 -9499.130554024872
