# Created by Octave 4.2.1, Mon Oct 09 17:52:22 2017 BRT <root@mosqueiro>
# name: pop
# type: matrix
# rows: 1000
# columns: 5
 -16539.1205478271 35855.54960792076 1129.530066782612 -11926.45330430938 -8515.340581257255
 -16539.1205478271 35855.54960792076 1129.530066782612 -11926.45330430938 -8515.340581257255
 -16539.1205478271 35855.54960792076 1129.530066782612 -11926.45330430938 -8515.340581257255
 -16539.1205478271 35855.54960792076 1129.530066782612 -11926.45330430938 -8515.340581257255
 -16539.1205478271 35855.54960792076 1129.530066782612 -11926.45330430938 -8515.340581257255
 -6656.268131236139 6353.222260248825 3061.895208913224 6774.301502112063 -9499.130554024872
 -231.0937605361682 53.133694456581 7490.438222607889 -3102.381219906702 404.4244301626959
 -15057.98254885359 43199.79166214481 -1236.652218858938 -5296.130000413817 -3030.984663790411
 -64.67328263132549 12031.4453937297 6253.43394276769 4044.939510909618 -3605.016310783304
 -13039.34955032298 4855.561236513387 8541.430341587204 3482.056040133052 1074.920859303167
 -6656.268131236139 6353.222260248825 3061.895208913224 6774.301502112063 -9499.130554024872
 -6656.268131236139 6353.222260248825 3061.895208913224 6774.301502112063 -9499.130554024872
 -6656.268131236139 6353.222260248825 3061.895208913224 6774.301502112063 -9499.130554024872
 -16539.1205478271 35855.54960792076 1129.530066782612 -11926.45330430938 -8515.340581257255
 -5517.085618127145 20893.27259313324 19354.70925076716 -4828.295399345205 -6318.788409947532
 -19468.23384504662 193.0043948676584 3085.301846546161 6999.759145807689 -6225.538918773477
 -6656.268131236139 6353.222260248825 3061.895208913224 6774.301502112063 -9499.130554024872
 -6656.268131236139 6353.222260248825 3061.895208913224 6774.301502112063 -9499.130554024872
 -24137.82781464758 8154.546054460642 60.4133260531612 12627.15624745368 -17271.65512498652
 -16539.1205478271 35855.54960792076 1129.530066782612 -11926.45330430938 -8515.340581257255
 -5554.292227840827 -4367.671107229882 1874.945973232329 18406.30416917953 -8067.869157002807
 -6656.268131236139 6353.222260248825 3061.895208913224 6774.301502112063 -9499.130554024872
 -6656.268131236139 6353.222260248825 3061.895208913224 6774.301502112063 -9499.130554024872
 -6656.268131236139 6353.222260248825 3061.895208913224 6774.301502112063 -9499.130554024872
 20283.54606330154 -3943.683793080404 -13999.92649305252 3008.648315947111 275.7629761212447
 -6656.268131236139 6353.222260248825 3061.895208913224 6774.301502112063 -9499.130554024872
 -6656.268131236139 6353.222260248825 3061.895208913224 6774.301502112063 -9499.130554024872
 -6656.268131236139 6353.222260248825 3061.895208913224 6774.301502112063 -9499.130554024872
 -33308.94770679442 -9026.160722676595 -2901.372190370471 -1878.046815123167 -10374.39316989262
 5498.196261859226 -18800.42659125197 33313.38305965614 -35327.21571525553 7871.924875797799
 -6656.268131236139 6353.222260248825 3061.895208913224 6774.301502112063 -9499.130554024872
 -16539.1205478271 35855.54960792076 1129.530066782612 -11926.45330430938 -8515.340581257255
 -16539.1205478271 35855.54960792076 1129.530066782612 -11926.45330430938 -8515.340581257255
 -16539.1205478271 35855.54960792076 1129.530066782612 -11926.45330430938 -8515.340581257255
 -13440.4737540748 37613.0839380284 15776.13200441624 -1681.584191690705 -16388.21332134175
 -6656.268131236139 6353.222260248825 3061.895208913224 6774.301502112063 -9499.130554024872
 -16539.1205478271 35855.54960792076 1129.530066782612 -11926.45330430938 -8515.340581257255
 -6656.268131236139 6353.222260248825 3061.895208913224 6774.301502112063 -9499.130554024872
 -16400.56287918335 -7076.933366853868 -14722.52930242427 16483.56089498478 -5706.385583894617
 -6656.268131236139 6353.222260248825 3061.895208913224 6774.301502112063 -9499.130554024872
 -16539.1205478271 35855.54960792076 1129.530066782612 -11926.45330430938 -8515.340581257255
 -6656.268131236139 6353.222260248825 3061.895208913224 6774.301502112063 -9499.130554024872
 -6656.268131236139 6353.222260248825 3061.895208913224 6774.301502112063 -9499.130554024872
 -6656.268131236139 6353.222260248825 3061.895208913224 6774.301502112063 -9499.130554024872
 -6656.268131236139 6353.222260248825 3061.895208913224 6774.301502112063 -9499.130554024872
 -6656.268131236139 6353.222260248825 3061.895208913224 6774.301502112063 -9499.130554024872
 -16539.1205478271 35855.54960792076 1129.530066782612 -11926.45330430938 -8515.340581257255
 -16539.1205478271 35855.54960792076 1129.530066782612 -11926.45330430938 -8515.340581257255
 -16539.1205478271 35855.54960792076 1129.530066782612 -11926.45330430938 -8515.340581257255
 -16539.1205478271 35855.54960792076 1129.530066782612 -11926.45330430938 -8515.340581257255
 -5961.917986762287 -12810.88606080885 8336.003092873332 503.9475561252202 5827.715602551712
 -8546.422822609151 6206.596147947563 8842.254070403385 7438.802122009844 -8507.236986059479
 -6656.268131236139 6353.222260248825 3061.895208913224 6774.301502112063 -9499.130554024872
 -6656.268131236139 6353.222260248825 3061.895208913224 6774.301502112063 -9499.130554024872
 -6656.268131236139 6353.222260248825 3061.895208913224 6774.301502112063 -9499.130554024872
 -21799.15975858904 8766.764447373118 -4296.192948773335 16635.29250457476 -17694.72266047649
 -16539.1205478271 35855.54960792076 1129.530066782612 -11926.45330430938 -8515.340581257255
 -6656.268131236139 6353.222260248825 3061.895208913224 6774.301502112063 -9499.130554024872
 -6656.268131236139 6353.222260248825 3061.895208913224 6774.301502112063 -9499.130554024872
 -6656.268131236139 6353.222260248825 3061.895208913224 6774.301502112063 -9499.130554024872
 7643.792457034066 -1567.020977897122 2594.049127720467 12731.62228008204 -15834.19564127642
 6852.831078642395 39552.31014982067 -11843.7984961323 31020.96732697883 -23116.33051979543
 -16539.1205478271 35855.54960792076 1129.530066782612 -11926.45330430938 -8515.340581257255
 -6656.268131236139 6353.222260248825 3061.895208913224 6774.301502112063 -9499.130554024872
 -6656.268131236139 6353.222260248825 3061.895208913224 6774.301502112063 -9499.130554024872
 -6656.268131236139 6353.222260248825 3061.895208913224 6774.301502112063 -9499.130554024872
 -23874.58522102115 -714.6626192166868 9471.722689271675 21822.97985530624 10406.81264818809
 -6656.268131236139 6353.222260248825 3061.895208913224 6774.301502112063 -9499.130554024872
 -6656.268131236139 6353.222260248825 3061.895208913224 6774.301502112063 -9499.130554024872
 -16539.1205478271 35855.54960792076 1129.530066782612 -11926.45330430938 -8515.340581257255
 -16539.1205478271 35855.54960792076 1129.530066782612 -11926.45330430938 -8515.340581257255
 -6656.268131236139 6353.222260248825 3061.895208913224 6774.301502112063 -9499.130554024872
 -16539.1205478271 35855.54960792076 1129.530066782612 -11926.45330430938 -8515.340581257255
 -6656.268131236139 6353.222260248825 3061.895208913224 6774.301502112063 -9499.130554024872
 -6656.268131236139 6353.222260248825 3061.895208913224 6774.301502112063 -9499.130554024872
 -13215.48437395006 19271.41964138373 5498.013410503796 14893.27506997476 -2127.753560388246
 -16539.1205478271 35855.54960792076 1129.530066782612 -11926.45330430938 -8515.340581257255
 -18055.99663577375 2675.12946089209 10632.50077425354 2481.79254720207 -3334.786431803162
 -1219.000157041415 11476.35381901944 -1288.072972380769 -6530.720009725121 -10818.07679924186
 -16539.1205478271 35855.54960792076 1129.530066782612 -11926.45330430938 -8515.340581257255
 -721.2098780142042 -20899.82842353511 -12682.83074532355 5869.367051300999 -4004.679047630824
 -6656.268131236139 6353.222260248825 3061.895208913224 6774.301502112063 -9499.130554024872
 -16539.1205478271 35855.54960792076 1129.530066782612 -11926.45330430938 -8515.340581257255
 -7010.548610958419 -13702.62571474203 30981.95648482725 -11493.64925179694 2622.668359699106
