# Created by Octave 4.2.1, Mon Oct 09 18:44:34 2017 BRT <root@mosqueiro>
# name: pop
# type: matrix
# rows: 1000
# columns: 5
 8878.490280653166 -7481.251636722786 901.8523351525404 -5700.708049618951 3403.428086171573
 10020.69659662015 -3534.953701622277 -1181.064380536687 -6337.435742375596 1037.612916455149
 10020.69659662015 -3534.953701622277 -1181.064380536687 -6337.435742375596 1037.612916455149
 10020.69659662015 -3534.953701622277 -1181.064380536687 -6337.435742375596 1037.612916455149
 10020.69659662015 -3534.953701622277 -1181.064380536687 -6337.435742375596 1037.612916455149
 9038.161742797551 -7898.573771228968 1150.865555485592 -5448.37831385851 3174.518999990009
 9408.287193334285 -3664.947376510449 -876.9626991152468 -6644.020729861109 2507.484884931305
 9118.96739877146 -4413.991177501987 -2075.19537280544 -6621.956077898935 1927.809283567914
 9961.131794187753 -8834.067990874079 -107.0001498149882 -4776.698448383434 3763.632994559833
 9900.63019394593 -7954.051776526333 1114.454529064946 -5216.439724369569 3111.787894760005
 9496.920714901898 -4229.597863880119 -1272.252990961073 -6028.321746125229 2045.091040147088
 10467.38629000926 -5982.994611103724 94.76342757185807 -6181.806469661044 1358.094752320733
 9496.920714901898 -4229.597863880119 -1272.252990961073 -6028.321746125229 2045.091040147088
 9496.920714901898 -4229.597863880119 -1272.252990961073 -6028.321746125229 2045.091040147088
 10020.69659662015 -3534.953701622277 -1181.064380536687 -6337.435742375596 1037.612916455149
 9961.131794187753 -8834.067990874079 -107.0001498149882 -4776.698448383434 3763.632994559833
 9496.920714901898 -4229.597863880119 -1272.252990961073 -6028.321746125229 2045.091040147088
 9496.920714901898 -4229.597863880119 -1272.252990961073 -6028.321746125229 2045.091040147088
 10020.69659662015 -3534.953701622277 -1181.064380536687 -6337.435742375596 1037.612916455149
 22860.44241170672 1281.794053915072 9495.240149497717 472.5909932107583 -3914.151764671927
 8860.531085422161 -7805.41650316221 2041.794080909507 -6000.86176835559 3035.864888013597
 9496.920714901898 -4229.597863880119 -1272.252990961073 -6028.321746125229 2045.091040147088
 7525.611574222514 -6019.349484614986 6316.065582555084 -7720.742099352366 2488.833621157548
 4540.985460315502 -5003.877047342752 -2254.465458129247 -6965.843137908963 -358.2665016757373
 9496.920714901898 -4229.597863880119 -1272.252990961073 -6028.321746125229 2045.091040147088
 9496.920714901898 -4229.597863880119 -1272.252990961073 -6028.321746125229 2045.091040147088
 9496.920714901898 -4229.597863880119 -1272.252990961073 -6028.321746125229 2045.091040147088
 9496.920714901898 -4229.597863880119 -1272.252990961073 -6028.321746125229 2045.091040147088
 9961.131794187753 -8834.067990874079 -107.0001498149882 -4776.698448383434 3763.632994559833
 10020.69659662015 -3534.953701622277 -1181.064380536687 -6337.435742375596 1037.612916455149
 10020.69659662015 -3534.953701622277 -1181.064380536687 -6337.435742375596 1037.612916455149
 9491.896151732339 -4402.568969130907 -1408.099885798802 -5284.094533125182 3066.887612056502
 10717.78211223977 -8053.777843406153 -851.5689536391776 -5951.398438188709 2581.863122708771
 9496.920714901898 -4229.597863880119 -1272.252990961073 -6028.321746125229 2045.091040147088
 9038.161742797551 -7898.573771228968 1150.865555485592 -5448.37831385851 3174.518999990009
 9038.161742797551 -7898.573771228968 1150.865555485592 -5448.37831385851 3174.518999990009
 7885.793680381845 -8768.074950142347 409.261676007161 -4928.977781874638 2914.077150658147
 9839.480103854123 -4206.143548963592 -1674.414159828701 -6089.828405734203 2290.51785097435
 9038.161742797551 -7898.573771228968 1150.865555485592 -5448.37831385851 3174.518999990009
 9496.920714901898 -4229.597863880119 -1272.252990961073 -6028.321746125229 2045.091040147088
 9221.762971673992 -3766.28919399399 -1142.206380705178 -6133.760726732077 2360.996041479865
 10842.09049617612 -3616.481313747398 -1388.960535934919 -6386.758564692834 864.6296403174921
 10020.69659662015 -3534.953701622277 -1181.064380536687 -6337.435742375596 1037.612916455149
 9496.920714901898 -4229.597863880119 -1272.252990961073 -6028.321746125229 2045.091040147088
 10020.69659662015 -3534.953701622277 -1181.064380536687 -6337.435742375596 1037.612916455149
 8494.224506475739 -8164.565565927359 1324.004228287763 -5849.470882266492 2553.2745825819
 10020.69659662015 -3534.953701622277 -1181.064380536687 -6337.435742375596 1037.612916455149
 9496.920714901898 -4229.597863880119 -1272.252990961073 -6028.321746125229 2045.091040147088
 8776.322500052984 -3463.245670570607 -435.9794189921639 -6089.878532555471 3103.367054946544
 10020.69659662015 -3534.953701622277 -1181.064380536687 -6337.435742375596 1037.612916455149
 10020.69659662015 -3534.953701622277 -1181.064380536687 -6337.435742375596 1037.612916455149
 10020.69659662015 -3534.953701622277 -1181.064380536687 -6337.435742375596 1037.612916455149
 9496.920714901898 -4229.597863880119 -1272.252990961073 -6028.321746125229 2045.091040147088
 9961.131794187753 -8834.067990874079 -107.0001498149882 -4776.698448383434 3763.632994559833
 8453.104062196664 -7936.848601238949 1327.936800989331 -5284.646601843431 3029.133373403498
 10020.69659662015 -3534.953701622277 -1181.064380536687 -6337.435742375596 1037.612916455149
 10020.69659662015 -3534.953701622277 -1181.064380536687 -6337.435742375596 1037.612916455149
 8878.490280653166 -7481.251636722786 901.8523351525404 -5700.708049618951 3403.428086171573
 10020.69659662015 -3534.953701622277 -1181.064380536687 -6337.435742375596 1037.612916455149
 9988.873107240397 -4507.314766423269 -1115.586085376805 -6080.77650976626 1727.146764021048
 9496.920714901898 -4229.597863880119 -1272.252990961073 -6028.321746125229 2045.091040147088
 9845.706199779363 -4417.321813579954 -1225.793084362369 -4994.610449553431 2395.069200536983
 9721.431733152824 -9084.092796339664 3882.753635445843 -2884.890113156431 3822.123452651002
 10020.69659662015 -3534.953701622277 -1181.064380536687 -6337.435742375596 1037.612916455149
 11819.41804659474 -4124.639627802498 -1956.618086867031 -3755.282202223594 3325.922306033135
 9038.161742797551 -7898.573771228968 1150.865555485592 -5448.37831385851 3174.518999990009
 9496.920714901898 -4229.597863880119 -1272.252990961073 -6028.321746125229 2045.091040147088
 9496.920714901898 -4229.597863880119 -1272.252990961073 -6028.321746125229 2045.091040147088
 9496.920714901898 -4229.597863880119 -1272.252990961073 -6028.321746125229 2045.091040147088
 9496.920714901898 -4229.597863880119 -1272.252990961073 -6028.321746125229 2045.091040147088
 9496.920714901898 -4229.597863880119 -1272.252990961073 -6028.321746125229 2045.091040147088
 10020.69659662015 -3534.953701622277 -1181.064380536687 -6337.435742375596 1037.612916455149
 9496.920714901898 -4229.597863880119 -1272.252990961073 -6028.321746125229 2045.091040147088
 10020.69659662015 -3534.953701622277 -1181.064380536687 -6337.435742375596 1037.612916455149
 10072.88316229037 -3914.915464931034 25.53563859469642 -4811.46964636454 4339.92977014297
 14063.36860078054 -5684.765198346231 5144.388084815289 -8408.878079934366 1423.732740372122
 9496.920714901898 -4229.597863880119 -1272.252990961073 -6028.321746125229 2045.091040147088
 8137.803856208994 -8550.715013571466 1390.463385036887 -5945.823965948034 2913.767065840762
 10039.66330344069 -4171.922343816051 -1312.126796839142 -5379.273060787908 1851.323739171623
 9496.920714901898 -4229.597863880119 -1272.252990961073 -6028.321746125229 2045.091040147088
 8312.294817481536 -7694.801077426694 210.2032191207498 -5687.288953124619 3118.743021442748
 8878.490280653166 -7481.251636722786 901.8523351525404 -5700.708049618951 3403.428086171573
 9496.920714901898 -4229.597863880119 -1272.252990961073 -6028.321746125229 2045.091040147088
 10020.69659662015 -3534.953701622277 -1181.064380536687 -6337.435742375596 1037.612916455149
