# Created by Octave 4.2.1, Mon Oct 09 17:54:55 2017 BRT <root@mosqueiro>
# name: pop
# type: matrix
# rows: 1000
# columns: 5
 -16539.1205478271 35855.54960792076 1129.530066782612 -11926.45330430938 -8515.340581257255
 -16539.1205478271 35855.54960792076 1129.530066782612 -11926.45330430938 -8515.340581257255
 -16539.1205478271 35855.54960792076 1129.530066782612 -11926.45330430938 -8515.340581257255
 -16539.1205478271 35855.54960792076 1129.530066782612 -11926.45330430938 -8515.340581257255
 -16539.1205478271 35855.54960792076 1129.530066782612 -11926.45330430938 -8515.340581257255
 -5473.047208588911 7456.270143469932 8773.893360786788 6046.715258341883 -10583.3792572446
 -18414.61226335842 38797.22971656728 1621.801548107768 -8852.654127841235 -7020.717303149755
 -16539.1205478271 35855.54960792076 1129.530066782612 -11926.45330430938 -8515.340581257255
 -16539.1205478271 35855.54960792076 1129.530066782612 -11926.45330430938 -8515.340581257255
 -6656.268131236139 6353.222260248825 3061.895208913224 6774.301502112063 -9499.130554024872
 -16539.1205478271 35855.54960792076 1129.530066782612 -11926.45330430938 -8515.340581257255
 -16539.1205478271 35855.54960792076 1129.530066782612 -11926.45330430938 -8515.340581257255
 -16539.1205478271 35855.54960792076 1129.530066782612 -11926.45330430938 -8515.340581257255
 -16539.1205478271 35855.54960792076 1129.530066782612 -11926.45330430938 -8515.340581257255
 -16539.1205478271 35855.54960792076 1129.530066782612 -11926.45330430938 -8515.340581257255
 -16539.1205478271 35855.54960792076 1129.530066782612 -11926.45330430938 -8515.340581257255
 -6721.832969390667 38554.05760905516 -186.9743626189595 -13794.36724237321 2046.658200839504
 -16539.1205478271 35855.54960792076 1129.530066782612 -11926.45330430938 -8515.340581257255
 -16539.1205478271 35855.54960792076 1129.530066782612 -11926.45330430938 -8515.340581257255
 -13737.81454251296 36197.2579837511 1966.917625788434 -11031.34964540938 -10560.54529692423
 -16972.385466214 35291.03245691119 317.0982267025961 -12506.06456817296 -11122.9101305362
 -16599.58813094927 36055.12604677303 1595.746032742253 -10959.43473411637 -7043.096888001509
 -16539.1205478271 35855.54960792076 1129.530066782612 -11926.45330430938 -8515.340581257255
 -16539.1205478271 35855.54960792076 1129.530066782612 -11926.45330430938 -8515.340581257255
 -6205.835693925644 6928.858238146559 4733.189341648086 7285.819668298886 -9741.955497370271
 -16539.1205478271 35855.54960792076 1129.530066782612 -11926.45330430938 -8515.340581257255
 -16518.26039032192 36834.59856796449 463.3858284598645 -12063.37250841109 -8682.436661452653
 -16623.45655773789 36092.33659003162 1470.643206027815 -12565.54266130525 -5163.749713241071
 -16539.1205478271 35855.54960792076 1129.530066782612 -11926.45330430938 -8515.340581257255
 -16539.1205478271 35855.54960792076 1129.530066782612 -11926.45330430938 -8515.340581257255
 -16539.1205478271 35855.54960792076 1129.530066782612 -11926.45330430938 -8515.340581257255
 -17174.57389360955 36007.98290133587 159.7765780591341 -11297.46679976205 -8695.927554138783
 -16539.1205478271 35855.54960792076 1129.530066782612 -11926.45330430938 -8515.340581257255
 -16539.1205478271 35855.54960792076 1129.530066782612 -11926.45330430938 -8515.340581257255
 -16539.1205478271 35855.54960792076 1129.530066782612 -11926.45330430938 -8515.340581257255
 -16050.14802191994 36423.01383085772 820.691804120444 -12556.82431953874 -9096.476920822157
 -16539.1205478271 35855.54960792076 1129.530066782612 -11926.45330430938 -8515.340581257255
 -14896.58107416083 39351.37851727929 2401.811802594745 -10952.23003335176 -6370.587475642371
 -16539.1205478271 35855.54960792076 1129.530066782612 -11926.45330430938 -8515.340581257255
 -16539.1205478271 35855.54960792076 1129.530066782612 -11926.45330430938 -8515.340581257255
 -17316.09172015452 36199.99695020067 1787.696931267801 -13277.64816097967 -8976.117431503098
 -16539.1205478271 35855.54960792076 1129.530066782612 -11926.45330430938 -8515.340581257255
 -16539.1205478271 35855.54960792076 1129.530066782612 -11926.45330430938 -8515.340581257255
 -16539.1205478271 35855.54960792076 1129.530066782612 -11926.45330430938 -8515.340581257255
 -16539.1205478271 35855.54960792076 1129.530066782612 -11926.45330430938 -8515.340581257255
 -17218.96011612161 35961.77281382409 970.3579631141261 -12413.85525448694 -7697.693361869539
 -16539.1205478271 35855.54960792076 1129.530066782612 -11926.45330430938 -8515.340581257255
 -16539.1205478271 35855.54960792076 1129.530066782612 -11926.45330430938 -8515.340581257255
 -16050.14802191994 36423.01383085772 820.691804120444 -12556.82431953874 -9096.476920822157
 -20219.15430061244 38235.22196377509 4678.247217294003 -10765.10147681595 -6931.183864958266
 -16539.1205478271 35855.54960792076 1129.530066782612 -11926.45330430938 -8515.340581257255
 -16539.1205478271 35855.54960792076 1129.530066782612 -11926.45330430938 -8515.340581257255
 -16539.1205478271 35855.54960792076 1129.530066782612 -11926.45330430938 -8515.340581257255
 -16539.1205478271 35855.54960792076 1129.530066782612 -11926.45330430938 -8515.340581257255
 -16539.1205478271 35855.54960792076 1129.530066782612 -11926.45330430938 -8515.340581257255
 -16539.1205478271 35855.54960792076 1129.530066782612 -11926.45330430938 -8515.340581257255
 -16539.1205478271 35855.54960792076 1129.530066782612 -11926.45330430938 -8515.340581257255
 -16539.1205478271 35855.54960792076 1129.530066782612 -11926.45330430938 -8515.340581257255
 -17738.50009970991 36128.23331734956 809.9030245034023 -12498.85332414743 -8586.033058200492
 -16539.1205478271 35855.54960792076 1129.530066782612 -11926.45330430938 -8515.340581257255
 -17271.50965732915 36274.59669266257 1594.96668282578 -11714.68151368558 -8664.498645755357
 -16539.1205478271 35855.54960792076 1129.530066782612 -11926.45330430938 -8515.340581257255
 -16539.1205478271 35855.54960792076 1129.530066782612 -11926.45330430938 -8515.340581257255
 -16573.31976980241 35641.21236618236 1858.948044002856 -11668.47774863333 -8056.540871060103
 -16573.31976980241 35641.21236618236 1858.948044002856 -11668.47774863333 -8056.540871060103
 -16539.1205478271 35855.54960792076 1129.530066782612 -11926.45330430938 -8515.340581257255
 -15453.24643355997 37077.80806170025 1640.898531041112 -11168.94293621429 -9462.577029949212
 -16539.1205478271 35855.54960792076 1129.530066782612 -11926.45330430938 -8515.340581257255
 -16756.96638895731 36551.4391950188 1415.195754245894 -12088.44673118902 -8386.087848266781
 -16539.1205478271 35855.54960792076 1129.530066782612 -11926.45330430938 -8515.340581257255
 -3603.611559543044 3810.544204030738 8325.547447869823 1568.575435308237 -5418.985980464441
 -16539.1205478271 35855.54960792076 1129.530066782612 -11926.45330430938 -8515.340581257255
 -13737.81454251296 36197.2579837511 1966.917625788434 -11031.34964540938 -10560.54529692423
 -15111.77908092316 36929.80795575043 2291.373605454072 -11372.89010484948 -10092.63079809461
 -16539.1205478271 35855.54960792076 1129.530066782612 -11926.45330430938 -8515.340581257255
 -7667.898263105963 6365.024245506378 3717.415073922539 7740.168670791738 -10078.79199313389
 -15762.42493331523 36102.90293236589 1148.123487451756 -12597.66009652374 -8765.426357816194
 -16539.1205478271 35855.54960792076 1129.530066782612 -11926.45330430938 -8515.340581257255
 -16375.27795886145 35186.32262578443 820.5108618382457 -10412.96150781814 -9013.480889525332
 -19996.20326915592 35411.41973509072 3895.297193225123 -15068.42506592681 -15350.31640024074
 -16539.1205478271 35855.54960792076 1129.530066782612 -11926.45330430938 -8515.340581257255
 -16539.1205478271 35855.54960792076 1129.530066782612 -11926.45330430938 -8515.340581257255
 -3603.611559543044 3810.544204030738 8325.547447869823 1568.575435308237 -5418.985980464441
 -16539.1205478271 35855.54960792076 1129.530066782612 -11926.45330430938 -8515.340581257255
