# Created by Octave 4.2.1, Mon Oct 09 18:43:16 2017 BRT <root@mosqueiro>
# name: pop
# type: matrix
# rows: 1000
# columns: 5
 9496.920714901898 -4229.597863880119 -1272.252990961073 -6028.321746125229 2045.091040147088
 9496.920714901898 -4229.597863880119 -1272.252990961073 -6028.321746125229 2045.091040147088
 9496.920714901898 -4229.597863880119 -1272.252990961073 -6028.321746125229 2045.091040147088
 9496.920714901898 -4229.597863880119 -1272.252990961073 -6028.321746125229 2045.091040147088
 9496.920714901898 -4229.597863880119 -1272.252990961073 -6028.321746125229 2045.091040147088
 9038.161742797551 -7898.573771228968 1150.865555485592 -5448.37831385851 3174.518999990009
 9038.161742797551 -7898.573771228968 1150.865555485592 -5448.37831385851 3174.518999990009
 9496.920714901898 -4229.597863880119 -1272.252990961073 -6028.321746125229 2045.091040147088
 9496.920714901898 -4229.597863880119 -1272.252990961073 -6028.321746125229 2045.091040147088
 5941.870687240961 4890.883234727802 14814.59819422121 -19630.75368145859 22877.17228099088
 9496.920714901898 -4229.597863880119 -1272.252990961073 -6028.321746125229 2045.091040147088
 6515.122899398582 -4542.990865048863 398.3670708357167 -10227.32051296216 -2606.988937237275
 10797.77155191517 -7758.883079184166 -1385.671100449261 -3311.251033958693 3861.609585860356
 9038.161742797551 -7898.573771228968 1150.865555485592 -5448.37831385851 3174.518999990009
 6775.190743129838 -6519.068458698001 -1387.43283163312 -996.8961019547705 -1158.548911408417
 11441.66760519646 -8131.555933489539 -2568.762070357359 -1217.969416203373 2245.797804332635
 9038.161742797551 -7898.573771228968 1150.865555485592 -5448.37831385851 3174.518999990009
 9038.161742797551 -7898.573771228968 1150.865555485592 -5448.37831385851 3174.518999990009
 9496.920714901898 -4229.597863880119 -1272.252990961073 -6028.321746125229 2045.091040147088
 9038.161742797551 -7898.573771228968 1150.865555485592 -5448.37831385851 3174.518999990009
 8141.061455902836 -8823.559604487309 2673.62602321723 -5821.818621422851 7325.853059241777
 9496.920714901898 -4229.597863880119 -1272.252990961073 -6028.321746125229 2045.091040147088
 9496.920714901898 -4229.597863880119 -1272.252990961073 -6028.321746125229 2045.091040147088
 9496.920714901898 -4229.597863880119 -1272.252990961073 -6028.321746125229 2045.091040147088
 9654.946367406994 -7342.494772773475 4856.053692314395 -1883.212489803634 1075.166770029981
 10310.55031148586 -8420.829286113152 -155.6603648859261 -8061.984640012686 3104.500119428423
 9496.920714901898 -4229.597863880119 -1272.252990961073 -6028.321746125229 2045.091040147088
 9038.161742797551 -7898.573771228968 1150.865555485592 -5448.37831385851 3174.518999990009
 4563.352031708493 -14658.49109185364 733.0538038755456 -1880.75873310303 6872.841607761437
 9038.161742797551 -7898.573771228968 1150.865555485592 -5448.37831385851 3174.518999990009
 9038.161742797551 -7898.573771228968 1150.865555485592 -5448.37831385851 3174.518999990009
 9038.161742797551 -7898.573771228968 1150.865555485592 -5448.37831385851 3174.518999990009
 8415.973887380122 -3271.353157153472 -2391.798717282833 -906.1077783933124 391.1634456614861
 8658.566470185584 -7292.284502640508 3331.899923599207 -6767.005691303037 1189.895071499072
 9038.161742797551 -7898.573771228968 1150.865555485592 -5448.37831385851 3174.518999990009
 9038.161742797551 -7898.573771228968 1150.865555485592 -5448.37831385851 3174.518999990009
 9038.161742797551 -7898.573771228968 1150.865555485592 -5448.37831385851 3174.518999990009
 9038.161742797551 -7898.573771228968 1150.865555485592 -5448.37831385851 3174.518999990009
 9038.161742797551 -7898.573771228968 1150.865555485592 -5448.37831385851 3174.518999990009
 11652.21553393636 -3759.640840753795 -612.2938862410847 -6407.936410852482 3885.639881660915
 15377.9603581235 -6581.121118264326 3829.710764105545 -10300.34211397249 6331.665735167216
 9496.920714901898 -4229.597863880119 -1272.252990961073 -6028.321746125229 2045.091040147088
 9038.161742797551 -7898.573771228968 1150.865555485592 -5448.37831385851 3174.518999990009
 9038.161742797551 -7898.573771228968 1150.865555485592 -5448.37831385851 3174.518999990009
 12758.50363619683 -7434.633940283077 828.8324309940949 -6641.957852451096 2468.582093605534
 9038.161742797551 -7898.573771228968 1150.865555485592 -5448.37831385851 3174.518999990009
 9038.161742797551 -7898.573771228968 1150.865555485592 -5448.37831385851 3174.518999990009
 9038.161742797551 -7898.573771228968 1150.865555485592 -5448.37831385851 3174.518999990009
 9038.161742797551 -7898.573771228968 1150.865555485592 -5448.37831385851 3174.518999990009
 9496.920714901898 -4229.597863880119 -1272.252990961073 -6028.321746125229 2045.091040147088
 9496.920714901898 -4229.597863880119 -1272.252990961073 -6028.321746125229 2045.091040147088
 9496.920714901898 -4229.597863880119 -1272.252990961073 -6028.321746125229 2045.091040147088
 22175.64294608774 2659.071947562197 9653.581192218149 754.8483001417246 -3125.636367603462
 16784.39729941633 -15624.3315026743 3697.092461399678 9351.721950415656 2749.648864998299
 9038.161742797551 -7898.573771228968 1150.865555485592 -5448.37831385851 3174.518999990009
 9038.161742797551 -7898.573771228968 1150.865555485592 -5448.37831385851 3174.518999990009
 12129.02739746684 -10287.34980806697 -7411.092928365325 6233.316231448535 5630.927444434327
 9396.179288567304 -5322.750412014107 -308.1912956750034 -2218.932400016303 3208.926269651234
 9038.161742797551 -7898.573771228968 1150.865555485592 -5448.37831385851 3174.518999990009
 9038.161742797551 -7898.573771228968 1150.865555485592 -5448.37831385851 3174.518999990009
 9038.161742797551 -7898.573771228968 1150.865555485592 -5448.37831385851 3174.518999990009
 22175.64294608774 2659.071947562197 9653.581192218149 754.8483001417246 -3125.636367603462
 9496.920714901898 -4229.597863880119 -1272.252990961073 -6028.321746125229 2045.091040147088
 5978.238780552618 -2146.608104752438 -2864.315214160073 -5849.424700551342 -3341.094036337924
 9038.161742797551 -7898.573771228968 1150.865555485592 -5448.37831385851 3174.518999990009
 9038.161742797551 -7898.573771228968 1150.865555485592 -5448.37831385851 3174.518999990009
 8472.518402150847 -7151.726219468963 1513.935545843716 -4031.012094868413 4846.787242519716
 9496.920714901898 -4229.597863880119 -1272.252990961073 -6028.321746125229 2045.091040147088
 9496.920714901898 -4229.597863880119 -1272.252990961073 -6028.321746125229 2045.091040147088
 7182.150135168758 -10127.73364427232 2522.455104608829 -5998.388128590582 2873.333277378971
 9496.920714901898 -4229.597863880119 -1272.252990961073 -6028.321746125229 2045.091040147088
 7150.372472823567 -33467.48279546542 -7831.838902530189 -15746.89174551817 9823.448046384197
 9038.161742797551 -7898.573771228968 1150.865555485592 -5448.37831385851 3174.518999990009
 5977.68206936985 -8454.46569694161 -2799.493653254476 -4564.07266107227 1040.728038018254
 10467.38629000926 -5982.994611103724 94.76342757185807 -6181.806469661044 1358.094752320733
 9496.920714901898 -4229.597863880119 -1272.252990961073 -6028.321746125229 2045.091040147088
 9038.161742797551 -7898.573771228968 1150.865555485592 -5448.37831385851 3174.518999990009
 9496.920714901898 -4229.597863880119 -1272.252990961073 -6028.321746125229 2045.091040147088
 9038.161742797551 -7898.573771228968 1150.865555485592 -5448.37831385851 3174.518999990009
 9038.161742797551 -7898.573771228968 1150.865555485592 -5448.37831385851 3174.518999990009
 7199.31710058737 -8340.215503913027 2823.061419828944 -7165.238972742695 2132.826356869963
 11655.15667776538 -8957.530810796809 1740.667251951415 -3582.308301404194 -2843.725376868702
 9683.252267959371 -10585.91953049968 -1535.832496463569 -7831.05964964827 2980.007874170834
 7864.989672207994 -10139.6134952287 -3225.260169052843 -5377.955223291176 3729.731664102646
