# Created by Octave 4.2.1, Mon Oct 09 17:35:55 2017 BRT <root@mosqueiro>
# name: pop
# type: matrix
# rows: 1000
# columns: 5
 3069.186883280454 -6932.815978323069 -6616.08464653239 6858.316249444368 3656.422301383605
 3069.186883280454 -6932.815978323069 -6616.08464653239 6858.316249444368 3656.422301383605
 3069.186883280454 -6932.815978323069 -6616.08464653239 6858.316249444368 3656.422301383605
 3069.186883280454 -6932.815978323069 -6616.08464653239 6858.316249444368 3656.422301383605
 3069.186883280454 -6932.815978323069 -6616.08464653239 6858.316249444368 3656.422301383605
 -26220.16300052418 3833.627522562369 17964.79973889118 -20257.67196538981 -10966.51329468065
 3069.186883280454 -6932.815978323069 -6616.08464653239 6858.316249444368 3656.422301383605
 -3176.943958219029 -10648.84669987353 -6376.207928032899 6388.949906866284 4042.083843807653
 5039.01985289197 -6411.659924738213 -10689.02583712025 7046.145615633033 2560.136787964564
 3069.186883280454 -6932.815978323069 -6616.08464653239 6858.316249444368 3656.422301383605
 2815.328686470354 -12649.03834036448 -10727.14969995142 -4623.432319097528 -2247.569546149209
 3069.186883280454 -6932.815978323069 -6616.08464653239 6858.316249444368 3656.422301383605
 3069.186883280454 -6932.815978323069 -6616.08464653239 6858.316249444368 3656.422301383605
 3069.186883280454 -6932.815978323069 -6616.08464653239 6858.316249444368 3656.422301383605
 3069.186883280454 -6932.815978323069 -6616.08464653239 6858.316249444368 3656.422301383605
 12480.96177892146 -17405.01687096216 4729.003412777683 14591.65810726421 -5034.933304132166
 11105.83489950112 -4176.558696835171 -209.9733653397288 35065.59999350318 -18518.14370914121
 3069.186883280454 -6932.815978323069 -6616.08464653239 6858.316249444368 3656.422301383605
 3069.186883280454 -6932.815978323069 -6616.08464653239 6858.316249444368 3656.422301383605
 24987.67614922115 -36596.6162484962 17551.45939826866 17750.52569204455 18851.45412410806
 3069.186883280454 -6932.815978323069 -6616.08464653239 6858.316249444368 3656.422301383605
 3069.186883280454 -6932.815978323069 -6616.08464653239 6858.316249444368 3656.422301383605
 3069.186883280454 -6932.815978323069 -6616.08464653239 6858.316249444368 3656.422301383605
 3069.186883280454 -6932.815978323069 -6616.08464653239 6858.316249444368 3656.422301383605
 3069.186883280454 -6932.815978323069 -6616.08464653239 6858.316249444368 3656.422301383605
 2204.573541655908 -23002.28905455644 -12664.86772946367 10540.441836624 637.5196622267913
 3069.186883280454 -6932.815978323069 -6616.08464653239 6858.316249444368 3656.422301383605
 3069.186883280454 -6932.815978323069 -6616.08464653239 6858.316249444368 3656.422301383605
 23414.59076283113 5625.525511010703 -5277.919754772125 13455.4747059093 8939.944054411375
 23232.88173500921 -7899.300336322702 -11851.85953582471 3537.690445777896 1579.178417068339
 3069.186883280454 -6932.815978323069 -6616.08464653239 6858.316249444368 3656.422301383605
 3069.186883280454 -6932.815978323069 -6616.08464653239 6858.316249444368 3656.422301383605
 5678.786296773167 -1718.247645628575 -1668.820171350383 2507.97257710437 11569.44782924991
 3069.186883280454 -6932.815978323069 -6616.08464653239 6858.316249444368 3656.422301383605
 3069.186883280454 -6932.815978323069 -6616.08464653239 6858.316249444368 3656.422301383605
 3069.186883280454 -6932.815978323069 -6616.08464653239 6858.316249444368 3656.422301383605
 3069.186883280454 -6932.815978323069 -6616.08464653239 6858.316249444368 3656.422301383605
 3069.186883280454 -6932.815978323069 -6616.08464653239 6858.316249444368 3656.422301383605
 3491.785070217546 -13776.55327457536 -15059.69168909246 1387.053553372317 10919.10385855113
 3069.186883280454 -6932.815978323069 -6616.08464653239 6858.316249444368 3656.422301383605
 3069.186883280454 -6932.815978323069 -6616.08464653239 6858.316249444368 3656.422301383605
 872.1940087503626 -14894.8738110006 -6631.639258593071 5257.516142340011 15985.60855738062
 3069.186883280454 -6932.815978323069 -6616.08464653239 6858.316249444368 3656.422301383605
 760.8009910945043 -17296.37639436106 -3663.843504829326 7054.592835744693 6616.976935711997
 3069.186883280454 -6932.815978323069 -6616.08464653239 6858.316249444368 3656.422301383605
 3069.186883280454 -6932.815978323069 -6616.08464653239 6858.316249444368 3656.422301383605
 2486.451382884433 -4195.257798915112 -4870.534099111079 7933.45957981396 9476.210079163391
 3069.186883280454 -6932.815978323069 -6616.08464653239 6858.316249444368 3656.422301383605
 13126.96224987147 -11218.39546601774 -1867.385742652502 2829.748115450219 12585.44177165089
 3069.186883280454 -6932.815978323069 -6616.08464653239 6858.316249444368 3656.422301383605
 3069.186883280454 -6932.815978323069 -6616.08464653239 6858.316249444368 3656.422301383605
 3069.186883280454 -6932.815978323069 -6616.08464653239 6858.316249444368 3656.422301383605
 3069.186883280454 -6932.815978323069 -6616.08464653239 6858.316249444368 3656.422301383605
 3069.186883280454 -6932.815978323069 -6616.08464653239 6858.316249444368 3656.422301383605
 -9741.492479955701 5718.372467898042 -19898.94040474044 11330.03143600976 -21367.04540726792
 1859.091445231357 10538.56563060682 3048.7124647289 16903.64466533432 5871.332386805352
 3069.186883280454 -6932.815978323069 -6616.08464653239 6858.316249444368 3656.422301383605
 -3125.530015547761 -19103.05915197183 -7836.830628431646 3255.615326782817 -2712.809493382371
 31711.22337954137 -2642.907096107432 -23997.83778473106 22589.71106379143 22923.993949828
 12729.78764513228 -16174.42064100897 -23538.91684562188 12384.94068409104 -598.6992918988535
 3069.186883280454 -6932.815978323069 -6616.08464653239 6858.316249444368 3656.422301383605
 3069.186883280454 -6932.815978323069 -6616.08464653239 6858.316249444368 3656.422301383605
 3069.186883280454 -6932.815978323069 -6616.08464653239 6858.316249444368 3656.422301383605
 -4954.946766925809 -2348.610701229786 -13621.0435946461 9548.161100884996 13498.4820116862
 -4302.614079556331 -4117.341512820427 5083.350984647621 4622.891926017924 -3013.139337538031
 3069.186883280454 -6932.815978323069 -6616.08464653239 6858.316249444368 3656.422301383605
 3069.186883280454 -6932.815978323069 -6616.08464653239 6858.316249444368 3656.422301383605
 3069.186883280454 -6932.815978323069 -6616.08464653239 6858.316249444368 3656.422301383605
 18767.2734057126 13651.30787922036 -2319.384342717706 13084.33719639361 -16473.07378716235
 5856.798316251663 -15009.03743258712 -2616.107244605498 2451.922124406816 4965.399084104154
 3069.186883280454 -6932.815978323069 -6616.08464653239 6858.316249444368 3656.422301383605
 3069.186883280454 -6932.815978323069 -6616.08464653239 6858.316249444368 3656.422301383605
 -12195.8528016385 -11951.27528530586 -14923.07240381831 1589.805742789998 7228.260162743293
 3069.186883280454 -6932.815978323069 -6616.08464653239 6858.316249444368 3656.422301383605
 3069.186883280454 -6932.815978323069 -6616.08464653239 6858.316249444368 3656.422301383605
 26281.29021225797 -13237.17285655264 -17346.7830715052 23879.99415133716 14846.67642082716
 3069.186883280454 -6932.815978323069 -6616.08464653239 6858.316249444368 3656.422301383605
 8019.226253350473 1789.836149078514 -15030.30776058101 8446.892758626491 -1016.712052419012
 3069.186883280454 -6932.815978323069 -6616.08464653239 6858.316249444368 3656.422301383605
 3069.186883280454 -6932.815978323069 -6616.08464653239 6858.316249444368 3656.422301383605
 3069.186883280454 -6932.815978323069 -6616.08464653239 6858.316249444368 3656.422301383605
 3069.186883280454 -6932.815978323069 -6616.08464653239 6858.316249444368 3656.422301383605
 3069.186883280454 -6932.815978323069 -6616.08464653239 6858.316249444368 3656.422301383605
 3069.186883280454 -6932.815978323069 -6616.08464653239 6858.316249444368 3656.422301383605
 3069.186883280454 -6932.815978323069 -6616.08464653239 6858.316249444368 3656.422301383605
