# Created by Octave 4.2.1, Mon Oct 09 17:33:18 2017 BRT <root@mosqueiro>
# name: pop
# type: matrix
# rows: 1000
# columns: 5
 3069.186883280454 -6932.815978323069 -6616.08464653239 6858.316249444368 3656.422301383605
 3069.186883280454 -6932.815978323069 -6616.08464653239 6858.316249444368 3656.422301383605
 3069.186883280454 -6932.815978323069 -6616.08464653239 6858.316249444368 3656.422301383605
 3069.186883280454 -6932.815978323069 -6616.08464653239 6858.316249444368 3656.422301383605
 3069.186883280454 -6932.815978323069 -6616.08464653239 6858.316249444368 3656.422301383605
 21423.67224908847 30601.75536114341 28333.85267594081 -6942.348272418654 14107.47684260551
 -3605.61370797214 9421.324849617016 3385.918745838189 1390.18775493075 -9355.204626017634
 3069.186883280454 -6932.815978323069 -6616.08464653239 6858.316249444368 3656.422301383605
 18974.38471489436 -17298.71363395942 6966.413400541049 4443.999829081064 40910.8323896423
 3069.186883280454 -6932.815978323069 -6616.08464653239 6858.316249444368 3656.422301383605
 3069.186883280454 -6932.815978323069 -6616.08464653239 6858.316249444368 3656.422301383605
 -10191.4434648294 -5854.379568585519 -31662.97947248808 23530.52627863067 10526.94466790235
 3069.186883280454 -6932.815978323069 -6616.08464653239 6858.316249444368 3656.422301383605
 11007.6122761888 -29400.09231685194 -16449.0553440173 12000.03720099133 -4965.211791948105
 -8645.658516558018 -16189.70106819535 1060.196426552089 -2446.921076266958 -13115.44333169654
 3069.186883280454 -6932.815978323069 -6616.08464653239 6858.316249444368 3656.422301383605
 5189.975890534181 2353.186860247974 1176.163574669346 -604.2784160294959 -7438.837733533172
 3069.186883280454 -6932.815978323069 -6616.08464653239 6858.316249444368 3656.422301383605
 3747.235448509737 -8078.317132138539 -3522.306192054839 6993.369560702668 1344.75589178948
 7581.344980609205 -18832.2766599238 36137.53186222898 -2479.963697498006 -448.0923199895624
 57382.91638302054 -17151.8658290296 -13414.6167836205 20342.64680737435 -6503.434834464582
 3069.186883280454 -6932.815978323069 -6616.08464653239 6858.316249444368 3656.422301383605
 -1665.758845929418 5581.76588559952 -931.9036329228402 5064.193082915062 -7869.968101138515
 4034.907769847807 -2552.32409743333 -4448.652095031181 -1753.16190164084 4663.165721937623
 3069.186883280454 -6932.815978323069 -6616.08464653239 6858.316249444368 3656.422301383605
 -3826.386233564222 -1116.04199692859 7023.362979850983 -5642.200261425822 5767.394556923633
 3069.186883280454 -6932.815978323069 -6616.08464653239 6858.316249444368 3656.422301383605
 6798.147032661003 -7709.733922946774 1445.639724610268 863.858522722061 -1314.842498514192
 3069.186883280454 -6932.815978323069 -6616.08464653239 6858.316249444368 3656.422301383605
 3069.186883280454 -6932.815978323069 -6616.08464653239 6858.316249444368 3656.422301383605
 7497.88251593419 525.5048371125831 872.5257239041784 5644.763633888315 -8771.999408387066
 -2516.596658320051 9908.860679884085 4282.920179287248 -5534.240267019016 -5397.105372800061
 5931.718732843521 423.7082098188312 -4669.601181028388 2110.010910892439 -3967.061625382487
 3069.186883280454 -6932.815978323069 -6616.08464653239 6858.316249444368 3656.422301383605
 12925.36913969503 -7863.755841425625 542.1099109212237 -2332.030890996093 18641.73227390496
 1880.116845280036 -16439.27775555169 -13352.03895533855 21531.36899704266 6585.236978578311
 1217.942714112904 2166.463845687711 -8001.678930308324 3021.537545014364 1703.554814186931
 42203.88764704734 -27829.70733567732 33449.44705422207 -2966.53937534484 -12490.84042846694
 3069.186883280454 -6932.815978323069 -6616.08464653239 6858.316249444368 3656.422301383605
 6798.147032661003 -7709.733922946774 1445.639724610268 863.858522722061 -1314.842498514192
 3069.186883280454 -6932.815978323069 -6616.08464653239 6858.316249444368 3656.422301383605
 3069.186883280454 -6932.815978323069 -6616.08464653239 6858.316249444368 3656.422301383605
 3069.186883280454 -6932.815978323069 -6616.08464653239 6858.316249444368 3656.422301383605
 3069.186883280454 -6932.815978323069 -6616.08464653239 6858.316249444368 3656.422301383605
 12059.37162788605 4459.876600741565 -16274.6678043484 23094.02377637415 -21981.49856942963
 3069.186883280454 -6932.815978323069 -6616.08464653239 6858.316249444368 3656.422301383605
 4643.606029891882 -23851.90711849703 9601.695066425609 -22782.73242951389 37653.87804917711
 3069.186883280454 -6932.815978323069 -6616.08464653239 6858.316249444368 3656.422301383605
 -1341.164349790208 -536.7722817641934 -4069.481109592737 5429.935669365961 3475.514446319128
 -2516.596658320051 9908.860679884085 4282.920179287248 -5534.240267019016 -5397.105372800061
 3069.186883280454 -6932.815978323069 -6616.08464653239 6858.316249444368 3656.422301383605
 3069.186883280454 -6932.815978323069 -6616.08464653239 6858.316249444368 3656.422301383605
 6369.516820746058 29180.19819910601 -38588.56537023494 -31896.82704622638 -19163.33730801566
 3069.186883280454 -6932.815978323069 -6616.08464653239 6858.316249444368 3656.422301383605
 3069.186883280454 -6932.815978323069 -6616.08464653239 6858.316249444368 3656.422301383605
 3069.186883280454 -6932.815978323069 -6616.08464653239 6858.316249444368 3656.422301383605
 6798.147032661003 -7709.733922946774 1445.639724610268 863.858522722061 -1314.842498514192
 -12245.71368299528 -518.2395510416445 -10948.9758272454 -15586.20752404404 -20588.47809490442
 -30009.05115476835 -54178.64271306814 35236.58823157858 20652.30419611185 22125.96750748115
 4034.907769847807 -2552.32409743333 -4448.652095031181 -1753.16190164084 4663.165721937623
 17787.22839408842 -6351.511349789148 -24277.10673504796 15523.43471662133 -10621.17911885677
 3069.186883280454 -6932.815978323069 -6616.08464653239 6858.316249444368 3656.422301383605
 3069.186883280454 -6932.815978323069 -6616.08464653239 6858.316249444368 3656.422301383605
 3069.186883280454 -6932.815978323069 -6616.08464653239 6858.316249444368 3656.422301383605
 3069.186883280454 -6932.815978323069 -6616.08464653239 6858.316249444368 3656.422301383605
 -8263.849598626268 6968.210861815958 6388.814809277344 2357.458244116297 -6751.795337133436
 3069.186883280454 -6932.815978323069 -6616.08464653239 6858.316249444368 3656.422301383605
 4034.907769847807 -2552.32409743333 -4448.652095031181 -1753.16190164084 4663.165721937623
 5541.898563248495 -4085.455144358895 8770.878433594949 -7923.37426414855 -284.9775839925223
 3069.186883280454 -6932.815978323069 -6616.08464653239 6858.316249444368 3656.422301383605
 9042.661292199955 9342.754037487539 -9116.261665805592 -3958.068820120468 -5080.648685542747
 3069.186883280454 -6932.815978323069 -6616.08464653239 6858.316249444368 3656.422301383605
 6798.147032661003 -7709.733922946774 1445.639724610268 863.858522722061 -1314.842498514192
 436.465762757869 9150.824246739881 5319.345334103662 -8989.321464704051 1035.304762572867
 3069.186883280454 -6932.815978323069 -6616.08464653239 6858.316249444368 3656.422301383605
 3069.186883280454 -6932.815978323069 -6616.08464653239 6858.316249444368 3656.422301383605
 3069.186883280454 -6932.815978323069 -6616.08464653239 6858.316249444368 3656.422301383605
 3069.186883280454 -6932.815978323069 -6616.08464653239 6858.316249444368 3656.422301383605
 3069.186883280454 -6932.815978323069 -6616.08464653239 6858.316249444368 3656.422301383605
 13589.25200235973 -21060.17039010862 18075.28695801728 -2018.789605620126 -6823.054412989108
 3069.186883280454 -6932.815978323069 -6616.08464653239 6858.316249444368 3656.422301383605
 3069.186883280454 -6932.815978323069 -6616.08464653239 6858.316249444368 3656.422301383605
 3069.186883280454 -6932.815978323069 -6616.08464653239 6858.316249444368 3656.422301383605
 3069.186883280454 -6932.815978323069 -6616.08464653239 6858.316249444368 3656.422301383605
 4034.907769847807 -2552.32409743333 -4448.652095031181 -1753.16190164084 4663.165721937623
