# Created by Octave 4.2.1, Mon Oct 09 17:38:12 2017 BRT <root@mosqueiro>
# name: pop
# type: matrix
# rows: 1000
# columns: 5
 3204.485643281873 -6316.601808364054 -6068.739596027346 7674.543446885487 1512.302426132386
 3204.485643281873 -6316.601808364054 -6068.739596027346 7674.543446885487 1512.302426132386
 3204.485643281873 -6316.601808364054 -6068.739596027346 7674.543446885487 1512.302426132386
 3204.485643281873 -6316.601808364054 -6068.739596027346 7674.543446885487 1512.302426132386
 3204.485643281873 -6316.601808364054 -6068.739596027346 7674.543446885487 1512.302426132386
 1389.097614218897 -8639.55177742452 -6443.855773281908 10265.72369784989 3454.552045647862
 1389.097614218897 -8639.55177742452 -6443.855773281908 10265.72369784989 3454.552045647862
 3204.485643281873 -6316.601808364054 -6068.739596027346 7674.543446885487 1512.302426132386
 1389.097614218897 -8639.55177742452 -6443.855773281908 10265.72369784989 3454.552045647862
 3825.019710581123 -8927.399175058354 -6906.560724857734 8260.717712468737 3761.116614656092
 882.6362177840573 -4587.060477923371 -8967.576682933495 11076.36549178672 -7511.22468778749
 3825.019710581123 -8927.399175058354 -6906.560724857734 8260.717712468737 3761.116614656092
 3069.186883280454 -6932.815978323069 -6616.08464653239 6858.316249444368 3656.422301383605
 3204.485643281873 -6316.601808364054 -6068.739596027346 7674.543446885487 1512.302426132386
 3825.019710581123 -8927.399175058354 -6906.560724857734 8260.717712468737 3761.116614656092
 1818.064199342576 -8350.535045148554 -6396.122671354673 9794.46386901428 3926.478940221146
 3069.186883280454 -6932.815978323069 -6616.08464653239 6858.316249444368 3656.422301383605
 3204.485643281873 -6316.601808364054 -6068.739596027346 7674.543446885487 1512.302426132386
 3069.186883280454 -6932.815978323069 -6616.08464653239 6858.316249444368 3656.422301383605
 3204.485643281873 -6316.601808364054 -6068.739596027346 7674.543446885487 1512.302426132386
 2779.042689259514 -6974.584856139407 -5440.471861248222 5839.650123519417 3807.089287359832
 1389.097614218897 -8639.55177742452 -6443.855773281908 10265.72369784989 3454.552045647862
 1389.097614218897 -8639.55177742452 -6443.855773281908 10265.72369784989 3454.552045647862
 1389.097614218897 -8639.55177742452 -6443.855773281908 10265.72369784989 3454.552045647862
 3825.019710581123 -8927.399175058354 -6906.560724857734 8260.717712468737 3761.116614656092
 1389.097614218897 -8639.55177742452 -6443.855773281908 10265.72369784989 3454.552045647862
 3069.186883280454 -6932.815978323069 -6616.08464653239 6858.316249444368 3656.422301383605
 1389.097614218897 -8639.55177742452 -6443.855773281908 10265.72369784989 3454.552045647862
 3069.186883280454 -6932.815978323069 -6616.08464653239 6858.316249444368 3656.422301383605
 3069.186883280454 -6932.815978323069 -6616.08464653239 6858.316249444368 3656.422301383605
 3805.942405355604 -8915.72678793562 -5371.025622539591 7757.833940044976 3003.444147361824
 5180.06357879254 -3276.942608693347 -10096.87470838319 11958.95487601607 6758.23990332977
 3204.485643281873 -6316.601808364054 -6068.739596027346 7674.543446885487 1512.302426132386
 1389.097614218897 -8639.55177742452 -6443.855773281908 10265.72369784989 3454.552045647862
 3069.186883280454 -6932.815978323069 -6616.08464653239 6858.316249444368 3656.422301383605
 3069.186883280454 -6932.815978323069 -6616.08464653239 6858.316249444368 3656.422301383605
 3069.186883280454 -6932.815978323069 -6616.08464653239 6858.316249444368 3656.422301383605
 3069.186883280454 -6932.815978323069 -6616.08464653239 6858.316249444368 3656.422301383605
 1389.097614218897 -8639.55177742452 -6443.855773281908 10265.72369784989 3454.552045647862
 3204.485643281873 -6316.601808364054 -6068.739596027346 7674.543446885487 1512.302426132386
 1389.097614218897 -8639.55177742452 -6443.855773281908 10265.72369784989 3454.552045647862
 3069.186883280454 -6932.815978323069 -6616.08464653239 6858.316249444368 3656.422301383605
 3069.186883280454 -6932.815978323069 -6616.08464653239 6858.316249444368 3656.422301383605
 1389.097614218897 -8639.55177742452 -6443.855773281908 10265.72369784989 3454.552045647862
 3069.186883280454 -6932.815978323069 -6616.08464653239 6858.316249444368 3656.422301383605
 192.4198032539714 -9081.756126777094 -6121.704014438558 10291.99486294155 3186.669728455548
 1389.097614218897 -8639.55177742452 -6443.855773281908 10265.72369784989 3454.552045647862
 -982.8469195514645 -7123.687959199464 -7959.33579302158 7551.704057279436 2532.788005830299
 3069.186883280454 -6932.815978323069 -6616.08464653239 6858.316249444368 3656.422301383605
 3069.186883280454 -6932.815978323069 -6616.08464653239 6858.316249444368 3656.422301383605
 3069.186883280454 -6932.815978323069 -6616.08464653239 6858.316249444368 3656.422301383605
 3204.485643281873 -6316.601808364054 -6068.739596027346 7674.543446885487 1512.302426132386
 3825.019710581123 -8927.399175058354 -6906.560724857734 8260.717712468737 3761.116614656092
 3069.186883280454 -6932.815978323069 -6616.08464653239 6858.316249444368 3656.422301383605
 -1373.136256664264 -8559.813109454086 -5735.814484804685 13572.27750365091 4249.002184164547
 3204.485643281873 -6316.601808364054 -6068.739596027346 7674.543446885487 1512.302426132386
 3825.019710581123 -8927.399175058354 -6906.560724857734 8260.717712468737 3761.116614656092
 2779.042689259514 -6974.584856139407 -5440.471861248222 5839.650123519417 3807.089287359832
 2779.042689259514 -6974.584856139407 -5440.471861248222 5839.650123519417 3807.089287359832
 3825.019710581123 -8927.399175058354 -6906.560724857734 8260.717712468737 3761.116614656092
 -12297.54858799433 -6376.405472663424 4915.496236684568 5012.258622019281 3396.081949561042
 1389.097614218897 -8639.55177742452 -6443.855773281908 10265.72369784989 3454.552045647862
 1389.097614218897 -8639.55177742452 -6443.855773281908 10265.72369784989 3454.552045647862
 1389.097614218897 -8639.55177742452 -6443.855773281908 10265.72369784989 3454.552045647862
 304.9901904509786 -8604.821144234789 -7204.291717738832 10449.45484073891 3095.772541877877
 1389.097614218897 -8639.55177742452 -6443.855773281908 10265.72369784989 3454.552045647862
 3825.019710581123 -8927.399175058354 -6906.560724857734 8260.717712468737 3761.116614656092
 1389.097614218897 -8639.55177742452 -6443.855773281908 10265.72369784989 3454.552045647862
 3204.485643281873 -6316.601808364054 -6068.739596027346 7674.543446885487 1512.302426132386
 3069.186883280454 -6932.815978323069 -6616.08464653239 6858.316249444368 3656.422301383605
 2531.38183352673 -3625.850831206544 -8674.30146558074 10190.25633652727 272.7881676884767
 2625.43012141227 -7879.299789448881 -5250.196796388555 10120.46146177056 3110.946369976841
 2686.885940136644 -7660.770219805278 -5779.792731225849 7169.785640066929 3965.993800130585
 3069.186883280454 -6932.815978323069 -6616.08464653239 6858.316249444368 3656.422301383605
 3069.186883280454 -6932.815978323069 -6616.08464653239 6858.316249444368 3656.422301383605
 2779.042689259514 -6974.584856139407 -5440.471861248222 5839.650123519417 3807.089287359832
 3565.268237868696 -5969.906247718747 -6283.001456755226 6741.56103968001 3144.88015289037
 3204.485643281873 -6316.601808364054 -6068.739596027346 7674.543446885487 1512.302426132386
 3825.019710581123 -8927.399175058354 -6906.560724857734 8260.717712468737 3761.116614656092
 3204.485643281873 -6316.601808364054 -6068.739596027346 7674.543446885487 1512.302426132386
 3204.485643281873 -6316.601808364054 -6068.739596027346 7674.543446885487 1512.302426132386
 2786.396181728217 -7012.632384698547 -6179.629208929963 6763.652077627761 4251.593678163313
 3204.485643281873 -6316.601808364054 -6068.739596027346 7674.543446885487 1512.302426132386
 1389.097614218897 -8639.55177742452 -6443.855773281908 10265.72369784989 3454.552045647862
 1976.103984917213 -8556.965286362461 -7577.80779883915 10400.7073216809 3153.5365056718
