# Created by Octave 4.2.1, Mon Oct 09 18:00:21 2017 BRT <root@mosqueiro>
# name: pop
# type: matrix
# rows: 1000
# columns: 5
 -16584.47031403668 35870.12889488583 1096.816005683022 -11943.11965679054 -8440.377026753715
 -16584.30744194428 35870.13822281636 1096.781431913272 -11943.26371378164 -8440.369653852535
 -16584.27964823567 35870.13385067733 1096.762057629937 -11943.28074121892 -8440.356434109868
 -16584.35348453646 35870.1555268953 1096.854061949198 -11943.31826680962 -8440.360755694468
 -16552.52100525646 36052.60045669337 968.7099074196243 -12215.84252593436 -8253.970122373335
 -16584.28824324533 35870.13456647299 1096.785424290624 -11943.28823917834 -8440.3669949741
 -16541.35189729916 35861.64367105984 1130.352668943631 -11932.17946253571 -8519.444158149401
 -16584.25895789137 35870.13370814357 1096.775052027102 -11943.29097662677 -8440.38228752851
 -16551.82661461685 36052.87187126886 967.8847593432466 -12216.58889065528 -8253.367572374675
 -16440.66668095958 35792.22065509105 1263.033591707289 -11961.76191536736 -8653.846039054139
 -16552.52100525646 36052.60045669337 968.7099074196243 -12215.84252593436 -8253.970122373335
 -16552.52100525646 36052.60045669337 968.7099074196243 -12215.84252593436 -8253.970122373335
 -16584.44396134105 35870.09416367874 1096.872731613291 -11943.17155777863 -8440.382116321189
 -16584.47031403668 35870.12889488583 1096.816005683022 -11943.11965679054 -8440.377026753715
 -16551.82661461685 36052.87187126886 967.8847593432466 -12216.58889065528 -8253.367572374675
 -16552.52100525646 36052.60045669337 968.7099074196243 -12215.84252593436 -8253.970122373335
 -16479.91715887022 36108.31090110444 886.3077403863341 -12267.88991861493 -8247.323615961577
 -16440.70603574662 35792.06607202841 1263.133378311612 -11961.63284470794 -8653.873355909514
 -16440.70603574662 35792.06607202841 1263.133378311612 -11961.63284470794 -8653.873355909514
 -16552.52100525646 36052.60045669337 968.7099074196243 -12215.84252593436 -8253.970122373335
 -16552.52100525646 36052.60045669337 968.7099074196243 -12215.84252593436 -8253.970122373335
 -16551.82661461685 36052.87187126886 967.8847593432466 -12216.58889065528 -8253.367572374675
 -16584.48122748989 35870.10627412136 1096.873183589336 -11943.15299229944 -8440.377314352869
 -16440.66668095958 35792.22065509105 1263.033591707289 -11961.76191536736 -8653.846039054139
 -16552.52100525646 36052.60045669337 968.7099074196243 -12215.84252593436 -8253.970122373335
 -16584.48122748989 35870.10627412136 1096.873183589336 -11943.15299229944 -8440.377314352869
 -16551.80838534392 36052.86291795157 967.8375876509004 -12216.60985070564 -8253.375161836755
 -16584.40662172381 35870.08494549433 1096.895575492045 -11943.20290897875 -8440.487044714198
 -16440.67506086781 35792.09215279631 1263.058746114204 -11961.61700747792 -8653.826285333293
 -16552.52100525646 36052.60045669337 968.7099074196243 -12215.84252593436 -8253.970122373335
 -16552.52100525646 36052.60045669337 968.7099074196243 -12215.84252593436 -8253.970122373335
 -16552.52100525646 36052.60045669337 968.7099074196243 -12215.84252593436 -8253.970122373335
 -16584.25895789137 35870.13370814357 1096.775052027102 -11943.29097662677 -8440.38228752851
 -16541.35189729916 35861.64367105984 1130.352668943631 -11932.17946253571 -8519.444158149401
 -16551.82661461685 36052.87187126886 967.8847593432466 -12216.58889065528 -8253.367572374675
 -16584.28824324533 35870.13456647299 1096.785424290624 -11943.28823917834 -8440.3669949741
 -16440.94590915664 35794.81085401756 1262.232273953581 -11964.65640022904 -8651.486288485172
 -16584.35348453646 35870.1555268953 1096.854061949198 -11943.31826680962 -8440.360755694468
 -16584.30744194428 35870.13822281636 1096.781431913272 -11943.26371378164 -8440.369653852535
 -16584.27503222192 35870.14566217178 1096.815727998297 -11943.33823007234 -8440.366697929046
 -16584.65463072457 35870.02935781921 1097.006280125647 -11943.0271703192 -8440.438838555261
 -16440.70603574662 35792.06607202841 1263.133378311612 -11961.63284470794 -8653.873355909514
 -16441.11073277978 35792.7289807994 1262.486951545777 -11961.806398661 -8653.131447905058
 -16440.70603574662 35792.06607202841 1263.133378311612 -11961.63284470794 -8653.873355909514
 -16584.27930885628 35870.12555236401 1096.769948419347 -11943.25447722846 -8440.378644150656
 -16584.48122748989 35870.10627412136 1096.873183589336 -11943.15299229944 -8440.377314352869
 -16552.52100525646 36052.60045669337 968.7099074196243 -12215.84252593436 -8253.970122373335
 -16584.28824324533 35870.13456647299 1096.785424290624 -11943.28823917834 -8440.3669949741
 -16552.52100525646 36052.60045669337 968.7099074196243 -12215.84252593436 -8253.970122373335
 -16584.28824324533 35870.13456647299 1096.785424290624 -11943.28823917834 -8440.3669949741
 -16552.52100525646 36052.60045669337 968.7099074196243 -12215.84252593436 -8253.970122373335
 -16441.11073277978 35792.7289807994 1262.486951545777 -11961.806398661 -8653.131447905058
 -16584.30744194428 35870.13822281636 1096.781431913272 -11943.26371378164 -8440.369653852535
 -16552.52100525646 36052.60045669337 968.7099074196243 -12215.84252593436 -8253.970122373335
 -16551.82661461685 36052.87187126886 967.8847593432466 -12216.58889065528 -8253.367572374675
 -16552.52100525646 36052.60045669337 968.7099074196243 -12215.84252593436 -8253.970122373335
 -16552.35502698667 36052.55529008015 968.5261133247868 -12215.53943127088 -8254.116781638757
 -16584.28824324533 35870.13456647299 1096.785424290624 -11943.28823917834 -8440.3669949741
 -16584.28824324533 35870.13456647299 1096.785424290624 -11943.28823917834 -8440.3669949741
 -16443.95882621981 35791.6838813647 1265.201560067094 -11956.62273493397 -8657.837106305826
 -16584.28824324533 35870.13456647299 1096.785424290624 -11943.28823917834 -8440.3669949741
 -16584.28824324533 35870.13456647299 1096.785424290624 -11943.28823917834 -8440.3669949741
 -16584.28824324533 35870.13456647299 1096.785424290624 -11943.28823917834 -8440.3669949741
 -16552.52100525646 36052.60045669337 968.7099074196243 -12215.84252593436 -8253.970122373335
 -16552.52100525646 36052.60045669337 968.7099074196243 -12215.84252593436 -8253.970122373335
 -16584.28824324533 35870.13456647299 1096.785424290624 -11943.28823917834 -8440.3669949741
 -16584.28824324533 35870.13456647299 1096.785424290624 -11943.28823917834 -8440.3669949741
 -16584.30744194428 35870.13822281636 1096.781431913272 -11943.26371378164 -8440.369653852535
 -16551.82661461685 36052.87187126886 967.8847593432466 -12216.58889065528 -8253.367572374675
 -16552.52100525646 36052.60045669337 968.7099074196243 -12215.84252593436 -8253.970122373335
 -16440.66668095958 35792.22065509105 1263.033591707289 -11961.76191536736 -8653.846039054139
 -16541.35189729916 35861.64367105984 1130.352668943631 -11932.17946253571 -8519.444158149401
 -16441.13033015947 35792.65113210821 1262.505101046444 -11961.83641754779 -8653.087733179318
 -16584.47031403668 35870.12889488583 1096.816005683022 -11943.11965679054 -8440.377026753715
 -16440.70603574662 35792.06607202841 1263.133378311612 -11961.63284470794 -8653.873355909514
 -16584.48122748989 35870.10627412136 1096.873183589336 -11943.15299229944 -8440.377314352869
 -16440.66668095958 35792.22065509105 1263.033591707289 -11961.76191536736 -8653.846039054139
 -16552.52100525646 36052.60045669337 968.7099074196243 -12215.84252593436 -8253.970122373335
 -16440.66668095958 35792.22065509105 1263.033591707289 -11961.76191536736 -8653.846039054139
 -16552.52100525646 36052.60045669337 968.7099074196243 -12215.84252593436 -8253.970122373335
 -16440.70603574662 35792.06607202841 1263.133378311612 -11961.63284470794 -8653.873355909514
 -16584.48122748989 35870.10627412136 1096.873183589336 -11943.15299229944 -8440.377314352869
 -16551.82661461685 36052.87187126886 967.8847593432466 -12216.58889065528 -8253.367572374675
 -16584.35348453646 35870.1555268953 1096.854061949198 -11943.31826680962 -8440.360755694468
