# Created by Octave 4.2.1, Mon Oct 09 18:34:34 2017 BRT <root@mosqueiro>
# name: pop
# type: matrix
# rows: 1000
# columns: 5
 -8159.716472747979 7452.657826101266 -9348.319574884814 7530.915947201678 2523.488975149219
 -8159.716472747979 7452.657826101266 -9348.319574884814 7530.915947201678 2523.488975149219
 -8159.716472747979 7452.657826101266 -9348.319574884814 7530.915947201678 2523.488975149219
 -8159.716472747979 7452.657826101266 -9348.319574884814 7530.915947201678 2523.488975149219
 -8159.716472747979 7452.657826101266 -9348.319574884814 7530.915947201678 2523.488975149219
 -8159.716472747979 7452.657826101266 -9348.319574884814 7530.915947201678 2523.488975149219
 -8159.488288556285 7452.574614893148 -9348.298803830025 7530.886131252041 2523.353762760844
 -8159.506151441584 7452.564921041992 -9348.321590313375 7530.90597757209 2523.383095869476
 -8159.716472747979 7452.657826101266 -9348.319574884814 7530.915947201678 2523.488975149219
 -8159.720123695667 7452.673718308587 -9348.301551340599 7530.880238319223 2523.504274016182
 -8159.716472747979 7452.657826101266 -9348.319574884814 7530.915947201678 2523.488975149219
 -8159.506151441584 7452.564921041992 -9348.321590313375 7530.90597757209 2523.383095869476
 -8159.506151441584 7452.564921041992 -9348.321590313375 7530.90597757209 2523.383095869476
 -8159.503037933085 7452.550787025451 -9348.319504471039 7530.917174197605 2523.383135067373
 -8159.503320999906 7452.550262570833 -9348.319351788861 7530.916463175695 2523.382933184041
 -8159.506151441584 7452.564921041992 -9348.321590313375 7530.90597757209 2523.383095869476
 -8159.458730353623 7452.575672174116 -9348.309955291817 7530.87980536855 2523.340589859069
 -8159.716472747979 7452.657826101266 -9348.319574884814 7530.915947201678 2523.488975149219
 -8159.716184936035 7452.656074496808 -9348.318784942456 7530.918476147762 2523.48700964141
 -8159.716472747979 7452.657826101266 -9348.319574884814 7530.915947201678 2523.488975149219
 -8159.716472747979 7452.657826101266 -9348.319574884814 7530.915947201678 2523.488975149219
 -8159.716472747979 7452.657826101266 -9348.319574884814 7530.915947201678 2523.488975149219
 -8159.716472747979 7452.657826101266 -9348.319574884814 7530.915947201678 2523.488975149219
 -8159.457995403225 7452.575277690781 -9348.310788973087 7530.880026698839 2523.34071872956
 -8159.503861263249 7452.549795082256 -9348.322395400319 7530.917046351314 2523.385964879159
 -8159.462778359471 7452.581300381402 -9348.310084668186 7530.875298693357 2523.34178139627
 -8159.425379530951 7452.553068726208 -9348.292017867569 7530.903092688758 2523.288980936046
 -8159.458965179448 7452.573753003967 -9348.304634990787 7530.870664363008 2523.345566355419
 -8159.503667421486 7452.549628784824 -9348.318478750356 7530.916318114495 2523.382462789111
 -8159.498772893978 7452.566233466458 -9348.316538799398 7530.938493973923 2523.332405297356
 -8159.417079416852 7452.566726195614 -9348.30401370351 7530.898263967886 2523.283317552202
 -8159.458250395956 7452.575371880208 -9348.310318219474 7530.87972367268 2523.34089925827
 -8159.500704474723 7452.554418952471 -9348.315075868928 7530.912223615664 2523.374393324208
 -8159.500869713616 7452.554040965341 -9348.314085809689 7530.909708413109 2523.370943304651
 -8159.5030069133 7452.555639758586 -9348.309377438829 7530.911231517393 2523.371102397376
 -8159.502195161221 7452.55621422796 -9348.314777806763 7530.919783792398 2523.36797742646
 -8159.716472747979 7452.657826101266 -9348.319574884814 7530.915947201678 2523.488975149219
 -8159.5030069133 7452.555639758586 -9348.309377438829 7530.911231517393 2523.371102397376
 -8159.503320999906 7452.550262570833 -9348.319351788861 7530.916463175695 2523.382933184041
 -8159.458250395956 7452.575371880208 -9348.310318219474 7530.87972367268 2523.34089925827
 -8159.458007584822 7452.575593814335 -9348.310758445179 7530.879269944458 2523.340738424589
 -8159.503320999906 7452.550262570833 -9348.319351788861 7530.916463175695 2523.382933184041
 -8159.502289119435 7452.556240115369 -9348.314230865362 7530.919919034066 2523.368065342187
 -8159.503476018523 7452.552904310889 -9348.31583723009 7530.913948510467 2523.382095986112
 -8159.717258996163 7452.669018395067 -9348.327933682269 7530.907477076157 2523.495847796848
 -8159.716472747979 7452.657826101266 -9348.319574884814 7530.915947201678 2523.488975149219
 -8159.458250395956 7452.575371880208 -9348.310318219474 7530.87972367268 2523.34089925827
 -8159.502802036769 7452.550351147939 -9348.318949440254 7530.91654405087 2523.382631259654
 -8159.503320999906 7452.550262570833 -9348.319351788861 7530.916463175695 2523.382933184041
 -7070.718798437011 7345.374518618505 -9917.774773508258 7559.632553015757 2082.534496794523
 -8159.710471144622 7452.654549721035 -9348.321174423947 7530.913866503251 2523.490909882814
 -8159.458250395956 7452.575371880208 -9348.310318219474 7530.87972367268 2523.34089925827
 -8159.503320999906 7452.550262570833 -9348.319351788861 7530.916463175695 2523.382933184041
 -8159.502195161221 7452.55621422796 -9348.314777806763 7530.919783792398 2523.36797742646
 -8159.716472747979 7452.657826101266 -9348.319574884814 7530.915947201678 2523.488975149219
 -8159.716472747979 7452.657826101266 -9348.319574884814 7530.915947201678 2523.488975149219
 -8159.716472747979 7452.657826101266 -9348.319574884814 7530.915947201678 2523.488975149219
 -8159.506180372084 7452.56508253108 -9348.32134649913 7530.904971209542 2523.383370080153
 -8159.719707918466 7452.668946026674 -9348.310053630652 7530.903934796901 2523.483885525389
 -8159.503861263249 7452.549795082256 -9348.322395400319 7530.917046351314 2523.385964879159
 -8159.716472747979 7452.657826101266 -9348.319574884814 7530.915947201678 2523.488975149219
 -8159.500321517505 7452.552681578668 -9348.316781880487 7530.912557951257 2523.375134969301
 -8159.503320999906 7452.550262570833 -9348.319351788861 7530.916463175695 2523.382933184041
 -8159.716472747979 7452.657826101266 -9348.319574884814 7530.915947201678 2523.488975149219
 -8159.425379530951 7452.553068726208 -9348.292017867569 7530.903092688758 2523.288980936046
 -8159.717258996163 7452.669018395067 -9348.327933682269 7530.907477076157 2523.495847796848
 -8159.425379530951 7452.553068726208 -9348.292017867569 7530.903092688758 2523.288980936046
 -8159.716472747979 7452.657826101266 -9348.319574884814 7530.915947201678 2523.488975149219
 -8159.502518857518 7452.549912104737 -9348.318014586854 7530.915314564949 2523.382951199657
 -8159.716472747979 7452.657826101266 -9348.319574884814 7530.915947201678 2523.488975149219
 -8159.503320999906 7452.550262570833 -9348.319351788861 7530.916463175695 2523.382933184041
 -8159.719707918466 7452.668946026674 -9348.310053630652 7530.903934796901 2523.483885525389
 -8159.503320999906 7452.550262570833 -9348.319351788861 7530.916463175695 2523.382933184041
 -8159.497837379237 7452.556675163131 -9348.31444570333 7530.91199299586 2523.371286922267
 -8159.488288556285 7452.574614893148 -9348.298803830025 7530.886131252041 2523.353762760844
 -8159.716472747979 7452.657826101266 -9348.319574884814 7530.915947201678 2523.488975149219
 -8159.506151441584 7452.564921041992 -9348.321590313375 7530.90597757209 2523.383095869476
 -8159.500704474723 7452.554418952471 -9348.315075868928 7530.912223615664 2523.374393324208
 -8159.458965179448 7452.573753003967 -9348.304634990787 7530.870664363008 2523.345566355419
 -8159.488288556285 7452.574614893148 -9348.298803830025 7530.886131252041 2523.353762760844
 -8159.506151441584 7452.564921041992 -9348.321590313375 7530.90597757209 2523.383095869476
 -8159.726658239339 7452.675582947621 -9348.301937884329 7530.878238057283 2523.502508315878
 -8159.503320999906 7452.550262570833 -9348.319351788861 7530.916463175695 2523.382933184041
 -8159.458226873841 7452.574760420127 -9348.310045383885 7530.879547842963 2523.340602500317
 -8159.458250395956 7452.575371880208 -9348.310318219474 7530.87972367268 2523.34089925827
