# Created by Octave 4.2.1, Mon Oct 09 18:00:59 2017 BRT <root@mosqueiro>
# name: pop
# type: matrix
# rows: 1000
# columns: 5
 -16584.47085704733 35870.1249922801 1096.822316395505 -11943.11896557039 -8440.379445128929
 -16440.66466476779 35792.22160315639 1263.031522972161 -11961.76369661622 -8653.846781783424
 -16584.27922593789 35870.11277135542 1096.788876404562 -11943.28489367331 -8440.35933315116
 -16584.27922593789 35870.11277135542 1096.788876404562 -11943.28489367331 -8440.35933315116
 -16584.27922593789 35870.11277135542 1096.788876404562 -11943.28489367331 -8440.35933315116
 -16584.27922593789 35870.11277135542 1096.788876404562 -11943.28489367331 -8440.35933315116
 -16552.52100525646 36052.60045669337 968.7099074196243 -12215.84252593436 -8253.970122373335
 -16440.66668095958 35792.22065509105 1263.033591707289 -11961.76191536736 -8653.846039054139
 -16584.30744194428 35870.13822281636 1096.781431913272 -11943.26371378164 -8440.369653852535
 -16584.27941715046 35870.11185424111 1096.79104072447 -11943.28503624913 -8440.357490283872
 -16584.28824324533 35870.13456647299 1096.785424290624 -11943.28823917834 -8440.3669949741
 -16584.47031403668 35870.12889488583 1096.816005683022 -11943.11965679054 -8440.377026753715
 -16584.17784209511 35870.1282089816 1096.720680053082 -11943.32751747504 -8440.380375181196
 -16440.71985434492 35792.07009129239 1263.140164084118 -11961.63202212115 -8653.879652167623
 -16584.28824324533 35870.13456647299 1096.785424290624 -11943.28823917834 -8440.3669949741
 -16552.52100525646 36052.60045669337 968.7099074196243 -12215.84252593436 -8253.970122373335
 -16581.81002146789 35871.64764967701 1095.090075149343 -11948.81759522462 -8436.803044038072
 -16552.52100525646 36052.60045669337 968.7099074196243 -12215.84252593436 -8253.970122373335
 -16584.2572175615 35870.13219379877 1096.78661719821 -11943.28245882181 -8440.358093494815
 -16441.11073277978 35792.7289807994 1262.486951545777 -11961.806398661 -8653.131447905058
 -16584.48122748989 35870.10627412136 1096.873183589336 -11943.15299229944 -8440.377314352869
 -16584.30744194428 35870.13822281636 1096.781431913272 -11943.26371378164 -8440.369653852535
 -16584.34310257478 35870.13094145647 1096.846223003561 -11943.32051820645 -8440.351774189268
 -16440.6677634547 35792.22121130009 1263.027562776452 -11961.75559823319 -8653.844921407934
 -16584.27922593789 35870.11277135542 1096.788876404562 -11943.28489367331 -8440.35933315116
 -16584.2905514055 35870.13119090388 1096.782558575057 -11943.29210065634 -8440.37041361708
 -16584.47031403668 35870.12889488583 1096.816005683022 -11943.11965679054 -8440.377026753715
 -16552.52100525646 36052.60045669337 968.7099074196243 -12215.84252593436 -8253.970122373335
 -16584.29165162297 35870.13408106908 1096.783819476988 -11943.29012710869 -8440.370213763172
 -16552.52100525646 36052.60045669337 968.7099074196243 -12215.84252593436 -8253.970122373335
 -16440.70603574662 35792.06607202841 1263.133378311612 -11961.63284470794 -8653.873355909514
 -16552.52100525646 36052.60045669337 968.7099074196243 -12215.84252593436 -8253.970122373335
 -16440.70506369718 35792.05989940029 1263.138410654902 -11961.63467420295 -8653.868348003327
 -16584.35076084776 35870.15832699984 1096.856783050049 -11943.32491273101 -8440.362620398806
 -16584.30285362349 35870.13976317104 1096.775946539103 -11943.29042146201 -8440.352320315809
 -16584.35348453646 35870.1555268953 1096.854061949198 -11943.31826680962 -8440.360755694468
 -16584.27922593789 35870.11277135542 1096.788876404562 -11943.28489367331 -8440.35933315116
 -16440.66668095958 35792.22065509105 1263.033591707289 -11961.76191536736 -8653.846039054139
 -16584.47031403668 35870.12889488583 1096.816005683022 -11943.11965679054 -8440.377026753715
 -16552.51756927855 36052.59855773643 968.7132842476481 -12215.85347741788 -8253.972335651997
 -16584.30744194428 35870.13822281636 1096.781431913272 -11943.26371378164 -8440.369653852535
 -16552.52100525646 36052.60045669337 968.7099074196243 -12215.84252593436 -8253.970122373335
 -16552.52100525646 36052.60045669337 968.7099074196243 -12215.84252593436 -8253.970122373335
 -16584.30744194428 35870.13822281636 1096.781431913272 -11943.26371378164 -8440.369653852535
 -16584.27922593789 35870.11277135542 1096.788876404562 -11943.28489367331 -8440.35933315116
 -16584.48122748989 35870.10627412136 1096.873183589336 -11943.15299229944 -8440.377314352869
 -16584.47031403668 35870.12889488583 1096.816005683022 -11943.11965679054 -8440.377026753715
 -16551.82466904432 36052.87153646688 967.881677427123 -12216.59285331753 -8253.374050078171
 -16584.48122748989 35870.10627412136 1096.873183589336 -11943.15299229944 -8440.377314352869
 -16552.53093320982 36052.59944653693 968.7136342911743 -12215.83839086314 -8253.963658190569
 -16584.27922593789 35870.11277135542 1096.788876404562 -11943.28489367331 -8440.35933315116
 -16584.47031403668 35870.12889488583 1096.816005683022 -11943.11965679054 -8440.377026753715
 -16584.47031403668 35870.12889488583 1096.816005683022 -11943.11965679054 -8440.377026753715
 -16440.8672569313 35791.93503266438 1263.20730783655 -11961.59127965711 -8653.688609245624
 -16440.66668095958 35792.22065509105 1263.033591707289 -11961.76191536736 -8653.846039054139
 -16552.52100525646 36052.60045669337 968.7099074196243 -12215.84252593436 -8253.970122373335
 -16584.47031403668 35870.12889488583 1096.816005683022 -11943.11965679054 -8440.377026753715
 -16584.30744194428 35870.13822281636 1096.781431913272 -11943.26371378164 -8440.369653852535
 -16584.27680618097 35870.09629070021 1096.786615989972 -11943.29092147389 -8440.393828094189
 -16551.85472554011 36052.83259896041 967.9026094405915 -12216.5520503776 -8253.35538276998
 -16551.8318267819 36052.87887953667 967.8691933883033 -12216.57598283941 -8253.360673679425
 -16552.51774390456 36052.60230565236 968.6871218813644 -12215.86270298037 -8253.971088787337
 -16584.48692553698 35870.10574704826 1096.872995696222 -11943.15463123463 -8440.380182483063
 -16584.28824324533 35870.13456647299 1096.785424290624 -11943.28823917834 -8440.3669949741
 -16440.66466476779 35792.22160315639 1263.031522972161 -11961.76369661622 -8653.846781783424
 -16440.71912588506 35792.06478741408 1263.138197339012 -11961.63077876256 -8653.873884170485
 -16440.66668095958 35792.22065509105 1263.033591707289 -11961.76191536736 -8653.846039054139
 -16584.47031403668 35870.12889488583 1096.816005683022 -11943.11965679054 -8440.377026753715
 -16584.47031403668 35870.12889488583 1096.816005683022 -11943.11965679054 -8440.377026753715
 -16584.47031403668 35870.12889488583 1096.816005683022 -11943.11965679054 -8440.377026753715
 -16584.06081991936 35870.01464583226 1096.808173954146 -11943.03920809371 -8440.74722217596
 -16584.27922593789 35870.11277135542 1096.788876404562 -11943.28489367331 -8440.35933315116
 -16584.27964823567 35870.13385067733 1096.762057629937 -11943.28074121892 -8440.356434109868
 -16551.82334357603 36052.87936887754 967.8835838667137 -12216.58791354878 -8253.368374032369
 -16584.27964823567 35870.13385067733 1096.762057629937 -11943.28074121892 -8440.356434109868
 -16552.52100525646 36052.60045669337 968.7099074196243 -12215.84252593436 -8253.970122373335
 -16552.52100525646 36052.60045669337 968.7099074196243 -12215.84252593436 -8253.970122373335
 -16584.27964823567 35870.13385067733 1096.762057629937 -11943.28074121892 -8440.356434109868
 -16584.47085704733 35870.1249922801 1096.822316395505 -11943.11896557039 -8440.379445128929
 -16551.82661461685 36052.87187126886 967.8847593432466 -12216.58889065528 -8253.367572374675
 -16584.36922459704 35870.17197856863 1096.783245993176 -11943.36983086673 -8440.308309018141
 -16584.27922593789 35870.11277135542 1096.788876404562 -11943.28489367331 -8440.35933315116
 -16552.52100525646 36052.60045669337 968.7099074196243 -12215.84252593436 -8253.970122373335
 -16584.47031403668 35870.12889488583 1096.816005683022 -11943.11965679054 -8440.377026753715
