# Created by Octave 4.2.1, Mon Oct 09 17:49:48 2017 BRT <root@mosqueiro>
# name: pop
# type: matrix
# rows: 1000
# columns: 5
 -6656.268131236139 6353.222260248825 3061.895208913224 6774.301502112063 -9499.130554024872
 -6656.268131236139 6353.222260248825 3061.895208913224 6774.301502112063 -9499.130554024872
 -6656.268131236139 6353.222260248825 3061.895208913224 6774.301502112063 -9499.130554024872
 -6656.268131236139 6353.222260248825 3061.895208913224 6774.301502112063 -9499.130554024872
 -6656.268131236139 6353.222260248825 3061.895208913224 6774.301502112063 -9499.130554024872
 2189.275698450754 7486.643707972991 -7553.725904363424 -7579.595443678952 5364.551351861375
 -6656.268131236139 6353.222260248825 3061.895208913224 6774.301502112063 -9499.130554024872
 41816.36335957639 -2608.075384487271 49154.09377241794 -2707.802594351111 -32690.55462382937
 6364.127891700844 -240.8988692430539 -5508.290578057798 8766.757618954809 -9322.858562785259
 17373.00975758791 13824.80192665567 -22515.83322243882 19598.73786693948 -25632.04293527221
 -6656.268131236139 6353.222260248825 3061.895208913224 6774.301502112063 -9499.130554024872
 -5808.434348575814 -1713.071630695589 -3090.901980578113 8858.37419516626 6946.391670639539
 -6656.268131236139 6353.222260248825 3061.895208913224 6774.301502112063 -9499.130554024872
 2997.632226412197 27841.59376417449 -192.5840939665104 -21692.66256368639 10601.8870697675
 -6656.268131236139 6353.222260248825 3061.895208913224 6774.301502112063 -9499.130554024872
 -6656.268131236139 6353.222260248825 3061.895208913224 6774.301502112063 -9499.130554024872
 -6656.268131236139 6353.222260248825 3061.895208913224 6774.301502112063 -9499.130554024872
 -6656.268131236139 6353.222260248825 3061.895208913224 6774.301502112063 -9499.130554024872
 6364.127891700844 -240.8988692430539 -5508.290578057798 8766.757618954809 -9322.858562785259
 6364.127891700844 -240.8988692430539 -5508.290578057798 8766.757618954809 -9322.858562785259
 643.6426344210304 3243.188777532472 3097.840310482103 -7478.408067512806 6156.213815302081
 -6656.268131236139 6353.222260248825 3061.895208913224 6774.301502112063 -9499.130554024872
 -6656.268131236139 6353.222260248825 3061.895208913224 6774.301502112063 -9499.130554024872
 8504.820708747433 -3266.299039780335 -4930.563767277422 1519.835391918037 -1844.611367073909
 6364.127891700844 -240.8988692430539 -5508.290578057798 8766.757618954809 -9322.858562785259
 -8074.646740494936 4311.993894618465 7332.477663066536 7654.83688253037 -1391.243883603573
 -24891.44145470214 5871.093855762297 13049.34242216023 -4785.368037706898 -24315.45547275265
 -2414.363282377113 -8218.254152526752 3604.000605923229 6664.97002484593 325.0701981889652
 -2414.363282377113 -8218.254152526752 3604.000605923229 6664.97002484593 325.0701981889652
 -6656.268131236139 6353.222260248825 3061.895208913224 6774.301502112063 -9499.130554024872
 -214.0961989953937 -1456.977670591623 24961.98454887389 7487.485646685089 1263.798290134602
 6979.874429085365 -5900.441756020989 3680.404262405287 4565.440739607267 -9185.532364400988
 6248.355997132909 5838.665734978758 -7042.250195374041 -2588.612168040566 8431.74833870546
 -4625.921991238505 2978.007912238041 4130.770291066068 -4271.704004716314 3414.825300334647
 -9416.814656228727 8923.72496278019 -6296.072903888385 6649.288341595795 -73.79851748131659
 -3406.622378985478 -6873.749708866416 -918.3351650026525 8453.820521919843 2077.540440373848
 8504.820708747433 -3266.299039780335 -4930.563767277422 1519.835391918037 -1844.611367073909
 -5203.140077866807 171.5888876486388 -4936.629687922632 2657.218898716668 8300.632333476507
 -6656.268131236139 6353.222260248825 3061.895208913224 6774.301502112063 -9499.130554024872
 214.9462185467964 -11626.11147992972 -20116.79494290815 -1934.851768651884 33503.74188884325
 -3406.622378985478 -6873.749708866416 -918.3351650026525 8453.820521919843 2077.540440373848
 -6656.268131236139 6353.222260248825 3061.895208913224 6774.301502112063 -9499.130554024872
 -2426.915693093065 -3995.450696088941 -98.80501242926584 955.0727220272129 -9616.043995888496
 6455.275640666914 -3175.451342289687 -7857.515137841808 -1509.001470211337 7954.894908144335
 4433.565002718734 -23642.22037368024 -34947.73050008314 26645.04326569039 35764.80133921737
 -6656.268131236139 6353.222260248825 3061.895208913224 6774.301502112063 -9499.130554024872
 -9742.177575734479 2613.502148915741 3932.274561087814 -76.4583381180073 3940.446146528911
 -3130.498042393194 -7719.503642954325 -1851.061756266822 4522.213934612664 8123.091467376813
 6364.127891700844 -240.8988692430539 -5508.290578057798 8766.757618954809 -9322.858562785259
 6364.127891700844 -240.8988692430539 -5508.290578057798 8766.757618954809 -9322.858562785259
 -6656.268131236139 6353.222260248825 3061.895208913224 6774.301502112063 -9499.130554024872
 -6656.268131236139 6353.222260248825 3061.895208913224 6774.301502112063 -9499.130554024872
 6200.419548527102 6961.960237053975 49313.37464030219 53507.13437375462 -1714.820433040333
 -6656.268131236139 6353.222260248825 3061.895208913224 6774.301502112063 -9499.130554024872
 -6656.268131236139 6353.222260248825 3061.895208913224 6774.301502112063 -9499.130554024872
 4923.918664872514 -6846.283380525335 -25054.08701265376 2784.232914922905 9182.406221787147
 6364.127891700844 -240.8988692430539 -5508.290578057798 8766.757618954809 -9322.858562785259
 -673.4561733299142 6152.981242098398 -8197.276040145845 6847.19721031818 -2848.036336127569
 6003.935298049793 -4491.578442112406 -5769.576554142554 3260.128699291656 1525.741921108705
 -6656.268131236139 6353.222260248825 3061.895208913224 6774.301502112063 -9499.130554024872
 -6656.268131236139 6353.222260248825 3061.895208913224 6774.301502112063 -9499.130554024872
 -6656.268131236139 6353.222260248825 3061.895208913224 6774.301502112063 -9499.130554024872
 -270.4461389982121 -14058.34115834896 62.28714101545529 18639.07087690475 7902.617063259791
 25593.53766352367 17363.22216258992 19818.49228949808 16352.00938217911 44308.50429088141
 -6656.268131236139 6353.222260248825 3061.895208913224 6774.301502112063 -9499.130554024872
 -6656.268131236139 6353.222260248825 3061.895208913224 6774.301502112063 -9499.130554024872
 6364.127891700844 -240.8988692430539 -5508.290578057798 8766.757618954809 -9322.858562785259
 8504.820708747433 -3266.299039780335 -4930.563767277422 1519.835391918037 -1844.611367073909
 -6656.268131236139 6353.222260248825 3061.895208913224 6774.301502112063 -9499.130554024872
 -37497.14578648667 -5751.044067480121 -31602.49740267764 -18503.4476301627 5910.40231367313
 2079.384861799467 -375.586301777457 1465.459095940809 -24880.1729826302 8579.670706912693
 -6656.268131236139 6353.222260248825 3061.895208913224 6774.301502112063 -9499.130554024872
 -6656.268131236139 6353.222260248825 3061.895208913224 6774.301502112063 -9499.130554024872
 -6656.268131236139 6353.222260248825 3061.895208913224 6774.301502112063 -9499.130554024872
 -6656.268131236139 6353.222260248825 3061.895208913224 6774.301502112063 -9499.130554024872
 -18805.51384805043 3284.922967888344 -4713.566836597734 25057.57305132987 5170.254346106602
 -7279.359972413187 2800.380213523544 -8144.351758086643 4922.36142608292 8483.831087915984
 -27644.52011706601 -10422.18035477876 28638.86400741828 23641.70059599012 -43473.24507203847
 -3130.498042393194 -7719.503642954325 -1851.061756266822 4522.213934612664 8123.091467376813
 -6656.268131236139 6353.222260248825 3061.895208913224 6774.301502112063 -9499.130554024872
 -6656.268131236139 6353.222260248825 3061.895208913224 6774.301502112063 -9499.130554024872
 -10484.20873416019 2427.356829397317 -14617.77610045025 -32180.3247061281 21992.23169111906
 -6656.268131236139 6353.222260248825 3061.895208913224 6774.301502112063 -9499.130554024872
 -8964.718725833603 -3519.006331547584 8842.154279737657 280.8486756372422 4492.188130364408
