# Created by Octave 4.2.1, Mon Oct 09 18:47:26 2017 BRT <root@mosqueiro>
# name: pop
# type: matrix
# rows: 1000
# columns: 5
 9081.926996880327 -7534.193125914137 1008.441673114951 -5823.708184043399 3266.869812548241
 9075.608202444577 -7496.719111126255 982.3712355178435 -5880.24721320879 3318.244409368437
 9081.826905929976 -7495.533697558923 973.7737481486064 -5877.094469542196 3316.255136089564
 9082.765933897987 -7498.378756661972 980.8182017248783 -5881.845737117307 3316.093229840315
 9082.765933897987 -7498.378756661972 980.8182017248783 -5881.845737117307 3316.093229840315
 9081.926996880327 -7534.193125914137 1008.441673114951 -5823.708184043399 3266.869812548241
 9076.38850936006 -7538.068005398149 1010.506486489939 -5819.122642229347 3270.641809113035
 8880.220450181374 -7486.913324194432 904.1496213184646 -5687.562379327605 3428.211337034556
 9082.765933897987 -7498.378756661972 980.8182017248783 -5881.845737117307 3316.093229840315
 9081.926996880327 -7534.193125914137 1008.441673114951 -5823.708184043399 3266.869812548241
 10035.25054310659 -3534.951076380134 -1172.753563447459 -6354.865695934933 1027.326295033131
 9082.765933897987 -7498.378756661972 980.8182017248783 -5881.845737117307 3316.093229840315
 9076.38850936006 -7538.068005398149 1010.506486489939 -5819.122642229347 3270.641809113035
 8876.896463194693 -7487.686075415327 896.6694813745015 -5701.293428121754 3416.903298908687
 9082.765933897987 -7498.378756661972 980.8182017248783 -5881.845737117307 3316.093229840315
 9073.200139296967 -7500.231815876902 984.0257907356312 -5869.040766824423 3323.752206411579
 10035.25054310659 -3534.951076380134 -1172.753563447459 -6354.865695934933 1027.326295033131
 9076.38850936006 -7538.068005398149 1010.506486489939 -5819.122642229347 3270.641809113035
 9076.38850936006 -7538.068005398149 1010.506486489939 -5819.122642229347 3270.641809113035
 9082.306613954403 -7499.853772460407 975.7435315358299 -5883.977700657583 3315.542987307085
 9082.765933897987 -7498.378756661972 980.8182017248783 -5881.845737117307 3316.093229840315
 9082.765933897987 -7498.378756661972 980.8182017248783 -5881.845737117307 3316.093229840315
 9082.765933897987 -7498.378756661972 980.8182017248783 -5881.845737117307 3316.093229840315
 9082.765933897987 -7498.378756661972 980.8182017248783 -5881.845737117307 3316.093229840315
 9082.765933897987 -7498.378756661972 980.8182017248783 -5881.845737117307 3316.093229840315
 9082.765933897987 -7498.378756661972 980.8182017248783 -5881.845737117307 3316.093229840315
 9076.38850936006 -7538.068005398149 1010.506486489939 -5819.122642229347 3270.641809113035
 9076.38850936006 -7538.068005398149 1010.506486489939 -5819.122642229347 3270.641809113035
 9082.765933897987 -7498.378756661972 980.8182017248783 -5881.845737117307 3316.093229840315
 9082.765933897987 -7498.378756661972 980.8182017248783 -5881.845737117307 3316.093229840315
 10035.25054310659 -3534.951076380134 -1172.753563447459 -6354.865695934933 1027.326295033131
 9082.765933897987 -7498.378756661972 980.8182017248783 -5881.845737117307 3316.093229840315
 9076.38850936006 -7538.068005398149 1010.506486489939 -5819.122642229347 3270.641809113035
 9082.765933897987 -7498.378756661972 980.8182017248783 -5881.845737117307 3316.093229840315
 10035.25054310659 -3534.951076380134 -1172.753563447459 -6354.865695934933 1027.326295033131
 9082.765933897987 -7498.378756661972 980.8182017248783 -5881.845737117307 3316.093229840315
 9082.765933897987 -7498.378756661972 980.8182017248783 -5881.845737117307 3316.093229840315
 9082.765933897987 -7498.378756661972 980.8182017248783 -5881.845737117307 3316.093229840315
 10020.69659662015 -3534.953701622277 -1181.064380536687 -6337.435742375596 1037.612916455149
 9082.765933897987 -7498.378756661972 980.8182017248783 -5881.845737117307 3316.093229840315
 9082.765933897987 -7498.378756661972 980.8182017248783 -5881.845737117307 3316.093229840315
 8922.702998000088 -7455.796799074737 888.4278230284087 -5708.122360596728 3412.570167076461
 9081.767692211042 -7498.010761380216 976.8739938133619 -5885.623235296775 3312.825623014865
 9079.739852731745 -7499.152850887862 982.5507358026067 -5878.607641337357 3318.008998513496
 9082.765933897987 -7498.378756661972 980.8182017248783 -5881.845737117307 3316.093229840315
 9082.765933897987 -7498.378756661972 980.8182017248783 -5881.845737117307 3316.093229840315
 8868.874787274852 -7475.253460142804 913.4679217039251 -5696.455858785871 3403.53507190986
 8890.916921766386 -7450.9469996292 899.3220207237604 -5713.068796936214 3369.599815210437
 9946.710986178246 -3713.372022847215 -996.4070855104468 -6321.183563679647 1084.298594965864
 10020.69659662015 -3534.953701622277 -1181.064380536687 -6337.435742375596 1037.612916455149
 9085.232063615607 -7500.40287985365 984.1860361296413 -5883.153691483481 3316.300632242885
 10003.76381617822 -3510.063259577827 -1201.056372636213 -6392.031814024347 1056.971755529838
 10038.17721597275 -3536.662706810497 -1170.100795038683 -6356.115672611982 1024.315247972503
 9081.826905929976 -7495.533697558923 973.7737481486064 -5877.094469542196 3316.255136089564
 9081.926996880327 -7534.193125914137 1008.441673114951 -5823.708184043399 3266.869812548241
 10036.30603081957 -3548.908738929796 -1177.483092317401 -6334.155240988734 1040.475988689042
 9082.765933897987 -7498.378756661972 980.8182017248783 -5881.845737117307 3316.093229840315
 9073.760112834379 -7542.469455726601 1005.218892758618 -5823.054873218236 3265.527515860899
 9946.710986178246 -3713.372022847215 -996.4070855104468 -6321.183563679647 1084.298594965864
 9946.710986178246 -3713.372022847215 -996.4070855104468 -6321.183563679647 1084.298594965864
 9082.748649038327 -7488.160605774088 987.2807162186131 -5886.590463473983 3320.808750942445
 9082.765933897987 -7498.378756661972 980.8182017248783 -5881.845737117307 3316.093229840315
 9082.765933897987 -7498.378756661972 980.8182017248783 -5881.845737117307 3316.093229840315
 8878.490280653166 -7481.251636722786 901.8523351525404 -5700.708049618951 3403.428086171573
 9080.065469428351 -7498.167386960028 971.4344672145074 -5876.658949846109 3322.343330237442
 10038.17721597275 -3536.662706810497 -1170.100795038683 -6356.115672611982 1024.315247972503
 9082.765933897987 -7498.378756661972 980.8182017248783 -5881.845737117307 3316.093229840315
 9081.826905929976 -7495.533697558923 973.7737481486064 -5877.094469542196 3316.255136089564
 8868.691620749556 -7471.676667580983 917.6439928715073 -5696.749334583903 3382.300869954235
 8878.490280653166 -7481.251636722786 901.8523351525404 -5700.708049618951 3403.428086171573
 9082.765933897987 -7498.378756661972 980.8182017248783 -5881.845737117307 3316.093229840315
 9082.765933897987 -7498.378756661972 980.8182017248783 -5881.845737117307 3316.093229840315
 9082.765933897987 -7498.378756661972 980.8182017248783 -5881.845737117307 3316.093229840315
 9082.765933897987 -7498.378756661972 980.8182017248783 -5881.845737117307 3316.093229840315
 9082.765933897987 -7498.378756661972 980.8182017248783 -5881.845737117307 3316.093229840315
 9076.38850936006 -7538.068005398149 1010.506486489939 -5819.122642229347 3270.641809113035
 9076.38850936006 -7538.068005398149 1010.506486489939 -5819.122642229347 3270.641809113035
 8876.51395064142 -7476.960952378221 904.4303127455954 -5697.204799672937 3403.709656274496
 8878.490280653166 -7481.251636722786 901.8523351525404 -5700.708049618951 3403.428086171573
 10041.77664609067 -3545.880428558399 -1162.049726544014 -6357.207615355555 1005.463258710051
 8901.708120610043 -7480.558738396057 886.31244187193 -5689.32891125154 3408.28680272655
 8878.490280653166 -7481.251636722786 901.8523351525404 -5700.708049618951 3403.428086171573
 9082.765933897987 -7498.378756661972 980.8182017248783 -5881.845737117307 3316.093229840315
 9087.906387460785 -7494.16078357256 977.0078037888341 -5885.073133072957 3312.213990915767
