# Created by Octave 4.2.1, Mon Oct 09 17:48:50 2017 BRT <root@mosqueiro>
# name: pop
# type: matrix
# rows: 1000
# columns: 5
 -6656.268131236139 6353.222260248825 3061.895208913224 6774.301502112063 -9499.130554024872
 -6656.268131236139 6353.222260248825 3061.895208913224 6774.301502112063 -9499.130554024872
 -6656.268131236139 6353.222260248825 3061.895208913224 6774.301502112063 -9499.130554024872
 -6656.268131236139 6353.222260248825 3061.895208913224 6774.301502112063 -9499.130554024872
 -6656.268131236139 6353.222260248825 3061.895208913224 6774.301502112063 -9499.130554024872
 -7312.845199753403 7440.595174130125 7036.78841538366 -1762.839687868067 -1803.268087549666
 -542.3722581336551 -3728.013572493694 9006.08893474823 -7261.161428096027 4527.488201857255
 -1851.609273059835 3861.183148344346 -1938.328727292032 2353.922493738708 -2125.485917787232
 -8305.156789856284 -863.64687632184 -8748.867555075312 -3863.310408329966 -5814.216131051998
 -5001.702296768148 15233.16934830062 -7716.048437175003 -7431.705364954898 -5446.908531797546
 -6656.268131236139 6353.222260248825 3061.895208913224 6774.301502112063 -9499.130554024872
 -1605.194932468448 -4486.662394878605 6197.448060972854 2049.47732691855 -9968.126523765037
 2189.275698450754 7486.643707972991 -7553.725904363424 -7579.595443678952 5364.551351861375
 -6472.307735446071 -24910.11234648306 -7960.029797578063 6739.577123142804 -16518.30176162325
 -8044.044154125293 2167.350025567039 1758.835292974323 1742.734880495542 5281.852550062287
 -8364.21089080262 5762.937590801906 -4993.850301690664 -6781.010314925323 -9124.869442548741
 -35449.25598614881 14289.26378865441 6002.06946127797 -20309.14914991258 23417.61142689075
 214.9462185467964 -11626.11147992972 -20116.79494290815 -1934.851768651884 33503.74188884325
 7048.420665417416 7038.983414937906 7160.093131065096 1378.923598272931 -7365.373220676491
 -3224.258396136034 83.5589438516472 -7880.19037880348 -9720.041195850514 -7082.70651688152
 -2340.817699491923 945.4340871773311 8109.319626252629 -7693.416851050866 7894.326034733793
 -6656.268131236139 6353.222260248825 3061.895208913224 6774.301502112063 -9499.130554024872
 -7020.722274378675 -8546.935362845661 -6739.176535578259 4326.055952292636 -3924.624244201475
 19302.56115690836 16092.12859945849 -18577.31374496463 -6190.071835909481 -8074.041329590651
 9006.603722771521 43.19117713750347 -575.6582276850822 6837.905759203659 -9004.672394066201
 -7839.816436237857 2530.401472313681 -4106.033974696207 -4165.948949675161 -8702.183527021178
 8485.929419693999 3674.032344509407 -650.8131849396887 -5240.953482358127 -4749.684750507403
 -2414.363282377113 -8218.254152526752 3604.000605923229 6664.97002484593 325.0701981889652
 8439.019849745629 -1101.636467288519 4278.333580401626 -973.7155266985119 3979.255799350767
 8504.820708747433 -3266.299039780335 -4930.563767277422 1519.835391918037 -1844.611367073909
 -4772.701221025676 -4662.761506987384 -6521.79559872153 -2785.328888282287 4706.103139940753
 8485.929419693999 3674.032344509407 -650.8131849396887 -5240.953482358127 -4749.684750507403
 -3235.43136259083 16074.42109669086 -16051.81847181612 13465.5866477222 -33537.00963771684
 -6656.268131236139 6353.222260248825 3061.895208913224 6774.301502112063 -9499.130554024872
 8602.777652790046 5939.954765079239 1611.139137178934 -6727.377278632122 -8192.870504844323
 7734.387650251621 -3830.561307754686 -5666.621048428998 -2958.435660562665 -1363.139741139175
 25097.29594003284 22363.47406896058 -12811.72265040183 11992.30834187605 -9152.516955581534
 -18138.51737801792 32108.68432470309 -19576.83281520077 11476.27334944925 36091.15675607332
 -6656.268131236139 6353.222260248825 3061.895208913224 6774.301502112063 -9499.130554024872
 6364.127891700844 -240.8988692430539 -5508.290578057798 8766.757618954809 -9322.858562785259
 -3477.240447318119 6300.967868649155 4698.016286514126 -7440.812094211312 3195.791106764043
 -11603.7616351152 -116.2437734857505 2748.81075030314 27886.58717942792 -18962.68290071502
 -2253.608789860771 -3621.540072402324 6426.344695980526 -4165.880786337778 9228.867083839417
 -9491.585053496508 2230.555936229504 232.973522682456 8084.454098665799 3708.589165250929
 306.1131089373848 -540.9042838328623 -7844.909970006339 7742.08178783326 1936.545293973817
 -8830.56845529461 -5841.396763716382 6617.127096130092 -7005.517261590756 -38004.36800032843
 -10075.3784678675 -19583.38594530716 5340.344914746391 -7414.030155769824 -44592.42926813944
 -7470.572637341149 -19099.05073817262 32758.49155680796 -440.8374273172694 11360.83270198241
 -3002.869159261458 -835.2057817182213 -4451.454344859252 -1205.13883345973 9203.04924682443
 1566.58267220372 -968.4041710673555 1930.62301358018 -7256.275366540504 4630.538662552881
 3674.684167759869 -2279.345993025869 520.2813382765326 13461.58056186548 4315.415463153049
 -2414.363282377113 -8218.254152526752 3604.000605923229 6664.97002484593 325.0701981889652
 1619.019073172343 5999.214509250714 31663.57310805145 31920.58710231433 -7900.721002586033
 -4511.125169895375 4859.009118379809 5465.516705542586 7126.681001026627 8253.61125983543
 -4359.328622190625 -5250.27997661573 -4252.367812227321 8805.991645413509 5260.719472092351
 3083.852259838626 436.6132501309985 7846.99475764986 -4063.345119913351 9595.898316743871
 -3002.869159261458 -835.2057817182213 -4451.454344859252 -1205.13883345973 9203.04924682443
 -8295.561524522753 5887.469567563801 306.2575011484569 7658.432434493719 -1347.40183135539
 8515.394289065298 -6087.074845080146 8753.733932287272 -5719.708746922953 8414.635886144802
 -17511.34958259878 -2372.079935896171 -21544.14564365691 -2939.779691068953 9741.44127451567
 1566.58267220372 -968.4041710673555 1930.62301358018 -7256.275366540504 4630.538662552881
 5471.485461092736 -4650.440769756105 -6921.124924275558 9551.58674387365 772.1170500964927
 28645.90994900822 22401.96294694468 -12854.53435263235 -8329.793243795242 20135.09370742022
 6317.987087625312 -5017.39367018765 1152.657082476046 9801.449112315291 -1905.030068816896
 -85.98696383799142 6499.482679812361 8425.90505712682 -3900.641764277662 4564.113416870639
 -9742.177575734479 2613.502148915741 3932.274561087814 -76.4583381180073 3940.446146528911
 -2032.052451591958 -9060.770990579462 7486.736328140032 -482.0955228447892 -8620.585257068989
 108.1590984050345 -5856.78796367337 821.4851341977956 7093.212829507625 806.4363371341369
 4658.696665490501 -1407.885966725345 -7366.688695278848 6292.243542708147 -2340.274052249169
 2549.709675927388 45860.83544707923 -6812.638362976217 -39418.51099342389 -9245.488560821097
 -4359.328622190625 -5250.27997661573 -4252.367812227321 8805.991645413509 5260.719472092351
 -2414.363282377113 -8218.254152526752 3604.000605923229 6664.97002484593 325.0701981889652
 6248.355997132909 5838.665734978758 -7042.250195374041 -2588.612168040566 8431.74833870546
 4534.217191523134 -9982.465060923179 8203.540331961529 -7262.799746130317 5969.486710295027
 4085.525215597145 -1191.499547658232 -5037.446475995396 -1030.743788298205 8449.567378103453
 -2371.72026146282 2408.2741478262 -2171.879508379987 5366.886903256916 3657.692426199517
 -7279.359972413187 2800.380213523544 -8144.351758086643 4922.36142608292 8483.831087915984
 -1408.857579677955 10921.41459214071 5153.977281043044 2998.616302487674 9446.156115232219
 -4716.100807949598 -4753.159691892054 854.5030024282041 7752.171409803508 1081.709420166893
 6003.935298049793 -4491.578442112406 -5769.576554142554 3260.128699291656 1525.741921108705
 11661.94375801445 -417.7590126444222 -14970.50255761401 -41899.88223845243 20747.41612519229
 -1113.406136756306 -9470.504191639562 7097.778616312062 3775.876220679233 3160.765777107359
 -4359.328622190625 -5250.27997661573 -4252.367812227321 8805.991645413509 5260.719472092351
 -2823.841735073422 -5986.467564482091 3446.511371791521 5564.960839178924 -6793.949121935109
