# Created by Octave 4.2.1, Mon Oct 09 18:35:34 2017 BRT <root@mosqueiro>
# name: pop
# type: matrix
# rows: 1000
# columns: 5
 -8159.518317554078 7452.555819220433 -9348.332228881423 7530.916904393301 2523.377758369469
 -8159.518317554078 7452.555819220433 -9348.332228881423 7530.916904393301 2523.377758369469
 -8159.518317554078 7452.555819220433 -9348.332228881423 7530.916904393301 2523.377758369469
 -8159.518317554078 7452.555819220433 -9348.332228881423 7530.916904393301 2523.377758369469
 -8159.518317554078 7452.555819220433 -9348.332228881423 7530.916904393301 2523.377758369469
 -8159.518317554078 7452.555819220433 -9348.332228881423 7530.916904393301 2523.377758369469
 -8159.716451172701 7452.657904926889 -9348.319628334728 7530.91592072555 2523.489000637459
 -8159.716472747979 7452.657826101266 -9348.319574884814 7530.915947201678 2523.488975149219
 -8159.716462916848 7452.657843938676 -9348.319578866953 7530.915980688068 2523.488980779228
 -8159.716472747979 7452.657826101266 -9348.319574884814 7530.915947201678 2523.488975149219
 -8159.716492616977 7452.657811224219 -9348.31957088574 7530.915938541213 2523.488979883829
 -8159.518317554078 7452.555819220433 -9348.332228881423 7530.916904393301 2523.377758369469
 -8159.458236674212 7452.575377521407 -9348.3102754833 7530.879763037909 2523.340952899907
 -8159.458563794219 7452.575342117534 -9348.31045739402 7530.879528875303 2523.341083594729
 -8159.716505920391 7452.657821771101 -9348.319619608681 7530.915990868187 2523.488968463118
 -8159.716448105816 7452.657826409662 -9348.319562893254 7530.915977236955 2523.488964757962
 -8159.716766837555 7452.658033842987 -9348.319696915642 7530.916027549295 2523.489095899107
 -8159.716518225626 7452.658004215229 -9348.319670139021 7530.915909110056 2523.488850508314
 -8159.498889969272 7452.554610822208 -9348.315918508231 7530.912603527537 2523.3735857529
 -8159.716472747979 7452.657826101266 -9348.319574884814 7530.915947201678 2523.488975149219
 -8159.716472747979 7452.657826101266 -9348.319574884814 7530.915947201678 2523.488975149219
 -8159.716472747979 7452.657826101266 -9348.319574884814 7530.915947201678 2523.488975149219
 -8159.488165173049 7452.574883591008 -9348.298657022135 7530.886194913091 2523.353738575916
 -8159.716472747979 7452.657826101266 -9348.319574884814 7530.915947201678 2523.488975149219
 -8159.456223949796 7452.576581065644 -9348.310485131704 7530.880698863009 2523.336311070571
 -8159.716490481717 7452.65781531591 -9348.319597096657 7530.91595954588 2523.488974613625
 -8159.716472747979 7452.657826101266 -9348.319574884814 7530.915947201678 2523.488975149219
 -8159.716472747979 7452.657826101266 -9348.319574884814 7530.915947201678 2523.488975149219
 -8159.716472747979 7452.657826101266 -9348.319574884814 7530.915947201678 2523.488975149219
 -8159.716472747979 7452.657826101266 -9348.319574884814 7530.915947201678 2523.488975149219
 -8159.716472747979 7452.657826101266 -9348.319574884814 7530.915947201678 2523.488975149219
 -8159.518317554078 7452.555819220433 -9348.332228881423 7530.916904393301 2523.377758369469
 -8159.716451751077 7452.657775177707 -9348.319510955631 7530.915874117691 2523.489017500238
 -8159.716472747979 7452.657826101266 -9348.319574884814 7530.915947201678 2523.488975149219
 -8159.518317554078 7452.555819220433 -9348.332228881423 7530.916904393301 2523.377758369469
 -8159.504131486671 7452.550593470914 -9348.32215204298 7530.917086421996 2523.385396441393
 -8159.716478703934 7452.65781678277 -9348.319651644249 7530.915865946992 2523.489059430397
 -8159.716472747979 7452.657826101266 -9348.319574884814 7530.915947201678 2523.488975149219
 -8159.502774347116 7452.556743983245 -9348.31589121885 7530.919951791403 2523.36890114682
 -8159.506151441584 7452.564921041992 -9348.321590313375 7530.90597757209 2523.383095869476
 -8159.503861263249 7452.549795082256 -9348.322395400319 7530.917046351314 2523.385964879159
 -8159.625764849092 7452.580447525248 -9348.203725018417 7531.063703529334 2523.21216300934
 -8159.503320999906 7452.550262570833 -9348.319351788861 7530.916463175695 2523.382933184041
 -8159.716472747979 7452.657826101266 -9348.319574884814 7530.915947201678 2523.488975149219
 -8159.716472747979 7452.657826101266 -9348.319574884814 7530.915947201678 2523.488975149219
 -8159.417079416852 7452.566726195614 -9348.30401370351 7530.898263967886 2523.283317552202
 -8159.716472747979 7452.657826101266 -9348.319574884814 7530.915947201678 2523.488975149219
 -8159.716479196145 7452.657823223622 -9348.31959579768 7530.91595905653 2523.488964724662
 -8159.518317554078 7452.555819220433 -9348.332228881423 7530.916904393301 2523.377758369469
 -8159.716472747979 7452.657826101266 -9348.319574884814 7530.915947201678 2523.488975149219
 -8159.716472747979 7452.657826101266 -9348.319574884814 7530.915947201678 2523.488975149219
 -8159.716451949002 7452.657843242721 -9348.319457581296 7530.915891851771 2523.488993242556
 -8159.506151441584 7452.564921041992 -9348.321590313375 7530.90597757209 2523.383095869476
 -8159.458965179448 7452.573753003967 -9348.304634990787 7530.870664363008 2523.345566355419
 -8159.456223949796 7452.576581065644 -9348.310485131704 7530.880698863009 2523.336311070571
 -8159.716472747979 7452.657826101266 -9348.319574884814 7530.915947201678 2523.488975149219
 -8159.716472747979 7452.657826101266 -9348.319574884814 7530.915947201678 2523.488975149219
 -8159.717258996163 7452.669018395067 -9348.327933682269 7530.907477076157 2523.495847796848
 -8159.716472747979 7452.657826101266 -9348.319574884814 7530.915947201678 2523.488975149219
 -8159.716472747979 7452.657826101266 -9348.319574884814 7530.915947201678 2523.488975149219
 -8159.716472747979 7452.657826101266 -9348.319574884814 7530.915947201678 2523.488975149219
 -8159.716472747979 7452.657826101266 -9348.319574884814 7530.915947201678 2523.488975149219
 -8159.716472747979 7452.657826101266 -9348.319574884814 7530.915947201678 2523.488975149219
 -8159.719707918466 7452.668946026674 -9348.310053630652 7530.903934796901 2523.483885525389
 -8159.500406143583 7452.554524254623 -9348.315326753911 7530.912515662363 2523.373806249152
 -8159.716510318424 7452.657807970834 -9348.319581099771 7530.915922724116 2523.488943794894
 -8159.716325671743 7452.65774504519 -9348.319855571806 7530.915713092209 2523.489138365339
 -8159.716451751077 7452.657775177707 -9348.319510955631 7530.915874117691 2523.489017500238
 -8159.716472747979 7452.657826101266 -9348.319574884814 7530.915947201678 2523.488975149219
 -8159.716472747979 7452.657826101266 -9348.319574884814 7530.915947201678 2523.488975149219
 -8159.716472747979 7452.657826101266 -9348.319574884814 7530.915947201678 2523.488975149219
 -8159.503268077659 7452.550149829312 -9348.319441465448 7530.916488073878 2523.382892776081
 -8159.503861263249 7452.549795082256 -9348.322395400319 7530.917046351314 2523.385964879159
 -8159.716466037859 7452.657858836678 -9348.319612531774 7530.915966329927 2523.488954408874
 -8159.716472747979 7452.657826101266 -9348.319574884814 7530.915947201678 2523.488975149219
 -8159.507272074929 7452.564276537283 -9348.321896925901 7530.907663411696 2523.384160591188
 -8159.457924841392 7452.575450299843 -9348.31041743306 7530.878802474064 2523.340913676725
 -8159.716472747979 7452.657826101266 -9348.319574884814 7530.915947201678 2523.488975149219
 -8159.716472747979 7452.657826101266 -9348.319574884814 7530.915947201678 2523.488975149219
 -8159.716478926562 7452.65781319699 -9348.319558298614 7530.915960625175 2523.489007528939
 -8159.625398655563 7452.580138155905 -9348.2047246604 7531.065742489674 2523.211423263057
 -8159.503320999906 7452.550262570833 -9348.319351788861 7530.916463175695 2523.382933184041
 -8159.716472747979 7452.657826101266 -9348.319574884814 7530.915947201678 2523.488975149219
 -8159.502241302576 7452.556023798642 -9348.31478326158 7530.91966847848 2523.367822492602
