# Created by Octave 4.2.1, Mon Oct 09 18:21:25 2017 BRT <root@mosqueiro>
# name: pop
# type: matrix
# rows: 1000
# columns: 5
 -8050.497224522569 7754.819000622869 -9745.174986403241 7885.809393492465 2182.906102317827
 -9760.150763546757 -595.9779027982931 7266.662228673445 9794.820478921949 -6651.640212549273
 -8012.64419762343 7840.862845858956 1649.953745259845 2477.630504796391 -4018.293338203648
 -5372.596514610982 6774.71465134497 611.7228819540924 -1549.573128390128 -490.8218082489184
 6122.250071785533 -8653.595369476876 9037.648166350551 -9509.049129221326 3138.445347356695
 -5676.237922473239 1508.87227139981 9598.537373286323 -3126.615214861358 1840.894948543488
 7604.908549176947 2517.837681223782 -964.8781512121914 8600.734564411243 -6895.387967176699
 8810.454601588663 -5237.249951775457 9178.081095525831 -9096.623239002969 -7553.343684040085
 -1124.882985330476 -5419.301292055801 -5412.104229968363 8778.995604968131 5856.925685631153
 107.8446434514062 -8716.875648716046 2252.575783410155 7125.728123363097 1387.072195375429
 -8050.497224522569 7754.819000622869 -9745.174986403241 7885.809393492465 2182.906102317827
 -3188.230872323735 6932.746372667621 -5653.673852867961 3993.72624389886 5726.038980668205
 3796.261537069546 -649.5994571149495 -1841.434897173194 -3197.487400790698 5383.756159534028
 -525.7059056118251 2356.527626073648 -796.0400693334832 -5330.774099641625 -6672.657094012045
 -2869.859190338197 -1974.667462217347 -2134.492240912019 3617.68111395131 3738.598769855435
 1565.83569725475 7487.921454000618 1862.880047587299 -3471.665302163022 7817.378591593028
 9290.617731011411 3935.57037540184 5654.806809743988 5075.520683874252 624.664584020542
 5574.964616820138 -3204.716844616594 -2648.287137688287 -9032.352196612766 9588.75726638488
 -756.4286902822187 -2367.88657308001 3579.354393649257 -3876.245853104407 895.0311790068645
 -7727.012373675489 -5466.338533474225 -5769.834681393661 833.3014488000063 -6364.3597508333
 3740.487309630191 8267.004417803069 -8975.978413636027 7363.109672126979 3630.315146741319
 -9013.147750551552 -8118.954541329663 9434.938932590689 6872.581149159192 9472.584222720092
 -8050.497224522569 7754.819000622869 -9745.174986403241 7885.809393492465 2182.906102317827
 -8012.64419762343 7840.862845858956 1649.953745259845 2477.630504796391 -4018.293338203648
 2070.114916200633 5898.261034227224 9954.963741515639 -453.8535911775834 -4304.682817064486
 -5339.991100373263 5222.266590674624 -1130.26485006345 9327.162696347157 -2432.451681385042
 -8730.525171333509 -1938.756289269356 6750.086187162218 6647.180601657848 -73.94089907401758
 6601.663246467881 -8229.168944498871 572.8250681487862 -6403.837921436005 7446.379088022488
 -223.7100658563832 -2124.293909587086 -659.185419117568 59.17504183982965 3287.921433474583
 6862.700374685377 8845.907248707426 -9912.661115402938 -7272.588397147534 7693.263485456668
 5607.58525621479 2132.273521850248 -2391.169717114358 -1541.462171491779 -7926.651111289988
 -9856.146552647515 1376.380453088763 -3357.919296845705 -863.531306604089 -6512.504945044751
 -8730.525171333509 -1938.756289269356 6750.086187162218 6647.180601657848 -73.94089907401758
 -892.3677881374497 -431.4567410803957 4833.853929165922 -8369.888330568774 4160.067845149535
 3760.88385632889 2607.818907471094 2411.599039166116 891.1481478397527 -5859.119521999482
 7541.661957003878 -9856.120936932055 9830.450604515012 7269.266562646644 9071.720056006692
 -5387.643937120513 -1216.044192096166 8812.404045802945 4583.267089188077 -1682.375793182897
 -2596.785849214899 443.0711942559592 5553.316642168216 -1076.240780423908 -1675.756007859542
 2712.343498379414 2775.422734618536 8549.930472022326 9623.730586300495 -6506.683012901083
 -9449.27099793838 -6854.367203626387 -6598.597017405222 135.9925422614979 4186.423317636005
 -5372.596514610982 6774.71465134497 611.7228819540924 -1549.573128390128 -490.8218082489184
 5787.063635547567 5065.928686289961 -5559.322735713286 -4987.130799697808 -4191.070656073631
 5941.966557747646 -6128.416393883872 8669.04015559698 -1009.430483007642 -5158.599523603774
 -7824.533007188298 -8302.506232822812 -2802.698328495207 -392.2648639479794 -3960.425710577514
 7274.32638133983 505.347634247757 -5500.087883088395 -5711.134085207586 3101.9478897514
 7211.507091906973 4585.467508695197 -5027.296707308692 -8822.79522491665 3390.803701949397
 107.8446434514062 -8716.875648716046 2252.575783410155 7125.728123363097 1387.072195375429
 747.800301812882 -8157.282874218889 -1004.682558378705 -159.1563791944009 9648.286701555317
 -5876.196971563871 -474.1995430358347 -3066.404708277656 -158.1450409675199 -2576.222272966139
 -8050.497224522569 7754.819000622869 -9745.174986403241 7885.809393492465 2182.906102317827
 536.186255267834 7932.864452635022 9054.24514092469 -6423.057963186598 -1789.832655562624
 6191.821460291027 -6588.296032650996 -7999.019752640703 2650.041067536369 8650.976825910744
 -9999.67878628035 8391.520301090575 -8377.653951341214 2493.285315533518 8521.324563794489
 3509.724919448478 8764.397576900585 5913.672085651398 3307.791590937219 3856.76315720586
 1968.107755462986 -1623.372170632552 -248.1061988930905 9859.028802374087 4563.900584169822
 1216.292322599067 -7234.115344134106 5850.747157809643 2881.330181257639 -563.1171431151361
 2161.34427000556 -1222.068605770464 -2820.077577982106 4738.893963167238 -50.32066982598008
 2678.024163675444 572.3627751650274 3713.504153337453 8054.208170624966 -5256.011129288288
 6865.179928588765 4071.081380661331 -5443.769607944394 6330.057049578632 2979.477127568702
 -8982.068609350337 3832.901854288424 -602.0520201826621 -1936.195953473016 7910.149505656722
 5007.529201733765 -322.2685989232305 2678.390840236078 7696.922662046138 -6994.210196855878
 -505.0352880492301 -6677.868167566533 115.8823300835338 4822.201905670809 4510.953478398273
 2062.391518312663 -4495.265458244609 5504.286447265147 1694.014348557424 9931.201467076786
 -709.6540882578956 -8550.660751474405 4228.725721201998 3580.302666656398 5021.577224710312
 -8012.64419762343 7840.862845858956 1649.953745259845 2477.630504796391 -4018.293338203648
 -3920.681389980919 -206.8075680925413 -5597.323561311222 -6412.66759020376 -6996.543974019668
 4654.174906002159 8590.671165429485 -2679.713780315468 6490.283508116176 4108.193617326246
 4594.719974532489 -5370.748416126635 -6669.476606881185 -7907.51788591403 8446.326880208268
 8888.440003826101 -2594.36507876433 -6426.825976076785 -123.4344110516104 4202.783863201714
 7501.873823514401 -6253.884996513092 1303.678027765829 -8424.241889360366 114.6385343967795
 7950.91298064579 -2292.937932026383 3444.545420724273 -5683.187524214784 1161.90457355764
 -9190.127121748861 -106.2867857622696 -4985.723096642421 -8236.630839718164 -1225.712344354746
 6862.700374685377 8845.907248707426 -9912.661115402938 -7272.588397147534 7693.263485456668
 8123.287413741444 -8694.432172282668 3810.91856286343 -4999.203456891438 1635.663027034507
 -8018.584756951239 4240.537390817333 -5606.697861064619 -1664.649682750245 -5839.088713670562
 6688.473838240952 -1760.935721315011 7037.732817628043 5157.525733835588 42.36771825758296
 -5769.89387603695 -1193.581469574889 -3042.360361813433 6681.845236559253 5687.233280582133
 5667.302400832801 -4996.374448377182 -9261.344490025447 -9796.031413136918 -2842.525587739079
 7211.507091906973 4585.467508695197 -5027.296707308692 -8822.79522491665 3390.803701949397
 4713.786834819226 5600.680985260693 -1051.259586945327 -468.3698418313124 4209.602546833043
 4211.371066022928 -259.3238739654862 -1654.765407479161 3666.021601445822 3534.683260993148
 8429.268995170693 4730.156565888483 -3556.736436762512 -5844.566141166033 3217.391560380014
 -5869.481115454475 2483.405177911045 -422.2442175316701 2171.10974519887 2534.738004154007
 -4429.355357862187 -155.9754508087735 -2897.735878658373 7226.697969308261 68.91260407075606
