# Created by Octave 4.2.1, Mon Oct 09 18:09:03 2017 BRT <root@mosqueiro>
# name: pop
# type: matrix
# rows: 1000
# columns: 5
 34756.40330092981 7995.586430664207 -27046.68759611512 686.8750187560518 -16389.80441378051
 34756.40330092981 7995.586430664207 -27046.68759611512 686.8750187560518 -16389.80441378051
 34756.40330092981 7995.586430664207 -27046.68759611512 686.8750187560518 -16389.80441378051
 34756.40330092981 7995.586430664207 -27046.68759611512 686.8750187560518 -16389.80441378051
 34756.40330092981 7995.586430664207 -27046.68759611512 686.8750187560518 -16389.80441378051
 15369.34219983492 -630.6276082909144 -360.0102538940121 -6826.138608641084 -6392.243182744177
 34756.40330092981 7995.586430664207 -27046.68759611512 686.8750187560518 -16389.80441378051
 34756.40330092981 7995.586430664207 -27046.68759611512 686.8750187560518 -16389.80441378051
 34756.40330092981 7995.586430664207 -27046.68759611512 686.8750187560518 -16389.80441378051
 34756.40330092981 7995.586430664207 -27046.68759611512 686.8750187560518 -16389.80441378051
 34756.40330092981 7995.586430664207 -27046.68759611512 686.8750187560518 -16389.80441378051
 4570.05362541113 6444.398559014363 2173.953904337501 -17513.02700158204 6064.955399726932
 8123.400507989601 3727.060677770249 681.3911912756103 -9398.71000660814 -3087.135526407579
 34756.40330092981 7995.586430664207 -27046.68759611512 686.8750187560518 -16389.80441378051
 30317.2607219961 -1048.698781554382 -19658.9561499521 6523.717060112005 -19010.68140653806
 8123.400507989601 3727.060677770249 681.3911912756103 -9398.71000660814 -3087.135526407579
 20883.61134226929 12028.94079617049 -2682.356850619558 7043.843551062518 -2346.976751767821
 34756.40330092981 7995.586430664207 -27046.68759611512 686.8750187560518 -16389.80441378051
 34756.40330092981 7995.586430664207 -27046.68759611512 686.8750187560518 -16389.80441378051
 34756.40330092981 7995.586430664207 -27046.68759611512 686.8750187560518 -16389.80441378051
 8123.400507989601 3727.060677770249 681.3911912756103 -9398.71000660814 -3087.135526407579
 34756.40330092981 7995.586430664207 -27046.68759611512 686.8750187560518 -16389.80441378051
 27999.12253099932 11252.20126979872 -17203.97840777541 7451.78253499735 515.8259575768097
 8123.400507989601 3727.060677770249 681.3911912756103 -9398.71000660814 -3087.135526407579
 34756.40330092981 7995.586430664207 -27046.68759611512 686.8750187560518 -16389.80441378051
 34756.40330092981 7995.586430664207 -27046.68759611512 686.8750187560518 -16389.80441378051
 6852.987905186753 -9789.043880174739 -4.138998604416997 -19150.18187798665 -1227.671947995087
 26839.97343826521 10817.59499665161 -27759.46208719517 -4218.719697193877 -7823.267163259758
 8123.400507989601 3727.060677770249 681.3911912756103 -9398.71000660814 -3087.135526407579
 8123.400507989601 3727.060677770249 681.3911912756103 -9398.71000660814 -3087.135526407579
 8123.400507989601 3727.060677770249 681.3911912756103 -9398.71000660814 -3087.135526407579
 8496.691868994618 12912.37539534124 -9646.040611139055 -1561.177432559531 12662.30028936029
 13560.21497528819 5925.668156312255 15671.46303689017 -11293.25959890434 -6139.276643256877
 10339.2129877134 2030.175453931263 10445.10369726558 -10859.38543636594 -6122.455892941709
 9913.019161791 8498.332268012979 2197.377570153473 -9650.142368062181 -848.5989768351001
 16128.62623211569 -3450.271120538468 -11021.37146125021 -17002.00054781043 -5562.449165150649
 4366.393442615016 4634.433171070066 9532.618116629323 -15664.22970041182 -4693.607650045828
 34756.40330092981 7995.586430664207 -27046.68759611512 686.8750187560518 -16389.80441378051
 8123.400507989601 3727.060677770249 681.3911912756103 -9398.71000660814 -3087.135526407579
 34756.40330092981 7995.586430664207 -27046.68759611512 686.8750187560518 -16389.80441378051
 34756.40330092981 7995.586430664207 -27046.68759611512 686.8750187560518 -16389.80441378051
 8123.400507989601 3727.060677770249 681.3911912756103 -9398.71000660814 -3087.135526407579
 8123.400507989601 3727.060677770249 681.3911912756103 -9398.71000660814 -3087.135526407579
 8123.400507989601 3727.060677770249 681.3911912756103 -9398.71000660814 -3087.135526407579
 34756.40330092981 7995.586430664207 -27046.68759611512 686.8750187560518 -16389.80441378051
 34756.40330092981 7995.586430664207 -27046.68759611512 686.8750187560518 -16389.80441378051
 -9931.771108428324 196.0977412738703 -1285.990811779035 8921.245186872762 2239.835049368823
 8123.400507989601 3727.060677770249 681.3911912756103 -9398.71000660814 -3087.135526407579
 34756.40330092981 7995.586430664207 -27046.68759611512 686.8750187560518 -16389.80441378051
 34756.40330092981 7995.586430664207 -27046.68759611512 686.8750187560518 -16389.80441378051
 8123.400507989601 3727.060677770249 681.3911912756103 -9398.71000660814 -3087.135526407579
 8123.400507989601 3727.060677770249 681.3911912756103 -9398.71000660814 -3087.135526407579
 34756.40330092981 7995.586430664207 -27046.68759611512 686.8750187560518 -16389.80441378051
 8123.400507989601 3727.060677770249 681.3911912756103 -9398.71000660814 -3087.135526407579
 8123.400507989601 3727.060677770249 681.3911912756103 -9398.71000660814 -3087.135526407579
 34756.40330092981 7995.586430664207 -27046.68759611512 686.8750187560518 -16389.80441378051
 8123.400507989601 3727.060677770249 681.3911912756103 -9398.71000660814 -3087.135526407579
 34756.40330092981 7995.586430664207 -27046.68759611512 686.8750187560518 -16389.80441378051
 34756.40330092981 7995.586430664207 -27046.68759611512 686.8750187560518 -16389.80441378051
 8123.400507989601 3727.060677770249 681.3911912756103 -9398.71000660814 -3087.135526407579
 24036.84200146472 13227.84157101124 -19226.39628388905 -4571.841047971727 -13194.04490433462
 9868.681347464055 2249.475635517929 -5003.304185176013 -14106.9215062326 -3371.321616320516
 34756.40330092981 7995.586430664207 -27046.68759611512 686.8750187560518 -16389.80441378051
 34756.40330092981 7995.586430664207 -27046.68759611512 686.8750187560518 -16389.80441378051
 34756.40330092981 7995.586430664207 -27046.68759611512 686.8750187560518 -16389.80441378051
 34756.40330092981 7995.586430664207 -27046.68759611512 686.8750187560518 -16389.80441378051
 34756.40330092981 7995.586430664207 -27046.68759611512 686.8750187560518 -16389.80441378051
 -802.2426815428225 487.3883191177615 8155.387190112088 -14268.69792425169 -9863.158876612859
 34756.40330092981 7995.586430664207 -27046.68759611512 686.8750187560518 -16389.80441378051
 8123.400507989601 3727.060677770249 681.3911912756103 -9398.71000660814 -3087.135526407579
 34756.40330092981 7995.586430664207 -27046.68759611512 686.8750187560518 -16389.80441378051
 34756.40330092981 7995.586430664207 -27046.68759611512 686.8750187560518 -16389.80441378051
 34756.40330092981 7995.586430664207 -27046.68759611512 686.8750187560518 -16389.80441378051
 34756.40330092981 7995.586430664207 -27046.68759611512 686.8750187560518 -16389.80441378051
 8123.400507989601 3727.060677770249 681.3911912756103 -9398.71000660814 -3087.135526407579
 34756.40330092981 7995.586430664207 -27046.68759611512 686.8750187560518 -16389.80441378051
 34756.40330092981 7995.586430664207 -27046.68759611512 686.8750187560518 -16389.80441378051
 34756.40330092981 7995.586430664207 -27046.68759611512 686.8750187560518 -16389.80441378051
 34756.40330092981 7995.586430664207 -27046.68759611512 686.8750187560518 -16389.80441378051
 34756.40330092981 7995.586430664207 -27046.68759611512 686.8750187560518 -16389.80441378051
 34756.40330092981 7995.586430664207 -27046.68759611512 686.8750187560518 -16389.80441378051
 12887.7272381741 2097.884883199545 -38787.82330207051 -50367.00461812646 -6976.297286167583
 34756.40330092981 7995.586430664207 -27046.68759611512 686.8750187560518 -16389.80441378051
 34756.40330092981 7995.586430664207 -27046.68759611512 686.8750187560518 -16389.80441378051
