# Created by Octave 4.2.1, Mon Oct 09 17:42:41 2017 BRT <root@mosqueiro>
# name: pop
# type: matrix
# rows: 1000
# columns: 5
 1894.63078678875 -7735.96570788648 -5816.43511540208 9336.979793136456 2319.586368688131
 1894.63078678875 -7735.96570788648 -5816.43511540208 9336.979793136456 2319.586368688131
 1894.63078678875 -7735.96570788648 -5816.43511540208 9336.979793136456 2319.586368688131
 1894.63078678875 -7735.96570788648 -5816.43511540208 9336.979793136456 2319.586368688131
 1894.63078678875 -7735.96570788648 -5816.43511540208 9336.979793136456 2319.586368688131
 1894.831882330524 -7735.979893385886 -5815.757831254648 9337.515706603594 2318.929044226495
 3399.546100098971 -6560.616245653812 -6212.857034115816 7876.341922951303 1496.474385920623
 1894.63078678875 -7735.96570788648 -5816.43511540208 9336.979793136456 2319.586368688131
 3399.546100098971 -6560.616245653812 -6212.857034115816 7876.341922951303 1496.474385920623
 3399.546100098971 -6560.616245653812 -6212.857034115816 7876.341922951303 1496.474385920623
 3399.546100098971 -6560.616245653812 -6212.857034115816 7876.341922951303 1496.474385920623
 1894.63078678875 -7735.96570788648 -5816.43511540208 9336.979793136456 2319.586368688131
 3399.440044446541 -6559.906399750625 -6210.444002434913 7880.689431904694 1498.03824165351
 1894.63078678875 -7735.96570788648 -5816.43511540208 9336.979793136456 2319.586368688131
 1894.63078678875 -7735.96570788648 -5816.43511540208 9336.979793136456 2319.586368688131
 1894.63078678875 -7735.96570788648 -5816.43511540208 9336.979793136456 2319.586368688131
 1894.63078678875 -7735.96570788648 -5816.43511540208 9336.979793136456 2319.586368688131
 1894.63078678875 -7735.96570788648 -5816.43511540208 9336.979793136456 2319.586368688131
 1894.63078678875 -7735.96570788648 -5816.43511540208 9336.979793136456 2319.586368688131
 3377.462177821893 -6538.933232040772 -6221.748995506487 7820.540463838661 1569.314312084671
 1894.63078678875 -7735.96570788648 -5816.43511540208 9336.979793136456 2319.586368688131
 1894.63078678875 -7735.96570788648 -5816.43511540208 9336.979793136456 2319.586368688131
 1896.09559275458 -7736.128049496846 -5815.556210967511 9335.966374460791 2317.839962896226
 1894.63078678875 -7735.96570788648 -5816.43511540208 9336.979793136456 2319.586368688131
 3467.17408386115 -6526.791397136908 -6170.331015817408 7740.141708693415 1491.844819292112
 3399.546100098971 -6560.616245653812 -6212.857034115816 7876.341922951303 1496.474385920623
 1894.63078678875 -7735.96570788648 -5816.43511540208 9336.979793136456 2319.586368688131
 1894.63078678875 -7735.96570788648 -5816.43511540208 9336.979793136456 2319.586368688131
 1894.63078678875 -7735.96570788648 -5816.43511540208 9336.979793136456 2319.586368688131
 3399.755319559446 -6561.088594573737 -6212.628214425722 7876.274555486299 1496.052061801469
 3399.546100098971 -6560.616245653812 -6212.857034115816 7876.341922951303 1496.474385920623
 1895.174451873955 -7734.588545176565 -5817.371473768972 9338.05159208156 2320.346399435191
 1894.63078678875 -7735.96570788648 -5816.43511540208 9336.979793136456 2319.586368688131
 1894.860805490427 -7736.034884784841 -5816.585278519832 9336.558259669557 2319.636692020709
 1882.500150416381 -7744.702908769411 -5803.336519212982 9346.46465320991 2322.618783852145
 1894.886675491462 -7735.648939912195 -5816.976051842034 9335.975261274838 2320.031805332631
 1894.63078678875 -7735.96570788648 -5816.43511540208 9336.979793136456 2319.586368688131
 1895.077075717112 -7736.206704338215 -5816.523949366469 9336.715201451379 2319.456298685793
 1895.174755827205 -7736.413451135306 -5816.371171603654 9335.863555053187 2319.979179310553
 3399.546100098971 -6560.616245653812 -6212.857034115816 7876.341922951303 1496.474385920623
 1894.63078678875 -7735.96570788648 -5816.43511540208 9336.979793136456 2319.586368688131
 3399.546100098971 -6560.616245653812 -6212.857034115816 7876.341922951303 1496.474385920623
 3206.271179901154 -6325.873259796751 -6068.78642412287 7670.620188885402 1520.292723756249
 3399.546100098971 -6560.616245653812 -6212.857034115816 7876.341922951303 1496.474385920623
 1894.63078678875 -7735.96570788648 -5816.43511540208 9336.979793136456 2319.586368688131
 1895.105633349701 -7735.667572562585 -5817.410879982851 9338.504266989636 2320.679878607712
 3398.647706121651 -6559.863887209169 -6213.371305428795 7876.991881946426 1495.384686844076
 3399.546100098971 -6560.616245653812 -6212.857034115816 7876.341922951303 1496.474385920623
 3399.546100098971 -6560.616245653812 -6212.857034115816 7876.341922951303 1496.474385920623
 1894.63078678875 -7735.96570788648 -5816.43511540208 9336.979793136456 2319.586368688131
 1894.63078678875 -7735.96570788648 -5816.43511540208 9336.979793136456 2319.586368688131
 1894.63078678875 -7735.96570788648 -5816.43511540208 9336.979793136456 2319.586368688131
 1893.765639629873 -7747.065891469117 -5794.581853770417 9345.053879702764 2326.044769081137
 1894.63078678875 -7735.96570788648 -5816.43511540208 9336.979793136456 2319.586368688131
 1894.63078678875 -7735.96570788648 -5816.43511540208 9336.979793136456 2319.586368688131
 1895.804146209216 -7735.486149771544 -5816.701004949982 9337.15002079083 2319.54001918023
 1894.63078678875 -7735.96570788648 -5816.43511540208 9336.979793136456 2319.586368688131
 3468.841043329707 -6527.426550536248 -6171.928006100899 7739.28271965375 1491.441918801432
 1894.63078678875 -7735.96570788648 -5816.43511540208 9336.979793136456 2319.586368688131
 3418.981258371937 -6556.355702387758 -6215.267351959375 7850.490885502121 1499.753355766007
 3404.430556093498 -6579.773989470174 -6206.804582855269 7869.700278549969 1513.04584733094
 1894.63078678875 -7735.96570788648 -5816.43511540208 9336.979793136456 2319.586368688131
 1898.822048278782 -7739.283741479137 -5820.381229976313 9332.595516641455 2318.597838208988
 1894.63078678875 -7735.96570788648 -5816.43511540208 9336.979793136456 2319.586368688131
 1894.63078678875 -7735.96570788648 -5816.43511540208 9336.979793136456 2319.586368688131
 3401.301135717628 -6561.486196056996 -6212.971575322145 7876.389002444097 1498.60386603569
 1894.63078678875 -7735.96570788648 -5816.43511540208 9336.979793136456 2319.586368688131
 1894.63078678875 -7735.96570788648 -5816.43511540208 9336.979793136456 2319.586368688131
 1894.63078678875 -7735.96570788648 -5816.43511540208 9336.979793136456 2319.586368688131
 1894.63078678875 -7735.96570788648 -5816.43511540208 9336.979793136456 2319.586368688131
 1894.63078678875 -7735.96570788648 -5816.43511540208 9336.979793136456 2319.586368688131
 1878.753289017532 -7743.454885118096 -5796.342680010119 9346.873737030983 2318.964325291748
 1894.63078678875 -7735.96570788648 -5816.43511540208 9336.979793136456 2319.586368688131
 1894.63078678875 -7735.96570788648 -5816.43511540208 9336.979793136456 2319.586368688131
 1894.115224853179 -7736.511214868225 -5816.577107261701 9336.545793018353 2318.487015369098
 1894.63078678875 -7735.96570788648 -5816.43511540208 9336.979793136456 2319.586368688131
 3399.755319559446 -6561.088594573737 -6212.628214425722 7876.274555486299 1496.052061801469
 3399.546100098971 -6560.616245653812 -6212.857034115816 7876.341922951303 1496.474385920623
 3469.214885788452 -6521.39613565336 -6168.612313978238 7740.132514843477 1485.65369325422
 3399.546100098971 -6560.616245653812 -6212.857034115816 7876.341922951303 1496.474385920623
 1895.858706127871 -7736.080635000854 -5816.239605907434 9336.618119497722 2318.298273229694
 1894.63078678875 -7735.96570788648 -5816.43511540208 9336.979793136456 2319.586368688131
 1894.63078678875 -7735.96570788648 -5816.43511540208 9336.979793136456 2319.586368688131
 1894.63078678875 -7735.96570788648 -5816.43511540208 9336.979793136456 2319.586368688131
 1894.63078678875 -7735.96570788648 -5816.43511540208 9336.979793136456 2319.586368688131
 1894.63078678875 -7735.96570788648 -5816.43511540208 9336.979793136456 2319.586368688131
