# Created by Octave 4.2.1, Mon Oct 09 18:02:19 2017 BRT <root@mosqueiro>
# name: pop
# type: matrix
# rows: 1000
# columns: 5
 -16584.47078760979 35870.12496425817 1096.822277000645 -11943.11897602668 -8440.37939641451
 -16584.28569549507 35870.13443821126 1096.785978307274 -11943.28801461389 -8440.368625847592
 -16584.28569549507 35870.13443821126 1096.785978307274 -11943.28801461389 -8440.368625847592
 -16584.28569549507 35870.13443821126 1096.785978307274 -11943.28801461389 -8440.368625847592
 -16584.28569549507 35870.13443821126 1096.785978307274 -11943.28801461389 -8440.368625847592
 -16584.27922593789 35870.11277135542 1096.788876404562 -11943.28489367331 -8440.35933315116
 -16584.46999782145 35870.12892419271 1096.815856290295 -11943.11974367526 -8440.376953947256
 -16584.46999782145 35870.12892419271 1096.815856290295 -11943.11974367526 -8440.376953947256
 -16584.27722469319 35870.11218068418 1096.787694026414 -11943.28539055818 -8440.359183347638
 -16584.47085704733 35870.1249922801 1096.822316395505 -11943.11896557039 -8440.379445128929
 -16584.47091325752 35870.12556454351 1096.822416895065 -11943.11921295303 -8440.379626107138
 -16584.27922593789 35870.11277135542 1096.788876404562 -11943.28489367331 -8440.35933315116
 -16440.66466476779 35792.22160315639 1263.031522972161 -11961.76369661622 -8653.846781783424
 -16584.27922593789 35870.11277135542 1096.788876404562 -11943.28489367331 -8440.35933315116
 -16584.47077235383 35870.12496966765 1096.822259375971 -11943.11891028383 -8440.379434290862
 -16584.27922593789 35870.11277135542 1096.788876404562 -11943.28489367331 -8440.35933315116
 -16584.4700820379 35870.12896836557 1096.815869016391 -11943.11969885018 -8440.377008311532
 -16584.27722469319 35870.11218068418 1096.787694026414 -11943.28539055818 -8440.359183347638
 -16584.28569549507 35870.13443821126 1096.785978307274 -11943.28801461389 -8440.368625847592
 -16584.27722469319 35870.11218068418 1096.787694026414 -11943.28539055818 -8440.359183347638
 -16584.35348048571 35870.15521065118 1096.854097339153 -11943.31795016156 -8440.360688709316
 -16584.47077079833 35870.12513804955 1096.822376516322 -11943.11877044735 -8440.379518249872
 -16584.27722469319 35870.11218068418 1096.787694026414 -11943.28539055818 -8440.359183347638
 -16584.27922593789 35870.11277135542 1096.788876404562 -11943.28489367331 -8440.35933315116
 -16584.47085704733 35870.1249922801 1096.822316395505 -11943.11896557039 -8440.379445128929
 -16584.27976242096 35870.11271767732 1096.789103859597 -11943.28484792026 -8440.359134777726
 -16584.30744194428 35870.13822281636 1096.781431913272 -11943.26371378164 -8440.369653852535
 -16584.27722469319 35870.11218068418 1096.787694026414 -11943.28539055818 -8440.359183347638
 -16584.27922593789 35870.11277135542 1096.788876404562 -11943.28489367331 -8440.35933315116
 -16584.46999782145 35870.12892419271 1096.815856290295 -11943.11974367526 -8440.376953947256
 -16584.47040698153 35870.12890375156 1096.816039913157 -11943.11961956915 -8440.37703655219
 -16584.27722469319 35870.11218068418 1096.787694026414 -11943.28539055818 -8440.359183347638
 -16440.66434793839 35792.22169535605 1263.031360081027 -11961.76386975298 -8653.84669270081
 -16584.28571667469 35870.1344793925 1096.785785952358 -11943.28791673295 -8440.368543750026
 -16584.47085704733 35870.1249922801 1096.822316395505 -11943.11896557039 -8440.379445128929
 -16440.66756218956 35792.21980822121 1263.034655573509 -11961.76227800934 -8653.845901600651
 -16584.28569549507 35870.13443821126 1096.785978307274 -11943.28801461389 -8440.368625847592
 -16584.46999782145 35870.12892419271 1096.815856290295 -11943.11974367526 -8440.376953947256
 -16440.66466476779 35792.22160315639 1263.031522972161 -11961.76369661622 -8653.846781783424
 -16552.52290562666 36052.59812364553 968.7118993532944 -12215.83833259355 -8253.971900366711
 -16584.47091325752 35870.12556454351 1096.822416895065 -11943.11921295303 -8440.379626107138
 -16584.47085704733 35870.1249922801 1096.822316395505 -11943.11896557039 -8440.379445128929
 -16584.27922593789 35870.11277135542 1096.788876404562 -11943.28489367331 -8440.35933315116
 -16584.27922593789 35870.11277135542 1096.788876404562 -11943.28489367331 -8440.35933315116
 -16584.47085704733 35870.1249922801 1096.822316395505 -11943.11896557039 -8440.379445128929
 -16584.30750789029 35870.13823486598 1096.781574662896 -11943.26345050354 -8440.369896620636
 -16584.27722469319 35870.11218068418 1096.787694026414 -11943.28539055818 -8440.359183347638
 -16584.28569549507 35870.13443821126 1096.785978307274 -11943.28801461389 -8440.368625847592
 -16552.52084607203 36052.60037416709 968.7098603616326 -12215.84258889313 -8253.970103907346
 -16584.47031403668 35870.12889488583 1096.816005683022 -11943.11965679054 -8440.377026753715
 -16584.47085704733 35870.1249922801 1096.822316395505 -11943.11896557039 -8440.379445128929
 -16584.27976242096 35870.11271767732 1096.789103859597 -11943.28484792026 -8440.359134777726
 -16584.27722469319 35870.11218068418 1096.787694026414 -11943.28539055818 -8440.359183347638
 -16584.28571667469 35870.1344793925 1096.785785952358 -11943.28791673295 -8440.368543750026
 -16584.27722469319 35870.11218068418 1096.787694026414 -11943.28539055818 -8440.359183347638
 -16584.27722469319 35870.11218068418 1096.787694026414 -11943.28539055818 -8440.359183347638
 -16584.27734732007 35870.11225958625 1096.787669095472 -11943.28543271859 -8440.359154630412
 -16584.47085704733 35870.1249922801 1096.822316395505 -11943.11896557039 -8440.379445128929
 -16584.47085704733 35870.1249922801 1096.822316395505 -11943.11896557039 -8440.379445128929
 -16584.27722469319 35870.11218068418 1096.787694026414 -11943.28539055818 -8440.359183347638
 -16584.47031403668 35870.12889488583 1096.816005683022 -11943.11965679054 -8440.377026753715
 -16584.47085704733 35870.1249922801 1096.822316395505 -11943.11896557039 -8440.379445128929
 -16584.27722469319 35870.11218068418 1096.787694026414 -11943.28539055818 -8440.359183347638
 -16584.28569549507 35870.13443821126 1096.785978307274 -11943.28801461389 -8440.368625847592
 -16584.30803110667 35870.13794428259 1096.781493351988 -11943.2640487548 -8440.369187058064
 -16584.47085704733 35870.1249922801 1096.822316395505 -11943.11896557039 -8440.379445128929
 -16584.27922593789 35870.11277135542 1096.788876404562 -11943.28489367331 -8440.35933315116
 -16584.47045505379 35870.12875241729 1096.816139726684 -11943.11970979012 -8440.377138392678
 -16584.47126898265 35870.12470251197 1096.821501512694 -11943.11963311511 -8440.378772935803
 -16584.46999782145 35870.12892419271 1096.815856290295 -11943.11974367526 -8440.376953947256
 -16552.52360079892 36052.60190372835 968.7080661203996 -12215.84322089777 -8253.970008666445
 -16584.47085704733 35870.1249922801 1096.822316395505 -11943.11896557039 -8440.379445128929
 -16584.27722469319 35870.11218068418 1096.787694026414 -11943.28539055818 -8440.359183347638
 -16584.28571667469 35870.1344793925 1096.785785952358 -11943.28791673295 -8440.368543750026
 -16584.4712793933 35870.12463093964 1096.821500732333 -11943.11955718017 -8440.378674818523
 -16584.27722469319 35870.11218068418 1096.787694026414 -11943.28539055818 -8440.359183347638
 -16584.28571667469 35870.1344793925 1096.785785952358 -11943.28791673295 -8440.368543750026
 -16584.47085704733 35870.1249922801 1096.822316395505 -11943.11896557039 -8440.379445128929
 -16584.27842288017 35870.13375159805 1096.761550195806 -11943.28248697171 -8440.356297126813
 -16584.28569549507 35870.13443821126 1096.785978307274 -11943.28801461389 -8440.368625847592
 -16584.47085704733 35870.1249922801 1096.822316395505 -11943.11896557039 -8440.379445128929
 -16584.27922593789 35870.11277135542 1096.788876404562 -11943.28489367331 -8440.35933315116
 -16584.27922593789 35870.11277135542 1096.788876404562 -11943.28489367331 -8440.35933315116
 -16584.46872995417 35870.1294124993 1096.815767137484 -11943.12097750775 -8440.377693221944
