# Created by Octave 4.2.1, Mon Oct 09 18:52:59 2017 BRT <root@mosqueiro>
# name: pop
# type: matrix
# rows: 1000
# columns: 5
 9081.243428892962 -7533.838384846216 1009.045592386053 -5823.866049449894 3266.721008970499
 9081.243765327323 -7533.838776781087 1009.045427328079 -5823.865998343291 3266.721178152815
 9081.243765327323 -7533.838776781087 1009.045427328079 -5823.865998343291 3266.721178152815
 9081.243765327323 -7533.838776781087 1009.045427328079 -5823.865998343291 3266.721178152815
 9081.243765327323 -7533.838776781087 1009.045427328079 -5823.865998343291 3266.721178152815
 9081.2437651276 -7533.838775835753 1009.04542847625 -5823.865997639573 3266.721178372996
 9081.24342677652 -7533.838392498459 1009.045599197197 -5823.866049729405 3266.721003193129
 9081.24344458926 -7533.838364953293 1009.045567006836 -5823.866054364918 3266.721002596709
 9081.243765327323 -7533.838776781087 1009.045427328079 -5823.865998343291 3266.721178152815
 9081.243492820056 -7533.838472219379 1009.045666770657 -5823.866206965323 3266.721059713997
 9081.243416106958 -7533.838407736148 1009.0455853808 -5823.866036269315 3266.721037236613
 9081.243439925167 -7533.838399497996 1009.045598680041 -5823.866058719117 3266.721014074629
 9081.243440062493 -7533.838398657293 1009.045598550685 -5823.8660585354 3266.721014142292
 9081.243428129763 -7533.838384975635 1009.045592241377 -5823.866047400506 3266.721007917387
 9081.243764939318 -7533.838776263106 1009.045428323986 -5823.865997315747 3266.721178269719
 9081.243440062493 -7533.838398657293 1009.045598550685 -5823.8660585354 3266.721014142292
 9081.243428887943 -7533.838385393821 1009.045592158519 -5823.866049003891 3266.721006651377
 9081.243764939318 -7533.838776263106 1009.045428323986 -5823.865997315747 3266.721178269719
 9080.993135278142 -7533.754400991744 1008.983966230686 -5823.690400773156 3266.773282950066
 9081.098240118334 -7548.026449418366 1020.515659714393 -5826.999682596698 3272.717244371242
 9081.243417259968 -7533.838407784531 1009.045584602232 -5823.866036015657 3266.721037295751
 9080.991409933993 -7533.752787519996 1008.985227774924 -5823.691655347382 3266.773121377473
 9081.243440062493 -7533.838398657293 1009.045598550685 -5823.8660585354 3266.721014142292
 9081.243416106958 -7533.838407736148 1009.0455853808 -5823.866036269315 3266.721037236613
 9081.245110936743 -7533.834250692611 1009.046723768175 -5823.867725686171 3266.726172834818
 9081.243445827828 -7533.838367994023 1009.045566628639 -5823.86605147705 3266.721003977021
 9081.243440062493 -7533.838398657293 1009.045598550685 -5823.8660585354 3266.721014142292
 9081.243424464454 -7533.838364914471 1009.045599802386 -5823.866032803071 3266.72099851328
 9081.243722001333 -7533.83875326064 1009.045427867059 -5823.865977939973 3266.721177135943
 9081.098572517343 -7548.025742011394 1020.51542090064 -5826.998672826051 3272.716347959155
 9081.243765327323 -7533.838776781087 1009.045427328079 -5823.865998343291 3266.721178152815
 9081.243764317032 -7533.838777537459 1009.045429454639 -5823.865999341527 3266.721175863377
 9081.243765327323 -7533.838776781087 1009.045427328079 -5823.865998343291 3266.721178152815
 9081.243428400017 -7533.838385655003 1009.045592466201 -5823.866048824842 3266.721007039763
 9081.243440062493 -7533.838398657293 1009.045598550685 -5823.8660585354 3266.721014142292
 9081.243428400017 -7533.838385655003 1009.045592466201 -5823.866048824842 3266.721007039763
 9081.243765327323 -7533.838776781087 1009.045427328079 -5823.865998343291 3266.721178152815
 9081.243428400017 -7533.838385655003 1009.045592466201 -5823.866048824842 3266.721007039763
 9081.243440062493 -7533.838398657293 1009.045598550685 -5823.8660585354 3266.721014142292
 9081.243428400017 -7533.838385655003 1009.045592466201 -5823.866048824842 3266.721007039763
 9081.243440062493 -7533.838398657293 1009.045598550685 -5823.8660585354 3266.721014142292
 9081.243440062493 -7533.838398657293 1009.045598550685 -5823.8660585354 3266.721014142292
 9081.243428408774 -7533.838386064648 1009.045592599148 -5823.866048693943 3266.721007142871
 9081.243440062493 -7533.838398657293 1009.045598550685 -5823.8660585354 3266.721014142292
 9081.243440907596 -7533.838398412134 1009.045596970543 -5823.866058888898 3266.721015682652
 9081.243438647125 -7533.838399418834 1009.045597798682 -5823.866057860526 3266.721013429219
 9081.243440062493 -7533.838398657293 1009.045598550685 -5823.8660585354 3266.721014142292
 9081.243401480539 -7533.838354888437 1009.045594688101 -5823.86605424639 3266.721007897879
 9081.243440062493 -7533.838398657293 1009.045598550685 -5823.8660585354 3266.721014142292
 9081.24071940556 -7533.837006132148 1009.044571530481 -5823.865186465323 3266.722367531881
 9081.243765327323 -7533.838776781087 1009.045427328079 -5823.865998343291 3266.721178152815
 9081.243767337884 -7533.838771205887 1009.045423418933 -5823.86600077927 3266.72117748597
 9081.243722001333 -7533.83875326064 1009.045427867059 -5823.865977939973 3266.721177135943
 9081.243764939318 -7533.838776263106 1009.045428323986 -5823.865997315747 3266.721178269719
 9081.243428256757 -7533.838386657801 1009.04559328282 -5823.866047713861 3266.721008494223
 9081.243440062493 -7533.838398657293 1009.045598550685 -5823.8660585354 3266.721014142292
 9081.243428400017 -7533.838385655003 1009.045592466201 -5823.866048824842 3266.721007039763
 9081.243764939318 -7533.838776263106 1009.045428323986 -5823.865997315747 3266.721178269719
 9081.243765327323 -7533.838776781087 1009.045427328079 -5823.865998343291 3266.721178152815
 9081.243440062493 -7533.838398657293 1009.045598550685 -5823.8660585354 3266.721014142292
 9081.243401480539 -7533.838354888437 1009.045594688101 -5823.86605424639 3266.721007897879
 9082.390749826505 -7494.345115490374 981.097854007425 -5884.396083670688 3314.557570370737
 9081.243440273043 -7533.838398932181 1009.045598509435 -5823.866058935653 3266.721014782598
 9081.243421454787 -7533.838383345767 1009.045595735564 -5823.866046266947 3266.721001672429
 9081.243440062493 -7533.838398657293 1009.045598550685 -5823.8660585354 3266.721014142292
 9081.24342675462 -7533.838392586779 1009.045594796576 -5823.866046559611 3266.721014856904
 9081.243428400017 -7533.838385655003 1009.045592466201 -5823.866048824842 3266.721007039763
 9081.243440062493 -7533.838398657293 1009.045598550685 -5823.8660585354 3266.721014142292
 9081.243440062493 -7533.838398657293 1009.045598550685 -5823.8660585354 3266.721014142292
 9081.243440062493 -7533.838398657293 1009.045598550685 -5823.8660585354 3266.721014142292
 9081.243428928456 -7533.838384408893 1009.045593371683 -5823.866047159158 3266.721005374573
 9081.243428256757 -7533.838386657801 1009.04559328282 -5823.866047713861 3266.721008494223
 9081.243764939318 -7533.838776263106 1009.045428323986 -5823.865997315747 3266.721178269719
 9081.243440439435 -7533.838398863161 1009.045598393104 -5823.866058941719 3266.721014537322
 9081.243428256757 -7533.838386657801 1009.04559328282 -5823.866047713861 3266.721008494223
 9081.243429450893 -7533.838387164783 1009.045590714661 -5823.866048454071 3266.721007557951
 9081.243429200447 -7533.838385846288 1009.045593606899 -5823.866046837574 3266.721003647111
 9081.098936336668 -7548.025709413675 1020.516065270686 -5826.999919128728 3272.718015842527
 9081.243722001333 -7533.83875326064 1009.045427867059 -5823.865977939973 3266.721177135943
 9081.243401480539 -7533.838354888437 1009.045594688101 -5823.86605424639 3266.721007897879
 9081.243720894894 -7533.838753985922 1009.045427675378 -5823.865975452621 3266.721176701054
 9081.243401480539 -7533.838354888437 1009.045594688101 -5823.86605424639 3266.721007897879
 9081.243428400017 -7533.838385655003 1009.045592466201 -5823.866048824842 3266.721007039763
 9081.243440062493 -7533.838398657293 1009.045598550685 -5823.8660585354 3266.721014142292
 9081.243440273043 -7533.838398932181 1009.045598509435 -5823.866058935653 3266.721014782598
