# Created by Octave 4.2.1, Mon Oct 09 18:34:54 2017 BRT <root@mosqueiro>
# name: pop
# type: matrix
# rows: 1000
# columns: 5
 -8159.716472747979 7452.657826101266 -9348.319574884814 7530.915947201678 2523.488975149219
 -8159.716472747979 7452.657826101266 -9348.319574884814 7530.915947201678 2523.488975149219
 -8159.716472747979 7452.657826101266 -9348.319574884814 7530.915947201678 2523.488975149219
 -8159.716472747979 7452.657826101266 -9348.319574884814 7530.915947201678 2523.488975149219
 -8159.716472747979 7452.657826101266 -9348.319574884814 7530.915947201678 2523.488975149219
 -8159.5030069133 7452.555639758586 -9348.309377438829 7530.911231517393 2523.371102397376
 -8159.716472747979 7452.657826101266 -9348.319574884814 7530.915947201678 2523.488975149219
 -8159.716472747979 7452.657826101266 -9348.319574884814 7530.915947201678 2523.488975149219
 -8159.503320999906 7452.550262570833 -9348.319351788861 7530.916463175695 2523.382933184041
 -8159.716472747979 7452.657826101266 -9348.319574884814 7530.915947201678 2523.488975149219
 -8159.497837379237 7452.556675163131 -9348.31444570333 7530.91199299586 2523.371286922267
 -8159.506151441584 7452.564921041992 -9348.321590313375 7530.90597757209 2523.383095869476
 -8159.503320999906 7452.550262570833 -9348.319351788861 7530.916463175695 2523.382933184041
 -8159.458563794219 7452.575342117534 -9348.31045739402 7530.879528875303 2523.341083594729
 -8159.716472747979 7452.657826101266 -9348.319574884814 7530.915947201678 2523.488975149219
 -8159.503681452859 7452.549592048807 -9348.32235547695 7530.917093635685 2523.385954092939
 -8159.716472747979 7452.657826101266 -9348.319574884814 7530.915947201678 2523.488975149219
 -8159.716472747979 7452.657826101266 -9348.319574884814 7530.915947201678 2523.488975149219
 -8159.716472747979 7452.657826101266 -9348.319574884814 7530.915947201678 2523.488975149219
 -8159.505926506179 7452.564591749751 -9348.321753782195 7530.906272202698 2523.383291621566
 -8159.716472747979 7452.657826101266 -9348.319574884814 7530.915947201678 2523.488975149219
 -8159.716472747979 7452.657826101266 -9348.319574884814 7530.915947201678 2523.488975149219
 -8159.716472747979 7452.657826101266 -9348.319574884814 7530.915947201678 2523.488975149219
 -8159.716472747979 7452.657826101266 -9348.319574884814 7530.915947201678 2523.488975149219
 -8159.716580399028 7452.656285043726 -9348.318433997149 7530.917279382793 2523.488193091124
 -8159.714476898768 7452.656998166211 -9348.318410961854 7530.918321253706 2523.488227754377
 -8159.458250395956 7452.575371880208 -9348.310318219474 7530.87972367268 2523.34089925827
 -8159.488288556285 7452.574614893148 -9348.298803830025 7530.886131252041 2523.353762760844
 -8159.716472747979 7452.657826101266 -9348.319574884814 7530.915947201678 2523.488975149219
 -8159.716472747979 7452.657826101266 -9348.319574884814 7530.915947201678 2523.488975149219
 -8159.716472747979 7452.657826101266 -9348.319574884814 7530.915947201678 2523.488975149219
 -8159.716472747979 7452.657826101266 -9348.319574884814 7530.915947201678 2523.488975149219
 -8159.458250395956 7452.575371880208 -9348.310318219474 7530.87972367268 2523.34089925827
 -8159.50077123487 7452.555440538847 -9348.314812894319 7530.913468707367 2523.373894732969
 -8159.502195161221 7452.55621422796 -9348.314777806763 7530.919783792398 2523.36797742646
 -8159.506180372084 7452.56508253108 -9348.32134649913 7530.904971209542 2523.383370080153
 -8159.716472747979 7452.657826101266 -9348.319574884814 7530.915947201678 2523.488975149219
 -8159.506151441584 7452.564921041992 -9348.321590313375 7530.90597757209 2523.383095869476
 -8159.625394680014 7452.580406184163 -9348.203685733613 7531.063645630754 2523.212088467295
 -8159.716472747979 7452.657826101266 -9348.319574884814 7530.915947201678 2523.488975149219
 -8159.45826335339 7452.575531150205 -9348.309680014652 7530.8798532166 2523.340658030285
 -8159.506151441584 7452.564921041992 -9348.321590313375 7530.90597757209 2523.383095869476
 -8159.503320999906 7452.550262570833 -9348.319351788861 7530.916463175695 2523.382933184041
 -8159.716472747979 7452.657826101266 -9348.319574884814 7530.915947201678 2523.488975149219
 -8159.716888436461 7452.657860045513 -9348.319404221334 7530.915917218297 2523.489046267918
 -8159.625764849092 7452.580447525248 -9348.203725018417 7531.063703529334 2523.21216300934
 -8159.716472747979 7452.657826101266 -9348.319574884814 7530.915947201678 2523.488975149219
 -8159.45770960903 7452.576052890676 -9348.310459405704 7530.879504513466 2523.34045662058
 -8159.503861263249 7452.549795082256 -9348.322395400319 7530.917046351314 2523.385964879159
 -8159.716472747979 7452.657826101266 -9348.319574884814 7530.915947201678 2523.488975149219
 -8159.489555179312 7452.5740064541 -9348.299670342265 7530.88444911969 2523.351489545134
 -8159.503320999906 7452.550262570833 -9348.319351788861 7530.916463175695 2523.382933184041
 -8159.500704474723 7452.554418952471 -9348.315075868928 7530.912223615664 2523.374393324208
 -8159.716472747979 7452.657826101266 -9348.319574884814 7530.915947201678 2523.488975149219
 -8159.716472747979 7452.657826101266 -9348.319574884814 7530.915947201678 2523.488975149219
 -8159.46406463261 7452.573052281366 -9348.303228017772 7530.881552230563 2523.336289077119
 -8159.488288556285 7452.574614893148 -9348.298803830025 7530.886131252041 2523.353762760844
 -8159.506151441584 7452.564921041992 -9348.321590313375 7530.90597757209 2523.383095869476
 -8159.716472747979 7452.657826101266 -9348.319574884814 7530.915947201678 2523.488975149219
 -8159.625769280537 7452.580303699689 -9348.203664726254 7531.063787976781 2523.212234173358
 -8159.716472747979 7452.657826101266 -9348.319574884814 7530.915947201678 2523.488975149219
 -8159.716472747979 7452.657826101266 -9348.319574884814 7530.915947201678 2523.488975149219
 -8159.625535722298 7452.581085157524 -9348.203891077394 7531.063405187102 2523.211445338016
 -8159.716472747979 7452.657826101266 -9348.319574884814 7530.915947201678 2523.488975149219
 -8159.6257109613 7452.580575645567 -9348.203882738657 7531.063623483085 2523.211974886316
 -8159.497837379237 7452.556675163131 -9348.31444570333 7530.91199299586 2523.371286922267
 -8159.726658239339 7452.675582947621 -9348.301937884329 7530.878238057283 2523.502508315878
 -8159.503320999906 7452.550262570833 -9348.319351788861 7530.916463175695 2523.382933184041
 -8159.716472747979 7452.657826101266 -9348.319574884814 7530.915947201678 2523.488975149219
 -8159.716472747979 7452.657826101266 -9348.319574884814 7530.915947201678 2523.488975149219
 -8159.716453136856 7452.657567266819 -9348.319690125763 7530.915853681408 2523.489049879469
 -8159.716472747979 7452.657826101266 -9348.319574884814 7530.915947201678 2523.488975149219
 -8159.716472747979 7452.657826101266 -9348.319574884814 7530.915947201678 2523.488975149219
 -8159.716453136856 7452.657567266819 -9348.319690125763 7530.915853681408 2523.489049879469
 -8159.456379169182 7452.576236381753 -9348.310900144301 7530.88071582852 2523.336634832436
 -8159.717111029218 7452.656717904181 -9348.318680838418 7530.916833090895 2523.488238277674
 -8159.488288556285 7452.574614893148 -9348.298803830025 7530.886131252041 2523.353762760844
 -8159.717388855603 7452.668952606235 -9348.327812593994 7530.907553739055 2523.49623286525
 -8159.716472747979 7452.657826101266 -9348.319574884814 7530.915947201678 2523.488975149219
 -8159.716472747979 7452.657826101266 -9348.319574884814 7530.915947201678 2523.488975149219
 -8159.716472747979 7452.657826101266 -9348.319574884814 7530.915947201678 2523.488975149219
 -8159.503861263249 7452.549795082256 -9348.322395400319 7530.917046351314 2523.385964879159
 -8159.716472747979 7452.657826101266 -9348.319574884814 7530.915947201678 2523.488975149219
 -8159.500704474723 7452.554418952471 -9348.315075868928 7530.912223615664 2523.374393324208
 -8159.50219572479 7452.556118866741 -9348.31457254065 7530.919646626346 2523.367847487849
