# Created by Octave 4.2.1, Mon Oct 09 18:05:48 2017 BRT <root@mosqueiro>
# name: pop
# type: matrix
# rows: 1000
# columns: 5
 8123.400507989601 3727.060677770249 681.3911912756103 -9398.71000660814 -3087.135526407579
 8123.400507989601 3727.060677770249 681.3911912756103 -9398.71000660814 -3087.135526407579
 8123.400507989601 3727.060677770249 681.3911912756103 -9398.71000660814 -3087.135526407579
 8123.400507989601 3727.060677770249 681.3911912756103 -9398.71000660814 -3087.135526407579
 8123.400507989601 3727.060677770249 681.3911912756103 -9398.71000660814 -3087.135526407579
 8123.400507989601 3727.060677770249 681.3911912756103 -9398.71000660814 -3087.135526407579
 8123.400507989601 3727.060677770249 681.3911912756103 -9398.71000660814 -3087.135526407579
 -2340.369202066467 -3411.287005960465 9400.922742367784 -5288.37253683844 5746.658141216072
 8123.400507989601 3727.060677770249 681.3911912756103 -9398.71000660814 -3087.135526407579
 310.1708360068023 9750.878583054484 -6064.262213595761 3085.660117671878 -7137.586510480238
 -6192.348929907151 18522.21897163898 3629.023724363864 30951.46461990236 -5052.879494655286
 -2205.730834148056 5303.758530315286 6579.813481559475 -2321.582149389895 -7580.454536183493
 -4807.953135086203 -2701.850395783871 8646.957436301856 11714.62039056546 -3852.814928377354
 6092.693750078332 -4734.232440593259 6465.60983335333 -6756.737607229734 -978.1821931934828
 3845.927932451677 -5225.539090765675 7412.12656253286 341.9309649431962 -4251.456902165208
 8123.400507989601 3727.060677770249 681.3911912756103 -9398.71000660814 -3087.135526407579
 9323.040449146174 13176.64866418332 8835.423255119767 -7727.100915053204 -42058.63642857485
 -5180.271514193519 -4401.16450176446 4532.786609067334 2576.313862290473 -72.01814745017509
 8123.400507989601 3727.060677770249 681.3911912756103 -9398.71000660814 -3087.135526407579
 8123.400507989601 3727.060677770249 681.3911912756103 -9398.71000660814 -3087.135526407579
 8123.400507989601 3727.060677770249 681.3911912756103 -9398.71000660814 -3087.135526407579
 8123.400507989601 3727.060677770249 681.3911912756103 -9398.71000660814 -3087.135526407579
 11773.56129462247 -4188.106466047674 9511.562908384094 18380.801089683 -7103.001257432446
 8123.400507989601 3727.060677770249 681.3911912756103 -9398.71000660814 -3087.135526407579
 9113.473340463926 -565.7161337369348 2095.009567375498 -4091.469749897861 -5525.765240077668
 8123.400507989601 3727.060677770249 681.3911912756103 -9398.71000660814 -3087.135526407579
 8123.400507989601 3727.060677770249 681.3911912756103 -9398.71000660814 -3087.135526407579
 8123.400507989601 3727.060677770249 681.3911912756103 -9398.71000660814 -3087.135526407579
 -14472.31916576662 6120.521161481327 539.4798428001259 17984.9438919954 -2946.891512330734
 5162.74529180836 5235.3202489665 -3456.854558931027 -9916.565502467976 3096.332344487431
 -47679.17164441469 25911.32794824185 -4084.097573794059 -7229.561178521883 -9801.031817974661
 8123.400507989601 3727.060677770249 681.3911912756103 -9398.71000660814 -3087.135526407579
 7140.894688525663 -1611.459044033636 4249.309028712678 -9477.996577192554 7121.130441725942
 8123.400507989601 3727.060677770249 681.3911912756103 -9398.71000660814 -3087.135526407579
 -33744.02587210202 -31649.93803326832 -3617.697628411449 -6210.246383692585 7519.862530945108
 -17867.32360727618 -5384.177607252343 -37138.71787325636 45504.77734734924 21821.7176262968
 -26622.56473489538 -17753.89133946347 -19031.00073562485 6296.734967465886 5428.289228464873
 3845.927932451677 -5225.539090765675 7412.12656253286 341.9309649431962 -4251.456902165208
 310.1708360068023 9750.878583054484 -6064.262213595761 3085.660117671878 -7137.586510480238
 1241.455199310991 -4540.226218814506 -2481.453396189658 6523.103394184083 -1585.700950077638
 8123.400507989601 3727.060677770249 681.3911912756103 -9398.71000660814 -3087.135526407579
 8123.400507989601 3727.060677770249 681.3911912756103 -9398.71000660814 -3087.135526407579
 3638.276067682209 3516.704547963394 -6154.258322551877 -6962.785579236313 5924.83754726517
 -126.6761339414043 1496.039007672236 -529.4506209572446 7931.722821452971 -8935.400386322135
 310.1708360068023 9750.878583054484 -6064.262213595761 3085.660117671878 -7137.586510480238
 -16122.87608899295 -11697.65048449613 -16406.76628851515 -21901.48711601474 -34181.85354457611
 310.1708360068023 9750.878583054484 -6064.262213595761 3085.660117671878 -7137.586510480238
 8123.400507989601 3727.060677770249 681.3911912756103 -9398.71000660814 -3087.135526407579
 8123.400507989601 3727.060677770249 681.3911912756103 -9398.71000660814 -3087.135526407579
 -24736.33822446819 -12999.99685815085 10153.42442852193 2990.917425541958 -46748.45922149564
 -2590.933553551053 3971.905774741572 607.7931363153384 9098.869011371698 -1191.619473959874
 6498.544699627033 -8759.147917429455 8072.194198682235 1908.308047068036 -7640.721906209206
 18475.72145620998 22939.13807328808 27051.71686018227 14004.38481860105 -12905.19820236608
 -29883.70954276612 -558.7857163359022 -32288.95099074038 -11936.84428870411 -27885.30118398877
 310.1708360068023 9750.878583054484 -6064.262213595761 3085.660117671878 -7137.586510480238
 -827.3184370474009 7936.049333367984 -8276.699079027319 7386.440179847486 9878.508599657969
 8123.400507989601 3727.060677770249 681.3911912756103 -9398.71000660814 -3087.135526407579
 3638.276067682209 3516.704547963394 -6154.258322551877 -6962.785579236313 5924.83754726517
 4053.875178355429 50635.4825800152 41580.35087084423 -3709.867135336155 -57972.37989769073
 310.1708360068023 9750.878583054484 -6064.262213595761 3085.660117671878 -7137.586510480238
 746.5917023592301 -4008.361188214306 -2235.32843702109 4081.448838714228 3057.042688503074
 -509.1504772187764 2233.856310498923 -498.4980736361886 1772.522103133786 -3335.471838193095
 2033.895101502967 -2618.013911470268 1914.414072444131 718.9429433351397 1901.643468742153
 -274.1515753292788 -9320.976002998643 5669.182314996055 -9233.841162471877 135.0242404462169
 8123.400507989601 3727.060677770249 681.3911912756103 -9398.71000660814 -3087.135526407579
 27471.35328099057 -1260.006014984555 6318.01725595316 -16710.79425827274 9156.171548645989
 16245.35780065 7472.548149939574 -9678.609683625889 -32485.7148562457 -6118.317328051122
 -126.6761339414043 1496.039007672236 -529.4506209572446 7931.722821452971 -8935.400386322135
 310.1708360068023 9750.878583054484 -6064.262213595761 3085.660117671878 -7137.586510480238
 -16122.87608899295 -11697.65048449613 -16406.76628851515 -21901.48711601474 -34181.85354457611
 -6295.221812074531 2806.678287128745 -7971.36127081986 3042.819775715621 8260.936519905143
 -8592.662585051728 23401.58454058207 -2045.144238860335 -1350.93717458744 3773.779149480435
 8123.400507989601 3727.060677770249 681.3911912756103 -9398.71000660814 -3087.135526407579
 8123.400507989601 3727.060677770249 681.3911912756103 -9398.71000660814 -3087.135526407579
 -8054.208904321131 -9617.199752087883 -3585.303145303932 -5317.899998451176 -4487.077498894875
 -705.2097787059301 -7959.651715940338 5920.457542712196 -2364.452495620216 4787.740141355203
 6547.032863222337 2500.035753726658 -30908.32275098818 2139.90869404992 -38760.93485868094
 24613.29403660979 8120.571912896628 -9839.183631372802 7508.067272028043 -19723.33124445427
 11695.66708750659 4285.055260537599 1464.637087158567 -13718.37739379989 216.666977742289
 8123.400507989601 3727.060677770249 681.3911912756103 -9398.71000660814 -3087.135526407579
 8123.400507989601 3727.060677770249 681.3911912756103 -9398.71000660814 -3087.135526407579
 -509.1504772187764 2233.856310498923 -498.4980736361886 1772.522103133786 -3335.471838193095
 8123.400507989601 3727.060677770249 681.3911912756103 -9398.71000660814 -3087.135526407579
 -2376.954331796196 9345.595871395315 9808.279811557099 8257.748729932635 -5775.966790954606
