# Created by Octave 4.2.1, Mon Oct 09 18:12:21 2017 BRT <root@mosqueiro>
# name: pop
# type: matrix
# rows: 1000
# columns: 5
 34437.46413953289 7651.62171098212 -26568.42522921663 1104.619293018527 -16624.31331122501
 34437.46413953289 7651.62171098212 -26568.42522921663 1104.619293018527 -16624.31331122501
 34437.46413953289 7651.62171098212 -26568.42522921663 1104.619293018527 -16624.31331122501
 34437.46413953289 7651.62171098212 -26568.42522921663 1104.619293018527 -16624.31331122501
 34437.46413953289 7651.62171098212 -26568.42522921663 1104.619293018527 -16624.31331122501
 34583.89233128028 7895.119676093707 -27164.18293870356 587.3063706128597 -16509.43976537561
 34756.40330092981 7995.586430664207 -27046.68759611512 686.8750187560518 -16389.80441378051
 34756.40330092981 7995.586430664207 -27046.68759611512 686.8750187560518 -16389.80441378051
 35340.3863570156 10314.15270498457 -26005.72766203218 -1542.132731559948 -17316.94098693077
 37843.66692695089 5878.389393427641 -27292.11821277431 72.16031138580115 -17196.23368707658
 34437.46413953289 7651.62171098212 -26568.42522921663 1104.619293018527 -16624.31331122501
 35244.59745943566 7621.025707207334 -27066.65084660507 -350.4303339402451 -15450.67419048436
 34756.40330092981 7995.586430664207 -27046.68759611512 686.8750187560518 -16389.80441378051
 34437.46413953289 7651.62171098212 -26568.42522921663 1104.619293018527 -16624.31331122501
 34756.40330092981 7995.586430664207 -27046.68759611512 686.8750187560518 -16389.80441378051
 34756.40330092981 7995.586430664207 -27046.68759611512 686.8750187560518 -16389.80441378051
 35335.86306807564 8074.136557240166 -27292.81905772739 651.7088077732342 -16620.14961552216
 5246.009353789223 2403.356181608983 382.394607054747 -10702.25449747985 -1292.683393639487
 34756.40330092981 7995.586430664207 -27046.68759611512 686.8750187560518 -16389.80441378051
 34437.46413953289 7651.62171098212 -26568.42522921663 1104.619293018527 -16624.31331122501
 35340.3863570156 10314.15270498457 -26005.72766203218 -1542.132731559948 -17316.94098693077
 34437.46413953289 7651.62171098212 -26568.42522921663 1104.619293018527 -16624.31331122501
 34756.40330092981 7995.586430664207 -27046.68759611512 686.8750187560518 -16389.80441378051
 34437.46413953289 7651.62171098212 -26568.42522921663 1104.619293018527 -16624.31331122501
 34756.40330092981 7995.586430664207 -27046.68759611512 686.8750187560518 -16389.80441378051
 34437.46413953289 7651.62171098212 -26568.42522921663 1104.619293018527 -16624.31331122501
 34756.40330092981 7995.586430664207 -27046.68759611512 686.8750187560518 -16389.80441378051
 34756.40330092981 7995.586430664207 -27046.68759611512 686.8750187560518 -16389.80441378051
 35123.23030633857 7793.411208436765 -26873.30221514042 958.0530363715693 -16326.50623284733
 35868.61297406592 8211.721169294968 -28211.03095960714 557.8093388326944 -15474.87534409792
 34437.46413953289 7651.62171098212 -26568.42522921663 1104.619293018527 -16624.31331122501
 34756.40330092981 7995.586430664207 -27046.68759611512 686.8750187560518 -16389.80441378051
 34756.40330092981 7995.586430664207 -27046.68759611512 686.8750187560518 -16389.80441378051
 34888.78210632799 8290.518859591673 -27403.00615917246 725.5959043815305 -16499.67455946661
 34276.10777833455 8938.57755995655 -27561.2418817041 2028.564442719536 -16229.35625954022
 34756.40330092981 7995.586430664207 -27046.68759611512 686.8750187560518 -16389.80441378051
 34437.46413953289 7651.62171098212 -26568.42522921663 1104.619293018527 -16624.31331122501
 34071.19415014782 8423.128045437719 -26644.88710533072 1101.281370066261 -17077.83733897041
 34756.40330092981 7995.586430664207 -27046.68759611512 686.8750187560518 -16389.80441378051
 35006.67791762028 8317.275277921175 -27276.08921100757 356.3489087622193 -16513.52731729056
 34437.46413953289 7651.62171098212 -26568.42522921663 1104.619293018527 -16624.31331122501
 34670.41715101463 7747.521883208841 -26864.38383715724 373.0397264116219 -16705.39274256626
 34756.40330092981 7995.586430664207 -27046.68759611512 686.8750187560518 -16389.80441378051
 34756.40330092981 7995.586430664207 -27046.68759611512 686.8750187560518 -16389.80441378051
 35267.1458744235 7546.998435746447 -26440.00971058651 976.7172661478603 -16987.96973155665
 34756.40330092981 7995.586430664207 -27046.68759611512 686.8750187560518 -16389.80441378051
 34437.46413953289 7651.62171098212 -26568.42522921663 1104.619293018527 -16624.31331122501
 34756.40330092981 7995.586430664207 -27046.68759611512 686.8750187560518 -16389.80441378051
 9666.277386387259 -4485.778558473651 2798.649003464273 5072.195467077428 -5220.938095184133
 34437.46413953289 7651.62171098212 -26568.42522921663 1104.619293018527 -16624.31331122501
 34756.40330092981 7995.586430664207 -27046.68759611512 686.8750187560518 -16389.80441378051
 34437.46413953289 7651.62171098212 -26568.42522921663 1104.619293018527 -16624.31331122501
 34437.46413953289 7651.62171098212 -26568.42522921663 1104.619293018527 -16624.31331122501
 35673.80854192413 9646.136411025118 -27643.7877762134 897.5186984293728 -15481.28813129263
 34756.40330092981 7995.586430664207 -27046.68759611512 686.8750187560518 -16389.80441378051
 34989.28072598045 8011.836241631654 -27025.06199761133 995.4352306125049 -16915.81391761416
 34756.40330092981 7995.586430664207 -27046.68759611512 686.8750187560518 -16389.80441378051
 34437.46413953289 7651.62171098212 -26568.42522921663 1104.619293018527 -16624.31331122501
 34437.46413953289 7651.62171098212 -26568.42522921663 1104.619293018527 -16624.31331122501
 34756.40330092981 7995.586430664207 -27046.68759611512 686.8750187560518 -16389.80441378051
 34437.46413953289 7651.62171098212 -26568.42522921663 1104.619293018527 -16624.31331122501
 34732.83801334938 7772.336408169229 -27059.75680674526 926.970591748352 -16486.87461420439
 34756.40330092981 7995.586430664207 -27046.68759611512 686.8750187560518 -16389.80441378051
 34756.40330092981 7995.586430664207 -27046.68759611512 686.8750187560518 -16389.80441378051
 34437.46413953289 7651.62171098212 -26568.42522921663 1104.619293018527 -16624.31331122501
 34437.46413953289 7651.62171098212 -26568.42522921663 1104.619293018527 -16624.31331122501
 34863.49142527139 8453.449895302663 -26730.77928124342 937.1883733450054 -16254.35513324726
 34756.40330092981 7995.586430664207 -27046.68759611512 686.8750187560518 -16389.80441378051
 34105.33833382429 5134.58641940061 -22375.81254746349 -1586.953294164004 -12700.51757702417
 34756.40330092981 7995.586430664207 -27046.68759611512 686.8750187560518 -16389.80441378051
 34756.40330092981 7995.586430664207 -27046.68759611512 686.8750187560518 -16389.80441378051
 34470.22688327877 7899.940683216904 -27165.31734533973 892.5656670583896 -16346.56079264977
 34743.04148005677 8110.913660447104 -27080.71250909949 608.6573321095425 -16231.50065681137
 34437.46413953289 7651.62171098212 -26568.42522921663 1104.619293018527 -16624.31331122501
 34437.46413953289 7651.62171098212 -26568.42522921663 1104.619293018527 -16624.31331122501
 34729.54208452202 8339.985749301686 -26422.99516993833 1047.50415761664 -16157.59678170482
 34513.72637084209 7975.500105108817 -27141.60107426441 462.6725854626246 -16381.76881469539
 34756.40330092981 7995.586430664207 -27046.68759611512 686.8750187560518 -16389.80441378051
 34756.40330092981 7995.586430664207 -27046.68759611512 686.8750187560518 -16389.80441378051
 34756.40330092981 7995.586430664207 -27046.68759611512 686.8750187560518 -16389.80441378051
 34776.39897103133 7931.671004439064 -27060.43741454295 511.4691273958912 -16013.11361469658
 34756.40330092981 7995.586430664207 -27046.68759611512 686.8750187560518 -16389.80441378051
 34756.40330092981 7995.586430664207 -27046.68759611512 686.8750187560518 -16389.80441378051
 34529.48483732279 7741.452938736996 -26688.88269698904 1233.229521428808 -16509.87721180997
 34437.46413953289 7651.62171098212 -26568.42522921663 1104.619293018527 -16624.31331122501
