# Created by Octave 4.2.1, Mon Oct 09 18:19:55 2017 BRT <root@mosqueiro>
# name: pop
# type: matrix
# rows: 1000
# columns: 5
 34429.55900242923 7649.066325006471 -26569.92392285911 1104.804565592639 -16614.50596565108
 34429.55900059673 7649.06632572905 -26569.92392090345 1104.804564193684 -16614.50596529592
 34429.25824119872 7649.16999074749 -26569.80980658636 1104.666642919746 -16614.28506397978
 34429.5590003631 7649.0663267178 -26569.923923754 1104.804566830764 -16614.50596586715
 34429.25825084827 7649.169985724289 -26569.80981137476 1104.666644528647 -16614.28506491471
 34429.25824285256 7649.169992406521 -26569.80980342516 1104.666643312155 -16614.2850626519
 34429.25824282038 7649.169993592058 -26569.8098047627 1104.666641584627 -16614.28506531879
 34429.55900083219 7649.066324880768 -26569.92392151826 1104.804566752102 -16614.50596559532
 34441.55563819229 7648.743948903729 -26570.67408937174 1105.93592302752 -16626.57192839406
 34429.55880753971 7649.066299749782 -26569.92385845373 1104.804497761667 -16614.50573948949
 34429.55900265908 7649.066323418384 -26569.923921215 1104.804567858627 -16614.50596531756
 34429.55900265185 7649.066323455399 -26569.92392062644 1104.80456515343 -16614.50596364674
 34429.25824282038 7649.169993592058 -26569.8098047627 1104.666641584627 -16614.28506531879
 34429.25825662797 7649.17000636787 -26569.80981463184 1104.666650296507 -16614.28506247706
 34429.55900083219 7649.066324880768 -26569.92392151826 1104.804566752102 -16614.50596559532
 34429.25825304197 7649.169984382721 -26569.8098112015 1104.666644219295 -16614.28506627632
 34429.55900083219 7649.066324880768 -26569.92392151826 1104.804566752102 -16614.50596559532
 34429.25868493389 7649.16967232608 -26569.80953445946 1104.667030207615 -16614.28574475238
 34429.55899952581 7649.066324221 -26569.92392176404 1104.804565173122 -16614.50596426909
 34429.55874104612 7649.066298663138 -26569.92374945222 1104.804505498811 -16614.50579052552
 34429.55869152905 7649.066418724813 -26569.92373742028 1104.804577688318 -16614.50562476152
 34429.55900083219 7649.066324880768 -26569.92392151826 1104.804566752102 -16614.50596559532
 34429.25825084827 7649.169985724289 -26569.80981137476 1104.666644528647 -16614.28506491471
 34429.25859622372 7649.16985868894 -26569.80987169884 1104.666996671676 -16614.28574701708
 34429.5587398616 7649.066349232732 -26569.92389681901 1104.804509600677 -16614.50569647336
 34429.5590003631 7649.0663267178 -26569.923923754 1104.804566830764 -16614.50596586715
 34429.55889446673 7649.066317715186 -26569.92386034465 1104.804421826469 -16614.50575059639
 34429.55900083219 7649.066324880768 -26569.92392151826 1104.804566752102 -16614.50596559532
 34429.25824282038 7649.169993592058 -26569.8098047627 1104.666641584627 -16614.28506531879
 34429.55876394104 7649.066365768381 -26569.92385545887 1104.804485629504 -16614.5057035658
 34429.55900242923 7649.066325006471 -26569.92392285911 1104.804565592639 -16614.50596565108
 34429.55900242923 7649.066325006471 -26569.92392285911 1104.804565592639 -16614.50596565108
 34429.35359366841 7649.139313806506 -26569.81854014912 1104.65987911243 -16614.33424144662
 34429.25824282038 7649.169993592058 -26569.8098047627 1104.666641584627 -16614.28506531879
 34429.55874104612 7649.066298663138 -26569.92374945222 1104.804505498811 -16614.50579052552
 34429.55900083219 7649.066324880768 -26569.92392151826 1104.804566752102 -16614.50596559532
 34429.25825084827 7649.169985724289 -26569.80981137476 1104.666644528647 -16614.28506491471
 34429.55900083219 7649.066324880768 -26569.92392151826 1104.804566752102 -16614.50596559532
 34429.55900083219 7649.066324880768 -26569.92392151826 1104.804566752102 -16614.50596559532
 34429.55900083219 7649.066324880768 -26569.92392151826 1104.804566752102 -16614.50596559532
 34429.25825084827 7649.169985724289 -26569.80981137476 1104.666644528647 -16614.28506491471
 34429.55880743277 7649.066299231281 -26569.92386035984 1104.804497071406 -16614.50573929979
 34429.55877847392 7649.066296480122 -26569.92381229688 1104.804434066093 -16614.50571212769
 34429.55873871292 7649.066300604914 -26569.92374458405 1104.804494224777 -16614.50577800169
 34429.55876394104 7649.066365768381 -26569.92385545887 1104.804485629504 -16614.5057035658
 34429.35359030156 7649.139313244889 -26569.81853780757 1104.659883652594 -16614.33424372703
 34429.55900083219 7649.066324880768 -26569.92392151826 1104.804566752102 -16614.50596559532
 34429.5587398616 7649.066349232732 -26569.92389681901 1104.804509600677 -16614.50569647336
 34429.25824576414 7649.169992810635 -26569.80980368372 1104.666641412713 -16614.28506517731
 34429.25824703193 7649.169996541792 -26569.8098048828 1104.666630256322 -16614.2850640306
 34429.55900290827 7649.066326043055 -26569.92392239351 1104.804565954896 -16614.50596726264
 34429.25823133649 7649.169995758382 -26569.80982833999 1104.66664724087 -16614.28505423748
 34429.55890075295 7649.066196790642 -26569.9236425086 1104.804701164093 -16614.50577824173
 34429.55900083219 7649.066324880768 -26569.92392151826 1104.804566752102 -16614.50596559532
 34429.55900083219 7649.066324880768 -26569.92392151826 1104.804566752102 -16614.50596559532
 34429.55900155751 7649.066324243153 -26569.92391898769 1104.804563703546 -16614.50596486251
 34429.35359366841 7649.139313806506 -26569.81854014912 1104.65987911243 -16614.33424144662
 34429.55900083219 7649.066324880768 -26569.92392151826 1104.804566752102 -16614.50596559532
 34429.55900083219 7649.066324880768 -26569.92392151826 1104.804566752102 -16614.50596559532
 34429.55900083219 7649.066324880768 -26569.92392151826 1104.804566752102 -16614.50596559532
 34429.55876289923 7649.066365253436 -26569.92385737747 1104.804483945163 -16614.50570271103
 34429.55876477058 7649.066366127471 -26569.92385511125 1104.804484508499 -16614.50570255046
 34429.35359030156 7649.139313244889 -26569.81853780757 1104.659883652594 -16614.33424372703
 34429.55881561894 7649.066459258332 -26569.92384100224 1104.804450229294 -16614.50575442489
 34429.25824119872 7649.16999074749 -26569.80980658636 1104.666642919746 -16614.28506397978
 34429.55900083219 7649.066324880768 -26569.92392151826 1104.804566752102 -16614.50596559532
 34429.25825008766 7649.169998693706 -26569.80980557412 1104.666629508585 -16614.28506517746
 34429.55880753971 7649.066299749782 -26569.92385845373 1104.804497761667 -16614.50573948949
 34429.25824282038 7649.169993592058 -26569.8098047627 1104.666641584627 -16614.28506531879
 34429.5587398616 7649.066349232732 -26569.92389681901 1104.804509600677 -16614.50569647336
 34429.55900083219 7649.066324880768 -26569.92392151826 1104.804566752102 -16614.50596559532
 34429.55876394104 7649.066365768381 -26569.92385545887 1104.804485629504 -16614.5057035658
 34429.55858544266 7649.066557899117 -26569.92413825607 1104.804735667506 -16614.50562975724
 34429.25824291385 7649.169999031294 -26569.80980839025 1104.666645014972 -16614.28507121364
 34429.25824703193 7649.169996541792 -26569.8098048828 1104.666630256322 -16614.2850640306
 34429.35359030156 7649.139313244889 -26569.81853780757 1104.659883652594 -16614.33424372703
 34429.55900083219 7649.066324880768 -26569.92392151826 1104.804566752102 -16614.50596559532
 34429.55876733869 7649.06635859848 -26569.92384945103 1104.804479173958 -16614.50570986095
 34429.25824282038 7649.169993592058 -26569.8098047627 1104.666641584627 -16614.28506531879
 34429.55900083219 7649.066324880768 -26569.92392151826 1104.804566752102 -16614.50596559532
 34429.35359030156 7649.139313244889 -26569.81853780757 1104.659883652594 -16614.33424372703
 34429.25859622372 7649.16985868894 -26569.80987169884 1104.666996671676 -16614.28574701708
 34429.55900353428 7649.066325585793 -26569.92391953208 1104.804562658722 -16614.50596725574
 34429.25825084827 7649.169985724289 -26569.80981137476 1104.666644528647 -16614.28506491471
 34429.25824282038 7649.169993592058 -26569.8098047627 1104.666641584627 -16614.28506531879
