# Created by Octave 4.2.1, Mon Oct 09 17:59:41 2017 BRT <root@mosqueiro>
# name: pop
# type: matrix
# rows: 1000
# columns: 5
 -16552.52100525646 36052.60045669337 968.7099074196243 -12215.84252593436 -8253.970122373335
 -16440.66668095958 35792.22065509105 1263.033591707289 -11961.76191536736 -8653.846039054139
 -16584.28824324533 35870.13456647299 1096.785424290624 -11943.28823917834 -8440.3669949741
 -16584.28824324533 35870.13456647299 1096.785424290624 -11943.28823917834 -8440.3669949741
 -16584.28824324533 35870.13456647299 1096.785424290624 -11943.28823917834 -8440.3669949741
 -16584.48122748989 35870.10627412136 1096.873183589336 -11943.15299229944 -8440.377314352869
 -16584.48122748989 35870.10627412136 1096.873183589336 -11943.15299229944 -8440.377314352869
 -16551.82661461685 36052.87187126886 967.8847593432466 -12216.58889065528 -8253.367572374675
 -16584.48122748989 35870.10627412136 1096.873183589336 -11943.15299229944 -8440.377314352869
 -16584.28824324533 35870.13456647299 1096.785424290624 -11943.28823917834 -8440.3669949741
 -16440.70603574662 35792.06607202841 1263.133378311612 -11961.63284470794 -8653.873355909514
 -16440.70603574662 35792.06607202841 1263.133378311612 -11961.63284470794 -8653.873355909514
 -16551.82661461685 36052.87187126886 967.8847593432466 -12216.58889065528 -8253.367572374675
 -16551.82661461685 36052.87187126886 967.8847593432466 -12216.58889065528 -8253.367572374675
 -16440.70603574662 35792.06607202841 1263.133378311612 -11961.63284470794 -8653.873355909514
 -16440.70603574662 35792.06607202841 1263.133378311612 -11961.63284470794 -8653.873355909514
 -16440.70603574662 35792.06607202841 1263.133378311612 -11961.63284470794 -8653.873355909514
 -16440.86264136927 35794.729487116 1261.33842699749 -11964.52623008317 -8651.680128419544
 -16440.70603574662 35792.06607202841 1263.133378311612 -11961.63284470794 -8653.873355909514
 -16581.81091866519 35871.62577715135 1095.106834981222 -11948.81885045915 -8436.797965222238
 -16552.56620391195 36052.68058538763 968.7235154431094 -12215.93838861186 -8253.72967305826
 -16440.70603574662 35792.06607202841 1263.133378311612 -11961.63284470794 -8653.873355909514
 -16540.51017355762 35862.9363756378 1130.959603425411 -11931.47266692005 -8519.34640412813
 -16443.95983094301 35791.66061855508 1265.189019324558 -11956.63947091754 -8657.800830696138
 -16551.82661461685 36052.87187126886 967.8847593432466 -12216.58889065528 -8253.367572374675
 -16584.28824324533 35870.13456647299 1096.785424290624 -11943.28823917834 -8440.3669949741
 -16440.70603574662 35792.06607202841 1263.133378311612 -11961.63284470794 -8653.873355909514
 -16552.5762628971 36053.06615403722 968.0724233840492 -12216.53530016493 -8253.764665817384
 -16513.73302167171 36080.28752460614 888.7634589209595 -12190.42285144845 -8264.084932002001
 -16584.48122748989 35870.10627412136 1096.873183589336 -11943.15299229944 -8440.377314352869
 -16551.82661461685 36052.87187126886 967.8847593432466 -12216.58889065528 -8253.367572374675
 -16551.82661461685 36052.87187126886 967.8847593432466 -12216.58889065528 -8253.367572374675
 -16541.31908472799 35861.53415676658 1130.658049990322 -11932.25523222216 -8519.621651695401
 -16440.91705998186 35794.83504233787 1261.241327258449 -11964.81960387587 -8651.561761977337
 -16551.82661461685 36052.87187126886 967.8847593432466 -12216.58889065528 -8253.367572374675
 -16551.82661461685 36052.87187126886 967.8847593432466 -12216.58889065528 -8253.367572374675
 -16541.35189729916 35861.64367105984 1130.352668943631 -11932.17946253571 -8519.444158149401
 -16441.11073277978 35792.7289807994 1262.486951545777 -11961.806398661 -8653.131447905058
 -16440.70603574662 35792.06607202841 1263.133378311612 -11961.63284470794 -8653.873355909514
 -16551.82661461685 36052.87187126886 967.8847593432466 -12216.58889065528 -8253.367572374675
 -16440.70603574662 35792.06607202841 1263.133378311612 -11961.63284470794 -8653.873355909514
 -16584.48122748989 35870.10627412136 1096.873183589336 -11943.15299229944 -8440.377314352869
 -16440.70603574662 35792.06607202841 1263.133378311612 -11961.63284470794 -8653.873355909514
 -16440.66668095958 35792.22065509105 1263.033591707289 -11961.76191536736 -8653.846039054139
 -16440.86264136927 35794.729487116 1261.33842699749 -11964.52623008317 -8651.680128419544
 -16541.19401066909 35861.60616060274 1130.234462492728 -11931.8065716956 -8519.708030821044
 -16551.82661461685 36052.87187126886 967.8847593432466 -12216.58889065528 -8253.367572374675
 -16440.70603574662 35792.06607202841 1263.133378311612 -11961.63284470794 -8653.873355909514
 -16551.82661461685 36052.87187126886 967.8847593432466 -12216.58889065528 -8253.367572374675
 -16584.48122748989 35870.10627412136 1096.873183589336 -11943.15299229944 -8440.377314352869
 -16584.5337260363 35870.19115152534 1096.584339371974 -11943.16371852607 -8440.61565794277
 -16441.11073277978 35792.7289807994 1262.486951545777 -11961.806398661 -8653.131447905058
 -16584.28824324533 35870.13456647299 1096.785424290624 -11943.28823917834 -8440.3669949741
 -16440.70603574662 35792.06607202841 1263.133378311612 -11961.63284470794 -8653.873355909514
 -16584.28824324533 35870.13456647299 1096.785424290624 -11943.28823917834 -8440.3669949741
 -16440.70603574662 35792.06607202841 1263.133378311612 -11961.63284470794 -8653.873355909514
 -16584.06546110416 35870.01343554885 1096.805323739723 -11943.0392302703 -8440.743938361491
 -16584.48122748989 35870.10627412136 1096.873183589336 -11943.15299229944 -8440.377314352869
 -16584.48122748989 35870.10627412136 1096.873183589336 -11943.15299229944 -8440.377314352869
 -16551.82661461685 36052.87187126886 967.8847593432466 -12216.58889065528 -8253.367572374675
 -16581.81091866519 35871.62577715135 1095.106834981222 -11948.81885045915 -8436.797965222238
 -16584.48122748989 35870.10627412136 1096.873183589336 -11943.15299229944 -8440.377314352869
 -16440.86264136927 35794.729487116 1261.33842699749 -11964.52623008317 -8651.680128419544
 -16584.48122748989 35870.10627412136 1096.873183589336 -11943.15299229944 -8440.377314352869
 -16440.70603574662 35792.06607202841 1263.133378311612 -11961.63284470794 -8653.873355909514
 -16541.31908472799 35861.53415676658 1130.658049990322 -11932.25523222216 -8519.621651695401
 -16541.35189729916 35861.64367105984 1130.352668943631 -11932.17946253571 -8519.444158149401
 -16440.66668095958 35792.22065509105 1263.033591707289 -11961.76191536736 -8653.846039054139
 -16584.28824324533 35870.13456647299 1096.785424290624 -11943.28823917834 -8440.3669949741
 -16552.56620391195 36052.68058538763 968.7235154431094 -12215.93838861186 -8253.72967305826
 -16551.82661461685 36052.87187126886 967.8847593432466 -12216.58889065528 -8253.367572374675
 -16551.95976991695 36052.95775453732 967.8415530186669 -12216.60652256244 -8253.360099231088
 -16518.99035989391 36090.92713307136 887.6647246155026 -12179.27587718838 -8277.216897904904
 -16584.28824324533 35870.13456647299 1096.785424290624 -11943.28823917834 -8440.3669949741
 -16584.48122748989 35870.10627412136 1096.873183589336 -11943.15299229944 -8440.377314352869
 -16584.06546110416 35870.01343554885 1096.805323739723 -11943.0392302703 -8440.743938361491
 -16440.70603574662 35792.06607202841 1263.133378311612 -11961.63284470794 -8653.873355909514
 -16551.82661461685 36052.87187126886 967.8847593432466 -12216.58889065528 -8253.367572374675
 -16584.35535166136 35869.70542601657 1096.993569709561 -11943.13367001643 -8440.500365666718
 -16551.82661461685 36052.87187126886 967.8847593432466 -12216.58889065528 -8253.367572374675
 -16440.97437543227 35792.8318259833 1262.6674601148 -11961.79746903311 -8653.056457540481
 -16584.28824324533 35870.13456647299 1096.785424290624 -11943.28823917834 -8440.3669949741
 -16440.82213828787 35791.93233957933 1263.227722233206 -11961.62361088442 -8653.674898296316
 -16440.70603574662 35792.06607202841 1263.133378311612 -11961.63284470794 -8653.873355909514
