# Created by Octave 4.2.1, Mon Oct 09 18:22:03 2017 BRT <root@mosqueiro>
# name: pop
# type: matrix
# rows: 1000
# columns: 5
 -8050.497224522569 7754.819000622869 -9745.174986403241 7885.809393492465 2182.906102317827
 -8050.497224522569 7754.819000622869 -9745.174986403241 7885.809393492465 2182.906102317827
 -8050.497224522569 7754.819000622869 -9745.174986403241 7885.809393492465 2182.906102317827
 -8050.497224522569 7754.819000622869 -9745.174986403241 7885.809393492465 2182.906102317827
 -8050.497224522569 7754.819000622869 -9745.174986403241 7885.809393492465 2182.906102317827
 -8982.068609350337 3832.901854288424 -602.0520201826621 -1936.195953473016 7910.149505656722
 -8050.497224522569 7754.819000622869 -9745.174986403241 7885.809393492465 2182.906102317827
 -8050.497224522569 7754.819000622869 -9745.174986403241 7885.809393492465 2182.906102317827
 3216.511310404279 3704.845173688556 3361.147134664812 -3566.527232202522 -7054.887527303259
 -8050.497224522569 7754.819000622869 -9745.174986403241 7885.809393492465 2182.906102317827
 4102.027927468036 603.57547568478 1237.384169734298 4526.060963862556 8010.839541705745
 1833.666358969203 -628.4913170766304 414.8099710881324 -5476.61149184499 6476.952195576643
 -8050.497224522569 7754.819000622869 -9745.174986403241 7885.809393492465 2182.906102317827
 -9760.150763546757 -595.9779027982931 7266.662228673445 9794.820478921949 -6651.640212549273
 18272.58908310851 7593.44574762562 -10612.25187045143 41224.52306485918 7005.371572295362
 -3518.657311822453 -1159.161103475532 15887.82492042761 3841.263099553955 29966.0404300885
 -8050.497224522569 7754.819000622869 -9745.174986403241 7885.809393492465 2182.906102317827
 -2490.154437062997 9229.040769660354 -2196.279757847826 -20366.34601196495 -7773.226929330085
 3081.477978803536 6079.967458269097 -1420.509430685461 17559.9419128498 -19260.30096255806
 -8012.64419762343 7840.862845858956 1649.953745259845 2477.630504796391 -4018.293338203648
 2776.74942122798 9154.536023020635 477.6792326965224 7735.174090134959 -6477.755006311236
 -5372.596514610982 6774.71465134497 611.7228819540924 -1549.573128390128 -490.8218082489184
 3158.267581818454 -5915.122179399688 949.6329293597992 6553.457934536709 -4587.393137557279
 -8050.497224522569 7754.819000622869 -9745.174986403241 7885.809393492465 2182.906102317827
 3081.477978803536 6079.967458269097 -1420.509430685461 17559.9419128498 -19260.30096255806
 -5372.596514610982 6774.71465134497 611.7228819540924 -1549.573128390128 -490.8218082489184
 -8050.497224522569 7754.819000622869 -9745.174986403241 7885.809393492465 2182.906102317827
 -8050.497224522569 7754.819000622869 -9745.174986403241 7885.809393492465 2182.906102317827
 -5372.596514610982 6774.71465134497 611.7228819540924 -1549.573128390128 -490.8218082489184
 -8012.64419762343 7840.862845858956 1649.953745259845 2477.630504796391 -4018.293338203648
 -9760.150763546757 -595.9779027982931 7266.662228673445 9794.820478921949 -6651.640212549273
 -8050.497224522569 7754.819000622869 -9745.174986403241 7885.809393492465 2182.906102317827
 53.5108747291506 2569.745633329092 4886.016813941675 348.3720802449425 -7611.246572074318
 3158.267581818454 -5915.122179399688 949.6329293597992 6553.457934536709 -4587.393137557279
 -8012.64419762343 7840.862845858956 1649.953745259845 2477.630504796391 -4018.293338203648
 -8050.497224522569 7754.819000622869 -9745.174986403241 7885.809393492465 2182.906102317827
 -9119.112893927342 5905.338483597423 -5007.418203675124 881.4971276096512 8471.486197762009
 -5387.643937120513 -1216.044192096166 8812.404045802945 4583.267089188077 -1682.375793182897
 -8050.497224522569 7754.819000622869 -9745.174986403241 7885.809393492465 2182.906102317827
 5368.917588878774 -1802.12504854619 2452.098499116093 680.6259338340133 -5892.386112489728
 -8982.068609350337 3832.901854288424 -602.0520201826621 -1936.195953473016 7910.149505656722
 -8050.497224522569 7754.819000622869 -9745.174986403241 7885.809393492465 2182.906102317827
 -10817.37148912756 -9259.329769586915 -30293.83888782714 -5684.485981930811 -8189.027797614999
 5653.479047458432 -7686.202807388107 3325.420955153175 -8403.337465382278 9324.365460346045
 107.8446434514062 -8716.875648716046 2252.575783410155 7125.728123363097 1387.072195375429
 6122.250071785533 -8653.595369476876 9037.648166350551 -9509.049129221326 3138.445347356695
 -8050.497224522569 7754.819000622869 -9745.174986403241 7885.809393492465 2182.906102317827
 -8012.64419762343 7840.862845858956 1649.953745259845 2477.630504796391 -4018.293338203648
 9970.506334777114 4759.225967081164 5705.731523293995 8790.092417764467 5852.913486910405
 -2869.859190338197 -1974.667462217347 -2134.492240912019 3617.68111395131 3738.598769855435
 -2869.859190338197 -1974.667462217347 -2134.492240912019 3617.68111395131 3738.598769855435
 8544.283946036674 -4838.894962971706 -7645.163910819616 3161.042986986702 2888.315365164279
 5942.319652402959 3880.085707199112 -9870.198214084881 8376.43201993523 -8916.431813373048
 -21532.59088856464 6024.001654979887 10780.06866607467 -1702.086143054696 26484.8637718032
 -5372.596514610982 6774.71465134497 611.7228819540924 -1549.573128390128 -490.8218082489184
 -8050.497224522569 7754.819000622869 -9745.174986403241 7885.809393492465 2182.906102317827
 -8050.497224522569 7754.819000622869 -9745.174986403241 7885.809393492465 2182.906102317827
 10978.05470536365 30424.23331217811 -10230.95453992541 44943.50263738345 -28676.27194083996
 687.3572848928798 3037.754527138359 -4339.091649929064 4240.465247296368 607.5380802918789
 418.4935431875303 2762.396717633995 -19718.38149883639 -11486.49881003412 20462.21402530022
 -971.4802566379349 9159.485745076476 -7217.304038808508 -4343.349851449604 1493.479122912524
 8123.287413741444 -8694.432172282668 3810.91856286343 -4999.203456891438 1635.663027034507
 -10956.02835937951 -9300.057715252415 1747.252729522206 -30928.71520169757 -3311.025738859038
 1216.292322599067 -7234.115344134106 5850.747157809643 2881.330181257639 -563.1171431151361
 2413.047157449495 -6016.933834611039 275.307923263972 -5736.455660426784 8927.979581206779
 -2869.859190338197 -1974.667462217347 -2134.492240912019 3617.68111395131 3738.598769855435
 -7245.499897196431 1034.670960451303 7324.171706558667 2454.210069590037 -3364.62179080491
 -5372.596514610982 6774.71465134497 611.7228819540924 -1549.573128390128 -490.8218082489184
 -8050.497224522569 7754.819000622869 -9745.174986403241 7885.809393492465 2182.906102317827
 -9523.453425597223 7357.647130449182 6057.513451340901 3810.087755400164 -7252.8891483834
 -5372.596514610982 6774.71465134497 611.7228819540924 -1549.573128390128 -490.8218082489184
 6122.250071785533 -8653.595369476876 9037.648166350551 -9509.049129221326 3138.445347356695
 -8050.497224522569 7754.819000622869 -9745.174986403241 7885.809393492465 2182.906102317827
 6122.250071785533 -8653.595369476876 9037.648166350551 -9509.049129221326 3138.445347356695
 -8050.497224522569 7754.819000622869 -9745.174986403241 7885.809393492465 2182.906102317827
 7834.38255291618 -9989.326807538924 2541.291078347489 -8760.464731281389 8854.284072732527
 -8050.497224522569 7754.819000622869 -9745.174986403241 7885.809393492465 2182.906102317827
 -756.4286902822187 -2367.88657308001 3579.354393649257 -3876.245853104407 895.0311790068645
 -8050.497224522569 7754.819000622869 -9745.174986403241 7885.809393492465 2182.906102317827
 -834.8620908145385 -6281.03607569041 -4294.683009487607 2454.650831045974 -6422.328424558871
 7211.507091906973 4585.467508695197 -5027.296707308692 -8822.79522491665 3390.803701949397
 -5372.596514610982 6774.71465134497 611.7228819540924 -1549.573128390128 -490.8218082489184
 3158.267581818454 -5915.122179399688 949.6329293597992 6553.457934536709 -4587.393137557279
 536.186255267834 7932.864452635022 9054.24514092469 -6423.057963186598 -1789.832655562624
