# Created by Octave 4.2.1, Mon Oct 09 18:47:45 2017 BRT <root@mosqueiro>
# name: pop
# type: matrix
# rows: 1000
# columns: 5
 9082.350469366582 -7494.353405413507 981.1450526227173 -5884.375288045928 3314.568151268998
 9081.926996880327 -7534.193125914137 1008.441673114951 -5823.708184043399 3266.869812548241
 9081.926996880327 -7534.193125914137 1008.441673114951 -5823.708184043399 3266.869812548241
 9081.926996880327 -7534.193125914137 1008.441673114951 -5823.708184043399 3266.869812548241
 9081.926996880327 -7534.193125914137 1008.441673114951 -5823.708184043399 3266.869812548241
 9075.608202444577 -7496.719111126255 982.3712355178435 -5880.24721320879 3318.244409368437
 9065.17232302326 -7488.959037702348 986.554549750187 -5897.769184296464 3312.979649117641
 9082.765933897987 -7498.378756661972 980.8182017248783 -5881.845737117307 3316.093229840315
 9081.926996880327 -7534.193125914137 1008.441673114951 -5823.708184043399 3266.869812548241
 9082.350469366582 -7494.353405413507 981.1450526227173 -5884.375288045928 3314.568151268998
 9081.926996880327 -7534.193125914137 1008.441673114951 -5823.708184043399 3266.869812548241
 9079.739852731745 -7499.152850887862 982.5507358026067 -5878.607641337357 3318.008998513496
 9076.38850936006 -7538.068005398149 1010.506486489939 -5819.122642229347 3270.641809113035
 9082.765933897987 -7498.378756661972 980.8182017248783 -5881.845737117307 3316.093229840315
 8883.063417044888 -7490.887423446175 890.8446071170066 -5682.405033143895 3402.52530824829
 9080.260907470618 -7536.082913218218 1007.35542430912 -5822.12351018503 3273.291765226021
 9082.765933897987 -7498.378756661972 980.8182017248783 -5881.845737117307 3316.093229840315
 9082.765933897987 -7498.378756661972 980.8182017248783 -5881.845737117307 3316.093229840315
 8912.227811887955 -7494.512781545806 902.1878574718254 -5699.251372855883 3400.31023661975
 9082.765933897987 -7498.378756661972 980.8182017248783 -5881.845737117307 3316.093229840315
 9076.38850936006 -7538.068005398149 1010.506486489939 -5819.122642229347 3270.641809113035
 9946.710986178246 -3713.372022847215 -996.4070855104468 -6321.183563679647 1084.298594965864
 9082.765933897987 -7498.378756661972 980.8182017248783 -5881.845737117307 3316.093229840315
 9082.765933897987 -7498.378756661972 980.8182017248783 -5881.845737117307 3316.093229840315
 10032.96073777054 -3502.18842013098 -1176.847032466836 -6390.055932471987 1055.784517022441
 10020.69659662015 -3534.953701622277 -1181.064380536687 -6337.435742375596 1037.612916455149
 9076.38850936006 -7538.068005398149 1010.506486489939 -5819.122642229347 3270.641809113035
 8878.490280653166 -7481.251636722786 901.8523351525404 -5700.708049618951 3403.428086171573
 9081.926996880327 -7534.193125914137 1008.441673114951 -5823.708184043399 3266.869812548241
 9082.765933897987 -7498.378756661972 980.8182017248783 -5881.845737117307 3316.093229840315
 9076.38850936006 -7538.068005398149 1010.506486489939 -5819.122642229347 3270.641809113035
 9082.765933897987 -7498.378756661972 980.8182017248783 -5881.845737117307 3316.093229840315
 9082.765933897987 -7498.378756661972 980.8182017248783 -5881.845737117307 3316.093229840315
 9076.38850936006 -7538.068005398149 1010.506486489939 -5819.122642229347 3270.641809113035
 9081.252161855427 -7495.148052513581 971.7087724727298 -5876.972316825451 3322.083919121101
 9082.765933897987 -7498.378756661972 980.8182017248783 -5881.845737117307 3316.093229840315
 9076.38850936006 -7538.068005398149 1010.506486489939 -5819.122642229347 3270.641809113035
 9080.094375314075 -7500.547164640253 978.4970843580394 -5884.252234784271 3315.928885253371
 9081.926996880327 -7534.193125914137 1008.441673114951 -5823.708184043399 3266.869812548241
 9946.569489521928 -3719.098248126764 -996.2305221220179 -6316.782835816478 1074.543367354165
 9075.38668895463 -7495.696278989552 983.4121426998453 -5883.119400587397 3319.080721497379
 9075.608202444577 -7496.719111126255 982.3712355178435 -5880.24721320879 3318.244409368437
 9082.765933897987 -7498.378756661972 980.8182017248783 -5881.845737117307 3316.093229840315
 9076.38850936006 -7538.068005398149 1010.506486489939 -5819.122642229347 3270.641809113035
 10020.69659662015 -3534.953701622277 -1181.064380536687 -6337.435742375596 1037.612916455149
 10075.83145092924 -3495.921071989399 -1229.08064039201 -6371.09417128661 1020.493758886165
 9076.38850936006 -7538.068005398149 1010.506486489939 -5819.122642229347 3270.641809113035
 9082.765933897987 -7498.378756661972 980.8182017248783 -5881.845737117307 3316.093229840315
 9081.926996880327 -7534.193125914137 1008.441673114951 -5823.708184043399 3266.869812548241
 9082.765933897987 -7498.378756661972 980.8182017248783 -5881.845737117307 3316.093229840315
 9082.765933897987 -7498.378756661972 980.8182017248783 -5881.845737117307 3316.093229840315
 8870.30235480239 -7472.722236808861 902.6840503606107 -5703.825014072005 3408.905250814594
 8877.858400110652 -7473.653798206083 902.8232463263214 -5708.805755776167 3392.821559048549
 9082.765933897987 -7498.378756661972 980.8182017248783 -5881.845737117307 3316.093229840315
 9082.765933897987 -7498.378756661972 980.8182017248783 -5881.845737117307 3316.093229840315
 9082.765933897987 -7498.378756661972 980.8182017248783 -5881.845737117307 3316.093229840315
 9076.38850936006 -7538.068005398149 1010.506486489939 -5819.122642229347 3270.641809113035
 8892.486396282409 -7469.194482047036 905.580198613902 -5693.129207193259 3391.547611202816
 9081.828161591413 -7496.788807221854 983.3917367679624 -5878.175590314724 3322.449311914715
 9082.765933897987 -7498.378756661972 980.8182017248783 -5881.845737117307 3316.093229840315
 9082.765933897987 -7498.378756661972 980.8182017248783 -5881.845737117307 3316.093229840315
 9081.926996880327 -7534.193125914137 1008.441673114951 -5823.708184043399 3266.869812548241
 10035.25054310659 -3534.951076380134 -1172.753563447459 -6354.865695934933 1027.326295033131
 9076.38850936006 -7538.068005398149 1010.506486489939 -5819.122642229347 3270.641809113035
 8878.490280653166 -7481.251636722786 901.8523351525404 -5700.708049618951 3403.428086171573
 9077.155363304459 -7496.836836380165 982.3440710830872 -5882.987326152185 3316.064705306134
 9082.765933897987 -7498.378756661972 980.8182017248783 -5881.845737117307 3316.093229840315
 9082.765933897987 -7498.378756661972 980.8182017248783 -5881.845737117307 3316.093229840315
 9082.765933897987 -7498.378756661972 980.8182017248783 -5881.845737117307 3316.093229840315
 9081.807918070037 -7497.771166925116 981.9427934038042 -5884.638433667146 3318.921421719499
 9082.350469366582 -7494.353405413507 981.1450526227173 -5884.375288045928 3314.568151268998
 9082.765933897987 -7498.378756661972 980.8182017248783 -5881.845737117307 3316.093229840315
 9082.765933897987 -7498.378756661972 980.8182017248783 -5881.845737117307 3316.093229840315
 9082.765933897987 -7498.378756661972 980.8182017248783 -5881.845737117307 3316.093229840315
 9082.765933897987 -7498.378756661972 980.8182017248783 -5881.845737117307 3316.093229840315
 9081.926996880327 -7534.193125914137 1008.441673114951 -5823.708184043399 3266.869812548241
 9082.765933897987 -7498.378756661972 980.8182017248783 -5881.845737117307 3316.093229840315
 10035.25054310659 -3534.951076380134 -1172.753563447459 -6354.865695934933 1027.326295033131
 9082.765933897987 -7498.378756661972 980.8182017248783 -5881.845737117307 3316.093229840315
 9082.350469366582 -7494.353405413507 981.1450526227173 -5884.375288045928 3314.568151268998
 9082.765933897987 -7498.378756661972 980.8182017248783 -5881.845737117307 3316.093229840315
 9082.765933897987 -7498.378756661972 980.8182017248783 -5881.845737117307 3316.093229840315
 9082.765933897987 -7498.378756661972 980.8182017248783 -5881.845737117307 3316.093229840315
 10021.69431435506 -3537.349112898359 -1184.444455143835 -6338.432340912919 1031.115375320913
