# Created by Octave 4.2.1, Mon Oct 09 17:43:21 2017 BRT <root@mosqueiro>
# name: pop
# type: matrix
# rows: 1000
# columns: 5
 1894.547384573162 -7735.897652139086 -5816.454634161983 9336.988216417771 2319.609892752493
 1894.555764451814 -7736.342349177852 -5816.056682373383 9337.247028625519 2319.390109767008
 1894.63078678875 -7735.96570788648 -5816.43511540208 9336.979793136456 2319.586368688131
 1894.63078678875 -7735.96570788648 -5816.43511540208 9336.979793136456 2319.586368688131
 1894.63078678875 -7735.96570788648 -5816.43511540208 9336.979793136456 2319.586368688131
 3400.259973031626 -6560.317072239817 -6213.254865011504 7876.198479912416 1496.497748584629
 1894.63078678875 -7735.96570788648 -5816.43511540208 9336.979793136456 2319.586368688131
 1894.666679390962 -7736.045677480757 -5816.46583478447 9337.058994389525 2319.495829863221
 1894.63078678875 -7735.96570788648 -5816.43511540208 9336.979793136456 2319.586368688131
 3468.907944964249 -6521.262844917172 -6169.130732236232 7740.275787839346 1485.647539160236
 1894.538498365718 -7736.05050337938 -5816.294036806707 9337.07187615882 2319.627129047392
 3399.546100098971 -6560.616245653812 -6212.857034115816 7876.341922951303 1496.474385920623
 1894.63078678875 -7735.96570788648 -5816.43511540208 9336.979793136456 2319.586368688131
 3399.546100098971 -6560.616245653812 -6212.857034115816 7876.341922951303 1496.474385920623
 1894.63078678875 -7735.96570788648 -5816.43511540208 9336.979793136456 2319.586368688131
 1894.63078678875 -7735.96570788648 -5816.43511540208 9336.979793136456 2319.586368688131
 1894.63078678875 -7735.96570788648 -5816.43511540208 9336.979793136456 2319.586368688131
 1894.63078678875 -7735.96570788648 -5816.43511540208 9336.979793136456 2319.586368688131
 1894.547384573162 -7735.897652139086 -5816.454634161983 9336.988216417771 2319.609892752493
 1894.471528633321 -7736.008213232323 -5816.25910322971 9336.829925787055 2319.042604758539
 3399.546100098971 -6560.616245653812 -6212.857034115816 7876.341922951303 1496.474385920623
 1894.63078678875 -7735.96570788648 -5816.43511540208 9336.979793136456 2319.586368688131
 1894.63078678875 -7735.96570788648 -5816.43511540208 9336.979793136456 2319.586368688131
 1894.63078678875 -7735.96570788648 -5816.43511540208 9336.979793136456 2319.586368688131
 1894.63078678875 -7735.96570788648 -5816.43511540208 9336.979793136456 2319.586368688131
 1894.63078678875 -7735.96570788648 -5816.43511540208 9336.979793136456 2319.586368688131
 1894.70324069203 -7735.964347404578 -5816.43075575337 9337.042575201456 2319.272403119713
 3398.647706121651 -6559.863887209169 -6213.371305428795 7876.991881946426 1495.384686844076
 1894.63078678875 -7735.96570788648 -5816.43511540208 9336.979793136456 2319.586368688131
 3466.790102693994 -6527.202469530374 -6170.451484904144 7740.277226715088 1491.899616527543
 1894.63078678875 -7735.96570788648 -5816.43511540208 9336.979793136456 2319.586368688131
 1894.63078678875 -7735.96570788648 -5816.43511540208 9336.979793136456 2319.586368688131
 3399.96513702042 -6560.764830045736 -6212.529253479069 7876.228462474272 1496.860835312032
 1894.63078678875 -7735.96570788648 -5816.43511540208 9336.979793136456 2319.586368688131
 1894.63078678875 -7735.96570788648 -5816.43511540208 9336.979793136456 2319.586368688131
 1894.419421458928 -7735.883648746387 -5816.432249180742 9337.188283255571 2319.696282483228
 1894.63078678875 -7735.96570788648 -5816.43511540208 9336.979793136456 2319.586368688131
 1894.63078678875 -7735.96570788648 -5816.43511540208 9336.979793136456 2319.586368688131
 1894.63078678875 -7735.96570788648 -5816.43511540208 9336.979793136456 2319.586368688131
 1894.63078678875 -7735.96570788648 -5816.43511540208 9336.979793136456 2319.586368688131
 1895.858706127871 -7736.080635000854 -5816.239605907434 9336.618119497722 2318.298273229694
 1894.63078678875 -7735.96570788648 -5816.43511540208 9336.979793136456 2319.586368688131
 1894.63078678875 -7735.96570788648 -5816.43511540208 9336.979793136456 2319.586368688131
 1894.63078678875 -7735.96570788648 -5816.43511540208 9336.979793136456 2319.586368688131
 1895.351920121356 -7735.933476765481 -5816.46816925133 9337.188753770197 2319.829458291435
 1894.63078678875 -7735.96570788648 -5816.43511540208 9336.979793136456 2319.586368688131
 1894.63078678875 -7735.96570788648 -5816.43511540208 9336.979793136456 2319.586368688131
 1894.63078678875 -7735.96570788648 -5816.43511540208 9336.979793136456 2319.586368688131
 1894.63078678875 -7735.96570788648 -5816.43511540208 9336.979793136456 2319.586368688131
 1894.63078678875 -7735.96570788648 -5816.43511540208 9336.979793136456 2319.586368688131
 3399.546100098971 -6560.616245653812 -6212.857034115816 7876.341922951303 1496.474385920623
 1894.63078678875 -7735.96570788648 -5816.43511540208 9336.979793136456 2319.586368688131
 1894.63078678875 -7735.96570788648 -5816.43511540208 9336.979793136456 2319.586368688131
 1894.63078678875 -7735.96570788648 -5816.43511540208 9336.979793136456 2319.586368688131
 3419.175662332586 -6556.403700788783 -6215.245329403893 7850.386449676182 1499.618844039706
 1894.63078678875 -7735.96570788648 -5816.43511540208 9336.979793136456 2319.586368688131
 1894.63078678875 -7735.96570788648 -5816.43511540208 9336.979793136456 2319.586368688131
 1894.419421458928 -7735.883648746387 -5816.432249180742 9337.188283255571 2319.696282483228
 1894.63078678875 -7735.96570788648 -5816.43511540208 9336.979793136456 2319.586368688131
 1894.761730149964 -7736.408132378158 -5817.07714955193 9337.127640030663 2318.538042546886
 1894.63078678875 -7735.96570788648 -5816.43511540208 9336.979793136456 2319.586368688131
 1894.63078678875 -7735.96570788648 -5816.43511540208 9336.979793136456 2319.586368688131
 3399.546100098971 -6560.616245653812 -6212.857034115816 7876.341922951303 1496.474385920623
 1894.653110715878 -7736.018504757077 -5816.426893479689 9337.039356227064 2319.560959745143
 1894.63078678875 -7735.96570788648 -5816.43511540208 9336.979793136456 2319.586368688131
 1894.540206225333 -7736.099810740029 -5816.348562190947 9337.001759223844 2319.462726436113
 1894.63078678875 -7735.96570788648 -5816.43511540208 9336.979793136456 2319.586368688131
 1894.63078678875 -7735.96570788648 -5816.43511540208 9336.979793136456 2319.586368688131
 1893.168996087074 -7735.85602269621 -5815.752635469117 9336.435649477502 2320.716708827034
 1896.464646440154 -7734.820490860723 -5816.566322370111 9335.250093910337 2320.453905609782
 3399.546100098971 -6560.616245653812 -6212.857034115816 7876.341922951303 1496.474385920623
 1894.63078678875 -7735.96570788648 -5816.43511540208 9336.979793136456 2319.586368688131
 1894.906109694206 -7735.977712448571 -5816.664848034162 9337.104068775549 2319.397951606378
 3399.546100098971 -6560.616245653812 -6212.857034115816 7876.341922951303 1496.474385920623
 1894.63078678875 -7735.96570788648 -5816.43511540208 9336.979793136456 2319.586368688131
 3422.15046335845 -6532.815356815169 -6265.417127693077 7861.634472104336 1513.321432046972
 3390.397561051208 -6562.275856863978 -6225.723923490183 7881.378664908618 1486.586829889272
 1894.393216046267 -7735.952252463319 -5815.774525238897 9337.17397574867 2319.061466169064
 1894.63078678875 -7735.96570788648 -5816.43511540208 9336.979793136456 2319.586368688131
 1894.555764451814 -7736.342349177852 -5816.056682373383 9337.247028625519 2319.390109767008
 1894.63078678875 -7735.96570788648 -5816.43511540208 9336.979793136456 2319.586368688131
 3401.187299296357 -6561.154675844202 -6213.054070938681 7878.038915617467 1496.716798907441
 1894.63078678875 -7735.96570788648 -5816.43511540208 9336.979793136456 2319.586368688131
 1894.379302652463 -7736.552006717995 -5816.69492981583 9336.74046267218 2318.618615154035
 1894.555764451814 -7736.342349177852 -5816.056682373383 9337.247028625519 2319.390109767008
 1894.63078678875 -7735.96570788648 -5816.43511540208 9336.979793136456 2319.586368688131
