# Created by Octave 4.2.1, Mon Oct 09 18:23:00 2017 BRT <root@mosqueiro>
# name: pop
# type: matrix
# rows: 1000
# columns: 5
 -8050.497224522569 7754.819000622869 -9745.174986403241 7885.809393492465 2182.906102317827
 -8050.497224522569 7754.819000622869 -9745.174986403241 7885.809393492465 2182.906102317827
 -8050.497224522569 7754.819000622869 -9745.174986403241 7885.809393492465 2182.906102317827
 -8050.497224522569 7754.819000622869 -9745.174986403241 7885.809393492465 2182.906102317827
 -8050.497224522569 7754.819000622869 -9745.174986403241 7885.809393492465 2182.906102317827
 889.8229279760126 -5078.217220560773 25733.45410512633 -6612.97743711411 -28211.19050263981
 3158.267581818454 -5915.122179399688 949.6329293597992 6553.457934536709 -4587.393137557279
 -8050.497224522569 7754.819000622869 -9745.174986403241 7885.809393492465 2182.906102317827
 -8050.497224522569 7754.819000622869 -9745.174986403241 7885.809393492465 2182.906102317827
 -8050.497224522569 7754.819000622869 -9745.174986403241 7885.809393492465 2182.906102317827
 16214.06188320263 9215.626941355811 -12188.25921048305 10249.66077162126 15296.19166863635
 -8050.497224522569 7754.819000622869 -9745.174986403241 7885.809393492465 2182.906102317827
 -9760.150763546757 -595.9779027982931 7266.662228673445 9794.820478921949 -6651.640212549273
 -8050.497224522569 7754.819000622869 -9745.174986403241 7885.809393492465 2182.906102317827
 -11145.03125376142 -12859.67258188862 -16960.37655642004 18140.01401529195 485.8246744410726
 -8050.497224522569 7754.819000622869 -9745.174986403241 7885.809393492465 2182.906102317827
 3158.267581818454 -5915.122179399688 949.6329293597992 6553.457934536709 -4587.393137557279
 -15004.03183739143 6410.336645563346 -12279.43512327567 -12709.84895820243 5691.714980299866
 -8050.497224522569 7754.819000622869 -9745.174986403241 7885.809393492465 2182.906102317827
 -8050.497224522569 7754.819000622869 -9745.174986403241 7885.809393492465 2182.906102317827
 11287.74017703799 19448.17121584769 14509.07106764265 2279.679971500144 -11928.55634517083
 -8050.497224522569 7754.819000622869 -9745.174986403241 7885.809393492465 2182.906102317827
 10282.92471255232 -41812.68917355154 -35142.48744296381 -39480.45911148014 46324.06701365739
 -8050.497224522569 7754.819000622869 -9745.174986403241 7885.809393492465 2182.906102317827
 -8050.497224522569 7754.819000622869 -9745.174986403241 7885.809393492465 2182.906102317827
 -8050.497224522569 7754.819000622869 -9745.174986403241 7885.809393492465 2182.906102317827
 -8050.497224522569 7754.819000622869 -9745.174986403241 7885.809393492465 2182.906102317827
 -15146.12436959904 6142.531597971093 -9317.078205958054 6059.677288608747 27760.11144151536
 2377.061236130724 -17559.24528076896 -26971.14542932814 -23294.41801551114 5301.928648608566
 -8050.497224522569 7754.819000622869 -9745.174986403241 7885.809393492465 2182.906102317827
 -8050.497224522569 7754.819000622869 -9745.174986403241 7885.809393492465 2182.906102317827
 -8012.64419762343 7840.862845858956 1649.953745259845 2477.630504796391 -4018.293338203648
 -8050.497224522569 7754.819000622869 -9745.174986403241 7885.809393492465 2182.906102317827
 -8050.497224522569 7754.819000622869 -9745.174986403241 7885.809393492465 2182.906102317827
 -10699.9580109288 23851.85277449049 -6440.705941686632 34939.51636648267 27476.76095957738
 -8050.497224522569 7754.819000622869 -9745.174986403241 7885.809393492465 2182.906102317827
 -10265.61846410933 32116.49818685854 10556.4403248015 -27265.86512586666 -10788.58939468399
 -8050.497224522569 7754.819000622869 -9745.174986403241 7885.809393492465 2182.906102317827
 3158.267581818454 -5915.122179399688 949.6329293597992 6553.457934536709 -4587.393137557279
 -8050.497224522569 7754.819000622869 -9745.174986403241 7885.809393492465 2182.906102317827
 -8050.497224522569 7754.819000622869 -9745.174986403241 7885.809393492465 2182.906102317827
 107.8446434514062 -8716.875648716046 2252.575783410155 7125.728123363097 1387.072195375429
 -8012.64419762343 7840.862845858956 1649.953745259845 2477.630504796391 -4018.293338203648
 -8050.497224522569 7754.819000622869 -9745.174986403241 7885.809393492465 2182.906102317827
 -8050.497224522569 7754.819000622869 -9745.174986403241 7885.809393492465 2182.906102317827
 9462.871814833466 16571.32698056829 -31601.84585371541 33913.8993377229 3105.947022213824
 -8050.497224522569 7754.819000622869 -9745.174986403241 7885.809393492465 2182.906102317827
 -8050.497224522569 7754.819000622869 -9745.174986403241 7885.809393492465 2182.906102317827
 -40183.53862228746 -12586.07498709293 -6323.473527797396 15639.72298104296 22878.8931368287
 -8050.497224522569 7754.819000622869 -9745.174986403241 7885.809393492465 2182.906102317827
 -8050.497224522569 7754.819000622869 -9745.174986403241 7885.809393492465 2182.906102317827
 -8050.497224522569 7754.819000622869 -9745.174986403241 7885.809393492465 2182.906102317827
 -8050.497224522569 7754.819000622869 -9745.174986403241 7885.809393492465 2182.906102317827
 -8050.497224522569 7754.819000622869 -9745.174986403241 7885.809393492465 2182.906102317827
 -5372.596514610982 6774.71465134497 611.7228819540924 -1549.573128390128 -490.8218082489184
 -14595.46185948589 -5233.938572318534 -4572.107157469209 31998.12446610569 -176.5363506090507
 -8050.497224522569 7754.819000622869 -9745.174986403241 7885.809393492465 2182.906102317827
 -8050.497224522569 7754.819000622869 -9745.174986403241 7885.809393492465 2182.906102317827
 -8050.497224522569 7754.819000622869 -9745.174986403241 7885.809393492465 2182.906102317827
 3021.134215121812 -581.3778423049262 1524.85743858221 -6905.004020767723 3842.545277598756
 11012.8759899659 -25287.20249443907 -24702.23997372226 -30085.54092208095 28358.1078854235
 53.5108747291506 2569.745633329092 4886.016813941675 348.3720802449425 -7611.246572074318
 2776.74942122798 9154.536023020635 477.6792326965224 7735.174090134959 -6477.755006311236
 -8012.64419762343 7840.862845858956 1649.953745259845 2477.630504796391 -4018.293338203648
 889.8229279760126 -5078.217220560773 25733.45410512633 -6612.97743711411 -28211.19050263981
 -8050.497224522569 7754.819000622869 -9745.174986403241 7885.809393492465 2182.906102317827
 -8050.497224522569 7754.819000622869 -9745.174986403241 7885.809393492465 2182.906102317827
 8843.736950317405 -2247.9627630602 -9154.96219563209 7640.214459716663 -3066.046308462397
 -8050.497224522569 7754.819000622869 -9745.174986403241 7885.809393492465 2182.906102317827
 -8050.497224522569 7754.819000622869 -9745.174986403241 7885.809393492465 2182.906102317827
 -8050.497224522569 7754.819000622869 -9745.174986403241 7885.809393492465 2182.906102317827
 -9760.150763546757 -595.9779027982931 7266.662228673445 9794.820478921949 -6651.640212549273
 -8050.497224522569 7754.819000622869 -9745.174986403241 7885.809393492465 2182.906102317827
 -8050.497224522569 7754.819000622869 -9745.174986403241 7885.809393492465 2182.906102317827
 -9760.150763546757 -595.9779027982931 7266.662228673445 9794.820478921949 -6651.640212549273
 -7597.958186309077 8345.135896807373 12840.42257236001 -13731.70051779406 25454.0947764601
 -8050.497224522569 7754.819000622869 -9745.174986403241 7885.809393492465 2182.906102317827
 3158.267581818454 -5915.122179399688 949.6329293597992 6553.457934536709 -4587.393137557279
 -8050.497224522569 7754.819000622869 -9745.174986403241 7885.809393492465 2182.906102317827
 -8050.497224522569 7754.819000622869 -9745.174986403241 7885.809393492465 2182.906102317827
 -8050.497224522569 7754.819000622869 -9745.174986403241 7885.809393492465 2182.906102317827
 -21844.45226442917 13601.92460936597 -26407.73412068923 3911.31341260481 -41138.40895960131
 -8050.497224522569 7754.819000622869 -9745.174986403241 7885.809393492465 2182.906102317827
 -8050.497224522569 7754.819000622869 -9745.174986403241 7885.809393492465 2182.906102317827
