# Created by Octave 4.2.1, Mon Oct 09 18:20:16 2017 BRT <root@mosqueiro>
# name: pop
# type: matrix
# rows: 1000
# columns: 5
 34429.25825105061 7649.169985762097 -26569.80981150673 1104.666644695694 -16614.28506547345
 34429.35359352869 7649.139313340809 -26569.81854003521 1104.659878987641 -16614.33424128054
 34429.55900056395 7649.066324438947 -26569.92392110087 1104.804566266424 -16614.50596565041
 34429.55900242923 7649.066325006471 -26569.92392285911 1104.804565592639 -16614.50596565108
 34429.55900242923 7649.066325006471 -26569.92392285911 1104.804565592639 -16614.50596565108
 34429.55900083219 7649.066324880768 -26569.92392151826 1104.804566752102 -16614.50596559532
 34429.25825105061 7649.169985762097 -26569.80981150673 1104.666644695694 -16614.28506547345
 34429.55900083219 7649.066324880768 -26569.92392151826 1104.804566752102 -16614.50596559532
 34429.55900083219 7649.066324880768 -26569.92392151826 1104.804566752102 -16614.50596559532
 34429.55900059673 7649.06632572905 -26569.92392090345 1104.804564193684 -16614.50596529592
 34429.25824282038 7649.169993592058 -26569.8098047627 1104.666641584627 -16614.28506531879
 34429.55874104612 7649.066298663138 -26569.92374945222 1104.804505498811 -16614.50579052552
 34429.35359030156 7649.139313244889 -26569.81853780757 1104.659883652594 -16614.33424372703
 34429.55900059673 7649.06632572905 -26569.92392090345 1104.804564193684 -16614.50596529592
 34429.25825084827 7649.169985724289 -26569.80981137476 1104.666644528647 -16614.28506491471
 34429.55900083219 7649.066324880768 -26569.92392151826 1104.804566752102 -16614.50596559532
 34429.55900242923 7649.066325006471 -26569.92392285911 1104.804565592639 -16614.50596565108
 34429.558765924 7649.0663655239 -26569.92385355393 1104.804481831215 -16614.50570394599
 34429.55900083219 7649.066324880768 -26569.92392151826 1104.804566752102 -16614.50596559532
 34429.35359030156 7649.139313244889 -26569.81853780757 1104.659883652594 -16614.33424372703
 34429.55900242923 7649.066325006471 -26569.92392285911 1104.804565592639 -16614.50596565108
 34429.55900083219 7649.066324880768 -26569.92392151826 1104.804566752102 -16614.50596559532
 34429.55900083219 7649.066324880768 -26569.92392151826 1104.804566752102 -16614.50596559532
 34429.55900242923 7649.066325006471 -26569.92392285911 1104.804565592639 -16614.50596565108
 34429.55880743277 7649.066299231281 -26569.92386035984 1104.804497071406 -16614.50573929979
 34429.35359030156 7649.139313244889 -26569.81853780757 1104.659883652594 -16614.33424372703
 34429.55900083219 7649.066324880768 -26569.92392151826 1104.804566752102 -16614.50596559532
 34429.55900242923 7649.066325006471 -26569.92392285911 1104.804565592639 -16614.50596565108
 34429.25825084827 7649.169985724289 -26569.80981137476 1104.666644528647 -16614.28506491471
 34429.25824282038 7649.169993592058 -26569.8098047627 1104.666641584627 -16614.28506531879
 34429.25869109431 7649.169882569402 -26569.8097948214 1104.666950900066 -16614.28546676962
 34429.55880753971 7649.066299749782 -26569.92385845373 1104.804497761667 -16614.50573948949
 34429.55877105762 7649.06632732721 -26569.92383528407 1104.804478098712 -16614.5056994304
 34429.35359352869 7649.139313340809 -26569.81854003521 1104.659878987641 -16614.33424128054
 34429.55876419387 7649.066365761099 -26569.92385552183 1104.804485780726 -16614.50570349011
 34429.55900083219 7649.066324880768 -26569.92392151826 1104.804566752102 -16614.50596559532
 34429.55877847392 7649.066296480122 -26569.92381229688 1104.804434066093 -16614.50571212769
 34429.25824703193 7649.169996541792 -26569.8098048828 1104.666630256322 -16614.2850640306
 34429.5587574657 7649.066345875691 -26569.92384503461 1104.804457645146 -16614.50568434458
 34429.25825094512 7649.169985723825 -26569.80981200634 1104.666645176139 -16614.28506470246
 34429.55900309098 7649.066324992746 -26569.92392283141 1104.804564731741 -16614.50596594619
 34429.55900042206 7649.06632444753 -26569.92392187635 1104.804566775872 -16614.50596568698
 34429.25825084827 7649.169985724289 -26569.80981137476 1104.666644528647 -16614.28506491471
 34429.55900083219 7649.066324880768 -26569.92392151826 1104.804566752102 -16614.50596559532
 34429.35359366841 7649.139313806506 -26569.81854014912 1104.65987911243 -16614.33424144662
 34429.25824282038 7649.169993592058 -26569.8098047627 1104.666641584627 -16614.28506531879
 34429.55900242923 7649.066325006471 -26569.92392285911 1104.804565592639 -16614.50596565108
 34429.25825084827 7649.169985724289 -26569.80981137476 1104.666644528647 -16614.28506491471
 34429.25825084827 7649.169985724289 -26569.80981137476 1104.666644528647 -16614.28506491471
 34429.25824282038 7649.169993592058 -26569.8098047627 1104.666641584627 -16614.28506531879
 34429.25824282038 7649.169993592058 -26569.8098047627 1104.666641584627 -16614.28506531879
 34429.55900242923 7649.066325006471 -26569.92392285911 1104.804565592639 -16614.50596565108
 34429.25824703193 7649.169996541792 -26569.8098048828 1104.666630256322 -16614.2850640306
 34429.55900242923 7649.066325006471 -26569.92392285911 1104.804565592639 -16614.50596565108
 34429.25825084827 7649.169985724289 -26569.80981137476 1104.666644528647 -16614.28506491471
 34429.35359030156 7649.139313244889 -26569.81853780757 1104.659883652594 -16614.33424372703
 34429.55877052553 7649.066327933599 -26569.92383487909 1104.804477901765 -16614.50569912745
 34429.55874082032 7649.066298607117 -26569.92374971211 1104.80450557325 -16614.50579111888
 34429.55900242923 7649.066325006471 -26569.92392285911 1104.804565592639 -16614.50596565108
 34429.55900008947 7649.066324997533 -26569.92392179028 1104.804566928123 -16614.50596583215
 34429.55900353428 7649.066325585793 -26569.92391953208 1104.804562658722 -16614.50596725574
 34429.55900111239 7649.06632509064 -26569.92392133966 1104.804566219814 -16614.50596614328
 34429.55900059673 7649.06632572905 -26569.92392090345 1104.804564193684 -16614.50596529592
 34429.25825084827 7649.169985724289 -26569.80981137476 1104.666644528647 -16614.28506491471
 34429.25840510401 7649.16979005649 -26569.80975216573 1104.667037024066 -16614.28543668644
 34429.25831305738 7649.169732007142 -26569.80952784772 1104.667209992588 -16614.28521356032
 34429.55875100564 7649.066363537231 -26569.92385450238 1104.804488065136 -16614.50570471737
 34429.55900083219 7649.066324880768 -26569.92392151826 1104.804566752102 -16614.50596559532
 34429.55900056395 7649.066324438947 -26569.92392110087 1104.804566266424 -16614.50596565041
 34429.5587403598 7649.066349567201 -26569.92389664037 1104.804510498952 -16614.50569672704
 34429.25824282038 7649.169993592058 -26569.8098047627 1104.666641584627 -16614.28506531879
 34429.55900242923 7649.066325006471 -26569.92392285911 1104.804565592639 -16614.50596565108
 34429.55900353428 7649.066325585793 -26569.92391953208 1104.804562658722 -16614.50596725574
 34429.35359366841 7649.139313806506 -26569.81854014912 1104.65987911243 -16614.33424144662
 34429.55900083219 7649.066324880768 -26569.92392151826 1104.804566752102 -16614.50596559532
 34429.55900242923 7649.066325006471 -26569.92392285911 1104.804565592639 -16614.50596565108
 34429.55900083219 7649.066324880768 -26569.92392151826 1104.804566752102 -16614.50596559532
 34429.55900353428 7649.066325585793 -26569.92391953208 1104.804562658722 -16614.50596725574
 34429.55900242923 7649.066325006471 -26569.92392285911 1104.804565592639 -16614.50596565108
 34429.55900059673 7649.06632572905 -26569.92392090345 1104.804564193684 -16614.50596529592
 34429.25824698911 7649.169993617874 -26569.80980406384 1104.666631163679 -16614.28506200603
 34429.55900242923 7649.066325006471 -26569.92392285911 1104.804565592639 -16614.50596565108
 34429.2582515631 7649.169985331919 -26569.80981112602 1104.666644193664 -16614.28506479711
 34429.55900083219 7649.066324880768 -26569.92392151826 1104.804566752102 -16614.50596559532
