# Created by Octave 4.2.1, Mon Oct 09 17:38:50 2017 BRT <root@mosqueiro>
# name: pop
# type: matrix
# rows: 1000
# columns: 5
 3204.485643281873 -6316.601808364054 -6068.739596027346 7674.543446885487 1512.302426132386
 3204.485643281873 -6316.601808364054 -6068.739596027346 7674.543446885487 1512.302426132386
 3204.485643281873 -6316.601808364054 -6068.739596027346 7674.543446885487 1512.302426132386
 3204.485643281873 -6316.601808364054 -6068.739596027346 7674.543446885487 1512.302426132386
 3204.485643281873 -6316.601808364054 -6068.739596027346 7674.543446885487 1512.302426132386
 1389.097614218897 -8639.55177742452 -6443.855773281908 10265.72369784989 3454.552045647862
 3348.823833554759 -5926.429459330348 -6465.226731511823 7796.298373033744 1256.536499965577
 3204.485643281873 -6316.601808364054 -6068.739596027346 7674.543446885487 1512.302426132386
 3204.485643281873 -6316.601808364054 -6068.739596027346 7674.543446885487 1512.302426132386
 3825.019710581123 -8927.399175058354 -6906.560724857734 8260.717712468737 3761.116614656092
 3204.485643281873 -6316.601808364054 -6068.739596027346 7674.543446885487 1512.302426132386
 3069.186883280454 -6932.815978323069 -6616.08464653239 6858.316249444368 3656.422301383605
 1389.097614218897 -8639.55177742452 -6443.855773281908 10265.72369784989 3454.552045647862
 3204.485643281873 -6316.601808364054 -6068.739596027346 7674.543446885487 1512.302426132386
 3825.019710581123 -8927.399175058354 -6906.560724857734 8260.717712468737 3761.116614656092
 3382.829179247273 -6801.747182115988 -6491.101440293176 6905.821333273801 3241.13240165899
 3535.806067843129 -7156.424412890727 -6973.151173086364 6690.490977837301 4444.867661774547
 3204.485643281873 -6316.601808364054 -6068.739596027346 7674.543446885487 1512.302426132386
 3204.485643281873 -6316.601808364054 -6068.739596027346 7674.543446885487 1512.302426132386
 4026.019083553811 -7806.644380884794 -6906.948910288946 8317.144174905618 3511.349066599705
 3204.485643281873 -6316.601808364054 -6068.739596027346 7674.543446885487 1512.302426132386
 2815.233187800317 -6894.004520138978 -6636.452155367456 7186.057195037841 3445.72897817574
 1389.097614218897 -8639.55177742452 -6443.855773281908 10265.72369784989 3454.552045647862
 3204.485643281873 -6316.601808364054 -6068.739596027346 7674.543446885487 1512.302426132386
 3204.485643281873 -6316.601808364054 -6068.739596027346 7674.543446885487 1512.302426132386
 3204.485643281873 -6316.601808364054 -6068.739596027346 7674.543446885487 1512.302426132386
 3204.485643281873 -6316.601808364054 -6068.739596027346 7674.543446885487 1512.302426132386
 3204.485643281873 -6316.601808364054 -6068.739596027346 7674.543446885487 1512.302426132386
 2151.45445621963 -6877.170358026089 -5758.875661592599 6783.214390304764 1623.044771251511
 3535.806067843129 -7156.424412890727 -6973.151173086364 6690.490977837301 4444.867661774547
 3421.78784040628 -8764.601041078668 -7269.660125479426 10170.80968425079 3788.365479141512
 2779.042689259514 -6974.584856139407 -5440.471861248222 5839.650123519417 3807.089287359832
 3204.485643281873 -6316.601808364054 -6068.739596027346 7674.543446885487 1512.302426132386
 3093.615503906355 -6129.377316869836 -6294.942763388686 8643.00565204088 4389.394900898254
 1390.353284322282 -8411.1653522537 -6023.458071320488 10435.0206474504 3172.212027264382
 2564.137278062616 -6741.023237096477 -5297.067451511005 5928.945960185241 3363.434113491402
 3204.485643281873 -6316.601808364054 -6068.739596027346 7674.543446885487 1512.302426132386
 3204.485643281873 -6316.601808364054 -6068.739596027346 7674.543446885487 1512.302426132386
 1122.970127681483 -7373.388656871277 -5548.876731510029 10215.66072000686 4032.930301680288
 1389.097614218897 -8639.55177742452 -6443.855773281908 10265.72369784989 3454.552045647862
 1389.097614218897 -8639.55177742452 -6443.855773281908 10265.72369784989 3454.552045647862
 3204.485643281873 -6316.601808364054 -6068.739596027346 7674.543446885487 1512.302426132386
 3204.485643281873 -6316.601808364054 -6068.739596027346 7674.543446885487 1512.302426132386
 4514.997973283317 -9291.073412879674 -6136.418018381928 8223.128821248969 3744.968103868339
 3204.485643281873 -6316.601808364054 -6068.739596027346 7674.543446885487 1512.302426132386
 1389.097614218897 -8639.55177742452 -6443.855773281908 10265.72369784989 3454.552045647862
 3204.485643281873 -6316.601808364054 -6068.739596027346 7674.543446885487 1512.302426132386
 2865.824047717872 -7779.096481029992 -4449.616081470751 9139.296653312223 4863.031032090092
 3204.485643281873 -6316.601808364054 -6068.739596027346 7674.543446885487 1512.302426132386
 1389.097614218897 -8639.55177742452 -6443.855773281908 10265.72369784989 3454.552045647862
 3204.485643281873 -6316.601808364054 -6068.739596027346 7674.543446885487 1512.302426132386
 3204.485643281873 -6316.601808364054 -6068.739596027346 7674.543446885487 1512.302426132386
 6544.18992840542 -4639.474844484104 -5700.926415860905 7604.080319551157 10795.68832046505
 2122.30698972036 -6812.942247542347 -5983.817436154121 10439.77206450715 6397.564584295789
 3204.485643281873 -6316.601808364054 -6068.739596027346 7674.543446885487 1512.302426132386
 3204.485643281873 -6316.601808364054 -6068.739596027346 7674.543446885487 1512.302426132386
 1389.097614218897 -8639.55177742452 -6443.855773281908 10265.72369784989 3454.552045647862
 3069.186883280454 -6932.815978323069 -6616.08464653239 6858.316249444368 3656.422301383605
 3204.485643281873 -6316.601808364054 -6068.739596027346 7674.543446885487 1512.302426132386
 3204.485643281873 -6316.601808364054 -6068.739596027346 7674.543446885487 1512.302426132386
 3204.485643281873 -6316.601808364054 -6068.739596027346 7674.543446885487 1512.302426132386
 3069.186883280454 -6932.815978323069 -6616.08464653239 6858.316249444368 3656.422301383605
 3204.485643281873 -6316.601808364054 -6068.739596027346 7674.543446885487 1512.302426132386
 3204.485643281873 -6316.601808364054 -6068.739596027346 7674.543446885487 1512.302426132386
 3204.485643281873 -6316.601808364054 -6068.739596027346 7674.543446885487 1512.302426132386
 2779.042689259514 -6974.584856139407 -5440.471861248222 5839.650123519417 3807.089287359832
 2779.042689259514 -6974.584856139407 -5440.471861248222 5839.650123519417 3807.089287359832
 4214.139068970159 -4962.181436675399 -5388.787966936753 7288.355223249074 1527.53929264945
 1389.097614218897 -8639.55177742452 -6443.855773281908 10265.72369784989 3454.552045647862
 1389.097614218897 -8639.55177742452 -6443.855773281908 10265.72369784989 3454.552045647862
 1389.097614218897 -8639.55177742452 -6443.855773281908 10265.72369784989 3454.552045647862
 3069.186883280454 -6932.815978323069 -6616.08464653239 6858.316249444368 3656.422301383605
 3825.019710581123 -8927.399175058354 -6906.560724857734 8260.717712468737 3761.116614656092
 3204.485643281873 -6316.601808364054 -6068.739596027346 7674.543446885487 1512.302426132386
 6052.229257474302 -20165.06197948276 108.0952402371645 3722.311208393599 10465.03176902275
 3069.186883280454 -6932.815978323069 -6616.08464653239 6858.316249444368 3656.422301383605
 2779.042689259514 -6974.584856139407 -5440.471861248222 5839.650123519417 3807.089287359832
 1389.097614218897 -8639.55177742452 -6443.855773281908 10265.72369784989 3454.552045647862
 3069.186883280454 -6932.815978323069 -6616.08464653239 6858.316249444368 3656.422301383605
 3069.186883280454 -6932.815978323069 -6616.08464653239 6858.316249444368 3656.422301383605
 3630.493065052847 -4992.628227328614 -5676.792280961444 6871.564765075742 1065.187961154111
 3204.485643281873 -6316.601808364054 -6068.739596027346 7674.543446885487 1512.302426132386
 3204.485643281873 -6316.601808364054 -6068.739596027346 7674.543446885487 1512.302426132386
 3204.485643281873 -6316.601808364054 -6068.739596027346 7674.543446885487 1512.302426132386
 2467.73298784205 -7287.541731698663 -5264.101018395802 5350.175374849367 4106.325100294594
