# Created by Octave 4.2.1, Mon Oct 09 18:37:47 2017 BRT <root@mosqueiro>
# name: pop
# type: matrix
# rows: 1000
# columns: 5
 9038.161742797551 -7898.573771228968 1150.865555485592 -5448.37831385851 3174.518999990009
 1145.965525058373 -6421.155008867732 8487.605586782924 615.1381623489888 -3775.963240603114
 6683.984311843429 2791.478647793318 -7837.158764179543 4998.403510361788 -6556.149904026508
 -9260.134928525953 9035.179050281055 4049.912661863891 -6193.163959635647 2315.412433480027
 -1081.807770924794 953.8560289740508 -1661.298349480572 5196.99163737932 -3308.468078923364
 8829.164708604381 4984.204258485159 -250.9541107979621 1671.177965208026 -669.8886373900223
 2973.188140994125 3170.77794189417 1602.849330719049 9168.219208968854 7946.822102929189
 -1993.134535971612 -4904.137167661424 4777.500516296504 5165.589929539647 4295.557990604928
 -492.2126706097733 8704.766973073391 -1754.825202369784 4984.872142271992 -5162.913355516817
 1016.288784710023 4793.064838878408 -2107.937812500295 -6649.541284379889 9121.760944380298
 -5676.186235233206 -4960.982612074513 7834.584266982682 3006.401604161583 7428.280555065532
 2098.158485542202 8656.962624305153 -7455.224950656937 3360.143893253247 -2122.840562480103
 -992.3147794264096 6999.274024765531 3230.075302213529 -2351.920594058366 -4564.421486826225
 -4920.57253058085 4963.8741157022 8090.336516627864 -1363.90292327598 9472.432465114674
 -1993.134535971612 -4904.137167661424 4777.500516296504 5165.589929539647 4295.557990604928
 2342.924398552217 6613.412309726842 -4722.035887054176 3916.427426416431 -7494.289948834778
 -1315.693292216623 6758.894967313077 7561.856158793526 -3234.670790681994 -7560.579238429243
 9952.253860283261 -9160.477946336796 -3307.295245786744 8675.898704779545 -8401.927406010644
 -8047.836016888386 2140.521429487892 -6497.77633367493 431.9955978270045 454.6864390460833
 -5956.151716259767 7804.220877997854 3312.295961122401 -8143.515642255141 -3752.343247775854
 6347.249769339105 -1069.348398007447 7209.599469974131 9636.606822154383 -9834.047874208478
 -8725.889907942885 -6164.823486184929 5935.143231638549 2965.841494152592 1215.072341927726
 5101.044312372049 -9860.914901000891 1123.781296178258 2986.178004442703 566.0900324170525
 -1214.096359191461 4393.34580720218 646.3768616037651 3064.115891910133 4843.519292479248
 -3071.652260138625 7869.746345379579 -1403.584138079264 -6995.787750886639 3375.299878702872
 1543.703038720938 7886.208232417495 5637.153111875074 5980.499178117911 -6680.490111767646
 9739.068629808393 4105.48595400559 -9914.377405273539 7346.66715349767 -7727.082762651613
 -633.8577037538798 4100.095133461929 8199.636697010443 6963.415199988835 922.5697152312077
 4756.406900963033 3431.338918879937 4207.145371466164 -2482.45007678605 -3121.882601276068
 4880.358105191615 8266.280330662579 4189.57359887685 6152.893222824698 -3873.271252264233
 5884.049795354211 -5203.935856169182 -6394.765109197449 2967.737112126859 4071.929419513319
 6765.635194648985 -8566.622152582539 4624.185844651814 -1131.490296958847 9751.966957945297
 -8107.333262120103 -8373.49451945906 9633.951399612917 6333.695451762171 7327.461158993781
 1145.965525058373 -6421.155008867732 8487.605586782924 615.1381623489888 -3775.963240603114
 -4947.828597365275 6799.634575334527 -4213.203794314194 8209.92330335889 -6010.870248269914
 2323.475733501826 4901.195109089456 5500.368124207205 -730.592540065194 -5576.831330734964
 924.6801781289487 6254.163842171687 1958.329867347424 -532.3165734193281 -8208.250531839731
 -2309.288242666981 -696.775038476233 8360.947921814521 6499.22911870317 5921.299886077304
 -5028.366151342002 -2304.597670468459 3863.169121370549 -8678.674555491434 7783.502197915237
 1969.634498850661 3110.628906746775 4374.346060272501 5083.853208635559 5144.133422580002
 -8137.757564895648 3329.061471235094 -4295.288797349534 -5278.743987385776 5500.72601853786
 -6377.209835177731 -4250.167680085909 -9246.005591749832 -5518.167042648113 -660.1060773066711
 6784.133594585903 -9295.960611024069 -5657.539551752095 9669.147879998593 3962.38988440168
 2974.645853438118 -8372.06255589397 8617.194433934779 -344.9946167472299 516.2047717344267
 -6742.395006468078 -8434.91786741549 4543.349271959667 8624.159388433302 -9739.926095162753
 -713.966209965678 9599.768431075252 -1772.397854165574 8850.343782187319 -242.6598812167995
 5057.183146105132 -9874.065155495124 -4251.031887372539 7867.88611095128 9817.404569209917
 -3859.369178657304 1297.170907682064 9955.071428625164 2425.660874621646 -7290.076185909153
 9008.781421985765 1768.950707441472 -2153.95392470953 8329.219121428043 -3583.799482619502
 8846.56917735776 -3588.69178807889 1803.907005481344 2558.545685813029 2899.027027561828
 -7278.750827129355 9379.938096425965 -7776.292922875946 5629.077598259755 -3086.334166991644
 -9246.450007583364 6923.897161871391 6643.068606769182 9454.634521438566 8477.5160752747
 6130.107888927603 -518.1343875584134 3773.7141826106 -2179.828270135264 -1503.419732175065
 -4342.499587829994 -6517.318672809359 -3558.933860989454 9221.459441323066 5680.048319814739
 5461.10456762898 -3313.823995777373 -4993.689471714485 -2933.83513160448 8638.557112468505
 6130.107888927603 -518.1343875584134 3773.7141826106 -2179.828270135264 -1503.419732175065
 -2948.088188626264 4595.958122294776 -6512.41875928967 4768.119475443717 6276.239943185416
 6683.984311843429 2791.478647793318 -7837.158764179543 4998.403510361788 -6556.149904026508
 532.602681162005 6764.312675613503 3641.916525872963 6355.155811627947 -205.8245649715736
 -3728.073637258874 -7583.156972688448 8901.930472248903 9006.391440645406 -4036.356726772949
 -3583.210885367384 -6653.048601791368 9001.780435194643 419.9496615725111 1222.970420638563
 -3386.200426613858 -3273.413615164554 -6046.879908301847 -151.9651962935186 -4866.889757716805
 7956.925592628962 9712.622750822113 -5313.325288236787 5103.754494914165 4933.309743871388
 -6377.209835177731 -4250.167680085909 -9246.005591749832 -5518.167042648113 -660.1060773066711
 2033.617943993962 2743.825020937787 9475.315473975868 -7181.400094734084 -8570.372121497983
 3670.234851924457 3095.270053061035 4102.22098249856 -4333.874750550855 -68.27409919999081
 6122.659883858329 4740.300216444291 8716.277764312454 7927.841828064527 -4673.173639266456
 -5791.990256072531 7940.097441555325 -222.3677323485681 3327.109470658763 -4260.115075789425
 2974.645853438118 -8372.06255589397 8617.194433934779 -344.9946167472299 516.2047717344267
 9128.638157040241 937.520400068448 -3596.652291701284 2346.905461860617 -2742.72466108103
 5542.498719771407 6119.718322935994 2311.068361467884 -1421.369291861482 9704.693708908602
 -4839.598607833296 7702.316876579931 -1721.477843307821 3456.837286325059 -1244.349128772183
 -6238.799056992319 6294.783949908475 -4870.002308693603 -4600.901563706624 4233.702260889973
 -2159.986091827274 4844.820253991458 7185.698094892028 2661.890660542922 6955.979036448422
 9038.161742797551 -7898.573771228968 1150.865555485592 -5448.37831385851 3174.518999990009
 -3932.60108025452 7617.714729097814 -7524.729271885423 -285.0837104283655 8919.41720796845
 6784.133594585903 -9295.960611024069 -5657.539551752095 9669.147879998593 3962.38988440168
 -4931.873315531476 -2175.802824520395 7724.758423709187 919.5204572395087 8448.383256821253
 -7637.569591588393 -4713.510238247459 9742.016504734223 -5706.214030585774 -283.6384933939844
 6451.463190762523 -4597.257388997552 -4413.186553018894 1798.901319264425 -8490.447317523629
 1475.831898755092 7622.982183600718 -2368.008736304504 -6732.07363257284 2509.565618738085
 -8861.307257232163 6246.663629875204 -7080.342020389531 -3093.429633005021 -5105.582464444939
 -7451.428062998682 1557.577376603742 -823.7257409946815 1756.061270780827 5203.00946782509
 -185.6013804176164 -2949.125721233129 541.2757495442766 6109.938423365113 2461.461900351962
