# Created by Octave 4.2.1, Mon Oct 09 18:08:24 2017 BRT <root@mosqueiro>
# name: pop
# type: matrix
# rows: 1000
# columns: 5
 34756.40330092981 7995.586430664207 -27046.68759611512 686.8750187560518 -16389.80441378051
 34756.40330092981 7995.586430664207 -27046.68759611512 686.8750187560518 -16389.80441378051
 34756.40330092981 7995.586430664207 -27046.68759611512 686.8750187560518 -16389.80441378051
 34756.40330092981 7995.586430664207 -27046.68759611512 686.8750187560518 -16389.80441378051
 34756.40330092981 7995.586430664207 -27046.68759611512 686.8750187560518 -16389.80441378051
 34756.40330092981 7995.586430664207 -27046.68759611512 686.8750187560518 -16389.80441378051
 34756.40330092981 7995.586430664207 -27046.68759611512 686.8750187560518 -16389.80441378051
 34756.40330092981 7995.586430664207 -27046.68759611512 686.8750187560518 -16389.80441378051
 34756.40330092981 7995.586430664207 -27046.68759611512 686.8750187560518 -16389.80441378051
 31024.54585258995 -5600.571120726963 -32135.98177670866 8651.428147599527 -30592.12460921611
 50300.82066071072 5025.830375288006 -32423.80868117054 3943.806356806978 580.0983629598813
 34756.40330092981 7995.586430664207 -27046.68759611512 686.8750187560518 -16389.80441378051
 34756.40330092981 7995.586430664207 -27046.68759611512 686.8750187560518 -16389.80441378051
 34756.40330092981 7995.586430664207 -27046.68759611512 686.8750187560518 -16389.80441378051
 15866.97469820517 -9053.972043932679 1098.93842270805 -21982.97740563362 -10772.83730098546
 2998.511535257855 5166.55702808901 -51.21083730286648 -7286.788328237884 -6528.310739087525
 34756.40330092981 7995.586430664207 -27046.68759611512 686.8750187560518 -16389.80441378051
 5424.562328297561 6978.37540893235 -913.8561885987331 -6892.078618268103 -27434.21216417403
 8320.80340453843 -4942.15289481539 -1521.650269243084 -23606.24962406788 615.806360481075
 34756.40330092981 7995.586430664207 -27046.68759611512 686.8750187560518 -16389.80441378051
 34756.40330092981 7995.586430664207 -27046.68759611512 686.8750187560518 -16389.80441378051
 -3414.791319817199 -5745.688173448096 -7773.211213748973 -13091.30630589193 2283.694913380176
 34756.40330092981 7995.586430664207 -27046.68759611512 686.8750187560518 -16389.80441378051
 34756.40330092981 7995.586430664207 -27046.68759611512 686.8750187560518 -16389.80441378051
 45191.5671018994 -7853.896176332328 -33911.9285174888 -5087.174052912072 -13938.07466497493
 -126.6761339414043 1496.039007672236 -529.4506209572446 7931.722821452971 -8935.400386322135
 -8428.625906413636 -8169.642094305226 2294.047792191681 5733.930264002873 9104.637446971454
 8123.400507989601 3727.060677770249 681.3911912756103 -9398.71000660814 -3087.135526407579
 34756.40330092981 7995.586430664207 -27046.68759611512 686.8750187560518 -16389.80441378051
 34756.40330092981 7995.586430664207 -27046.68759611512 686.8750187560518 -16389.80441378051
 34756.40330092981 7995.586430664207 -27046.68759611512 686.8750187560518 -16389.80441378051
 34756.40330092981 7995.586430664207 -27046.68759611512 686.8750187560518 -16389.80441378051
 34756.40330092981 7995.586430664207 -27046.68759611512 686.8750187560518 -16389.80441378051
 34756.40330092981 7995.586430664207 -27046.68759611512 686.8750187560518 -16389.80441378051
 4107.735249257817 -2685.90400524366 8016.325982074954 25366.17091131893 -31425.76833996714
 34756.40330092981 7995.586430664207 -27046.68759611512 686.8750187560518 -16389.80441378051
 13645.55146514221 2885.479028709202 -15788.8667372947 -21757.78968109273 23963.52838712286
 4144.403292204046 48138.00029369329 -4852.127884412847 16603.67833364721 -40830.30652920564
 47298.3701306978 6608.35098046422 -17664.9863957587 10061.12919803762 -33627.22662632265
 34756.40330092981 7995.586430664207 -27046.68759611512 686.8750187560518 -16389.80441378051
 -5927.772505154855 -6508.104280185982 -10026.76521087834 6209.396716140676 -13794.24495292727
 34756.40330092981 7995.586430664207 -27046.68759611512 686.8750187560518 -16389.80441378051
 34756.40330092981 7995.586430664207 -27046.68759611512 686.8750187560518 -16389.80441378051
 34756.40330092981 7995.586430664207 -27046.68759611512 686.8750187560518 -16389.80441378051
 34756.40330092981 7995.586430664207 -27046.68759611512 686.8750187560518 -16389.80441378051
 6469.114682408203 1641.106569846671 9151.440495798246 -1902.649346190115 3487.415995695552
 26293.28719930892 31654.53134781907 -6236.38773996127 -8199.106535782284 7188.499917834863
 34756.40330092981 7995.586430664207 -27046.68759611512 686.8750187560518 -16389.80441378051
 34756.40330092981 7995.586430664207 -27046.68759611512 686.8750187560518 -16389.80441378051
 6890.872034220831 8773.358273152 -14057.93627879422 -362.1220141077429 11310.37972768718
 34756.40330092981 7995.586430664207 -27046.68759611512 686.8750187560518 -16389.80441378051
 823.3249552797915 -2805.295172746023 17062.79887207531 -10363.4895372406 -4390.361176165667
 8123.400507989601 3727.060677770249 681.3911912756103 -9398.71000660814 -3087.135526407579
 34756.40330092981 7995.586430664207 -27046.68759611512 686.8750187560518 -16389.80441378051
 8123.400507989601 3727.060677770249 681.3911912756103 -9398.71000660814 -3087.135526407579
 8123.400507989601 3727.060677770249 681.3911912756103 -9398.71000660814 -3087.135526407579
 21817.23682767423 -2726.099329569248 836.6209387415388 -2908.065167525132 4942.020600827859
 34756.40330092981 7995.586430664207 -27046.68759611512 686.8750187560518 -16389.80441378051
 8123.400507989601 3727.060677770249 681.3911912756103 -9398.71000660814 -3087.135526407579
 3108.852716500456 6128.203538844589 3198.163075610661 -14778.20778756989 -11091.37755124181
 34756.40330092981 7995.586430664207 -27046.68759611512 686.8750187560518 -16389.80441378051
 8123.400507989601 3727.060677770249 681.3911912756103 -9398.71000660814 -3087.135526407579
 8123.400507989601 3727.060677770249 681.3911912756103 -9398.71000660814 -3087.135526407579
 8123.400507989601 3727.060677770249 681.3911912756103 -9398.71000660814 -3087.135526407579
 8123.400507989601 3727.060677770249 681.3911912756103 -9398.71000660814 -3087.135526407579
 8123.400507989601 3727.060677770249 681.3911912756103 -9398.71000660814 -3087.135526407579
 6411.36687032581 -5214.695976953743 -21146.44365049133 -24339.84250397495 -23456.46074247787
 -48008.84990599309 61481.74962196703 26999.44736257143 13813.74663734251 16676.45785941748
 34756.40330092981 7995.586430664207 -27046.68759611512 686.8750187560518 -16389.80441378051
 34756.40330092981 7995.586430664207 -27046.68759611512 686.8750187560518 -16389.80441378051
 8123.400507989601 3727.060677770249 681.3911912756103 -9398.71000660814 -3087.135526407579
 34756.40330092981 7995.586430664207 -27046.68759611512 686.8750187560518 -16389.80441378051
 34756.40330092981 7995.586430664207 -27046.68759611512 686.8750187560518 -16389.80441378051
 19680.90816662379 573.3718810339142 -6869.161341794439 5665.476039939655 2670.894608596645
 8123.400507989601 3727.060677770249 681.3911912756103 -9398.71000660814 -3087.135526407579
 34756.40330092981 7995.586430664207 -27046.68759611512 686.8750187560518 -16389.80441378051
 8123.400507989601 3727.060677770249 681.3911912756103 -9398.71000660814 -3087.135526407579
 34756.40330092981 7995.586430664207 -27046.68759611512 686.8750187560518 -16389.80441378051
 15136.95014094121 11127.1547790689 11005.6371708751 -11242.66009388316 -2662.754037952439
 8123.400507989601 3727.060677770249 681.3911912756103 -9398.71000660814 -3087.135526407579
 34756.40330092981 7995.586430664207 -27046.68759611512 686.8750187560518 -16389.80441378051
 18886.89622225975 16245.46087155412 -8739.897756655662 -4746.451012436273 9896.825748725974
 26293.28719930892 31654.53134781907 -6236.38773996127 -8199.106535782284 7188.499917834863
 8123.400507989601 3727.060677770249 681.3911912756103 -9398.71000660814 -3087.135526407579
