# Created by Octave 4.2.1, Mon Oct 09 18:06:47 2017 BRT <root@mosqueiro>
# name: pop
# type: matrix
# rows: 1000
# columns: 5
 8123.400507989601 3727.060677770249 681.3911912756103 -9398.71000660814 -3087.135526407579
 8123.400507989601 3727.060677770249 681.3911912756103 -9398.71000660814 -3087.135526407579
 8123.400507989601 3727.060677770249 681.3911912756103 -9398.71000660814 -3087.135526407579
 8123.400507989601 3727.060677770249 681.3911912756103 -9398.71000660814 -3087.135526407579
 8123.400507989601 3727.060677770249 681.3911912756103 -9398.71000660814 -3087.135526407579
 8123.400507989601 3727.060677770249 681.3911912756103 -9398.71000660814 -3087.135526407579
 19097.84717298593 -37379.62401747836 -16779.56051159912 -42038.13110205778 -3274.792591521346
 -7523.303610186817 4733.645245308477 10202.25846313921 -23432.47201093641 16488.90959147962
 19347.7217585544 -2047.13223897054 9478.928181747062 -13760.9369134184 -30943.03033655736
 8123.400507989601 3727.060677770249 681.3911912756103 -9398.71000660814 -3087.135526407579
 30316.80143543203 -1133.151672567643 16411.85897889363 23163.83306401114 34949.93586107154
 -8428.625906413636 -8169.642094305226 2294.047792191681 5733.930264002873 9104.637446971454
 -6192.348929907151 18522.21897163898 3629.023724363864 30951.46461990236 -5052.879494655286
 42359.89438414986 -20355.59025312255 -19891.4684753374 -18731.21969537423 3657.222389155524
 8123.400507989601 3727.060677770249 681.3911912756103 -9398.71000660814 -3087.135526407579
 -1907.809529872774 1681.696045689658 9915.012775014333 -4551.931719097794 6764.080956466649
 8123.400507989601 3727.060677770249 681.3911912756103 -9398.71000660814 -3087.135526407579
 -4337.420485757545 -571.496544259966 9675.633361430697 6102.290882141335 -5184.213374086241
 -14281.58816899727 16695.65688271195 -7083.470416222453 33660.64162161592 12869.42777844073
 8123.400507989601 3727.060677770249 681.3911912756103 -9398.71000660814 -3087.135526407579
 8123.400507989601 3727.060677770249 681.3911912756103 -9398.71000660814 -3087.135526407579
 8123.400507989601 3727.060677770249 681.3911912756103 -9398.71000660814 -3087.135526407579
 -20929.95945827435 -20624.45262758068 -7965.242497318961 -22582.44313877884 5651.106358174515
 27922.46318891035 9986.584680075677 -14973.58864720936 -4893.24695295334 -14585.92711681119
 8123.400507989601 3727.060677770249 681.3911912756103 -9398.71000660814 -3087.135526407579
 8123.400507989601 3727.060677770249 681.3911912756103 -9398.71000660814 -3087.135526407579
 8123.400507989601 3727.060677770249 681.3911912756103 -9398.71000660814 -3087.135526407579
 35423.78149881979 3687.667652122605 -17656.50699324674 7349.252913165486 -6885.439416212557
 8123.400507989601 3727.060677770249 681.3911912756103 -9398.71000660814 -3087.135526407579
 8123.400507989601 3727.060677770249 681.3911912756103 -9398.71000660814 -3087.135526407579
 5162.74529180836 5235.3202489665 -3456.854558931027 -9916.565502467976 3096.332344487431
 8123.400507989601 3727.060677770249 681.3911912756103 -9398.71000660814 -3087.135526407579
 8123.400507989601 3727.060677770249 681.3911912756103 -9398.71000660814 -3087.135526407579
 8123.400507989601 3727.060677770249 681.3911912756103 -9398.71000660814 -3087.135526407579
 8123.400507989601 3727.060677770249 681.3911912756103 -9398.71000660814 -3087.135526407579
 8123.400507989601 3727.060677770249 681.3911912756103 -9398.71000660814 -3087.135526407579
 8123.400507989601 3727.060677770249 681.3911912756103 -9398.71000660814 -3087.135526407579
 8123.400507989601 3727.060677770249 681.3911912756103 -9398.71000660814 -3087.135526407579
 -11128.3742742753 15815.71479254045 -32149.0148060454 -21441.32380289839 -14640.21222211189
 -12923.43516902046 4269.182611174983 4736.126874157886 21311.98192231186 -12810.58363768022
 8123.400507989601 3727.060677770249 681.3911912756103 -9398.71000660814 -3087.135526407579
 8123.400507989601 3727.060677770249 681.3911912756103 -9398.71000660814 -3087.135526407579
 -17841.52182372822 8213.379366546489 -38346.52299217411 -4084.630994257466 17269.76390058085
 17763.33904347032 -2846.002161560356 -8244.599928782252 235.1396067562782 -35687.77202581042
 8123.400507989601 3727.060677770249 681.3911912756103 -9398.71000660814 -3087.135526407579
 20516.76812864105 15200.67040942056 -6491.671191114285 -30534.91300689889 22363.42913046853
 23927.73893327256 8912.641483289663 3037.349737282642 -16926.32287720703 4846.079603705889
 8123.400507989601 3727.060677770249 681.3911912756103 -9398.71000660814 -3087.135526407579
 8123.400507989601 3727.060677770249 681.3911912756103 -9398.71000660814 -3087.135526407579
 -37081.82651300945 380.8497740698763 8130.812152481714 25657.59590389217 27316.99612160125
 8123.400507989601 3727.060677770249 681.3911912756103 -9398.71000660814 -3087.135526407579
 -8249.275686843568 13113.50999816576 457.8419570798898 -7538.680727405008 -97.95105095088638
 8123.400507989601 3727.060677770249 681.3911912756103 -9398.71000660814 -3087.135526407579
 6498.544699627033 -8759.147917429455 8072.194198682235 1908.308047068036 -7640.721906209206
 -41166.96843616955 -22883.81917479123 3744.529220684519 -2977.29369410879 -9101.826768398339
 -2298.473858532097 14806.87143643441 -5920.319650964002 -31450.42144475032 -2458.308727804651
 3325.410486424657 9791.574058736831 -6581.622947189491 11080.66969825408 14683.24866914107
 8123.400507989601 3727.060677770249 681.3911912756103 -9398.71000660814 -3087.135526407579
 310.1708360068023 9750.878583054484 -6064.262213595761 3085.660117671878 -7137.586510480238
 8123.400507989601 3727.060677770249 681.3911912756103 -9398.71000660814 -3087.135526407579
 6498.544699627033 -8759.147917429455 8072.194198682235 1908.308047068036 -7640.721906209206
 8123.400507989601 3727.060677770249 681.3911912756103 -9398.71000660814 -3087.135526407579
 8123.400507989601 3727.060677770249 681.3911912756103 -9398.71000660814 -3087.135526407579
 8123.400507989601 3727.060677770249 681.3911912756103 -9398.71000660814 -3087.135526407579
 29564.94860212021 -27132.59233074238 18097.32678282277 20996.53531488884 41798.65513273632
 6092.693750078332 -4734.232440593259 6465.60983335333 -6756.737607229734 -978.1821931934828
 23927.73893327256 8912.641483289663 3037.349737282642 -16926.32287720703 4846.079603705889
 8123.400507989601 3727.060677770249 681.3911912756103 -9398.71000660814 -3087.135526407579
 47543.0091450153 -14166.12848540733 9034.431264402006 -31757.9280487595 -5776.079243091745
 6092.693750078332 -4734.232440593259 6465.60983335333 -6756.737607229734 -978.1821931934828
 8123.400507989601 3727.060677770249 681.3911912756103 -9398.71000660814 -3087.135526407579
 8123.400507989601 3727.060677770249 681.3911912756103 -9398.71000660814 -3087.135526407579
 8123.400507989601 3727.060677770249 681.3911912756103 -9398.71000660814 -3087.135526407579
 -5100.433728093705 4401.839170797747 -12272.02097091237 -913.9716334022396 10850.96737477285
 8123.400507989601 3727.060677770249 681.3911912756103 -9398.71000660814 -3087.135526407579
 6196.595718648907 -14198.94561958381 7869.336847630045 -15011.44450719299 27190.09867986866
 4800.48519468278 -12730.35492735082 -25551.01045841191 9612.388210462794 23493.60285228854
 8123.400507989601 3727.060677770249 681.3911912756103 -9398.71000660814 -3087.135526407579
 1223.980132334749 3636.788531927647 11074.22068006302 15721.07934078132 35449.24698830105
 8123.400507989601 3727.060677770249 681.3911912756103 -9398.71000660814 -3087.135526407579
 -3560.983804459504 7258.420288146222 -2408.133757247006 2155.216432335446 -2380.412853525197
 -7985.697654934266 6036.194430955748 8402.181736351416 -2267.476419257645 -4265.107655539161
 -6295.221812074531 2806.678287128745 -7971.36127081986 3042.819775715621 8260.936519905143
 8123.400507989601 3727.060677770249 681.3911912756103 -9398.71000660814 -3087.135526407579
 8123.400507989601 3727.060677770249 681.3911912756103 -9398.71000660814 -3087.135526407579
