# Created by Octave 4.2.1, Mon Oct 09 18:36:57 2017 BRT <root@mosqueiro>
# name: pop
# type: matrix
# rows: 1000
# columns: 5
 -8159.518320076343 7452.555828508122 -9348.332217784196 7530.916906723738 2523.377760948504
 -8159.518320081554 7452.555828702083 -9348.332217799549 7530.916906695673 2523.377760721717
 -8159.518320074621 7452.555828742662 -9348.332217998794 7530.916906822388 2523.377760543058
 -8159.51832006755 7452.555828577018 -9348.332217896746 7530.916906676218 2523.377760740002
 -8159.51832006755 7452.555828577018 -9348.332217896746 7530.916906676218 2523.377760740002
 -8159.518317554078 7452.555819220433 -9348.332228881423 7530.916904393301 2523.377758369469
 -8159.518308687434 7452.555821784781 -9348.332229722369 7530.916898907431 2523.377753658793
 -8159.518313268209 7452.555821248991 -9348.332226395945 7530.916907484645 2523.377763888536
 -8159.518317554078 7452.555819220433 -9348.332228881423 7530.916904393301 2523.377758369469
 -8159.518317554078 7452.555819220433 -9348.332228881423 7530.916904393301 2523.377758369469
 -8159.518324265165 7452.555825160458 -9348.33221929054 7530.916907324905 2523.377762242981
 -8159.51832250078 7452.555826741528 -9348.332219485294 7530.916908014898 2523.377762129607
 -8159.518322194246 7452.555827786623 -9348.332219541302 7530.916907970037 2523.377760478013
 -8159.518320244843 7452.55582809033 -9348.332217920146 7530.91690682384 2523.37776094888
 -8159.518322540509 7452.555827431595 -9348.332219425192 7530.91690777538 2523.377761033826
 -8159.716468179425 7452.657818126306 -9348.319569720532 7530.915954198526 2523.488977077453
 -8159.518320244843 7452.55582809033 -9348.332217920146 7530.91690682384 2523.37776094888
 -8159.51832253277 7452.555827565983 -9348.332219431886 7530.916907817556 2523.377760837849
 -8159.51832253277 7452.555827565983 -9348.332219431886 7530.916907817556 2523.377760837849
 -8159.518320297665 7452.555828561046 -9348.33221793001 7530.916906739663 2523.377760782016
 -8159.51832253277 7452.555827565983 -9348.332219431886 7530.916907817556 2523.377760837849
 -8159.716466037859 7452.657858836678 -9348.319612531774 7530.915966329927 2523.488954408874
 -8159.518324036521 7452.555827659921 -9348.332218488516 7530.916908849484 2523.377760813506
 -8159.518314399191 7452.55581269649 -9348.332231343593 7530.916912617686 2523.377758683585
 -8159.518307905281 7452.555826166456 -9348.332221816308 7530.916900356095 2523.377754654583
 -8159.51832006755 7452.555828577018 -9348.332217896746 7530.916906676218 2523.377760740002
 -8159.518317554078 7452.555819220433 -9348.332228881423 7530.916904393301 2523.377758369469
 -8159.518320379505 7452.555828345308 -9348.332217656689 7530.916906721993 2523.377760831293
 -8159.51832006755 7452.555828577018 -9348.332217896746 7530.916906676218 2523.377760740002
 -8159.5183077402 7452.55582638859 -9348.332221899025 7530.916900333922 2523.377754425966
 -8159.518320076343 7452.555828508122 -9348.332217784196 7530.916906723738 2523.377760948504
 -8159.518320074621 7452.555828742662 -9348.332217998794 7530.916906822388 2523.377760543058
 -8159.518315148234 7452.555821177081 -9348.332225702199 7530.916904581603 2523.377763956866
 -8159.518317554078 7452.555819220433 -9348.332228881423 7530.916904393301 2523.377758369469
 -8159.518320244843 7452.55582809033 -9348.332217920146 7530.91690682384 2523.37776094888
 -8159.518322607522 7452.555826765141 -9348.332219451342 7530.916907978808 2523.377762344759
 -8159.518315634314 7452.555818630365 -9348.332228715359 7530.916903934122 2523.377757850184
 -8159.518322610556 7452.555827538569 -9348.332219367798 7530.916907831404 2523.377760955992
 -8159.518310813642 7452.555815630787 -9348.332230271752 7530.916903656088 2523.377766115227
 -8159.51832006755 7452.555828577018 -9348.332217896746 7530.916906676218 2523.377760740002
 -8159.518320244843 7452.55582809033 -9348.332217920146 7530.91690682384 2523.37776094888
 -8159.518324036521 7452.555827659921 -9348.332218488516 7530.916908849484 2523.377760813506
 -8159.716472522381 7452.657826842938 -9348.319575060828 7530.915947726941 2523.48897505489
 -8159.518320244843 7452.55582809033 -9348.332217920146 7530.91690682384 2523.37776094888
 -8159.51832250078 7452.555826741528 -9348.332219485294 7530.916908014898 2523.377762129607
 -8159.518320244843 7452.55582809033 -9348.332217920146 7530.91690682384 2523.37776094888
 -8159.51832253277 7452.555827565983 -9348.332219431886 7530.916907817556 2523.377760837849
 -8159.716451496787 7452.657774173645 -9348.319511114034 7530.91587349648 2523.489015892996
 -8159.518324265165 7452.555825160458 -9348.33221929054 7530.916907324905 2523.377762242981
 -8159.518320244843 7452.55582809033 -9348.332217920146 7530.91690682384 2523.37776094888
 -8159.51832006755 7452.555828577018 -9348.332217896746 7530.916906676218 2523.377760740002
 -8159.51832253277 7452.555827565983 -9348.332219431886 7530.916907817556 2523.377760837849
 -8159.518320244843 7452.55582809033 -9348.332217920146 7530.91690682384 2523.37776094888
 -8159.518322607522 7452.555826765141 -9348.332219451342 7530.916907978808 2523.377762344759
 -8159.518324036521 7452.555827659921 -9348.332218488516 7530.916908849484 2523.377760813506
 -8159.518320244843 7452.55582809033 -9348.332217920146 7530.91690682384 2523.37776094888
 -8159.51832253277 7452.555827565983 -9348.332219431886 7530.916907817556 2523.377760837849
 -8159.51832250078 7452.555826741528 -9348.332219485294 7530.916908014898 2523.377762129607
 -8159.518320401924 7452.555827848408 -9348.332217932422 7530.91690672529 2523.377760865777
 -8159.518320244843 7452.55582809033 -9348.332217920146 7530.91690682384 2523.37776094888
 -8159.716474036868 7452.657819042299 -9348.31958131327 7530.915947082847 2523.488974161964
 -8159.518317554078 7452.555819220433 -9348.332228881423 7530.916904393301 2523.377758369469
 -8159.51832253277 7452.555827565983 -9348.332219431886 7530.916907817556 2523.377760837849
 -8159.716471302509 7452.657836526257 -9348.319574433141 7530.915946624614 2523.48896847321
 -8159.518310813642 7452.555815630787 -9348.332230271752 7530.916903656088 2523.377766115227
 -8159.518322622464 7452.555827564013 -9348.332219495909 7530.916907818455 2523.377760939381
 -8159.518324036521 7452.555827659921 -9348.332218488516 7530.916908849484 2523.377760813506
 -8159.518320244843 7452.55582809033 -9348.332217920146 7530.91690682384 2523.37776094888
 -8159.518322607522 7452.555826765141 -9348.332219451342 7530.916907978808 2523.377762344759
 -8159.518320379505 7452.555828345308 -9348.332217656689 7530.916906721993 2523.377760831293
 -8159.518314662039 7452.555821276359 -9348.33222568137 7530.916905498429 2523.377763157325
 -8159.716472747979 7452.657826101266 -9348.319574884814 7530.915947201678 2523.488975149219
 -8159.51831388458 7452.555822357551 -9348.332227506851 7530.916905334836 2523.377765914575
 -8159.518322119118 7452.555827598139 -9348.332219315638 7530.916908057781 2523.377760849448
 -8159.51831896589 7452.555821554966 -9348.33223035507 7530.916905795525 2523.377759375944
 -8159.518320295654 7452.55582816088 -9348.332217802958 7530.916906921287 2523.377760737594
 -8159.518320081554 7452.555828702083 -9348.332217799549 7530.916906695673 2523.377760721717
 -8159.518310704862 7452.555815167182 -9348.332229949052 7530.916904384578 2523.377766188181
 -8159.518320244843 7452.55582809033 -9348.332217920146 7530.91690682384 2523.37776094888
 -8159.518322637527 7452.555827445881 -9348.332219422198 7530.916907819996 2523.377760815756
 -8159.518320076343 7452.555828508122 -9348.332217784196 7530.916906723738 2523.377760948504
 -8159.518314639638 7452.555820641593 -9348.332225680437 7530.916904722084 2523.377764108915
 -8159.51832006755 7452.555828577018 -9348.332217896746 7530.916906676218 2523.377760740002
 -8159.518313268209 7452.555821248991 -9348.332226395945 7530.916907484645 2523.377763888536
 -8159.518322607522 7452.555826765141 -9348.332219451342 7530.916907978808 2523.377762344759
