# Created by Octave 4.2.1, Mon Oct 09 18:36:15 2017 BRT <root@mosqueiro>
# name: pop
# type: matrix
# rows: 1000
# columns: 5
 -8159.518320244843 7452.55582809033 -9348.332217920146 7530.91690682384 2523.37776094888
 -8159.51832250078 7452.555826741528 -9348.332219485294 7530.916908014898 2523.377762129607
 -8159.518324036521 7452.555827659921 -9348.332218488516 7530.916908849484 2523.377760813506
 -8159.51832253277 7452.555827565983 -9348.332219431886 7530.916907817556 2523.377760837849
 -8159.51832253277 7452.555827565983 -9348.332219431886 7530.916907817556 2523.377760837849
 -8159.518317554078 7452.555819220433 -9348.332228881423 7530.916904393301 2523.377758369469
 -8159.716474345293 7452.65782303099 -9348.319572630056 7530.915945977215 2523.488980612368
 -8159.716451751077 7452.657775177707 -9348.319510955631 7530.915874117691 2523.489017500238
 -8159.716472768981 7452.657824690887 -9348.319577339504 7530.915948038565 2523.488975937914
 -8159.716506003976 7452.657828043552 -9348.319567534481 7530.915945475833 2523.488963390842
 -8159.716451751077 7452.657775177707 -9348.319510955631 7530.915874117691 2523.489017500238
 -8159.518317554078 7452.555819220433 -9348.332228881423 7530.916904393301 2523.377758369469
 -8159.716472747979 7452.657826101266 -9348.319574884814 7530.915947201678 2523.488975149219
 -8159.716472747979 7452.657826101266 -9348.319574884814 7530.915947201678 2523.488975149219
 -8159.716472747979 7452.657826101266 -9348.319574884814 7530.915947201678 2523.488975149219
 -8159.51832253277 7452.555827565983 -9348.332219431886 7530.916907817556 2523.377760837849
 -8159.51831777 7452.555819743458 -9348.332225973778 7530.916911077263 2523.377758219705
 -8159.518315080014 7452.555821214021 -9348.332225626007 7530.916904625293 2523.377763824149
 -8159.51831777 7452.555819743458 -9348.332225973778 7530.916911077263 2523.377758219705
 -8159.518320244843 7452.55582809033 -9348.332217920146 7530.91690682384 2523.37776094888
 -8159.518314399191 7452.55581269649 -9348.332231343593 7530.916912617686 2523.377758683585
 -8159.716471302509 7452.657836526257 -9348.319574433141 7530.915946624614 2523.48896847321
 -8159.716464851635 7452.657825687586 -9348.319589986955 7530.915976055191 2523.488955708365
 -8159.518317554078 7452.555819220433 -9348.332228881423 7530.916904393301 2523.377758369469
 -8159.518317554078 7452.555819220433 -9348.332228881423 7530.916904393301 2523.377758369469
 -8159.518315080014 7452.555821214021 -9348.332225626007 7530.916904625293 2523.377763824149
 -8159.51832253277 7452.555827565983 -9348.332219431886 7530.916907817556 2523.377760837849
 -8159.518317554078 7452.555819220433 -9348.332228881423 7530.916904393301 2523.377758369469
 -8159.51832253277 7452.555827565983 -9348.332219431886 7530.916907817556 2523.377760837849
 -8159.500853672855 7452.554704361365 -9348.314549907076 7530.913003179538 2523.375291406772
 -8159.518318652608 7452.555819295915 -9348.332227688281 7530.916905232975 2523.37775971365
 -8159.716471302509 7452.657836526257 -9348.319574433141 7530.915946624614 2523.48896847321
 -8159.518317554078 7452.555819220433 -9348.332228881423 7530.916904393301 2523.377758369469
 -8159.518322290257 7452.555825142668 -9348.332220016784 7530.916906140889 2523.377761384904
 -8159.716496036745 7452.657748791928 -9348.319514422072 7530.915896107328 2523.48911587205
 -8159.518317554078 7452.555819220433 -9348.332228881423 7530.916904393301 2523.377758369469
 -8159.503323157748 7452.550260472418 -9348.319353052046 7530.916464759053 2523.382931707358
 -8159.51832253277 7452.555827565983 -9348.332219431886 7530.916907817556 2523.377760837849
 -8159.716474313945 7452.657826967475 -9348.319574930716 7530.915947348833 2523.488976057699
 -8159.716472747979 7452.657826101266 -9348.319574884814 7530.915947201678 2523.488975149219
 -8159.518317554078 7452.555819220433 -9348.332228881423 7530.916904393301 2523.377758369469
 -8159.518310813642 7452.555815630787 -9348.332230271752 7530.916903656088 2523.377766115227
 -8159.518315080014 7452.555821214021 -9348.332225626007 7530.916904625293 2523.377763824149
 -8159.716472747979 7452.657826101266 -9348.319574884814 7530.915947201678 2523.488975149219
 -8159.458568460381 7452.57533595208 -9348.31046295976 7530.879526453288 2523.341085683126
 -8159.716474345293 7452.65782303099 -9348.319572630056 7530.915945977215 2523.488980612368
 -8159.518317554078 7452.555819220433 -9348.332228881423 7530.916904393301 2523.377758369469
 -8159.518317554078 7452.555819220433 -9348.332228881423 7530.916904393301 2523.377758369469
 -8159.518316932196 7452.55581988596 -9348.332226050303 7530.916906387865 2523.37775855763
 -8159.51832253277 7452.555827565983 -9348.332219431886 7530.916907817556 2523.377760837849
 -8159.716451751077 7452.657775177707 -9348.319510955631 7530.915874117691 2523.489017500238
 -8159.518324036521 7452.555827659921 -9348.332218488516 7530.916908849484 2523.377760813506
 -8159.716472747979 7452.657826101266 -9348.319574884814 7530.915947201678 2523.488975149219
 -8159.518320244843 7452.55582809033 -9348.332217920146 7530.91690682384 2523.37776094888
 -8159.51832253277 7452.555827565983 -9348.332219431886 7530.916907817556 2523.377760837849
 -8159.518317554078 7452.555819220433 -9348.332228881423 7530.916904393301 2523.377758369469
 -8159.518317554078 7452.555819220433 -9348.332228881423 7530.916904393301 2523.377758369469
 -8159.51831777 7452.555819743458 -9348.332225973778 7530.916911077263 2523.377758219705
 -8159.716466728425 7452.657836413468 -9348.319608760785 7530.91593933099 2523.488965436396
 -8159.716474313945 7452.657826967475 -9348.319574930716 7530.915947348833 2523.488976057699
 -8159.51832253277 7452.555827565983 -9348.332219431886 7530.916907817556 2523.377760837849
 -8159.518317554078 7452.555819220433 -9348.332228881423 7530.916904393301 2523.377758369469
 -8159.518317554078 7452.555819220433 -9348.332228881423 7530.916904393301 2523.377758369469
 -8159.425379530951 7452.553068726208 -9348.292017867569 7530.903092688758 2523.288980936046
 -8159.726679324285 7452.676735728662 -9348.30169458031 7530.878379637563 2523.502436671817
 -8159.518317554078 7452.555819220433 -9348.332228881423 7530.916904393301 2523.377758369469
 -8159.716472747979 7452.657826101266 -9348.319574884814 7530.915947201678 2523.488975149219
 -8159.716465565596 7452.657828480353 -9348.319576677235 7530.915941680628 2523.488976231989
 -8159.51831777 7452.555819743458 -9348.332225973778 7530.916911077263 2523.377758219705
 -8159.51831019699 7452.555815227027 -9348.3322308149 7530.916902370337 2523.377765404221
 -8159.518317554078 7452.555819220433 -9348.332228881423 7530.916904393301 2523.377758369469
 -8159.518315080014 7452.555821214021 -9348.332225626007 7530.916904625293 2523.377763824149
 -8159.503860223413 7452.549796573226 -9348.32239566263 7530.917044246491 2523.385960828823
 -8159.518310813642 7452.555815630787 -9348.332230271752 7530.916903656088 2523.377766115227
 -8159.716456290225 7452.657796092411 -9348.319496530085 7530.915830755114 2523.48899457845
 -8159.716467369379 7452.657829894751 -9348.319573315823 7530.915947799217 2523.488975306956
 -8159.716472747979 7452.657826101266 -9348.319574884814 7530.915947201678 2523.488975149219
 -8159.716449966045 7452.657823723424 -9348.319562809596 7530.915980546005 2523.488970819361
 -8159.716472747979 7452.657826101266 -9348.319574884814 7530.915947201678 2523.488975149219
 -8159.716451751077 7452.657775177707 -9348.319510955631 7530.915874117691 2523.489017500238
 -8159.51832250078 7452.555826741528 -9348.332219485294 7530.916908014898 2523.377762129607
 -8159.518317554078 7452.555819220433 -9348.332228881423 7530.916904393301 2523.377758369469
 -8159.518317554078 7452.555819220433 -9348.332228881423 7530.916904393301 2523.377758369469
 -8159.716464851635 7452.657825687586 -9348.319589986955 7530.915976055191 2523.488955708365
 -8159.518317554078 7452.555819220433 -9348.332228881423 7530.916904393301 2523.377758369469
