# Created by Octave 4.2.1, Mon Oct 09 17:38:31 2017 BRT <root@mosqueiro>
# name: pop
# type: matrix
# rows: 1000
# columns: 5
 3204.485643281873 -6316.601808364054 -6068.739596027346 7674.543446885487 1512.302426132386
 3204.485643281873 -6316.601808364054 -6068.739596027346 7674.543446885487 1512.302426132386
 3204.485643281873 -6316.601808364054 -6068.739596027346 7674.543446885487 1512.302426132386
 3204.485643281873 -6316.601808364054 -6068.739596027346 7674.543446885487 1512.302426132386
 3204.485643281873 -6316.601808364054 -6068.739596027346 7674.543446885487 1512.302426132386
 2145.937890163785 -8570.928988744477 -5067.317998044089 8666.093612443896 3126.867062964569
 4056.849911440384 -7041.874510490538 -7850.995270935979 5508.712458316572 5622.572081028771
 3204.485643281873 -6316.601808364054 -6068.739596027346 7674.543446885487 1512.302426132386
 1389.097614218897 -8639.55177742452 -6443.855773281908 10265.72369784989 3454.552045647862
 3825.019710581123 -8927.399175058354 -6906.560724857734 8260.717712468737 3761.116614656092
 1389.097614218897 -8639.55177742452 -6443.855773281908 10265.72369784989 3454.552045647862
 3069.186883280454 -6932.815978323069 -6616.08464653239 6858.316249444368 3656.422301383605
 3069.186883280454 -6932.815978323069 -6616.08464653239 6858.316249444368 3656.422301383605
 3598.101167879578 -5916.733783964914 -5420.353382533235 6756.195630692922 1486.108299050348
 3519.920725021281 -7545.246235645224 -2747.090883994024 9688.859126786261 4191.116278315552
 2779.042689259514 -6974.584856139407 -5440.471861248222 5839.650123519417 3807.089287359832
 7738.069923887663 -2248.138460294818 -18488.97052710862 11092.91787031954 3295.715516293439
 3204.485643281873 -6316.601808364054 -6068.739596027346 7674.543446885487 1512.302426132386
 1543.106839018485 -10757.3132835029 -4799.03448218401 11574.40083556476 2533.604019698002
 3204.485643281873 -6316.601808364054 -6068.739596027346 7674.543446885487 1512.302426132386
 3204.485643281873 -6316.601808364054 -6068.739596027346 7674.543446885487 1512.302426132386
 2779.042689259514 -6974.584856139407 -5440.471861248222 5839.650123519417 3807.089287359832
 3069.186883280454 -6932.815978323069 -6616.08464653239 6858.316249444368 3656.422301383605
 3204.485643281873 -6316.601808364054 -6068.739596027346 7674.543446885487 1512.302426132386
 3204.485643281873 -6316.601808364054 -6068.739596027346 7674.543446885487 1512.302426132386
 2393.076125993118 -7052.725994288058 -6399.084406622311 6539.690377897181 3961.132003692031
 3825.019710581123 -8927.399175058354 -6906.560724857734 8260.717712468737 3761.116614656092
 2779.042689259514 -6974.584856139407 -5440.471861248222 5839.650123519417 3807.089287359832
 3069.186883280454 -6932.815978323069 -6616.08464653239 6858.316249444368 3656.422301383605
 3204.485643281873 -6316.601808364054 -6068.739596027346 7674.543446885487 1512.302426132386
 3204.485643281873 -6316.601808364054 -6068.739596027346 7674.543446885487 1512.302426132386
 3630.493065052847 -4992.628227328614 -5676.792280961444 6871.564765075742 1065.187961154111
 6544.18992840542 -4639.474844484104 -5700.926415860905 7604.080319551157 10795.68832046505
 3825.019710581123 -8927.399175058354 -6906.560724857734 8260.717712468737 3761.116614656092
 3069.186883280454 -6932.815978323069 -6616.08464653239 6858.316249444368 3656.422301383605
 1389.097614218897 -8639.55177742452 -6443.855773281908 10265.72369784989 3454.552045647862
 3204.485643281873 -6316.601808364054 -6068.739596027346 7674.543446885487 1512.302426132386
 3069.186883280454 -6932.815978323069 -6616.08464653239 6858.316249444368 3656.422301383605
 3069.186883280454 -6932.815978323069 -6616.08464653239 6858.316249444368 3656.422301383605
 3204.485643281873 -6316.601808364054 -6068.739596027346 7674.543446885487 1512.302426132386
 3069.186883280454 -6932.815978323069 -6616.08464653239 6858.316249444368 3656.422301383605
 3069.186883280454 -6932.815978323069 -6616.08464653239 6858.316249444368 3656.422301383605
 3825.019710581123 -8927.399175058354 -6906.560724857734 8260.717712468737 3761.116614656092
 1389.097614218897 -8639.55177742452 -6443.855773281908 10265.72369784989 3454.552045647862
 3825.019710581123 -8927.399175058354 -6906.560724857734 8260.717712468737 3761.116614656092
 3204.485643281873 -6316.601808364054 -6068.739596027346 7674.543446885487 1512.302426132386
 3204.485643281873 -6316.601808364054 -6068.739596027346 7674.543446885487 1512.302426132386
 1389.097614218897 -8639.55177742452 -6443.855773281908 10265.72369784989 3454.552045647862
 3069.186883280454 -6932.815978323069 -6616.08464653239 6858.316249444368 3656.422301383605
 3204.485643281873 -6316.601808364054 -6068.739596027346 7674.543446885487 1512.302426132386
 1389.097614218897 -8639.55177742452 -6443.855773281908 10265.72369784989 3454.552045647862
 1389.097614218897 -8639.55177742452 -6443.855773281908 10265.72369784989 3454.552045647862
 2876.65023442245 -7357.720679426682 -6470.876501488805 6673.000200287936 1714.819701115618
 1389.097614218897 -8639.55177742452 -6443.855773281908 10265.72369784989 3454.552045647862
 1389.097614218897 -8639.55177742452 -6443.855773281908 10265.72369784989 3454.552045647862
 3825.019710581123 -8927.399175058354 -6906.560724857734 8260.717712468737 3761.116614656092
 3204.485643281873 -6316.601808364054 -6068.739596027346 7674.543446885487 1512.302426132386
 1543.106839018485 -10757.3132835029 -4799.03448218401 11574.40083556476 2533.604019698002
 3805.942405355604 -8915.72678793562 -5371.025622539591 7757.833940044976 3003.444147361824
 2779.042689259514 -6974.584856139407 -5440.471861248222 5839.650123519417 3807.089287359832
 3825.019710581123 -8927.399175058354 -6906.560724857734 8260.717712468737 3761.116614656092
 3204.485643281873 -6316.601808364054 -6068.739596027346 7674.543446885487 1512.302426132386
 1217.36581628801 -9838.962901835188 -6899.360740741144 11991.16494614147 5493.371118297715
 1389.097614218897 -8639.55177742452 -6443.855773281908 10265.72369784989 3454.552045647862
 11141.03654004631 -32604.70937854608 -21323.41469927657 10585.55902314359 320.93960502998
 767.9320718823965 -2673.395590549648 -7064.632324442158 2532.469226500505 4838.577895218225
 1389.097614218897 -8639.55177742452 -6443.855773281908 10265.72369784989 3454.552045647862
 229.6911170474036 -7234.150982974307 -3364.518656351534 10775.29818048341 2915.074723670831
 3204.485643281873 -6316.601808364054 -6068.739596027346 7674.543446885487 1512.302426132386
 1389.097614218897 -8639.55177742452 -6443.855773281908 10265.72369784989 3454.552045647862
 3204.485643281873 -6316.601808364054 -6068.739596027346 7674.543446885487 1512.302426132386
 3204.485643281873 -6316.601808364054 -6068.739596027346 7674.543446885487 1512.302426132386
 1389.097614218897 -8639.55177742452 -6443.855773281908 10265.72369784989 3454.552045647862
 1389.097614218897 -8639.55177742452 -6443.855773281908 10265.72369784989 3454.552045647862
 4156.861244019765 -8172.252261303017 -7101.192037762639 8570.620973098967 3652.321013714067
 3204.485643281873 -6316.601808364054 -6068.739596027346 7674.543446885487 1512.302426132386
 1389.097614218897 -8639.55177742452 -6443.855773281908 10265.72369784989 3454.552045647862
 1389.097614218897 -8639.55177742452 -6443.855773281908 10265.72369784989 3454.552045647862
 3204.485643281873 -6316.601808364054 -6068.739596027346 7674.543446885487 1512.302426132386
 1389.097614218897 -8639.55177742452 -6443.855773281908 10265.72369784989 3454.552045647862
 925.3253571828468 -7448.140177387479 -6122.138414399145 11427.27793743838 4164.879862980411
 2860.83468851729 -8842.369240579112 -6473.585019857348 10040.22547295067 3766.622743127565
 3069.186883280454 -6932.815978323069 -6616.08464653239 6858.316249444368 3656.422301383605
 3069.186883280454 -6932.815978323069 -6616.08464653239 6858.316249444368 3656.422301383605
 2779.042689259514 -6974.584856139407 -5440.471861248222 5839.650123519417 3807.089287359832
