# Created by Octave 4.2.1, Mon Oct 09 18:21:05 2017 BRT <root@mosqueiro>
# name: pop
# type: matrix
# rows: 1000
# columns: 5
 1565.83569725475 7487.921454000618 1862.880047587299 -3471.665302163022 7817.378591593028
 1231.249933545078 -4790.294268392893 1754.995395610415 4041.585466356646 -3820.688088226047
 8070.052459852574 1273.374414460666 -9607.391968790569 -8796.654523051158 6815.551243294885
 -3003.176602692886 6314.16516356349 988.7967077107005 1879.486896945651 -7334.131966196421
 9290.617731011411 3935.57037540184 5654.806809743988 5075.520683874252 624.664584020542
 1431.544025015317 -4089.336168530903 2754.317250290775 -2852.116182739023 -4764.099466022685
 685.5653177919958 2367.90669099801 -3620.247476030088 9519.522657040154 -4288.870828546248
 4917.315786678717 -9991.223293372106 -1596.581116265035 -1675.098167370317 -5448.418845243285
 6770.501404071209 4731.085561330996 8572.175584817433 9578.71264764174 8398.131252556603
 -3657.465350016277 -7728.401164982476 -9841.086955528683 -5392.251341548625 -5132.040266433248
 -7453.369268291147 -9139.581442363724 1741.959518864453 -6693.520803356453 9030.194453637479
 1051.955159594629 347.3031815016129 9938.836643651488 9561.833263133667 2344.834790285295
 7076.019352298154 -9162.721977929808 -9221.033543468549 7693.031135736688 -2489.305782697053
 -9674.650155819794 -4234.826462025737 3966.982788190902 -949.6122862592511 3040.773460742965
 9267.771757681639 8705.806279416218 2365.250886565671 -9493.922738554955 2369.760647356114
 -5537.394659597273 9711.71489374778 -239.5068613911808 7263.20034057102 -3402.874978763827
 -6966.891023781227 -1076.830401171379 -5473.218554857829 -8268.677189997426 -948.0502853743856
 4562.674792978327 9851.191954518614 7576.896331944859 1496.104959065247 1862.253685224125
 408.1525573459039 7328.616258841626 -7897.016150212794 -3148.761305206083 7950.504317162522
 -5424.027393424736 -3936.652585360517 4581.10323327424 -5000.319362861539 6364.178390878313
 1066.042436602667 -4138.366044189184 2423.182827921373 3355.52333856782 -2040.423119011506
 8431.049682464447 -2183.435657416454 1110.664464336322 -2255.259525566005 -6435.849663057901
 -6306.78872266564 938.3337225281102 -9322.421870043467 -5592.912563587976 -212.7569787432476
 -7072.116626781476 -665.9013319399164 -3433.963123820917 7496.064964423735 2002.625237717177
 6794.391100478246 -1321.434447992677 -1302.938262270951 1750.790439279888 3600.751188815084
 -6609.400729486671 8815.006918895899 6102.171668890443 -7986.998479013933 -5353.342094560659
 3377.24098408492 7508.959913136678 -4806.342953222783 9372.971355787784 -9451.17183912061
 -5613.877602595681 7720.108216125183 8562.128959881524 2782.183420516396 5196.914681674014
 -573.066277920474 -1119.167021046891 -2024.218219314203 -2640.665737904272 -641.7763110156466
 4252.805348730968 5853.456115473307 -6043.892518936062 -6696.404303456821 468.6335042388564
 -1367.842992808291 5462.613768682517 6246.92974105933 66.07577024296552 8863.116691011375
 177.6148943050575 3499.093034827672 -5142.91384195994 -7165.412696482104 -4500.904894572814
 9906.179531687143 1008.250128581947 1780.831331583946 -7501.181941487379 618.3342605196194
 -2726.010921932179 4198.112484952992 4172.646590055421 2933.020503659542 -4073.539089096946
 -7427.411816719261 8051.960459512225 8088.871270808013 -5887.622748316833 -599.9969033217458
 -1692.412319531441 -1685.372054941427 8590.160374316216 -7085.999244705901 -4751.886343122361
 -1340.586760706545 7295.516667406333 -1337.751659132484 -2646.68471680624 3432.101286400355
 -5298.409845868989 5088.860377926867 9154.616145035423 5910.212423614492 -9646.877930930965
 8364.329368034974 -5582.498795796101 845.3946186115027 -2524.711070874545 6182.663183786461
 -4564.241255385075 5852.633403880027 9365.254634646786 -1138.115263950276 -4370.76239485414
 -8709.88071980621 7396.046353877442 4972.397359677345 -8498.735720398279 6296.902423918951
 1109.855959189006 -6348.288346167588 -4168.963985145505 700.2980433992616 1551.274399629607
 -5640.101147071656 8123.833154305965 -7560.499036179288 -6225.278205373917 -4711.717133510539
 1850.23071463646 5696.206479479199 8994.83763185886 -1501.193681142773 2994.751486479279
 5948.84748732534 3276.459955120785 1500.240465870151 5365.667065265632 -750.0067587518624
 7211.507091906973 4585.467508695197 -5027.296707308692 -8822.79522491665 3390.803701949397
 -3143.382912326332 -6706.425279134068 -4807.07616475147 2961.492430824692 -1734.50976932883
 4081.29574266987 3757.406256949924 -4231.32264953018 1131.891914333501 1561.956903204424
 2154.221491141974 -9358.081766982752 2280.47546394683 -8452.819698921516 -6097.553100421039
 -7522.902186537381 -6952.135346544435 -3504.648588746039 -3950.96112935292 -3892.635643535493
 -488.7127176921713 -3311.658216132941 -3126.800023994509 5714.847726959943 -928.8411248791926
 1189.373401237428 -4372.26104031767 -1959.122556017953 -7805.73398742781 5633.192691492195
 -8328.236754989688 5527.691397764789 -7559.204000509706 -322.7999249470195 -22.72307098349302
 2703.568282027869 -3451.410274390708 1138.405090699742 -5948.486971177903 9751.309113873736
 -7238.963879786381 7113.286066564448 3143.918550806917 7452.610259504421 -979.5100621103556
 -9544.295868895833 -8043.180488255094 -4552.273034991075 -8122.83025463097 221.1637073134079
 -1458.392616912832 5765.153039293493 -3948.923282301527 635.0158409522555 6831.708791584875
 -1008.882782026958 2654.536041755939 4180.062942146162 4433.732421569735 9171.166804656688
 -2110.437358431071 -796.5292469960077 -1949.623452420085 7898.565338295055 -229.4089142144021
 -3753.038066655357 7167.184488430346 3659.105065927324 9466.009897268232 -5781.426294174648
 7172.290018417993 8282.613702836032 8440.957910744091 -3362.560970789211 -4619.713018698798
 86.21740693096035 -5672.785059834429 -4239.876751527107 747.5066834499121 -8663.953893013391
 8544.110592856741 5696.261063460106 9440.356352109542 -5905.686380329575 9550.160964180523
 -2662.212844249912 -4685.641332276124 2234.340608601364 7009.122473653784 -1313.379753948539
 2178.321832561965 -2512.609544863228 2488.156290245532 -4303.891458632619 -7963.507565294935
 2934.901500150003 8825.833728524311 1457.762532732653 -5128.611955860415 5799.141517830996
 7573.601412485055 -1669.548986185455 -2437.885642088927 -5002.75542852061 -6721.86087966366
 -8875.266745558081 -3817.73549688767 -1584.547580272116 9443.483978598266 -5024.069776908874
 -7828.080208473939 4632.065228115473 5804.92282892533 1592.570386017846 -3127.772303495967
 -4812.754909233165 755.5963932533414 7624.67795415593 7764.834754324005 470.4659714555928
 9367.455670648051 1811.118823722703 -7596.110881886648 3246.538544770057 -631.1028878860634
 3471.166959251768 7874.179237648139 8364.822806231881 -9776.752693418692 -6208.69960070554
 2520.986955351867 -9112.350185408723 -2802.258433042636 2704.888006463569 5087.466313473091
 -5339.991100373263 5222.266590674624 -1130.26485006345 9327.162696347157 -2432.451681385042
 8838.134960551524 -1193.232981597621 -4433.740019350568 6771.842156825358 1892.542696556666
 4642.882553265026 221.4942463427305 -4615.687030359373 -8985.872720947275 3413.567659536742
 -3102.223651744872 1831.480441692343 -6417.030538146201 3656.86225315195 -2216.583613968027
 -675.1725016684322 672.9360400010992 9642.924777342752 5407.064718466127 9947.771441690304
 -2860.589425213908 -151.5207343625516 921.4017968970165 4309.683269221719 -3327.341626344845
 -3047.983952259487 -1897.50476847084 0.9182162916640664 -1515.768757448808 4677.753800754184
 3846.846734291794 4120.985826868657 188.5275559410857 -4424.922993422314 4321.028817567818
 7501.873823514401 -6253.884996513092 1303.678027765829 -8424.241889360366 114.6385343967795
 6232.472500230539 1223.68738483366 453.7056019450829 4196.688718469861 -6786.683375516192
 9557.975541088352 5418.733955219905 8030.502700391204 -83.2463903979824 5617.017834554008
