# Created by Octave 4.2.1, Mon Oct 09 17:46:01 2017 BRT <root@mosqueiro>
# name: pop
# type: matrix
# rows: 1000
# columns: 5
 1894.701559433615 -7735.921233139703 -5816.445618339862 9336.905975985448 2319.549134406272
 1894.637057058591 -7735.996478305585 -5816.44552248503 9337.002665019309 2319.592096003833
 1894.55470089282 -7736.347283058959 -5816.061524736294 9337.249916589955 2319.394006147054
 1894.636529892691 -7735.996307585145 -5816.445759048012 9337.002468382067 2319.592883188961
 1894.537717711763 -7735.889088881611 -5816.440661032609 9336.984866314095 2319.596988306085
 1894.63723448185 -7735.996983041988 -5816.445094245599 9337.002779246655 2319.591922146564
 1894.640079859852 -7735.962280553278 -5816.43952073103 9336.958581335532 2319.595272747789
 3399.546005171488 -6560.616003563374 -6212.857152978154 7876.341906010074 1496.474633972625
 1894.637205966481 -7735.997041009339 -5816.445068929302 9337.002777603209 2319.591936130038
 1894.637027884957 -7735.996457248609 -5816.445550733404 9337.002666154485 2319.59209548783
 1894.554671539667 -7736.347152162124 -5816.061512428836 9337.250072591652 2319.394087123384
 1894.640076916281 -7735.961663183443 -5816.441088525124 9336.95775749584 2319.594761017204
 1894.637369902415 -7735.995889566489 -5816.44526215153 9337.001599180529 2319.592031557187
 1894.637027884957 -7735.996457248609 -5816.445550733404 9337.002666154485 2319.59209548783
 1894.642619458527 -7735.976863988518 -5816.443831693822 9337.001855447415 2319.56541215301
 1894.637034599774 -7735.996555081506 -5816.445591244865 9337.002612546165 2319.592180082718
 1894.637027884957 -7735.996457248609 -5816.445550733404 9337.002666154485 2319.59209548783
 1894.628728925966 -7735.973306056897 -5816.448650411541 9336.976243283214 2319.607090357161
 1894.660854446422 -7735.939303515227 -5816.451473012169 9336.965507488354 2319.558641896618
 1894.637027884957 -7735.996457248609 -5816.445550733404 9337.002666154485 2319.59209548783
 1894.637205966481 -7735.997041009339 -5816.445068929302 9337.002777603209 2319.591936130038
 1894.637073785748 -7735.998255871849 -5816.444036116019 9337.002866765679 2319.592142353524
 1894.637205966481 -7735.997041009339 -5816.445068929302 9337.002777603209 2319.591936130038
 1894.701559433615 -7735.921233139703 -5816.445618339862 9336.905975985448 2319.549134406272
 1894.554701761723 -7736.347247549912 -5816.061605223731 9337.2499404593 2319.394041748422
 1894.554701761723 -7736.347247549912 -5816.061605223731 9337.2499404593 2319.394041748422
 1894.554712385687 -7736.34722985274 -5816.061591496381 9337.249996020042 2319.39404010215
 1894.701503713916 -7735.921255978556 -5816.445515296863 9336.905953686377 2319.549093384161
 1894.554701761723 -7736.347247549912 -5816.061605223731 9337.2499404593 2319.394041748422
 1894.701711037437 -7735.921551375397 -5816.445666404218 9336.906157863443 2319.549062283647
 1894.701421486139 -7735.921422287484 -5816.44655201955 9336.907504705132 2319.546349654301
 1894.637205966481 -7735.997041009339 -5816.445068929302 9337.002777603209 2319.591936130038
 1894.64260038412 -7735.97685157637 -5816.443829690978 9337.001964547891 2319.565472400474
 1894.637095688063 -7735.998354604624 -5816.444142761983 9337.00317958141 2319.592035070899
 1894.554701761723 -7736.347247549912 -5816.061605223731 9337.2499404593 2319.394041748422
 1894.637095688063 -7735.998354604624 -5816.444142761983 9337.00317958141 2319.592035070899
 1894.637189559104 -7735.996182998269 -5816.445800590485 9337.00262175217 2319.591984772953
 1894.55470089282 -7736.347283058959 -5816.061524736294 9337.249916589955 2319.394006147054
 1894.637073785748 -7735.998255871849 -5816.444036116019 9337.002866765679 2319.592142353524
 1894.537705300551 -7735.889080674979 -5816.440643004554 9336.984900538715 2319.597011062959
 1894.637021748892 -7735.998318424173 -5816.443980238731 9337.002879767288 2319.592148399165
 1894.537705300551 -7735.889080674979 -5816.440643004554 9336.984900538715 2319.597011062959
 1894.637027884957 -7735.996457248609 -5816.445550733404 9337.002666154485 2319.59209548783
 1894.663573436487 -7736.0435048083 -5816.58693585055 9337.125512823846 2319.631108287364
 1894.637205966481 -7735.997041009339 -5816.445068929302 9337.002777603209 2319.591936130038
 1894.637073785748 -7735.998255871849 -5816.444036116019 9337.002866765679 2319.592142353524
 1894.637205966481 -7735.997041009339 -5816.445068929302 9337.002777603209 2319.591936130038
 1894.644548031605 -7735.961427578202 -5816.468632433778 9336.985664880287 2319.589788425563
 1894.637095688063 -7735.998354604624 -5816.444142761983 9337.00317958141 2319.592035070899
 1894.637073785748 -7735.998255871849 -5816.444036116019 9337.002866765679 2319.592142353524
 1894.557981179836 -7735.914046559771 -5816.447705199548 9336.999667517686 2319.617593865211
 1894.644020067068 -7735.961038891198 -5816.467907313796 9336.984985463629 2319.59003791361
 1894.637095688063 -7735.998354604624 -5816.444142761983 9337.00317958141 2319.592035070899
 1894.637095688063 -7735.998354604624 -5816.444142761983 9337.00317958141 2319.592035070899
 1894.537731302398 -7735.888919935727 -5816.440542985115 9336.984731336959 2319.596844560977
 1894.637205966481 -7735.997041009339 -5816.445068929302 9337.002777603209 2319.591936130038
 1894.636529892691 -7735.996307585145 -5816.445759048012 9337.002468382067 2319.592883188961
 1894.554701761723 -7736.347247549912 -5816.061605223731 9337.2499404593 2319.394041748422
 1894.661235005482 -7735.941738943803 -5816.451565560325 9336.964184787637 2319.557301502237
 1894.640061049485 -7735.961613154513 -5816.440505784537 9336.957945658669 2319.595248298868
 1894.701711037437 -7735.921551375397 -5816.445666404218 9336.906157863443 2319.549062283647
 1894.637205966481 -7735.997041009339 -5816.445068929302 9337.002777603209 2319.591936130038
 1894.554701761723 -7736.347247549912 -5816.061605223731 9337.2499404593 2319.394041748422
 1894.554696518181 -7736.34725221286 -5816.061583315615 9337.249963065826 2319.39398645956
 1894.640076916281 -7735.961663183443 -5816.441088525124 9336.95775749584 2319.594761017204
 1894.637205966481 -7735.997041009339 -5816.445068929302 9337.002777603209 2319.591936130038
 1894.554701761723 -7736.347247549912 -5816.061605223731 9337.2499404593 2319.394041748422
 1894.637073785748 -7735.998255871849 -5816.444036116019 9337.002866765679 2319.592142353524
 1894.637205966481 -7735.997041009339 -5816.445068929302 9337.002777603209 2319.591936130038
 1894.640074774623 -7735.96166834121 -5816.440396117675 9336.957812266428 2319.595070307617
 1894.637205966481 -7735.997041009339 -5816.445068929302 9337.002777603209 2319.591936130038
 1894.637205966481 -7735.997041009339 -5816.445068929302 9337.002777603209 2319.591936130038
 1894.636529892691 -7735.996307585145 -5816.445759048012 9337.002468382067 2319.592883188961
 1894.642619458527 -7735.976863988518 -5816.443831693822 9337.001855447415 2319.56541215301
 1894.637024854677 -7735.998360116511 -5816.44417219241 9337.003178976553 2319.592005599113
 1894.644607204813 -7735.96142142165 -5816.468580383568 9336.98567475587 2319.589783412102
 1894.701559433615 -7735.921233139703 -5816.445618339862 9336.905975985448 2319.549134406272
 1894.554701761723 -7736.347247549912 -5816.061605223731 9337.2499404593 2319.394041748422
 1894.637205966481 -7735.997041009339 -5816.445068929302 9337.002777603209 2319.591936130038
 1894.637027884957 -7735.996457248609 -5816.445550733404 9337.002666154485 2319.59209548783
 1894.555764451814 -7736.342349177852 -5816.056682373383 9337.247028625519 2319.390109767008
 1894.637189559104 -7735.996182998269 -5816.445800590485 9337.00262175217 2319.591984772953
 1894.637201414172 -7735.9970137924 -5816.445081662269 9337.002756087639 2319.591947851325
 1894.644548031605 -7735.961427578202 -5816.468632433778 9336.985664880287 2319.589788425563
 1894.537705300551 -7735.889080674979 -5816.440643004554 9336.984900538715 2319.597011062959
