# Created by Octave 4.2.1, Mon Oct 09 18:07:06 2017 BRT <root@mosqueiro>
# name: pop
# type: matrix
# rows: 1000
# columns: 5
 8123.400507989601 3727.060677770249 681.3911912756103 -9398.71000660814 -3087.135526407579
 8123.400507989601 3727.060677770249 681.3911912756103 -9398.71000660814 -3087.135526407579
 8123.400507989601 3727.060677770249 681.3911912756103 -9398.71000660814 -3087.135526407579
 8123.400507989601 3727.060677770249 681.3911912756103 -9398.71000660814 -3087.135526407579
 8123.400507989601 3727.060677770249 681.3911912756103 -9398.71000660814 -3087.135526407579
 8123.400507989601 3727.060677770249 681.3911912756103 -9398.71000660814 -3087.135526407579
 10042.65755078552 -10808.3351499962 2629.100217208837 33251.8883087815 -16755.56335884974
 -1269.180261102869 629.7813718520702 6226.909292924558 -2581.463409211871 -1441.262288876793
 8123.400507989601 3727.060677770249 681.3911912756103 -9398.71000660814 -3087.135526407579
 8123.400507989601 3727.060677770249 681.3911912756103 -9398.71000660814 -3087.135526407579
 17350.14437774637 23825.62667334719 -4162.843830182318 22589.60894937172 -309.7928324716268
 8123.400507989601 3727.060677770249 681.3911912756103 -9398.71000660814 -3087.135526407579
 8123.400507989601 3727.060677770249 681.3911912756103 -9398.71000660814 -3087.135526407579
 8123.400507989601 3727.060677770249 681.3911912756103 -9398.71000660814 -3087.135526407579
 28724.95971045628 38504.02117477074 -16709.4067929154 35791.98387965505 11766.76405240693
 8123.400507989601 3727.060677770249 681.3911912756103 -9398.71000660814 -3087.135526407579
 17763.33904347032 -2846.002161560356 -8244.599928782252 235.1396067562782 -35687.77202581042
 8123.400507989601 3727.060677770249 681.3911912756103 -9398.71000660814 -3087.135526407579
 8123.400507989601 3727.060677770249 681.3911912756103 -9398.71000660814 -3087.135526407579
 -24716.13525953255 12292.53104240588 -8132.616243976432 -4446.593225905308 22762.54216261303
 11897.22366103633 -9180.066399797015 8451.143365908541 -2595.115530426669 -11996.24254280922
 8123.400507989601 3727.060677770249 681.3911912756103 -9398.71000660814 -3087.135526407579
 8123.400507989601 3727.060677770249 681.3911912756103 -9398.71000660814 -3087.135526407579
 8123.400507989601 3727.060677770249 681.3911912756103 -9398.71000660814 -3087.135526407579
 6090.383834926872 11834.23751606911 -5215.601106034488 8222.322863445792 22726.71589126113
 -45499.82949561375 51833.36051117467 23352.24611148324 11017.86261280601 6483.747542184257
 -5910.531381555671 -4244.687684879431 31944.46168126789 13565.99846772099 -17332.80269212077
 8123.400507989601 3727.060677770249 681.3911912756103 -9398.71000660814 -3087.135526407579
 8123.400507989601 3727.060677770249 681.3911912756103 -9398.71000660814 -3087.135526407579
 8123.400507989601 3727.060677770249 681.3911912756103 -9398.71000660814 -3087.135526407579
 8123.400507989601 3727.060677770249 681.3911912756103 -9398.71000660814 -3087.135526407579
 38824.68812897487 -23060.66337976876 19094.45267169664 -17799.43776296139 -11203.58924715987
 5162.74529180836 5235.3202489665 -3456.854558931027 -9916.565502467976 3096.332344487431
 8123.400507989601 3727.060677770249 681.3911912756103 -9398.71000660814 -3087.135526407579
 4107.735249257817 -2685.90400524366 8016.325982074954 25366.17091131893 -31425.76833996714
 11063.29663830441 -26309.60393696847 17235.05801236017 -6343.473218913168 -14059.84191072886
 8123.400507989601 3727.060677770249 681.3911912756103 -9398.71000660814 -3087.135526407579
 8123.400507989601 3727.060677770249 681.3911912756103 -9398.71000660814 -3087.135526407579
 8123.400507989601 3727.060677770249 681.3911912756103 -9398.71000660814 -3087.135526407579
 36637.3635096556 -14331.56998824155 14583.92716915873 45975.93209495411 25235.04170974721
 8123.400507989601 3727.060677770249 681.3911912756103 -9398.71000660814 -3087.135526407579
 1884.692752493465 17396.3229375524 23929.7432347107 -31094.01246985204 -1453.39112873543
 8123.400507989601 3727.060677770249 681.3911912756103 -9398.71000660814 -3087.135526407579
 8123.400507989601 3727.060677770249 681.3911912756103 -9398.71000660814 -3087.135526407579
 8123.400507989601 3727.060677770249 681.3911912756103 -9398.71000660814 -3087.135526407579
 8123.400507989601 3727.060677770249 681.3911912756103 -9398.71000660814 -3087.135526407579
 -40140.42519497383 -3655.426053899189 24608.76889059528 6736.784083970933 19410.79795758154
 8123.400507989601 3727.060677770249 681.3911912756103 -9398.71000660814 -3087.135526407579
 15070.15449202336 -28636.55353280882 -16670.65535713524 -9752.914171677723 18182.51040255752
 -5850.024668716002 34701.20592205374 -24350.5270968977 40217.19406696687 -17071.45874946738
 8123.400507989601 3727.060677770249 681.3911912756103 -9398.71000660814 -3087.135526407579
 34266.24696646402 22229.43022139601 -38643.83325763444 -25025.61192708336 7274.646050313337
 8123.400507989601 3727.060677770249 681.3911912756103 -9398.71000660814 -3087.135526407579
 2033.895101502967 -2618.013911470268 1914.414072444131 718.9429433351397 1901.643468742153
 8123.400507989601 3727.060677770249 681.3911912756103 -9398.71000660814 -3087.135526407579
 -5301.964420024524 2398.437928027968 -5841.760673117193 6861.843601888526 2958.09523424168
 -15341.51390641359 -4298.938463160512 -20867.02889242289 21319.54570519581 6596.375308174614
 -28801.95317246445 8729.078704488691 23873.12279350527 -60012.6087064473 22805.45046568276
 8123.400507989601 3727.060677770249 681.3911912756103 -9398.71000660814 -3087.135526407579
 -8428.625906413636 -8169.642094305226 2294.047792191681 5733.930264002873 9104.637446971454
 8123.400507989601 3727.060677770249 681.3911912756103 -9398.71000660814 -3087.135526407579
 10325.78882979606 16220.18374523031 60382.28958200828 -38699.12346809449 -5440.240224589434
 6498.544699627033 -8759.147917429455 8072.194198682235 1908.308047068036 -7640.721906209206
 8123.400507989601 3727.060677770249 681.3911912756103 -9398.71000660814 -3087.135526407579
 8123.400507989601 3727.060677770249 681.3911912756103 -9398.71000660814 -3087.135526407579
 8123.400507989601 3727.060677770249 681.3911912756103 -9398.71000660814 -3087.135526407579
 8123.400507989601 3727.060677770249 681.3911912756103 -9398.71000660814 -3087.135526407579
 8123.400507989601 3727.060677770249 681.3911912756103 -9398.71000660814 -3087.135526407579
 8123.400507989601 3727.060677770249 681.3911912756103 -9398.71000660814 -3087.135526407579
 8123.400507989601 3727.060677770249 681.3911912756103 -9398.71000660814 -3087.135526407579
 8123.400507989601 3727.060677770249 681.3911912756103 -9398.71000660814 -3087.135526407579
 27528.94416551445 15886.6916961016 -23102.76104281979 22533.27772636448 -2676.005100223418
 8123.400507989601 3727.060677770249 681.3911912756103 -9398.71000660814 -3087.135526407579
 8123.400507989601 3727.060677770249 681.3911912756103 -9398.71000660814 -3087.135526407579
 8123.400507989601 3727.060677770249 681.3911912756103 -9398.71000660814 -3087.135526407579
 8123.400507989601 3727.060677770249 681.3911912756103 -9398.71000660814 -3087.135526407579
 8123.400507989601 3727.060677770249 681.3911912756103 -9398.71000660814 -3087.135526407579
 4061.004654985189 15206.15081692963 -8706.691998841472 3551.023412835794 -17505.0732923459
 8123.400507989601 3727.060677770249 681.3911912756103 -9398.71000660814 -3087.135526407579
 -126.6761339414043 1496.039007672236 -529.4506209572446 7931.722821452971 -8935.400386322135
 8123.400507989601 3727.060677770249 681.3911912756103 -9398.71000660814 -3087.135526407579
 8123.400507989601 3727.060677770249 681.3911912756103 -9398.71000660814 -3087.135526407579
 8123.400507989601 3727.060677770249 681.3911912756103 -9398.71000660814 -3087.135526407579
 8123.400507989601 3727.060677770249 681.3911912756103 -9398.71000660814 -3087.135526407579
 8123.400507989601 3727.060677770249 681.3911912756103 -9398.71000660814 -3087.135526407579
