# Created by Octave 4.2.1, Mon Oct 09 17:36:34 2017 BRT <root@mosqueiro>
# name: pop
# type: matrix
# rows: 1000
# columns: 5
 3069.186883280454 -6932.815978323069 -6616.08464653239 6858.316249444368 3656.422301383605
 3069.186883280454 -6932.815978323069 -6616.08464653239 6858.316249444368 3656.422301383605
 3069.186883280454 -6932.815978323069 -6616.08464653239 6858.316249444368 3656.422301383605
 3069.186883280454 -6932.815978323069 -6616.08464653239 6858.316249444368 3656.422301383605
 3069.186883280454 -6932.815978323069 -6616.08464653239 6858.316249444368 3656.422301383605
 5577.595091327796 -9776.025552845469 -5098.117557268928 3149.918246339193 -3627.204023506613
 3069.186883280454 -6932.815978323069 -6616.08464653239 6858.316249444368 3656.422301383605
 3069.186883280454 -6932.815978323069 -6616.08464653239 6858.316249444368 3656.422301383605
 3069.186883280454 -6932.815978323069 -6616.08464653239 6858.316249444368 3656.422301383605
 3069.186883280454 -6932.815978323069 -6616.08464653239 6858.316249444368 3656.422301383605
 3069.186883280454 -6932.815978323069 -6616.08464653239 6858.316249444368 3656.422301383605
 3069.186883280454 -6932.815978323069 -6616.08464653239 6858.316249444368 3656.422301383605
 3069.186883280454 -6932.815978323069 -6616.08464653239 6858.316249444368 3656.422301383605
 3069.186883280454 -6932.815978323069 -6616.08464653239 6858.316249444368 3656.422301383605
 3725.475594506648 1292.399515690024 -18582.84447139904 10470.61917327278 -3061.255437723081
 -577.1891630807618 -19182.258132487 -3665.525707739105 4755.3462039521 6627.559184452892
 3069.186883280454 -6932.815978323069 -6616.08464653239 6858.316249444368 3656.422301383605
 3069.186883280454 -6932.815978323069 -6616.08464653239 6858.316249444368 3656.422301383605
 3069.186883280454 -6932.815978323069 -6616.08464653239 6858.316249444368 3656.422301383605
 3069.186883280454 -6932.815978323069 -6616.08464653239 6858.316249444368 3656.422301383605
 19587.60274472873 -2865.679230140006 -17173.96104093266 13780.86420204557 10726.18573198142
 3069.186883280454 -6932.815978323069 -6616.08464653239 6858.316249444368 3656.422301383605
 6989.798357559148 -3302.007384189596 -13169.55027445959 7735.666169650121 16026.72168044723
 3069.186883280454 -6932.815978323069 -6616.08464653239 6858.316249444368 3656.422301383605
 3069.186883280454 -6932.815978323069 -6616.08464653239 6858.316249444368 3656.422301383605
 3069.186883280454 -6932.815978323069 -6616.08464653239 6858.316249444368 3656.422301383605
 3069.186883280454 -6932.815978323069 -6616.08464653239 6858.316249444368 3656.422301383605
 3069.186883280454 -6932.815978323069 -6616.08464653239 6858.316249444368 3656.422301383605
 -9715.099307516424 27161.49735174443 381.2160185241221 -78803.04206608594 -14568.13728211086
 3069.186883280454 -6932.815978323069 -6616.08464653239 6858.316249444368 3656.422301383605
 5975.216674148495 -1984.139006089012 -19613.54618657193 13624.16826450653 858.3343028079271
 3069.186883280454 -6932.815978323069 -6616.08464653239 6858.316249444368 3656.422301383605
 288.7447810483118 -13868.14656730928 -5875.541018972925 10652.02419666905 2103.71620284279
 2724.678592471801 24265.88952336402 -10971.17664370373 -8423.241068384137 -27151.57226398906
 3069.186883280454 -6932.815978323069 -6616.08464653239 6858.316249444368 3656.422301383605
 3069.186883280454 -6932.815978323069 -6616.08464653239 6858.316249444368 3656.422301383605
 3069.186883280454 -6932.815978323069 -6616.08464653239 6858.316249444368 3656.422301383605
 3069.186883280454 -6932.815978323069 -6616.08464653239 6858.316249444368 3656.422301383605
 3069.186883280454 -6932.815978323069 -6616.08464653239 6858.316249444368 3656.422301383605
 3069.186883280454 -6932.815978323069 -6616.08464653239 6858.316249444368 3656.422301383605
 3069.186883280454 -6932.815978323069 -6616.08464653239 6858.316249444368 3656.422301383605
 24913.80497852662 2313.65113966132 -4719.052197739998 -13328.60696241432 -5101.271104217893
 19102.30666122018 -3108.739662607391 3946.940769952733 -81.88948676248538 -11600.6812436075
 3069.186883280454 -6932.815978323069 -6616.08464653239 6858.316249444368 3656.422301383605
 12477.51803630471 -239.5659996996719 -13702.42626317637 8501.981946677188 -4272.504731038333
 -2903.480938918618 1827.420638193722 -8358.796331320505 1289.446179962622 10446.7537992671
 6080.031761283076 -15375.84949956724 -5984.826031987347 3088.921296984447 -10357.66039381775
 3069.186883280454 -6932.815978323069 -6616.08464653239 6858.316249444368 3656.422301383605
 9935.046785144013 -11607.22402688694 2435.50660618842 5793.784559926411 6913.334322670005
 3069.186883280454 -6932.815978323069 -6616.08464653239 6858.316249444368 3656.422301383605
 14237.10544842297 -1230.752435206372 -6323.583197267108 -1335.260708086841 11400.72233572803
 3069.186883280454 -6932.815978323069 -6616.08464653239 6858.316249444368 3656.422301383605
 3069.186883280454 -6932.815978323069 -6616.08464653239 6858.316249444368 3656.422301383605
 11499.92028604376 -14758.76525898982 -15228.22883552806 15753.04365370608 1582.007203828122
 3069.186883280454 -6932.815978323069 -6616.08464653239 6858.316249444368 3656.422301383605
 3069.186883280454 -6932.815978323069 -6616.08464653239 6858.316249444368 3656.422301383605
 1859.091445231357 10538.56563060682 3048.7124647289 16903.64466533432 5871.332386805352
 -3147.98008072203 180.4516931483977 -4192.003034962916 -5756.149367947328 8569.627060761206
 3069.186883280454 -6932.815978323069 -6616.08464653239 6858.316249444368 3656.422301383605
 3069.186883280454 -6932.815978323069 -6616.08464653239 6858.316249444368 3656.422301383605
 3069.186883280454 -6932.815978323069 -6616.08464653239 6858.316249444368 3656.422301383605
 3069.186883280454 -6932.815978323069 -6616.08464653239 6858.316249444368 3656.422301383605
 1021.782926863045 669.8206616278176 2855.427687351514 8985.632546847964 13548.98679887667
 2736.608322765666 -5892.13274833434 -8125.542192549582 9117.432788428849 5897.676819063061
 3069.186883280454 -6932.815978323069 -6616.08464653239 6858.316249444368 3656.422301383605
 3636.292253028211 -4106.214951815706 2775.07292739012 15347.64189447279 -2969.687284425102
 3069.186883280454 -6932.815978323069 -6616.08464653239 6858.316249444368 3656.422301383605
 3069.186883280454 -6932.815978323069 -6616.08464653239 6858.316249444368 3656.422301383605
 974.0577371137888 -3154.644163499502 -7313.628335365883 12500.40925833013 -6664.704057612831
 6238.606227414191 -6198.067937514586 -8337.12220183866 1648.037080635682 6313.513118639291
 8019.226253350473 1789.836149078514 -15030.30776058101 8446.892758626491 -1016.712052419012
 6713.664265521735 -6027.153909445002 -7492.337987781885 10529.88749087833 1294.966930382915
 2810.743824308918 -2380.096862247643 -5767.960272199578 15179.09082530396 3138.387840563181
 3069.186883280454 -6932.815978323069 -6616.08464653239 6858.316249444368 3656.422301383605
 3069.186883280454 -6932.815978323069 -6616.08464653239 6858.316249444368 3656.422301383605
 926.5777985979016 13815.16757527619 3417.396156419798 -7712.003163078121 7297.436270437518
 5975.216674148495 -1984.139006089012 -19613.54618657193 13624.16826450653 858.3343028079271
 3069.186883280454 -6932.815978323069 -6616.08464653239 6858.316249444368 3656.422301383605
 3069.186883280454 -6932.815978323069 -6616.08464653239 6858.316249444368 3656.422301383605
 3069.186883280454 -6932.815978323069 -6616.08464653239 6858.316249444368 3656.422301383605
 3069.186883280454 -6932.815978323069 -6616.08464653239 6858.316249444368 3656.422301383605
 3069.186883280454 -6932.815978323069 -6616.08464653239 6858.316249444368 3656.422301383605
 1259.077843019021 -4810.353420187384 -11668.69315734313 10550.70138822522 3816.587047747833
 3069.186883280454 -6932.815978323069 -6616.08464653239 6858.316249444368 3656.422301383605
 3069.186883280454 -6932.815978323069 -6616.08464653239 6858.316249444368 3656.422301383605
