# Created by Octave 4.2.1, Mon Oct 09 18:52:19 2017 BRT <root@mosqueiro>
# name: pop
# type: matrix
# rows: 1000
# columns: 5
 9081.243440062493 -7533.838398657293 1009.045598550685 -5823.8660585354 3266.721014142292
 9081.243440062493 -7533.838398657293 1009.045598550685 -5823.8660585354 3266.721014142292
 9081.243440062493 -7533.838398657293 1009.045598550685 -5823.8660585354 3266.721014142292
 9081.243440062493 -7533.838398657293 1009.045598550685 -5823.8660585354 3266.721014142292
 9081.243440062493 -7533.838398657293 1009.045598550685 -5823.8660585354 3266.721014142292
 9081.243428400017 -7533.838385655003 1009.045592466201 -5823.866048824842 3266.721007039763
 9081.243440062493 -7533.838398657293 1009.045598550685 -5823.8660585354 3266.721014142292
 9080.993463344848 -7533.756201428129 1008.985657769035 -5823.690515114816 3266.772853214847
 9081.243401480539 -7533.838354888437 1009.045594688101 -5823.86605424639 3266.721007897879
 9082.390749826505 -7494.345115490374 981.097854007425 -5884.396083670688 3314.557570370737
 9081.243401480539 -7533.838354888437 1009.045594688101 -5823.86605424639 3266.721007897879
 9081.243546601416 -7533.838413086894 1009.045519263835 -5823.86603166432 3266.720955284622
 9081.243428400017 -7533.838385655003 1009.045592466201 -5823.866048824842 3266.721007039763
 9081.243428400017 -7533.838385655003 1009.045592466201 -5823.866048824842 3266.721007039763
 9081.243428400017 -7533.838385655003 1009.045592466201 -5823.866048824842 3266.721007039763
 9081.24344565339 -7533.83836590068 1009.045564586999 -5823.866051989001 3266.721002981157
 9080.993137939711 -7533.754410520092 1008.983974691155 -5823.690400747123 3266.773287693676
 9081.243425392942 -7533.838388850456 1009.045590826142 -5823.866053839756 3266.721005346649
 9081.243428400017 -7533.838385655003 1009.045592466201 -5823.866048824842 3266.721007039763
 9081.240770206705 -7533.837047369129 1009.044604550467 -5823.86519143799 3266.722421233919
 9081.243440062493 -7533.838398657293 1009.045598550685 -5823.8660585354 3266.721014142292
 9080.991693685157 -7533.752273539763 1008.984796393046 -5823.691881215581 3266.773103155046
 9081.243440062493 -7533.838398657293 1009.045598550685 -5823.8660585354 3266.721014142292
 9081.243492820056 -7533.838472219379 1009.045666770657 -5823.866206965323 3266.721059713997
 9081.243428400017 -7533.838385655003 1009.045592466201 -5823.866048824842 3266.721007039763
 9081.243764939318 -7533.838776263106 1009.045428323986 -5823.865997315747 3266.721178269719
 9081.243445710468 -7533.838388057183 1009.045593667045 -5823.866067491461 3266.721013024294
 9081.243722001333 -7533.83875326064 1009.045427867059 -5823.865977939973 3266.721177135943
 9081.243432635425 -7533.838381410877 1009.045601291635 -5823.866052270076 3266.721014532583
 9081.243428400017 -7533.838385655003 1009.045592466201 -5823.866048824842 3266.721007039763
 9081.243445710468 -7533.838388057183 1009.045593667045 -5823.866067491461 3266.721013024294
 9081.243764939318 -7533.838776263106 1009.045428323986 -5823.865997315747 3266.721178269719
 9081.243440062493 -7533.838398657293 1009.045598550685 -5823.8660585354 3266.721014142292
 9081.243592808885 -7533.838401587309 1009.045574328444 -5823.865956650583 3266.720985359379
 9081.243401480539 -7533.838354888437 1009.045594688101 -5823.86605424639 3266.721007897879
 9081.243434929704 -7533.838359514832 1009.0455666698 -5823.86598061768 3266.720940551298
 9081.243765833915 -7533.838764262464 1009.045429289321 -5823.865994936485 3266.721176042107
 9081.243424971961 -7533.838387508278 1009.045597502837 -5823.86605167293 3266.721016325551
 9081.243722001333 -7533.83875326064 1009.045427867059 -5823.865977939973 3266.721177135943
 9081.242393361788 -7533.837378680795 1009.049512125731 -5823.870460274391 3266.721591451996
 9081.243401480539 -7533.838354888437 1009.045594688101 -5823.86605424639 3266.721007897879
 9081.243443003945 -7533.83837428188 1009.045604730659 -5823.866047298335 3266.72099508675
 9081.242385714402 -7533.837428944436 1009.04951186564 -5823.870451946133 3266.721579556077
 9081.243440062493 -7533.838398657293 1009.045598550685 -5823.8660585354 3266.721014142292
 9081.243440062493 -7533.838398657293 1009.045598550685 -5823.8660585354 3266.721014142292
 9081.243416106958 -7533.838407736148 1009.0455853808 -5823.866036269315 3266.721037236613
 9081.243764939318 -7533.838776263106 1009.045428323986 -5823.865997315747 3266.721178269719
 9081.243722001333 -7533.83875326064 1009.045427867059 -5823.865977939973 3266.721177135943
 9081.243419729388 -7533.838387455634 1009.045592426902 -5823.866057080606 3266.721007373969
 9081.24344565339 -7533.83836590068 1009.045564586999 -5823.866051989001 3266.721002981157
 9081.243428400017 -7533.838385655003 1009.045592466201 -5823.866048824842 3266.721007039763
 9081.243428400017 -7533.838385655003 1009.045592466201 -5823.866048824842 3266.721007039763
 9081.243664415686 -7533.838690696349 1009.045391595935 -5823.86598145166 3266.721191175862
 9081.242396879788 -7533.837375765265 1009.049518609702 -5823.870463676098 3266.721591289888
 9081.242337467334 -7533.837393972541 1009.049507630171 -5823.870416099478 3266.721610864736
 9081.242393361788 -7533.837378680795 1009.049512125731 -5823.870460274391 3266.721591451996
 9081.243940965625 -7533.837239066706 1009.044907249826 -5823.86713712628 3266.721441938661
 9081.243469957646 -7533.838362892066 1009.045578079393 -5823.866072615816 3266.721069542543
 9081.243722001333 -7533.83875326064 1009.045427867059 -5823.865977939973 3266.721177135943
 9081.243764939318 -7533.838776263106 1009.045428323986 -5823.865997315747 3266.721178269719
 9081.243386302791 -7533.838457454943 1009.045676926126 -5823.866036113232 3266.720969479639
 9081.240870099527 -7533.835653038839 1009.041024628594 -5823.863840862102 3266.722218999181
 9081.243428400017 -7533.838385655003 1009.045592466201 -5823.866048824842 3266.721007039763
 9081.243428400017 -7533.838385655003 1009.045592466201 -5823.866048824842 3266.721007039763
 9081.243401480539 -7533.838354888437 1009.045594688101 -5823.86605424639 3266.721007897879
 9081.243785962351 -7533.838776693609 1009.045440862835 -5823.865999422178 3266.721186739266
 9080.993135278142 -7533.754400991744 1008.983966230686 -5823.690400773156 3266.773282950066
 9081.243764939318 -7533.838776263106 1009.045428323986 -5823.865997315747 3266.721178269719
 9081.243392903469 -7533.838387403955 1009.045723741918 -5823.866127524238 3266.720954661756
 9081.243764939318 -7533.838776263106 1009.045428323986 -5823.865997315747 3266.721178269719
 9081.243440062493 -7533.838398657293 1009.045598550685 -5823.8660585354 3266.721014142292
 9081.243428400017 -7533.838385655003 1009.045592466201 -5823.866048824842 3266.721007039763
 9081.243428400017 -7533.838385655003 1009.045592466201 -5823.866048824842 3266.721007039763
 9081.243722001333 -7533.83875326064 1009.045427867059 -5823.865977939973 3266.721177135943
 9081.243428400017 -7533.838385655003 1009.045592466201 -5823.866048824842 3266.721007039763
 9081.098243749067 -7548.026352828469 1020.515650073973 -5826.999828929558 3272.717408493764
 9081.243430788141 -7533.838388130433 1009.045595975241 -5823.866042711707 3266.721001053656
 9081.243764939318 -7533.838776263106 1009.045428323986 -5823.865997315747 3266.721178269719
 9081.243428400017 -7533.838385655003 1009.045592466201 -5823.866048824842 3266.721007039763
 9081.243428400017 -7533.838385655003 1009.045592466201 -5823.866048824842 3266.721007039763
 9081.243428400017 -7533.838385655003 1009.045592466201 -5823.866048824842 3266.721007039763
 9081.243440062493 -7533.838398657293 1009.045598550685 -5823.8660585354 3266.721014142292
 9081.243428400017 -7533.838385655003 1009.045592466201 -5823.866048824842 3266.721007039763
 9081.243440062493 -7533.838398657293 1009.045598550685 -5823.8660585354 3266.721014142292
 9081.243434929704 -7533.838359514832 1009.0455666698 -5823.86598061768 3266.720940551298
