# Created by Octave 4.2.1, Mon Oct 09 18:38:45 2017 BRT <root@mosqueiro>
# name: pop
# type: matrix
# rows: 1000
# columns: 5
 9038.161742797551 -7898.573771228968 1150.865555485592 -5448.37831385851 3174.518999990009
 9038.161742797551 -7898.573771228968 1150.865555485592 -5448.37831385851 3174.518999990009
 9038.161742797551 -7898.573771228968 1150.865555485592 -5448.37831385851 3174.518999990009
 9038.161742797551 -7898.573771228968 1150.865555485592 -5448.37831385851 3174.518999990009
 9038.161742797551 -7898.573771228968 1150.865555485592 -5448.37831385851 3174.518999990009
 -753.7865629332591 5339.469918516952 1886.39215831908 -697.8095918614217 -3807.898710218961
 -7637.569591588393 -4713.510238247459 9742.016504734223 -5706.214030585774 -283.6384933939844
 5101.044312372049 -9860.914901000891 1123.781296178258 2986.178004442703 566.0900324170525
 -3071.652260138625 7869.746345379579 -1403.584138079264 -6995.787750886639 3375.299878702872
 -28560.64405955109 34785.78828894104 -31271.69023876126 -7631.481285794543 5072.927879206859
 9038.161742797551 -7898.573771228968 1150.865555485592 -5448.37831385851 3174.518999990009
 9038.161742797551 -7898.573771228968 1150.865555485592 -5448.37831385851 3174.518999990009
 9038.161742797551 -7898.573771228968 1150.865555485592 -5448.37831385851 3174.518999990009
 9038.161742797551 -7898.573771228968 1150.865555485592 -5448.37831385851 3174.518999990009
 13697.17221297776 -8110.559914311278 -28283.53643800205 -8980.689182610333 16635.19682079241
 9038.161742797551 -7898.573771228968 1150.865555485592 -5448.37831385851 3174.518999990009
 9868.964336606092 6241.526707831903 -2993.317830019973 -7045.408323198038 -5572.191981108024
 -2157.048718413407 4147.481527757136 0.2526662394902814 -6186.755536360581 4601.041312566551
 9038.161742797551 -7898.573771228968 1150.865555485592 -5448.37831385851 3174.518999990009
 9038.161742797551 -7898.573771228968 1150.865555485592 -5448.37831385851 3174.518999990009
 -1993.134535971612 -4904.137167661424 4777.500516296504 5165.589929539647 4295.557990604928
 24341.44204891099 8431.676638633629 -14817.73572565411 -20069.77874082436 3540.569132085368
 -7451.428062998682 1557.577376603742 -823.7257409946815 1756.061270780827 5203.00946782509
 -9943.397289710067 22950.16119758786 -14988.88109575794 2143.936117022064 -31273.3209772688
 -4264.376344955226 6089.850273014059 -152.9331324542291 -681.9394378119232 -380.2029198298969
 1481.688949862024 1026.9567683285 -2532.265159184622 -6771.09706038982 8039.800361311769
 9038.161742797551 -7898.573771228968 1150.865555485592 -5448.37831385851 3174.518999990009
 -6784.36573313823 6675.23033902896 -8529.120723106738 104.2440763375253 9197.476350151675
 -8337.094909835358 7508.158794360426 -1162.326367537566 -7871.825654976841 -4144.745157700609
 -3759.907999355302 -2031.438519189019 -6157.42931782637 -4722.875393068658 -6056.337851320281
 -6784.36573313823 6675.23033902896 -8529.120723106738 104.2440763375253 9197.476350151675
 -4719.078589635574 -11660.31143551386 10599.93167091365 1041.386033388307 42093.92346093136
 1963.568485474794 8551.364952264052 -4828.049708302521 -5251.618439985891 561.7478058900142
 1145.965525058373 -6421.155008867732 8487.605586782924 615.1381623489888 -3775.963240603114
 -17064.71828886098 -26968.25762367277 -1102.944633626527 12202.76898649985 22297.90101933219
 9038.161742797551 -7898.573771228968 1150.865555485592 -5448.37831385851 3174.518999990009
 -6784.36573313823 6675.23033902896 -8529.120723106738 104.2440763375253 9197.476350151675
 9038.161742797551 -7898.573771228968 1150.865555485592 -5448.37831385851 3174.518999990009
 8769.193121210574 -1325.267430063763 9083.878796015098 2363.63255238748 -7056.079772116354
 9596.982047911828 1101.575743478927 4763.583461354028 -7898.525391753116 835.3178356314547
 9038.161742797551 -7898.573771228968 1150.865555485592 -5448.37831385851 3174.518999990009
 6683.984311843429 2791.478647793318 -7837.158764179543 4998.403510361788 -6556.149904026508
 1145.965525058373 -6421.155008867732 8487.605586782924 615.1381623489888 -3775.963240603114
 1475.831898755092 7622.982183600718 -2368.008736304504 -6732.07363257284 2509.565618738085
 9038.161742797551 -7898.573771228968 1150.865555485592 -5448.37831385851 3174.518999990009
 30647.2982106848 -35073.67043044188 13087.74557718201 -26305.97708358641 7157.930621423258
 -1993.134535971612 -4904.137167661424 4777.500516296504 5165.589929539647 4295.557990604928
 1145.965525058373 -6421.155008867732 8487.605586782924 615.1381623489888 -3775.963240603114
 5378.661207721629 15688.43263514329 41342.2529969668 -26900.1943668899 -5463.39383436273
 -3080.299510117793 733.9241335248898 -28.71194546002334 6265.07356952695 2694.983203343114
 9038.161742797551 -7898.573771228968 1150.865555485592 -5448.37831385851 3174.518999990009
 -9190.164665998158 -6215.176030210338 10988.43535298281 28859.48911153189 -734.9025885831215
 1481.688949862024 1026.9567683285 -2532.265159184622 -6771.09706038982 8039.800361311769
 9038.161742797551 -7898.573771228968 1150.865555485592 -5448.37831385851 3174.518999990009
 -1081.807770924794 953.8560289740508 -1661.298349480572 5196.99163737932 -3308.468078923364
 1145.965525058373 -6421.155008867732 8487.605586782924 615.1381623489888 -3775.963240603114
 9038.161742797551 -7898.573771228968 1150.865555485592 -5448.37831385851 3174.518999990009
 -30199.80585210016 -11223.34613704743 -14877.06968886068 26533.50429000254 6332.761196162832
 1145.965525058373 -6421.155008867732 8487.605586782924 615.1381623489888 -3775.963240603114
 -23167.87883947878 -6360.929550715572 3605.565556234017 12862.47542645658 -1656.483787123989
 1475.831898755092 7622.982183600718 -2368.008736304504 -6732.07363257284 2509.565618738085
 9038.161742797551 -7898.573771228968 1150.865555485592 -5448.37831385851 3174.518999990009
 9038.161742797551 -7898.573771228968 1150.865555485592 -5448.37831385851 3174.518999990009
 9038.161742797551 -7898.573771228968 1150.865555485592 -5448.37831385851 3174.518999990009
 6683.984311843429 2791.478647793318 -7837.158764179543 4998.403510361788 -6556.149904026508
 9038.161742797551 -7898.573771228968 1150.865555485592 -5448.37831385851 3174.518999990009
 6683.984311843429 2791.478647793318 -7837.158764179543 4998.403510361788 -6556.149904026508
 -3252.681474579612 9267.202830332884 -7218.812013251405 3835.423789522756 -1405.446044539856
 12208.05553716099 28036.30879624584 5402.790886662761 -21567.61829260206 -3376.50957467899
 -21561.35855556778 -6861.450461167557 26688.4031631577 3392.381524156053 26097.16536745324
 25011.75325061237 6099.057420972629 711.9220338225005 -33638.81551995798 -13755.26724868489
 -3569.33607585897 9705.806081525818 -7244.367961033461 767.1024994493037 1875.183320703823
 1145.965525058373 -6421.155008867732 8487.605586782924 615.1381623489888 -3775.963240603114
 13533.05485319687 -27314.45621446054 -7047.477661004831 40817.9624339359 -45099.31370650695
 -25115.13831969579 22776.40801406134 -25830.06005500577 5752.053371610728 -6193.616316841592
 7338.36769043397 -2742.09690047435 -1045.937566625404 3718.267727837918 -6968.928524833005
 9835.401178802298 4121.749411765915 -7449.203422250615 -6361.315753026814 -240.3498200670747
 7897.344315193692 1424.546107666576 -4208.933358251811 -8168.706258838569 4140.156934828809
 36411.45964743712 8501.285408663451 -22795.77586690072 39017.50827941536 -20634.02264245829
 -5574.420415925253 -5145.516033707639 1447.530630651103 -4944.788911113826 5550.29129369562
 9038.161742797551 -7898.573771228968 1150.865555485592 -5448.37831385851 3174.518999990009
 34448.91108768392 6915.921815632465 3494.365053424298 1367.351298845739 22920.60724290893
 9038.161742797551 -7898.573771228968 1150.865555485592 -5448.37831385851 3174.518999990009
 7338.36769043397 -2742.09690047435 -1045.937566625404 3718.267727837918 -6968.928524833005
 -1993.134535971612 -4904.137167661424 4777.500516296504 5165.589929539647 4295.557990604928
