# Created by Octave 4.2.1, Mon Oct 09 18:12:02 2017 BRT <root@mosqueiro>
# name: pop
# type: matrix
# rows: 1000
# columns: 5
 34437.46413953289 7651.62171098212 -26568.42522921663 1104.619293018527 -16624.31331122501
 34437.46413953289 7651.62171098212 -26568.42522921663 1104.619293018527 -16624.31331122501
 34437.46413953289 7651.62171098212 -26568.42522921663 1104.619293018527 -16624.31331122501
 34437.46413953289 7651.62171098212 -26568.42522921663 1104.619293018527 -16624.31331122501
 34437.46413953289 7651.62171098212 -26568.42522921663 1104.619293018527 -16624.31331122501
 34756.40330092981 7995.586430664207 -27046.68759611512 686.8750187560518 -16389.80441378051
 34756.40330092981 7995.586430664207 -27046.68759611512 686.8750187560518 -16389.80441378051
 6402.646433989953 3774.47496199493 -795.1141731048444 -10922.27467173096 -2033.836380631083
 34437.46413953289 7651.62171098212 -26568.42522921663 1104.619293018527 -16624.31331122501
 34756.40330092981 7995.586430664207 -27046.68759611512 686.8750187560518 -16389.80441378051
 34756.40330092981 7995.586430664207 -27046.68759611512 686.8750187560518 -16389.80441378051
 34780.35830535826 7931.44071513891 -26101.09880026906 -1295.418629110636 -15224.3205104773
 35043.06225891945 7977.006238951485 -27268.41782174442 574.4942415681494 -16487.07602795009
 35062.32330252918 7462.649732960213 -26422.36549942289 467.0932088561001 -16891.64385432151
 34756.40330092981 7995.586430664207 -27046.68759611512 686.8750187560518 -16389.80441378051
 34437.46413953289 7651.62171098212 -26568.42522921663 1104.619293018527 -16624.31331122501
 36346.3347653181 6936.656354593514 -27728.49393411915 1292.28960497566 -16989.9441590028
 34756.40330092981 7995.586430664207 -27046.68759611512 686.8750187560518 -16389.80441378051
 34756.40330092981 7995.586430664207 -27046.68759611512 686.8750187560518 -16389.80441378051
 34756.40330092981 7995.586430664207 -27046.68759611512 686.8750187560518 -16389.80441378051
 34756.40330092981 7995.586430664207 -27046.68759611512 686.8750187560518 -16389.80441378051
 34756.40330092981 7995.586430664207 -27046.68759611512 686.8750187560518 -16389.80441378051
 34756.40330092981 7995.586430664207 -27046.68759611512 686.8750187560518 -16389.80441378051
 36424.04176225148 7697.071964653432 -26197.70239949084 57.61741131935548 -17282.58044255296
 36330.10054152367 6746.459487997783 -27286.42150113879 -2475.846889814419 -14949.87659866081
 34619.34407470042 8192.710107264402 -27073.34810941726 1239.499389791205 -16003.47588129336
 34756.40330092981 7995.586430664207 -27046.68759611512 686.8750187560518 -16389.80441378051
 34756.40330092981 7995.586430664207 -27046.68759611512 686.8750187560518 -16389.80441378051
 34437.46413953289 7651.62171098212 -26568.42522921663 1104.619293018527 -16624.31331122501
 34756.40330092981 7995.586430664207 -27046.68759611512 686.8750187560518 -16389.80441378051
 35246.94614039361 3504.7362124295 -24665.60944474929 3472.149074483486 -16170.1600576203
 34756.40330092981 7995.586430664207 -27046.68759611512 686.8750187560518 -16389.80441378051
 34756.40330092981 7995.586430664207 -27046.68759611512 686.8750187560518 -16389.80441378051
 34756.40330092981 7995.586430664207 -27046.68759611512 686.8750187560518 -16389.80441378051
 34756.40330092981 7995.586430664207 -27046.68759611512 686.8750187560518 -16389.80441378051
 34756.40330092981 7995.586430664207 -27046.68759611512 686.8750187560518 -16389.80441378051
 34437.46413953289 7651.62171098212 -26568.42522921663 1104.619293018527 -16624.31331122501
 34764.18374024929 7958.530286919814 -27053.5387737778 1071.316151580387 -16677.4575001054
 34756.40330092981 7995.586430664207 -27046.68759611512 686.8750187560518 -16389.80441378051
 34756.40330092981 7995.586430664207 -27046.68759611512 686.8750187560518 -16389.80441378051
 34756.40330092981 7995.586430664207 -27046.68759611512 686.8750187560518 -16389.80441378051
 35806.29613403739 9630.636535672056 -28022.79610363207 622.8593211927575 -16796.94113220364
 34119.0182163244 7940.85934223062 -27426.61313699332 661.5246569524918 -16104.89615159943
 34756.40330092981 7995.586430664207 -27046.68759611512 686.8750187560518 -16389.80441378051
 34756.40330092981 7995.586430664207 -27046.68759611512 686.8750187560518 -16389.80441378051
 34756.40330092981 7995.586430664207 -27046.68759611512 686.8750187560518 -16389.80441378051
 34756.40330092981 7995.586430664207 -27046.68759611512 686.8750187560518 -16389.80441378051
 34756.40330092981 7995.586430664207 -27046.68759611512 686.8750187560518 -16389.80441378051
 34756.40330092981 7995.586430664207 -27046.68759611512 686.8750187560518 -16389.80441378051
 34756.40330092981 7995.586430664207 -27046.68759611512 686.8750187560518 -16389.80441378051
 34756.40330092981 7995.586430664207 -27046.68759611512 686.8750187560518 -16389.80441378051
 34756.40330092981 7995.586430664207 -27046.68759611512 686.8750187560518 -16389.80441378051
 34764.76122096807 8464.722145486621 -26202.81924084786 1322.126861199295 -17502.72139651661
 34998.31952993864 10208.71130768697 -26129.15021599331 -1485.214753578027 -17428.09076233325
 34756.40330092981 7995.586430664207 -27046.68759611512 686.8750187560518 -16389.80441378051
 34746.48662785205 8411.855704783904 -27021.67892889654 399.6173488552693 -16239.72758772131
 34756.40330092981 7995.586430664207 -27046.68759611512 686.8750187560518 -16389.80441378051
 34610.65421655424 7845.381562152074 -26946.63852874319 275.5362312760439 -15794.15838067023
 34497.62331207118 2481.719437847421 -24520.08800693306 3918.009382284236 -16687.96301384264
 34437.46413953289 7651.62171098212 -26568.42522921663 1104.619293018527 -16624.31331122501
 34756.40330092981 7995.586430664207 -27046.68759611512 686.8750187560518 -16389.80441378051
 35254.37532612853 9109.963479550261 -27625.30222372984 783.9574451967165 -17055.09669873508
 34437.46413953289 7651.62171098212 -26568.42522921663 1104.619293018527 -16624.31331122501
 8043.963313905309 3579.641255721176 832.7877206196931 -9402.933435090192 -2796.327405467427
 35418.02684806451 8391.335532863248 -27496.34804236744 -480.2370583361374 -15299.78971457798
 34756.40330092981 7995.586430664207 -27046.68759611512 686.8750187560518 -16389.80441378051
 34756.40330092981 7995.586430664207 -27046.68759611512 686.8750187560518 -16389.80441378051
 34756.40330092981 7995.586430664207 -27046.68759611512 686.8750187560518 -16389.80441378051
 34437.46413953289 7651.62171098212 -26568.42522921663 1104.619293018527 -16624.31331122501
 34105.33833382429 5134.58641940061 -22375.81254746349 -1586.953294164004 -12700.51757702417
 34756.40330092981 7995.586430664207 -27046.68759611512 686.8750187560518 -16389.80441378051
 34756.40330092981 7995.586430664207 -27046.68759611512 686.8750187560518 -16389.80441378051
 34984.93096576531 7777.50320201189 -26510.37026544528 689.9110423963033 -16699.13227876349
 34756.40330092981 7995.586430664207 -27046.68759611512 686.8750187560518 -16389.80441378051
 34756.40330092981 7995.586430664207 -27046.68759611512 686.8750187560518 -16389.80441378051
 34756.40330092981 7995.586430664207 -27046.68759611512 686.8750187560518 -16389.80441378051
 34984.93096576531 7777.50320201189 -26510.37026544528 689.9110423963033 -16699.13227876349
 34756.40330092981 7995.586430664207 -27046.68759611512 686.8750187560518 -16389.80441378051
 38221.90129573012 7811.692954881953 -27655.50847314941 1377.307510254943 -12623.07953699146
 35371.85989746304 8036.774024334677 -27680.99504167121 588.6051253587248 -16089.28579657726
 34756.40330092981 7995.586430664207 -27046.68759611512 686.8750187560518 -16389.80441378051
 34756.40330092981 7995.586430664207 -27046.68759611512 686.8750187560518 -16389.80441378051
 34437.46413953289 7651.62171098212 -26568.42522921663 1104.619293018527 -16624.31331122501
 34756.40330092981 7995.586430664207 -27046.68759611512 686.8750187560518 -16389.80441378051
