# Created by Octave 4.2.1, Mon Oct 09 18:51:19 2017 BRT <root@mosqueiro>
# name: pop
# type: matrix
# rows: 1000
# columns: 5
 9081.243428400017 -7533.838385655003 1009.045592466201 -5823.866048824842 3266.721007039763
 9081.243428400017 -7533.838385655003 1009.045592466201 -5823.866048824842 3266.721007039763
 9081.243428400017 -7533.838385655003 1009.045592466201 -5823.866048824842 3266.721007039763
 9081.243428400017 -7533.838385655003 1009.045592466201 -5823.866048824842 3266.721007039763
 9081.243428400017 -7533.838385655003 1009.045592466201 -5823.866048824842 3266.721007039763
 9081.243428400017 -7533.838385655003 1009.045592466201 -5823.866048824842 3266.721007039763
 9080.993135278142 -7533.754400991744 1008.983966230686 -5823.690400773156 3266.773282950066
 9081.243428400017 -7533.838385655003 1009.045592466201 -5823.866048824842 3266.721007039763
 9081.243637689218 -7533.83737053099 1009.04434513488 -5823.866127758537 3266.7218912418
 9082.391067089382 -7494.344410703979 981.0983900868953 -5884.396066120496 3314.55689426257
 9080.993510751354 -7533.75291645619 1008.986818279989 -5823.693381027124 3266.771157320053
 9081.243428400017 -7533.838385655003 1009.045592466201 -5823.866048824842 3266.721007039763
 9081.243428400017 -7533.838385655003 1009.045592466201 -5823.866048824842 3266.721007039763
 9080.99332077402 -7533.75280024007 1008.986648431947 -5823.693600863697 3266.771367714625
 9081.243428400017 -7533.838385655003 1009.045592466201 -5823.866048824842 3266.721007039763
 9081.098236128029 -7548.026380728488 1020.51563543636 -5826.999803111743 3272.717392099325
 9080.993135278142 -7533.754400991744 1008.983966230686 -5823.690400773156 3266.773282950066
 9082.390392264813 -7494.345295371043 981.0975900453273 -5884.396106461793 3314.557611571612
 9081.242393361788 -7533.837378680795 1009.049512125731 -5823.870460274391 3266.721591451996
 9081.098236128029 -7548.026380728488 1020.51563543636 -5826.999803111743 3272.717392099325
 9081.041034359272 -7533.713618615975 1008.957753683447 -5823.655327810596 3266.750277804871
 9081.240770206705 -7533.837047369129 1009.044604550467 -5823.86519143799 3266.722421233919
 9081.098055839708 -7548.026638180545 1020.515933133067 -5827.000917118879 3272.717317705009
 9081.245333163231 -7533.835871517934 1009.043126321217 -5823.868728687395 3266.722241280727
 9081.243428400017 -7533.838385655003 1009.045592466201 -5823.866048824842 3266.721007039763
 9082.100523084151 -7533.330992217619 1007.728912217518 -5823.020096889018 3265.827450370105
 9081.242393361788 -7533.837378680795 1009.049512125731 -5823.870460274391 3266.721591451996
 9081.243428400017 -7533.838385655003 1009.045592466201 -5823.866048824842 3266.721007039763
 9081.242393361788 -7533.837378680795 1009.049512125731 -5823.870460274391 3266.721591451996
 9081.243428400017 -7533.838385655003 1009.045592466201 -5823.866048824842 3266.721007039763
 9080.991545203173 -7533.753947175249 1008.984400092105 -5823.690635557399 3266.771916475308
 9082.392053379637 -7494.343608426951 981.0982735573659 -5884.398568870059 3314.55784510561
 9081.098888113082 -7548.025907779172 1020.516126386488 -5826.999777744363 3272.717949612512
 9082.391083012573 -7494.346055033369 981.0972371550816 -5884.395952203889 3314.55660539713
 9081.243428400017 -7533.838385655003 1009.045592466201 -5823.866048824842 3266.721007039763
 9082.39202550275 -7494.343634583909 981.0982930579211 -5884.398499384959 3314.558044122694
 9082.112323008307 -7533.341274664779 1007.730253549487 -5823.017558910085 3265.822251107009
 9081.243637689218 -7533.83737053099 1009.04434513488 -5823.866127758537 3266.7218912418
 9081.041034359272 -7533.713618615975 1008.957753683447 -5823.655327810596 3266.750277804871
 9081.243428400017 -7533.838385655003 1009.045592466201 -5823.866048824842 3266.721007039763
 9080.993786838842 -7533.752841707386 1008.986671244149 -5823.693217947271 3266.771032146864
 9081.242393361788 -7533.837378680795 1009.049512125731 -5823.870460274391 3266.721591451996
 9081.242393361788 -7533.837378680795 1009.049512125731 -5823.870460274391 3266.721591451996
 9081.243428400017 -7533.838385655003 1009.045592466201 -5823.866048824842 3266.721007039763
 9081.098306335456 -7548.026272237246 1020.515616234689 -5826.999554560538 3272.717229660657
 9080.993135278142 -7533.754400991744 1008.983966230686 -5823.690400773156 3266.773282950066
 9082.390749826505 -7494.345115490374 981.097854007425 -5884.396083670688 3314.557570370737
 9081.098183203863 -7548.025977086234 1020.514751825287 -5826.999841345767 3272.717939307343
 9081.243428400017 -7533.838385655003 1009.045592466201 -5823.866048824842 3266.721007039763
 9081.243590790964 -7533.838473738386 1009.044751589835 -5823.865593523948 3266.720682003568
 9080.991545203173 -7533.753947175249 1008.984400092105 -5823.690635557399 3266.771916475308
 9081.243428400017 -7533.838385655003 1009.045592466201 -5823.866048824842 3266.721007039763
 9081.242393361788 -7533.837378680795 1009.049512125731 -5823.870460274391 3266.721591451996
 9081.24181824367 -7533.838048125166 1009.043971249763 -5823.863256160646 3266.721673691613
 9081.243428400017 -7533.838385655003 1009.045592466201 -5823.866048824842 3266.721007039763
 9082.390749826505 -7494.345115490374 981.097854007425 -5884.396083670688 3314.557570370737
 9081.098236128029 -7548.026380728488 1020.51563543636 -5826.999803111743 3272.717392099325
 9081.241387591401 -7533.835540732657 1009.040991506879 -5823.863793378126 3266.72209409358
 9081.243428400017 -7533.838385655003 1009.045592466201 -5823.866048824842 3266.721007039763
 9080.991685470521 -7533.752748245762 1008.984930402956 -5823.691797176953 3266.773783580025
 9081.242393361788 -7533.837378680795 1009.049512125731 -5823.870460274391 3266.721591451996
 9081.243414966575 -7533.838252451383 1009.045551888601 -5823.865838615632 3266.720997880401
 9080.993135278142 -7533.754400991744 1008.983966230686 -5823.690400773156 3266.773282950066
 9081.242393361788 -7533.837378680795 1009.049512125731 -5823.870460274391 3266.721591451996
 9081.243428400017 -7533.838385655003 1009.045592466201 -5823.866048824842 3266.721007039763
 9082.119609060745 -7533.359476075618 1007.74176345712 -5823.040011801172 3265.80859289928
 9081.243428400017 -7533.838385655003 1009.045592466201 -5823.866048824842 3266.721007039763
 9080.991670671308 -7533.752653035869 1008.985047357564 -5823.691822533462 3266.773293897521
 9080.993191804253 -7533.754308340134 1008.983856186701 -5823.690484615365 3266.773377564812
 9082.350469366582 -7494.353405413507 981.1450526227173 -5884.375288045928 3314.568151268998
 9081.243428400017 -7533.838385655003 1009.045592466201 -5823.866048824842 3266.721007039763
 9081.241033993536 -7533.836052369486 1009.044956625839 -5823.865656817925 3266.722343720567
 9081.242393361788 -7533.837378680795 1009.049512125731 -5823.870460274391 3266.721591451996
 9080.99142095923 -7533.75432597014 1008.984147907566 -5823.690243631204 3266.772318575973
 9081.241711352153 -7533.838408724879 1009.043964192182 -5823.863511757603 3266.721781974823
 9081.244668188125 -7533.835679020691 1009.0445128279 -5823.868878385928 3266.721232802809
 9081.242328358552 -7533.837255233617 1009.049638697415 -5823.87058211727 3266.721598449699
 9081.243428400017 -7533.838385655003 1009.045592466201 -5823.866048824842 3266.721007039763
 9081.243428400017 -7533.838385655003 1009.045592466201 -5823.866048824842 3266.721007039763
 9081.243428400017 -7533.838385655003 1009.045592466201 -5823.866048824842 3266.721007039763
 9081.098236128029 -7548.026380728488 1020.51563543636 -5826.999803111743 3272.717392099325
 9081.242393361788 -7533.837378680795 1009.049512125731 -5823.870460274391 3266.721591451996
 9081.242253041055 -7533.837052443855 1009.049438513263 -5823.870737000915 3266.721507294281
 9080.992570417839 -7533.753857070767 1008.984129902733 -5823.690810240493 3266.77308663207
 9082.390584448251 -7494.345409562279 981.0979416885616 -5884.396243249445 3314.557549154855
