# Created by Octave 4.2.1, Mon Oct 09 17:32:00 2017 BRT <root@mosqueiro>
# name: pop
# type: matrix
# rows: 1000
# columns: 5
 3069.186883280454 -6932.815978323069 -6616.08464653239 6858.316249444368 3656.422301383605
 6798.147032661003 -7709.733922946774 1445.639724610268 863.858522722061 -1314.842498514192
 4034.907769847807 -2552.32409743333 -4448.652095031181 -1753.16190164084 4663.165721937623
 1217.942714112904 2166.463845687711 -8001.678930308324 3021.537545014364 1703.554814186931
 -4005.899005622206 -2747.723054704419 7189.434291830818 5215.069835127948 -5673.813560183832
 3747.235448509737 -8078.317132138539 -3522.306192054839 6993.369560702668 1344.75589178948
 1877.776864790201 6340.909728977036 -1437.883821982006 -5661.220562593618 1878.973257488973
 -2971.723798790315 -4816.144515811079 7727.078368617629 9859.721080296687 -9951.905914095796
 8108.029282833606 3423.455033965462 -5629.985795283295 8823.816575895624 -3559.639387364283
 -5341.263407131925 -8081.214568579897 9943.430367998841 1245.866519092946 2225.060319071517
 93.6242574531334 8832.705888177799 -7694.357924483147 -9189.2178804832 9590.207559282971
 301.0445077219792 3887.410168138469 3881.082479022225 7077.597500115982 -4952.304029873732
 -5594.493074713146 -6361.393721216005 -5608.142443226569 -1983.356788612102 -928.4376580492008
 6695.383734142793 3004.436638540636 -734.9246827830884 -714.1236262237489 -6148.904612774679
 -3916.626358666703 -5212.848418228634 -1597.229181952978 -3259.085157561125 -7091.688246854572
 -1341.164349790208 -536.7722817641934 -4069.481109592737 5429.935669365961 3475.514446319128
 3604.685678208223 -3038.634793219733 5888.706727472872 5952.076487991693 9099.236684460786
 9262.596434961793 -8258.128937317981 -845.244692473143 6839.145070685834 3759.182552891514
 6695.383734142793 3004.436638540636 -734.9246827830884 -714.1236262237489 -6148.904612774679
 3747.235448509737 -8078.317132138539 -3522.306192054839 6993.369560702668 1344.75589178948
 -7130.04124846577 1035.755080067795 -4313.463330305121 1111.10727760078 -3042.923165997625
 7679.315072704816 2034.906362190477 -8534.963659471441 7105.139525481613 5804.209413662096
 8626.595293425224 5317.636444777858 5471.756474643102 -8393.59053735692 1245.323601763097
 -4856.701302416412 4389.394661333448 9609.300481995218 -9121.218445781444 4080.064398110857
 458.1724677917937 3634.490066458719 9702.545868048732 -9439.775535320692 6397.378357251979
 -6366.861006755224 9322.401521483491 -402.6444712318826 -3734.674044818639 4713.862244524798
 941.531113423478 6107.816606409402 5421.115704868871 4468.808525240218 -8954.786522489354
 -8271.415706165873 -8913.967239239228 5081.485084512107 1491.22064327282 8128.366756363797
 -9940.058544873627 -2575.752995892721 -3148.971822811592 3940.086025351333 2847.404235797558
 -5124.476015952993 8322.754581232435 -3453.136569848313 1946.318005132574 9246.527674431371
 -736.8432454104041 -1045.039538234412 9984.688687624795 4259.04909861279 -5016.84659730821
 -7418.848290632466 8619.853437376973 3331.27399406025 -4890.235171639809 9862.362774540314
 8149.696088195662 -104.635853103242 9689.493157997225 2563.142176279316 1336.11459494715
 5678.471856292899 7592.372429998668 -5112.27485815228 -2913.408733132047 -7410.742067951145
 1602.503615611895 4646.005521392332 6584.10082528312 -2885.33886594016 -6618.218682478368
 8296.708727468966 4866.968078435149 4824.99198373175 8568.16013818936 7051.45921932099
 1426.098408944456 -8278.918192662133 3148.085136838139 -2940.481942095104 -9289.464934665986
 7859.32614551342 1105.626370193662 -5044.008049306995 -4930.284706276079 4144.739497458077
 -1975.558260015728 -3656.965844119956 736.377017305098 8514.407588112823 -2138.646201852595
 1325.504971572786 -4669.615416274019 -4305.645729995037 3461.922642889758 300.0432426054849
 3025.411379829186 7144.612951999457 6183.325120994703 -3749.741287528195 1739.569089609629
 -2635.832569687907 -1458.309802611528 -7563.675301786243 8741.732378791305 -1849.79057820727
 -6602.905110697134 -250.2585767537003 1036.797054455124 3998.554460326966 4364.65199325962
 3949.853661378531 1316.154748867089 4499.231959946113 2557.673289753746 9187.215193816286
 499.0632546779852 -565.0058404580686 -6818.464110500061 9770.487797220005 6533.129337113049
 -346.2087284674944 -1592.418662691412 -5692.651442106021 -4345.772094520507 -5559.228137424087
 -9663.495187087126 -5601.466145949919 9795.034944878782 9341.132552509633 1803.632881048225
 -2653.639929121282 -4819.99211595871 1043.771274699304 -6483.791631229646 3243.058575605737
 -7305.137586545025 6822.401098033442 -5461.983004139583 9469.643521703394 -3665.732991133711
 -6821.089959976351 4408.396278960774 -5952.900262970707 1676.133241628166 -3060.083399928856
 -8371.92784482045 2348.488680199485 -7011.789154043163 5744.856866868411 6557.863125977739
 -2678.342339388914 -8899.839592156506 4742.316430301358 439.2211136730875 8282.850168112265
 8686.443878323207 -1815.392950288696 -659.0802768191679 -8023.410269825834 1586.318600371196
 6808.115084519795 4252.143723356137 -404.0452467137438 -2798.192511445156 -7722.079062764028
 -1665.758845929418 5581.76588559952 -931.9036329228402 5064.193082915062 -7869.968101138515
 -226.5650203148489 -5203.34254937909 -5254.685762210836 2531.438416753977 8446.483147600349
 364.9325826411059 -6616.722984241007 -4075.18935085239 1079.613537232324 7930.388488420507
 -4236.523992262943 -8512.409735243486 9381.351393496661 393.1906004908669 2697.113702520817
 1667.756531462277 4453.692880078124 1719.618071135532 -4834.738544613921 -4421.801557247446
 9896.557403806361 -4376.58700362099 1806.293968715354 2660.054172360329 -7117.893867258992
 6222.77922523905 4666.935991301956 4870.824719439113 283.6274769555494 8445.824546183067
 7022.360464375783 -3639.457847179327 9855.338499933689 -9818.956726014971 -3271.146059446823
 7212.151605942036 5687.746466337841 3935.281351594882 1057.697452867325 3105.450261510883
 -64.59207787634841 -9815.538229727495 453.1414297753727 4746.522662037629 8764.89397806174
 1070.092626262125 2644.7922598404 5605.547460363536 6557.229259745454 1322.170242242782
 5931.718732843521 423.7082098188312 -4669.601181028388 2110.010910892439 -3967.061625382487
 3027.725501528404 3689.111014356224 568.5674147349491 5443.791371393851 -5723.269651683062
 3695.623616302415 -282.0953672514643 -7517.689768463022 -7416.064656059752 6231.516675623563
 8255.674932619051 2464.219689155458 -7634.20880100634 -4129.926863873417 -9050.715927149065
 1072.152324790744 8169.62352454022 -900.5470587199852 -6087.061917646653 6179.972555677014
 -5557.813623758151 -4992.485908694239 7786.102806521343 4070.365087746124 -1465.798086212932
 3182.975088734085 -1122.595812126354 -7277.048750512897 6712.899772310233 54.89859309735584
 -7857.270499462516 3925.188925658422 -2594.522263207101 3339.668699458773 4247.3491523579
 6798.147032661003 -7709.733922946774 1445.639724610268 863.858522722061 -1314.842498514192
 8150.291820884991 9920.260333006067 -146.4444331688937 -6084.356773101299 -178.9525787100665
 7551.966562454534 9739.349879600773 2716.428688397787 -6028.279586290296 -8302.347327721371
 -64.59207787634841 -9815.538229727495 453.1414297753727 4746.522662037629 8764.89397806174
 -7857.270499462516 3925.188925658422 -2594.522263207101 3339.668699458773 4247.3491523579
 -513.7547265680951 3973.261593267749 292.9834847135735 4534.466959136047 -7407.823604076126
 4848.999216923061 -9015.61934631515 1160.722533431077 -5533.192297211752 -7157.149422988401
 7022.360464375783 -3639.457847179327 9855.338499933689 -9818.956726014971 -3271.146059446823
 7188.034129030035 4285.695583404982 7279.136275457437 466.4047623829065 4455.225363414371
 -3233.690594985728 6239.962878417449 863.3069057094199 8300.150918594336 -419.6666512523607
 873.7540314919261 8116.73767048604 6267.060293588962 4646.225436215902 -9443.51926013497
 -7038.904784223051 642.351811809418 1243.902703669659 -2390.522028220528 8796.56914317788
