# Created by Octave 4.2.1, Mon Oct 09 18:01:59 2017 BRT <root@mosqueiro>
# name: pop
# type: matrix
# rows: 1000
# columns: 5
 -16584.28569549507 35870.13443821126 1096.785978307274 -11943.28801461389 -8440.368625847592
 -16584.46999782145 35870.12892419271 1096.815856290295 -11943.11974367526 -8440.376953947256
 -16584.27722469319 35870.11218068418 1096.787694026414 -11943.28539055818 -8440.359183347638
 -16584.27722469319 35870.11218068418 1096.787694026414 -11943.28539055818 -8440.359183347638
 -16584.27722469319 35870.11218068418 1096.787694026414 -11943.28539055818 -8440.359183347638
 -16584.27922593789 35870.11277135542 1096.788876404562 -11943.28489367331 -8440.35933315116
 -16552.52100525646 36052.60045669337 968.7099074196243 -12215.84252593436 -8253.970122373335
 -16584.47085704733 35870.1249922801 1096.822316395505 -11943.11896557039 -8440.379445128929
 -16584.47077079833 35870.12513804955 1096.822376516322 -11943.11877044735 -8440.379518249872
 -16584.47031403668 35870.12889488583 1096.816005683022 -11943.11965679054 -8440.377026753715
 -16552.52471665762 36052.60143786984 968.7127577104503 -12215.84047537517 -8253.969907765766
 -16584.27722469319 35870.11218068418 1096.787694026414 -11943.28539055818 -8440.359183347638
 -16584.28584724652 35870.13449311219 1096.785668646395 -11943.28765159399 -8440.368471950138
 -16584.46895909244 35870.12930127171 1096.814492686763 -11943.11968157657 -8440.378764917592
 -16584.47085704733 35870.1249922801 1096.822316395505 -11943.11896557039 -8440.379445128929
 -16584.46129497297 35870.12073909757 1096.810779785884 -11943.11665367919 -8440.372636870059
 -16584.28571667469 35870.1344793925 1096.785785952358 -11943.28791673295 -8440.368543750026
 -16584.28904765314 35870.13560343264 1096.787562474183 -11943.2878817702 -8440.367673177816
 -16440.66494464515 35792.22224286389 1263.034909528611 -11961.76356672278 -8653.847968347194
 -16584.46880369861 35870.12928633783 1096.815779733771 -11943.12129778277 -8440.377764210665
 -16584.27722469319 35870.11218068418 1096.787694026414 -11943.28539055818 -8440.359183347638
 -16584.28569549507 35870.13443821126 1096.785978307274 -11943.28801461389 -8440.368625847592
 -16584.46833162471 35870.12802925684 1096.816815117187 -11943.12061942082 -8440.374788262372
 -16584.27722469319 35870.11218068418 1096.787694026414 -11943.28539055818 -8440.359183347638
 -16584.27842288017 35870.13375159805 1096.761550195806 -11943.28248697171 -8440.356297126813
 -16584.47085704733 35870.1249922801 1096.822316395505 -11943.11896557039 -8440.379445128929
 -16584.27722469319 35870.11218068418 1096.787694026414 -11943.28539055818 -8440.359183347638
 -16584.47078150947 35870.12485335966 1096.822283123632 -11943.11882982853 -8440.379427285567
 -16584.47031403668 35870.12889488583 1096.816005683022 -11943.11965679054 -8440.377026753715
 -16584.27704719968 35870.11220114709 1096.787670937478 -11943.28552889499 -8440.359234844149
 -16584.47085704733 35870.1249922801 1096.822316395505 -11943.11896557039 -8440.379445128929
 -16584.30744194428 35870.13822281636 1096.781431913272 -11943.26371378164 -8440.369653852535
 -16584.27722469319 35870.11218068418 1096.787694026414 -11943.28539055818 -8440.359183347638
 -16584.27922593789 35870.11277135542 1096.788876404562 -11943.28489367331 -8440.35933315116
 -16584.27922593789 35870.11277135542 1096.788876404562 -11943.28489367331 -8440.35933315116
 -16552.52290562666 36052.59812364553 968.7118993532944 -12215.83833259355 -8253.971900366711
 -16584.47084266816 35870.12522088971 1096.822301395477 -11943.11878452873 -8440.379483607328
 -16584.47085704733 35870.1249922801 1096.822316395505 -11943.11896557039 -8440.379445128929
 -16584.47054416 35870.12487107762 1096.821355139144 -11943.11873609072 -8440.378939977567
 -16584.47031403668 35870.12889488583 1096.816005683022 -11943.11965679054 -8440.377026753715
 -16584.47031403668 35870.12889488583 1096.816005683022 -11943.11965679054 -8440.377026753715
 -16584.47085704733 35870.1249922801 1096.822316395505 -11943.11896557039 -8440.379445128929
 -16441.13033015947 35792.65113210821 1262.505101046444 -11961.83641754779 -8653.087733179318
 -16584.27962591107 35870.11333559705 1096.789065212183 -11943.28466578247 -8440.359891688202
 -16552.52100525646 36052.60045669337 968.7099074196243 -12215.84252593436 -8253.970122373335
 -16584.47085704733 35870.1249922801 1096.822316395505 -11943.11896557039 -8440.379445128929
 -16584.27722469319 35870.11218068418 1096.787694026414 -11943.28539055818 -8440.359183347638
 -16584.27722469319 35870.11218068418 1096.787694026414 -11943.28539055818 -8440.359183347638
 -16584.47085704733 35870.1249922801 1096.822316395505 -11943.11896557039 -8440.379445128929
 -16584.28571667469 35870.1344793925 1096.785785952358 -11943.28791673295 -8440.368543750026
 -16584.47031403668 35870.12889488583 1096.816005683022 -11943.11965679054 -8440.377026753715
 -16584.27922593789 35870.11277135542 1096.788876404562 -11943.28489367331 -8440.35933315116
 -16584.27722469319 35870.11218068418 1096.787694026414 -11943.28539055818 -8440.359183347638
 -16552.52100525646 36052.60045669337 968.7099074196243 -12215.84252593436 -8253.970122373335
 -16584.27722469319 35870.11218068418 1096.787694026414 -11943.28539055818 -8440.359183347638
 -16584.47031403668 35870.12889488583 1096.816005683022 -11943.11965679054 -8440.377026753715
 -16584.28572542105 35870.13460866547 1096.785855623758 -11943.28812174844 -8440.368472731225
 -16584.27922593789 35870.11277135542 1096.788876404562 -11943.28489367331 -8440.35933315116
 -16584.47055121803 35870.12893734005 1096.816132695823 -11943.11983296547 -8440.376912528925
 -16552.52095038708 36052.60048336945 968.7086220834134 -12215.84230317039 -8253.969690328178
 -16584.46999782145 35870.12892419271 1096.815856290295 -11943.11974367526 -8440.376953947256
 -16584.47031403668 35870.12889488583 1096.816005683022 -11943.11965679054 -8440.377026753715
 -16552.5174226883 36052.60075184576 968.7093904316207 -12215.84291805484 -8253.970267319266
 -16440.66470357881 35792.22175536569 1263.031675327544 -11961.76381544381 -8653.846789070087
 -16584.46999782145 35870.12892419271 1096.815856290295 -11943.11974367526 -8440.376953947256
 -16584.27722469319 35870.11218068418 1096.787694026414 -11943.28539055818 -8440.359183347638
 -16584.31138851416 35870.14231549708 1096.777824856136 -11943.26577961257 -8440.365202422881
 -16440.66466476779 35792.22160315639 1263.031522972161 -11961.76369661622 -8653.846781783424
 -16584.28569549507 35870.13443821126 1096.785978307274 -11943.28801461389 -8440.368625847592
 -16584.27922593789 35870.11277135542 1096.788876404562 -11943.28489367331 -8440.35933315116
 -16440.66657761775 35792.22068248777 1263.033110381046 -11961.76191440682 -8653.845911447012
 -16584.28824324533 35870.13456647299 1096.785424290624 -11943.28823917834 -8440.3669949741
 -16584.27962591107 35870.11333559705 1096.789065212183 -11943.28466578247 -8440.359891688202
 -16440.6639378554 35792.22100332332 1263.031078429001 -11961.76328569612 -8653.846822736668
 -16584.27722469319 35870.11218068418 1096.787694026414 -11943.28539055818 -8440.359183347638
 -16584.28291284835 35870.11878573678 1096.787345975489 -11943.28827318202 -8440.356728454593
 -16552.51972559591 36052.60021962269 968.7108324784825 -12215.83967798002 -8253.971536810677
 -16584.28569549507 35870.13443821126 1096.785978307274 -11943.28801461389 -8440.368625847592
 -16584.47085704733 35870.1249922801 1096.822316395505 -11943.11896557039 -8440.379445128929
 -16584.47031403668 35870.12889488583 1096.816005683022 -11943.11965679054 -8440.377026753715
 -16552.52100525646 36052.60045669337 968.7099074196243 -12215.84252593436 -8253.970122373335
 -16440.66470357881 35792.22175536569 1263.031675327544 -11961.76381544381 -8653.846789070087
 -16584.27722469319 35870.11218068418 1096.787694026414 -11943.28539055818 -8440.359183347638
 -16552.51918062786 36052.5934945001 968.7134870292266 -12215.84502224277 -8253.962496655016
