# Created by Octave 4.2.1, Mon Oct 09 18:03:19 2017 BRT <root@mosqueiro>
# name: pop
# type: matrix
# rows: 1000
# columns: 5
 -16584.4707887424 35870.12496522404 1096.822278985096 -11943.11897633219 -8440.379397741432
 -16584.28569575419 35870.13443907835 1096.785978097869 -11943.28801403702 -8440.368625963367
 -16584.47078797074 35870.12496385755 1096.822277579468 -11943.11897646126 -8440.379395680418
 -16584.47078760979 35870.12496425817 1096.822277000645 -11943.11897602668 -8440.37939641451
 -16584.47078760979 35870.12496425817 1096.822277000645 -11943.11897602668 -8440.37939641451
 -16584.47612280264 35870.10219209817 1096.873394750975 -11943.14938138866 -8440.371846709269
 -16584.28569575419 35870.13443907835 1096.785978097869 -11943.28801403702 -8440.368625963367
 -16584.47085704733 35870.1249922801 1096.822316395505 -11943.11896557039 -8440.379445128929
 -16584.27722469319 35870.11218068418 1096.787694026414 -11943.28539055818 -8440.359183347638
 -16584.27721507411 35870.11218842094 1096.787689029482 -11943.28539062413 -8440.359188903141
 -16584.47078760979 35870.12496425817 1096.822277000645 -11943.11897602668 -8440.37939641451
 -16584.27722469319 35870.11218068418 1096.787694026414 -11943.28539055818 -8440.359183347638
 -16584.47078760979 35870.12496425817 1096.822277000645 -11943.11897602668 -8440.37939641451
 -16584.28569442505 35870.13443787918 1096.785978671527 -11943.28801334546 -8440.368626792319
 -16584.46999782145 35870.12892419271 1096.815856290295 -11943.11974367526 -8440.376953947256
 -16584.28569549507 35870.13443821126 1096.785978307274 -11943.28801461389 -8440.368625847592
 -16584.47078760979 35870.12496425817 1096.822277000645 -11943.11897602668 -8440.37939641451
 -16584.2857168874 35870.13448005048 1096.785784764828 -11943.28791833043 -8440.368543471623
 -16584.27722469319 35870.11218068418 1096.787694026414 -11943.28539055818 -8440.359183347638
 -16584.27976374316 35870.11271770311 1096.789104162958 -11943.2848498644 -8440.35913524826
 -16584.47078760979 35870.12496425817 1096.822277000645 -11943.11897602668 -8440.37939641451
 -16584.27722588649 35870.11218126314 1096.787693942825 -11943.28538970164 -8440.359184420615
 -16584.4707887424 35870.12496522404 1096.822278985096 -11943.11897633219 -8440.379397741432
 -16584.27721814135 35870.11218696349 1096.787691132596 -11943.28539298164 -8440.359185082973
 -16584.27725678448 35870.11230539922 1096.78771629523 -11943.28538121073 -8440.359168680294
 -16584.4707887424 35870.12496522404 1096.822278985096 -11943.11897633219 -8440.379397741432
 -16584.47078617187 35870.12496623059 1096.822274932153 -11943.11897731647 -8440.37939640822
 -16584.47078760979 35870.12496425817 1096.822277000645 -11943.11897602668 -8440.37939641451
 -16584.47078760979 35870.12496425817 1096.822277000645 -11943.11897602668 -8440.37939641451
 -16584.27722469319 35870.11218068418 1096.787694026414 -11943.28539055818 -8440.359183347638
 -16584.47078760979 35870.12496425817 1096.822277000645 -11943.11897602668 -8440.37939641451
 -16584.28569762712 35870.13444013039 1096.785977305288 -11943.28801505971 -8440.368628240938
 -16584.47078760979 35870.12496425817 1096.822277000645 -11943.11897602668 -8440.37939641451
 -16584.47078760979 35870.12496425817 1096.822277000645 -11943.11897602668 -8440.37939641451
 -16584.28569448369 35870.13444509899 1096.785977757331 -11943.28801617015 -8440.368625902738
 -16584.47078760979 35870.12496425817 1096.822277000645 -11943.11897602668 -8440.37939641451
 -16584.47078760979 35870.12496425817 1096.822277000645 -11943.11897602668 -8440.37939641451
 -16584.27716665925 35870.1122378916 1096.78763333093 -11943.28537542755 -8440.359187231123
 -16584.47078760979 35870.12496425817 1096.822277000645 -11943.11897602668 -8440.37939641451
 -16584.47086256895 35870.12499292156 1096.822314649842 -11943.11896364183 -8440.379441116709
 -16584.17215846609 35870.12766868783 1096.724074576124 -11943.32765545519 -8440.384975321907
 -16584.47078760979 35870.12496425817 1096.822277000645 -11943.11897602668 -8440.37939641451
 -16584.28569549507 35870.13443821126 1096.785978307274 -11943.28801461389 -8440.368625847592
 -16584.28569549507 35870.13443821126 1096.785978307274 -11943.28801461389 -8440.368625847592
 -16584.47078760979 35870.12496425817 1096.822277000645 -11943.11897602668 -8440.37939641451
 -16584.27722118119 35870.11218237854 1096.787694809186 -11943.28538879876 -8440.359182815679
 -16584.46999782145 35870.12892419271 1096.815856290295 -11943.11974367526 -8440.376953947256
 -16584.27722608004 35870.11218365414 1096.787692273093 -11943.28539790398 -8440.359170823402
 -16584.27721933848 35870.11217667714 1096.787691123504 -11943.28538558248 -8440.359185383535
 -16584.27722469319 35870.11218068418 1096.787694026414 -11943.28539055818 -8440.359183347638
 -16584.30741661945 35870.13854827981 1096.780369887702 -11943.26377368751 -8440.369774388417
 -16584.47078760979 35870.12496425817 1096.822277000645 -11943.11897602668 -8440.37939641451
 -16584.27718704062 35870.11209560543 1096.787733769332 -11943.28534496407 -8440.359218374975
 -16584.28569549507 35870.13443821126 1096.785978307274 -11943.28801461389 -8440.368625847592
 -16584.47085377397 35870.12499187329 1096.822315743301 -11943.11895808504 -8440.379439133387
 -16584.4707887424 35870.12496522404 1096.822278985096 -11943.11897633219 -8440.379397741432
 -16584.28569549507 35870.13443821126 1096.785978307274 -11943.28801461389 -8440.368625847592
 -16584.47078760979 35870.12496425817 1096.822277000645 -11943.11897602668 -8440.37939641451
 -16584.28569549507 35870.13443821126 1096.785978307274 -11943.28801461389 -8440.368625847592
 -16584.27722469319 35870.11218068418 1096.787694026414 -11943.28539055818 -8440.359183347638
 -16584.47078760979 35870.12496425817 1096.822277000645 -11943.11897602668 -8440.37939641451
 -16584.27722469319 35870.11218068418 1096.787694026414 -11943.28539055818 -8440.359183347638
 -16584.28569762712 35870.13444013039 1096.785977305288 -11943.28801505971 -8440.368628240938
 -16584.28569549507 35870.13443821126 1096.785978307274 -11943.28801461389 -8440.368625847592
 -16584.27722274487 35870.11218149387 1096.78769498291 -11943.28539105437 -8440.359183834946
 -16584.27722469319 35870.11218068418 1096.787694026414 -11943.28539055818 -8440.359183347638
 -16584.27722469319 35870.11218068418 1096.787694026414 -11943.28539055818 -8440.359183347638
 -16584.47078760979 35870.12496425817 1096.822277000645 -11943.11897602668 -8440.37939641451
 -16584.28569593857 35870.13443093356 1096.785983801994 -11943.28800872937 -8440.368632988253
 -16584.47078760979 35870.12496425817 1096.822277000645 -11943.11897602668 -8440.37939641451
 -16584.47078760979 35870.12496425817 1096.822277000645 -11943.11897602668 -8440.37939641451
 -16584.2771311927 35870.11222206148 1096.787645609957 -11943.28536136512 -8440.359229853937
 -16584.47078760979 35870.12496425817 1096.822277000645 -11943.11897602668 -8440.37939641451
 -16584.27722469319 35870.11218068418 1096.787694026414 -11943.28539055818 -8440.359183347638
 -16584.28567992543 35870.13444722212 1096.785966662287 -11943.28799191017 -8440.368637752192
 -16584.28569549507 35870.13443821126 1096.785978307274 -11943.28801461389 -8440.368625847592
 -16584.28569549507 35870.13443821126 1096.785978307274 -11943.28801461389 -8440.368625847592
 -16584.47031403668 35870.12889488583 1096.816005683022 -11943.11965679054 -8440.377026753715
 -16584.47078760979 35870.12496425817 1096.822277000645 -11943.11897602668 -8440.37939641451
 -16584.47078760979 35870.12496425817 1096.822277000645 -11943.11897602668 -8440.37939641451
 -16584.47078907132 35870.12496192704 1096.822276840324 -11943.1189758542 -8440.379396541795
 -16584.28569549507 35870.13443821126 1096.785978307274 -11943.28801461389 -8440.368625847592
 -16584.28571667469 35870.1344793925 1096.785785952358 -11943.28791673295 -8440.368543750026
 -16584.47092130104 35870.12497455992 1096.822299219524 -11943.11896766959 -8440.379373085365
