# Created by Octave 4.2.1, Mon Oct 09 18:49:02 2017 BRT <root@mosqueiro>
# name: pop
# type: matrix
# rows: 1000
# columns: 5
 9081.243637689218 -7533.83737053099 1009.04434513488 -5823.866127758537 3266.7218912418
 9075.524793442135 -7496.547065172394 982.3962633022179 -5880.305557540834 3318.238291504811
 9080.991545203173 -7533.753947175249 1008.984400092105 -5823.690635557399 3266.771916475308
 9080.991545203173 -7533.753947175249 1008.984400092105 -5823.690635557399 3266.771916475308
 9080.991545203173 -7533.753947175249 1008.984400092105 -5823.690635557399 3266.771916475308
 9081.105677516964 -7548.031871287813 1020.532916715105 -5827.00475077581 3272.730588741172
 9089.317624414314 -7515.04189265046 1001.77841758679 -5894.101969683361 3311.805222247645
 9080.991545203173 -7533.753947175249 1008.984400092105 -5823.690635557399 3266.771916475308
 9081.926996880327 -7534.193125914137 1008.441673114951 -5823.708184043399 3266.869812548241
 9083.477814305708 -7495.871287964173 980.8680182772133 -5881.184936595821 3317.656402769392
 9082.112143977089 -7533.331753113351 1007.729300876282 -5823.024230506736 3265.817427614803
 9080.991545203173 -7533.753947175249 1008.984400092105 -5823.690635557399 3266.771916475308
 9082.988507755428 -7494.80986193935 982.7024481861961 -5882.757544652246 3320.862108570147
 9082.775009872596 -7498.334768232158 980.5541822617957 -5881.862556056935 3316.19212870588
 9081.243637689218 -7533.83737053099 1009.04434513488 -5823.866127758537 3266.7218912418
 9083.142480006016 -7498.183400975198 981.4573866657594 -5882.465294854681 3316.21480538324
 9080.991545203173 -7533.753947175249 1008.984400092105 -5823.690635557399 3266.771916475308
 9081.926996880327 -7534.193125914137 1008.441673114951 -5823.708184043399 3266.869812548241
 9081.926996880327 -7534.193125914137 1008.441673114951 -5823.708184043399 3266.869812548241
 9083.298054824492 -7498.244292225915 981.0326529889818 -5882.504748467146 3315.701745671994
 9080.991545203173 -7533.753947175249 1008.984400092105 -5823.690635557399 3266.771916475308
 9080.991545203173 -7533.753947175249 1008.984400092105 -5823.690635557399 3266.771916475308
 9082.350469366582 -7494.353405413507 981.1450526227173 -5884.375288045928 3314.568151268998
 9080.991545203173 -7533.753947175249 1008.984400092105 -5823.690635557399 3266.771916475308
 9081.105677516964 -7548.031871287813 1020.532916715105 -5827.00475077581 3272.730588741172
 9081.105677516964 -7548.031871287813 1020.532916715105 -5827.00475077581 3272.730588741172
 9082.765933897987 -7498.378756661972 980.8182017248783 -5881.845737117307 3316.093229840315
 9080.991545203173 -7533.753947175249 1008.984400092105 -5823.690635557399 3266.771916475308
 9082.680533938483 -7498.389209217787 980.7172854795205 -5881.464095103506 3315.751780601341
 9080.991545203173 -7533.753947175249 1008.984400092105 -5823.690635557399 3266.771916475308
 9080.991545203173 -7533.753947175249 1008.984400092105 -5823.690635557399 3266.771916475308
 9082.350469366582 -7494.353405413507 981.1450526227173 -5884.375288045928 3314.568151268998
 9082.350469366582 -7494.353405413507 981.1450526227173 -5884.375288045928 3314.568151268998
 9081.926996880327 -7534.193125914137 1008.441673114951 -5823.708184043399 3266.869812548241
 9082.765933897987 -7498.378756661972 980.8182017248783 -5881.845737117307 3316.093229840315
 10078.15216070211 -3495.968888171257 -1230.576182292912 -6368.118029139335 1020.018730773809
 9080.991545203173 -7533.753947175249 1008.984400092105 -5823.690635557399 3266.771916475308
 9082.857250622417 -7498.526613724626 981.0981320095186 -5881.81910091554 3316.343573292842
 9081.926996880327 -7534.193125914137 1008.441673114951 -5823.708184043399 3266.869812548241
 9082.112143977089 -7533.331753113351 1007.729300876282 -5823.024230506736 3265.817427614803
 9080.863244974458 -7533.851753945437 1008.989833713726 -5823.76869000084 3266.777727676631
 9081.926996880327 -7534.193125914137 1008.441673114951 -5823.708184043399 3266.869812548241
 9082.112143977089 -7533.331753113351 1007.729300876282 -5823.024230506736 3265.817427614803
 9081.243637689218 -7533.83737053099 1009.04434513488 -5823.866127758537 3266.7218912418
 9081.926996880327 -7534.193125914137 1008.441673114951 -5823.708184043399 3266.869812548241
 9082.066741101307 -7534.018187049983 1008.585116685446 -5823.583018747847 3266.752334480538
 9082.350469366582 -7494.353405413507 981.1450526227173 -5884.375288045928 3314.568151268998
 9082.010583305077 -7534.334998690136 1008.653775568514 -5823.893000384768 3266.91089052743
 9081.926996880327 -7534.193125914137 1008.441673114951 -5823.708184043399 3266.869812548241
 9080.991545203173 -7533.753947175249 1008.984400092105 -5823.690635557399 3266.771916475308
 9076.199036758962 -7538.127855369434 1010.2021552477 -5819.292212785435 3270.270896444053
 9082.350469366582 -7494.353405413507 981.1450526227173 -5884.375288045928 3314.568151268998
 8878.777103454702 -7481.216927994305 901.0807965112547 -5702.332427001598 3401.987912839546
 9082.350469366582 -7494.353405413507 981.1450526227173 -5884.375288045928 3314.568151268998
 9075.532803908676 -7496.433647629725 981.7171897546244 -5879.848765440315 3318.620971703075
 9082.350469366582 -7494.353405413507 981.1450526227173 -5884.375288045928 3314.568151268998
 9082.929758059072 -7498.435861763983 980.8218891259352 -5881.918633728505 3316.174746613566
 9082.765933897987 -7498.378756661972 980.8182017248783 -5881.845737117307 3316.093229840315
 9080.991545203173 -7533.753947175249 1008.984400092105 -5823.690635557399 3266.771916475308
 9080.991545203173 -7533.753947175249 1008.984400092105 -5823.690635557399 3266.771916475308
 9082.350469366582 -7494.353405413507 981.1450526227173 -5884.375288045928 3314.568151268998
 9080.991545203173 -7533.753947175249 1008.984400092105 -5823.690635557399 3266.771916475308
 9080.991545203173 -7533.753947175249 1008.984400092105 -5823.690635557399 3266.771916475308
 9075.676161298845 -7496.351746310827 981.874468233356 -5880.479443180871 3318.176531895116
 9083.298054824492 -7498.244292225915 981.0326529889818 -5882.504748467146 3315.701745671994
 9082.350469366582 -7494.353405413507 981.1450526227173 -5884.375288045928 3314.568151268998
 9081.926996880327 -7534.193125914137 1008.441673114951 -5823.708184043399 3266.869812548241
 10042.52621479612 -3538.773989231814 -1168.357325374554 -6358.657176232409 1022.528563122726
 9081.079329727039 -7548.136963318136 1020.551319914206 -5827.062837542959 3272.723201886882
 9081.887264736079 -7534.207173827557 1008.559506712363 -5823.565437787339 3266.921999427032
 9081.033799821582 -7533.712216908676 1009.09499232631 -5823.780079696931 3266.679149626673
 9080.991545203173 -7533.753947175249 1008.984400092105 -5823.690635557399 3266.771916475308
 9081.701575496032 -7533.908873204612 1008.378502870141 -5823.691384425715 3266.823220689828
 9080.991545203173 -7533.753947175249 1008.984400092105 -5823.690635557399 3266.771916475308
 9082.350469366582 -7494.353405413507 981.1450526227173 -5884.375288045928 3314.568151268998
 9081.926996880327 -7534.193125914137 1008.441673114951 -5823.708184043399 3266.869812548241
 9081.08537773725 -7498.400368568986 982.1829685048986 -5882.089576474423 3316.497114923165
 9082.350469366582 -7494.353405413507 981.1450526227173 -5884.375288045928 3314.568151268998
 9082.024422311088 -7495.63746370928 973.7034578560045 -5877.18605575991 3316.212037838996
 8878.419914256012 -7480.775471049932 902.2919047115076 -5700.97164772766 3403.075680255694
 9080.991545203173 -7533.753947175249 1008.984400092105 -5823.690635557399 3266.771916475308
 9080.991545203173 -7533.753947175249 1008.984400092105 -5823.690635557399 3266.771916475308
 9080.991545203173 -7533.753947175249 1008.984400092105 -5823.690635557399 3266.771916475308
 9080.991545203173 -7533.753947175249 1008.984400092105 -5823.690635557399 3266.771916475308
 9082.834232143934 -7498.66304944131 980.9794333259713 -5881.82472912608 3316.065709935423
