# Created by Octave 4.2.1, Mon Oct 09 18:23:20 2017 BRT <root@mosqueiro>
# name: pop
# type: matrix
# rows: 1000
# columns: 5
 -8050.497224522569 7754.819000622869 -9745.174986403241 7885.809393492465 2182.906102317827
 -8050.497224522569 7754.819000622869 -9745.174986403241 7885.809393492465 2182.906102317827
 -8050.497224522569 7754.819000622869 -9745.174986403241 7885.809393492465 2182.906102317827
 -8050.497224522569 7754.819000622869 -9745.174986403241 7885.809393492465 2182.906102317827
 -8050.497224522569 7754.819000622869 -9745.174986403241 7885.809393492465 2182.906102317827
 -8050.497224522569 7754.819000622869 -9745.174986403241 7885.809393492465 2182.906102317827
 -8050.497224522569 7754.819000622869 -9745.174986403241 7885.809393492465 2182.906102317827
 -8050.497224522569 7754.819000622869 -9745.174986403241 7885.809393492465 2182.906102317827
 26110.02612858737 19766.41017779919 -1568.221264211115 50746.98017330506 10602.41196554485
 -8050.497224522569 7754.819000622869 -9745.174986403241 7885.809393492465 2182.906102317827
 -8050.497224522569 7754.819000622869 -9745.174986403241 7885.809393492465 2182.906102317827
 10282.92471255232 -41812.68917355154 -35142.48744296381 -39480.45911148014 46324.06701365739
 -8050.497224522569 7754.819000622869 -9745.174986403241 7885.809393492465 2182.906102317827
 5653.479047458432 -7686.202807388107 3325.420955153175 -8403.337465382278 9324.365460346045
 44552.72592386381 14167.02663939976 -21567.67446981266 11991.81532216773 -20162.30873236935
 -8050.497224522569 7754.819000622869 -9745.174986403241 7885.809393492465 2182.906102317827
 -22583.97094721195 -13454.63175062949 5360.772451382498 -5860.890195152959 25722.1429070863
 -8050.497224522569 7754.819000622869 -9745.174986403241 7885.809393492465 2182.906102317827
 -30081.66036633774 10415.91458649236 -13115.64134612713 25774.68516190263 7675.193724152667
 -8050.497224522569 7754.819000622869 -9745.174986403241 7885.809393492465 2182.906102317827
 -8050.497224522569 7754.819000622869 -9745.174986403241 7885.809393492465 2182.906102317827
 -38954.40564071237 -44773.86183698962 -19101.64474203768 38957.28385652305 -1132.18196722918
 7195.631802954009 -1135.693626498834 8974.276118623351 -5357.133202073167 -1438.438162392498
 -4876.638089913415 8146.062899890262 -18019.56127250001 9964.239564703439 25127.67658819287
 -8050.497224522569 7754.819000622869 -9745.174986403241 7885.809393492465 2182.906102317827
 -8050.497224522569 7754.819000622869 -9745.174986403241 7885.809393492465 2182.906102317827
 -8050.497224522569 7754.819000622869 -9745.174986403241 7885.809393492465 2182.906102317827
 -8050.497224522569 7754.819000622869 -9745.174986403241 7885.809393492465 2182.906102317827
 -8050.497224522569 7754.819000622869 -9745.174986403241 7885.809393492465 2182.906102317827
 44552.72592386381 14167.02663939976 -21567.67446981266 11991.81532216773 -20162.30873236935
 -8050.497224522569 7754.819000622869 -9745.174986403241 7885.809393492465 2182.906102317827
 -8050.497224522569 7754.819000622869 -9745.174986403241 7885.809393492465 2182.906102317827
 -8050.497224522569 7754.819000622869 -9745.174986403241 7885.809393492465 2182.906102317827
 -8050.497224522569 7754.819000622869 -9745.174986403241 7885.809393492465 2182.906102317827
 -8050.497224522569 7754.819000622869 -9745.174986403241 7885.809393492465 2182.906102317827
 -8050.497224522569 7754.819000622869 -9745.174986403241 7885.809393492465 2182.906102317827
 -8050.497224522569 7754.819000622869 -9745.174986403241 7885.809393492465 2182.906102317827
 -8050.497224522569 7754.819000622869 -9745.174986403241 7885.809393492465 2182.906102317827
 -8050.497224522569 7754.819000622869 -9745.174986403241 7885.809393492465 2182.906102317827
 13932.51506468919 17599.48160734993 1170.105178677976 14867.22574237856 -42619.11611463385
 -8050.497224522569 7754.819000622869 -9745.174986403241 7885.809393492465 2182.906102317827
 -4429.355357862187 -155.9754508087735 -2897.735878658373 7226.697969308261 68.91260407075606
 3158.267581818454 -5915.122179399688 949.6329293597992 6553.457934536709 -4587.393137557279
 -8050.497224522569 7754.819000622869 -9745.174986403241 7885.809393492465 2182.906102317827
 25679.73378886284 -1517.195630580738 -20153.57677946001 19655.77551812736 7623.922231387267
 -8050.497224522569 7754.819000622869 -9745.174986403241 7885.809393492465 2182.906102317827
 -5372.596514610982 6774.71465134497 611.7228819540924 -1549.573128390128 -490.8218082489184
 -8050.497224522569 7754.819000622869 -9745.174986403241 7885.809393492465 2182.906102317827
 28133.7382677849 -3439.067503608168 3679.409363458924 -52561.97662771202 -11413.68703390102
 -5372.596514610982 6774.71465134497 611.7228819540924 -1549.573128390128 -490.8218082489184
 -8050.497224522569 7754.819000622869 -9745.174986403241 7885.809393492465 2182.906102317827
 -8050.497224522569 7754.819000622869 -9745.174986403241 7885.809393492465 2182.906102317827
 -8050.497224522569 7754.819000622869 -9745.174986403241 7885.809393492465 2182.906102317827
 -8012.64419762343 7840.862845858956 1649.953745259845 2477.630504796391 -4018.293338203648
 11287.74017703799 19448.17121584769 14509.07106764265 2279.679971500144 -11928.55634517083
 15110.76035711097 4188.203094956491 1869.52735807221 46295.04844648658 15214.8471212863
 -21196.45006256118 38506.10763760235 -45453.03391056193 -11862.44139318943 -1811.984232564015
 2460.937427400144 19536.04732842646 -14905.05711449826 26606.91592953202 30377.29234507441
 3021.134215121812 -581.3778423049262 1524.85743858221 -6905.004020767723 3842.545277598756
 -8050.497224522569 7754.819000622869 -9745.174986403241 7885.809393492465 2182.906102317827
 -8050.497224522569 7754.819000622869 -9745.174986403241 7885.809393492465 2182.906102317827
 -8050.497224522569 7754.819000622869 -9745.174986403241 7885.809393492465 2182.906102317827
 -8050.497224522569 7754.819000622869 -9745.174986403241 7885.809393492465 2182.906102317827
 -8050.497224522569 7754.819000622869 -9745.174986403241 7885.809393492465 2182.906102317827
 -8050.497224522569 7754.819000622869 -9745.174986403241 7885.809393492465 2182.906102317827
 14510.20957808037 21220.94111198289 -27534.76584236264 32954.44671256635 27516.96969380759
 -8860.323838927428 -31790.61589493733 -1220.021883424493 543.4046262746942 -1505.41940675671
 -8050.497224522569 7754.819000622869 -9745.174986403241 7885.809393492465 2182.906102317827
 -8050.497224522569 7754.819000622869 -9745.174986403241 7885.809393492465 2182.906102317827
 -8050.497224522569 7754.819000622869 -9745.174986403241 7885.809393492465 2182.906102317827
 -25740.97816152646 6128.09726710127 14180.50077993119 19638.70546209493 -22924.48376314271
 -8050.497224522569 7754.819000622869 -9745.174986403241 7885.809393492465 2182.906102317827
 -8050.497224522569 7754.819000622869 -9745.174986403241 7885.809393492465 2182.906102317827
 -8050.497224522569 7754.819000622869 -9745.174986403241 7885.809393492465 2182.906102317827
 -8050.497224522569 7754.819000622869 -9745.174986403241 7885.809393492465 2182.906102317827
 -13467.54169234674 33089.60672002653 -7368.518470995659 19664.86481334041 -16747.82918460223
 -8050.497224522569 7754.819000622869 -9745.174986403241 7885.809393492465 2182.906102317827
 -8012.64419762343 7840.862845858956 1649.953745259845 2477.630504796391 -4018.293338203648
 -7597.958186309077 8345.135896807373 12840.42257236001 -13731.70051779406 25454.0947764601
 -17840.82904812468 12203.44105842245 -1888.506185101237 1664.869093191449 11412.52292006642
 -8050.497224522569 7754.819000622869 -9745.174986403241 7885.809393492465 2182.906102317827
 -8050.497224522569 7754.819000622869 -9745.174986403241 7885.809393492465 2182.906102317827
 5067.408157666367 8104.764496445401 -4344.299180836932 -9866.289877679659 852.0519821214784
 8838.134960551524 -1193.232981597621 -4433.740019350568 6771.842156825358 1892.542696556666
