# Created by Octave 4.2.1, Mon Oct 09 18:40:01 2017 BRT <root@mosqueiro>
# name: pop
# type: matrix
# rows: 1000
# columns: 5
 9038.161742797551 -7898.573771228968 1150.865555485592 -5448.37831385851 3174.518999990009
 9038.161742797551 -7898.573771228968 1150.865555485592 -5448.37831385851 3174.518999990009
 9038.161742797551 -7898.573771228968 1150.865555485592 -5448.37831385851 3174.518999990009
 9038.161742797551 -7898.573771228968 1150.865555485592 -5448.37831385851 3174.518999990009
 9038.161742797551 -7898.573771228968 1150.865555485592 -5448.37831385851 3174.518999990009
 6238.376413249111 -7178.954920431293 2705.393032120272 7998.005351206557 -2772.370484862122
 9038.161742797551 -7898.573771228968 1150.865555485592 -5448.37831385851 3174.518999990009
 -365.7532288359162 -43577.25743460158 1904.81395024874 2215.983884631554 -8521.570741802056
 9038.161742797551 -7898.573771228968 1150.865555485592 -5448.37831385851 3174.518999990009
 -7446.735175093265 -62527.100287232 2586.478809149727 -22112.98389226141 -3236.659904361984
 9038.161742797551 -7898.573771228968 1150.865555485592 -5448.37831385851 3174.518999990009
 -6299.423095926682 5488.514107311721 4542.778173299583 3189.182748672863 -6551.580968994241
 9038.161742797551 -7898.573771228968 1150.865555485592 -5448.37831385851 3174.518999990009
 9038.161742797551 -7898.573771228968 1150.865555485592 -5448.37831385851 3174.518999990009
 31758.18118877099 -28876.48116856971 32709.1218504112 -63484.02582497963 26291.51118091471
 9038.161742797551 -7898.573771228968 1150.865555485592 -5448.37831385851 3174.518999990009
 9038.161742797551 -7898.573771228968 1150.865555485592 -5448.37831385851 3174.518999990009
 -2299.636009140784 -19681.1577428962 -21318.92085542423 -30149.25425482768 4480.015493669202
 31965.10062187607 -377.2165947088706 -9065.125558262676 729.7020727359431 17980.33721233333
 9038.161742797551 -7898.573771228968 1150.865555485592 -5448.37831385851 3174.518999990009
 9038.161742797551 -7898.573771228968 1150.865555485592 -5448.37831385851 3174.518999990009
 39769.60097621435 6860.200344455316 11966.38052814119 -5371.282029242749 15307.56879389494
 19014.68346701003 24280.61711765064 1389.720957695906 -5023.991686905709 8223.481867718583
 9038.161742797551 -7898.573771228968 1150.865555485592 -5448.37831385851 3174.518999990009
 16479.43921225372 20676.81247516209 -17848.85930468627 -8420.863689770234 -4070.898920539181
 9038.161742797551 -7898.573771228968 1150.865555485592 -5448.37831385851 3174.518999990009
 9038.161742797551 -7898.573771228968 1150.865555485592 -5448.37831385851 3174.518999990009
 9038.161742797551 -7898.573771228968 1150.865555485592 -5448.37831385851 3174.518999990009
 9038.161742797551 -7898.573771228968 1150.865555485592 -5448.37831385851 3174.518999990009
 9038.161742797551 -7898.573771228968 1150.865555485592 -5448.37831385851 3174.518999990009
 -6262.543385908199 -4285.295926054952 -1022.663574309929 12930.38865498841 5404.637288547745
 9038.161742797551 -7898.573771228968 1150.865555485592 -5448.37831385851 3174.518999990009
 9038.161742797551 -7898.573771228968 1150.865555485592 -5448.37831385851 3174.518999990009
 9038.161742797551 -7898.573771228968 1150.865555485592 -5448.37831385851 3174.518999990009
 6378.217387145622 -8496.965732104924 38210.23032352194 -16331.96399587847 27288.22181242215
 9038.161742797551 -7898.573771228968 1150.865555485592 -5448.37831385851 3174.518999990009
 15485.41022321253 -52387.17319966403 18576.49477738891 -13404.43548325569 78205.90568606625
 39769.60097621435 6860.200344455316 11966.38052814119 -5371.282029242749 15307.56879389494
 9038.161742797551 -7898.573771228968 1150.865555485592 -5448.37831385851 3174.518999990009
 26414.60983100184 -9298.669178170796 26785.39282631515 1161.311357571944 -2300.421147191159
 9038.161742797551 -7898.573771228968 1150.865555485592 -5448.37831385851 3174.518999990009
 9038.161742797551 -7898.573771228968 1150.865555485592 -5448.37831385851 3174.518999990009
 9038.161742797551 -7898.573771228968 1150.865555485592 -5448.37831385851 3174.518999990009
 9038.161742797551 -7898.573771228968 1150.865555485592 -5448.37831385851 3174.518999990009
 9038.161742797551 -7898.573771228968 1150.865555485592 -5448.37831385851 3174.518999990009
 9038.161742797551 -7898.573771228968 1150.865555485592 -5448.37831385851 3174.518999990009
 9038.161742797551 -7898.573771228968 1150.865555485592 -5448.37831385851 3174.518999990009
 9038.161742797551 -7898.573771228968 1150.865555485592 -5448.37831385851 3174.518999990009
 9868.964336606092 6241.526707831903 -2993.317830019973 -7045.408323198038 -5572.191981108024
 9038.161742797551 -7898.573771228968 1150.865555485592 -5448.37831385851 3174.518999990009
 1145.965525058373 -6421.155008867732 8487.605586782924 615.1381623489888 -3775.963240603114
 9038.161742797551 -7898.573771228968 1150.865555485592 -5448.37831385851 3174.518999990009
 9038.161742797551 -7898.573771228968 1150.865555485592 -5448.37831385851 3174.518999990009
 17659.19978813667 15418.82272004828 30929.04281283059 5025.447862900222 21343.87659065979
 9038.161742797551 -7898.573771228968 1150.865555485592 -5448.37831385851 3174.518999990009
 9038.161742797551 -7898.573771228968 1150.865555485592 -5448.37831385851 3174.518999990009
 15762.61634377542 5485.328304638304 -34344.81876569251 32756.82596286191 25420.55934739362
 9038.161742797551 -7898.573771228968 1150.865555485592 -5448.37831385851 3174.518999990009
 9038.161742797551 -7898.573771228968 1150.865555485592 -5448.37831385851 3174.518999990009
 -3351.770733595825 -59444.89435468127 -17138.17390241297 7293.383414508916 36312.94537414691
 9038.161742797551 -7898.573771228968 1150.865555485592 -5448.37831385851 3174.518999990009
 22947.39894913075 -11696.59973101884 -649.8442427868322 9868.151667445507 9156.436856920955
 6179.45656183657 -16675.39873524831 2283.610955395803 -973.3573928709393 7059.539981875248
 9038.161742797551 -7898.573771228968 1150.865555485592 -5448.37831385851 3174.518999990009
 9038.161742797551 -7898.573771228968 1150.865555485592 -5448.37831385851 3174.518999990009
 9038.161742797551 -7898.573771228968 1150.865555485592 -5448.37831385851 3174.518999990009
 9038.161742797551 -7898.573771228968 1150.865555485592 -5448.37831385851 3174.518999990009
 9038.161742797551 -7898.573771228968 1150.865555485592 -5448.37831385851 3174.518999990009
 24341.44204891099 8431.676638633629 -14817.73572565411 -20069.77874082436 3540.569132085368
 22172.93317732984 -20541.27794728968 10810.26062412808 14238.33333732317 728.0317269403331
 -6992.17868807985 -35159.07680144097 7163.024657679497 3284.168593165177 9428.104182392191
 8333.48903891643 -10915.20918880477 12051.80064482454 -20493.83078525803 16104.31115617135
 1145.965525058373 -6421.155008867732 8487.605586782924 615.1381623489888 -3775.963240603114
 -2299.636009140784 -19681.1577428962 -21318.92085542423 -30149.25425482768 4480.015493669202
 9038.161742797551 -7898.573771228968 1150.865555485592 -5448.37831385851 3174.518999990009
 9038.161742797551 -7898.573771228968 1150.865555485592 -5448.37831385851 3174.518999990009
 -2179.914194658326 -10639.50329761307 35828.9490925426 5717.522776377122 -4550.511595023672
 -9260.134928525953 9035.179050281055 4049.912661863891 -6193.163959635647 2315.412433480027
 4464.018986289641 -5232.121142640714 -17097.54266221046 16646.07027813891 21631.52753000794
 9038.161742797551 -7898.573771228968 1150.865555485592 -5448.37831385851 3174.518999990009
 9038.161742797551 -7898.573771228968 1150.865555485592 -5448.37831385851 3174.518999990009
 3481.24852080991 -8919.963535611791 -19035.71912727093 13830.49460789688 3761.823453908341
 9038.161742797551 -7898.573771228968 1150.865555485592 -5448.37831385851 3174.518999990009
 9038.161742797551 -7898.573771228968 1150.865555485592 -5448.37831385851 3174.518999990009
 22644.47698168007 -17164.03323374341 2364.462220132682 28381.54650538603 -11525.43351247031
