# Created by Octave 4.2.1, Mon Oct 09 18:04:28 2017 BRT <root@mosqueiro>
# name: pop
# type: matrix
# rows: 1000
# columns: 5
 -955.8084185745556 4994.536058887155 -337.5905005320783 8616.459195012329 -9987.42566994851
 -3928.475346499053 846.0165437475716 4072.36272702661 2414.935017253312 -8724.064063836318
 -5853.318425982731 3041.533048038575 -7424.625735293934 8366.963549724485 2877.7873708365
 -4101.549463141238 -6197.665187374178 -1911.023141906136 -2872.902263090201 495.1524904347152
 -1142.085536769235 3865.480247735421 1741.626755651456 5435.664054480729 8987.187208050356
 2652.972620284754 9085.956427605353 -1971.007892856246 -1085.913467255121 4638.400597779933
 175.5533763387484 -9793.861181781966 -2987.96015888389 2793.468671503682 503.7042665107274
 -3760.76575596129 -8063.68248267232 5297.694942714033 2240.251474317176 2568.22958831858
 9400.159358698347 4700.281655050312 9748.778597054712 781.8195139305135 1055.615153222792
 8669.76742462935 516.2948772859272 252.5406915584645 -3143.246141891182 7065.959337780641
 -2005.96746292162 340.6928707566167 7322.883850180828 -3821.253488240835 804.2916436648102
 -1758.12070340147 -6270.460946994915 -3941.703354051443 9498.003658433692 8584.323968546396
 -7292.661182103587 2307.32822001901 -8966.38357090677 4572.252822322656 2032.132432068282
 768.6373490980623 -7990.53765917276 8319.462215240153 4933.128806553857 5670.966922437477
 2101.854626329634 -1580.180692260641 9840.075840819311 3283.432614913307 2287.312369061638
 -3540.969458648889 9075.781605851 4886.011644031627 -5930.235270825709 -3106.813255384021
 3420.616301686301 4385.326928082439 7596.353193222909 -6830.832724590258 -4283.555014609742
 -4688.869676995654 6881.134870921665 -7873.602964965798 1350.957128017066 2785.600486407502
 -4046.980820242069 -876.0616999659014 -8189.961119264912 -2373.980018938268 -2981.084178993042
 -7855.945004200194 7420.013675616323 -275.5366261571507 -4984.948637275734 -7978.072685794949
 775.0152017873497 -3219.594747353568 9905.82986632887 3160.041392190302 -910.8719720582176
 9161.077121770024 8979.809260525311 -9621.778492207577 -527.9137892420913 -1291.980827492676
 -90.91145026162121 -9883.232272363248 -8556.337540939516 6123.862563519078 5788.349719956435
 1437.496643043181 -9266.882214525202 -895.1606555110684 -6176.396632489244 -2539.430690845406
 6355.003792701287 -1891.304648338515 4821.620779387891 8771.688420686853 -8307.794710375199
 7451.257247137142 -926.939193307875 3399.94578552872 1409.817355523928 308.586183167441
 9041.961994643825 5640.784788150328 6572.209593210817 -313.7945033378437 46.02932546426746
 8791.819284189372 9993.26396240473 -1767.133248342581 5560.772523521549 -7249.608738766004
 -3579.177311348763 483.5884264174802 -105.4949246012529 7637.61906038953 -9682.481061438059
 501.2709260072043 -9945.082045626115 -4832.590847880028 -5573.867176899651 4613.82840123924
 -1942.008802784253 -2421.464842598472 7410.328111212209 2199.070439887028 -4200.555662696675
 2039.215846368999 2552.152734420029 8427.673267488637 1761.308661494111 8899.410755358938
 -2340.369202066467 -3411.287005960465 9400.922742367784 -5288.37253683844 5746.658141216072
 4462.952147347656 1930.015192527941 5418.864729096951 3799.542172275835 675.0091218821271
 9633.112225095505 -4068.73425345747 4564.744857699357 4709.217396027725 -1284.727169988679
 -2111.262920869167 -7122.803159754851 -52.87893981069828 8636.077165981565 9656.05176409151
 1623.641047994384 -4770.322252745958 5991.530436202305 -6557.180645141697 3309.909761471379
 -4099.172596134829 4134.963717696601 3332.605845589309 -9110.973332187594 8279.923092866382
 2212.887085015993 615.0077805594919 -1038.265614437505 -1020.341327634527 6974.240902975012
 -6277.864356479202 8171.342963767627 8061.962503302162 -3033.125476485775 -7887.151707259316
 7285.197261690017 -1094.363538841886 9621.289860111196 -5392.78387070823 -5285.144229241995
 -183.7209289351777 1705.370924789906 8578.530173972231 -1542.35042457236 -3820.082179250291
 2640.785870086464 -1370.903498637048 2096.213441290498 -6155.18753898154 3709.154190357865
 1106.389727170521 6321.015813176256 2510.152460277339 -3013.274191512153 -7681.091504696801
 6968.13859865527 -6863.719713713908 -2441.32364544886 3009.736365206656 5170.705530177322
 1320.841869842827 427.7657942300284 -8593.633882798045 2501.915828403278 -9532.003625581019
 -2237.515120455548 713.3038139764958 -3597.131198214493 -4200.132793670947 -8522.763650323588
 8917.144915449109 -1397.767422001738 5958.240541580122 9082.627475952722 -2730.05480415424
 1972.217534296438 236.4411141342734 9062.471632173183 -9904.040998150902 3626.186449836403
 -8744.44241205877 -2245.385439291795 9120.217844459949 1064.221390496663 4506.950718728069
 6102.462660158881 -9335.203073159488 4461.948193727438 1556.210032093635 6123.46377707415
 -7385.266661211313 -2473.88204498871 -7903.305119230059 3657.628779086439 2456.865768647345
 4016.604185053227 8728.750556941377 8400.523557027853 -6824.4636572453 3745.695980721637
 -2489.608104111495 8845.867232958386 8998.759160984195 6839.261588956146 3301.118089056861
 -3503.526669308538 -3832.642168874136 -5512.777028990075 -1429.630565813066 -8696.99968718538
 -3736.955225209458 4243.739140698448 -2872.204557798808 5867.488595264185 956.0192591638279
 9036.616145553864 6069.27856038533 1405.123045007302 -9778.768260853678 -8612.761778538852
 4162.848063691257 503.764758491805 393.9639831831737 7599.037741140859 6676.262970607979
 -7210.660461113673 2395.56533496154 9295.928347918438 -3616.253368470311 -8331.821314674715
 -1424.627364543187 8050.077619594878 -282.5429562509853 -2141.235427294981 5204.187469002227
 4612.15120111063 1328.27143905754 -3488.187719663384 1344.332988843029 9184.104012041622
 -4649.165746548885 -7689.608813764061 -8958.069147583414 4137.399871252774 7188.980477089237
 802.0975527616829 8888.974730397542 6034.5238937011 226.7207867765192 6855.623546145143
 7140.80592739024 -7058.842494036094 6867.927516357104 -3034.429703753226 478.2675830532571
 -1028.475340414205 2989.928978327927 -5859.400524936245 -6417.202150320941 3255.053341913665
 -5887.634918963239 -8358.304143884417 -7756.699048456287 6950.512201155998 3126.625704048223
 5706.251074339243 3879.952231180219 -5196.020095467547 -7482.028581947816 -1464.316341775408
 7494.72630419736 -3904.439244248329 -4331.195883675757 783.8771373923919 -7996.093324235948
 -2146.032405734641 -5913.476114615116 -5240.823668151216 9959.926971639863 5208.362405559712
 1118.802459985905 -7115.010055980956 4334.559352762304 9927.619437406549 4824.485646053638
 -6581.100230588018 -6893.481990623048 685.9659938350487 -8100.16613563939 -1828.91540075126
 4308.004912323857 -2261.993461433255 5106.329738594295 9763.671805335267 3853.594456109866
 -2212.082336282782 726.2487729690456 2963.477764501822 8522.742865478671 9505.26782309464
 4375.996044004378 -455.4947839685901 -1501.474346046109 -7543.24175697218 7582.312489749569
 2489.212245580096 -7680.179912504991 -8951.850860467091 -2907.3490924377 9692.916928621464
 8116.548088689902 8087.684726816438 -2954.857036581942 6172.33360140201 1817.462792225866
 -586.8460937431591 9617.528668492789 7642.419023040864 9678.226420443974 8874.003474947258
 -7912.413437340819 6131.067595121913 -6519.137471594677 712.4235634066808 6435.066473873962
 -3115.411860386535 -9712.766207272156 -8314.97932441846 -9734.053372139057 7722.592602618115
 -2465.900287878592 -6536.399416612212 -8877.974786630504 -6194.431515424467 20.47364652297438
 -4975.849587953046 -1405.914501510042 -3475.812819817329 -1762.82743013829 -6849.590616763356
 -7911.551532656348 9739.275205311136 -9481.417361638685 4224.336844317622 -7067.008707333912
 7901.526718846184 -1008.992246530952 -2805.14132082262 1453.624194198841 6346.371713007196
 -2818.199360122181 -140.5963048253434 -4853.247908198889 -7443.981142696879 -5435.677811854397
 -299.7530851520278 5114.176743116046 2532.250029424102 -3127.552452366383 -7911.299531835683
