# Created by Octave 4.2.1, Mon Oct 09 17:53:57 2017 BRT <root@mosqueiro>
# name: pop
# type: matrix
# rows: 1000
# columns: 5
 -16539.1205478271 35855.54960792076 1129.530066782612 -11926.45330430938 -8515.340581257255
 -16539.1205478271 35855.54960792076 1129.530066782612 -11926.45330430938 -8515.340581257255
 -16539.1205478271 35855.54960792076 1129.530066782612 -11926.45330430938 -8515.340581257255
 -16539.1205478271 35855.54960792076 1129.530066782612 -11926.45330430938 -8515.340581257255
 -16539.1205478271 35855.54960792076 1129.530066782612 -11926.45330430938 -8515.340581257255
 -16539.1205478271 35855.54960792076 1129.530066782612 -11926.45330430938 -8515.340581257255
 -16539.1205478271 35855.54960792076 1129.530066782612 -11926.45330430938 -8515.340581257255
 -16539.1205478271 35855.54960792076 1129.530066782612 -11926.45330430938 -8515.340581257255
 -16539.1205478271 35855.54960792076 1129.530066782612 -11926.45330430938 -8515.340581257255
 -11334.63242699097 8589.142286745819 9258.994441099201 7253.820082012789 -6737.104634377106
 -16539.1205478271 35855.54960792076 1129.530066782612 -11926.45330430938 -8515.340581257255
 -16539.1205478271 35855.54960792076 1129.530066782612 -11926.45330430938 -8515.340581257255
 -16539.1205478271 35855.54960792076 1129.530066782612 -11926.45330430938 -8515.340581257255
 -16539.1205478271 35855.54960792076 1129.530066782612 -11926.45330430938 -8515.340581257255
 -16539.1205478271 35855.54960792076 1129.530066782612 -11926.45330430938 -8515.340581257255
 -7977.288115419058 3016.327011946137 2077.557932122685 8796.154724684662 -13595.43949597474
 -16539.1205478271 35855.54960792076 1129.530066782612 -11926.45330430938 -8515.340581257255
 -6656.268131236139 6353.222260248825 3061.895208913224 6774.301502112063 -9499.130554024872
 -16539.1205478271 35855.54960792076 1129.530066782612 -11926.45330430938 -8515.340581257255
 -16539.1205478271 35855.54960792076 1129.530066782612 -11926.45330430938 -8515.340581257255
 -11243.57640944494 4459.927770523617 5090.077184899827 8577.555162558194 -10399.11397660847
 -14415.10005602215 32852.71706403846 -1339.326964398758 -11960.06323835386 -9600.471967948606
 -18055.7203926517 34873.7288166084 -1864.386968422247 -10995.24479950906 -7127.790763249634
 -6656.268131236139 6353.222260248825 3061.895208913224 6774.301502112063 -9499.130554024872
 -16539.1205478271 35855.54960792076 1129.530066782612 -11926.45330430938 -8515.340581257255
 -16539.1205478271 35855.54960792076 1129.530066782612 -11926.45330430938 -8515.340581257255
 -16539.1205478271 35855.54960792076 1129.530066782612 -11926.45330430938 -8515.340581257255
 -6656.268131236139 6353.222260248825 3061.895208913224 6774.301502112063 -9499.130554024872
 -16539.1205478271 35855.54960792076 1129.530066782612 -11926.45330430938 -8515.340581257255
 -16539.1205478271 35855.54960792076 1129.530066782612 -11926.45330430938 -8515.340581257255
 -16539.1205478271 35855.54960792076 1129.530066782612 -11926.45330430938 -8515.340581257255
 -16436.71463824581 26206.53556002439 -4368.358252612737 -10523.27550334571 -9973.560929491297
 -16539.1205478271 35855.54960792076 1129.530066782612 -11926.45330430938 -8515.340581257255
 -16539.1205478271 35855.54960792076 1129.530066782612 -11926.45330430938 -8515.340581257255
 -16539.1205478271 35855.54960792076 1129.530066782612 -11926.45330430938 -8515.340581257255
 -13737.81454251296 36197.2579837511 1966.917625788434 -11031.34964540938 -10560.54529692423
 -16539.1205478271 35855.54960792076 1129.530066782612 -11926.45330430938 -8515.340581257255
 -16539.1205478271 35855.54960792076 1129.530066782612 -11926.45330430938 -8515.340581257255
 -6656.268131236139 6353.222260248825 3061.895208913224 6774.301502112063 -9499.130554024872
 -6656.268131236139 6353.222260248825 3061.895208913224 6774.301502112063 -9499.130554024872
 -16539.1205478271 35855.54960792076 1129.530066782612 -11926.45330430938 -8515.340581257255
 -18364.67163278065 35363.21355059709 2645.079617465896 -11967.37863151422 -9077.612541643464
 -16539.1205478271 35855.54960792076 1129.530066782612 -11926.45330430938 -8515.340581257255
 -16539.1205478271 35855.54960792076 1129.530066782612 -11926.45330430938 -8515.340581257255
 -18056.71934721338 39164.4863382394 1394.800764354533 -15424.2171914539 -10237.4546613851
 -16539.1205478271 35855.54960792076 1129.530066782612 -11926.45330430938 -8515.340581257255
 -6656.268131236139 6353.222260248825 3061.895208913224 6774.301502112063 -9499.130554024872
 -12440.16626707102 5196.241641857066 3693.028923472848 4944.147328813064 -15373.85307000487
 -6656.268131236139 6353.222260248825 3061.895208913224 6774.301502112063 -9499.130554024872
 -16539.1205478271 35855.54960792076 1129.530066782612 -11926.45330430938 -8515.340581257255
 -5907.301159105013 3041.812526350098 3464.038128687234 6158.066083269448 -9390.553688411066
 -4787.69139126301 11783.72132881392 5964.565351929843 3424.423236043098 -4942.283668260518
 -16539.1205478271 35855.54960792076 1129.530066782612 -11926.45330430938 -8515.340581257255
 -16539.1205478271 35855.54960792076 1129.530066782612 -11926.45330430938 -8515.340581257255
 -16539.1205478271 35855.54960792076 1129.530066782612 -11926.45330430938 -8515.340581257255
 -16539.1205478271 35855.54960792076 1129.530066782612 -11926.45330430938 -8515.340581257255
 -16539.1205478271 35855.54960792076 1129.530066782612 -11926.45330430938 -8515.340581257255
 -67244.57928920705 26481.71941291237 -47814.22740775201 2904.260734180662 -1545.829933495406
 -16539.1205478271 35855.54960792076 1129.530066782612 -11926.45330430938 -8515.340581257255
 -213.3443645662919 10671.67340479299 3631.112417751132 7547.207534751508 -9087.163170647207
 2065.08884450287 -3291.510365668273 22028.3965095094 -20126.59263707964 -2415.988387828182
 -16539.1205478271 35855.54960792076 1129.530066782612 -11926.45330430938 -8515.340581257255
 -16539.1205478271 35855.54960792076 1129.530066782612 -11926.45330430938 -8515.340581257255
 -16539.1205478271 35855.54960792076 1129.530066782612 -11926.45330430938 -8515.340581257255
 -16539.1205478271 35855.54960792076 1129.530066782612 -11926.45330430938 -8515.340581257255
 -16539.1205478271 35855.54960792076 1129.530066782612 -11926.45330430938 -8515.340581257255
 -16539.1205478271 35855.54960792076 1129.530066782612 -11926.45330430938 -8515.340581257255
 -16761.17086104605 33673.20610398835 3910.465947431054 -14817.22352774639 -9069.088283557878
 -16539.1205478271 35855.54960792076 1129.530066782612 -11926.45330430938 -8515.340581257255
 -16539.1205478271 35855.54960792076 1129.530066782612 -11926.45330430938 -8515.340581257255
 -16539.1205478271 35855.54960792076 1129.530066782612 -11926.45330430938 -8515.340581257255
 -6656.268131236139 6353.222260248825 3061.895208913224 6774.301502112063 -9499.130554024872
 -16539.1205478271 35855.54960792076 1129.530066782612 -11926.45330430938 -8515.340581257255
 -16539.1205478271 35855.54960792076 1129.530066782612 -11926.45330430938 -8515.340581257255
 -16539.1205478271 35855.54960792076 1129.530066782612 -11926.45330430938 -8515.340581257255
 -16539.1205478271 35855.54960792076 1129.530066782612 -11926.45330430938 -8515.340581257255
 -16539.1205478271 35855.54960792076 1129.530066782612 -11926.45330430938 -8515.340581257255
 -3743.809637306086 6420.798977844022 -4682.539873168941 17846.15487492469 -7413.042761486648
 -16573.59416971425 32360.95036359451 -154.0522517324039 -25738.4774922851 -7148.642973719368
 -6656.268131236139 6353.222260248825 3061.895208913224 6774.301502112063 -9499.130554024872
 -16539.1205478271 35855.54960792076 1129.530066782612 -11926.45330430938 -8515.340581257255
 -16539.1205478271 35855.54960792076 1129.530066782612 -11926.45330430938 -8515.340581257255
 -16539.1205478271 35855.54960792076 1129.530066782612 -11926.45330430938 -8515.340581257255
 -6656.268131236139 6353.222260248825 3061.895208913224 6774.301502112063 -9499.130554024872
