# Created by Octave 4.2.1, Mon Oct 09 17:33:58 2017 BRT <root@mosqueiro>
# name: pop
# type: matrix
# rows: 1000
# columns: 5
 3069.186883280454 -6932.815978323069 -6616.08464653239 6858.316249444368 3656.422301383605
 3069.186883280454 -6932.815978323069 -6616.08464653239 6858.316249444368 3656.422301383605
 3069.186883280454 -6932.815978323069 -6616.08464653239 6858.316249444368 3656.422301383605
 3069.186883280454 -6932.815978323069 -6616.08464653239 6858.316249444368 3656.422301383605
 3069.186883280454 -6932.815978323069 -6616.08464653239 6858.316249444368 3656.422301383605
 -4005.899005622206 -2747.723054704419 7189.434291830818 5215.069835127948 -5673.813560183832
 6798.147032661003 -7709.733922946774 1445.639724610268 863.858522722061 -1314.842498514192
 39387.67743219862 4367.876048413173 -20604.4304721488 -10976.62318161788 26058.39444678793
 3069.186883280454 -6932.815978323069 -6616.08464653239 6858.316249444368 3656.422301383605
 3069.186883280454 -6932.815978323069 -6616.08464653239 6858.316249444368 3656.422301383605
 6798.147032661003 -7709.733922946774 1445.639724610268 863.858522722061 -1314.842498514192
 -25606.18699985057 -2970.393449164148 -21783.41929591582 -1077.415327700977 11217.03776676794
 21892.66664713058 -30494.80359217031 -16579.07918358559 -25541.7186842165 -13197.9765758128
 3069.186883280454 -6932.815978323069 -6616.08464653239 6858.316249444368 3656.422301383605
 5945.60755092937 8133.374362594419 5333.177638347775 5090.088395318306 5771.600313925766
 -6544.370402782361 9517.289159372562 -4807.829948778895 765.6950595687213 6156.931147969824
 3069.186883280454 -6932.815978323069 -6616.08464653239 6858.316249444368 3656.422301383605
 3069.186883280454 -6932.815978323069 -6616.08464653239 6858.316249444368 3656.422301383605
 -32362.88831973237 -12027.55280398422 -5678.071175971671 8086.511664325855 -228.951263393232
 -17960.19508159134 -27362.68809771718 4848.468284558304 -7130.741232860006 -24492.42132187652
 -27486.53345523176 17836.71934664712 43139.07872180497 5176.307955560304 15897.02098297922
 3069.186883280454 -6932.815978323069 -6616.08464653239 6858.316249444368 3656.422301383605
 7471.312771099929 -15611.48898790026 -11225.30189505085 9320.498568632705 -10457.76824665207
 -36309.21723609596 2002.555464147497 1699.025771938489 23991.34212433913 -31065.09709027235
 3069.186883280454 -6932.815978323069 -6616.08464653239 6858.316249444368 3656.422301383605
 3069.186883280454 -6932.815978323069 -6616.08464653239 6858.316249444368 3656.422301383605
 3069.186883280454 -6932.815978323069 -6616.08464653239 6858.316249444368 3656.422301383605
 3069.186883280454 -6932.815978323069 -6616.08464653239 6858.316249444368 3656.422301383605
 3069.186883280454 -6932.815978323069 -6616.08464653239 6858.316249444368 3656.422301383605
 25253.39259304558 -31107.65955785175 -12858.09121179097 19149.08465303753 -18370.01762116227
 3069.186883280454 -6932.815978323069 -6616.08464653239 6858.316249444368 3656.422301383605
 4753.786649291819 -34371.78098223689 44343.36063445935 7055.478170186835 -14692.13772781827
 5931.718732843521 423.7082098188312 -4669.601181028388 2110.010910892439 -3967.061625382487
 11444.54460968003 -5844.886335711124 -10250.2893518105 14152.39654631642 -20446.83143912719
 4034.907769847807 -2552.32409743333 -4448.652095031181 -1753.16190164084 4663.165721937623
 -36043.83293519635 30515.40761442507 7436.852160791934 -23929.76013240517 -6028.735727041892
 3069.186883280454 -6932.815978323069 -6616.08464653239 6858.316249444368 3656.422301383605
 3069.186883280454 -6932.815978323069 -6616.08464653239 6858.316249444368 3656.422301383605
 -7884.974913659556 -18278.53125390791 -24747.91428893817 17262.60850500064 32492.89090558778
 12851.17775320089 -15241.86541710129 -7761.043101344039 -12505.21662509332 16074.10876107985
 5122.785658617671 9785.811430795089 14605.28748494774 -4986.251853788326 -325.5769923774542
 1266.482852129429 7096.289916453842 17459.9334382363 6003.252438255804 16636.89151607315
 12184.97890422231 -9030.85214894624 1037.083545557879 17725.72099834163 8495.432471088625
 3069.186883280454 -6932.815978323069 -6616.08464653239 6858.316249444368 3656.422301383605
 3069.186883280454 -6932.815978323069 -6616.08464653239 6858.316249444368 3656.422301383605
 3069.186883280454 -6932.815978323069 -6616.08464653239 6858.316249444368 3656.422301383605
 3069.186883280454 -6932.815978323069 -6616.08464653239 6858.316249444368 3656.422301383605
 -19707.11570903788 -39507.07430483947 -11433.22914634659 -18932.93418617283 18278.73028433155
 3069.186883280454 -6932.815978323069 -6616.08464653239 6858.316249444368 3656.422301383605
 17065.81693838555 -9120.67288512272 2935.073077952198 6150.710632526555 -15490.81094866955
 3069.186883280454 -6932.815978323069 -6616.08464653239 6858.316249444368 3656.422301383605
 5122.785658617671 9785.811430795089 14605.28748494774 -4986.251853788326 -325.5769923774542
 -6600.740526697478 -10472.70785400515 27442.19373439221 14126.922132509 29174.28845878544
 3747.235448509737 -8078.317132138539 -3522.306192054839 6993.369560702668 1344.75589178948
 7419.486828527723 9894.226992125368 6693.159557583305 2227.58932425212 -1540.28967660564
 3069.186883280454 -6932.815978323069 -6616.08464653239 6858.316249444368 3656.422301383605
 12609.72523265932 -3790.60623458775 -18375.71285894884 -25913.90987418346 -4661.199359187732
 25253.39259304558 -31107.65955785175 -12858.09121179097 19149.08465303753 -18370.01762116227
 3069.186883280454 -6932.815978323069 -6616.08464653239 6858.316249444368 3656.422301383605
 3069.186883280454 -6932.815978323069 -6616.08464653239 6858.316249444368 3656.422301383605
 3069.186883280454 -6932.815978323069 -6616.08464653239 6858.316249444368 3656.422301383605
 -7510.28386372298 -14647.17059133949 21050.40013469843 14805.738595278 -15486.01442127022
 -16246.69785500425 20804.16774104168 2069.893468456081 -76600.35694103845 -14424.4102555018
 3069.186883280454 -6932.815978323069 -6616.08464653239 6858.316249444368 3656.422301383605
 3069.186883280454 -6932.815978323069 -6616.08464653239 6858.316249444368 3656.422301383605
 3069.186883280454 -6932.815978323069 -6616.08464653239 6858.316249444368 3656.422301383605
 -7510.28386372298 -14647.17059133949 21050.40013469843 14805.738595278 -15486.01442127022
 5931.718732843521 423.7082098188312 -4669.601181028388 2110.010910892439 -3967.061625382487
 3069.186883280454 -6932.815978323069 -6616.08464653239 6858.316249444368 3656.422301383605
 3069.186883280454 -6932.815978323069 -6616.08464653239 6858.316249444368 3656.422301383605
 9646.376291732202 -6899.980167671858 4770.186244432087 -1556.543963565135 -5773.637855845114
 3069.186883280454 -6932.815978323069 -6616.08464653239 6858.316249444368 3656.422301383605
 3069.186883280454 -6932.815978323069 -6616.08464653239 6858.316249444368 3656.422301383605
 3069.186883280454 -6932.815978323069 -6616.08464653239 6858.316249444368 3656.422301383605
 3069.186883280454 -6932.815978323069 -6616.08464653239 6858.316249444368 3656.422301383605
 -2229.481073662626 -39983.17441784286 11550.47319175235 20245.46003758435 9863.418199444568
 3069.186883280454 -6932.815978323069 -6616.08464653239 6858.316249444368 3656.422301383605
 3069.186883280454 -6932.815978323069 -6616.08464653239 6858.316249444368 3656.422301383605
 3069.186883280454 -6932.815978323069 -6616.08464653239 6858.316249444368 3656.422301383605
 3747.235448509737 -8078.317132138539 -3522.306192054839 6993.369560702668 1344.75589178948
 3069.186883280454 -6932.815978323069 -6616.08464653239 6858.316249444368 3656.422301383605
 3069.186883280454 -6932.815978323069 -6616.08464653239 6858.316249444368 3656.422301383605
 -7033.559532619423 7101.431702852479 15501.432826467 19937.19340221357 -10609.78798445659
 3069.186883280454 -6932.815978323069 -6616.08464653239 6858.316249444368 3656.422301383605
 3069.186883280454 -6932.815978323069 -6616.08464653239 6858.316249444368 3656.422301383605
