# Created by Octave 4.2.1, Mon Oct 09 17:47:02 2017 BRT <root@mosqueiro>
# name: pop
# type: matrix
# rows: 1000
# columns: 5
 1894.637213712653 -7735.997039768279 -5816.445070082795 9337.00277582427 2319.591938391826
 1894.637099117529 -7735.998358732921 -5816.444134829037 9337.003186367527 2319.592026253327
 1894.637099117529 -7735.998358732921 -5816.444134829037 9337.003186367527 2319.592026253327
 1894.637099117529 -7735.998358732921 -5816.444134829037 9337.003186367527 2319.592026253327
 1894.637099117529 -7735.998358732921 -5816.444134829037 9337.003186367527 2319.592026253327
 1894.701950007694 -7735.921660408469 -5816.445747557023 9336.906285949835 2319.548987929283
 1894.701559433615 -7735.921233139703 -5816.445618339862 9336.905975985448 2319.549134406272
 1894.701559084321 -7735.921231133414 -5816.445618431672 9336.905974168729 2319.549134196724
 1894.637090422201 -7735.998354824944 -5816.44413357123 9337.003179634157 2319.59203397927
 1894.637205966481 -7735.997041009339 -5816.445068929302 9337.002777603209 2319.591936130038
 1894.637189559104 -7735.996182998269 -5816.445800590485 9337.00262175217 2319.591984772953
 1894.701559433615 -7735.921233139703 -5816.445618339862 9336.905975985448 2319.549134406272
 1894.701559433615 -7735.921233139703 -5816.445618339862 9336.905975985448 2319.549134406272
 1894.637099117529 -7735.998358732921 -5816.444134829037 9337.003186367527 2319.592026253327
 1894.701559433615 -7735.921233139703 -5816.445618339862 9336.905975985448 2319.549134406272
 1894.701559433615 -7735.921233139703 -5816.445618339862 9336.905975985448 2319.549134406272
 1894.637209393686 -7735.997035104787 -5816.445069550182 9337.002776356601 2319.591930857628
 1894.637099117529 -7735.998358732921 -5816.444134829037 9337.003186367527 2319.592026253327
 1894.666113471576 -7736.044870234703 -5816.586181518089 9337.122750785928 2319.634439427872
 1894.636529892691 -7735.996307585145 -5816.445759048012 9337.002468382067 2319.592883188961
 1894.640031947559 -7735.961678307362 -5816.440420531304 9336.957942279671 2319.595092635809
 1894.640031947559 -7735.961678307362 -5816.440420531304 9336.957942279671 2319.595092635809
 1894.701559433615 -7735.921233139703 -5816.445618339862 9336.905975985448 2319.549134406272
 1894.637205966481 -7735.997041009339 -5816.445068929302 9337.002777603209 2319.591936130038
 1894.637099117529 -7735.998358732921 -5816.444134829037 9337.003186367527 2319.592026253327
 1894.701559433615 -7735.921233139703 -5816.445618339862 9336.905975985448 2319.549134406272
 1894.637095688063 -7735.998354604624 -5816.444142761983 9337.00317958141 2319.592035070899
 1894.637057299242 -7735.996477125716 -5816.44552091516 9337.002664074689 2319.59209469367
 1894.637099117529 -7735.998358732921 -5816.444134829037 9337.003186367527 2319.592026253327
 1894.644554815313 -7735.961427505657 -5816.468630356326 9336.985662224166 2319.589793363892
 1894.701712078896 -7735.921550306118 -5816.445671341712 9336.906156411666 2319.549068422417
 1894.637099117529 -7735.998358732921 -5816.444134829037 9337.003186367527 2319.592026253327
 1894.63720922279 -7735.997050470964 -5816.445044548184 9337.002765696487 2319.591936923164
 1894.701558466377 -7735.921233500896 -5816.445618002262 9336.905975211843 2319.549135340146
 1894.701559433615 -7735.921233139703 -5816.445618339862 9336.905975985448 2319.549134406272
 1894.637205966481 -7735.997041009339 -5816.445068929302 9337.002777603209 2319.591936130038
 1894.637099117529 -7735.998358732921 -5816.444134829037 9337.003186367527 2319.592026253327
 1894.637099366387 -7735.998357588486 -5816.444135609667 9337.003188602414 2319.59202801186
 1894.701950007694 -7735.921660408469 -5816.445747557023 9336.906285949835 2319.548987929283
 1894.637099117529 -7735.998358732921 -5816.444134829037 9337.003186367527 2319.592026253327
 1894.701559433615 -7735.921233139703 -5816.445618339862 9336.905975985448 2319.549134406272
 1894.637213712653 -7735.997039768279 -5816.445070082795 9337.00277582427 2319.591938391826
 1894.637099117529 -7735.998358732921 -5816.444134829037 9337.003186367527 2319.592026253327
 1894.637099117529 -7735.998358732921 -5816.444134829037 9337.003186367527 2319.592026253327
 1894.637206014617 -7735.997042215714 -5816.445068251508 9337.002777483973 2319.591934270428
 1894.637095688063 -7735.998354604624 -5816.444142761983 9337.00317958141 2319.592035070899
 1894.554696518181 -7736.34725221286 -5816.061583315615 9337.249963065826 2319.39398645956
 1894.701559433615 -7735.921233139703 -5816.445618339862 9336.905975985448 2319.549134406272
 1894.701559433615 -7735.921233139703 -5816.445618339862 9336.905975985448 2319.549134406272
 1894.637099117529 -7735.998358732921 -5816.444134829037 9337.003186367527 2319.592026253327
 1894.637204889861 -7735.997042427088 -5816.445067948396 9337.002778006716 2319.591936489748
 1894.637099117529 -7735.998358732921 -5816.444134829037 9337.003186367527 2319.592026253327
 1894.637106884257 -7735.998356128949 -5816.444148123172 9337.003181690941 2319.592031134078
 1894.701559433615 -7735.921233139703 -5816.445618339862 9336.905975985448 2319.549134406272
 1894.701559433615 -7735.921233139703 -5816.445618339862 9336.905975985448 2319.549134406272
 1894.637204845788 -7735.997034422931 -5816.445050211854 9337.002768741368 2319.591952071398
 1894.637102477396 -7735.998353168083 -5816.444140235933 9337.00318028396 2319.592039364078
 1894.701557480741 -7735.921235534283 -5816.445618341074 9336.905978018071 2319.549135367159
 1894.701559433615 -7735.921233139703 -5816.445618339862 9336.905975985448 2319.549134406272
 1894.701559433615 -7735.921233139703 -5816.445618339862 9336.905975985448 2319.549134406272
 1894.55470089282 -7736.347283058959 -5816.061524736294 9337.249916589955 2319.394006147054
 1894.64420280176 -7735.96134980578 -5816.468768301494 9336.985707275066 2319.590039557479
 1894.554706067838 -7736.347241221598 -5816.061600653436 9337.249934697855 2319.394042512443
 1894.701559689898 -7735.921235357135 -5816.445619221357 9336.905975953785 2319.549133631911
 1894.637198271531 -7735.996986524415 -5816.445083976809 9337.00275626682 2319.591930787703
 1894.637057058591 -7735.996478305585 -5816.44552248503 9337.002665019309 2319.592096003833
 1894.665526249938 -7736.044214032113 -5816.586334097899 9337.122839307791 2319.634439968139
 1894.637099117529 -7735.998358732921 -5816.444134829037 9337.003186367527 2319.592026253327
 1894.701559433615 -7735.921233139703 -5816.445618339862 9336.905975985448 2319.549134406272
 1894.637188752589 -7735.996182386899 -5816.445798752558 9337.002621329753 2319.591983318258
 1894.701559433615 -7735.921233139703 -5816.445618339862 9336.905975985448 2319.549134406272
 1894.637201414172 -7735.9970137924 -5816.445081662269 9337.002756087639 2319.591947851325
 1894.637096239959 -7735.998356699496 -5816.444141825616 9337.003181263426 2319.592031645156
 1894.701559433615 -7735.921233139703 -5816.445618339862 9336.905975985448 2319.549134406272
 1894.55470089282 -7736.347283058959 -5816.061524736294 9337.249916589955 2319.394006147054
 1894.701559845509 -7735.921228545033 -5816.445620703231 9336.905973076924 2319.549130692912
 1894.637205966481 -7735.997041009339 -5816.445068929302 9337.002777603209 2319.591936130038
 1894.637099117529 -7735.998358732921 -5816.444134829037 9337.003186367527 2319.592026253327
 1894.637205966481 -7735.997041009339 -5816.445068929302 9337.002777603209 2319.591936130038
 1894.637205966481 -7735.997041009339 -5816.445068929302 9337.002777603209 2319.591936130038
 1894.637205966481 -7735.997041009339 -5816.445068929302 9337.002777603209 2319.591936130038
 1894.637075554725 -7735.996184764003 -5816.445531371728 9337.002459697864 2319.592194358258
 1894.637189559104 -7735.996182998269 -5816.445800590485 9337.00262175217 2319.591984772953
 1894.554652319369 -7736.347283475232 -5816.061605014126 9337.249964067678 2319.394037364701
