# Created by Octave 4.2.1, Mon Oct 09 17:55:53 2017 BRT <root@mosqueiro>
# name: pop
# type: matrix
# rows: 1000
# columns: 5
 -16514.35909952704 36080.79851957718 891.9352554084327 -12190.15665836497 -8264.094263989922
 -16514.35909952704 36080.79851957718 891.9352554084327 -12190.15665836497 -8264.094263989922
 -16514.35909952704 36080.79851957718 891.9352554084327 -12190.15665836497 -8264.094263989922
 -16514.35909952704 36080.79851957718 891.9352554084327 -12190.15665836497 -8264.094263989922
 -16514.35909952704 36080.79851957718 891.9352554084327 -12190.15665836497 -8264.094263989922
 -16539.1205478271 35855.54960792076 1129.530066782612 -11926.45330430938 -8515.340581257255
 -16539.1205478271 35855.54960792076 1129.530066782612 -11926.45330430938 -8515.340581257255
 -16539.1205478271 35855.54960792076 1129.530066782612 -11926.45330430938 -8515.340581257255
 -16514.35909952704 36080.79851957718 891.9352554084327 -12190.15665836497 -8264.094263989922
 -16514.35909952704 36080.79851957718 891.9352554084327 -12190.15665836497 -8264.094263989922
 -16539.1205478271 35855.54960792076 1129.530066782612 -11926.45330430938 -8515.340581257255
 -16514.35909952704 36080.79851957718 891.9352554084327 -12190.15665836497 -8264.094263989922
 -16539.1205478271 35855.54960792076 1129.530066782612 -11926.45330430938 -8515.340581257255
 -16539.1205478271 35855.54960792076 1129.530066782612 -11926.45330430938 -8515.340581257255
 -16539.1205478271 35855.54960792076 1129.530066782612 -11926.45330430938 -8515.340581257255
 -16539.1205478271 35855.54960792076 1129.530066782612 -11926.45330430938 -8515.340581257255
 -16317.07256405324 35633.70024043837 1094.350035775132 -11742.84926651235 -8044.60977737021
 -16514.35909952704 36080.79851957718 891.9352554084327 -12190.15665836497 -8264.094263989922
 -16539.1205478271 35855.54960792076 1129.530066782612 -11926.45330430938 -8515.340581257255
 -16539.1205478271 35855.54960792076 1129.530066782612 -11926.45330430938 -8515.340581257255
 -16553.35084464847 35464.60511128384 681.9445357286022 -12524.47861985939 -8868.799929905825
 -16513.76326685291 35849.01492577152 988.7679594957092 -11726.2547261719 -8646.686540658373
 -16539.1205478271 35855.54960792076 1129.530066782612 -11926.45330430938 -8515.340581257255
 -16713.17920273235 36237.67526550886 823.9143200214804 -11303.98411422206 -8935.348382958597
 -16539.1205478271 35855.54960792076 1129.530066782612 -11926.45330430938 -8515.340581257255
 -16539.1205478271 35855.54960792076 1129.530066782612 -11926.45330430938 -8515.340581257255
 -16539.1205478271 35855.54960792076 1129.530066782612 -11926.45330430938 -8515.340581257255
 -16539.1205478271 35855.54960792076 1129.530066782612 -11926.45330430938 -8515.340581257255
 -16884.76106810493 36096.47060058539 1313.554741834276 -12606.38613710474 -8191.973156269573
 -16539.1205478271 35855.54960792076 1129.530066782612 -11926.45330430938 -8515.340581257255
 -16312.67400206745 35535.38630229931 868.4489938708844 -12122.28841064138 -8542.564607589089
 -16539.1205478271 35855.54960792076 1129.530066782612 -11926.45330430938 -8515.340581257255
 -16514.35909952704 36080.79851957718 891.9352554084327 -12190.15665836497 -8264.094263989922
 -16514.35909952704 36080.79851957718 891.9352554084327 -12190.15665836497 -8264.094263989922
 -16539.1205478271 35855.54960792076 1129.530066782612 -11926.45330430938 -8515.340581257255
 -16638.97034190283 35551.15420516376 1373.117479421012 -11772.86032835484 -8286.094443330563
 -16935.16800247492 35552.73462173659 946.417622626743 -11362.00778199253 -8301.274858430053
 -16539.1205478271 35855.54960792076 1129.530066782612 -11926.45330430938 -8515.340581257255
 -6656.268131236139 6353.222260248825 3061.895208913224 6774.301502112063 -9499.130554024872
 -16514.35909952704 36080.79851957718 891.9352554084327 -12190.15665836497 -8264.094263989922
 -16514.35909952704 36080.79851957718 891.9352554084327 -12190.15665836497 -8264.094263989922
 -16539.1205478271 35855.54960792076 1129.530066782612 -11926.45330430938 -8515.340581257255
 -16539.1205478271 35855.54960792076 1129.530066782612 -11926.45330430938 -8515.340581257255
 -16539.1205478271 35855.54960792076 1129.530066782612 -11926.45330430938 -8515.340581257255
 -16514.35909952704 36080.79851957718 891.9352554084327 -12190.15665836497 -8264.094263989922
 -16514.35909952704 36080.79851957718 891.9352554084327 -12190.15665836497 -8264.094263989922
 -16539.1205478271 35855.54960792076 1129.530066782612 -11926.45330430938 -8515.340581257255
 -16514.35909952704 36080.79851957718 891.9352554084327 -12190.15665836497 -8264.094263989922
 -16514.35909952704 36080.79851957718 891.9352554084327 -12190.15665836497 -8264.094263989922
 -16514.35909952704 36080.79851957718 891.9352554084327 -12190.15665836497 -8264.094263989922
 -16539.1205478271 35855.54960792076 1129.530066782612 -11926.45330430938 -8515.340581257255
 -16539.1205478271 35855.54960792076 1129.530066782612 -11926.45330430938 -8515.340581257255
 -16655.81662822632 36071.0055985189 690.5190120496025 -12348.26454699587 -8328.826104046761
 -16514.35909952704 36080.79851957718 891.9352554084327 -12190.15665836497 -8264.094263989922
 -15904.23045539965 35955.84087908518 1704.043626750359 -10921.44601854484 -9281.286593260587
 -16514.35909952704 36080.79851957718 891.9352554084327 -12190.15665836497 -8264.094263989922
 -16514.35909952704 36080.79851957718 891.9352554084327 -12190.15665836497 -8264.094263989922
 -16539.1205478271 35855.54960792076 1129.530066782612 -11926.45330430938 -8515.340581257255
 -16539.1205478271 35855.54960792076 1129.530066782612 -11926.45330430938 -8515.340581257255
 -16514.35909952704 36080.79851957718 891.9352554084327 -12190.15665836497 -8264.094263989922
 -16769.97308911906 35571.47488786399 1372.608899843142 -11877.40337896995 -8400.953275707425
 -16539.1205478271 35855.54960792076 1129.530066782612 -11926.45330430938 -8515.340581257255
 -16823.36735621888 35807.6746457685 1219.243240420095 -11468.09343179522 -8457.05040839924
 -16514.35909952704 36080.79851957718 891.9352554084327 -12190.15665836497 -8264.094263989922
 -16539.1205478271 35855.54960792076 1129.530066782612 -11926.45330430938 -8515.340581257255
 -16540.21642741121 34989.3566483158 1159.12231604811 -11384.82158325559 -7759.860900957422
 -16539.1205478271 35855.54960792076 1129.530066782612 -11926.45330430938 -8515.340581257255
 -16755.86261908025 35521.59943269132 962.7032121621694 -11976.30315563149 -8530.414098063147
 -16414.9531095188 35557.77069809616 841.7858530910684 -11703.52424960501 -8484.115091506043
 -6656.268131236139 6353.222260248825 3061.895208913224 6774.301502112063 -9499.130554024872
 -16392.30861334789 35657.69108646306 904.839226206623 -11917.15923820624 -8714.26227856645
 -16539.1205478271 35855.54960792076 1129.530066782612 -11926.45330430938 -8515.340581257255
 -16539.1205478271 35855.54960792076 1129.530066782612 -11926.45330430938 -8515.340581257255
 -16539.1205478271 35855.54960792076 1129.530066782612 -11926.45330430938 -8515.340581257255
 -16514.35909952704 36080.79851957718 891.9352554084327 -12190.15665836497 -8264.094263989922
 -8194.225734172296 10970.27187738787 13016.31372281388 23235.90335802209 -37170.08420437802
 -16539.1205478271 35855.54960792076 1129.530066782612 -11926.45330430938 -8515.340581257255
 -16232.13923716747 35816.45027389532 1377.7055186915 -12626.73609875462 -8682.351387475141
 -16555.5699633283 36052.32213399505 808.8285895762062 -12344.67793187648 -8294.464414396478
 -16539.1205478271 35855.54960792076 1129.530066782612 -11926.45330430938 -8515.340581257255
 -16539.1205478271 35855.54960792076 1129.530066782612 -11926.45330430938 -8515.340581257255
 -16539.1205478271 35855.54960792076 1129.530066782612 -11926.45330430938 -8515.340581257255
 -16539.1205478271 35855.54960792076 1129.530066782612 -11926.45330430938 -8515.340581257255
 -16539.1205478271 35855.54960792076 1129.530066782612 -11926.45330430938 -8515.340581257255
