# Created by Octave 4.2.1, Mon Oct 09 18:18:15 2017 BRT <root@mosqueiro>
# name: pop
# type: matrix
# rows: 1000
# columns: 5
 34429.25824282038 7649.169993592058 -26569.8098047627 1104.666641584627 -16614.28506531879
 34429.55876394104 7649.066365768381 -26569.92385545887 1104.804485629504 -16614.5057035658
 34429.55876394104 7649.066365768381 -26569.92385545887 1104.804485629504 -16614.5057035658
 34429.55876394104 7649.066365768381 -26569.92385545887 1104.804485629504 -16614.5057035658
 34429.55876394104 7649.066365768381 -26569.92385545887 1104.804485629504 -16614.5057035658
 34429.35051483208 7649.473621506788 -26569.68231451993 1105.280346265135 -16615.42459347612
 34429.55876394104 7649.066365768381 -26569.92385545887 1104.804485629504 -16614.5057035658
 34429.35151827421 7649.471331980886 -26569.68381390464 1105.279099322235 -16615.42419491514
 34429.35151827421 7649.471331980886 -26569.68381390464 1105.279099322235 -16615.42419491514
 34429.55876394104 7649.066365768381 -26569.92385545887 1104.804485629504 -16614.5057035658
 34429.55876394104 7649.066365768381 -26569.92385545887 1104.804485629504 -16614.5057035658
 34429.25869099181 7649.169872354623 -26569.80980633259 1104.666973110555 -16614.28548156057
 34429.55396549575 7649.057337862101 -26569.91530225971 1104.803204917108 -16614.50671982187
 34429.25869099181 7649.169872354623 -26569.80980633259 1104.666973110555 -16614.28548156057
 34441.55563819229 7648.743948903729 -26570.67408937174 1105.93592302752 -16626.57192839406
 34429.37051505095 7649.459191424326 -26569.67208723371 1105.261850866463 -16615.41446913894
 34429.25869099181 7649.169872354623 -26569.80980633259 1104.666973110555 -16614.28548156057
 34429.25727834996 7649.170454228513 -26569.81071930177 1104.668055386774 -16614.28385217862
 34429.25871549441 7649.169463730385 -26569.80968618194 1104.666755696959 -16614.28512605211
 34429.38578766403 7649.431760944196 -26569.57828584449 1105.256884182738 -16615.49514012392
 34429.25869099181 7649.169872354623 -26569.80980633259 1104.666973110555 -16614.28548156057
 34429.35770689175 7649.122346742107 -26569.81279893982 1104.649850554615 -16614.32420892125
 34429.55418703635 7649.058242564626 -26569.9145146769 1104.803474463746 -16614.50693059617
 34429.25869099181 7649.169872354623 -26569.80980633259 1104.666973110555 -16614.28548156057
 34441.5580087717 7648.723770766015 -26570.66471606222 1105.936986644618 -16626.57357885468
 34429.24874596578 7649.165627863961 -26569.81666216087 1104.669736872402 -16614.27726757633
 34429.25869099181 7649.169872354623 -26569.80980633259 1104.666973110555 -16614.28548156057
 34429.55229654533 7649.063487928122 -26569.92129056746 1104.80430501446 -16614.51002364438
 34429.55820958963 7649.067751775667 -26569.92310360641 1104.805825259542 -16614.50610523784
 34429.55876394104 7649.066365768381 -26569.92385545887 1104.804485629504 -16614.5057035658
 34429.35770689175 7649.122346742107 -26569.81279893982 1104.649850554615 -16614.32420892125
 34429.55876394104 7649.066365768381 -26569.92385545887 1104.804485629504 -16614.5057035658
 34429.55876394104 7649.066365768381 -26569.92385545887 1104.804485629504 -16614.5057035658
 34429.55876394104 7649.066365768381 -26569.92385545887 1104.804485629504 -16614.5057035658
 34429.35362271222 7649.139345939187 -26569.81853883736 1104.659874326423 -16614.33421781296
 34429.55320608748 7649.05789929067 -26569.91525326313 1104.802175887377 -16614.50745082379
 34429.55876394104 7649.066365768381 -26569.92385545887 1104.804485629504 -16614.5057035658
 34429.3867807948 7649.432386815218 -26569.57881400621 1105.257525484973 -16615.49467737592
 34429.5579274226 7649.066326988076 -26569.92384180355 1104.804159609096 -16614.50526803682
 34429.55876394104 7649.066365768381 -26569.92385545887 1104.804485629504 -16614.5057035658
 34429.35317153382 7649.469553160412 -26569.68366390384 1105.279269037674 -16615.42489858092
 34429.257778946 7649.170319209067 -26569.80880965954 1104.667014164069 -16614.28734583071
 34429.25869099181 7649.169872354623 -26569.80980633259 1104.666973110555 -16614.28548156057
 34429.35384401528 7649.467517872198 -26569.7137591494 1105.292629465928 -16615.4094973463
 34429.35758977017 7649.121076493865 -26569.8130554135 1104.649819710414 -16614.32410431116
 34429.2490949936 7649.175482209249 -26569.81263472101 1104.66679375636 -16614.28436731894
 34429.25869099181 7649.169872354623 -26569.80980633259 1104.666973110555 -16614.28548156057
 34429.25869099181 7649.169872354623 -26569.80980633259 1104.666973110555 -16614.28548156057
 34429.55116404455 7649.056323036893 -26569.91370352113 1104.802205408888 -16614.50694622148
 34429.35362271222 7649.139345939187 -26569.81853883736 1104.659874326423 -16614.33421781296
 34441.55563819229 7648.743948903729 -26570.67408937174 1105.93592302752 -16626.57192839406
 34429.3522417479 7649.472822666814 -26569.68339865035 1105.279786334913 -16615.42091130873
 34429.25869099181 7649.169872354623 -26569.80980633259 1104.666973110555 -16614.28548156057
 34429.35770689175 7649.122346742107 -26569.81279893982 1104.649850554615 -16614.32420892125
 34429.25871549441 7649.169463730385 -26569.80968618194 1104.666755696959 -16614.28512605211
 34429.25869099181 7649.169872354623 -26569.80980633259 1104.666973110555 -16614.28548156057
 34429.55876394104 7649.066365768381 -26569.92385545887 1104.804485629504 -16614.5057035658
 34429.55876394104 7649.066365768381 -26569.92385545887 1104.804485629504 -16614.5057035658
 34429.25945242051 7649.169473219338 -26569.80967018169 1104.666600857672 -16614.28556293057
 34429.55094697083 7649.053186772042 -26569.91389431656 1104.796011964703 -16614.50659699988
 34429.35151827421 7649.471331980886 -26569.68381390464 1105.279099322235 -16615.42419491514
 34429.56784696365 7649.06191631853 -26569.91138413962 1104.800478755152 -16614.50716664246
 34429.55605379867 7649.068820246341 -26569.92103924909 1104.804563592879 -16614.50728509288
 34429.55320608748 7649.05789929067 -26569.91525326313 1104.802175887377 -16614.50745082379
 34429.55876394104 7649.066365768381 -26569.92385545887 1104.804485629504 -16614.5057035658
 34429.35727580262 7649.122356274476 -26569.81211290935 1104.649309499755 -16614.32526493057
 34429.35105982533 7649.470844334729 -26569.68453714563 1105.280499512882 -16615.42471438076
 34429.25862202708 7649.17007392832 -26569.81025255153 1104.666869021886 -16614.28519126518
 34441.55302733812 7648.741622523983 -26570.67022041345 1105.936500391913 -16626.57311465304
 34429.25869099181 7649.169872354623 -26569.80980633259 1104.666973110555 -16614.28548156057
 34429.25869099181 7649.169872354623 -26569.80980633259 1104.666973110555 -16614.28548156057
 34429.25869099181 7649.169872354623 -26569.80980633259 1104.666973110555 -16614.28548156057
 34429.55892754494 7649.065959693123 -26569.92361057434 1104.804201822008 -16614.50554346797
 34429.55876394104 7649.066365768381 -26569.92385545887 1104.804485629504 -16614.5057035658
 34429.35317153382 7649.469553160412 -26569.68366390384 1105.279269037674 -16615.42489858092
 34429.35362271222 7649.139345939187 -26569.81853883736 1104.659874326423 -16614.33421781296
 34429.55352864187 7649.060283205446 -26569.91548311423 1104.801059047064 -16614.51139844654
 34429.55320608748 7649.05789929067 -26569.91525326313 1104.802175887377 -16614.50745082379
 34429.25869099181 7649.169872354623 -26569.80980633259 1104.666973110555 -16614.28548156057
 34429.35770689175 7649.122346742107 -26569.81279893982 1104.649850554615 -16614.32420892125
 34429.30464541359 7649.507505347812 -26569.67554788302 1105.350008019902 -16615.40131454221
 34429.55891496137 7649.065766261202 -26569.92366748138 1104.804512786494 -16614.50572977757
 34429.55876394104 7649.066365768381 -26569.92385545887 1104.804485629504 -16614.5057035658
 34429.55876394104 7649.066365768381 -26569.92385545887 1104.804485629504 -16614.5057035658
 34429.55876394104 7649.066365768381 -26569.92385545887 1104.804485629504 -16614.5057035658
