# Created by Octave 4.2.1, Mon Oct 09 18:43:55 2017 BRT <root@mosqueiro>
# name: pop
# type: matrix
# rows: 1000
# columns: 5
 10020.69659662015 -3534.953701622277 -1181.064380536687 -6337.435742375596 1037.612916455149
 9961.131794187753 -8834.067990874079 -107.0001498149882 -4776.698448383434 3763.632994559833
 9496.920714901898 -4229.597863880119 -1272.252990961073 -6028.321746125229 2045.091040147088
 9496.920714901898 -4229.597863880119 -1272.252990961073 -6028.321746125229 2045.091040147088
 9496.920714901898 -4229.597863880119 -1272.252990961073 -6028.321746125229 2045.091040147088
 9496.920714901898 -4229.597863880119 -1272.252990961073 -6028.321746125229 2045.091040147088
 9038.161742797551 -7898.573771228968 1150.865555485592 -5448.37831385851 3174.518999990009
 9496.920714901898 -4229.597863880119 -1272.252990961073 -6028.321746125229 2045.091040147088
 9038.161742797551 -7898.573771228968 1150.865555485592 -5448.37831385851 3174.518999990009
 1515.465643045179 -9584.508668057026 -4328.378580974624 5201.60151328836 20486.19964286923
 9734.562672876966 -10072.02300810422 2231.962619402896 -5888.29425730369 1792.290732825007
 9496.920714901898 -4229.597863880119 -1272.252990961073 -6028.321746125229 2045.091040147088
 9496.920714901898 -4229.597863880119 -1272.252990961073 -6028.321746125229 2045.091040147088
 9496.920714901898 -4229.597863880119 -1272.252990961073 -6028.321746125229 2045.091040147088
 9496.920714901898 -4229.597863880119 -1272.252990961073 -6028.321746125229 2045.091040147088
 9038.161742797551 -7898.573771228968 1150.865555485592 -5448.37831385851 3174.518999990009
 9496.920714901898 -4229.597863880119 -1272.252990961073 -6028.321746125229 2045.091040147088
 9496.920714901898 -4229.597863880119 -1272.252990961073 -6028.321746125229 2045.091040147088
 9496.920714901898 -4229.597863880119 -1272.252990961073 -6028.321746125229 2045.091040147088
 9038.161742797551 -7898.573771228968 1150.865555485592 -5448.37831385851 3174.518999990009
 8941.619539569559 -11591.06580368253 -4033.15352378127 -5636.948735718623 3641.546374385374
 9496.920714901898 -4229.597863880119 -1272.252990961073 -6028.321746125229 2045.091040147088
 9024.020993464183 -2195.989681829932 488.9245548446527 -6750.975084447075 1945.385330459917
 9496.920714901898 -4229.597863880119 -1272.252990961073 -6028.321746125229 2045.091040147088
 9496.920714901898 -4229.597863880119 -1272.252990961073 -6028.321746125229 2045.091040147088
 8097.878142218951 -9027.84030009472 2172.506019507393 -5437.088270965015 4130.479039095246
 9791.375893264914 -10789.84730616129 1727.907380572946 -5300.799726478388 1180.314586820328
 9038.161742797551 -7898.573771228968 1150.865555485592 -5448.37831385851 3174.518999990009
 7688.151733820223 -7106.116105968723 235.6685941603631 -4435.70203167034 6414.103677573096
 9038.161742797551 -7898.573771228968 1150.865555485592 -5448.37831385851 3174.518999990009
 9496.920714901898 -4229.597863880119 -1272.252990961073 -6028.321746125229 2045.091040147088
 9496.920714901898 -4229.597863880119 -1272.252990961073 -6028.321746125229 2045.091040147088
 11180.79141826762 -2976.333037428121 1893.15577054218 -3580.651569178584 1038.088068695479
 9496.920714901898 -4229.597863880119 -1272.252990961073 -6028.321746125229 2045.091040147088
 9496.920714901898 -4229.597863880119 -1272.252990961073 -6028.321746125229 2045.091040147088
 9038.161742797551 -7898.573771228968 1150.865555485592 -5448.37831385851 3174.518999990009
 9496.920714901898 -4229.597863880119 -1272.252990961073 -6028.321746125229 2045.091040147088
 9038.161742797551 -7898.573771228968 1150.865555485592 -5448.37831385851 3174.518999990009
 9496.920714901898 -4229.597863880119 -1272.252990961073 -6028.321746125229 2045.091040147088
 8509.57793977726 -8340.262607084245 156.8591704079362 -8238.901403453663 937.5695518756825
 11510.11178718923 705.7983495035896 2635.824810516816 -9145.651432586132 -1530.519436384108
 9496.920714901898 -4229.597863880119 -1272.252990961073 -6028.321746125229 2045.091040147088
 9496.920714901898 -4229.597863880119 -1272.252990961073 -6028.321746125229 2045.091040147088
 9496.920714901898 -4229.597863880119 -1272.252990961073 -6028.321746125229 2045.091040147088
 9038.161742797551 -7898.573771228968 1150.865555485592 -5448.37831385851 3174.518999990009
 9038.161742797551 -7898.573771228968 1150.865555485592 -5448.37831385851 3174.518999990009
 9038.161742797551 -7898.573771228968 1150.865555485592 -5448.37831385851 3174.518999990009
 9052.839502891771 -6850.964014686599 -1163.160752100658 -4620.656819563696 3125.144033769892
 9496.920714901898 -4229.597863880119 -1272.252990961073 -6028.321746125229 2045.091040147088
 9496.920714901898 -4229.597863880119 -1272.252990961073 -6028.321746125229 2045.091040147088
 9496.920714901898 -4229.597863880119 -1272.252990961073 -6028.321746125229 2045.091040147088
 10222.21051077648 -4396.681534982294 226.2065032074315 -5660.784792938523 3480.436125193836
 8894.668022798991 -5312.366636742018 -1321.687095726819 -6063.358190748759 391.7214810924515
 9721.431733152824 -9084.092796339664 3882.753635445843 -2884.890113156431 3822.123452651002
 8955.638140245172 -9966.006836446757 1945.912849034307 -4954.830444026432 824.3149404609412
 9496.920714901898 -4229.597863880119 -1272.252990961073 -6028.321746125229 2045.091040147088
 9496.920714901898 -4229.597863880119 -1272.252990961073 -6028.321746125229 2045.091040147088
 7361.70402377037 -13237.35035570025 -168.2322375721252 -9740.582049054225 2565.161469592741
 8930.38074887658 -6841.664603877476 -798.3046692074054 -6204.0500451998 4697.012880821207
 4136.806191442157 -8396.654212834637 -446.0687700254525 -7688.919385908784 -151.3804711422563
 9038.161742797551 -7898.573771228968 1150.865555485592 -5448.37831385851 3174.518999990009
 9496.920714901898 -4229.597863880119 -1272.252990961073 -6028.321746125229 2045.091040147088
 9496.920714901898 -4229.597863880119 -1272.252990961073 -6028.321746125229 2045.091040147088
 9038.161742797551 -7898.573771228968 1150.865555485592 -5448.37831385851 3174.518999990009
 7356.526903304814 -7118.914465454921 4054.378836109574 -6196.959366847134 1398.034237500357
 9038.161742797551 -7898.573771228968 1150.865555485592 -5448.37831385851 3174.518999990009
 9496.920714901898 -4229.597863880119 -1272.252990961073 -6028.321746125229 2045.091040147088
 9038.161742797551 -7898.573771228968 1150.865555485592 -5448.37831385851 3174.518999990009
 9038.161742797551 -7898.573771228968 1150.865555485592 -5448.37831385851 3174.518999990009
 8127.174844031057 -7965.023209664635 2763.649807455498 -6483.145288620086 2101.614077798733
 9038.161742797551 -7898.573771228968 1150.865555485592 -5448.37831385851 3174.518999990009
 9038.161742797551 -7898.573771228968 1150.865555485592 -5448.37831385851 3174.518999990009
 9311.647032871566 -8860.071975909463 -35.87375973042163 -6648.030932177884 3786.215542970113
 9038.161742797551 -7898.573771228968 1150.865555485592 -5448.37831385851 3174.518999990009
 9496.920714901898 -4229.597863880119 -1272.252990961073 -6028.321746125229 2045.091040147088
 11094.67710762598 -4160.371876592126 -1138.685899509244 -5642.714707797131 1736.099401512298
 9496.920714901898 -4229.597863880119 -1272.252990961073 -6028.321746125229 2045.091040147088
 11632.33400983645 -6045.454512692015 1454.942409256138 -5535.513680955746 4075.301396028568
 5714.781972975422 -6239.0089922769 -829.8089711781445 -6264.947013473118 819.3928833122327
 9496.920714901898 -4229.597863880119 -1272.252990961073 -6028.321746125229 2045.091040147088
 7044.320092261129 -11802.46705508678 4740.046097339749 -5739.695112022868 6749.758230652054
 9004.608248806499 -8335.784519826269 1612.5278698868 -3326.85189649943 4034.454922242824
 8357.720405792941 -6809.141025857903 -2135.753401911963 -4380.269274926044 3766.670218198846
 10020.69659662015 -3534.953701622277 -1181.064380536687 -6337.435742375596 1037.612916455149
