# Created by Octave 4.2.1, Mon Oct 09 17:34:17 2017 BRT <root@mosqueiro>
# name: pop
# type: matrix
# rows: 1000
# columns: 5
 3069.186883280454 -6932.815978323069 -6616.08464653239 6858.316249444368 3656.422301383605
 3069.186883280454 -6932.815978323069 -6616.08464653239 6858.316249444368 3656.422301383605
 3069.186883280454 -6932.815978323069 -6616.08464653239 6858.316249444368 3656.422301383605
 3069.186883280454 -6932.815978323069 -6616.08464653239 6858.316249444368 3656.422301383605
 3069.186883280454 -6932.815978323069 -6616.08464653239 6858.316249444368 3656.422301383605
 3069.186883280454 -6932.815978323069 -6616.08464653239 6858.316249444368 3656.422301383605
 3069.186883280454 -6932.815978323069 -6616.08464653239 6858.316249444368 3656.422301383605
 3069.186883280454 -6932.815978323069 -6616.08464653239 6858.316249444368 3656.422301383605
 3069.186883280454 -6932.815978323069 -6616.08464653239 6858.316249444368 3656.422301383605
 4034.907769847807 -2552.32409743333 -4448.652095031181 -1753.16190164084 4663.165721937623
 -4732.616847475601 -13471.04909990728 2134.746504761631 23934.56114869857 -31670.05330576181
 3069.186883280454 -6932.815978323069 -6616.08464653239 6858.316249444368 3656.422301383605
 3069.186883280454 -6932.815978323069 -6616.08464653239 6858.316249444368 3656.422301383605
 -2971.723798790315 -4816.144515811079 7727.078368617629 9859.721080296687 -9951.905914095796
 3069.186883280454 -6932.815978323069 -6616.08464653239 6858.316249444368 3656.422301383605
 60462.84187795654 -1438.327734417991 -3400.55458039423 13269.9963384864 -2022.222963845336
 5441.043984813921 19887.81087631655 -1706.140737695751 19331.51075087095 11134.67455528069
 24222.87020918952 -988.1306190225323 11779.53641879326 18473.66677925102 -13902.03877863986
 3069.186883280454 -6932.815978323069 -6616.08464653239 6858.316249444368 3656.422301383605
 6798.147032661003 -7709.733922946774 1445.639724610268 863.858522722061 -1314.842498514192
 3069.186883280454 -6932.815978323069 -6616.08464653239 6858.316249444368 3656.422301383605
 3069.186883280454 -6932.815978323069 -6616.08464653239 6858.316249444368 3656.422301383605
 4753.786649291819 -34371.78098223689 44343.36063445935 7055.478170186835 -14692.13772781827
 -4439.872969344055 -20559.40529953707 -4763.558456275875 18823.36155106516 -11673.4111809426
 3069.186883280454 -6932.815978323069 -6616.08464653239 6858.316249444368 3656.422301383605
 3069.186883280454 -6932.815978323069 -6616.08464653239 6858.316249444368 3656.422301383605
 9519.028180760919 -10692.89172547248 -21626.58264901632 -32854.77995058923 -3726.191506593168
 -3032.404820760045 1775.669190720942 -975.5556458536494 22028.00835017715 -6451.880056010366
 3069.186883280454 -6932.815978323069 -6616.08464653239 6858.316249444368 3656.422301383605
 -9572.83542159743 -17818.23533789187 -15410.61703914051 15828.60736465136 5384.670436852345
 3069.186883280454 -6932.815978323069 -6616.08464653239 6858.316249444368 3656.422301383605
 2425.434932908515 -24333.27887364123 -30173.71768621932 34912.06033774465 -3317.001632328624
 1521.507393132749 -42321.87055964299 -3961.342193788672 7588.357343683757 2343.701193654264
 39387.67743219862 4367.876048413173 -20604.4304721488 -10976.62318161788 26058.39444678793
 -226.5650203148489 -5203.34254937909 -5254.685762210836 2531.438416753977 8446.483147600349
 3069.186883280454 -6932.815978323069 -6616.08464653239 6858.316249444368 3656.422301383605
 3069.186883280454 -6932.815978323069 -6616.08464653239 6858.316249444368 3656.422301383605
 29664.74810685477 -22434.69170526309 -18016.61580469964 12386.14534042669 5322.151353584457
 3069.186883280454 -6932.815978323069 -6616.08464653239 6858.316249444368 3656.422301383605
 18716.51829294922 -9174.421192849901 -4389.950461832432 -7677.110193474351 -15326.94436328043
 3069.186883280454 -6932.815978323069 -6616.08464653239 6858.316249444368 3656.422301383605
 -8371.92784482045 2348.488680199485 -7011.789154043163 5744.856866868411 6557.863125977739
 -8371.92784482045 2348.488680199485 -7011.789154043163 5744.856866868411 6557.863125977739
 3069.186883280454 -6932.815978323069 -6616.08464653239 6858.316249444368 3656.422301383605
 24374.18196504411 12079.45089294633 -7269.595586556354 34498.20730747272 -2688.064810560855
 6798.147032661003 -7709.733922946774 1445.639724610268 863.858522722061 -1314.842498514192
 3069.186883280454 -6932.815978323069 -6616.08464653239 6858.316249444368 3656.422301383605
 3069.186883280454 -6932.815978323069 -6616.08464653239 6858.316249444368 3656.422301383605
 3069.186883280454 -6932.815978323069 -6616.08464653239 6858.316249444368 3656.422301383605
 3069.186883280454 -6932.815978323069 -6616.08464653239 6858.316249444368 3656.422301383605
 5541.898563248495 -4085.455144358895 8770.878433594949 -7923.37426414855 -284.9775839925223
 3069.186883280454 -6932.815978323069 -6616.08464653239 6858.316249444368 3656.422301383605
 3069.186883280454 -6932.815978323069 -6616.08464653239 6858.316249444368 3656.422301383605
 3069.186883280454 -6932.815978323069 -6616.08464653239 6858.316249444368 3656.422301383605
 3069.186883280454 -6932.815978323069 -6616.08464653239 6858.316249444368 3656.422301383605
 -1341.164349790208 -536.7722817641934 -4069.481109592737 5429.935669365961 3475.514446319128
 3747.235448509737 -8078.317132138539 -3522.306192054839 6993.369560702668 1344.75589178948
 3069.186883280454 -6932.815978323069 -6616.08464653239 6858.316249444368 3656.422301383605
 3069.186883280454 -6932.815978323069 -6616.08464653239 6858.316249444368 3656.422301383605
 3069.186883280454 -6932.815978323069 -6616.08464653239 6858.316249444368 3656.422301383605
 3069.186883280454 -6932.815978323069 -6616.08464653239 6858.316249444368 3656.422301383605
 -15812.11601473342 9546.079115873821 -17393.05710167034 861.9029802596406 20889.68972293704
 -4516.658068255951 -15935.57622214631 -4818.767277343182 -9058.83626482967 24216.76394834169
 3069.186883280454 -6932.815978323069 -6616.08464653239 6858.316249444368 3656.422301383605
 26985.52285258568 -2966.732117560965 -30496.86889569154 6463.121750291968 14528.09900066464
 3069.186883280454 -6932.815978323069 -6616.08464653239 6858.316249444368 3656.422301383605
 -4856.701302416412 4389.394661333448 9609.300481995218 -9121.218445781444 4080.064398110857
 3069.186883280454 -6932.815978323069 -6616.08464653239 6858.316249444368 3656.422301383605
 3069.186883280454 -6932.815978323069 -6616.08464653239 6858.316249444368 3656.422301383605
 3069.186883280454 -6932.815978323069 -6616.08464653239 6858.316249444368 3656.422301383605
 3069.186883280454 -6932.815978323069 -6616.08464653239 6858.316249444368 3656.422301383605
 3069.186883280454 -6932.815978323069 -6616.08464653239 6858.316249444368 3656.422301383605
 3069.186883280454 -6932.815978323069 -6616.08464653239 6858.316249444368 3656.422301383605
 3069.186883280454 -6932.815978323069 -6616.08464653239 6858.316249444368 3656.422301383605
 3069.186883280454 -6932.815978323069 -6616.08464653239 6858.316249444368 3656.422301383605
 3069.186883280454 -6932.815978323069 -6616.08464653239 6858.316249444368 3656.422301383605
 3069.186883280454 -6932.815978323069 -6616.08464653239 6858.316249444368 3656.422301383605
 -2340.296609124167 8657.481551836545 6659.232339550634 -6223.350825602549 -2128.794168812648
 3069.186883280454 -6932.815978323069 -6616.08464653239 6858.316249444368 3656.422301383605
 3069.186883280454 -6932.815978323069 -6616.08464653239 6858.316249444368 3656.422301383605
 3069.186883280454 -6932.815978323069 -6616.08464653239 6858.316249444368 3656.422301383605
 3069.186883280454 -6932.815978323069 -6616.08464653239 6858.316249444368 3656.422301383605
 3069.186883280454 -6932.815978323069 -6616.08464653239 6858.316249444368 3656.422301383605
 3069.186883280454 -6932.815978323069 -6616.08464653239 6858.316249444368 3656.422301383605
 3069.186883280454 -6932.815978323069 -6616.08464653239 6858.316249444368 3656.422301383605
