# Created by Octave 4.2.1, Mon Oct 09 18:24:37 2017 BRT <root@mosqueiro>
# name: pop
# type: matrix
# rows: 1000
# columns: 5
 -8050.497224522569 7754.819000622869 -9745.174986403241 7885.809393492465 2182.906102317827
 -8050.497224522569 7754.819000622869 -9745.174986403241 7885.809393492465 2182.906102317827
 -8050.497224522569 7754.819000622869 -9745.174986403241 7885.809393492465 2182.906102317827
 -8050.497224522569 7754.819000622869 -9745.174986403241 7885.809393492465 2182.906102317827
 -8050.497224522569 7754.819000622869 -9745.174986403241 7885.809393492465 2182.906102317827
 -19046.2034062527 19512.35991400635 4749.184939760642 -245.8461595478993 1634.778208679744
 -3685.121181730237 32607.78404365194 -4840.096720971727 -9353.33675617812 1142.979079729211
 -9119.112893927342 5905.338483597423 -5007.418203675124 881.4971276096512 8471.486197762009
 -15646.48973099383 1479.944518528437 -30217.71652091738 4620.122589508388 -14074.5258500716
 -8050.497224522569 7754.819000622869 -9745.174986403241 7885.809393492465 2182.906102317827
 -8050.497224522569 7754.819000622869 -9745.174986403241 7885.809393492465 2182.906102317827
 -8050.497224522569 7754.819000622869 -9745.174986403241 7885.809393492465 2182.906102317827
 -8050.497224522569 7754.819000622869 -9745.174986403241 7885.809393492465 2182.906102317827
 -8050.497224522569 7754.819000622869 -9745.174986403241 7885.809393492465 2182.906102317827
 -9751.519875673312 27098.28501985571 9633.144428255904 -1809.770690762469 9407.886620568712
 -25913.34424577102 -26923.24484539933 -1350.264252820662 -16598.76879113735 20207.57823969052
 28919.86467761267 -24763.02883908481 -11334.69424586259 368.616854904456 -3016.120648004489
 -8050.497224522569 7754.819000622869 -9745.174986403241 7885.809393492465 2182.906102317827
 26960.81069789005 42387.50173928121 21831.01864214065 -56231.37632431453 -40278.23807314318
 6893.268769324939 -34683.92323925279 -4989.236957921413 4289.791802965107 6435.483792070603
 -8050.497224522569 7754.819000622869 -9745.174986403241 7885.809393492465 2182.906102317827
 -8050.497224522569 7754.819000622869 -9745.174986403241 7885.809393492465 2182.906102317827
 -8050.497224522569 7754.819000622869 -9745.174986403241 7885.809393492465 2182.906102317827
 4445.656354140704 -58497.77829773285 5766.721258292133 8361.215426968476 -2443.473573408113
 -18065.21454494072 54446.48855429373 -5637.523818828189 31535.62924304308 -15424.7204688679
 -8050.497224522569 7754.819000622869 -9745.174986403241 7885.809393492465 2182.906102317827
 8099.690165410319 9771.21720053438 -8088.960769986097 39756.25570075373 25958.18590797268
 -14222.16963150677 1683.269070359233 -9391.390554574271 4754.238501747392 6991.923654676635
 33655.65192799958 -616.6112634805804 -10372.86781541132 -18944.93869231542 -5913.718984359408
 -8050.497224522569 7754.819000622869 -9745.174986403241 7885.809393492465 2182.906102317827
 7195.631802954009 -1135.693626498834 8974.276118623351 -5357.133202073167 -1438.438162392498
 -8050.497224522569 7754.819000622869 -9745.174986403241 7885.809393492465 2182.906102317827
 -8050.497224522569 7754.819000622869 -9745.174986403241 7885.809393492465 2182.906102317827
 -8050.497224522569 7754.819000622869 -9745.174986403241 7885.809393492465 2182.906102317827
 -8050.497224522569 7754.819000622869 -9745.174986403241 7885.809393492465 2182.906102317827
 -6602.712161556035 10265.38035991972 -531.4958048829521 11851.56290970315 -10629.67716461944
 -8050.497224522569 7754.819000622869 -9745.174986403241 7885.809393492465 2182.906102317827
 -8050.497224522569 7754.819000622869 -9745.174986403241 7885.809393492465 2182.906102317827
 -8050.497224522569 7754.819000622869 -9745.174986403241 7885.809393492465 2182.906102317827
 -8050.497224522569 7754.819000622869 -9745.174986403241 7885.809393492465 2182.906102317827
 -8050.497224522569 7754.819000622869 -9745.174986403241 7885.809393492465 2182.906102317827
 -17639.17485649909 3261.470262660307 4417.290851201853 -3020.04837296035 -3223.699334487002
 3408.55263888885 20455.5516889469 -11778.70655520083 24923.32843027807 12599.15620272528
 -8050.497224522569 7754.819000622869 -9745.174986403241 7885.809393492465 2182.906102317827
 -8050.497224522569 7754.819000622869 -9745.174986403241 7885.809393492465 2182.906102317827
 -8050.497224522569 7754.819000622869 -9745.174986403241 7885.809393492465 2182.906102317827
 17506.0943521275 -14845.69046202035 34289.66327586559 49655.8150225486 -2203.789005154234
 -372.0041173899062 13710.24854784301 -2848.705331810858 4459.745398376415 -2819.569626773491
 -618.9339573003235 31869.26047345447 2648.16176791108 2682.532041438942 -11769.91538452456
 -8050.497224522569 7754.819000622869 -9745.174986403241 7885.809393492465 2182.906102317827
 -8050.497224522569 7754.819000622869 -9745.174986403241 7885.809393492465 2182.906102317827
 -8050.497224522569 7754.819000622869 -9745.174986403241 7885.809393492465 2182.906102317827
 -8050.497224522569 7754.819000622869 -9745.174986403241 7885.809393492465 2182.906102317827
 -8050.497224522569 7754.819000622869 -9745.174986403241 7885.809393492465 2182.906102317827
 -8050.497224522569 7754.819000622869 -9745.174986403241 7885.809393492465 2182.906102317827
 -8050.497224522569 7754.819000622869 -9745.174986403241 7885.809393492465 2182.906102317827
 -9218.448668256478 885.5412282262068 -6402.28084231381 8589.519076812016 13116.22243207645
 -8050.497224522569 7754.819000622869 -9745.174986403241 7885.809393492465 2182.906102317827
 -8050.497224522569 7754.819000622869 -9745.174986403241 7885.809393492465 2182.906102317827
 29218.42069672905 -27464.74102890841 1935.651548520684 3612.666520079144 -6359.075795046779
 -8050.497224522569 7754.819000622869 -9745.174986403241 7885.809393492465 2182.906102317827
 -8050.497224522569 7754.819000622869 -9745.174986403241 7885.809393492465 2182.906102317827
 -8050.497224522569 7754.819000622869 -9745.174986403241 7885.809393492465 2182.906102317827
 -8050.497224522569 7754.819000622869 -9745.174986403241 7885.809393492465 2182.906102317827
 10458.64936259421 2220.492403701542 -22291.20269351407 7242.519284182024 18696.21093139093
 1256.567828078107 15286.34499640366 -15091.74697720253 5149.19540750023 -15722.31245954206
 -3452.752666917273 -1153.639459774675 3878.921435785944 39026.42065927359 7158.07240679214
 -4447.868017201127 200.638694527911 -19.26606585614172 14113.01637000249 936.4196180559709
 -8050.497224522569 7754.819000622869 -9745.174986403241 7885.809393492465 2182.906102317827
 -8050.497224522569 7754.819000622869 -9745.174986403241 7885.809393492465 2182.906102317827
 -8050.497224522569 7754.819000622869 -9745.174986403241 7885.809393492465 2182.906102317827
 -8050.497224522569 7754.819000622869 -9745.174986403241 7885.809393492465 2182.906102317827
 -8050.497224522569 7754.819000622869 -9745.174986403241 7885.809393492465 2182.906102317827
 -8050.497224522569 7754.819000622869 -9745.174986403241 7885.809393492465 2182.906102317827
 -8050.497224522569 7754.819000622869 -9745.174986403241 7885.809393492465 2182.906102317827
 -8050.497224522569 7754.819000622869 -9745.174986403241 7885.809393492465 2182.906102317827
 -8050.497224522569 7754.819000622869 -9745.174986403241 7885.809393492465 2182.906102317827
 -8050.497224522569 7754.819000622869 -9745.174986403241 7885.809393492465 2182.906102317827
 -8050.497224522569 7754.819000622869 -9745.174986403241 7885.809393492465 2182.906102317827
 -8050.497224522569 7754.819000622869 -9745.174986403241 7885.809393492465 2182.906102317827
 -9523.453425597223 7357.647130449182 6057.513451340901 3810.087755400164 -7252.8891483834
 -24130.82388147211 22114.95150602433 -14577.42660373621 12988.6474360644 14665.03524829081
 -3868.358024883708 10960.25568315174 -4590.944587061854 9870.063769103226 10240.82672714246
 -8050.497224522569 7754.819000622869 -9745.174986403241 7885.809393492465 2182.906102317827
