# Created by Octave 4.2.1, Mon Oct 09 18:35:54 2017 BRT <root@mosqueiro>
# name: pop
# type: matrix
# rows: 1000
# columns: 5
 -8159.51832253277 7452.555827565983 -9348.332219431886 7530.916907817556 2523.377760837849
 -8159.518315080014 7452.555821214021 -9348.332225626007 7530.916904625293 2523.377763824149
 -8159.51831777 7452.555819743458 -9348.332225973778 7530.916911077263 2523.377758219705
 -8159.518310813642 7452.555815630787 -9348.332230271752 7530.916903656088 2523.377766115227
 -8159.518310254769 7452.555824894606 -9348.332224265379 7530.916898801695 2523.377752635267
 -8159.716472747979 7452.657826101266 -9348.319574884814 7530.915947201678 2523.488975149219
 -8159.716451751077 7452.657775177707 -9348.319510955631 7530.915874117691 2523.489017500238
 -8159.518310813642 7452.555815630787 -9348.332230271752 7530.916903656088 2523.377766115227
 -8159.716442679603 7452.657823589243 -9348.319566555241 7530.915916798815 2523.48896611958
 -8159.716472747979 7452.657826101266 -9348.319574884814 7530.915947201678 2523.488975149219
 -8159.518317554078 7452.555819220433 -9348.332228881423 7530.916904393301 2523.377758369469
 -8159.518317554078 7452.555819220433 -9348.332228881423 7530.916904393301 2523.377758369469
 -8159.716472747979 7452.657826101266 -9348.319574884814 7530.915947201678 2523.488975149219
 -8159.51832391745 7452.555819082723 -9348.33223396975 7530.916893536051 2523.377759082576
 -8159.500406143583 7452.554524254623 -9348.315326753911 7530.912515662363 2523.373806249152
 -8159.716451751077 7452.657775177707 -9348.319510955631 7530.915874117691 2523.489017500238
 -8159.716472747979 7452.657826101266 -9348.319574884814 7530.915947201678 2523.488975149219
 -8159.518310254769 7452.555824894606 -9348.332224265379 7530.916898801695 2523.377752635267
 -8159.518317554078 7452.555819220433 -9348.332228881423 7530.916904393301 2523.377758369469
 -8159.716472747979 7452.657826101266 -9348.319574884814 7530.915947201678 2523.488975149219
 -8159.714476898768 7452.656998166211 -9348.318410961854 7530.918321253706 2523.488227754377
 -8159.503317061139 7452.550271386078 -9348.319364148774 7530.916462179638 2523.382931009234
 -8159.716457989878 7452.657839021619 -9348.31958211169 7530.915946091875 2523.488972641849
 -8159.518317554078 7452.555819220433 -9348.332228881423 7530.916904393301 2523.377758369469
 -8159.716468436583 7452.657792954184 -9348.319588412367 7530.915940935656 2523.488958421047
 -8159.716472747979 7452.657826101266 -9348.319574884814 7530.915947201678 2523.488975149219
 -8159.503277998751 7452.550256836364 -9348.319343606268 7530.916502118304 2523.382925669749
 -8159.716506003976 7452.657828043552 -9348.319567534481 7530.915945475833 2523.488963390842
 -8159.518315080014 7452.555821214021 -9348.332225626007 7530.916904625293 2523.377763824149
 -8159.716472747979 7452.657826101266 -9348.319574884814 7530.915947201678 2523.488975149219
 -8159.458418185258 7452.574863445994 -9348.309873568234 7530.879325810367 2523.340774522713
 -8159.716472747979 7452.657826101266 -9348.319574884814 7530.915947201678 2523.488975149219
 -8159.716472747979 7452.657826101266 -9348.319574884814 7530.915947201678 2523.488975149219
 -8159.625764849092 7452.580447525248 -9348.203725018417 7531.063703529334 2523.21216300934
 -8159.716472747979 7452.657826101266 -9348.319574884814 7530.915947201678 2523.488975149219
 -8159.716470621251 7452.657775510132 -9348.319533050342 7530.915864318 2523.489026711514
 -8159.717256974267 7452.669026729724 -9348.327935428171 7530.907477821135 2523.495851091087
 -8159.518310813642 7452.555815630787 -9348.332230271752 7530.916903656088 2523.377766115227
 -8159.716472747979 7452.657826101266 -9348.319574884814 7530.915947201678 2523.488975149219
 -8159.716471825084 7452.657823948338 -9348.319592207798 7530.915970672445 2523.488994666601
 -8159.518317554078 7452.555819220433 -9348.332228881423 7530.916904393301 2523.377758369469
 -8159.518317554078 7452.555819220433 -9348.332228881423 7530.916904393301 2523.377758369469
 -8159.503021339927 7452.55077897774 -9348.319488168201 7530.917218863086 2523.383108353798
 -8159.716451751077 7452.657775177707 -9348.319510955631 7530.915874117691 2523.489017500238
 -8159.51831777 7452.555819743458 -9348.332225973778 7530.916911077263 2523.377758219705
 -8159.716451751077 7452.657775177707 -9348.319510955631 7530.915874117691 2523.489017500238
 -8159.518317554078 7452.555819220433 -9348.332228881423 7530.916904393301 2523.377758369469
 -8159.716471302509 7452.657836526257 -9348.319574433141 7530.915946624614 2523.48896847321
 -8159.716472747979 7452.657826101266 -9348.319574884814 7530.915947201678 2523.488975149219
 -8159.51831777 7452.555819743458 -9348.332225973778 7530.916911077263 2523.377758219705
 -8159.716472747979 7452.657826101266 -9348.319574884814 7530.915947201678 2523.488975149219
 -8159.716472747979 7452.657826101266 -9348.319574884814 7530.915947201678 2523.488975149219
 -8159.716472747979 7452.657826101266 -9348.319574884814 7530.915947201678 2523.488975149219
 -8159.518317554078 7452.555819220433 -9348.332228881423 7530.916904393301 2523.377758369469
 -8159.51832391745 7452.555819082723 -9348.33223396975 7530.916893536051 2523.377759082576
 -8159.716472747979 7452.657826101266 -9348.319574884814 7530.915947201678 2523.488975149219
 -8159.716464851635 7452.657825687586 -9348.319589986955 7530.915976055191 2523.488955708365
 -8159.518317554078 7452.555819220433 -9348.332228881423 7530.916904393301 2523.377758369469
 -8159.716481962936 7452.657829834556 -9348.31957689181 7530.915956407551 2523.488968788377
 -8159.716548414362 7452.657515575766 -9348.31964957956 7530.915768438734 2523.488620974229
 -8159.716466914175 7452.657829658474 -9348.31957011731 7530.915946635781 2523.488959297566
 -8159.716457989878 7452.657839021619 -9348.31958211169 7530.915946091875 2523.488972641849
 -8159.716472747979 7452.657826101266 -9348.319574884814 7530.915947201678 2523.488975149219
 -8159.518317554078 7452.555819220433 -9348.332228881423 7530.916904393301 2523.377758369469
 -8159.51832253277 7452.555827565983 -9348.332219431886 7530.916907817556 2523.377760837849
 -8159.501492777047 7452.548984737047 -9348.320264093772 7530.917978463867 2523.381864616446
 -8159.625764849092 7452.580447525248 -9348.203725018417 7531.063703529334 2523.21216300934
 -8159.716472747979 7452.657826101266 -9348.319574884814 7530.915947201678 2523.488975149219
 -8159.716456605567 7452.657835962995 -9348.319570667207 7530.915953767277 2523.488967641215
 -8159.716472747979 7452.657826101266 -9348.319574884814 7530.915947201678 2523.488975149219
 -8159.716472747979 7452.657826101266 -9348.319574884814 7530.915947201678 2523.488975149219
 -8159.716472747979 7452.657826101266 -9348.319574884814 7530.915947201678 2523.488975149219
 -8159.716472747979 7452.657826101266 -9348.319574884814 7530.915947201678 2523.488975149219
 -8159.716472747979 7452.657826101266 -9348.319574884814 7530.915947201678 2523.488975149219
 -8159.716185159142 7452.656082641937 -9348.318810510302 7530.918497014471 2523.48699944762
 -8159.518317554078 7452.555819220433 -9348.332228881423 7530.916904393301 2523.377758369469
 -8159.716472747979 7452.657826101266 -9348.319574884814 7530.915947201678 2523.488975149219
 -8159.716456290225 7452.657796092411 -9348.319496530085 7530.915830755114 2523.48899457845
 -8159.518317554078 7452.555819220433 -9348.332228881423 7530.916904393301 2523.377758369469
 -8159.721656553959 7452.668919101145 -9348.304273610809 7530.875928037079 2523.508743205547
 -8159.716472747979 7452.657826101266 -9348.319574884814 7530.915947201678 2523.488975149219
 -8159.716472747979 7452.657826101266 -9348.319574884814 7530.915947201678 2523.488975149219
 -8159.716472747979 7452.657826101266 -9348.319574884814 7530.915947201678 2523.488975149219
 -8159.502774347116 7452.556743983245 -9348.31589121885 7530.919951791403 2523.36890114682
 -8159.716472747979 7452.657826101266 -9348.319574884814 7530.915947201678 2523.488975149219
