# Created by Octave 4.2.1, Mon Oct 09 18:04:20 2017 BRT <root@mosqueiro>
# name: w1
# type: matrix
# rows: 50
# columns: 12
 -0.04500521092972058 0.0207746762399597 -0.03438283472797163 -0.06796482575945378 0.0997592504277392 -0.07786837963621619 -0.09158895184598832 0.0926280626760651 -0.08140381237652181 -0.06401513161086733 0.03999688838937793 0.08020561397771309
 0.01309910077700258 -0.06572986169585462 0.05786345587091177 -0.08462485673793496 0.02861723464625474 0.05355700061923618 -0.0006656941733795274 -0.03814555143330167 -0.01950213229811491 -0.07652965971278063 -0.01537431193642638 0.01628559879758665
 0.03605366278551064 0.03673499268377975 -0.007825585498200546 0.02617612919615048 -0.09322465015188275 0.03553316597268699 -0.09509061972429612 -0.007472242081407524 0.03168511902149188 0.06076261444253758 0.02041137032967044 0.0961356275682905
 -0.0995072567980356 0.02486148645910084 0.07062234023519512 -0.005356537180994589 -0.03965499410794945 0.06291101415971018 -0.04402271812949005 0.0485915978604046 -0.09584420374263014 -0.007767717053146217 -0.04269131685126079 -0.03628648196915561
 -0.09672742168007417 0.08368486892775437 0.09914898985238824 -0.0599564553400663 -0.08974454431880978 -0.0586802031807768 -0.09896981038553321 0.03059133468352318 0.04305965345323298 -0.0401183427220014 -0.08695451089398148 -0.005910682752203161
 0.03019877131030743 -0.07492475363346766 -0.07391849932006206 0.01357521069466634 0.06915549334232668 -0.0318883144552517 0.07658103178258843 0.001422792460621422 0.05473008395730725 -0.02484905109642505 0.09701437405529373 0.006991714547207123
 0.01082857585526649 -0.09669866861998544 -0.002854100551781563 0.0783885803085517 0.02850113991608955 0.0006597448470731654 -0.04009970280012688 -0.09123550690489168 -0.01513936005896997 -0.062521686019407 -0.07104664259034915 0.04930457795038218
 -0.04654591829579166 0.07573835458985437 -0.003904351486444399 -0.09547343112940625 0.05940861622688384 -0.0813702611004947 0.09770783584685569 0.09767393193468907 -0.02497379823181684 0.09436976121303209 0.06413649051901296 -0.01213567362261772
 0.01433811812188319 0.0385572403295423 -0.06922964017805883 -0.08091871019860139 0.02352899554498203 -0.02031380977814477 -0.03990303168233399 -0.03652339840193003 0.03172694680383908 0.02851343847045401 0.007901329452342856 -0.02797512723627321
 0.09256044533685995 0.02281144913028757 0.08710021617702798 -0.04543827614594297 -0.08760821595394934 -0.09669757242229661 0.04877056081870429 0.02386912385150833 -0.05930979017361494 0.02628170647921604 0.01059281799588892 0.09999062037182427
 -0.01459718244819927 0.03977975204477197 0.09197999478869121 0.01194755523445681 -0.04568347019511093 0.09450881281574802 -0.0976495060777038 0.05193308580564673 -0.09466931766417942 -0.00264387687297904 -0.06928639297979627 -0.09450968609478161
 0.06280212870000587 0.06155155435447829 0.08576467495394779 0.06457732450349485 0.06570283513862393 0.05707588838713948 -0.001329784760495417 -0.08521223072912458 0.03722221067652459 -0.07889406411108947 0.05411995385511442 -0.08731320539903742
 0.002408536597559685 -0.03537356088716025 -0.0591600040975551 -0.002057777515405007 -0.04025721026668133 -0.09988077519307838 0.02563227237926186 0.07457833426442215 -0.03090099002638762 -0.0316560719765142 -0.08420515963047923 0.01758433594084427
 -0.01317724051476746 0.08740229338158703 -0.09877445455362012 0.07655450299101779 -0.0377581453026313 -0.06060945972017456 -0.09080882988590801 -0.08680869228360019 -0.04403772434979322 0.003117131248019489 -0.08766314027027738 0.03486645935391194
 -0.06931284336037759 -0.05823833044871151 0.008340561237797209 0.08538482801812305 -0.03558882527575519 0.01719535987601561 0.01759466312601207 0.001844031010144631 0.00520126962954523 -0.05680270613323676 0.07672578843688263 -0.07989162466146088
 -0.07633912712888304 -0.0585432696541455 0.09398777138688133 0.07875799584648646 -0.03051024717341298 0.05343489823653327 -0.08807671520994614 -0.02280291752504157 0.03960582748742864 0.0625910118169338 0.0850698173152756 -0.06659084807528209
 -0.09310009344608994 -0.01904642157470313 0.06124062518734638 -0.002582490558319064 0.004657273876924314 -0.0133423538503093 -0.01277905933233586 -0.01667169285983973 0.009887066020277641 0.03705266927738587 -0.06628064351121293 0.023957169424321
 -0.0773815279425315 0.003182152934441088 0.02361959361048267 0.08797171947169935 -0.09513533680164012 -0.03984284818437246 0.02320235677905327 -0.01681940635966533 -0.0376965473687135 0.05856760356487661 0.09436021009810361 -0.02874381994751075
 -0.09092674093690453 0.01700696562548956 -0.02345330754822059 -0.05851878630007236 0.04076068138276825 0.0113486884275223 -0.08461688265190671 -0.005676316369288656 -0.05760380576082766 0.05748400193824435 -0.09248516082351925 -0.02963528746085999
 0.04483186747185722 0.02020315339587161 -0.0734505209923183 -0.006204412363587583 -0.0720346919930042 0.04294506610669618 0.03173046878579222 -0.0003592061324850654 -0.08410865854441002 -0.007005329044122266 -0.0333626111934146 -0.06695566758192964
 0.03277193459619637 0.04484871627391071 0.08546878996728699 0.07318090336009306 -0.02867075513473077 -0.05759907049576293 0.02283032680403792 0.08151487119411874 -0.09119479920306073 -0.08939920750648524 0.0107754235134407 0.09885990269974859
 -0.08571969027724274 0.0117454261475991 -0.01138671561588428 0.01299116645793771 -0.04513820484562547 -0.05324797411103543 -0.08961892207742955 -0.0807686825868684 -0.04273583411600954 -0.06557228736132026 0.07627132810532344 -0.05688778601146375
 0.08980768506544098 -0.02233473007687646 0.00851202704898843 -0.09277236932050023 -0.01248029148984223 0.05767505457683736 -0.08589792209250388 0.003824846168662896 -0.008395183279933133 0.01142806080296781 -0.06688211392051033 -0.04523913508945451
 0.03767902435904116 -0.01877908402561125 -0.001081697671819551 0.00485296820618622 0.06517919989034965 0.04696666067261282 -0.05860638426320831 -0.03106407340216752 -0.02125717538303819 0.00230738320791965 0.03205384516386181 0.04774354335555145
 -0.0353513054902531 -0.06674966350633406 -0.01637916243660985 -0.02060306956477229 -0.07511727386405817 0.07146888035033511 -0.07758039870193434 0.0562495425301994 0.05858520165882938 0.07255936368488899 -0.02213812589123704 0.02208489085211218
 -0.08065791375899094 0.0544282217015469 0.05082652601276452 -0.0371026768735237 0.03546377757312624 -0.01122535520822764 -0.07102997764835456 -0.04336109029886001 -0.02311714497026382 -0.02689384287070938 0.05086815950797674 0.05301169486611623
 -0.01614796498183776 0.07855949644153656 0.09553942912346855 0.009069561931418571 -0.03064131138338028 0.05196141759453643 0.05514229028255938 -0.0874656600212661 -0.03876287302763727 0.03228721772845675 -0.04742163532360692 0.09788281939934507
 -0.06887576433225345 -0.03839029881615267 0.01664097744098898 0.08649010525856046 0.03102482574343801 -0.02073486261208407 0.09942131433181503 0.06665469113690045 -0.01225276396291643 -0.07475283877993261 -0.035338571287144 0.04775424933749167
 0.07935772768444593 0.06694558225509728 -0.04676945306565194 0.06047392105244179 -0.07765733890472205 0.07102750397180249 -0.03762506506877675 0.0002075986011835507 -0.09651850002260572 -0.02352338248832943 0.02531047099470968 0.008064886146051137
 -0.08341872022045198 -0.003912338575549498 -0.09587919651697265 -0.07776930907726559 0.04840007907290164 0.01313532481459997 -0.01386937972671259 0.03218675153210132 0.01979086300717244 0.06477195410023137 0.07333512138623563 0.007858100909480026
 -0.02781190569371689 -0.07617050010336118 0.05767262976181189 -0.08862022171172174 -0.03143562772472983 0.05625550446055233 0.05601922312953136 0.02107716902328835 0.003890417266591631 0.06441653080314316 -0.0738029038415169 0.06450235188791098
