# Created by Octave 4.2.1, Mon Oct 09 18:20:58 2017 BRT <root@mosqueiro>
# name: w1
# type: matrix
# rows: 50
# columns: 12
 0.06213008352852969 0.06478835052319368 0.03127257269887024 -0.01670396760320866 -0.06046900688166025 -0.08477989962950438 -0.04510815838697427 -0.06544962493538958 0.0270541975634182 0.05096469735390285 0.02772917233944538 -0.07038439329700327
 -0.003505413673357757 0.06298977294555289 -0.0432639932828368 -0.04160727783890249 0.07552103876415464 0.07571440168189691 -0.05653628151541571 0.002153669344417894 -0.07282483605927205 -0.06255007289797922 -0.04399201789546611 -0.05060770066024171
 -0.06091164000341007 0.01518862706907216 -0.004490981999090801 -0.09967706572674533 -0.0832479645594192 0.0455122543021827 0.06246316292165255 -0.02597986545215944 0.07131599763352414 0.06473825520004992 0.02063562927960849 0.04025049225903282
 0.002019347619835646 0.008588432683502248 0.08993952425182988 -0.008778102177582917 -0.0470011793266938 0.03918231972373126 0.01739487257335674 0.06812426208774255 -0.001269415047546532 0.0140361360150596 0.008100622635113908 0.06467391146440746
 -0.07696912190215052 0.07086655131139902 -0.01353762565714273 0.00564378678533517 0.07634542018079291 -0.05466253622175089 -0.05499030498077026 -0.09182169285212312 0.002572245555332642 -0.0190494568280524 0.0135727866564854 -0.05200505136744102
 -0.08602938083479574 0.0496729971690105 0.07875559211054459 0.03931631266169489 0.01798661123103698 0.0007528806503130092 -0.00712606747027654 -0.05176444289313806 -0.07132816342748398 0.06091815961805441 -0.04917774689543924 -0.006313325011581467
 0.01717302073830843 -0.001216781153579732 -0.0626108136126817 0.04294643112343083 -0.01557249179093866 0.03088567070925674 0.02697045084356625 0.04933364912291111 -0.003945188257355695 0.04660092829444423 -0.06151134334110177 0.06225206084976925
 -0.07837700284160536 0.09594769507965437 0.01899619977629949 0.09199592551085342 -0.09073367804333383 0.07977500293441553 -0.09638033142410818 -0.0825408108002627 0.01366445403141273 -0.09773217369404878 0.09170604452149669 0.05493625130683386
 0.04751101642493055 0.08656825026987217 -0.07432418185912559 0.09420301829263791 -0.0529951028640126 0.08152142622614245 -0.01050511779646363 -0.03985810130806328 0.07334504421567548 0.03880620353711017 0.01994095103585347 -0.05017300686933221
 0.003896352789825294 0.06370420328386076 -0.02740096990327114 -0.06517703309673883 0.05142698193702136 0.09890348482796138 -0.05210276310167638 -0.02368257537319295 0.02572120067933387 0.08940817159957323 -0.0895895554479223 0.01600040575911862
 0.03347299575359902 -0.05759200471514271 -0.03446967319857214 -0.06060615227700409 0.03888448636761915 0.004204417542558625 0.05616185203981966 -0.0664145259357275 0.05576184538965082 0.05316813967306977 -0.0866031399109467 -0.03780826494706196
 0.01272793201876707 -0.06618944311088837 0.0783149960546515 0.07563335234271704 0.04636427722849359 -0.04300749400208258 0.09270624214132281 -0.09279422326981747 0.01713961145721137 0.0964056251446517 -0.065583770096376 -0.08100625190464181
 0.01525924016940305 -0.001872652490322591 0.01308460204043131 0.0877828943849088 0.06040714691946636 -0.001297627692415648 -0.05048995865406027 0.007418165323409359 -0.06071238290849658 0.06458681331844157 0.06862059887277927 -0.04597963491931809
 0.04178990234410387 -0.08787602392447585 0.007801353212857839 0.0499164795917616 0.04856757392272537 0.01080146934133726 0.02638346635896488 -0.04710652617811709 0.008943976487025759 -0.01163431093277735 0.01511026347071087 -0.04419756255065947
 -0.05839002598701912 -0.04649177353035551 -0.08487038325022384 -0.00259371143935111 0.02273347487309299 -0.003994020638866613 0.01530675243938795 -0.001342918345077687 0.09339057501641443 -0.001659079082231119 -0.07808570353829744 -0.07529930301921621
 0.08611104937911024 0.02048156047001086 0.001799467800146642 -0.05107686212306789 0.02549592962250918 0.07836475018816452 -0.004414554227432255 0.01632678558696643 0.0321852533573993 0.03286320217618213 0.01254966555083467 0.006613761455803571
 0.04764368413207706 -0.04205429135935247 0.05682213494842811 0.03805047446792117 0.08526541872149249 0.01878170137092634 0.05644116808411404 0.09877306770643268 -0.0964338215918062 -0.002233676832635034 -0.04327957758699896 -0.002379832397941803
 -0.02327471893535714 -0.03917088819798606 0.05909768223865147 0.07513435374591718 0.009268603501924086 0.07363156181591124 -0.0510978875346044 -0.07043236406336428 0.03388744112868178 0.01506941533135168 -0.08402469298780461 0.09320522434703907
 -0.01244016776351425 0.02409067557906455 -0.06441200299078322 0.01111134209130771 0.09011000926896404 0.04837189045027751 0.0400197787994927 -0.02193225469394768 -0.09905938801238541 -0.04229890287157706 0.03438095725253487 0.04549255628638479
 -0.04262534208475796 -0.05982332206815497 0.0422895539731073 -0.055160923807761 0.06573475067798898 -0.08828721215403729 -0.001294467172617914 -0.0116855925519532 0.02262935889956744 -0.0838168653395287 -0.08968219894904794 0.06930801258619507
 0.08649783033354808 -0.008698792890362822 0.07291294164030429 0.002118662998070217 -0.05021942029208561 0.002688776778909843 -0.009044909322115713 -0.04395427026415003 0.03944561898726756 0.08885243095073336 0.009522776506582467 0.03585568553456708
 -0.05745924876083452 0.04134621491541282 -0.04764330123063118 -0.08472487297511694 0.002312972953278286 0.07750209029833219 0.0459098898667743 0.09943720371408132 -0.08184737852316548 -0.07090190127766294 0.05514866525602333 -0.09639550493649696
 0.02943534218630445 -0.03420241215972794 0.02164393483320712 -0.06395428020306117 -0.0836429222047867 0.08839808377553146 0.03912127998371423 0.03573098818757023 0.03012353524728181 0.02933043110951872 0.003715651713848064 0.05476772215323647
 -0.09656992760438261 -0.0642159603816993 -0.05549706777690683 -0.08802194590245617 -0.05149049786360477 0.08177473521196485 0.009914918830580738 -0.08006768126026144 0.08629740625264509 -0.01254007312766262 -0.03721725757371512 -0.09166558785255483
 -0.04955948357444381 -0.07807291146399435 0.05502887453700239 -0.0580562118275959 -0.06239652258515304 0.02504040413612324 -0.06434578375453195 -0.05731089786062779 0.03001958331983864 -0.02511066312782689 -0.09760507815287575 0.03384124408298705
 0.06091769214495601 0.07638872336463828 0.008844294856284199 0.09808530074513677 -0.008709688813751643 -0.09727585256713289 0.05573198092416518 0.05235548427353931 0.0849729389794506 0.07996517219505414 0.07180544032323993 0.002549422095078996
 0.04855278384112802 -0.03469927815362782 0.01143797279092329 0.05270433639093997 0.06393513136120549 0.07334702124111292 0.02867951193563129 0.07036048993946747 0.02159997621182871 -0.05494758686832116 -0.04087618945372821 -0.06169385025043451
 0.08793263247418734 -0.06634963617055323 0.03110975084496198 -0.07563008143414079 -0.027922288746962 0.001808798656613847 -0.01389069385801608 0.04357467710048826 0.0296603607321258 0.02770853218281283 0.03937654755643727 -0.06061918181969944
 -0.09807491791623831 0.06702583432393766 -0.01043356258099591 -0.02127206708417198 -0.09315700179139115 0.02193250566554272 -0.09591515132149837 0.09810814607552656 0.03247446098557322 0.04317716569571367 -0.0868967089551187 0.01188234969326152
 -0.0004550881339132062 0.02311078011611581 0.07040437166030941 -0.07003660425854276 0.06063563550693549 -0.03926871731959999 -0.09075469827780011 -0.0855964499859328 0.03344228920204545 0.09832874048022708 -0.06228934503575365 0.05966005082143566
 -0.09506788490828144 -0.05130064539255813 -0.01936895222187124 -0.005137000921666704 -0.0858172004745473 -0.006358162530202549 0.09151431387053549 0.09950337306209006 0.099438229785484 -0.0447331771224515 -0.0905430996695558 0.06389430940887933
