# Created by Octave 4.2.1, Mon Oct 09 18:20:58 2017 BRT <root@mosqueiro>
# name: w2
# type: matrix
# rows: 1
# columns: 51
 -20.03520512119235 -10.0288578462704 12.9478090763044 -13.9429084782422 27.94587186025338 6.154230778412739 18.66185782681956 28.56003276507226 -45.70082670212025 12.95420315475079 -12.43831237790744 -30.74808590596049 9.356867803106695 9.804408010435438 28.14762592592075 28.15823608439916 5.6275171960785 25.829723918387 13.30336131573091 6.653647753289476 61.5103995140596 13.21569316719257 8.270755238436266 -20.20412540085285 -13.76021922981244 9.029346663274509 -4.413188151180606 -36.91314225096625 -28.52001222245028 6.586243459238421 13.32716023552598 19.97955497930525 -0.1612237056563686 -23.68188406347952 -4.471008786536871 -8.860997309297773 -2.761291129955794 -15.65697948438321 -0.3735636787819772 -23.44560370804675 12.45523384025682 10.08457362519971 -2.675889874003076 14.67547517777695 31.93868755317683 28.90229577084608 -3.146717629290151 -12.17854586079261 -14.73506191911603 -15.35751316352355 -13.46503866374042


