# Created by Octave 4.2.1, Mon Oct 09 18:53:42 2017 BRT <root@mosqueiro>
# name: w2
# type: matrix
# rows: 1
# columns: 51
 0.04349974871667 0.08234504038096173 -0.01361162525770175 -0.02654459575438413 -0.2361158500601966 -0.04329262425222694 -0.3345963411124549 0.120365012787588 0.1775468098485432 -0.2957727219476083 -0.1293358597003874 -0.5005532635492147 0.06064805172950483 -0.1662377583651481 -0.4419935222537915 -0.01819355318614052 -0.277035489531586 0.3642409546298904 0.001109040937843492 -0.2382698404966594 -0.001652687671047457 -0.08137076374917293 -0.05877159293355798 -0.1388687671394545 -0.540877502088965 -0.366222860981539 -0.02925022172792921 -0.08225621085461496 -0.160662974708783 -0.2063481306823299 0.1928300380542012 -0.2708045215499105 0.1591355845080955 0.2431959668507273 -0.04978871056336232 0.1629503831066813 0.2694543212505117 0.05794261518624973 0.4271234282227215 0.08280495919144297 -0.1693076901945704 -0.2037300734911938 -0.2323240983211112 -0.3378152899123346 0.3642440424454463 0.01488681953302541 0.2506104853733181 0.08355990552729009 0.1434316823370121 0.004463255601065957 0.4711743330495755


