# Created by Octave 4.2.1, Mon Oct 09 18:04:20 2017 BRT <root@mosqueiro>
# name: w2
# type: matrix
# rows: 1
# columns: 51
 0.330563313814179 0.09948911270257813 0.1690391978753576 0.1694223676350606 -0.5481346232253125 0.1767293921151271 -0.1193694737416359 0.2971584921232838 -0.1294435616604323 0.4718021921363322 0.008844950116077777 -0.3041473755388348 -0.2215698019743077 -0.3570770012769172 0.2761391292079577 0.5574973289864843 -0.1122494464736706 0.7183273117064255 -0.05221226763098111 0.04414084233411178 0.1697694416237931 0.477534422567453 -0.1055692111745859 0.2707704812072221 0.07472174895683349 0.2570455899722362 -0.04111276889665611 -0.2760949133905171 0.2680100439400373 0.3216541727702037 0.09407873910207556 0.5587390078054233 0.3191562129531009 0.4057881193136419 -0.3344468294717436 -0.2919095495633675 -0.3142754695099592 -0.551822946401777 -0.2105822699670636 0.4820044286201015 0.7735678597333532 -0.02682590881212013 0.2443775853126532 -0.02858995956258497 -0.1779493688144991 0.235799737541687 0.3575351154459016 0.1305731953498221 -0.1436794658076589 -0.1222282005997304 0.6435070140406027


