# Created by Octave 4.2.1, Mon Oct 09 17:19:11 2017 BRT <root@mosqueiro>
# name: bestScores
# type: matrix
# rows: 1
# columns: 30
 0.09924067462830055 0.09924067462830055 0.09924067462830055 0.09924067462830055 0.09924067462830055 0.09924067462830055 0.09924067462830055 0.09924067462830055 0.09924067462830055 0.09924067462830055 0.09924067462830055 0.09283152402904472 0.09283152402904472 0.08982910995195229 0.08982910995195229 0.08885424219449757 0.08885424219449757 0.08885424219449757 0.08716674045080391 0.08359660261261426 0.08359660261261426 0.08359660261261426 0.08359660261261426 0.08311757071423544 0.08225977869880859 0.08225977869880859 0.08225977869880859 0.08224570554777066 0.08224235691587721 0.08224231589824067


