# Created by Octave 4.2.1, Mon Oct 09 17:20:41 2017 BRT <root@mosqueiro>
# name: meanScores
# type: matrix
# rows: 1
# columns: 30
 2.303386219594806 1.404351479509778 0.4242208198353453 0.4052948597033872 1.661320888183859 0.7009099908218173 0.4318636486727631 0.96670951986625 1.31586651451905 0.379581789516714 1.733262372661726 0.3931110115309606 0.3565401805921493 0.2967789620625618 0.1562560235402166 0.1513283459161946 0.1385301090527387 0.1195665085311983 0.1232748258852163 0.1219028382332131 0.09890725585362933 0.2044110129801714 0.1894215466314951 0.2011441241638862 0.1121656219630615 0.09445653877963421 0.08527779286030002 0.08410455273705693 0.08401050779441159 0.0839879042584505


