# Created by Octave 4.2.1, Mon Oct 09 17:19:11 2017 BRT <root@mosqueiro>
# name: meanScores
# type: matrix
# rows: 1
# columns: 30
 0.8393759560277617 1.070826513537032 0.5158579904103741 0.3790081408093464 0.5637893924242023 1.136266520360041 0.8679525277509984 0.9814642710731424 0.7458011448352093 0.5816314123403841 0.6504532244412431 0.3981571666239031 0.5748657790215989 0.1695204499377629 0.167108352749402 0.1630742685502908 0.1224214556323072 0.1090880907118548 0.100271056192876 0.1032800113737622 0.09491265673146318 0.09699523427597458 0.1153794340930678 0.1129975813931982 0.09917295358620649 0.09437873430313731 0.09024299325881102 0.08963181305394415 0.08595958084825212 0.08264678686878443


