# Created by Octave 4.2.1, Mon Oct 09 17:18:42 2017 BRT <root@mosqueiro>
# name: meanScores
# type: matrix
# rows: 1
# columns: 30
 1.884930666457206 1.338063195758675 0.6188878738833457 0.5408731345637333 0.6600942181797571 0.4853339782980344 0.5166266311731587 0.3965744994770208 0.629403746776382 0.5607988603465628 0.5872890176160954 0.7602853902559059 7.7311961991966 0.2887798368963838 0.1874868302238582 0.1641580552366935 0.1370411739086996 0.1150678389380062 0.1221015738185667 0.1023726195073701 0.1029341742930117 0.1065892266678775 0.1008338594732175 0.09451183332669311 0.09135003865771879 0.08989760667634814 0.08849994342411494 0.08702338272888437 0.08608872086123208 0.08545660785689645


