# Created by Octave 4.2.1, Mon Oct 09 17:19:40 2017 BRT <root@mosqueiro>
# name: pop
# type: matrix
# rows: 100
# columns: 5
 526.8016584964239 -162.0570795896546 -150.6987108726505 -1184.490196490481 969.4625915702228
 522.0786822952186 -144.7660265693678 -136.6214933001503 -1196.802015062878 955.1855268304297
 522.3642447641471 -143.3770995595108 -136.1768204508369 -1197.348432455652 954.5341508634774
 522.2437742614701 -144.9924157805565 -136.5962582105276 -1196.903313951449 955.4315910144229
 519.4728756767718 -155.2592947316223 -148.0349984023058 -1177.251877574481 962.9284581758027
 523.2470045287093 -159.6976782047347 -157.4293076288222 -1185.356630822841 979.8455680467926
 522.2849731268051 -145.1938895816217 -136.2816020831538 -1196.597822078713 955.1701319455843
 522.2437742614701 -144.9924157805565 -136.5962582105276 -1196.903313951449 955.4315910144229
 522.2358344379784 -145.0024233703923 -136.5955902847211 -1196.73681989712 955.528932508662
 522.2437742614701 -144.9924157805565 -136.5962582105276 -1196.903313951449 955.4315910144229
 522.0786822952186 -144.7660265693678 -136.6214933001503 -1196.802015062878 955.1855268304297
 523.6038190175393 -142.9208341688555 -139.4616300666888 -1198.288303577385 958.2445012351222
 522.2437742614701 -144.9924157805565 -136.5962582105276 -1196.903313951449 955.4315910144229
 527.1377679132445 -161.7433735685453 -151.2193386048667 -1183.958562221294 969.1360650035253
 522.0786822952186 -144.7660265693678 -136.6214933001503 -1196.802015062878 955.1855268304297
 522.2437742614701 -144.9924157805565 -136.5962582105276 -1196.903313951449 955.4315910144229
 526.8016584964239 -162.0570795896546 -150.6987108726505 -1184.490196490481 969.4625915702228
 522.2437742614701 -144.9924157805565 -136.5962582105276 -1196.903313951449 955.4315910144229
 522.2437742614701 -144.9924157805565 -136.5962582105276 -1196.903313951449 955.4315910144229
 524.941364494342 -160.2273290703414 -157.8228742236098 -1186.890156770185 980.1287683130685
 527.1377679132445 -161.7433735685453 -151.2193386048667 -1183.958562221294 969.1360650035253
 522.2437742614701 -144.9924157805565 -136.5962582105276 -1196.903313951449 955.4315910144229
 522.3642447641471 -143.3770995595108 -136.1768204508369 -1197.348432455652 954.5341508634774
 522.8402280689218 -159.9091140118342 -156.7935654322187 -1185.742091374637 981.282411788386
 522.2437742614701 -144.9924157805565 -136.5962582105276 -1196.903313951449 955.4315910144229
 523.6038190175393 -142.9208341688555 -139.4616300666888 -1198.288303577385 958.2445012351222
 522.2437742614701 -144.9924157805565 -136.5962582105276 -1196.903313951449 955.4315910144229
 522.2437742614701 -144.9924157805565 -136.5962582105276 -1196.903313951449 955.4315910144229
 522.2437742614701 -144.9924157805565 -136.5962582105276 -1196.903313951449 955.4315910144229
 527.136840007647 -161.7483468561043 -151.2559193300123 -1184.029786413758 969.0951098577061
 522.2437742614701 -144.9924157805565 -136.5962582105276 -1196.903313951449 955.4315910144229
 522.2437742614701 -144.9924157805565 -136.5962582105276 -1196.903313951449 955.4315910144229
 526.8016584964239 -162.0570795896546 -150.6987108726505 -1184.490196490481 969.4625915702228
 527.242304353857 -161.7272668469105 -151.1233713948776 -1184.077016901023 969.0825139389401
 522.2437742614701 -144.9924157805565 -136.5962582105276 -1196.903313951449 955.4315910144229
 522.8402280689218 -159.9091140118342 -156.7935654322187 -1185.742091374637 981.282411788386
 522.2437742614701 -144.9924157805565 -136.5962582105276 -1196.903313951449 955.4315910144229
 526.84930330241 -161.8698589943575 -150.6728292854701 -1184.420464653817 969.3648044311084
 523.6038190175393 -142.9208341688555 -139.4616300666888 -1198.288303577385 958.2445012351222
 522.2437742614701 -144.9924157805565 -136.5962582105276 -1196.903313951449 955.4315910144229
 522.0786822952186 -144.7660265693678 -136.6214933001503 -1196.802015062878 955.1855268304297
 526.6711909787267 -161.5853469296223 -150.6885338394095 -1184.308866830533 969.3880780209143
 527.1377679132445 -161.7433735685453 -151.2193386048667 -1183.958562221294 969.1360650035253
 522.2437742614701 -144.9924157805565 -136.5962582105276 -1196.903313951449 955.4315910144229
 522.2437742614701 -144.9924157805565 -136.5962582105276 -1196.903313951449 955.4315910144229
 519.4728756767718 -155.2592947316223 -148.0349984023058 -1177.251877574481 962.9284581758027
 527.1377679132445 -161.7433735685453 -151.2193386048667 -1183.958562221294 969.1360650035253
 519.4728756767718 -155.2592947316223 -148.0349984023058 -1177.251877574481 962.9284581758027
 527.1377679132445 -161.7433735685453 -151.2193386048667 -1183.958562221294 969.1360650035253
 526.84930330241 -161.8698589943575 -150.6728292854701 -1184.420464653817 969.3648044311084
 522.2437742614701 -144.9924157805565 -136.5962582105276 -1196.903313951449 955.4315910144229
 527.136840007647 -161.7483468561043 -151.2559193300123 -1184.029786413758 969.0951098577061
 522.8402280689218 -159.9091140118342 -156.7935654322187 -1185.742091374637 981.282411788386
 522.2437742614701 -144.9924157805565 -136.5962582105276 -1196.903313951449 955.4315910144229
 522.2437742614701 -144.9924157805565 -136.5962582105276 -1196.903313951449 955.4315910144229
 522.3646896241609 -143.3341077478946 -136.2691329996123 -1197.414304970335 954.3323172051433
 522.0786822952186 -144.7660265693678 -136.6214933001503 -1196.802015062878 955.1855268304297
 522.2437742614701 -144.9924157805565 -136.5962582105276 -1196.903313951449 955.4315910144229
 522.2504273630462 -144.8365748365695 -136.7252140967898 -1196.913021315554 955.7632011740602
 522.0786822952186 -144.7660265693678 -136.6214933001503 -1196.802015062878 955.1855268304297
 519.4728756767718 -155.2592947316223 -148.0349984023058 -1177.251877574481 962.9284581758027
 522.2437742614701 -144.9924157805565 -136.5962582105276 -1196.903313951449 955.4315910144229
 526.8016584964239 -162.0570795896546 -150.6987108726505 -1184.490196490481 969.4625915702228
 522.0786822952186 -144.7660265693678 -136.6214933001503 -1196.802015062878 955.1855268304297
 526.84930330241 -161.8698589943575 -150.6728292854701 -1184.420464653817 969.3648044311084
 522.2437742614701 -144.9924157805565 -136.5962582105276 -1196.903313951449 955.4315910144229
 522.0786822952186 -144.7660265693678 -136.6214933001503 -1196.802015062878 955.1855268304297
 522.2437742614701 -144.9924157805565 -136.5962582105276 -1196.903313951449 955.4315910144229
 522.0786822952186 -144.7660265693678 -136.6214933001503 -1196.802015062878 955.1855268304297
 523.6038190175393 -142.9208341688555 -139.4616300666888 -1198.288303577385 958.2445012351222
 519.4728756767718 -155.2592947316223 -148.0349984023058 -1177.251877574481 962.9284581758027
 523.2470045287093 -159.6976782047347 -157.4293076288222 -1185.356630822841 979.8455680467926
 527.1377679132445 -161.7433735685453 -151.2193386048667 -1183.958562221294 969.1360650035253
 519.4728756767718 -155.2592947316223 -148.0349984023058 -1177.251877574481 962.9284581758027
 522.0786822952186 -144.7660265693678 -136.6214933001503 -1196.802015062878 955.1855268304297
 522.8402280689218 -159.9091140118342 -156.7935654322187 -1185.742091374637 981.282411788386
 522.3642447641471 -143.3770995595108 -136.1768204508369 -1197.348432455652 954.5341508634774
 522.8402280689218 -159.9091140118342 -156.7935654322187 -1185.742091374637 981.282411788386
 522.2840280893602 -144.863476896188 -136.4985452234696 -1196.787871590942 955.4426698043892
 522.0786822952186 -144.7660265693678 -136.6214933001503 -1196.802015062878 955.1855268304297
 527.1641338669587 -161.6956509390775 -151.2159645747429 -1184.012635514286 969.1264100444232
 522.2453486340951 -144.9447216424398 -136.6851399299056 -1196.859980526202 955.4339467417282
 522.0632615751121 -144.6866594016518 -136.5778319188464 -1196.841660480154 955.1921455678245
