# Created by Octave 4.2.1, Mon Oct 09 17:20:26 2017 BRT <root@mosqueiro>
# name: pop
# type: matrix
# rows: 100
# columns: 5
 -1839.684958251766 2096.009296667185 -701.400970639829 -286.9482603066398 734.1843559263679
 -1839.684958251766 2096.009296667185 -701.400970639829 -286.9482603066398 734.1843559263679
 -1680.717764521641 2518.413721918002 -1609.024843260812 378.9076905102136 -94.51539805099105
 -1839.684958251766 2096.009296667185 -701.400970639829 -286.9482603066398 734.1843559263679
 -1588.202351786726 2894.70029661723 -1596.340959912981 177.4223866282335 126.7387242699139
 -1663.575537454521 3116.62628086217 -2071.16476736703 478.9066054547568 422.8976677328149
 -1588.202351786726 2894.70029661723 -1596.340959912981 177.4223866282335 126.7387242699139
 -1588.202351786726 2894.70029661723 -1596.340959912981 177.4223866282335 126.7387242699139
 -1588.202351786726 2894.70029661723 -1596.340959912981 177.4223866282335 126.7387242699139
 -1795.438273117675 3209.861549999333 -1410.171863174687 347.5067145457355 -524.0338717186272
 -1588.202351786726 2894.70029661723 -1596.340959912981 177.4223866282335 126.7387242699139
 -1588.202351786726 2894.70029661723 -1596.340959912981 177.4223866282335 126.7387242699139
 -1795.438273117675 3209.861549999333 -1410.171863174687 347.5067145457355 -524.0338717186272
 -1795.438273117675 3209.861549999333 -1410.171863174687 347.5067145457355 -524.0338717186272
 -858.5369623189251 2601.417043929728 -1775.035116676155 527.041864518389 -302.1242864952678
 -1588.202351786726 2894.70029661723 -1596.340959912981 177.4223866282335 126.7387242699139
 -1588.202351786726 2894.70029661723 -1596.340959912981 177.4223866282335 126.7387242699139
 -1588.202351786726 2894.70029661723 -1596.340959912981 177.4223866282335 126.7387242699139
 -1839.684958251766 2096.009296667185 -701.400970639829 -286.9482603066398 734.1843559263679
 -1588.202351786726 2894.70029661723 -1596.340959912981 177.4223866282335 126.7387242699139
 -1604.932747153811 3690.312460772334 -2189.455538628783 631.395905842191 719.6222787807114
 -1839.684958251766 2096.009296667185 -701.400970639829 -286.9482603066398 734.1843559263679
 -1588.202351786726 2894.70029661723 -1596.340959912981 177.4223866282335 126.7387242699139
 -1839.684958251766 2096.009296667185 -701.400970639829 -286.9482603066398 734.1843559263679
 -1588.202351786726 2894.70029661723 -1596.340959912981 177.4223866282335 126.7387242699139
 -1588.202351786726 2894.70029661723 -1596.340959912981 177.4223866282335 126.7387242699139
 -2596.084158994686 1589.199645612716 -1721.409958910216 768.4389975073184 204.2056142230719
 -1588.202351786726 2894.70029661723 -1596.340959912981 177.4223866282335 126.7387242699139
 -1588.202351786726 2894.70029661723 -1596.340959912981 177.4223866282335 126.7387242699139
 -1320.869208211781 2973.278930241156 -1636.428597311057 557.4311091689449 72.47076196541377
 -1295.202811106399 3607.511151937139 -1878.063941678573 778.1996963861027 636.5571537838861
 -1588.202351786726 2894.70029661723 -1596.340959912981 177.4223866282335 126.7387242699139
 -1931.815687595214 2573.578756226434 -1687.478889863192 283.5169496385744 245.329062166017
 -1588.202351786726 2894.70029661723 -1596.340959912981 177.4223866282335 126.7387242699139
 -1440.50470233564 2312.377411493937 -2458.806772495673 836.1342860467259 724.5564249903829
 -1588.202351786726 2894.70029661723 -1596.340959912981 177.4223866282335 126.7387242699139
 -1839.684958251766 2096.009296667185 -701.400970639829 -286.9482603066398 734.1843559263679
 -1588.202351786726 2894.70029661723 -1596.340959912981 177.4223866282335 126.7387242699139
 -1839.684958251766 2096.009296667185 -701.400970639829 -286.9482603066398 734.1843559263679
 -1588.202351786726 2894.70029661723 -1596.340959912981 177.4223866282335 126.7387242699139
 -1560.663123388277 3018.832379705881 -1652.180649394313 322.9925460013102 539.3872388157004
 -1931.815687595214 2573.578756226434 -1687.478889863192 283.5169496385744 245.329062166017
 -1852.864260412207 2363.009118599444 -692.2957753821278 279.171192939492 361.9616213848141
 -2341.221974469252 2130.162996142809 -819.8264878090081 -489.8177492527863 1012.057979755038
 -1197.761790075654 2170.465765555594 -1255.358071661076 621.9499279506666 891.7478207108431
 -1588.202351786726 2894.70029661723 -1596.340959912981 177.4223866282335 126.7387242699139
 -1839.684958251766 2096.009296667185 -701.400970639829 -286.9482603066398 734.1843559263679
 -1588.202351786726 2894.70029661723 -1596.340959912981 177.4223866282335 126.7387242699139
 -2045.323054108006 2267.108077506317 -751.5544750808705 -247.3750037232179 633.2323046139863
 -1588.202351786726 2894.70029661723 -1596.340959912981 177.4223866282335 126.7387242699139
 -1604.932747153811 3690.312460772334 -2189.455538628783 631.395905842191 719.6222787807114
 -1588.202351786726 2894.70029661723 -1596.340959912981 177.4223866282335 126.7387242699139
 -1320.869208211781 2973.278930241156 -1636.428597311057 557.4311091689449 72.47076196541377
 -2045.323054108006 2267.108077506317 -751.5544750808705 -247.3750037232179 633.2323046139863
 -1588.202351786726 2894.70029661723 -1596.340959912981 177.4223866282335 126.7387242699139
 -513.8798427847407 3023.958683274641 -2326.681555476857 -126.0619083106616 -884.3476586523017
 -1680.717764521641 2518.413721918002 -1609.024843260812 378.9076905102136 -94.51539805099105
 -1839.684958251766 2096.009296667185 -701.400970639829 -286.9482603066398 734.1843559263679
 -1839.684958251766 2096.009296667185 -701.400970639829 -286.9482603066398 734.1843559263679
 -1839.684958251766 2096.009296667185 -701.400970639829 -286.9482603066398 734.1843559263679
 -1588.202351786726 2894.70029661723 -1596.340959912981 177.4223866282335 126.7387242699139
 -65.65062037190376 70.76194568041251 914.0841798698098 -173.2646525218461 -717.8799681070566
 -1588.202351786726 2894.70029661723 -1596.340959912981 177.4223866282335 126.7387242699139
 -1423.122993951118 1541.300624851022 -1816.116943473213 1012.884368136907 -29.52831152632291
 -1588.202351786726 2894.70029661723 -1596.340959912981 177.4223866282335 126.7387242699139
 -1588.202351786726 2894.70029661723 -1596.340959912981 177.4223866282335 126.7387242699139
 -1588.202351786726 2894.70029661723 -1596.340959912981 177.4223866282335 126.7387242699139
 -1839.684958251766 2096.009296667185 -701.400970639829 -286.9482603066398 734.1843559263679
 -1839.684958251766 2096.009296667185 -701.400970639829 -286.9482603066398 734.1843559263679
 -2065.6465953815 1927.888811420346 -630.5583566965302 -213.983598728756 1132.818708118381
 -1839.684958251766 2096.009296667185 -701.400970639829 -286.9482603066398 734.1843559263679
 -2596.084158994686 1589.199645612716 -1721.409958910216 768.4389975073184 204.2056142230719
 -1588.202351786726 2894.70029661723 -1596.340959912981 177.4223866282335 126.7387242699139
 -65.65062037190376 70.76194568041251 914.0841798698098 -173.2646525218461 -717.8799681070566
 -1588.202351786726 2894.70029661723 -1596.340959912981 177.4223866282335 126.7387242699139
 -1588.202351786726 2894.70029661723 -1596.340959912981 177.4223866282335 126.7387242699139
 -1839.684958251766 2096.009296667185 -701.400970639829 -286.9482603066398 734.1843559263679
 -1588.202351786726 2894.70029661723 -1596.340959912981 177.4223866282335 126.7387242699139
 -1839.684958251766 2096.009296667185 -701.400970639829 -286.9482603066398 734.1843559263679
 -1839.684958251766 2096.009296667185 -701.400970639829 -286.9482603066398 734.1843559263679
 -1924.666691638357 2040.669014720816 -557.89620533038 95.45957833353839 899.468238692521
 -1410.490824958947 3061.074395841071 -1498.218538762266 257.6848580974496 243.1723583827252
 -1783.433728826656 1898.228450708212 -732.3695896068082 -408.4819425426911 982.9024524471844
 -1061.46958624205 2341.772799175512 -1221.508980330417 -656.8123210261092 390.9280513498373
 -1487.257746397393 1879.641361547663 -730.0395618714297 -207.6717883625199 887.8365023409673
