# Created by Octave 4.2.1, Mon Oct 09 17:19:15 2017 BRT <root@mosqueiro>
# name: pop
# type: matrix
# rows: 100
# columns: 5
 -198.0943891492274 -894.9439805674821 902.108189938448 -577.7942071206314 800.4796933347745
 918.5635369769061 200.4311986797723 -48.66338907968498 -54.61147750458952 -970.8540810030556
 -834.9082891910475 -903.4289452411399 961.1635753389587 480.4410022868503 -959.8964561291793
 195.6009945017936 748.8265446293565 -842.1866030762221 -242.1694499013026 574.0220405008442
 -816.9404557736445 -38.34069625916982 733.8701970543029 899.0687272461125 798.1432798671181
 918.5635369769061 200.4311986797723 -48.66338907968498 -54.61147750458952 -970.8540810030556
 -678.0009863803318 -486.4856891946047 591.1408202801247 -753.9648191008521 -422.8845570651639
 511.5342356523699 -417.7089660965593 -0.2381700348219056 -693.5634920431731 -311.2084861767487
 -789.6319578224978 -327.2729383790228 -128.5198822060553 -137.8176322460187 371.3070514037734
 -198.0943891492274 -894.9439805674821 902.108189938448 -577.7942071206314 800.4796933347745
 -468.0092301270829 -104.0976479688591 -558.7946700295404 -931.7410225435314 661.2031410160114
 -641.1009158433374 -870.5694064858568 783.5287821932943 103.8901873507327 50.22268775835096
 -338.8980635710714 555.4935328118031 -278.3028583006984 -324.5521474922875 181.3185828050832
 311.2821593813753 -662.3419649878538 941.1446639235273 406.0687716301616 445.2903959106234
 -147.1284265017504 379.1831096999692 857.8084257316691 567.7900652539249 827.448593309648
 280.1603368448045 369.8644761159667 -681.3075174691218 99.03897289124097 693.5521181526926
 -371.2046810622857 -419.7624979052182 772.0431990067889 -733.2395976955778 176.6459103348172
 -776.7094419238668 -107.6185809037468 392.6881504071425 -846.4585241631307 109.5587868111513
 491.7976411734332 -295.3564669697105 150.4096487327922 -88.87686025910466 -357.2413124324657
 195.6009945017936 748.8265446293565 -842.1866030762221 -242.1694499013026 574.0220405008442
 -274.4191306446922 -696.1955430746046 -649.640542134229 306.0075697274312 -671.4933956554285
 641.3872541336407 837.4424770782166 -799.5256142284418 -775.629065022453 694.7828524084787
 88.23923575208551 919.0573418026418 -904.8087047557489 -59.13772569916193 -127.9660161275896
 743.9967877653064 -28.82186567235567 623.0249625252193 -505.6242489914858 -689.9980751520409
 195.6009945017936 748.8265446293565 -842.1866030762221 -242.1694499013026 574.0220405008442
 -863.0804077685791 423.7657217415888 287.87072232535 585.5691831771285 502.8386552385114
 -198.0943891492274 -894.9439805674821 902.108189938448 -577.7942071206314 800.4796933347745
 -198.0943891492274 -894.9439805674821 902.108189938448 -577.7942071206314 800.4796933347745
 -277.9195922566912 -844.4730260644629 -306.9990434356104 -955.5672316165412 -959.0398379103241
 -220.3209481223817 -445.606129498903 -183.421762855185 -240.3898228625446 297.498854997632
 868.0643035807136 -960.2714467329193 68.18346524149865 331.44068160948 -767.6624197872907
 -196.1695042254793 100.9900743091548 -685.2933210692652 -3.500336485123739 618.3210368840535
 -164.7983834506314 412.4613342667733 -497.5032504672664 159.0530793084065 213.9075587259433
 -620.1454408757813 33.26143126771126 505.2400424333209 -94.82252379179999 170.645068783565
 641.3872541336407 837.4424770782166 -799.5256142284418 -775.629065022453 694.7828524084787
 -416.4321242316197 -558.12343915333 622.8080576697196 -999.3591355623112 -636.8970681287628
 -955.8443235825569 444.5387306826651 -541.3696488569683 458.2557084000628 681.277036177903
 822.5522455427824 885.2974635116025 31.891054054704 -335.7349076177244 -554.1808832804195
 35.28332264408073 329.7651333906272 -974.2226521349876 829.0976795853342 -118.8588493782797
 145.7196947652233 -545.9001089929877 -904.5040075204439 -142.8439778562239 -883.1259468782621
 145.7196947652233 -545.9001089929877 -904.5040075204439 -142.8439778562239 -883.1259468782621
 -118.4793003393761 -104.6226603321793 -727.4893346187566 -183.2444447128639 619.5712970154505
 -338.8980635710714 555.4935328118031 -278.3028583006984 -324.5521474922875 181.3185828050832
 -198.0943891492274 -894.9439805674821 902.108189938448 -577.7942071206314 800.4796933347745
 -416.0065543261801 830.4819989409225 180.2313461261042 -904.2306748073215 -403.8310708156164
 -198.0943891492274 -894.9439805674821 902.108189938448 -577.7942071206314 800.4796933347745
 134.7060797187071 -744.4971256962464 946.0627827550941 402.4675716075612 145.2322764373057
 -999.9479492779616 -12.26433610699303 -671.9687532459595 444.5004455781748 173.9637055817639
 134.7060797187071 -744.4971256962464 946.0627827550941 402.4675716075612 145.2322764373057
 52.73716763746665 14.34663743426574 274.7341044291682 -803.418730765526 402.3050202326715
 -623.1350108864178 -239.2591964625045 376.6686356334924 324.6936712357347 -65.79999478896241
 -178.500634699679 -362.0362947596848 -297.0959678317067 -716.4280273020563 451.8663132319055
 691.5436921974078 -439.1193956927474 -405.8424397318548 453.3130462000531 -213.3878039449836
 743.9967877653064 -28.82186567235567 623.0249625252193 -505.6242489914858 -689.9980751520409
 76.62360680138681 847.3801453879676 -504.9519748299908 -28.93655787418129 -336.7608354394155
 691.5436921974078 -439.1193956927474 -405.8424397318548 453.3130462000531 -213.3878039449836
 -198.0943891492274 -894.9439805674821 902.108189938448 -577.7942071206314 800.4796933347745
 924.0295364163269 206.1444329674546 741.5850904807005 -79.31702557818153 -296.2111224504865
 641.3872541336407 837.4424770782166 -799.5256142284418 -775.629065022453 694.7828524084787
 363.2836912293126 533.0083959416472 -751.6773870645707 700.82019761833 -593.2699118514197
 311.2821593813753 -662.3419649878538 941.1446639235273 406.0687716301616 445.2903959106234
 -955.8443235825569 444.5387306826651 -541.3696488569683 458.2557084000628 681.277036177903
 918.5635369769061 200.4311986797723 -48.66338907968498 -54.61147750458952 -970.8540810030556
 794.2837433809775 -593.9238759849429 -226.8793824809451 828.9573676681498 289.5413922500031
 280.1603368448045 369.8644761159667 -681.3075174691218 99.03897289124097 693.5521181526926
 691.5436921974078 -439.1193956927474 -405.8424397318548 453.3130462000531 -213.3878039449836
 134.7060797187071 -744.4971256962464 946.0627827550941 402.4675716075612 145.2322764373057
 931.2237531663332 656.6241227019668 763.422624485876 537.6743658492539 -736.9218904720233
 743.9967877653064 -28.82186567235567 623.0249625252193 -505.6242489914858 -689.9980751520409
 35.28332264408073 329.7651333906272 -974.2226521349876 829.0976795853342 -118.8588493782797
 402.9585939318492 654.9255390935994 -742.4207036014643 395.7263304961436 394.6226382761365
 -81.43011061045218 407.8960390325719 -42.75041128474356 438.3336879371529 270.1488509263756
 -278.0660749054601 357.0571474205576 -312.7956073220012 718.1262998561861 171.0088879157354
 672.3967158425328 342.5762751258337 489.1201824886007 750.3571190954638 210.3090628584316
 672.3967158425328 342.5762751258337 489.1201824886007 750.3571190954638 210.3090628584316
 -147.1284265017504 379.1831096999692 857.8084257316691 567.7900652539249 827.448593309648
 -816.9404557736445 -38.34069625916982 733.8701970543029 899.0687272461125 798.1432798671181
 -164.7983834506314 412.4613342667733 -497.5032504672664 159.0530793084065 213.9075587259433
 918.5635369769061 200.4311986797723 -48.66338907968498 -54.61147750458952 -970.8540810030556
 -620.1454408757813 33.26143126771126 505.2400424333209 -94.82252379179999 170.645068783565
 -589.4069517416049 1332.340796310594 -92.99807415638486 -4858.49374212949 568.119122159593
 1013.463636861529 -2766.060751290383 -1462.65677326421 -974.1199521274193 309.2395962802651
 979.1019110689197 1630.0390123667 556.3017847993584 -4584.275703353701 -2681.71146094626
 73.54018541494099 4274.278604589875 -225.7301608205178 3740.489614061305 -82.39428980499804
