# Created by Octave 4.2.1, Mon Oct 09 17:20:24 2017 BRT <root@mosqueiro>
# name: pop
# type: matrix
# rows: 100
# columns: 5
 -1839.684958251766 2096.009296667185 -701.400970639829 -286.9482603066398 734.1843559263679
 -1588.202351786726 2894.70029661723 -1596.340959912981 177.4223866282335 126.7387242699139
 -1839.684958251766 2096.009296667185 -701.400970639829 -286.9482603066398 734.1843559263679
 -1588.202351786726 2894.70029661723 -1596.340959912981 177.4223866282335 126.7387242699139
 -1588.202351786726 2894.70029661723 -1596.340959912981 177.4223866282335 126.7387242699139
 -1588.202351786726 2894.70029661723 -1596.340959912981 177.4223866282335 126.7387242699139
 -3843.311377926265 3689.059434741766 -313.6824005463494 2867.871478217143 -770.1359264632114
 -1588.202351786726 2894.70029661723 -1596.340959912981 177.4223866282335 126.7387242699139
 -1588.202351786726 2894.70029661723 -1596.340959912981 177.4223866282335 126.7387242699139
 -1588.202351786726 2894.70029661723 -1596.340959912981 177.4223866282335 126.7387242699139
 -1588.202351786726 2894.70029661723 -1596.340959912981 177.4223866282335 126.7387242699139
 -1588.202351786726 2894.70029661723 -1596.340959912981 177.4223866282335 126.7387242699139
 -1588.202351786726 2894.70029661723 -1596.340959912981 177.4223866282335 126.7387242699139
 -1440.50470233564 2312.377411493937 -2458.806772495673 836.1342860467259 724.5564249903829
 -1588.202351786726 2894.70029661723 -1596.340959912981 177.4223866282335 126.7387242699139
 -1588.202351786726 2894.70029661723 -1596.340959912981 177.4223866282335 126.7387242699139
 -1588.202351786726 2894.70029661723 -1596.340959912981 177.4223866282335 126.7387242699139
 -840.9450437064708 2886.014747463052 -1235.0942738479 -461.9911833934254 232.1999385652915
 -1588.202351786726 2894.70029661723 -1596.340959912981 177.4223866282335 126.7387242699139
 -65.65062037190376 70.76194568041251 914.0841798698098 -173.2646525218461 -717.8799681070566
 -1440.50470233564 2312.377411493937 -2458.806772495673 836.1342860467259 724.5564249903829
 -1455.274244262923 2230.821731928783 -1511.226743735104 1321.483463623071 -94.76758316603403
 -1588.202351786726 2894.70029661723 -1596.340959912981 177.4223866282335 126.7387242699139
 -3449.508632674508 390.8529540261034 1340.56109753486 2335.935270875151 -214.2973654619676
 -65.65062037190376 70.76194568041251 914.0841798698098 -173.2646525218461 -717.8799681070566
 -871.6042244854672 2852.524432311563 -1975.222623708561 -646.7049145464171 160.3160441641068
 -1588.202351786726 2894.70029661723 -1596.340959912981 177.4223866282335 126.7387242699139
 -1588.202351786726 2894.70029661723 -1596.340959912981 177.4223866282335 126.7387242699139
 -1588.202351786726 2894.70029661723 -1596.340959912981 177.4223866282335 126.7387242699139
 -513.8798427847407 3023.958683274641 -2326.681555476857 -126.0619083106616 -884.3476586523017
 -1588.202351786726 2894.70029661723 -1596.340959912981 177.4223866282335 126.7387242699139
 -1588.202351786726 2894.70029661723 -1596.340959912981 177.4223866282335 126.7387242699139
 -1588.202351786726 2894.70029661723 -1596.340959912981 177.4223866282335 126.7387242699139
 -1440.50470233564 2312.377411493937 -2458.806772495673 836.1342860467259 724.5564249903829
 -1795.438273117675 3209.861549999333 -1410.171863174687 347.5067145457355 -524.0338717186272
 -1588.202351786726 2894.70029661723 -1596.340959912981 177.4223866282335 126.7387242699139
 -1588.202351786726 2894.70029661723 -1596.340959912981 177.4223866282335 126.7387242699139
 -1588.202351786726 2894.70029661723 -1596.340959912981 177.4223866282335 126.7387242699139
 -1588.202351786726 2894.70029661723 -1596.340959912981 177.4223866282335 126.7387242699139
 -1588.202351786726 2894.70029661723 -1596.340959912981 177.4223866282335 126.7387242699139
 -1588.202351786726 2894.70029661723 -1596.340959912981 177.4223866282335 126.7387242699139
 -1588.202351786726 2894.70029661723 -1596.340959912981 177.4223866282335 126.7387242699139
 -1324.715018822014 2805.188425554916 -1461.627943892422 -120.5672162811862 1026.081633371096
 -1588.202351786726 2894.70029661723 -1596.340959912981 177.4223866282335 126.7387242699139
 -1364.001786341894 1304.331944558611 -1681.270840212362 1395.962085927792 -360.6129162055609
 -1588.202351786726 2894.70029661723 -1596.340959912981 177.4223866282335 126.7387242699139
 -65.65062037190376 70.76194568041251 914.0841798698098 -173.2646525218461 -717.8799681070566
 349.4869409600421 1540.744473847111 399.1433850275024 -495.0319134604735 -539.7382526386369
 -1757.475250826026 2405.089503402769 -1683.740597767269 1003.586566364162 -236.1092213452838
 -1455.274244262923 2230.821731928783 -1511.226743735104 1321.483463623071 -94.76758316603403
 -3337.365401965598 1626.040646003051 -1108.066949966697 210.2908692998568 2283.15931594946
 -2750.464619341516 1990.36783394733 -3145.111540043051 -2320.966117862059 -881.8804875967901
 -1588.202351786726 2894.70029661723 -1596.340959912981 177.4223866282335 126.7387242699139
 -1588.202351786726 2894.70029661723 -1596.340959912981 177.4223866282335 126.7387242699139
 -1588.202351786726 2894.70029661723 -1596.340959912981 177.4223866282335 126.7387242699139
 -1588.202351786726 2894.70029661723 -1596.340959912981 177.4223866282335 126.7387242699139
 -877.602745154413 4849.577849848356 -711.0579114570219 -755.2065913433154 1030.428231039139
 -65.65062037190376 70.76194568041251 914.0841798698098 -173.2646525218461 -717.8799681070566
 -1324.715018822014 2805.188425554916 -1461.627943892422 -120.5672162811862 1026.081633371096
 -1588.202351786726 2894.70029661723 -1596.340959912981 177.4223866282335 126.7387242699139
 -3843.311377926265 3689.059434741766 -313.6824005463494 2867.871478217143 -770.1359264632114
 -1588.202351786726 2894.70029661723 -1596.340959912981 177.4223866282335 126.7387242699139
 -1324.715018822014 2805.188425554916 -1461.627943892422 -120.5672162811862 1026.081633371096
 -1711.865174178409 4075.148868496568 -1830.584205596957 551.8234414369406 509.7846519391161
 -1588.202351786726 2894.70029661723 -1596.340959912981 177.4223866282335 126.7387242699139
 -1588.202351786726 2894.70029661723 -1596.340959912981 177.4223866282335 126.7387242699139
 -1588.202351786726 2894.70029661723 -1596.340959912981 177.4223866282335 126.7387242699139
 -1588.202351786726 2894.70029661723 -1596.340959912981 177.4223866282335 126.7387242699139
 -1588.202351786726 2894.70029661723 -1596.340959912981 177.4223866282335 126.7387242699139
 -1588.202351786726 2894.70029661723 -1596.340959912981 177.4223866282335 126.7387242699139
 -938.0594817111532 -551.4109144270245 879.1717726695712 -534.066420801254 -824.04058312444
 -877.602745154413 4849.577849848356 -711.0579114570219 -755.2065913433154 1030.428231039139
 -1588.202351786726 2894.70029661723 -1596.340959912981 177.4223866282335 126.7387242699139
 -1588.202351786726 2894.70029661723 -1596.340959912981 177.4223866282335 126.7387242699139
 -1588.202351786726 2894.70029661723 -1596.340959912981 177.4223866282335 126.7387242699139
 -1588.202351786726 2894.70029661723 -1596.340959912981 177.4223866282335 126.7387242699139
 -582.3355866811112 2673.886543815378 -1477.106616267335 123.3213015594241 -212.8143670683046
 -1588.202351786726 2894.70029661723 -1596.340959912981 177.4223866282335 126.7387242699139
 -1588.202351786726 2894.70029661723 -1596.340959912981 177.4223866282335 126.7387242699139
 -1588.202351786726 2894.70029661723 -1596.340959912981 177.4223866282335 126.7387242699139
 -1287.502189352709 2329.520855854148 -1484.093240276686 452.632626755206 577.1267384293735
 -1276.659983702187 3636.202286253409 -1879.285188178428 710.512393172677 -636.1282968749356
 -1222.906738588692 3138.972640554225 -1682.312419985876 -74.79533301635519 57.64322924997039
 -1708.207297313139 2860.273161459884 -1356.394635259465 194.8625355602518 -116.1734325784947
 -3718.779355845458 4028.646684169852 -153.5005481210899 2868.729283446964 -793.8163244057868
