# Created by Octave 4.2.1, Mon Oct 09 17:19:10 2017 BRT <root@mosqueiro>
# name: pop
# type: matrix
# rows: 100
# columns: 5
 -890.8797707891957 374.7836603745789 -122.0081750236685 494.8790208065836 142.1975362032781
 -890.8688859135412 374.7797615391822 -122.0051226079005 494.8748110268297 142.1917337271951
 -890.8715120476918 374.7794426282867 -122.0059175024989 494.8771200760639 142.1967355765492
 -890.8715120476918 374.7794426282867 -122.0059175024989 494.8771200760639 142.1967355765492
 -890.8715120476918 374.7794426282867 -122.0059175024989 494.8771200760639 142.1967355765492
 -890.8797707891957 374.7836603745789 -122.0081750236685 494.8790208065836 142.1975362032781
 -890.864552741926 374.7804996752266 -122.000271083498 494.883598155266 142.1941058657658
 -890.4859804495616 374.4288634100113 -121.9791359105691 494.8518481982784 142.4318233402542
 -890.3704028380582 374.2320418112899 -121.9426755050215 495.0646378502503 142.4522041534158
 -890.8688859135412 374.7797615391822 -122.0051226079005 494.8748110268297 142.1917337271951
 -890.6387680412748 374.4999722965733 -121.8616410982896 494.8174469248312 142.3183031599572
 -890.8782168329511 374.7854219343341 -122.0045708311343 494.8764508937343 142.1941259919028
 -890.8844986064636 374.7838582543082 -121.9700616910989 494.8697215009627 142.1778390719813
 -890.8715120476918 374.7794426282867 -122.0059175024989 494.8771200760639 142.1967355765492
 -949.3501094302809 328.1792227366875 -327.7998549818341 363.6395403821098 591.0421121212014
 -890.868527168129 374.7797194035246 -122.0047235191463 494.8709405588086 142.2010615268951
 -890.8715120476918 374.7794426282867 -122.0059175024989 494.8771200760639 142.1967355765492
 -890.868527168129 374.7797194035246 -122.0047235191463 494.8709405588086 142.2010615268951
 -890.8715120476918 374.7794426282867 -122.0059175024989 494.8771200760639 142.1967355765492
 -890.6866065467088 374.5043259127631 -122.1474733365502 495.0310539782209 142.3527130909784
 -890.8797707891957 374.7836603745789 -122.0081750236685 494.8790208065836 142.1975362032781
 -890.6154452635301 374.551129701204 -121.9656362765346 495.0006613927966 142.3990505231238
 -890.8688859135412 374.7797615391822 -122.0051226079005 494.8748110268297 142.1917337271951
 -890.9554503043238 374.849986025304 -121.7905740752478 494.9586009460021 142.086797371289
 -890.8838989693996 374.7856129031965 -121.9776811800813 494.8724559161232 142.1825517762774
 -890.6387680412748 374.4999722965733 -121.8616410982896 494.8174469248312 142.3183031599572
 -890.8782168329511 374.7854219343341 -122.0045708311343 494.8764508937343 142.1941259919028
 -890.8715120476918 374.7794426282867 -122.0059175024989 494.8771200760639 142.1967355765492
 -890.8688859135412 374.7797615391822 -122.0051226079005 494.8748110268297 142.1917337271951
 -898.2386153346072 384.9612611603879 -119.5167894930265 493.0957582050237 141.1296023270559
 -890.8715120476918 374.7794426282867 -122.0059175024989 494.8771200760639 142.1967355765492
 -890.8797707891957 374.7836603745789 -122.0081750236685 494.8790208065836 142.1975362032781
 -890.8715120476918 374.7794426282867 -122.0059175024989 494.8771200760639 142.1967355765492
 -890.8715120476918 374.7794426282867 -122.0059175024989 494.8771200760639 142.1967355765492
 -890.8797707891957 374.7836603745789 -122.0081750236685 494.8790208065836 142.1975362032781
 -890.8715120476918 374.7794426282867 -122.0059175024989 494.8771200760639 142.1967355765492
 -890.4850686169941 374.4633483664533 -121.992987491738 494.83544828741 142.4065420448786
 -890.8797707891957 374.7836603745789 -122.0081750236685 494.8790208065836 142.1975362032781
 -890.8715120476918 374.7794426282867 -122.0059175024989 494.8771200760639 142.1967355765492
 -890.9382800219101 374.8183559436997 -121.8421069789717 494.9203331432759 142.1260262431829
 -890.4035792147479 374.2732522693797 -122.0404179423569 494.9180045631996 142.4378946753416
 -890.2894505632877 374.0634693221685 -122.0111206740881 495.005269885044 142.4768373032763
 -890.4160806011615 374.4107708648289 -121.9057806045337 494.7957213064717 142.471428589734
 -890.8844986064636 374.7838582543082 -121.9700616910989 494.8697215009627 142.1778390719813
 -890.4850686169941 374.4633483664533 -121.992987491738 494.83544828741 142.4065420448786
 -890.8902187274215 374.7603863913564 -121.9946454744035 494.8940351098581 142.2315080171408
 -890.8715120476918 374.7794426282867 -122.0059175024989 494.8771200760639 142.1967355765492
 -890.8715120476918 374.7794426282867 -122.0059175024989 494.8771200760639 142.1967355765492
 -890.1327229272304 374.4976208682963 -121.0159135546155 495.6859419781742 142.6816259649449
 -890.8583279996212 374.7684533007208 -121.983234164968 494.8634525580168 142.1927162795983
 -890.2633256686128 374.0820565573338 -122.1319783788475 495.0738978989031 142.3974306059659
 -890.8715120476918 374.7794426282867 -122.0059175024989 494.8771200760639 142.1967355765492
 -890.3940159747232 374.2628071001438 -122.0519263520845 494.9189997573069 142.4114999150523
 -890.2633256686128 374.0820565573338 -122.1319783788475 495.0738978989031 142.3974306059659
 -890.8715120476918 374.7794426282867 -122.0059175024989 494.8771200760639 142.1967355765492
 -890.8715120476918 374.7794426282867 -122.0059175024989 494.8771200760639 142.1967355765492
 -890.4859804495616 374.4288634100113 -121.9791359105691 494.8518481982784 142.4318233402542
 -890.4859804495616 374.4288634100113 -121.9791359105691 494.8518481982784 142.4318233402542
 -890.8715120476918 374.7794426282867 -122.0059175024989 494.8771200760639 142.1967355765492
 -890.8715120476918 374.7794426282867 -122.0059175024989 494.8771200760639 142.1967355765492
 -899.5511617349722 384.5068471176742 -120.7235072700016 493.4973631422915 141.8909953366164
 -890.4859804495616 374.4288634100113 -121.9791359105691 494.8518481982784 142.4318233402542
 -890.8583279996212 374.7684533007208 -121.983234164968 494.8634525580168 142.1927162795983
 -890.2633256686128 374.0820565573338 -122.1319783788475 495.0738978989031 142.3974306059659
 -890.8715120476918 374.7794426282867 -122.0059175024989 494.8771200760639 142.1967355765492
 -890.8715120476918 374.7794426282867 -122.0059175024989 494.8771200760639 142.1967355765492
 -890.8715120476918 374.7794426282867 -122.0059175024989 494.8771200760639 142.1967355765492
 -890.8715120476918 374.7794426282867 -122.0059175024989 494.8771200760639 142.1967355765492
 -890.4859804495616 374.4288634100113 -121.9791359105691 494.8518481982784 142.4318233402542
 -949.3501094302809 328.1792227366875 -327.7998549818341 363.6395403821098 591.0421121212014
 -890.4859804495616 374.4288634100113 -121.9791359105691 494.8518481982784 142.4318233402542
 -890.8902187274215 374.7603863913564 -121.9946454744035 494.8940351098581 142.2315080171408
 -890.8782168329511 374.7854219343341 -122.0045708311343 494.8764508937343 142.1941259919028
 -890.8902187274215 374.7603863913564 -121.9946454744035 494.8940351098581 142.2315080171408
 -890.6555461513352 374.5326893027415 -121.8532627656744 494.7981904819751 142.3377665848001
 -890.4204104796108 374.3384434914234 -121.9914996068155 494.8929939894469 142.4309569102165
 -890.4859804495616 374.4288634100113 -121.9791359105691 494.8518481982784 142.4318233402542
 -890.8797707891957 374.7836603745789 -122.0081750236685 494.8790208065836 142.1975362032781
 -949.3556966656424 328.1845959371693 -327.796006823222 363.6435297456246 591.038175114211
 -890.8715120476918 374.7794426282867 -122.0059175024989 494.8771200760639 142.1967355765492
 -890.874175828022 374.7771709176548 -122.0052989289728 494.8751536827706 142.1983667258221
 -890.490531402429 374.4273950876889 -121.9883023699604 494.85330922208 142.4361061127036
 -890.2893103119218 374.0643296848839 -122.010633090713 495.0053685985776 142.4772567643327
 -890.3931359618584 374.2621713304032 -122.0520509505688 494.9201978093973 142.4117414078438
