# Created by Octave 4.2.1, Mon Oct 09 17:20:20 2017 BRT <root@mosqueiro>
# name: pop
# type: matrix
# rows: 100
# columns: 5
 -1588.202351786726 2894.70029661723 -1596.340959912981 177.4223866282335 126.7387242699139
 -1588.202351786726 2894.70029661723 -1596.340959912981 177.4223866282335 126.7387242699139
 -65.65062037190376 70.76194568041251 914.0841798698098 -173.2646525218461 -717.8799681070566
 609.258856058389 715.924675809742 -705.1230799872806 237.2012145506515 -909.8852685666267
 -65.65062037190376 70.76194568041251 914.0841798698098 -173.2646525218461 -717.8799681070566
 -1588.202351786726 2894.70029661723 -1596.340959912981 177.4223866282335 126.7387242699139
 -65.65062037190376 70.76194568041251 914.0841798698098 -173.2646525218461 -717.8799681070566
 -964.3586797467375 2647.779406390617 -2369.597729574453 -3276.787347119475 1395.659478417726
 -2962.756305985668 -219.0977643212005 1108.88656341353 1997.075747466377 -541.4695791896577
 -2506.175330205816 2630.308146856089 -1240.752970239811 37.05177694149796 1098.55554622419
 -2506.175330205816 2630.308146856089 -1240.752970239811 37.05177694149796 1098.55554622419
 1803.711900209008 146.0900753931169 -128.9063060029591 -1507.537601170682 719.8950278128177
 -65.65062037190376 70.76194568041251 914.0841798698098 -173.2646525218461 -717.8799681070566
 -2506.175330205816 2630.308146856089 -1240.752970239811 37.05177694149796 1098.55554622419
 -1309.259456633873 -2841.653680502064 -1292.862225742398 -1926.929708556133 134.5452338415792
 -2506.175330205816 2630.308146856089 -1240.752970239811 37.05177694149796 1098.55554622419
 -1588.202351786726 2894.70029661723 -1596.340959912981 177.4223866282335 126.7387242699139
 -1588.202351786726 2894.70029661723 -1596.340959912981 177.4223866282335 126.7387242699139
 2193.628690831571 781.7476145701885 1518.895256214051 762.5341292178683 1632.088402467451
 609.258856058389 715.924675809742 -705.1230799872806 237.2012145506515 -909.8852685666267
 -1588.202351786726 2894.70029661723 -1596.340959912981 177.4223866282335 126.7387242699139
 -2266.466129460572 658.4936351845691 -1078.008382595305 341.913326041766 -4233.447395193825
 -2506.175330205816 2630.308146856089 -1240.752970239811 37.05177694149796 1098.55554622419
 -2506.175330205816 2630.308146856089 -1240.752970239811 37.05177694149796 1098.55554622419
 -65.65062037190376 70.76194568041251 914.0841798698098 -173.2646525218461 -717.8799681070566
 -1821.190183893161 -1608.642572642583 174.6196031797655 -1545.263710793209 2193.130472244296
 -2506.175330205816 2630.308146856089 -1240.752970239811 37.05177694149796 1098.55554622419
 -1588.202351786726 2894.70029661723 -1596.340959912981 177.4223866282335 126.7387242699139
 -1588.202351786726 2894.70029661723 -1596.340959912981 177.4223866282335 126.7387242699139
 -1588.202351786726 2894.70029661723 -1596.340959912981 177.4223866282335 126.7387242699139
 -1588.202351786726 2894.70029661723 -1596.340959912981 177.4223866282335 126.7387242699139
 -1588.202351786726 2894.70029661723 -1596.340959912981 177.4223866282335 126.7387242699139
 -476.0051858494033 434.651250280986 871.9735987805973 -518.8249713599572 -353.8974489320753
 -1588.202351786726 2894.70029661723 -1596.340959912981 177.4223866282335 126.7387242699139
 4531.57832295046 2057.932267185971 1318.618697801274 2564.640155490133 -3723.706581821412
 -1588.202351786726 2894.70029661723 -1596.340959912981 177.4223866282335 126.7387242699139
 -1588.202351786726 2894.70029661723 -1596.340959912981 177.4223866282335 126.7387242699139
 -1588.202351786726 2894.70029661723 -1596.340959912981 177.4223866282335 126.7387242699139
 609.258856058389 715.924675809742 -705.1230799872806 237.2012145506515 -909.8852685666267
 -65.65062037190376 70.76194568041251 914.0841798698098 -173.2646525218461 -717.8799681070566
 -1588.202351786726 2894.70029661723 -1596.340959912981 177.4223866282335 126.7387242699139
 -2506.175330205816 2630.308146856089 -1240.752970239811 37.05177694149796 1098.55554622419
 -65.65062037190376 70.76194568041251 914.0841798698098 -173.2646525218461 -717.8799681070566
 -1588.202351786726 2894.70029661723 -1596.340959912981 177.4223866282335 126.7387242699139
 -1588.202351786726 2894.70029661723 -1596.340959912981 177.4223866282335 126.7387242699139
 -2506.175330205816 2630.308146856089 -1240.752970239811 37.05177694149796 1098.55554622419
 -1588.202351786726 2894.70029661723 -1596.340959912981 177.4223866282335 126.7387242699139
 -1588.202351786726 2894.70029661723 -1596.340959912981 177.4223866282335 126.7387242699139
 -1588.202351786726 2894.70029661723 -1596.340959912981 177.4223866282335 126.7387242699139
 -2506.175330205816 2630.308146856089 -1240.752970239811 37.05177694149796 1098.55554622419
 -1588.202351786726 2894.70029661723 -1596.340959912981 177.4223866282335 126.7387242699139
 -1588.202351786726 2894.70029661723 -1596.340959912981 177.4223866282335 126.7387242699139
 1959.707130633467 761.6586237853551 -1895.03591872375 -6686.113618981687 -4744.096787768064
 -1588.202351786726 2894.70029661723 -1596.340959912981 177.4223866282335 126.7387242699139
 -1309.259456633873 -2841.653680502064 -1292.862225742398 -1926.929708556133 134.5452338415792
 962.1767016892455 922.0233115788943 -460.3499746325717 -585.1153452073327 1801.674982924606
 -2506.175330205816 2630.308146856089 -1240.752970239811 37.05177694149796 1098.55554622419
 -629.6108730707707 -2482.992767927484 -1098.269426512676 -1239.82891255858 2214.99334300463
 -1588.202351786726 2894.70029661723 -1596.340959912981 177.4223866282335 126.7387242699139
 -1909.241110847923 403.820573595809 -141.6043751930192 -663.4713738859698 -1899.782794770559
 -65.65062037190376 70.76194568041251 914.0841798698098 -173.2646525218461 -717.8799681070566
 -2506.175330205816 2630.308146856089 -1240.752970239811 37.05177694149796 1098.55554622419
 -2506.175330205816 2630.308146856089 -1240.752970239811 37.05177694149796 1098.55554622419
 -65.65062037190376 70.76194568041251 914.0841798698098 -173.2646525218461 -717.8799681070566
 -1588.202351786726 2894.70029661723 -1596.340959912981 177.4223866282335 126.7387242699139
 -476.0051858494033 434.651250280986 871.9735987805973 -518.8249713599572 -353.8974489320753
 -1574.534403762619 3625.595158082586 -3247.58915568473 -1375.338297580786 1533.619732371298
 -1588.202351786726 2894.70029661723 -1596.340959912981 177.4223866282335 126.7387242699139
 866.7661925832665 1324.021431704231 1336.712286595578 2305.205413861762 -22.01265652756558
 -65.65062037190376 70.76194568041251 914.0841798698098 -173.2646525218461 -717.8799681070566
 -1588.202351786726 2894.70029661723 -1596.340959912981 177.4223866282335 126.7387242699139
 -2506.175330205816 2630.308146856089 -1240.752970239811 37.05177694149796 1098.55554622419
 -1588.202351786726 2894.70029661723 -1596.340959912981 177.4223866282335 126.7387242699139
 -1588.202351786726 2894.70029661723 -1596.340959912981 177.4223866282335 126.7387242699139
 609.258856058389 715.924675809742 -705.1230799872806 237.2012145506515 -909.8852685666267
 -1588.202351786726 2894.70029661723 -1596.340959912981 177.4223866282335 126.7387242699139
 -282.7147476056239 818.9691076640074 -308.2652944654384 321.2273519674131 -495.1801709611902
 -2506.175330205816 2630.308146856089 -1240.752970239811 37.05177694149796 1098.55554622419
 -476.0051858494033 434.651250280986 871.9735987805973 -518.8249713599572 -353.8974489320753
 -1588.202351786726 2894.70029661723 -1596.340959912981 177.4223866282335 126.7387242699139
 456.9591130002158 1162.376074724764 -4117.539859682702 73.62744935808604 1223.5527775318
 -2844.4309084752 489.6072997905117 -1544.18473119566 2871.714258064962 701.2140537946156
 -444.545226884252 -1385.620565731453 1078.904560272161 -457.4780763991571 195.5726280807439
 -1524.404895931635 2052.051035141631 -1306.575949859274 -738.7738006474665 -1112.429297123987
 -3715.243125359127 2767.1032806823 -1079.422691287062 -2947.353784796361 -334.1874692952662
