# Created by Octave 4.2.1, Mon Oct 09 17:20:15 2017 BRT <root@mosqueiro>
# name: pop
# type: matrix
# rows: 100
# columns: 5
 -65.65062037190376 70.76194568041251 914.0841798698098 -173.2646525218461 -717.8799681070566
 -282.7147476056239 818.9691076640074 -308.2652944654384 321.2273519674131 -495.1801709611902
 -478.6252171169124 73.4593314877834 297.7194901925354 953.9293009892122 -965.0853200378513
 -65.65062037190376 70.76194568041251 914.0841798698098 -173.2646525218461 -717.8799681070566
 -820.203499561387 -248.6617106096319 861.2243672736934 258.6964814597197 160.3462773748499
 -737.5749875385472 716.6646416076617 -282.4723353516468 -162.214212721937 -124.368409341603
 -764.1251533471457 795.29781480266 -922.7745182850983 -343.8214916246015 67.79665705024081
 -282.7147476056239 818.9691076640074 -308.2652944654384 321.2273519674131 -495.1801709611902
 -737.5749875385472 716.6646416076617 -282.4723353516468 -162.214212721937 -124.368409341603
 -160.2761520613113 254.7354491478864 844.794938106173 636.8987615588487 -84.82296265380853
 -613.7996790846693 622.2207063807682 -242.83174615627 971.6455160643729 -129.0770487734828
 674.5241085038249 -116.034708288242 -718.8677297663803 -629.8856021999743 691.118304266676
 19.91598059168371 -671.2056589697277 69.97301152501382 -480.9154492926483 -185.3447473684403
 -65.65062037190376 70.76194568041251 914.0841798698098 -173.2646525218461 -717.8799681070566
 -476.0051858494033 434.651250280986 871.9735987805973 -518.8249713599572 -353.8974489320753
 92.60628181675929 -434.6504196253144 734.1411534626818 277.1889970324221 -466.1087707409472
 79.56894080869347 -536.9348032295326 -244.4685569499273 525.3893534513149 258.8569674296589
 79.56894080869347 -536.9348032295326 -244.4685569499273 525.3893534513149 258.8569674296589
 -313.9167998254932 823.0269704774105 996.6083957548949 -185.5894135538717 -773.5673465544999
 -463.6120744058757 -662.617474219081 -853.9109957553427 343.4119420991788 -332.0067381043584
 544.7391023053112 -689.1046428193689 709.4457031014374 -887.3369718695847 -97.98843693432741
 -775.9197813571059 914.5643680709675 307.4646207323844 504.7722643645643 482.8670992869334
 566.7983581314866 -266.905241099442 -63.66148707606419 193.1235256773355 -66.67780520359088
 351.0761685202688 -705.7052294616767 313.1708438560299 -945.8581974487694 262.6722470911327
 -201.1883417142783 865.9277593647148 -667.7959794266432 166.0115080822331 -41.0774900446288
 -310.903999078678 475.3892363042596 932.6834268847833 256.3876918699395 379.9313452045656
 -917.3797692594176 -147.982806715448 -320.5182086440241 64.04585764342573 632.7526656589721
 -583.1458086236955 174.0452271853965 -403.9862698351254 -142.2467342616372 -949.2964057989205
 -583.1458086236955 174.0452271853965 -403.9862698351254 -142.2467342616372 -949.2964057989205
 -573.8790632712979 459.282867650971 722.6316450712959 -5.637506312708183 -363.3302357857408
 -970.8416289989498 -163.8810407725891 628.561269838581 -344.0268191714206 544.6587753250942
 586.5051648653441 -255.0058783358044 747.6338097825364 -925.454570362947 310.8665597812271
 -65.65062037190376 70.76194568041251 914.0841798698098 -173.2646525218461 -717.8799681070566
 -889.606414708075 -597.4080090784294 653.0905355453456 -208.3439511329631 -609.5025709978748
 -62.26609430140491 -283.668233340662 -531.3655639052286 423.8760390825319 -112.1010941580668
 609.258856058389 715.924675809742 -705.1230799872806 237.2012145506515 -909.8852685666267
 351.0761685202688 -705.7052294616767 313.1708438560299 -945.8581974487694 262.6722470911327
 -619.6539497808481 479.4794476501506 -281.934824958628 -218.6317725397747 966.2904815294926
 789.8853905508154 514.4420333855705 -54.59762279086749 325.8671187788668 443.8104363122613
 266.0040705066649 411.89716894614 -585.3712820442081 -905.2991149922153 -612.2869213347371
 340.3788087936728 60.04626364563819 -631.5885845040573 -211.9415445987705 372.2045417971465
 -941.0071804874107 23.52735000183111 176.3141394843001 509.2467486964053 -85.94228055852534
 -251.2142937678891 449.2222787552219 -263.6360338665153 -787.2627835203668 492.327745101755
 79.56894080869347 -536.9348032295326 -244.4685569499273 525.3893534513149 258.8569674296589
 171.5234577655008 618.2872021312185 348.2347230958799 95.75526399691898 703.4181884913478
 609.258856058389 715.924675809742 -705.1230799872806 237.2012145506515 -909.8852685666267
 -611.6192653043223 455.4229234209934 -228.0284299828891 518.4429559956259 -16.97919194090252
 209.2700702362686 451.9466195048001 752.026717436132 919.8735368014209 -735.9113111792043
 -476.0051858494033 434.651250280986 871.9735987805973 -518.8249713599572 -353.8974489320753
 111.7089569175098 367.0295562372451 -153.8183077816605 -126.1435728766591 326.6738774944195
 107.7227835522581 -47.29865733037786 45.43112132312422 -887.6066617233469 -416.6209642762627
 661.6263029509807 845.4023396920252 -616.0689879459117 297.5655258229208 -856.5154142404429
 -65.65062037190376 70.76194568041251 914.0841798698098 -173.2646525218461 -717.8799681070566
 -643.7121732662559 510.423761226685 512.2106216215104 -256.9247995200074 66.56740378243808
 -737.5749875385472 716.6646416076617 -282.4723353516468 -162.214212721937 -124.368409341603
 -313.9167998254932 823.0269704774105 996.6083957548949 -185.5894135538717 -773.5673465544999
 -482.4599133675277 -646.4029114485136 979.0068885501018 -496.1681756625854 -882.87219725928
 209.2700702362686 451.9466195048001 752.026717436132 919.8735368014209 -735.9113111792043
 455.0957036829498 397.6295818120925 -361.0477516226553 963.517101038906 -829.070393332383
 -971.9383052453474 -787.4195276347255 525.6788077228425 596.0649599876763 -459.684398547824
 -476.0051858494033 434.651250280986 871.9735987805973 -518.8249713599572 -353.8974489320753
 340.3788087936728 60.04626364563819 -631.5885845040573 -211.9415445987705 372.2045417971465
 79.56894080869347 -536.9348032295326 -244.4685569499273 525.3893534513149 258.8569674296589
 705.9932139895282 772.6336033770376 -405.7546908417861 806.5946436111826 462.3255782252736
 -478.6252171169124 73.4593314877834 297.7194901925354 953.9293009892122 -965.0853200378513
 -160.2761520613113 254.7354491478864 844.794938106173 636.8987615588487 -84.82296265380853
 -251.2142937678891 449.2222787552219 -263.6360338665153 -787.2627835203668 492.327745101755
 98.3805745730624 306.3648225414088 -191.2230915582547 -891.9145276092538 973.6311266047892
 92.60628181675929 -434.6504196253144 734.1411534626818 277.1889970324221 -466.1087707409472
 -435.8407045069806 -527.8741124833584 693.6447910624054 162.389341166057 469.6062616084882
 -611.6192653043223 455.4229234209934 -228.0284299828891 518.4429559956259 -16.97919194090252
 209.2700702362686 451.9466195048001 752.026717436132 919.8735368014209 -735.9113111792043
 -476.0051858494033 434.651250280986 871.9735987805973 -518.8249713599572 -353.8974489320753
 61.30282516000375 -627.3644107285827 -997.8166593037212 -514.2539614958149 562.6405834115324
 92.60628181675929 -434.6504196253144 734.1411534626818 277.1889970324221 -466.1087707409472
 -62.68548793578714 -159.1421999106278 747.3505499006565 11.34594611737145 460.5541620640824
 -476.0051858494033 434.651250280986 871.9735987805973 -518.8249713599572 -353.8974489320753
 351.0761685202688 -705.7052294616767 313.1708438560299 -945.8581974487694 262.6722470911327
 609.258856058389 715.924675809742 -705.1230799872806 237.2012145506515 -909.8852685666267
 60.71873635152701 -762.1358090077576 -100.7287532947429 -885.0404472082071 141.28833179444
 1478.562181661111 1146.486557507458 3362.392167819764 2361.707835242116 279.3065814814266
 837.9452522490907 -2981.530028682368 2860.150337319225 244.7705929454951 717.6270329645361
 446.9705579716572 -1821.408615076067 -450.8478414802119 1742.491556164101 -167.8559207062726
 871.0932974673765 -478.9566544327595 2568.448164756387 2167.933029264294 -1544.12973623878
