# Created by Octave 4.2.1, Mon Oct 09 17:20:30 2017 BRT <root@mosqueiro>
# name: pop
# type: matrix
# rows: 100
# columns: 5
 -1839.684958251766 2096.009296667185 -701.400970639829 -286.9482603066398 734.1843559263679
 -1839.684958251766 2096.009296667185 -701.400970639829 -286.9482603066398 734.1843559263679
 -1595.538963971768 2931.140979942051 -1536.99463658398 39.96237877154547 159.5967163643
 -1839.684958251766 2096.009296667185 -701.400970639829 -286.9482603066398 734.1843559263679
 -1595.538963971768 2931.140979942051 -1536.99463658398 39.96237877154547 159.5967163643
 -1839.684958251766 2096.009296667185 -701.400970639829 -286.9482603066398 734.1843559263679
 -1616.842249454711 2806.633834823607 -1618.407803969035 192.9298928921077 158.9610654321379
 -1839.684958251766 2096.009296667185 -701.400970639829 -286.9482603066398 734.1843559263679
 -1828.883152598319 2121.804049223859 -708.3193391365454 -250.3347361142773 684.0924845599832
 -1839.684958251766 2096.009296667185 -701.400970639829 -286.9482603066398 734.1843559263679
 -1839.684958251766 2096.009296667185 -701.400970639829 -286.9482603066398 734.1843559263679
 -1865.610586330303 2108.153836967116 -697.2155785514847 -334.9610177558198 724.6167882396635
 -1839.684958251766 2096.009296667185 -701.400970639829 -286.9482603066398 734.1843559263679
 -3808.455380693153 3581.688729869676 -573.2948302997365 3050.969836486374 -573.2219659272938
 -1839.684958251766 2096.009296667185 -701.400970639829 -286.9482603066398 734.1843559263679
 -1616.842249454711 2806.633834823607 -1618.407803969035 192.9298928921077 158.9610654321379
 -1839.684958251766 2096.009296667185 -701.400970639829 -286.9482603066398 734.1843559263679
 -1839.684958251766 2096.009296667185 -701.400970639829 -286.9482603066398 734.1843559263679
 -1839.684958251766 2096.009296667185 -701.400970639829 -286.9482603066398 734.1843559263679
 -1839.684958251766 2096.009296667185 -701.400970639829 -286.9482603066398 734.1843559263679
 -1839.684958251766 2096.009296667185 -701.400970639829 -286.9482603066398 734.1843559263679
 -1839.684958251766 2096.009296667185 -701.400970639829 -286.9482603066398 734.1843559263679
 -1839.684958251766 2096.009296667185 -701.400970639829 -286.9482603066398 734.1843559263679
 -1844.359046253062 2050.521061404908 -704.2499142197662 -275.7590127511059 746.1103002374365
 -1839.684958251766 2096.009296667185 -701.400970639829 -286.9482603066398 734.1843559263679
 -1847.212148712578 2114.567451356406 -682.3334764384513 -318.6382385968566 777.7520508720058
 -1839.684958251766 2096.009296667185 -701.400970639829 -286.9482603066398 734.1843559263679
 -1839.684958251766 2096.009296667185 -701.400970639829 -286.9482603066398 734.1843559263679
 -1839.684958251766 2096.009296667185 -701.400970639829 -286.9482603066398 734.1843559263679
 -1839.684958251766 2096.009296667185 -701.400970639829 -286.9482603066398 734.1843559263679
 -1709.774522518444 2580.931613927125 -1604.455881931057 345.0985638412726 -61.72995056235369
 -1839.684958251766 2096.009296667185 -701.400970639829 -286.9482603066398 734.1843559263679
 -1718.739793927182 2949.296054249766 -1696.861595898454 148.2073036176873 129.4246662318153
 -1839.684958251766 2096.009296667185 -701.400970639829 -286.9482603066398 734.1843559263679
 -1836.818156088002 2107.379679229796 -667.7455652107924 -306.8614969265097 747.2982839071487
 -1809.795022921544 3237.495075044097 -1615.404906200659 245.203621135208 335.7471428677139
 -1709.774522518444 2580.931613927125 -1604.455881931057 345.0985638412726 -61.72995056235369
 -1839.684958251766 2096.009296667185 -701.400970639829 -286.9482603066398 734.1843559263679
 -1839.684958251766 2096.009296667185 -701.400970639829 -286.9482603066398 734.1843559263679
 -1839.684958251766 2096.009296667185 -701.400970639829 -286.9482603066398 734.1843559263679
 -1831.195378436325 2129.512822531105 -680.7169885729325 -280.5542632582685 661.4268279375638
 -1862.862113914574 2123.316242355309 -655.2447450632242 -401.6292468091116 808.5054234536994
 -1595.538963971768 2931.140979942051 -1536.99463658398 39.96237877154547 159.5967163643
 -1839.684958251766 2096.009296667185 -701.400970639829 -286.9482603066398 734.1843559263679
 -1824.733893255418 2089.440230006664 -638.5406684724729 -263.5147898734447 735.3592576675126
 -1841.314780597272 2741.877776680163 -1634.649460088888 229.4335773979403 359.9359067894129
 -1839.684958251766 2096.009296667185 -701.400970639829 -286.9482603066398 734.1843559263679
 -1839.684958251766 2096.009296667185 -701.400970639829 -286.9482603066398 734.1843559263679
 -1861.926285274232 2122.034722445374 -701.7461266957619 -231.40934337307 735.5974057090965
 -1411.173605185448 2267.835897547293 -2361.096572872708 866.8534456633797 689.6877236317
 -1839.684958251766 2096.009296667185 -701.400970639829 -286.9482603066398 734.1843559263679
 -1783.433728826656 1898.228450708212 -732.3695896068082 -408.4819425426911 982.9024524471844
 -1839.684958251766 2096.009296667185 -701.400970639829 -286.9482603066398 734.1843559263679
 -1418.126644880102 2276.373646915921 -2401.613114368732 866.408857147592 693.9135133331578
 -1844.359046253062 2050.521061404908 -704.2499142197662 -275.7590127511059 746.1103002374365
 -1826.605073082413 2053.567564095199 -643.9887469731389 -290.9984128476781 683.3100958721884
 -1836.818156088002 2107.379679229796 -667.7455652107924 -306.8614969265097 747.2982839071487
 -1839.684958251766 2096.009296667185 -701.400970639829 -286.9482603066398 734.1843559263679
 -1588.202351786726 2894.70029661723 -1596.340959912981 177.4223866282335 126.7387242699139
 -1831.195378436325 2129.512822531105 -680.7169885729325 -280.5542632582685 661.4268279375638
 -1411.173605185448 2267.835897547293 -2361.096572872708 866.8534456633797 689.6877236317
 -1418.126644880102 2276.373646915921 -2401.613114368732 866.408857147592 693.9135133331578
 -1418.126644880102 2276.373646915921 -2401.613114368732 866.408857147592 693.9135133331578
 -1839.684958251766 2096.009296667185 -701.400970639829 -286.9482603066398 734.1843559263679
 -1839.684958251766 2096.009296667185 -701.400970639829 -286.9482603066398 734.1843559263679
 -1839.684958251766 2096.009296667185 -701.400970639829 -286.9482603066398 734.1843559263679
 -1839.684958251766 2096.009296667185 -701.400970639829 -286.9482603066398 734.1843559263679
 -1839.684958251766 2096.009296667185 -701.400970639829 -286.9482603066398 734.1843559263679
 -1874.804426822124 2133.894476462574 -674.5601357211124 -238.6434580952662 770.4057431663718
 -1839.684958251766 2096.009296667185 -701.400970639829 -286.9482603066398 734.1843559263679
 -1411.173605185448 2267.835897547293 -2361.096572872708 866.8534456633797 689.6877236317
 -1839.684958251766 2096.009296667185 -701.400970639829 -286.9482603066398 734.1843559263679
 -1839.684958251766 2096.009296667185 -701.400970639829 -286.9482603066398 734.1843559263679
 -1839.684958251766 2096.009296667185 -701.400970639829 -286.9482603066398 734.1843559263679
 -1808.515541022589 2125.025728615497 -713.9895701131805 -254.291758236842 699.5742064962869
 -1713.33291374488 2766.323807978518 -1236.9535681614 -8.24350627916175 -167.4925214814788
 -1826.605073082413 2053.567564095199 -643.9887469731389 -290.9984128476781 683.3100958721884
 -1824.733893255418 2089.440230006664 -638.5406684724729 -263.5147898734447 735.3592576675126
 -539.3380812029735 3103.956640827811 -2301.600792786307 -174.5405464770811 -816.8242696944997
 -1802.430420039165 2111.170502747326 -607.3931809835158 -319.6849157757447 720.9868461969584
 -1867.145755778483 2090.576773102081 -691.1565554435648 -279.5164969134028 704.7408971286152
 -1831.901139051082 2115.914628364205 -688.7810745625554 -323.7805799804978 730.7445775734139
 -511.4234442082764 3127.285903774819 -2285.45938763604 -156.761033269399 -825.5119146440976
 -1805.225194384235 3257.058496367205 -1619.26838692365 254.8245945175786 340.9972652377161
