# Created by Octave 4.2.1, Mon Oct 09 17:19:35 2017 BRT <root@mosqueiro>
# name: pop
# type: matrix
# rows: 100
# columns: 5
 522.2437742614701 -144.9924157805565 -136.5962582105276 -1196.903313951449 955.4315910144229
 527.1377679132445 -161.7433735685453 -151.2193386048667 -1183.958562221294 969.1360650035253
 519.4728756767718 -155.2592947316223 -148.0349984023058 -1177.251877574481 962.9284581758027
 519.4728756767718 -155.2592947316223 -148.0349984023058 -1177.251877574481 962.9284581758027
 879.8174128213321 -248.0585968158037 -355.6423847990339 -1004.372144768413 736.0847960871461
 700.202071926257 -241.675683134943 -211.3281813172684 -1082.325141918107 855.1075212584375
 527.1377679132445 -161.7433735685453 -151.2193386048667 -1183.958562221294 969.1360650035253
 522.8402280689218 -159.9091140118342 -156.7935654322187 -1185.742091374637 981.282411788386
 519.4728756767718 -155.2592947316223 -148.0349984023058 -1177.251877574481 962.9284581758027
 879.8174128213321 -248.0585968158037 -355.6423847990339 -1004.372144768413 736.0847960871461
 519.4728756767718 -155.2592947316223 -148.0349984023058 -1177.251877574481 962.9284581758027
 519.4728756767718 -155.2592947316223 -148.0349984023058 -1177.251877574481 962.9284581758027
 519.4728756767718 -155.2592947316223 -148.0349984023058 -1177.251877574481 962.9284581758027
 -222.4511448622665 -918.4807688217769 926.739266443782 -596.3427803908099 746.594912232957
 523.4730157577585 -144.6653262445329 -157.1493538748005 -1170.503858734202 954.9843258573669
 519.4728756767718 -155.2592947316223 -148.0349984023058 -1177.251877574481 962.9284581758027
 522.8402280689218 -159.9091140118342 -156.7935654322187 -1185.742091374637 981.282411788386
 519.4728756767718 -155.2592947316223 -148.0349984023058 -1177.251877574481 962.9284581758027
 426.0767100036241 -97.70016055535682 -223.7120977304863 -1212.97924004888 992.113471570298
 -222.4511448622665 -918.4807688217769 926.739266443782 -596.3427803908099 746.594912232957
 879.8174128213321 -248.0585968158037 -355.6423847990339 -1004.372144768413 736.0847960871461
 519.4728756767718 -155.2592947316223 -148.0349984023058 -1177.251877574481 962.9284581758027
 645.1744049517449 -220.5853030185229 -227.4383107711936 -1144.36331466605 893.6610401311261
 519.4728756767718 -155.2592947316223 -148.0349984023058 -1177.251877574481 962.9284581758027
 522.8402280689218 -159.9091140118342 -156.7935654322187 -1185.742091374637 981.282411788386
 519.4728756767718 -155.2592947316223 -148.0349984023058 -1177.251877574481 962.9284581758027
 519.4728756767718 -155.2592947316223 -148.0349984023058 -1177.251877574481 962.9284581758027
 532.0658995043609 -155.9229206885628 -126.9727451440341 -1189.127882701986 954.9630674747019
 519.5968412397438 -140.2315179921466 -149.7106848696386 -1210.090238574314 955.9759406235834
 884.7347467187381 -260.077368187591 -359.1330387474868 -1001.098479694686 723.8137880630223
 519.5968412397438 -140.2315179921466 -149.7106848696386 -1210.090238574314 955.9759406235834
 519.4728756767718 -155.2592947316223 -148.0349984023058 -1177.251877574481 962.9284581758027
 519.4728756767718 -155.2592947316223 -148.0349984023058 -1177.251877574481 962.9284581758027
 879.8174128213321 -248.0585968158037 -355.6423847990339 -1004.372144768413 736.0847960871461
 519.4728756767718 -155.2592947316223 -148.0349984023058 -1177.251877574481 962.9284581758027
 522.8402280689218 -159.9091140118342 -156.7935654322187 -1185.742091374637 981.282411788386
 522.2437742614701 -144.9924157805565 -136.5962582105276 -1196.903313951449 955.4315910144229
 519.4728756767718 -155.2592947316223 -148.0349984023058 -1177.251877574481 962.9284581758027
 519.4728756767718 -155.2592947316223 -148.0349984023058 -1177.251877574481 962.9284581758027
 522.8402280689218 -159.9091140118342 -156.7935654322187 -1185.742091374637 981.282411788386
 520.9386762186086 -179.2557725172964 -131.9948473636872 -1144.827403009232 955.2670582875066
 519.5968412397438 -140.2315179921466 -149.7106848696386 -1210.090238574314 955.9759406235834
 632.2401940978066 -256.8809808632147 -361.3435962965208 -1002.833874721978 831.6208892465634
 689.5317606949592 -243.3202334247802 -192.121035988658 -1063.412833190274 849.8160673499325
 522.2437742614701 -144.9924157805565 -136.5962582105276 -1196.903313951449 955.4315910144229
 527.1377679132445 -161.7433735685453 -151.2193386048667 -1183.958562221294 969.1360650035253
 519.4728756767718 -155.2592947316223 -148.0349984023058 -1177.251877574481 962.9284581758027
 -239.0684684345042 -982.9922886181145 1055.85463503117 -622.3698754536705 828.0368284312992
 526.6977754451375 -175.7712871266069 -158.1625079162457 -1198.198587031715 976.7687415961332
 519.4728756767718 -155.2592947316223 -148.0349984023058 -1177.251877574481 962.9284581758027
 553.4260831596392 -173.8641503161294 -126.5270614846575 -1152.475258856264 927.1938230353991
 522.8402280689218 -159.9091140118342 -156.7935654322187 -1185.742091374637 981.282411788386
 519.4728756767718 -155.2592947316223 -148.0349984023058 -1177.251877574481 962.9284581758027
 519.4728756767718 -155.2592947316223 -148.0349984023058 -1177.251877574481 962.9284581758027
 519.4728756767718 -155.2592947316223 -148.0349984023058 -1177.251877574481 962.9284581758027
 519.4728756767718 -155.2592947316223 -148.0349984023058 -1177.251877574481 962.9284581758027
 560.5727101610443 -100.9160936106173 -111.7051327695741 -1166.965888083492 925.3382592191563
 519.4728756767718 -155.2592947316223 -148.0349984023058 -1177.251877574481 962.9284581758027
 513.2183123026506 -146.0900221337694 -164.7928822199565 -1159.485110772513 952.7213474255042
 522.8402280689218 -159.9091140118342 -156.7935654322187 -1185.742091374637 981.282411788386
 519.4728756767718 -155.2592947316223 -148.0349984023058 -1177.251877574481 962.9284581758027
 886.3561022449888 -257.004232872042 -336.1197295491862 -999.2352746377159 732.790151030273
 519.4728756767718 -155.2592947316223 -148.0349984023058 -1177.251877574481 962.9284581758027
 519.4728756767718 -155.2592947316223 -148.0349984023058 -1177.251877574481 962.9284581758027
 519.4728756767718 -155.2592947316223 -148.0349984023058 -1177.251877574481 962.9284581758027
 879.8174128213321 -248.0585968158037 -355.6423847990339 -1004.372144768413 736.0847960871461
 691.4717734473983 -224.4426117504883 -217.1854944568264 -1075.532404818996 852.6081876128392
 879.8174128213321 -248.0585968158037 -355.6423847990339 -1004.372144768413 736.0847960871461
 879.8174128213321 -248.0585968158037 -355.6423847990339 -1004.372144768413 736.0847960871461
 897.9847947940189 -257.6504355042005 -353.2201402467806 -1004.582186140483 760.7780976019635
 527.1377679132445 -161.7433735685453 -151.2193386048667 -1183.958562221294 969.1360650035253
 519.4728756767718 -155.2592947316223 -148.0349984023058 -1177.251877574481 962.9284581758027
 884.7347467187381 -260.077368187591 -359.1330387474868 -1001.098479694686 723.8137880630223
 519.4728756767718 -155.2592947316223 -148.0349984023058 -1177.251877574481 962.9284581758027
 652.0707227695768 -228.4798176402218 -214.3540830669307 -1145.236697420052 899.1343740006153
 519.4728756767718 -155.2592947316223 -148.0349984023058 -1177.251877574481 962.9284581758027
 522.8402280689218 -159.9091140118342 -156.7935654322187 -1185.742091374637 981.282411788386
 522.8402280689218 -159.9091140118342 -156.7935654322187 -1185.742091374637 981.282411788386
 519.4728756767718 -155.2592947316223 -148.0349984023058 -1177.251877574481 962.9284581758027
 519.4728756767718 -155.2592947316223 -148.0349984023058 -1177.251877574481 962.9284581758027
 901.2357434243289 -254.909267323585 -345.6895158429231 -994.6165705489552 750.6032721341137
 524.3240637936567 -156.9660356487749 -150.79977487875 -1186.487785528868 975.6932628160254
 521.2970703512837 -161.3925873112721 -152.4879498935656 -1185.142944887796 975.3644822124752
 708.258058063721 -234.3821620113953 -193.415949682007 -1098.699456198334 838.6772192740007
