# Created by Octave 4.2.1, Mon Oct 09 17:20:01 2017 BRT <root@mosqueiro>
# name: pop
# type: matrix
# rows: 100
# columns: 5
 -253.935663394946 -627.0440646270383 26.57882194482798 112.3541240991824 741.8557978485687
 -253.935663394946 -627.0440646270383 26.57882194482798 112.3541240991824 741.8557978485687
 379.1452729869285 -262.8319988656224 -170.3859799870585 19.86500050853942 78.51953548409591
 -248.6400252369566 -668.65761599473 -2.656160312411235 131.4980581014857 829.0930409562982
 -253.935663394946 -627.0440646270383 26.57882194482798 112.3541240991824 741.8557978485687
 -253.935663394946 -627.0440646270383 26.57882194482798 112.3541240991824 741.8557978485687
 -253.935663394946 -627.0440646270383 26.57882194482798 112.3541240991824 741.8557978485687
 -253.935663394946 -627.0440646270383 26.57882194482798 112.3541240991824 741.8557978485687
 -253.935663394946 -627.0440646270383 26.57882194482798 112.3541240991824 741.8557978485687
 371.712684717904 -297.5644430729197 -150.9693948208263 -41.60340753317314 160.8816957959191
 345.8482763280485 -220.636344163094 -217.0721058274095 -29.75305498490223 293.401425983456
 -302.1343456896543 -603.3864712741108 200.7261701248717 191.3243994445271 631.3516947801656
 -253.935663394946 -627.0440646270383 26.57882194482798 112.3541240991824 741.8557978485687
 -253.935663394946 -627.0440646270383 26.57882194482798 112.3541240991824 741.8557978485687
 -253.935663394946 -627.0440646270383 26.57882194482798 112.3541240991824 741.8557978485687
 -217.3791968035966 -630.026737518354 116.0575906543842 131.5620160274987 815.3649852314156
 -284.1617569813017 -669.1733988357628 112.8822628273025 213.5602487621278 743.3037400803414
 -253.935663394946 -627.0440646270383 26.57882194482798 112.3541240991824 741.8557978485687
 -253.935663394946 -627.0440646270383 26.57882194482798 112.3541240991824 741.8557978485687
 305.1704664137625 -528.495697811165 -21.87320002836952 200.2340140653054 369.4763930780505
 -248.6400252369566 -668.65761599473 -2.656160312411235 131.4980581014857 829.0930409562982
 371.712684717904 -297.5644430729197 -150.9693948208263 -41.60340753317314 160.8816957959191
 -253.935663394946 -627.0440646270383 26.57882194482798 112.3541240991824 741.8557978485687
 371.712684717904 -297.5644430729197 -150.9693948208263 -41.60340753317314 160.8816957959191
 -189.3858270001388 -502.5683297131237 -104.4213960614771 231.5948343910188 689.7690150375117
 202.6997798534754 -323.6021488881731 -79.68321148624146 -205.4386714494379 216.6933689331342
 -186.6079085447443 -500.2792676831045 -182.1260708096761 275.8533672925033 724.5347997382999
 -253.935663394946 -627.0440646270383 26.57882194482798 112.3541240991824 741.8557978485687
 499.7002376564301 -368.9797464503875 -145.7930352106204 -96.68333380328605 134.1301623670159
 -253.935663394946 -627.0440646270383 26.57882194482798 112.3541240991824 741.8557978485687
 -253.935663394946 -627.0440646270383 26.57882194482798 112.3541240991824 741.8557978485687
 -274.8790867940521 -604.0146948343842 13.91614390351541 128.8587433058291 770.8857962973549
 371.712684717904 -297.5644430729197 -150.9693948208263 -41.60340753317314 160.8816957959191
 -152.4475414205444 -907.7165081090504 -35.10089318008394 -53.50650115833204 1419.353766716531
 371.712684717904 -297.5644430729197 -150.9693948208263 -41.60340753317314 160.8816957959191
 -248.6400252369566 -668.65761599473 -2.656160312411235 131.4980581014857 829.0930409562982
 -274.8790867940521 -604.0146948343842 13.91614390351541 128.8587433058291 770.8857962973549
 -253.935663394946 -627.0440646270383 26.57882194482798 112.3541240991824 741.8557978485687
 -253.935663394946 -627.0440646270383 26.57882194482798 112.3541240991824 741.8557978485687
 -253.935663394946 -627.0440646270383 26.57882194482798 112.3541240991824 741.8557978485687
 305.1704664137625 -528.495697811165 -21.87320002836952 200.2340140653054 369.4763930780505
 -248.6400252369566 -668.65761599473 -2.656160312411235 131.4980581014857 829.0930409562982
 -253.935663394946 -627.0440646270383 26.57882194482798 112.3541240991824 741.8557978485687
 -253.935663394946 -627.0440646270383 26.57882194482798 112.3541240991824 741.8557978485687
 -253.935663394946 -627.0440646270383 26.57882194482798 112.3541240991824 741.8557978485687
 -189.3858270001388 -502.5683297131237 -104.4213960614771 231.5948343910188 689.7690150375117
 -253.935663394946 -627.0440646270383 26.57882194482798 112.3541240991824 741.8557978485687
 371.712684717904 -297.5644430729197 -150.9693948208263 -41.60340753317314 160.8816957959191
 -253.935663394946 -627.0440646270383 26.57882194482798 112.3541240991824 741.8557978485687
 -253.935663394946 -627.0440646270383 26.57882194482798 112.3541240991824 741.8557978485687
 -253.935663394946 -627.0440646270383 26.57882194482798 112.3541240991824 741.8557978485687
 -253.935663394946 -627.0440646270383 26.57882194482798 112.3541240991824 741.8557978485687
 -253.935663394946 -627.0440646270383 26.57882194482798 112.3541240991824 741.8557978485687
 202.6997798534754 -323.6021488881731 -79.68321148624146 -205.4386714494379 216.6933689331342
 -253.935663394946 -627.0440646270383 26.57882194482798 112.3541240991824 741.8557978485687
 -253.935663394946 -627.0440646270383 26.57882194482798 112.3541240991824 741.8557978485687
 -253.935663394946 -627.0440646270383 26.57882194482798 112.3541240991824 741.8557978485687
 -253.935663394946 -627.0440646270383 26.57882194482798 112.3541240991824 741.8557978485687
 -189.3858270001388 -502.5683297131237 -104.4213960614771 231.5948343910188 689.7690150375117
 -253.935663394946 -627.0440646270383 26.57882194482798 112.3541240991824 741.8557978485687
 -253.935663394946 -627.0440646270383 26.57882194482798 112.3541240991824 741.8557978485687
 -253.935663394946 -627.0440646270383 26.57882194482798 112.3541240991824 741.8557978485687
 -253.935663394946 -627.0440646270383 26.57882194482798 112.3541240991824 741.8557978485687
 -248.6400252369566 -668.65761599473 -2.656160312411235 131.4980581014857 829.0930409562982
 345.8482763280485 -220.636344163094 -217.0721058274095 -29.75305498490223 293.401425983456
 371.712684717904 -297.5644430729197 -150.9693948208263 -41.60340753317314 160.8816957959191
 -253.935663394946 -627.0440646270383 26.57882194482798 112.3541240991824 741.8557978485687
 -253.935663394946 -627.0440646270383 26.57882194482798 112.3541240991824 741.8557978485687
 371.712684717904 -297.5644430729197 -150.9693948208263 -41.60340753317314 160.8816957959191
 -217.3791968035966 -630.026737518354 116.0575906543842 131.5620160274987 815.3649852314156
 371.712684717904 -297.5644430729197 -150.9693948208263 -41.60340753317314 160.8816957959191
 -290.3724256861983 -571.9129041976174 -9.096125535562884 195.845927522158 789.5163933608699
 -253.935663394946 -627.0440646270383 26.57882194482798 112.3541240991824 741.8557978485687
 -273.4057985578895 -626.3298010427628 94.26248674284544 99.55936142277082 761.6646928361542
 -253.935663394946 -627.0440646270383 26.57882194482798 112.3541240991824 741.8557978485687
 -253.935663394946 -627.0440646270383 26.57882194482798 112.3541240991824 741.8557978485687
 -302.1343456896543 -603.3864712741108 200.7261701248717 191.3243994445271 631.3516947801656
 364.23472118982 -347.3150144963531 -191.5988444815424 -61.13962581467295 125.4003623862081
 379.1452729869285 -262.8319988656224 -170.3859799870585 19.86500050853942 78.51953548409591
 -253.935663394946 -627.0440646270383 26.57882194482798 112.3541240991824 741.8557978485687
 354.7642287214394 -293.5875515395213 -155.2522096487914 -59.86149610529081 190.5319878125698
 -226.4347253589953 -633.6500063128001 -19.48522574138568 132.4076355648084 705.186006158236
 -258.3038834890222 -620.3239206089878 52.86705139237644 111.6695928870072 768.530700792682
 336.9349312524413 -292.4413552365127 -181.0106242164 -37.3650855658498 211.5019182857371
 376.628925702185 -300.1424505945571 -186.4269759106432 -19.88680601556714 146.7347972349534
