# Created by Octave 4.2.1, Mon Oct 09 17:20:00 2017 BRT <root@mosqueiro>
# name: pop
# type: matrix
# rows: 100
# columns: 5
 -253.935663394946 -627.0440646270383 26.57882194482798 112.3541240991824 741.8557978485687
 -253.935663394946 -627.0440646270383 26.57882194482798 112.3541240991824 741.8557978485687
 -189.3858270001388 -502.5683297131237 -104.4213960614771 231.5948343910188 689.7690150375117
 -248.6400252369566 -668.65761599473 -2.656160312411235 131.4980581014857 829.0930409562982
 -253.935663394946 -627.0440646270383 26.57882194482798 112.3541240991824 741.8557978485687
 -253.935663394946 -627.0440646270383 26.57882194482798 112.3541240991824 741.8557978485687
 445.4471423772998 -141.2329502803851 -169.3608986943467 -16.94607593350743 147.8854650348289
 445.4471423772998 -141.2329502803851 -169.3608986943467 -16.94607593350743 147.8854650348289
 371.712684717904 -297.5644430729197 -150.9693948208263 -41.60340753317314 160.8816957959191
 -253.935663394946 -627.0440646270383 26.57882194482798 112.3541240991824 741.8557978485687
 -253.935663394946 -627.0440646270383 26.57882194482798 112.3541240991824 741.8557978485687
 371.712684717904 -297.5644430729197 -150.9693948208263 -41.60340753317314 160.8816957959191
 -302.1343456896543 -603.3864712741108 200.7261701248717 191.3243994445271 631.3516947801656
 -253.935663394946 -627.0440646270383 26.57882194482798 112.3541240991824 741.8557978485687
 -253.935663394946 -627.0440646270383 26.57882194482798 112.3541240991824 741.8557978485687
 371.712684717904 -297.5644430729197 -150.9693948208263 -41.60340753317314 160.8816957959191
 -248.6400252369566 -668.65761599473 -2.656160312411235 131.4980581014857 829.0930409562982
 -253.935663394946 -627.0440646270383 26.57882194482798 112.3541240991824 741.8557978485687
 160.5855223750683 -386.8962272251871 -118.8132537270683 -168.8502525389422 225.6647418075165
 371.712684717904 -297.5644430729197 -150.9693948208263 -41.60340753317314 160.8816957959191
 371.712684717904 -297.5644430729197 -150.9693948208263 -41.60340753317314 160.8816957959191
 -253.935663394946 -627.0440646270383 26.57882194482798 112.3541240991824 741.8557978485687
 -253.935663394946 -627.0440646270383 26.57882194482798 112.3541240991824 741.8557978485687
 371.712684717904 -297.5644430729197 -150.9693948208263 -41.60340753317314 160.8816957959191
 -937.1549481941815 854.1730611094681 -76.89152495521148 403.3971366596516 -114.9417988217939
 -248.6400252369566 -668.65761599473 -2.656160312411235 131.4980581014857 829.0930409562982
 -253.935663394946 -627.0440646270383 26.57882194482798 112.3541240991824 741.8557978485687
 276.8356242698076 -491.0415630437028 -439.6048438109128 -36.51225784173059 229.3965092398349
 371.712684717904 -297.5644430729197 -150.9693948208263 -41.60340753317314 160.8816957959191
 -253.935663394946 -627.0440646270383 26.57882194482798 112.3541240991824 741.8557978485687
 -253.935663394946 -627.0440646270383 26.57882194482798 112.3541240991824 741.8557978485687
 305.1704664137625 -528.495697811165 -21.87320002836952 200.2340140653054 369.4763930780505
 -152.4475414205444 -907.7165081090504 -35.10089318008394 -53.50650115833204 1419.353766716531
 -253.935663394946 -627.0440646270383 26.57882194482798 112.3541240991824 741.8557978485687
 -253.935663394946 -627.0440646270383 26.57882194482798 112.3541240991824 741.8557978485687
 371.712684717904 -297.5644430729197 -150.9693948208263 -41.60340753317314 160.8816957959191
 529.172489424983 -466.7127756725914 -181.2535918231519 -201.9048754890677 81.08209073471654
 445.4471423772998 -141.2329502803851 -169.3608986943467 -16.94607593350743 147.8854650348289
 -302.1343456896543 -603.3864712741108 200.7261701248717 191.3243994445271 631.3516947801656
 -253.935663394946 -627.0440646270383 26.57882194482798 112.3541240991824 741.8557978485687
 371.712684717904 -297.5644430729197 -150.9693948208263 -41.60340753317314 160.8816957959191
 371.712684717904 -297.5644430729197 -150.9693948208263 -41.60340753317314 160.8816957959191
 580.8136092422542 -597.5521018076709 239.0243153745616 -59.28981839400632 -242.4272308362183
 -253.935663394946 -627.0440646270383 26.57882194482798 112.3541240991824 741.8557978485687
 -253.935663394946 -627.0440646270383 26.57882194482798 112.3541240991824 741.8557978485687
 -253.935663394946 -627.0440646270383 26.57882194482798 112.3541240991824 741.8557978485687
 -253.935663394946 -627.0440646270383 26.57882194482798 112.3541240991824 741.8557978485687
 -4028.083806361989 -2513.631038509531 1236.056742353239 2458.663027978962 -2442.657560190468
 620.8091499360232 -37.80380983261043 -180.2131490619427 46.76903809511981 -100.2998300653901
 371.712684717904 -297.5644430729197 -150.9693948208263 -41.60340753317314 160.8816957959191
 371.712684717904 -297.5644430729197 -150.9693948208263 -41.60340753317314 160.8816957959191
 -253.935663394946 -627.0440646270383 26.57882194482798 112.3541240991824 741.8557978485687
 -253.935663394946 -627.0440646270383 26.57882194482798 112.3541240991824 741.8557978485687
 -4028.083806361989 -2513.631038509531 1236.056742353239 2458.663027978962 -2442.657560190468
 371.712684717904 -297.5644430729197 -150.9693948208263 -41.60340753317314 160.8816957959191
 -253.935663394946 -627.0440646270383 26.57882194482798 112.3541240991824 741.8557978485687
 -253.935663394946 -627.0440646270383 26.57882194482798 112.3541240991824 741.8557978485687
 -253.935663394946 -627.0440646270383 26.57882194482798 112.3541240991824 741.8557978485687
 371.712684717904 -297.5644430729197 -150.9693948208263 -41.60340753317314 160.8816957959191
 -253.935663394946 -627.0440646270383 26.57882194482798 112.3541240991824 741.8557978485687
 -253.935663394946 -627.0440646270383 26.57882194482798 112.3541240991824 741.8557978485687
 -132.0839731102379 -597.8742767536758 8.340380539048979 33.20734381876483 633.1445150090425
 441.7453967912535 -257.4608040998447 -192.7768194964775 -50.77172313579673 178.6781895565642
 -378.4395113389435 -658.4000737215074 354.5349631883697 93.1519205097425 690.8937605835229
 -253.935663394946 -627.0440646270383 26.57882194482798 112.3541240991824 741.8557978485687
 -253.935663394946 -627.0440646270383 26.57882194482798 112.3541240991824 741.8557978485687
 371.712684717904 -297.5644430729197 -150.9693948208263 -41.60340753317314 160.8816957959191
 -253.935663394946 -627.0440646270383 26.57882194482798 112.3541240991824 741.8557978485687
 -253.935663394946 -627.0440646270383 26.57882194482798 112.3541240991824 741.8557978485687
 -217.3791968035966 -630.026737518354 116.0575906543842 131.5620160274987 815.3649852314156
 -253.935663394946 -627.0440646270383 26.57882194482798 112.3541240991824 741.8557978485687
 -253.935663394946 -627.0440646270383 26.57882194482798 112.3541240991824 741.8557978485687
 -253.935663394946 -627.0440646270383 26.57882194482798 112.3541240991824 741.8557978485687
 345.8482763280485 -220.636344163094 -217.0721058274095 -29.75305498490223 293.401425983456
 -253.935663394946 -627.0440646270383 26.57882194482798 112.3541240991824 741.8557978485687
 -253.935663394946 -627.0440646270383 26.57882194482798 112.3541240991824 741.8557978485687
 -253.935663394946 -627.0440646270383 26.57882194482798 112.3541240991824 741.8557978485687
 -253.935663394946 -627.0440646270383 26.57882194482798 112.3541240991824 741.8557978485687
 371.712684717904 -297.5644430729197 -150.9693948208263 -41.60340753317314 160.8816957959191
 -248.6400252369566 -668.65761599473 -2.656160312411235 131.4980581014857 829.0930409562982
 -290.3724256861983 -571.9129041976174 -9.096125535562884 195.845927522158 789.5163933608699
 -255.8089316270274 -690.2695848136726 52.36020253235196 150.1357082630646 785.97894953741
 -274.8790867940521 -604.0146948343842 13.91614390351541 128.8587433058291 770.8857962973549
 -273.4057985578895 -626.3298010427628 94.26248674284544 99.55936142277082 761.6646928361542
 204.1994243195782 -429.5062089770801 -85.87125634928492 -183.0366093859403 316.6669434845273
