# Created by Octave 4.2.1, Mon Oct 09 17:19:37 2017 BRT <root@mosqueiro>
# name: pop
# type: matrix
# rows: 100
# columns: 5
 522.2437742614701 -144.9924157805565 -136.5962582105276 -1196.903313951449 955.4315910144229
 522.2437742614701 -144.9924157805565 -136.5962582105276 -1196.903313951449 955.4315910144229
 527.1377679132445 -161.7433735685453 -151.2193386048667 -1183.958562221294 969.1360650035253
 879.9338150660265 -262.068331978506 -357.4672991360796 -1003.300738645921 726.7217712836735
 527.1377679132445 -161.7433735685453 -151.2193386048667 -1183.958562221294 969.1360650035253
 520.9386762186086 -179.2557725172964 -131.9948473636872 -1144.827403009232 955.2670582875066
 524.9292047331544 -160.0202293263815 -150.2506534849036 -1182.0847277147 973.1971246004666
 527.1377679132445 -161.7433735685453 -151.2193386048667 -1183.958562221294 969.1360650035253
 882.7053265824284 -242.9708786650299 -352.1672837508854 -1005.568334291708 731.007829697634
 519.4728756767718 -155.2592947316223 -148.0349984023058 -1177.251877574481 962.9284581758027
 522.8402280689218 -159.9091140118342 -156.7935654322187 -1185.742091374637 981.282411788386
 527.1377679132445 -161.7433735685453 -151.2193386048667 -1183.958562221294 969.1360650035253
 532.0658995043609 -155.9229206885628 -126.9727451440341 -1189.127882701986 954.9630674747019
 522.2437742614701 -144.9924157805565 -136.5962582105276 -1196.903313951449 955.4315910144229
 522.2437742614701 -144.9924157805565 -136.5962582105276 -1196.903313951449 955.4315910144229
 880.5037113975928 -247.4362725028025 -350.4973446576439 -1003.903697250632 733.4557952530481
 522.2437742614701 -144.9924157805565 -136.5962582105276 -1196.903313951449 955.4315910144229
 519.4728756767718 -155.2592947316223 -148.0349984023058 -1177.251877574481 962.9284581758027
 527.1377679132445 -161.7433735685453 -151.2193386048667 -1183.958562221294 969.1360650035253
 525.0474147718269 -143.2651912430481 -154.1089093869888 -1172.41389825146 961.0977389988223
 519.4728756767718 -155.2592947316223 -148.0349984023058 -1177.251877574481 962.9284581758027
 522.8402280689218 -159.9091140118342 -156.7935654322187 -1185.742091374637 981.282411788386
 519.4728756767718 -155.2592947316223 -148.0349984023058 -1177.251877574481 962.9284581758027
 519.4728756767718 -155.2592947316223 -148.0349984023058 -1177.251877574481 962.9284581758027
 519.4728756767718 -155.2592947316223 -148.0349984023058 -1177.251877574481 962.9284581758027
 522.2437742614701 -144.9924157805565 -136.5962582105276 -1196.903313951449 955.4315910144229
 522.2437742614701 -144.9924157805565 -136.5962582105276 -1196.903313951449 955.4315910144229
 891.1112236570905 -231.9164020901168 -377.0908622354876 -998.9260419375425 711.1587099803895
 522.2437742614701 -144.9924157805565 -136.5962582105276 -1196.903313951449 955.4315910144229
 527.1377679132445 -161.7433735685453 -151.2193386048667 -1183.958562221294 969.1360650035253
 527.1377679132445 -161.7433735685453 -151.2193386048667 -1183.958562221294 969.1360650035253
 524.4458641358748 -161.3590763451048 -152.0660594071468 -1188.039566980198 967.4994946738707
 525.229311670009 -156.6387090398056 -148.4332994183158 -1183.11893704624 962.1953218634717
 522.2437742614701 -144.9924157805565 -136.5962582105276 -1196.903313951449 955.4315910144229
 880.5037113975928 -247.4362725028025 -350.4973446576439 -1003.903697250632 733.4557952530481
 527.1377679132445 -161.7433735685453 -151.2193386048667 -1183.958562221294 969.1360650035253
 519.4728756767718 -155.2592947316223 -148.0349984023058 -1177.251877574481 962.9284581758027
 519.4728756767718 -155.2592947316223 -148.0349984023058 -1177.251877574481 962.9284581758027
 522.2437742614701 -144.9924157805565 -136.5962582105276 -1196.903313951449 955.4315910144229
 516.406075835407 -151.9128121586712 -152.4747179634508 -1173.610297339957 963.316049727391
 -222.4691930949211 -916.4957643653046 928.5836983742568 -593.4067901034635 746.7896276799837
 522.8402280689218 -159.9091140118342 -156.7935654322187 -1185.742091374637 981.282411788386
 522.2437742614701 -144.9924157805565 -136.5962582105276 -1196.903313951449 955.4315910144229
 522.8402280689218 -159.9091140118342 -156.7935654322187 -1185.742091374637 981.282411788386
 525.0474147718269 -143.2651912430481 -154.1089093869888 -1172.41389825146 961.0977389988223
 522.2437742614701 -144.9924157805565 -136.5962582105276 -1196.903313951449 955.4315910144229
 527.1377679132445 -161.7433735685453 -151.2193386048667 -1183.958562221294 969.1360650035253
 527.1377679132445 -161.7433735685453 -151.2193386048667 -1183.958562221294 969.1360650035253
 522.2437742614701 -144.9924157805565 -136.5962582105276 -1196.903313951449 955.4315910144229
 519.4728756767718 -155.2592947316223 -148.0349984023058 -1177.251877574481 962.9284581758027
 885.8352330651769 -247.1097981083828 -352.2444584208407 -999.8553474011998 737.5126353542806
 522.8402280689218 -159.9091140118342 -156.7935654322187 -1185.742091374637 981.282411788386
 527.1377679132445 -161.7433735685453 -151.2193386048667 -1183.958562221294 969.1360650035253
 522.8402280689218 -159.9091140118342 -156.7935654322187 -1185.742091374637 981.282411788386
 -239.0684684345042 -982.9922886181145 1055.85463503117 -622.3698754536705 828.0368284312992
 519.7125093494628 -146.5905751314643 -144.6903047780571 -1179.260762232516 962.738858225998
 885.8352330651769 -247.1097981083828 -352.2444584208407 -999.8553474011998 737.5126353542806
 522.2437742614701 -144.9924157805565 -136.5962582105276 -1196.903313951449 955.4315910144229
 527.1377679132445 -161.7433735685453 -151.2193386048667 -1183.958562221294 969.1360650035253
 522.2437742614701 -144.9924157805565 -136.5962582105276 -1196.903313951449 955.4315910144229
 519.4728756767718 -155.2592947316223 -148.0349984023058 -1177.251877574481 962.9284581758027
 522.2437742614701 -144.9924157805565 -136.5962582105276 -1196.903313951449 955.4315910144229
 522.2437742614701 -144.9924157805565 -136.5962582105276 -1196.903313951449 955.4315910144229
 519.4728756767718 -155.2592947316223 -148.0349984023058 -1177.251877574481 962.9284581758027
 527.1377679132445 -161.7433735685453 -151.2193386048667 -1183.958562221294 969.1360650035253
 522.2437742614701 -144.9924157805565 -136.5962582105276 -1196.903313951449 955.4315910144229
 522.2437742614701 -144.9924157805565 -136.5962582105276 -1196.903313951449 955.4315910144229
 522.2437742614701 -144.9924157805565 -136.5962582105276 -1196.903313951449 955.4315910144229
 522.2437742614701 -144.9924157805565 -136.5962582105276 -1196.903313951449 955.4315910144229
 527.1377679132445 -161.7433735685453 -151.2193386048667 -1183.958562221294 969.1360650035253
 527.1377679132445 -161.7433735685453 -151.2193386048667 -1183.958562221294 969.1360650035253
 527.1377679132445 -161.7433735685453 -151.2193386048667 -1183.958562221294 969.1360650035253
 522.2437742614701 -144.9924157805565 -136.5962582105276 -1196.903313951449 955.4315910144229
 522.2437742614701 -144.9924157805565 -136.5962582105276 -1196.903313951449 955.4315910144229
 522.8402280689218 -159.9091140118342 -156.7935654322187 -1185.742091374637 981.282411788386
 525.239161932494 -161.3263304188856 -146.9230622219159 -1176.576486343423 965.0698002377959
 522.8402280689218 -159.9091140118342 -156.7935654322187 -1185.742091374637 981.282411788386
 522.8402280689218 -159.9091140118342 -156.7935654322187 -1185.742091374637 981.282411788386
 522.2437742614701 -144.9924157805565 -136.5962582105276 -1196.903313951449 955.4315910144229
 520.8514080744145 -152.9652426127105 -145.5015007344019 -1180.179698478176 961.4493144574292
 521.6335119040581 -146.3051231724772 -137.0517181543106 -1196.868220357789 955.5658483120668
 523.2470045287093 -159.6976782047347 -157.4293076288222 -1185.356630822841 979.8455680467926
 524.941364494342 -160.2273290703414 -157.8228742236098 -1186.890156770185 980.1287683130685
 528.354916400308 -161.0127732502874 -151.8165828741926 -1182.467833651354 967.5735524626807
