# Created by Octave 4.2.1, Mon Oct 09 17:20:04 2017 BRT <root@mosqueiro>
# name: pop
# type: matrix
# rows: 100
# columns: 5
 -253.3429534791895 -628.0244369629889 29.69777295331378 109.0960652254849 742.1554546450452
 -253.935663394946 -627.0440646270383 26.57882194482798 112.3541240991824 741.8557978485687
 -249.6599500821055 -607.3182503690315 24.10868482077067 114.7628062106319 740.5040538279605
 -154.2250557647868 -910.6732397915656 -43.0013420287418 -51.04582601716325 1408.907985547605
 -253.935663394946 -627.0440646270383 26.57882194482798 112.3541240991824 741.8557978485687
 -253.935663394946 -627.0440646270383 26.57882194482798 112.3541240991824 741.8557978485687
 336.9349312524413 -292.4413552365127 -181.0106242164 -37.3650855658498 211.5019182857371
 -286.4782758077747 -609.2937058608416 11.66034314661098 118.1033486824764 710.9084650792981
 -253.935663394946 -627.0440646270383 26.57882194482798 112.3541240991824 741.8557978485687
 -253.935663394946 -627.0440646270383 26.57882194482798 112.3541240991824 741.8557978485687
 -248.0333399871766 -623.4970733233349 26.15846192331199 117.3299754954516 745.0078188350163
 -253.935663394946 -627.0440646270383 26.57882194482798 112.3541240991824 741.8557978485687
 -274.2880781419781 -629.3649305792351 12.02010791191815 102.6398922439362 762.2243574480821
 -253.935663394946 -627.0440646270383 26.57882194482798 112.3541240991824 741.8557978485687
 -256.8356169333874 -639.6219777336017 32.82840272670078 120.109157773524 757.1366079149986
 -253.3429534791895 -628.0244369629889 29.69777295331378 109.0960652254849 742.1554546450452
 -253.935663394946 -627.0440646270383 26.57882194482798 112.3541240991824 741.8557978485687
 -262.3174157272361 -615.5707393330803 29.3647340814159 121.3374870473343 721.922503362386
 -253.935663394946 -627.0440646270383 26.57882194482798 112.3541240991824 741.8557978485687
 -268.335026082809 -625.5342275841705 28.85052262593656 123.611611901031 741.586386198987
 -238.287380073275 -634.7830682321855 33.66441789449538 143.9181384381334 701.8122776608991
 -249.6599500821055 -607.3182503690315 24.10868482077067 114.7628062106319 740.5040538279605
 -253.935663394946 -627.0440646270383 26.57882194482798 112.3541240991824 741.8557978485687
 -253.935663394946 -627.0440646270383 26.57882194482798 112.3541240991824 741.8557978485687
 -253.935663394946 -627.0440646270383 26.57882194482798 112.3541240991824 741.8557978485687
 -253.935663394946 -627.0440646270383 26.57882194482798 112.3541240991824 741.8557978485687
 -253.935663394946 -627.0440646270383 26.57882194482798 112.3541240991824 741.8557978485687
 -253.935663394946 -627.0440646270383 26.57882194482798 112.3541240991824 741.8557978485687
 -253.935663394946 -627.0440646270383 26.57882194482798 112.3541240991824 741.8557978485687
 -253.935663394946 -627.0440646270383 26.57882194482798 112.3541240991824 741.8557978485687
 -253.935663394946 -627.0440646270383 26.57882194482798 112.3541240991824 741.8557978485687
 -252.5710423129325 -627.3202574487575 23.91653213070328 102.8243280483767 748.0860112756859
 -253.935663394946 -627.0440646270383 26.57882194482798 112.3541240991824 741.8557978485687
 -253.935663394946 -627.0440646270383 26.57882194482798 112.3541240991824 741.8557978485687
 -253.935663394946 -627.0440646270383 26.57882194482798 112.3541240991824 741.8557978485687
 -253.935663394946 -627.0440646270383 26.57882194482798 112.3541240991824 741.8557978485687
 -238.6158569361987 -624.1994144454414 20.36915393276371 119.6430547805142 750.231281592684
 -273.4057985578895 -626.3298010427628 94.26248674284544 99.55936142277082 761.6646928361542
 -253.935663394946 -627.0440646270383 26.57882194482798 112.3541240991824 741.8557978485687
 -276.6152709598068 -647.5966222361966 13.31031347382745 108.0730205465855 731.515598273545
 -253.935663394946 -627.0440646270383 26.57882194482798 112.3541240991824 741.8557978485687
 -253.935663394946 -627.0440646270383 26.57882194482798 112.3541240991824 741.8557978485687
 -274.8790867940521 -604.0146948343842 13.91614390351541 128.8587433058291 770.8857962973549
 -262.3174157272361 -615.5707393330803 29.3647340814159 121.3374870473343 721.922503362386
 -253.935663394946 -627.0440646270383 26.57882194482798 112.3541240991824 741.8557978485687
 -253.935663394946 -627.0440646270383 26.57882194482798 112.3541240991824 741.8557978485687
 -253.935663394946 -627.0440646270383 26.57882194482798 112.3541240991824 741.8557978485687
 -253.935663394946 -627.0440646270383 26.57882194482798 112.3541240991824 741.8557978485687
 -249.6599500821055 -607.3182503690315 24.10868482077067 114.7628062106319 740.5040538279605
 -255.6760041145694 -629.2524223168796 15.25074449573187 123.6214156989494 742.8603193199151
 -253.935663394946 -627.0440646270383 26.57882194482798 112.3541240991824 741.8557978485687
 -290.9110494172727 -620.6885737286908 17.07981144372148 115.767883386356 771.6955565490525
 -253.935663394946 -627.0440646270383 26.57882194482798 112.3541240991824 741.8557978485687
 -253.935663394946 -627.0440646270383 26.57882194482798 112.3541240991824 741.8557978485687
 -253.3429534791895 -628.0244369629889 29.69777295331378 109.0960652254849 742.1554546450452
 -248.7041054097992 -627.5315260811871 49.72812106395825 98.32157155822125 768.1935455914617
 -253.935663394946 -627.0440646270383 26.57882194482798 112.3541240991824 741.8557978485687
 -253.935663394946 -627.0440646270383 26.57882194482798 112.3541240991824 741.8557978485687
 -269.5033351140734 -654.9533959477703 69.6350149687902 136.9755347256691 692.2945041038819
 -253.935663394946 -627.0440646270383 26.57882194482798 112.3541240991824 741.8557978485687
 -269.5033351140734 -654.9533959477703 69.6350149687902 136.9755347256691 692.2945041038819
 -253.935663394946 -627.0440646270383 26.57882194482798 112.3541240991824 741.8557978485687
 -253.3429534791895 -628.0244369629889 29.69777295331378 109.0960652254849 742.1554546450452
 -286.4782758077747 -609.2937058608416 11.66034314661098 118.1033486824764 710.9084650792981
 -253.935663394946 -627.0440646270383 26.57882194482798 112.3541240991824 741.8557978485687
 -253.3429534791895 -628.0244369629889 29.69777295331378 109.0960652254849 742.1554546450452
 -226.4347253589953 -633.6500063128001 -19.48522574138568 132.4076355648084 705.186006158236
 -253.935663394946 -627.0440646270383 26.57882194482798 112.3541240991824 741.8557978485687
 -284.5655975269702 -611.1737068882916 22.27697849302547 121.4225908832743 699.8917703872102
 -284.5655975269702 -611.1737068882916 22.27697849302547 121.4225908832743 699.8917703872102
 -253.935663394946 -627.0440646270383 26.57882194482798 112.3541240991824 741.8557978485687
 -253.935663394946 -627.0440646270383 26.57882194482798 112.3541240991824 741.8557978485687
 -253.935663394946 -627.0440646270383 26.57882194482798 112.3541240991824 741.8557978485687
 -248.0333399871766 -623.4970733233349 26.15846192331199 117.3299754954516 745.0078188350163
 -268.335026082809 -625.5342275841705 28.85052262593656 123.611611901031 741.586386198987
 -248.7041054097992 -627.5315260811871 49.72812106395825 98.32157155822125 768.1935455914617
 -246.434820757199 -619.9663792857779 22.43691198999515 112.6010704203922 735.5256982845576
 -253.935663394946 -627.0440646270383 26.57882194482798 112.3541240991824 741.8557978485687
 -253.935663394946 -627.0440646270383 26.57882194482798 112.3541240991824 741.8557978485687
 -253.935663394946 -627.0440646270383 26.57882194482798 112.3541240991824 741.8557978485687
 -251.2068438273531 -627.2015587599481 32.97731879023955 110.5993776249966 741.4916952828686
 -255.9617401459099 -631.3066678888308 28.24086324922116 110.8653821003273 747.3709054605207
 -256.7541584383667 -623.7486959774479 24.99063907632081 113.9393139763277 739.8436360263363
 -190.8953037125729 -499.8588716192976 -102.5772604975961 226.9767352932602 685.9316388313688
 -246.1720148721201 -648.9189038380937 -10.30490653106924 140.9729339396493 718.7240519022861
