# Created by Octave 4.2.1, Mon Oct 09 17:20:28 2017 BRT <root@mosqueiro>
# name: pop
# type: matrix
# rows: 100
# columns: 5
 -1839.684958251766 2096.009296667185 -701.400970639829 -286.9482603066398 734.1843559263679
 -1839.684958251766 2096.009296667185 -701.400970639829 -286.9482603066398 734.1843559263679
 -3787.270017307775 3615.664110075783 -564.7942759931612 3035.99196389871 -583.0815011829185
 -1809.795022921544 3237.495075044097 -1615.404906200659 245.203621135208 335.7471428677139
 -1680.717764521641 2518.413721918002 -1609.024843260812 378.9076905102136 -94.51539805099105
 -1657.064886974553 2856.800878802917 -1820.856721828739 75.88455013403544 -60.64803762397466
 -1783.433728826656 1898.228450708212 -732.3695896068082 -408.4819425426911 982.9024524471844
 -1657.064886974553 2856.800878802917 -1820.856721828739 75.88455013403544 -60.64803762397466
 -1616.842249454711 2806.633834823607 -1618.407803969035 192.9298928921077 158.9610654321379
 -1320.869208211781 2973.278930241156 -1636.428597311057 557.4311091689449 72.47076196541377
 -1839.684958251766 2096.009296667185 -701.400970639829 -286.9482603066398 734.1843559263679
 -1839.684958251766 2096.009296667185 -701.400970639829 -286.9482603066398 734.1843559263679
 -1721.431557055083 1952.924159563011 -614.1139514735573 -512.5649482356453 604.2048052785954
 -1588.202351786726 2894.70029661723 -1596.340959912981 177.4223866282335 126.7387242699139
 -1839.684958251766 2096.009296667185 -701.400970639829 -286.9482603066398 734.1843559263679
 -1839.684958251766 2096.009296667185 -701.400970639829 -286.9482603066398 734.1843559263679
 -1761.521044151238 2188.95825916116 -692.7489614460403 -154.0342022111061 667.2434825313757
 -1839.684958251766 2096.009296667185 -701.400970639829 -286.9482603066398 734.1843559263679
 -1560.663123388277 3018.832379705881 -1652.180649394313 322.9925460013102 539.3872388157004
 -1839.684958251766 2096.009296667185 -701.400970639829 -286.9482603066398 734.1843559263679
 -2166.677693250913 2141.761395768393 -430.5197476238059 -437.9416659396973 1029.153360656765
 -1418.126644880102 2276.373646915921 -2401.613114368732 866.408857147592 693.9135133331578
 -1839.684958251766 2096.009296667185 -701.400970639829 -286.9482603066398 734.1843559263679
 -1839.684958251766 2096.009296667185 -701.400970639829 -286.9482603066398 734.1843559263679
 -1839.684958251766 2096.009296667185 -701.400970639829 -286.9482603066398 734.1843559263679
 -1839.684958251766 2096.009296667185 -701.400970639829 -286.9482603066398 734.1843559263679
 -1839.684958251766 2096.009296667185 -701.400970639829 -286.9482603066398 734.1843559263679
 -1839.684958251766 2096.009296667185 -701.400970639829 -286.9482603066398 734.1843559263679
 -1839.684958251766 2096.009296667185 -701.400970639829 -286.9482603066398 734.1843559263679
 -1418.126644880102 2276.373646915921 -2401.613114368732 866.408857147592 693.9135133331578
 -1874.804426822124 2133.894476462574 -674.5601357211124 -238.6434580952662 770.4057431663718
 -1588.202351786726 2894.70029661723 -1596.340959912981 177.4223866282335 126.7387242699139
 -1839.684958251766 2096.009296667185 -701.400970639829 -286.9482603066398 734.1843559263679
 -1839.684958251766 2096.009296667185 -701.400970639829 -286.9482603066398 734.1843559263679
 -1839.684958251766 2096.009296667185 -701.400970639829 -286.9482603066398 734.1843559263679
 -1910.080846045833 2876.028882064617 -1128.91665565323 -9.816354421494804 -347.7214007972552
 -1841.314780597272 2741.877776680163 -1634.649460088888 229.4335773979403 359.9359067894129
 -1839.684958251766 2096.009296667185 -701.400970639829 -286.9482603066398 734.1843559263679
 -1839.684958251766 2096.009296667185 -701.400970639829 -286.9482603066398 734.1843559263679
 -1839.684958251766 2096.009296667185 -701.400970639829 -286.9482603066398 734.1843559263679
 -1839.684958251766 2096.009296667185 -701.400970639829 -286.9482603066398 734.1843559263679
 -539.3380812029735 3103.956640827811 -2301.600792786307 -174.5405464770811 -816.8242696944997
 -1839.684958251766 2096.009296667185 -701.400970639829 -286.9482603066398 734.1843559263679
 -1588.202351786726 2894.70029661723 -1596.340959912981 177.4223866282335 126.7387242699139
 -1839.684958251766 2096.009296667185 -701.400970639829 -286.9482603066398 734.1843559263679
 -1809.795022921544 3237.495075044097 -1615.404906200659 245.203621135208 335.7471428677139
 -1839.684958251766 2096.009296667185 -701.400970639829 -286.9482603066398 734.1843559263679
 -2072.90892641865 2167.990749887193 -862.8630111209981 43.04721600428885 245.6705052653381
 -3787.270017307775 3615.664110075783 -564.7942759931612 3035.99196389871 -583.0815011829185
 -1839.684958251766 2096.009296667185 -701.400970639829 -286.9482603066398 734.1843559263679
 -341.9591246967144 2973.629780158089 -2369.299800877362 -138.7158660934453 -879.6711887049906
 -1839.684958251766 2096.009296667185 -701.400970639829 -286.9482603066398 734.1843559263679
 -1721.431557055083 1952.924159563011 -614.1139514735573 -512.5649482356453 604.2048052785954
 -1839.684958251766 2096.009296667185 -701.400970639829 -286.9482603066398 734.1843559263679
 -1588.202351786726 2894.70029661723 -1596.340959912981 177.4223866282335 126.7387242699139
 -1839.684958251766 2096.009296667185 -701.400970639829 -286.9482603066398 734.1843559263679
 -1802.430420039165 2111.170502747326 -607.3931809835158 -319.6849157757447 720.9868461969584
 -1713.33291374488 2766.323807978518 -1236.9535681614 -8.24350627916175 -167.4925214814788
 -1839.684958251766 2096.009296667185 -701.400970639829 -286.9482603066398 734.1843559263679
 -1418.126644880102 2276.373646915921 -2401.613114368732 866.408857147592 693.9135133331578
 -1560.663123388277 3018.832379705881 -1652.180649394313 322.9925460013102 539.3872388157004
 -1839.684958251766 2096.009296667185 -701.400970639829 -286.9482603066398 734.1843559263679
 -1839.684958251766 2096.009296667185 -701.400970639829 -286.9482603066398 734.1843559263679
 -1839.684958251766 2096.009296667185 -701.400970639829 -286.9482603066398 734.1843559263679
 -1844.45818454207 2190.933319985697 -604.8894244986923 -338.7590410452074 653.760595265134
 -1761.521044151238 2188.95825916116 -692.7489614460403 -154.0342022111061 667.2434825313757
 -1588.202351786726 2894.70029661723 -1596.340959912981 177.4223866282335 126.7387242699139
 -1839.684958251766 2096.009296667185 -701.400970639829 -286.9482603066398 734.1843559263679
 -1839.684958251766 2096.009296667185 -701.400970639829 -286.9482603066398 734.1843559263679
 -1588.202351786726 2894.70029661723 -1596.340959912981 177.4223866282335 126.7387242699139
 -1839.684958251766 2096.009296667185 -701.400970639829 -286.9482603066398 734.1843559263679
 -1839.684958251766 2096.009296667185 -701.400970639829 -286.9482603066398 734.1843559263679
 -1839.684958251766 2096.009296667185 -701.400970639829 -286.9482603066398 734.1843559263679
 -1839.684958251766 2096.009296667185 -701.400970639829 -286.9482603066398 734.1843559263679
 -1560.663123388277 3018.832379705881 -1652.180649394313 322.9925460013102 539.3872388157004
 -1839.684958251766 2096.009296667185 -701.400970639829 -286.9482603066398 734.1843559263679
 -1568.902283340223 3526.526313015293 -2284.664607526836 882.4023519235368 694.0872804152131
 -1839.684958251766 2096.009296667185 -701.400970639829 -286.9482603066398 734.1843559263679
 -1839.684958251766 2096.009296667185 -701.400970639829 -286.9482603066398 734.1843559263679
 -1933.297094156218 2336.606876897763 -693.0510688778304 -301.8962046547506 724.8712798122949
 -1797.918892461076 2109.099726969962 -652.9760946927011 -312.8058811051197 818.1506820940215
 -1808.713874062348 2095.674294901053 -665.4944451041113 -361.5410431832174 770.9595882274155
 -1778.485794628887 2161.449552504582 -665.9420149670281 -323.7425338751 641.7669725455623
 -3808.455380693153 3581.688729869676 -573.2948302997365 3050.969836486374 -573.2219659272938
