# Created by Octave 4.2.1, Mon Oct 09 17:19:00 2017 BRT <root@mosqueiro>
# name: pop
# type: matrix
# rows: 100
# columns: 5
 -898.330748938852 384.9769342641647 -119.4649488495087 493.0826402215598 141.0886312478332
 -898.330748938852 384.9769342641647 -119.4649488495087 493.0826402215598 141.0886312478332
 -949.3501094302809 328.1792227366875 -327.7998549818341 363.6395403821098 591.0421121212014
 -932.1316081765757 353.1368997690186 -176.9478092681129 570.0000459852415 61.35755263531262
 -907.7299161307394 345.8583930442513 -108.7485627596046 647.6147748296473 -22.51591666578594
 -960.8678051664589 321.4302922599637 -313.5364786477089 390.5496898249767 635.8113009475305
 -705.4066125682424 -193.2237877402573 -94.5834579782852 739.1083421097292 221.2749396591802
 -776.4441275836297 -262.9612573559912 -39.1288979240545 792.5756707860992 253.8897452346387
 -922.4387560238375 422.534544850865 -125.0128506303313 591.3513039625861 35.61498341077896
 -949.3501094302809 328.1792227366875 -327.7998549818341 363.6395403821098 591.0421121212014
 -949.3501094302809 328.1792227366875 -327.7998549818341 363.6395403821098 591.0421121212014
 -61.78407682456623 -564.3920720607986 -490.5782021232019 1576.067781356273 289.4664869357147
 -922.4387560238375 422.534544850865 -125.0128506303313 591.3513039625861 35.61498341077896
 -890.4478383653275 265.7935388313536 -344.7320711637215 312.0232332463091 814.5786572863752
 -859.5256366331809 440.8605849106857 -189.9299013043247 739.7018293234796 -90.21633884032818
 -16.62009738637488 162.7396315096016 88.02745511318221 560.8002422906927 -70.48123584631543
 -775.4223785739852 78.95180675796087 1030.923364825446 1161.08687997479 1566.380328870234
 -949.3501094302809 328.1792227366875 -327.7998549818341 363.6395403821098 591.0421121212014
 -949.3501094302809 328.1792227366875 -327.7998549818341 363.6395403821098 591.0421121212014
 -922.4387560238375 422.534544850865 -125.0128506303313 591.3513039625861 35.61498341077896
 -922.4387560238375 422.534544850865 -125.0128506303313 591.3513039625861 35.61498341077896
 -740.0812443056229 -261.0217900321334 -36.46923379602072 812.9975577392072 269.7047144134333
 -922.4387560238375 422.534544850865 -125.0128506303313 591.3513039625861 35.61498341077896
 -949.3501094302809 328.1792227366875 -327.7998549818341 363.6395403821098 591.0421121212014
 -701.1102502974518 -332.7163049930907 -36.37947207613253 884.8336314842444 297.8279915912645
 -740.0812443056229 -261.0217900321334 -36.46923379602072 812.9975577392072 269.7047144134333
 -957.2466911593583 395.3817505981967 -183.2009138473933 588.0507239446069 9.370653885889816
 -871.9477130287812 81.69856949235415 -319.4814893551471 215.6694529709064 851.8972152820082
 -949.3501094302809 328.1792227366875 -327.7998549818341 363.6395403821098 591.0421121212014
 -932.1316081765757 353.1368997690186 -176.9478092681129 570.0000459852415 61.35755263531262
 -898.330748938852 384.9769342641647 -119.4649488495087 493.0826402215598 141.0886312478332
 -228.3862915999111 106.2735098570221 -213.2278781167585 534.9358323194216 386.5748258081198
 -949.3501094302809 328.1792227366875 -327.7998549818341 363.6395403821098 591.0421121212014
 -932.1316081765757 353.1368997690186 -176.9478092681129 570.0000459852415 61.35755263531262
 -853.677851839064 377.5427484642925 -329.6439695542097 462.3011064975464 531.6845882541895
 -949.3501094302809 328.1792227366875 -327.7998549818341 363.6395403821098 591.0421121212014
 -949.3501094302809 328.1792227366875 -327.7998549818341 363.6395403821098 591.0421121212014
 -922.4387560238375 422.534544850865 -125.0128506303313 591.3513039625861 35.61498341077896
 -898.330748938852 384.9769342641647 -119.4649488495087 493.0826402215598 141.0886312478332
 -949.3501094302809 328.1792227366875 -327.7998549818341 363.6395403821098 591.0421121212014
 -898.330748938852 384.9769342641647 -119.4649488495087 493.0826402215598 141.0886312478332
 -922.4387560238375 422.534544850865 -125.0128506303313 591.3513039625861 35.61498341077896
 -922.4387560238375 422.534544850865 -125.0128506303313 591.3513039625861 35.61498341077896
 -92.7459867652662 154.7693339220542 44.05367424690508 526.818003306997 -121.1187230137199
 -898.330748938852 384.9769342641647 -119.4649488495087 493.0826402215598 141.0886312478332
 -949.3501094302809 328.1792227366875 -327.7998549818341 363.6395403821098 591.0421121212014
 -898.330748938852 384.9769342641647 -119.4649488495087 493.0826402215598 141.0886312478332
 -740.0812443056229 -261.0217900321334 -36.46923379602072 812.9975577392072 269.7047144134333
 -949.3501094302809 328.1792227366875 -327.7998549818341 363.6395403821098 591.0421121212014
 -898.330748938852 384.9769342641647 -119.4649488495087 493.0826402215598 141.0886312478332
 -922.4387560238375 422.534544850865 -125.0128506303313 591.3513039625861 35.61498341077896
 -922.4387560238375 422.534544850865 -125.0128506303313 591.3513039625861 35.61498341077896
 -818.5219726958899 177.9639866644299 -50.72365610905261 867.2932040921113 189.090330733235
 -922.4387560238375 422.534544850865 -125.0128506303313 591.3513039625861 35.61498341077896
 -740.0812443056229 -261.0217900321334 -36.46923379602072 812.9975577392072 269.7047144134333
 -740.0812443056229 -261.0217900321334 -36.46923379602072 812.9975577392072 269.7047144134333
 -898.330748938852 384.9769342641647 -119.4649488495087 493.0826402215598 141.0886312478332
 -922.4387560238375 422.534544850865 -125.0128506303313 591.3513039625861 35.61498341077896
 -949.3501094302809 328.1792227366875 -327.7998549818341 363.6395403821098 591.0421121212014
 -740.0812443056229 -261.0217900321334 -36.46923379602072 812.9975577392072 269.7047144134333
 -922.4387560238375 422.534544850865 -125.0128506303313 591.3513039625861 35.61498341077896
 -922.4387560238375 422.534544850865 -125.0128506303313 591.3513039625861 35.61498341077896
 -705.4066125682424 -193.2237877402573 -94.5834579782852 739.1083421097292 221.2749396591802
 -740.0812443056229 -261.0217900321334 -36.46923379602072 812.9975577392072 269.7047144134333
 -922.4387560238375 422.534544850865 -125.0128506303313 591.3513039625861 35.61498341077896
 -922.4387560238375 422.534544850865 -125.0128506303313 591.3513039625861 35.61498341077896
 -721.4043560393687 -172.1878670719364 -15.6104971718365 816.1220265299862 311.699643860456
 -740.0812443056229 -261.0217900321334 -36.46923379602072 812.9975577392072 269.7047144134333
 -949.3501094302809 328.1792227366875 -327.7998549818341 363.6395403821098 591.0421121212014
 -228.3862915999111 106.2735098570221 -213.2278781167585 534.9358323194216 386.5748258081198
 -922.4387560238375 422.534544850865 -125.0128506303313 591.3513039625861 35.61498341077896
 -898.330748938852 384.9769342641647 -119.4649488495087 493.0826402215598 141.0886312478332
 -922.4387560238375 422.534544850865 -125.0128506303313 591.3513039625861 35.61498341077896
 -922.4387560238375 422.534544850865 -125.0128506303313 591.3513039625861 35.61498341077896
 -922.4387560238375 422.534544850865 -125.0128506303313 591.3513039625861 35.61498341077896
 -898.330748938852 384.9769342641647 -119.4649488495087 493.0826402215598 141.0886312478332
 -957.2466911593583 395.3817505981967 -183.2009138473933 588.0507239446069 9.370653885889816
 -859.5256366331809 440.8605849106857 -189.9299013043247 739.7018293234796 -90.21633884032818
 -740.0812443056229 -261.0217900321334 -36.46923379602072 812.9975577392072 269.7047144134333
 -898.330748938852 384.9769342641647 -119.4649488495087 493.0826402215598 141.0886312478332
 -702.3378283598345 -259.2899746747378 -24.73795962416567 779.6526695066469 245.2933125464108
 -913.3690982339945 421.6778471754592 -149.2841252858523 608.8084469074303 103.0425655113981
 -958.6658987989049 353.2054282717806 -299.6810678437434 353.831147682707 603.5376013716342
 -927.4194334793779 448.1332100678614 -110.4652986333798 579.4870637074922 -27.62770010626222
