# Created by Octave 4.2.1, Mon Oct 09 17:19:07 2017 BRT <root@mosqueiro>
# name: pop
# type: matrix
# rows: 100
# columns: 5
 -890.2974103740278 374.0990803290987 -122.128471866018 495.0595398583083 142.4030939378874
 -890.9506508241011 374.8314042256916 -121.7846548012352 494.9831850061361 142.1012285994441
 -898.330748938852 384.9769342641647 -119.4649488495087 493.0826402215598 141.0886312478332
 -898.1384308813491 384.3728573136543 -117.6811210422764 494.771259476615 139.2395092578476
 -890.4859804495616 374.4288634100113 -121.9791359105691 494.8518481982784 142.4318233402542
 -889.8675573539716 374.2970129510323 -122.074640010357 495.4291686770223 141.9809071100086
 -897.8226095797796 384.653249764079 -119.2127280189075 492.4234890614307 142.3060234193755
 -890.9506508241011 374.8314042256916 -121.7846548012352 494.9831850061361 142.1012285994441
 -898.330748938852 384.9769342641647 -119.4649488495087 493.0826402215598 141.0886312478332
 -957.1171658963643 344.2696292569207 -330.1573757835191 365.9246597478426 580.9280080315252
 -890.4859804495616 374.4288634100113 -121.9791359105691 494.8518481982784 142.4318233402542
 -949.3501094302809 328.1792227366875 -327.7998549818341 363.6395403821098 591.0421121212014
 -890.4859804495616 374.4288634100113 -121.9791359105691 494.8518481982784 142.4318233402542
 -890.4859804495616 374.4288634100113 -121.9791359105691 494.8518481982784 142.4318233402542
 -898.330748938852 384.9769342641647 -119.4649488495087 493.0826402215598 141.0886312478332
 -898.330748938852 384.9769342641647 -119.4649488495087 493.0826402215598 141.0886312478332
 -890.4859804495616 374.4288634100113 -121.9791359105691 494.8518481982784 142.4318233402542
 -890.2094508988386 374.1734160891477 -123.3832923867305 493.991688341395 142.391867962706
 -890.4859804495616 374.4288634100113 -121.9791359105691 494.8518481982784 142.4318233402542
 -890.9506508241011 374.8314042256916 -121.7846548012352 494.9831850061361 142.1012285994441
 -890.4859804495616 374.4288634100113 -121.9791359105691 494.8518481982784 142.4318233402542
 -926.8081957216854 448.0185506352606 -108.3600930488532 578.4587457332686 -26.2654489658977
 -890.7960693578902 374.4155033123595 -122.2588407238883 494.3489997542173 143.0479559168423
 -888.5910805448774 374.2621101757348 -122.1826595417364 494.325078760521 141.8409809261389
 -890.4859804495616 374.4288634100113 -121.9791359105691 494.8518481982784 142.4318233402542
 -890.4859804495616 374.4288634100113 -121.9791359105691 494.8518481982784 142.4318233402542
 -957.1171658963643 344.2696292569207 -330.1573757835191 365.9246597478426 580.9280080315252
 -898.330748938852 384.9769342641647 -119.4649488495087 493.0826402215598 141.0886312478332
 -923.8394377744058 423.3528703020049 -125.0438858182515 587.8001912146131 35.5361581995405
 -888.5910805448774 374.2621101757348 -122.1826595417364 494.325078760521 141.8409809261389
 -890.4859804495616 374.4288634100113 -121.9791359105691 494.8518481982784 142.4318233402542
 -899.5511617349722 384.5068471176742 -120.7235072700016 493.4973631422915 141.8909953366164
 -890.4859804495616 374.4288634100113 -121.9791359105691 494.8518481982784 142.4318233402542
 -890.4859804495616 374.4288634100113 -121.9791359105691 494.8518481982784 142.4318233402542
 -890.6019874532504 374.4639831701476 -121.97268360543 494.6527698259593 142.8566967661073
 -890.4859804495616 374.4288634100113 -121.9791359105691 494.8518481982784 142.4318233402542
 -890.4859804495616 374.4288634100113 -121.9791359105691 494.8518481982784 142.4318233402542
 -890.4859804495616 374.4288634100113 -121.9791359105691 494.8518481982784 142.4318233402542
 -891.7792768270467 375.3239014169557 -122.2838857310421 494.6240403373281 142.6904435933239
 -899.5511617349722 384.5068471176742 -120.7235072700016 493.4973631422915 141.8909953366164
 -890.4859804495616 374.4288634100113 -121.9791359105691 494.8518481982784 142.4318233402542
 -890.4859804495616 374.4288634100113 -121.9791359105691 494.8518481982784 142.4318233402542
 -890.4859804495616 374.4288634100113 -121.9791359105691 494.8518481982784 142.4318233402542
 -898.330748938852 384.9769342641647 -119.4649488495087 493.0826402215598 141.0886312478332
 -890.4859804495616 374.4288634100113 -121.9791359105691 494.8518481982784 142.4318233402542
 -890.4859804495616 374.4288634100113 -121.9791359105691 494.8518481982784 142.4318233402542
 -923.2760684297428 421.6583668164366 -126.0221965987921 589.9009819478523 37.82142784440577
 -923.2760684297428 421.6583668164366 -126.0221965987921 589.9009819478523 37.82142784440577
 -890.2094508988386 374.1734160891477 -123.3832923867305 493.991688341395 142.391867962706
 -890.4859804495616 374.4288634100113 -121.9791359105691 494.8518481982784 142.4318233402542
 -890.4859804495616 374.4288634100113 -121.9791359105691 494.8518481982784 142.4318233402542
 -890.4607655716057 374.3785520715428 -122.568891410784 495.2165879726242 142.250014789845
 -922.4387560238375 422.534544850865 -125.0128506303313 591.3513039625861 35.61498341077896
 -890.2974103740278 374.0990803290987 -122.128471866018 495.0595398583083 142.4030939378874
 -958.6690571618232 345.5235424359493 -330.8093401848893 365.2521146620747 579.1457357440687
 -890.4859804495616 374.4288634100113 -121.9791359105691 494.8518481982784 142.4318233402542
 -890.4859804495616 374.4288634100113 -121.9791359105691 494.8518481982784 142.4318233402542
 -898.4715118358188 384.5993573501705 -118.8623008485395 494.06667671684 140.6363919225027
 -890.4859804495616 374.4288634100113 -121.9791359105691 494.8518481982784 142.4318233402542
 -899.0761635287282 382.5914563228328 -119.3216454996285 490.124960262771 138.958062325261
 -888.5910805448774 374.2621101757348 -122.1826595417364 494.325078760521 141.8409809261389
 -890.4859804495616 374.4288634100113 -121.9791359105691 494.8518481982784 142.4318233402542
 -890.9506508241011 374.8314042256916 -121.7846548012352 494.9831850061361 142.1012285994441
 -890.4859804495616 374.4288634100113 -121.9791359105691 494.8518481982784 142.4318233402542
 -890.4859804495616 374.4288634100113 -121.9791359105691 494.8518481982784 142.4318233402542
 -890.4859804495616 374.4288634100113 -121.9791359105691 494.8518481982784 142.4318233402542
 -890.4859804495616 374.4288634100113 -121.9791359105691 494.8518481982784 142.4318233402542
 -890.4859804495616 374.4288634100113 -121.9791359105691 494.8518481982784 142.4318233402542
 -926.8081957216854 448.0185506352606 -108.3600930488532 578.4587457332686 -26.2654489658977
 -890.4859804495616 374.4288634100113 -121.9791359105691 494.8518481982784 142.4318233402542
 -890.4859804495616 374.4288634100113 -121.9791359105691 494.8518481982784 142.4318233402542
 -958.6690571618232 345.5235424359493 -330.8093401848893 365.2521146620747 579.1457357440687
 -890.1327229272304 374.4976208682963 -121.0159135546155 495.6859419781742 142.6816259649449
 -890.4600617645459 374.2330980641587 -122.2411272867826 494.4363753965565 142.5657380177176
 -890.4859804495616 374.4288634100113 -121.9791359105691 494.8518481982784 142.4318233402542
 -890.4859804495616 374.4288634100113 -121.9791359105691 494.8518481982784 142.4318233402542
 -890.2094508988386 374.1734160891477 -123.3832923867305 493.991688341395 142.391867962706
 -890.2094508988386 374.1734160891477 -123.3832923867305 493.991688341395 142.391867962706
 -890.4859804495616 374.4288634100113 -121.9791359105691 494.8518481982784 142.4318233402542
 -890.4859804495616 374.4288634100113 -121.9791359105691 494.8518481982784 142.4318233402542
 -898.30612300239 385.0279301403685 -119.3648711522256 493.0589856073267 141.2627714687495
 -898.1292178283414 384.4834706335564 -117.6696118857066 494.8143264902806 139.1410822570175
 -894.8145261333771 377.8008909121305 -119.2197051041168 496.208132953576 141.637119965206
 -890.8715120476918 374.7794426282867 -122.0059175024989 494.8771200760639 142.1967355765492
 -890.6555461513352 374.5326893027415 -121.8532627656744 494.7981904819751 142.3377665848001
