# Created by Octave 4.2.1, Mon Oct 09 17:20:19 2017 BRT <root@mosqueiro>
# name: pop
# type: matrix
# rows: 100
# columns: 5
 -1588.202351786726 2894.70029661723 -1596.340959912981 177.4223866282335 126.7387242699139
 -1588.202351786726 2894.70029661723 -1596.340959912981 177.4223866282335 126.7387242699139
 -2962.756305985668 -219.0977643212005 1108.88656341353 1997.075747466377 -541.4695791896577
 730.2750681066323 978.0833670210743 842.3019676456241 3969.06299316534 -1099.135318763854
 -65.65062037190376 70.76194568041251 914.0841798698098 -173.2646525218461 -717.8799681070566
 -65.65062037190376 70.76194568041251 914.0841798698098 -173.2646525218461 -717.8799681070566
 -282.7147476056239 818.9691076640074 -308.2652944654384 321.2273519674131 -495.1801709611902
 -65.65062037190376 70.76194568041251 914.0841798698098 -173.2646525218461 -717.8799681070566
 1576.768421539102 1305.517107601382 -2531.889337833489 -1086.732111975054 1153.594114866075
 -2506.175330205816 2630.308146856089 -1240.752970239811 37.05177694149796 1098.55554622419
 609.258856058389 715.924675809742 -705.1230799872806 237.2012145506515 -909.8852685666267
 962.1767016892455 922.0233115788943 -460.3499746325717 -585.1153452073327 1801.674982924606
 351.0761685202688 -705.7052294616767 313.1708438560299 -945.8581974487694 262.6722470911327
 -1588.202351786726 2894.70029661723 -1596.340959912981 177.4223866282335 126.7387242699139
 609.258856058389 715.924675809742 -705.1230799872806 237.2012145506515 -909.8852685666267
 -65.65062037190376 70.76194568041251 914.0841798698098 -173.2646525218461 -717.8799681070566
 -2506.175330205816 2630.308146856089 -1240.752970239811 37.05177694149796 1098.55554622419
 -1588.202351786726 2894.70029661723 -1596.340959912981 177.4223866282335 126.7387242699139
 -2506.175330205816 2630.308146856089 -1240.752970239811 37.05177694149796 1098.55554622419
 -2506.175330205816 2630.308146856089 -1240.752970239811 37.05177694149796 1098.55554622419
 -1588.202351786726 2894.70029661723 -1596.340959912981 177.4223866282335 126.7387242699139
 -1588.202351786726 2894.70029661723 -1596.340959912981 177.4223866282335 126.7387242699139
 -282.7147476056239 818.9691076640074 -308.2652944654384 321.2273519674131 -495.1801709611902
 2193.628690831571 781.7476145701885 1518.895256214051 762.5341292178683 1632.088402467451
 -4305.459207262325 2104.758632334534 -1425.185176782734 -918.3063353297812 1525.594528307727
 -2506.175330205816 2630.308146856089 -1240.752970239811 37.05177694149796 1098.55554622419
 -65.65062037190376 70.76194568041251 914.0841798698098 -173.2646525218461 -717.8799681070566
 -779.9451313155872 2192.822073999379 -1153.254433605618 -2560.202821305435 -3025.899743059452
 -2506.175330205816 2630.308146856089 -1240.752970239811 37.05177694149796 1098.55554622419
 -476.0051858494033 434.651250280986 871.9735987805973 -518.8249713599572 -353.8974489320753
 -65.65062037190376 70.76194568041251 914.0841798698098 -173.2646525218461 -717.8799681070566
 -2506.175330205816 2630.308146856089 -1240.752970239811 37.05177694149796 1098.55554622419
 609.258856058389 715.924675809742 -705.1230799872806 237.2012145506515 -909.8852685666267
 -1909.241110847923 403.820573595809 -141.6043751930192 -663.4713738859698 -1899.782794770559
 -1309.259456633873 -2841.653680502064 -1292.862225742398 -1926.929708556133 134.5452338415792
 -65.65062037190376 70.76194568041251 914.0841798698098 -173.2646525218461 -717.8799681070566
 -65.65062037190376 70.76194568041251 914.0841798698098 -173.2646525218461 -717.8799681070566
 -65.65062037190376 70.76194568041251 914.0841798698098 -173.2646525218461 -717.8799681070566
 -1309.259456633873 -2841.653680502064 -1292.862225742398 -1926.929708556133 134.5452338415792
 -856.0827323369399 -28.86613186962404 -103.0901262192132 1017.603941717515 -1548.112696814832
 -476.0051858494033 434.651250280986 871.9735987805973 -518.8249713599572 -353.8974489320753
 730.2750681066323 978.0833670210743 842.3019676456241 3969.06299316534 -1099.135318763854
 -2506.175330205816 2630.308146856089 -1240.752970239811 37.05177694149796 1098.55554622419
 2120.030064501563 -2314.341042218477 473.6318345094957 1577.483838380384 -1382.008158579359
 962.1767016892455 922.0233115788943 -460.3499746325717 -585.1153452073327 1801.674982924606
 -1588.202351786726 2894.70029661723 -1596.340959912981 177.4223866282335 126.7387242699139
 -478.6252171169124 73.4593314877834 297.7194901925354 953.9293009892122 -965.0853200378513
 -1588.202351786726 2894.70029661723 -1596.340959912981 177.4223866282335 126.7387242699139
 1041.875323037754 7079.254784378802 1799.785215771049 -7099.386442083756 3232.628864876386
 -2506.175330205816 2630.308146856089 -1240.752970239811 37.05177694149796 1098.55554622419
 79.56894080869347 -536.9348032295326 -244.4685569499273 525.3893534513149 258.8569674296589
 -65.65062037190376 70.76194568041251 914.0841798698098 -173.2646525218461 -717.8799681070566
 -1588.202351786726 2894.70029661723 -1596.340959912981 177.4223866282335 126.7387242699139
 -65.65062037190376 70.76194568041251 914.0841798698098 -173.2646525218461 -717.8799681070566
 -4305.459207262325 2104.758632334534 -1425.185176782734 -918.3063353297812 1525.594528307727
 -65.65062037190376 70.76194568041251 914.0841798698098 -173.2646525218461 -717.8799681070566
 -1588.202351786726 2894.70029661723 -1596.340959912981 177.4223866282335 126.7387242699139
 1803.711900209008 146.0900753931169 -128.9063060029591 -1507.537601170682 719.8950278128177
 -282.7147476056239 818.9691076640074 -308.2652944654384 321.2273519674131 -495.1801709611902
 2617.344714060143 -1290.900273798439 226.1788813458655 4342.140490470952 -2803.031080692233
 -1588.202351786726 2894.70029661723 -1596.340959912981 177.4223866282335 126.7387242699139
 -282.7147476056239 818.9691076640074 -308.2652944654384 321.2273519674131 -495.1801709611902
 -282.7147476056239 818.9691076640074 -308.2652944654384 321.2273519674131 -495.1801709611902
 -65.65062037190376 70.76194568041251 914.0841798698098 -173.2646525218461 -717.8799681070566
 -65.65062037190376 70.76194568041251 914.0841798698098 -173.2646525218461 -717.8799681070566
 -2506.175330205816 2630.308146856089 -1240.752970239811 37.05177694149796 1098.55554622419
 -476.0051858494033 434.651250280986 871.9735987805973 -518.8249713599572 -353.8974489320753
 -65.65062037190376 70.76194568041251 914.0841798698098 -173.2646525218461 -717.8799681070566
 -65.65062037190376 70.76194568041251 914.0841798698098 -173.2646525218461 -717.8799681070566
 -65.65062037190376 70.76194568041251 914.0841798698098 -173.2646525218461 -717.8799681070566
 1770.165728113252 -189.5254626719639 -290.3579584107206 -2603.978254073537 -4238.478535449454
 -65.65062037190376 70.76194568041251 914.0841798698098 -173.2646525218461 -717.8799681070566
 -964.3586797467375 2647.779406390617 -2369.597729574453 -3276.787347119475 1395.659478417726
 -2506.175330205816 2630.308146856089 -1240.752970239811 37.05177694149796 1098.55554622419
 -2506.175330205816 2630.308146856089 -1240.752970239811 37.05177694149796 1098.55554622419
 -2506.175330205816 2630.308146856089 -1240.752970239811 37.05177694149796 1098.55554622419
 609.258856058389 715.924675809742 -705.1230799872806 237.2012145506515 -909.8852685666267
 -2506.175330205816 2630.308146856089 -1240.752970239811 37.05177694149796 1098.55554622419
 -1588.202351786726 2894.70029661723 -1596.340959912981 177.4223866282335 126.7387242699139
 -476.0051858494033 434.651250280986 871.9735987805973 -518.8249713599572 -353.8974489320753
 866.7661925832665 1324.021431704231 1336.712286595578 2305.205413861762 -22.01265652756558
 2015.475643856389 796.7955593718165 -2887.843297052269 3939.184847978579 -2840.701923325264
 -1025.018834757832 -478.6679687582115 -2288.196573349221 577.0929553990356 2814.140732220621
 -2266.466129460572 658.4936351845691 -1078.008382595305 341.913326041766 -4233.447395193825
