# Created by Octave 4.2.1, Mon Oct 09 17:20:23 2017 BRT <root@mosqueiro>
# name: pop
# type: matrix
# rows: 100
# columns: 5
 -1588.202351786726 2894.70029661723 -1596.340959912981 177.4223866282335 126.7387242699139
 -1588.202351786726 2894.70029661723 -1596.340959912981 177.4223866282335 126.7387242699139
 2898.485396079306 -2552.156963448432 2428.964428821254 -1773.631704167136 -4715.620271320366
 511.5517664190706 -163.0076211379886 1864.381189068852 437.6041010009246 2448.877805534133
 -1588.202351786726 2894.70029661723 -1596.340959912981 177.4223866282335 126.7387242699139
 -1757.475250826026 2405.089503402769 -1683.740597767269 1003.586566364162 -236.1092213452838
 -1588.202351786726 2894.70029661723 -1596.340959912981 177.4223866282335 126.7387242699139
 -1588.202351786726 2894.70029661723 -1596.340959912981 177.4223866282335 126.7387242699139
 -1588.202351786726 2894.70029661723 -1596.340959912981 177.4223866282335 126.7387242699139
 -65.65062037190376 70.76194568041251 914.0841798698098 -173.2646525218461 -717.8799681070566
 511.5517664190706 -163.0076211379886 1864.381189068852 437.6041010009246 2448.877805534133
 -1588.202351786726 2894.70029661723 -1596.340959912981 177.4223866282335 126.7387242699139
 -2638.717554949091 2111.00292889429 -2002.081591303554 1455.717701784044 404.4162448380059
 -1588.202351786726 2894.70029661723 -1596.340959912981 177.4223866282335 126.7387242699139
 -2538.956434071116 2965.732503322139 -794.2679426845024 57.13397899063017 -714.6350666112642
 -1588.202351786726 2894.70029661723 -1596.340959912981 177.4223866282335 126.7387242699139
 -1588.202351786726 2894.70029661723 -1596.340959912981 177.4223866282335 126.7387242699139
 -1588.202351786726 2894.70029661723 -1596.340959912981 177.4223866282335 126.7387242699139
 -1588.202351786726 2894.70029661723 -1596.340959912981 177.4223866282335 126.7387242699139
 -2573.231770789298 511.9932143574627 769.8967244147821 1232.668560964376 1312.628294194259
 -2573.231770789298 511.9932143574627 769.8967244147821 1232.668560964376 1312.628294194259
 -1588.202351786726 2894.70029661723 -1596.340959912981 177.4223866282335 126.7387242699139
 -1588.202351786726 2894.70029661723 -1596.340959912981 177.4223866282335 126.7387242699139
 -2538.956434071116 2965.732503322139 -794.2679426845024 57.13397899063017 -714.6350666112642
 -1588.202351786726 2894.70029661723 -1596.340959912981 177.4223866282335 126.7387242699139
 -1588.202351786726 2894.70029661723 -1596.340959912981 177.4223866282335 126.7387242699139
 -1588.202351786726 2894.70029661723 -1596.340959912981 177.4223866282335 126.7387242699139
 -2573.231770789298 511.9932143574627 769.8967244147821 1232.668560964376 1312.628294194259
 -1588.202351786726 2894.70029661723 -1596.340959912981 177.4223866282335 126.7387242699139
 -2579.51635298563 3198.048776850052 -1418.19531193954 -679.5046850733347 88.78964339910891
 -1588.202351786726 2894.70029661723 -1596.340959912981 177.4223866282335 126.7387242699139
 -476.0051858494033 434.651250280986 871.9735987805973 -518.8249713599572 -353.8974489320753
 -1588.202351786726 2894.70029661723 -1596.340959912981 177.4223866282335 126.7387242699139
 -1588.202351786726 2894.70029661723 -1596.340959912981 177.4223866282335 126.7387242699139
 -1929.656611255194 1315.060461218145 -359.7728182516983 211.9822771400278 155.9016850964776
 -1588.202351786726 2894.70029661723 -1596.340959912981 177.4223866282335 126.7387242699139
 -2638.717554949091 2111.00292889429 -2002.081591303554 1455.717701784044 404.4162448380059
 -2506.175330205816 2630.308146856089 -1240.752970239811 37.05177694149796 1098.55554622419
 -3674.28600303489 3236.076136106495 -875.5306354321887 2558.31389542638 -44.14776410414831
 -65.65062037190376 70.76194568041251 914.0841798698098 -173.2646525218461 -717.8799681070566
 -1588.202351786726 2894.70029661723 -1596.340959912981 177.4223866282335 126.7387242699139
 -1588.202351786726 2894.70029661723 -1596.340959912981 177.4223866282335 126.7387242699139
 -1588.202351786726 2894.70029661723 -1596.340959912981 177.4223866282335 126.7387242699139
 -2573.231770789298 511.9932143574627 769.8967244147821 1232.668560964376 1312.628294194259
 -1588.202351786726 2894.70029661723 -1596.340959912981 177.4223866282335 126.7387242699139
 -1588.202351786726 2894.70029661723 -1596.340959912981 177.4223866282335 126.7387242699139
 -427.9566066142786 3662.661026282177 -922.0665755444612 1026.689748337765 829.7501454879357
 -1588.202351786726 2894.70029661723 -1596.340959912981 177.4223866282335 126.7387242699139
 -65.65062037190376 70.76194568041251 914.0841798698098 -173.2646525218461 -717.8799681070566
 -1588.202351786726 2894.70029661723 -1596.340959912981 177.4223866282335 126.7387242699139
 -1513.8553911592 3769.988110601807 246.5222788918375 1427.620142484568 1011.109949902503
 -1588.202351786726 2894.70029661723 -1596.340959912981 177.4223866282335 126.7387242699139
 -1588.202351786726 2894.70029661723 -1596.340959912981 177.4223866282335 126.7387242699139
 -1588.202351786726 2894.70029661723 -1596.340959912981 177.4223866282335 126.7387242699139
 -1588.202351786726 2894.70029661723 -1596.340959912981 177.4223866282335 126.7387242699139
 -1588.202351786726 2894.70029661723 -1596.340959912981 177.4223866282335 126.7387242699139
 -3337.365401965598 1626.040646003051 -1108.066949966697 210.2908692998568 2283.15931594946
 -1588.202351786726 2894.70029661723 -1596.340959912981 177.4223866282335 126.7387242699139
 609.258856058389 715.924675809742 -705.1230799872806 237.2012145506515 -909.8852685666267
 756.6613471285723 1854.894473298445 -184.3127959905125 -1056.30128308147 107.9282087336562
 3111.18850120695 3036.683079832851 491.8695014430122 1313.206351948092 -2386.625101558561
 -1588.202351786726 2894.70029661723 -1596.340959912981 177.4223866282335 126.7387242699139
 -1513.8553911592 3769.988110601807 246.5222788918375 1427.620142484568 1011.109949902503
 -1757.475250826026 2405.089503402769 -1683.740597767269 1003.586566364162 -236.1092213452838
 -2962.756305985668 -219.0977643212005 1108.88656341353 1997.075747466377 -541.4695791896577
 -2573.231770789298 511.9932143574627 769.8967244147821 1232.668560964376 1312.628294194259
 -1588.202351786726 2894.70029661723 -1596.340959912981 177.4223866282335 126.7387242699139
 -1588.202351786726 2894.70029661723 -1596.340959912981 177.4223866282335 126.7387242699139
 -1588.202351786726 2894.70029661723 -1596.340959912981 177.4223866282335 126.7387242699139
 3111.18850120695 3036.683079832851 491.8695014430122 1313.206351948092 -2386.625101558561
 -2538.956434071116 2965.732503322139 -794.2679426845024 57.13397899063017 -714.6350666112642
 -1588.202351786726 2894.70029661723 -1596.340959912981 177.4223866282335 126.7387242699139
 -1588.202351786726 2894.70029661723 -1596.340959912981 177.4223866282335 126.7387242699139
 -1588.202351786726 2894.70029661723 -1596.340959912981 177.4223866282335 126.7387242699139
 -1588.202351786726 2894.70029661723 -1596.340959912981 177.4223866282335 126.7387242699139
 -1588.202351786726 2894.70029661723 -1596.340959912981 177.4223866282335 126.7387242699139
 -2300.025304431932 2543.067303020224 -1663.985454208432 1602.771241854295 1136.453056698522
 -1588.202351786726 2894.70029661723 -1596.340959912981 177.4223866282335 126.7387242699139
 -1588.202351786726 2894.70029661723 -1596.340959912981 177.4223866282335 126.7387242699139
 -3337.365401965598 1626.040646003051 -1108.066949966697 210.2908692998568 2283.15931594946
 -1921.841581746657 2687.654269313108 -836.0622773545432 -873.8298192082445 799.3798812130718
 -2484.632700094921 2504.26127371824 -211.6534424242711 198.6340398135243 167.2761061719274
 -513.8798427847407 3023.958683274641 -2326.681555476857 -126.0619083106616 -884.3476586523017
 -1711.865174178409 4075.148868496568 -1830.584205596957 551.8234414369406 509.7846519391161
 -1324.715018822014 2805.188425554916 -1461.627943892422 -120.5672162811862 1026.081633371096
