# Created by Octave 4.2.1, Mon Oct 09 17:20:36 2017 BRT <root@mosqueiro>
# name: pop
# type: matrix
# rows: 100
# columns: 5
 -1829.733357297718 2116.531347321566 -676.6330039255747 -278.9137223360607 668.2974983195145
 -1840.595210436926 2091.477665309535 -695.5616210676902 -290.0618588010327 734.3120381694528
 -1839.684958251766 2096.009296667185 -701.400970639829 -286.9482603066398 734.1843559263679
 -1825.972984696565 2116.895052948512 -681.4475461184282 -285.3851895009724 666.0255135677949
 -1829.924151463577 2116.59870097639 -676.2538092907171 -278.74151409017 669.1934540133161
 -1839.707659066351 2091.30816159772 -696.7775949275945 -289.6001482193277 734.9950078238187
 -1839.684958251766 2096.009296667185 -701.400970639829 -286.9482603066398 734.1843559263679
 -1829.6923282425 2116.806490749636 -676.4234318799674 -278.9230784773302 668.4683555843178
 -1839.962185389725 2090.84815320511 -696.4894047496089 -290.1572878438533 734.9125455352913
 -1829.733357297718 2116.531347321566 -676.6330039255747 -278.9137223360607 668.2974983195145
 -1840.3159346855 2092.193490295848 -696.4236191067096 -288.5176599708074 732.8261378556247
 -1839.684958251766 2096.009296667185 -701.400970639829 -286.9482603066398 734.1843559263679
 -1829.730341939764 2117.147654635591 -677.0937649350412 -279.8851791534982 669.1787047489895
 -1840.595210436926 2091.477665309535 -695.5616210676902 -290.0618588010327 734.3120381694528
 -1829.733357297718 2116.531347321566 -676.6330039255747 -278.9137223360607 668.2974983195145
 -1840.595210436926 2091.477665309535 -695.5616210676902 -290.0618588010327 734.3120381694528
 -1839.881190219235 2094.880638771383 -703.3924571291448 -286.5160053795045 734.0769594788461
 -1839.881190219235 2094.880638771383 -703.3924571291448 -286.5160053795045 734.0769594788461
 -1839.684958251766 2096.009296667185 -701.400970639829 -286.9482603066398 734.1843559263679
 -1839.63658162219 2094.722514230756 -703.5872743396966 -286.1466529645534 734.0625767908653
 -1839.881190219235 2094.880638771383 -703.3924571291448 -286.5160053795045 734.0769594788461
 -1839.950956366863 2091.381420886318 -696.2959922971291 -289.2674774213307 734.9137127965682
 -1840.595210436926 2091.477665309535 -695.5616210676902 -290.0618588010327 734.3120381694528
 -1829.730341939764 2117.147654635591 -677.0937649350412 -279.8851791534982 669.1787047489895
 -1839.707659066351 2091.30816159772 -696.7775949275945 -289.6001482193277 734.9950078238187
 -1829.924151463577 2116.59870097639 -676.2538092907171 -278.74151409017 669.1934540133161
 -1829.730341939764 2117.147654635591 -677.0937649350412 -279.8851791534982 669.1787047489895
 -1840.595210436926 2091.477665309535 -695.5616210676902 -290.0618588010327 734.3120381694528
 -1838.925996889766 2095.054725846614 -704.328088874772 -271.3365820945176 719.7064547474093
 -1839.420256382037 2097.752272353343 -701.7630768408824 -288.108638035412 734.8338185460733
 -1839.63658162219 2094.722514230756 -703.5872743396966 -286.1466529645534 734.0625767908653
 -1839.684958251766 2096.009296667185 -701.400970639829 -286.9482603066398 734.1843559263679
 -1840.595210436926 2091.477665309535 -695.5616210676902 -290.0618588010327 734.3120381694528
 -1839.684958251766 2096.009296667185 -701.400970639829 -286.9482603066398 734.1843559263679
 -1839.707659066351 2091.30816159772 -696.7775949275945 -289.6001482193277 734.9950078238187
 -1840.595210436926 2091.477665309535 -695.5616210676902 -290.0618588010327 734.3120381694528
 -1839.707659066351 2091.30816159772 -696.7775949275945 -289.6001482193277 734.9950078238187
 -1839.707659066351 2091.30816159772 -696.7775949275945 -289.6001482193277 734.9950078238187
 -1825.724522303774 2116.778763128299 -681.7785138895514 -285.6362290968301 666.002719351638
 -1829.733357297718 2116.531347321566 -676.6330039255747 -278.9137223360607 668.2974983195145
 -1838.844190101481 2096.680330757246 -704.9434269604561 -274.5454939324263 720.1954455736748
 -1839.684958251766 2096.009296667185 -701.400970639829 -286.9482603066398 734.1843559263679
 -1840.595210436926 2091.477665309535 -695.5616210676902 -290.0618588010327 734.3120381694528
 -1839.707659066351 2091.30816159772 -696.7775949275945 -289.6001482193277 734.9950078238187
 -1840.595210436926 2091.477665309535 -695.5616210676902 -290.0618588010327 734.3120381694528
 -1839.707659066351 2091.30816159772 -696.7775949275945 -289.6001482193277 734.9950078238187
 -1839.950956366863 2091.381420886318 -696.2959922971291 -289.2674774213307 734.9137127965682
 -1840.595210436926 2091.477665309535 -695.5616210676902 -290.0618588010327 734.3120381694528
 -1838.899870085605 2095.175380182789 -701.9204169899097 -286.9473026339903 735.9284952895894
 -1829.730341939764 2117.147654635591 -677.0937649350412 -279.8851791534982 669.1787047489895
 -1829.733357297718 2116.531347321566 -676.6330039255747 -278.9137223360607 668.2974983195145
 -1839.684958251766 2096.009296667185 -701.400970639829 -286.9482603066398 734.1843559263679
 -1587.368139895109 2895.334066934223 -1599.832237332815 180.5683580728191 122.6472857479529
 -1829.6923282425 2116.806490749636 -676.4234318799674 -278.9230784773302 668.4683555843178
 -1840.595210436926 2091.477665309535 -695.5616210676902 -290.0618588010327 734.3120381694528
 -1839.707659066351 2091.30816159772 -696.7775949275945 -289.6001482193277 734.9950078238187
 -1843.483542087602 2093.762711193901 -698.5249344637274 -297.800404667733 737.6309392488845
 -1839.684958251766 2096.009296667185 -701.400970639829 -286.9482603066398 734.1843559263679
 -1829.6923282425 2116.806490749636 -676.4234318799674 -278.9230784773302 668.4683555843178
 -1844.255843090625 2093.494470388887 -698.5786971483066 -297.8786823135046 737.7861198508375
 -1839.707659066351 2091.30816159772 -696.7775949275945 -289.6001482193277 734.9950078238187
 -1839.707659066351 2091.30816159772 -696.7775949275945 -289.6001482193277 734.9950078238187
 -1839.707659066351 2091.30816159772 -696.7775949275945 -289.6001482193277 734.9950078238187
 -1839.684958251766 2096.009296667185 -701.400970639829 -286.9482603066398 734.1843559263679
 -1840.595210436926 2091.477665309535 -695.5616210676902 -290.0618588010327 734.3120381694528
 -1829.730341939764 2117.147654635591 -677.0937649350412 -279.8851791534982 669.1787047489895
 -1829.730341939764 2117.147654635591 -677.0937649350412 -279.8851791534982 669.1787047489895
 -1587.368139895109 2895.334066934223 -1599.832237332815 180.5683580728191 122.6472857479529
 -1838.899870085605 2095.175380182789 -701.9204169899097 -286.9473026339903 735.9284952895894
 -1840.510129163046 2091.991305081947 -695.5149059442838 -290.3181285778288 734.2035992164185
 -1840.3159346855 2092.193490295848 -696.4236191067096 -288.5176599708074 732.8261378556247
 -1829.6923282425 2116.806490749636 -676.4234318799674 -278.9230784773302 668.4683555843178
 -1838.925996889766 2095.054725846614 -704.328088874772 -271.3365820945176 719.7064547474093
 -1829.733357297718 2116.531347321566 -676.6330039255747 -278.9137223360607 668.2974983195145
 -1839.707659066351 2091.30816159772 -696.7775949275945 -289.6001482193277 734.9950078238187
 -1840.595210436926 2091.477665309535 -695.5616210676902 -290.0618588010327 734.3120381694528
 -1840.595210436926 2091.477665309535 -695.5616210676902 -290.0618588010327 734.3120381694528
 -1839.707659066351 2091.30816159772 -696.7775949275945 -289.6001482193277 734.9950078238187
 -1829.730341939764 2117.147654635591 -677.0937649350412 -279.8851791534982 669.1787047489895
 -1839.707659066351 2091.30816159772 -696.7775949275945 -289.6001482193277 734.9950078238187
 -1839.594429635115 2091.38273499247 -696.7815748647187 -289.5953762845536 734.6241534069478
 -1839.705725968953 2095.779733758989 -701.5822750648334 -286.827952410056 734.1382115093202
 -1829.579878917594 2116.347918825397 -676.7347019681733 -278.7850066380818 668.2882297667616
 -1839.12831725363 2095.606673197385 -701.3492904326382 -286.9700323567722 733.8416184872715
