# Created by Octave 4.2.1, Mon Oct 09 17:20:00 2017 BRT <root@mosqueiro>
# name: pop
# type: matrix
# rows: 100
# columns: 5
 -253.935663394946 -627.0440646270383 26.57882194482798 112.3541240991824 741.8557978485687
 -253.935663394946 -627.0440646270383 26.57882194482798 112.3541240991824 741.8557978485687
 371.712684717904 -297.5644430729197 -150.9693948208263 -41.60340753317314 160.8816957959191
 -253.935663394946 -627.0440646270383 26.57882194482798 112.3541240991824 741.8557978485687
 620.8091499360232 -37.80380983261043 -180.2131490619427 46.76903809511981 -100.2998300653901
 -253.935663394946 -627.0440646270383 26.57882194482798 112.3541240991824 741.8557978485687
 371.712684717904 -297.5644430729197 -150.9693948208263 -41.60340753317314 160.8816957959191
 371.712684717904 -297.5644430729197 -150.9693948208263 -41.60340753317314 160.8816957959191
 371.712684717904 -297.5644430729197 -150.9693948208263 -41.60340753317314 160.8816957959191
 -253.935663394946 -627.0440646270383 26.57882194482798 112.3541240991824 741.8557978485687
 -253.935663394946 -627.0440646270383 26.57882194482798 112.3541240991824 741.8557978485687
 -253.935663394946 -627.0440646270383 26.57882194482798 112.3541240991824 741.8557978485687
 448.1519903063465 -133.0740512287717 -360.1736600376795 -55.38187632979461 256.4115687150907
 371.712684717904 -297.5644430729197 -150.9693948208263 -41.60340753317314 160.8816957959191
 -253.935663394946 -627.0440646270383 26.57882194482798 112.3541240991824 741.8557978485687
 580.8136092422542 -597.5521018076709 239.0243153745616 -59.28981839400632 -242.4272308362183
 -152.4475414205444 -907.7165081090504 -35.10089318008394 -53.50650115833204 1419.353766716531
 -253.935663394946 -627.0440646270383 26.57882194482798 112.3541240991824 741.8557978485687
 210.1303437584912 -404.4114652266677 -169.8247745823865 82.19573585856598 249.9105995170509
 571.7562153570663 -350.1524830358459 -327.0051745397022 -139.2256577676066 140.7500390559634
 2030.720241509521 68.00076081959357 1500.364177746639 1369.49733040028 -1170.598469391829
 -253.935663394946 -627.0440646270383 26.57882194482798 112.3541240991824 741.8557978485687
 -253.935663394946 -627.0440646270383 26.57882194482798 112.3541240991824 741.8557978485687
 371.712684717904 -297.5644430729197 -150.9693948208263 -41.60340753317314 160.8816957959191
 160.5855223750683 -386.8962272251871 -118.8132537270683 -168.8502525389422 225.6647418075165
 371.712684717904 -297.5644430729197 -150.9693948208263 -41.60340753317314 160.8816957959191
 371.712684717904 -297.5644430729197 -150.9693948208263 -41.60340753317314 160.8816957959191
 -253.935663394946 -627.0440646270383 26.57882194482798 112.3541240991824 741.8557978485687
 -253.935663394946 -627.0440646270383 26.57882194482798 112.3541240991824 741.8557978485687
 371.712684717904 -297.5644430729197 -150.9693948208263 -41.60340753317314 160.8816957959191
 -253.935663394946 -627.0440646270383 26.57882194482798 112.3541240991824 741.8557978485687
 -253.935663394946 -627.0440646270383 26.57882194482798 112.3541240991824 741.8557978485687
 371.712684717904 -297.5644430729197 -150.9693948208263 -41.60340753317314 160.8816957959191
 -937.1549481941815 854.1730611094681 -76.89152495521148 403.3971366596516 -114.9417988217939
 -253.935663394946 -627.0440646270383 26.57882194482798 112.3541240991824 741.8557978485687
 371.712684717904 -297.5644430729197 -150.9693948208263 -41.60340753317314 160.8816957959191
 160.5855223750683 -386.8962272251871 -118.8132537270683 -168.8502525389422 225.6647418075165
 -132.0839731102379 -597.8742767536758 8.340380539048979 33.20734381876483 633.1445150090425
 -253.935663394946 -627.0440646270383 26.57882194482798 112.3541240991824 741.8557978485687
 371.712684717904 -297.5644430729197 -150.9693948208263 -41.60340753317314 160.8816957959191
 371.712684717904 -297.5644430729197 -150.9693948208263 -41.60340753317314 160.8816957959191
 371.712684717904 -297.5644430729197 -150.9693948208263 -41.60340753317314 160.8816957959191
 -253.935663394946 -627.0440646270383 26.57882194482798 112.3541240991824 741.8557978485687
 160.5855223750683 -386.8962272251871 -118.8132537270683 -168.8502525389422 225.6647418075165
 571.7562153570663 -350.1524830358459 -327.0051745397022 -139.2256577676066 140.7500390559634
 -253.935663394946 -627.0440646270383 26.57882194482798 112.3541240991824 741.8557978485687
 371.712684717904 -297.5644430729197 -150.9693948208263 -41.60340753317314 160.8816957959191
 -253.935663394946 -627.0440646270383 26.57882194482798 112.3541240991824 741.8557978485687
 371.712684717904 -297.5644430729197 -150.9693948208263 -41.60340753317314 160.8816957959191
 -937.1549481941815 854.1730611094681 -76.89152495521148 403.3971366596516 -114.9417988217939
 529.172489424983 -466.7127756725914 -181.2535918231519 -201.9048754890677 81.08209073471654
 371.712684717904 -297.5644430729197 -150.9693948208263 -41.60340753317314 160.8816957959191
 571.7562153570663 -350.1524830358459 -327.0051745397022 -139.2256577676066 140.7500390559634
 580.8136092422542 -597.5521018076709 239.0243153745616 -59.28981839400632 -242.4272308362183
 -253.935663394946 -627.0440646270383 26.57882194482798 112.3541240991824 741.8557978485687
 -378.4395113389435 -658.4000737215074 354.5349631883697 93.1519205097425 690.8937605835229
 371.712684717904 -297.5644430729197 -150.9693948208263 -41.60340753317314 160.8816957959191
 371.712684717904 -297.5644430729197 -150.9693948208263 -41.60340753317314 160.8816957959191
 -2312.286639902102 165.5354041865668 3812.606996632269 -2536.042958363513 508.4328419094949
 -253.935663394946 -627.0440646270383 26.57882194482798 112.3541240991824 741.8557978485687
 371.712684717904 -297.5644430729197 -150.9693948208263 -41.60340753317314 160.8816957959191
 -253.935663394946 -627.0440646270383 26.57882194482798 112.3541240991824 741.8557978485687
 371.712684717904 -297.5644430729197 -150.9693948208263 -41.60340753317314 160.8816957959191
 -378.4395113389435 -658.4000737215074 354.5349631883697 93.1519205097425 690.8937605835229
 -152.4475414205444 -907.7165081090504 -35.10089318008394 -53.50650115833204 1419.353766716531
 -253.935663394946 -627.0440646270383 26.57882194482798 112.3541240991824 741.8557978485687
 -253.935663394946 -627.0440646270383 26.57882194482798 112.3541240991824 741.8557978485687
 -253.935663394946 -627.0440646270383 26.57882194482798 112.3541240991824 741.8557978485687
 371.712684717904 -297.5644430729197 -150.9693948208263 -41.60340753317314 160.8816957959191
 371.712684717904 -297.5644430729197 -150.9693948208263 -41.60340753317314 160.8816957959191
 -253.935663394946 -627.0440646270383 26.57882194482798 112.3541240991824 741.8557978485687
 347.7558573649503 91.76573574028981 -672.1707975268621 164.0694043731807 -177.9707098132895
 371.712684717904 -297.5644430729197 -150.9693948208263 -41.60340753317314 160.8816957959191
 -253.935663394946 -627.0440646270383 26.57882194482798 112.3541240991824 741.8557978485687
 371.712684717904 -297.5644430729197 -150.9693948208263 -41.60340753317314 160.8816957959191
 -253.935663394946 -627.0440646270383 26.57882194482798 112.3541240991824 741.8557978485687
 -253.935663394946 -627.0440646270383 26.57882194482798 112.3541240991824 741.8557978485687
 276.8356242698076 -491.0415630437028 -439.6048438109128 -36.51225784173059 229.3965092398349
 -157.3036424016383 -539.0428046817603 -118.1919903168769 278.4934422624907 837.7411731606418
 34.12633436878588 -418.7945487557878 -142.6848772887552 -175.1526150546645 195.9362173477722
 488.3624271843396 -238.4269151751786 -162.5541909579599 45.76187473878531 181.7572065746796
 -305.5507181477854 -578.3291390703097 31.42072861178722 24.66895418466986 829.436249728639
 -308.6543450745189 -602.2092911324827 11.02744948171305 167.5029172196357 643.2990788713247
 -189.3858270001388 -502.5683297131237 -104.4213960614771 231.5948343910188 689.7690150375117
