# Created by Octave 4.2.1, Mon Oct 09 17:19:30 2017 BRT <root@mosqueiro>
# name: pop
# type: matrix
# rows: 100
# columns: 5
 519.4728756767718 -155.2592947316223 -148.0349984023058 -1177.251877574481 962.9284581758027
 879.8174128213321 -248.0585968158037 -355.6423847990339 -1004.372144768413 736.0847960871461
 700.202071926257 -241.675683134943 -211.3281813172684 -1082.325141918107 855.1075212584375
 700.202071926257 -241.675683134943 -211.3281813172684 -1082.325141918107 855.1075212584375
 -570.1925994406744 107.6797820130155 -716.3877864693613 -973.7141087718787 689.8980765850629
 700.202071926257 -241.675683134943 -211.3281813172684 -1082.325141918107 855.1075212584375
 879.8174128213321 -248.0585968158037 -355.6423847990339 -1004.372144768413 736.0847960871461
 388.3133690992963 -364.8999765618566 -60.62009127648258 -1399.124123762344 670.6317209121443
 700.202071926257 -241.675683134943 -211.3281813172684 -1082.325141918107 855.1075212584375
 700.202071926257 -241.675683134943 -211.3281813172684 -1082.325141918107 855.1075212584375
 700.202071926257 -241.675683134943 -211.3281813172684 -1082.325141918107 855.1075212584375
 63.17207202697529 -801.5566828790289 845.6032553222182 -636.60952079319 434.3546677773894
 63.17207202697529 -801.5566828790289 845.6032553222182 -636.60952079319 434.3546677773894
 841.5172153362975 -133.926975257843 -330.9693631918312 -1028.381026362344 943.3975672672974
 700.202071926257 -241.675683134943 -211.3281813172684 -1082.325141918107 855.1075212584375
 700.202071926257 -241.675683134943 -211.3281813172684 -1082.325141918107 855.1075212584375
 879.8174128213321 -248.0585968158037 -355.6423847990339 -1004.372144768413 736.0847960871461
 879.8174128213321 -248.0585968158037 -355.6423847990339 -1004.372144768413 736.0847960871461
 879.8174128213321 -248.0585968158037 -355.6423847990339 -1004.372144768413 736.0847960871461
 63.17207202697529 -801.5566828790289 845.6032553222182 -636.60952079319 434.3546677773894
 277.7067939009052 407.4759508392466 -15.93802325111388 -1548.36046206886 -292.6500495936426
 700.202071926257 -241.675683134943 -211.3281813172684 -1082.325141918107 855.1075212584375
 188.3602401536047 -490.0921414289169 680.437567435542 -1984.834488846127 135.7506705538644
 700.202071926257 -241.675683134943 -211.3281813172684 -1082.325141918107 855.1075212584375
 -198.0943891492274 -894.9439805674821 902.108189938448 -577.7942071206314 800.4796933347745
 879.8174128213321 -248.0585968158037 -355.6423847990339 -1004.372144768413 736.0847960871461
 700.202071926257 -241.675683134943 -211.3281813172684 -1082.325141918107 855.1075212584375
 -198.0943891492274 -894.9439805674821 902.108189938448 -577.7942071206314 800.4796933347745
 700.202071926257 -241.675683134943 -211.3281813172684 -1082.325141918107 855.1075212584375
 -198.9267295260618 -966.5556685961432 1018.270926242098 -394.4154590825378 426.5991452749496
 700.202071926257 -241.675683134943 -211.3281813172684 -1082.325141918107 855.1075212584375
 700.202071926257 -241.675683134943 -211.3281813172684 -1082.325141918107 855.1075212584375
 388.3133690992963 -364.8999765618566 -60.62009127648258 -1399.124123762344 670.6317209121443
 -570.1925994406744 107.6797820130155 -716.3877864693613 -973.7141087718787 689.8980765850629
 676.8189702192631 -24.04142389066638 -339.9591854404241 -823.8205935191041 806.6557773603245
 -198.0943891492274 -894.9439805674821 902.108189938448 -577.7942071206314 800.4796933347745
 700.202071926257 -241.675683134943 -211.3281813172684 -1082.325141918107 855.1075212584375
 879.8174128213321 -248.0585968158037 -355.6423847990339 -1004.372144768413 736.0847960871461
 700.202071926257 -241.675683134943 -211.3281813172684 -1082.325141918107 855.1075212584375
 632.2401940978066 -256.8809808632147 -361.3435962965208 -1002.833874721978 831.6208892465634
 700.202071926257 -241.675683134943 -211.3281813172684 -1082.325141918107 855.1075212584375
 283.3680865641709 -1369.700024518018 999.5424892574897 749.6572731419394 1154.474562135368
 700.202071926257 -241.675683134943 -211.3281813172684 -1082.325141918107 855.1075212584375
 700.202071926257 -241.675683134943 -211.3281813172684 -1082.325141918107 855.1075212584375
 396.776814505072 439.8493149526664 277.5661536720481 -1473.862774762507 -411.7448265559731
 512.3250500716985 -205.2649287735936 -37.56600526529047 -1293.406626678902 730.3273601388396
 -198.0943891492274 -894.9439805674821 902.108189938448 -577.7942071206314 800.4796933347745
 188.3602401536047 -490.0921414289169 680.437567435542 -1984.834488846127 135.7506705538644
 700.202071926257 -241.675683134943 -211.3281813172684 -1082.325141918107 855.1075212584375
 -198.0943891492274 -894.9439805674821 902.108189938448 -577.7942071206314 800.4796933347745
 519.4728756767718 -155.2592947316223 -148.0349984023058 -1177.251877574481 962.9284581758027
 24.11253330461508 -838.0114218765996 1197.367676111644 -863.7639456445261 1033.297648183835
 879.8174128213321 -248.0585968158037 -355.6423847990339 -1004.372144768413 736.0847960871461
 444.481174382975 -463.0884307480928 -231.3962741712683 -1204.273636071254 914.994521803669
 879.8174128213321 -248.0585968158037 -355.6423847990339 -1004.372144768413 736.0847960871461
 600.1410426950212 -298.14507497804 -516.9548064795392 -952.1083955446305 705.8642722072495
 -198.0943891492274 -894.9439805674821 902.108189938448 -577.7942071206314 800.4796933347745
 -198.0943891492274 -894.9439805674821 902.108189938448 -577.7942071206314 800.4796933347745
 841.5172153362975 -133.926975257843 -330.9693631918312 -1028.381026362344 943.3975672672974
 63.17207202697529 -801.5566828790289 845.6032553222182 -636.60952079319 434.3546677773894
 -198.0943891492274 -894.9439805674821 902.108189938448 -577.7942071206314 800.4796933347745
 686.8417703790665 -216.9210669497385 -210.7992149051099 -850.8807529991977 871.152803228665
 519.4728756767718 -155.2592947316223 -148.0349984023058 -1177.251877574481 962.9284581758027
 -254.8605299998742 -956.6698351507247 1161.22510995051 -615.2264661343244 1061.49550220052
 879.8174128213321 -248.0585968158037 -355.6423847990339 -1004.372144768413 736.0847960871461
 -648.5275537738448 116.3846561057298 -806.3752829324187 -1291.881589447226 633.9629157180258
 -198.0943891492274 -894.9439805674821 902.108189938448 -577.7942071206314 800.4796933347745
 700.202071926257 -241.675683134943 -211.3281813172684 -1082.325141918107 855.1075212584375
 700.202071926257 -241.675683134943 -211.3281813172684 -1082.325141918107 855.1075212584375
 700.202071926257 -241.675683134943 -211.3281813172684 -1082.325141918107 855.1075212584375
 755.6991626392997 -455.9945027961525 -230.127530002048 -725.3760569116923 691.0554603900664
 24.11253330461508 -838.0114218765996 1197.367676111644 -863.7639456445261 1033.297648183835
 700.202071926257 -241.675683134943 -211.3281813172684 -1082.325141918107 855.1075212584375
 697.3223890653148 -71.09858548236434 -410.3598542960995 -1197.279928689235 1289.432756145973
 879.8174128213321 -248.0585968158037 -355.6423847990339 -1004.372144768413 736.0847960871461
 700.202071926257 -241.675683134943 -211.3281813172684 -1082.325141918107 855.1075212584375
 -895.5066280135483 -1398.665485522518 3083.592712675882 687.8577536971845 89.13528049163784
 879.8174128213321 -248.0585968158037 -355.6423847990339 -1004.372144768413 736.0847960871461
 700.202071926257 -241.675683134943 -211.3281813172684 -1082.325141918107 855.1075212584375
 700.202071926257 -241.675683134943 -211.3281813172684 -1082.325141918107 855.1075212584375
 612.8709212612207 -279.5680337936246 -277.267912277538 -1149.70057129706 891.2457014683172
 547.1466628678231 -227.8219273814601 -203.3056623158546 -1118.206004181625 815.3302497404188
 163.9827291180053 -931.83513722866 783.3731400699642 -589.123745519825 360.5956990102817
 711.1986671007656 -339.1998835893488 -156.4055719679951 -1202.317964304354 796.6264551873309
