# Created by Octave 4.2.1, Mon Oct 09 17:20:34 2017 BRT <root@mosqueiro>
# name: pop
# type: matrix
# rows: 100
# columns: 5
 -1839.707659066351 2091.30816159772 -696.7775949275945 -289.6001482193277 734.9950078238187
 -1839.707659066351 2091.30816159772 -696.7775949275945 -289.6001482193277 734.9950078238187
 -1839.684958251766 2096.009296667185 -701.400970639829 -286.9482603066398 734.1843559263679
 -1823.748219240237 3240.004173715289 -1596.761682319503 231.943137337463 354.608032877091
 -1836.595926846374 2107.592467911958 -666.2091640855699 -305.5223052171955 747.8328836623593
 -1818.017795021837 2079.360366295577 -704.0610319016039 -297.0910878938762 728.5880517904345
 -1829.6923282425 2116.806490749636 -676.4234318799674 -278.9230784773302 668.4683555843178
 -1839.684958251766 2096.009296667185 -701.400970639829 -286.9482603066398 734.1843559263679
 -1839.684958251766 2096.009296667185 -701.400970639829 -286.9482603066398 734.1843559263679
 -1829.6923282425 2116.806490749636 -676.4234318799674 -278.9230784773302 668.4683555843178
 -1829.6923282425 2116.806490749636 -676.4234318799674 -278.9230784773302 668.4683555843178
 -1822.600789552339 2079.852280736632 -701.1001062311003 -293.0445686863129 738.2931872885159
 -1839.707659066351 2091.30816159772 -696.7775949275945 -289.6001482193277 734.9950078238187
 -1838.788300939326 2094.944065794884 -704.082873901046 -271.283475554782 719.7849548917421
 -1839.684958251766 2096.009296667185 -701.400970639829 -286.9482603066398 734.1843559263679
 -1845.987702023377 2077.968629384143 -698.5410678674858 -308.5703961980151 736.0341561849439
 -1839.684958251766 2096.009296667185 -701.400970639829 -286.9482603066398 734.1843559263679
 -1839.684958251766 2096.009296667185 -701.400970639829 -286.9482603066398 734.1843559263679
 -1839.684958251766 2096.009296667185 -701.400970639829 -286.9482603066398 734.1843559263679
 -1843.560402776991 2091.542864089414 -696.7500707795468 -290.5595199944436 735.9758386045203
 -1839.684958251766 2096.009296667185 -701.400970639829 -286.9482603066398 734.1843559263679
 -1843.72839630098 2090.492551373181 -694.2142375756125 -289.7067123221468 733.3236783422529
 -1839.707659066351 2091.30816159772 -696.7775949275945 -289.6001482193277 734.9950078238187
 -1839.707659066351 2091.30816159772 -696.7775949275945 -289.6001482193277 734.9950078238187
 -1839.707659066351 2091.30816159772 -696.7775949275945 -289.6001482193277 734.9950078238187
 -1839.684958251766 2096.009296667185 -701.400970639829 -286.9482603066398 734.1843559263679
 -1829.6923282425 2116.806490749636 -676.4234318799674 -278.9230784773302 668.4683555843178
 -1829.6923282425 2116.806490749636 -676.4234318799674 -278.9230784773302 668.4683555843178
 -1839.684958251766 2096.009296667185 -701.400970639829 -286.9482603066398 734.1843559263679
 -1829.6923282425 2116.806490749636 -676.4234318799674 -278.9230784773302 668.4683555843178
 -1846.929307159527 2094.505171735762 -676.1575056780268 -285.8964600298351 734.7697658883018
 -1839.707659066351 2091.30816159772 -696.7775949275945 -289.6001482193277 734.9950078238187
 -1825.972984696565 2116.895052948512 -681.4475461184282 -285.3851895009724 666.0255135677949
 -1821.724308888909 2079.319261944148 -697.3354590227492 -292.251327625891 736.7647572393164
 -1839.420256382037 2097.752272353343 -701.7630768408824 -288.108638035412 734.8338185460733
 -1843.483542087602 2093.762711193901 -698.5249344637274 -297.800404667733 737.6309392488845
 -1839.684958251766 2096.009296667185 -701.400970639829 -286.9482603066398 734.1843559263679
 -1839.707659066351 2091.30816159772 -696.7775949275945 -289.6001482193277 734.9950078238187
 -1839.420256382037 2097.752272353343 -701.7630768408824 -288.108638035412 734.8338185460733
 -1829.6923282425 2116.806490749636 -676.4234318799674 -278.9230784773302 668.4683555843178
 -1839.707659066351 2091.30816159772 -696.7775949275945 -289.6001482193277 734.9950078238187
 -1822.600789552339 2079.852280736632 -701.1001062311003 -293.0445686863129 738.2931872885159
 -1838.844190101481 2096.680330757246 -704.9434269604561 -274.5454939324263 720.1954455736748
 -1838.844190101481 2096.680330757246 -704.9434269604561 -274.5454939324263 720.1954455736748
 -1838.788300939326 2094.944065794884 -704.082873901046 -271.283475554782 719.7849548917421
 -1839.707659066351 2091.30816159772 -696.7775949275945 -289.6001482193277 734.9950078238187
 -1829.6923282425 2116.806490749636 -676.4234318799674 -278.9230784773302 668.4683555843178
 -1839.707659066351 2091.30816159772 -696.7775949275945 -289.6001482193277 734.9950078238187
 -1839.684958251766 2096.009296667185 -701.400970639829 -286.9482603066398 734.1843559263679
 -1839.684958251766 2096.009296667185 -701.400970639829 -286.9482603066398 734.1843559263679
 -1829.6923282425 2116.806490749636 -676.4234318799674 -278.9230784773302 668.4683555843178
 -1839.707659066351 2091.30816159772 -696.7775949275945 -289.6001482193277 734.9950078238187
 -1848.111096860445 2101.172655935876 -708.7919998961963 -295.0289942727531 724.9875030594388
 -1839.707659066351 2091.30816159772 -696.7775949275945 -289.6001482193277 734.9950078238187
 -1839.684958251766 2096.009296667185 -701.400970639829 -286.9482603066398 734.1843559263679
 -1822.600789552339 2079.852280736632 -701.1001062311003 -293.0445686863129 738.2931872885159
 -1839.684958251766 2096.009296667185 -701.400970639829 -286.9482603066398 734.1843559263679
 -1829.6923282425 2116.806490749636 -676.4234318799674 -278.9230784773302 668.4683555843178
 -1839.707659066351 2091.30816159772 -696.7775949275945 -289.6001482193277 734.9950078238187
 -1839.684958251766 2096.009296667185 -701.400970639829 -286.9482603066398 734.1843559263679
 -1839.707659066351 2091.30816159772 -696.7775949275945 -289.6001482193277 734.9950078238187
 -1839.486814491814 2095.388431462636 -700.5557540723516 -287.9676463784309 735.6910395209114
 -1843.483542087602 2093.762711193901 -698.5249344637274 -297.800404667733 737.6309392488845
 -1822.600789552339 2079.852280736632 -701.1001062311003 -293.0445686863129 738.2931872885159
 -1839.684958251766 2096.009296667185 -701.400970639829 -286.9482603066398 734.1843559263679
 -1829.6923282425 2116.806490749636 -676.4234318799674 -278.9230784773302 668.4683555843178
 -1839.707659066351 2091.30816159772 -696.7775949275945 -289.6001482193277 734.9950078238187
 -1822.600789552339 2079.852280736632 -701.1001062311003 -293.0445686863129 738.2931872885159
 -1839.684958251766 2096.009296667185 -701.400970639829 -286.9482603066398 734.1843559263679
 -1838.788300939326 2094.944065794884 -704.082873901046 -271.283475554782 719.7849548917421
 -1587.368139895109 2895.334066934223 -1599.832237332815 180.5683580728191 122.6472857479529
 -1839.684958251766 2096.009296667185 -701.400970639829 -286.9482603066398 734.1843559263679
 -1831.918254906695 2097.13814071484 -699.8999748018239 -292.4459428178569 732.3656418788938
 -1839.684958251766 2096.009296667185 -701.400970639829 -286.9482603066398 734.1843559263679
 -1829.6923282425 2116.806490749636 -676.4234318799674 -278.9230784773302 668.4683555843178
 -1838.87223710607 2096.556805272123 -703.1180713805235 -269.8116549964049 714.2422022832767
 -1839.684958251766 2096.009296667185 -701.400970639829 -286.9482603066398 734.1843559263679
 -1843.483542087602 2093.762711193901 -698.5249344637274 -297.800404667733 737.6309392488845
 -1791.905344045608 1889.885912567683 -725.6495827787184 -403.2223739478162 972.3985967359012
 -1843.72839630098 2090.492551373181 -694.2142375756125 -289.7067123221468 733.3236783422529
 -1840.382808007987 2094.62467346959 -700.9163573804826 -286.5340545540949 734.0034802373125
 -1848.075210219837 2080.515529437612 -700.7483851463322 -310.0144981299334 737.8239940453454
 -1840.595210436926 2091.477665309535 -695.5616210676902 -290.0618588010327 734.3120381694528
 -1839.63729705247 2091.306438273419 -695.9532752749161 -290.4383649388555 736.3892766847301
