# Created by Octave 4.2.1, Mon Oct 09 17:18:47 2017 BRT <root@mosqueiro>
# name: pop
# type: matrix
# rows: 100
# columns: 5
 -740.0812443056229 -261.0217900321334 -36.46923379602072 812.9975577392072 269.7047144134333
 -740.0812443056229 -261.0217900321334 -36.46923379602072 812.9975577392072 269.7047144134333
 664.7827722741702 -141.8479115283532 -189.9832771554785 -733.0762260889304 802.039059146417
 -641.3364602743754 867.9683488333019 149.2097770073647 941.1963178197034 -16.30352616145649
 345.0488836503471 -600.4961122127625 -281.9649465097439 -245.0892033631852 862.8217735601986
 -740.0812443056229 -261.0217900321334 -36.46923379602072 812.9975577392072 269.7047144134333
 -492.1193338222619 890.6301919419595 -932.0902012751288 650.4248687439906 223.3588292319535
 -472.5818584295187 -444.2018427163498 600.3824559515072 -771.0507445334664 744.7486036372568
 -810.1359904670093 856.2510057903521 -150.8333268834992 -292.9790656088069 865.6722422426603
 -740.0812443056229 -261.0217900321334 -36.46923379602072 812.9975577392072 269.7047144134333
 843.9194887218159 951.7547350449311 -835.1720403131203 -93.47028645487364 885.8957819704544
 -876.5796810163602 3088.515472252853 -445.9998496103461 2179.205616119943 581.1215284569016
 -1330.556300961698 1606.793051549691 -174.2217631692707 -1208.837505103818 1390.126138335137
 272.2111973962644 -658.2538470794511 584.8129629689586 -930.6504594623345 498.0415196785636
 1115.075305124354 1092.13564008804 -170.6314918910562 1511.128607367476 -2249.029234496801
 345.0488836503471 -600.4961122127625 -281.9649465097439 -245.0892033631852 862.8217735601986
 -1232.798173093699 -1447.957820072265 970.1134106741122 -474.3444140697875 3036.817991499634
 -740.0812443056229 -261.0217900321334 -36.46923379602072 812.9975577392072 269.7047144134333
 -101.2927008470612 -820.0361503238362 -408.3781182920288 531.9803230147224 674.0571016236124
 -740.0812443056229 -261.0217900321334 -36.46923379602072 812.9975577392072 269.7047144134333
 664.7827722741702 -141.8479115283532 -189.9832771554785 -733.0762260889304 802.039059146417
 -810.1359904670093 856.2510057903521 -150.8333268834992 -292.9790656088069 865.6722422426603
 -994.6174348448394 774.3833535059371 458.3723154972197 -354.6561873129991 76.87814728930516
 -810.1359904670093 856.2510057903521 -150.8333268834992 -292.9790656088069 865.6722422426603
 -740.0812443056229 -261.0217900321334 -36.46923379602072 812.9975577392072 269.7047144134333
 1268.949213550065 944.4807095602029 -1289.05349686938 -1454.922603964822 1428.600553258504
 257.2195893580304 -847.3108351747575 -360.9235594640768 870.2953416403423 46.69956341788111
 -810.1359904670093 856.2510057903521 -150.8333268834992 -292.9790656088069 865.6722422426603
 1737.010154587675 -1509.86658748259 -908.9045904257857 1115.607625266472 -100.0364920205628
 257.2195893580304 -847.3108351747575 -360.9235594640768 870.2953416403423 46.69956341788111
 -108.5681922693681 -343.6199322950747 749.9074486100008 -237.0628454845646 122.6663811052233
 1953.975784069398 -4618.696584901688 3539.442342708659 -2053.264958415335 -3545.906657212116
 478.011397608353 -297.2001505719405 -39.44205488911621 94.71636731241597 563.3872737855922
 1286.372327797299 2797.620233711976 -1324.714312450152 4782.385455387733 -2461.310367936777
 -707.6822111867157 925.1272351030923 993.8917130036159 -64.09132188964963 -661.7646307433358
 -492.1193338222619 890.6301919419595 -932.0902012751288 650.4248687439906 223.3588292319535
 1115.075305124354 1092.13564008804 -170.6314918910562 1511.128607367476 -2249.029234496801
 1268.949213550065 944.4807095602029 -1289.05349686938 -1454.922603964822 1428.600553258504
 272.2111973962644 -658.2538470794511 584.8129629689586 -930.6504594623345 498.0415196785636
 954.7939928698045 -523.3365259095327 244.6460297958738 380.4834377935313 -834.2315394245551
 -2772.10246156575 963.9070200600145 480.6873076638692 -2513.900168073263 -3300.549620835043
 -1502.391312909561 1824.018641581728 -948.6019304048698 -347.0810186869519 1828.257979912247
 484.0798104073092 -649.6130746048917 76.70637902845328 209.4957124648192 -321.7784350463869
 -4264.925603782039 4151.516545694854 2739.168650374185 -3835.132457136925 1196.764252244478
 -740.0812443056229 -261.0217900321334 -36.46923379602072 812.9975577392072 269.7047144134333
 948.0306093123365 -285.8682032997334 -264.1983017710749 533.5634852050409 654.2891601569472
 -994.6174348448394 774.3833535059371 458.3723154972197 -354.6561873129991 76.87814728930516
 -810.1359904670093 856.2510057903521 -150.8333268834992 -292.9790656088069 865.6722422426603
 4777.028940065283 2601.653070166479 2605.456719677304 -4419.294372782087 -2257.158004324061
 396.2937049865654 -333.1381001750094 -397.302613111454 -697.5062008006298 596.0994088196442
 -108.5681922693681 -343.6199322950747 749.9074486100008 -237.0628454845646 122.6663811052233
 -1232.798173093699 -1447.957820072265 970.1134106741122 -474.3444140697875 3036.817991499634
 843.9194887218159 951.7547350449311 -835.1720403131203 -93.47028645487364 885.8957819704544
 954.7939928698045 -523.3365259095327 244.6460297958738 380.4834377935313 -834.2315394245551
 -740.0812443056229 -261.0217900321334 -36.46923379602072 812.9975577392072 269.7047144134333
 -101.2927008470612 -820.0361503238362 -408.3781182920288 531.9803230147224 674.0571016236124
 -378.9149075205733 203.3241132139469 676.8706622127916 -534.1821861020301 696.6159966528357
 -876.5796810163602 3088.515472252853 -445.9998496103461 2179.205616119943 581.1215284569016
 571.0674812685875 466.145644193974 375.5197255313508 -964.7525110608869 -137.8211920444425
 -740.0812443056229 -261.0217900321334 -36.46923379602072 812.9975577392072 269.7047144134333
 -602.937210545655 490.3179678855606 -173.5389013887457 990.1345044990212 480.3134442876903
 -492.1193338222619 890.6301919419595 -932.0902012751288 650.4248687439906 223.3588292319535
 -1330.556300961698 1606.793051549691 -174.2217631692707 -1208.837505103818 1390.126138335137
 484.0798104073092 -649.6130746048917 76.70637902845328 209.4957124648192 -321.7784350463869
 478.011397608353 -297.2001505719405 -39.44205488911621 94.71636731241597 563.3872737855922
 -740.0812443056229 -261.0217900321334 -36.46923379602072 812.9975577392072 269.7047144134333
 -740.0812443056229 -261.0217900321334 -36.46923379602072 812.9975577392072 269.7047144134333
 -740.0812443056229 -261.0217900321334 -36.46923379602072 812.9975577392072 269.7047144134333
 -101.2927008470612 -820.0361503238362 -408.3781182920288 531.9803230147224 674.0571016236124
 396.2937049865654 -333.1381001750094 -397.302613111454 -697.5062008006298 596.0994088196442
 478.011397608353 -297.2001505719405 -39.44205488911621 94.71636731241597 563.3872737855922
 -719.1731528780424 -306.8385006955591 2737.690560401096 1265.97826567457 -300.4558565879987
 664.7827722741702 -141.8479115283532 -189.9832771554785 -733.0762260889304 802.039059146417
 -108.5681922693681 -343.6199322950747 749.9074486100008 -237.0628454845646 122.6663811052233
 -472.5818584295187 -444.2018427163498 600.3824559515072 -771.0507445334664 744.7486036372568
 -740.0812443056229 -261.0217900321334 -36.46923379602072 812.9975577392072 269.7047144134333
 954.7939928698045 -523.3365259095327 244.6460297958738 380.4834377935313 -834.2315394245551
 -514.2606638801535 -1455.246371788394 2933.513657263797 -919.5758718424531 2701.175915139364
 716.4736840109358 429.9136999566315 562.8708276749596 -225.4131584045432 -383.0802568306865
 -740.0812443056229 -261.0217900321334 -36.46923379602072 812.9975577392072 269.7047144134333
 -2886.994501405261 -1007.844538255888 -3269.795298117159 3388.094761760676 163.7027722935706
 834.7304795411702 271.2537228021303 1231.729245251014 -627.1812423190604 -2018.18833346668
 -321.0034406531092 158.0841179030244 1996.477180931291 -183.7157235718731 744.2879777021783
 -2682.549599783521 -1411.393715523928 708.8558830021046 -1056.228606537486 2158.144753421982
