# Created by Octave 4.2.1, Mon Oct 09 17:18:59 2017 BRT <root@mosqueiro>
# name: pop
# type: matrix
# rows: 100
# columns: 5
 -898.330748938852 384.9769342641647 -119.4649488495087 493.0826402215598 141.0886312478332
 -922.4387560238375 422.534544850865 -125.0128506303313 591.3513039625861 35.61498341077896
 -949.3501094302809 328.1792227366875 -327.7998549818341 363.6395403821098 591.0421121212014
 -922.4387560238375 422.534544850865 -125.0128506303313 591.3513039625861 35.61498341077896
 -922.4387560238375 422.534544850865 -125.0128506303313 591.3513039625861 35.61498341077896
 -740.0812443056229 -261.0217900321334 -36.46923379602072 812.9975577392072 269.7047144134333
 -949.3501094302809 328.1792227366875 -327.7998549818341 363.6395403821098 591.0421121212014
 -922.4387560238375 422.534544850865 -125.0128506303313 591.3513039625861 35.61498341077896
 -740.0812443056229 -261.0217900321334 -36.46923379602072 812.9975577392072 269.7047144134333
 -740.0812443056229 -261.0217900321334 -36.46923379602072 812.9975577392072 269.7047144134333
 -740.0812443056229 -261.0217900321334 -36.46923379602072 812.9975577392072 269.7047144134333
 -871.8757562547933 -2.919390255052861 -158.5773399513396 646.219259481462 447.1697330149249
 -701.1102502974518 -332.7163049930907 -36.37947207613253 884.8336314842444 297.8279915912645
 -740.0812443056229 -261.0217900321334 -36.46923379602072 812.9975577392072 269.7047144134333
 -740.0812443056229 -261.0217900321334 -36.46923379602072 812.9975577392072 269.7047144134333
 -922.4387560238375 422.534544850865 -125.0128506303313 591.3513039625861 35.61498341077896
 -949.3501094302809 328.1792227366875 -327.7998549818341 363.6395403821098 591.0421121212014
 -858.6431217060219 329.715677562725 -235.8897910303739 370.3852107661103 720.1917745227728
 -705.4066125682424 -193.2237877402573 -94.5834579782852 739.1083421097292 221.2749396591802
 -912.5081645918677 -0.5012834094184129 1100.342332492214 1121.249597876603 1518.528230220654
 -740.0812443056229 -261.0217900321334 -36.46923379602072 812.9975577392072 269.7047144134333
 -922.4387560238375 422.534544850865 -125.0128506303313 591.3513039625861 35.61498341077896
 -740.0812443056229 -261.0217900321334 -36.46923379602072 812.9975577392072 269.7047144134333
 -740.0812443056229 -261.0217900321334 -36.46923379602072 812.9975577392072 269.7047144134333
 -949.3501094302809 328.1792227366875 -327.7998549818341 363.6395403821098 591.0421121212014
 -740.0812443056229 -261.0217900321334 -36.46923379602072 812.9975577392072 269.7047144134333
 -740.0812443056229 -261.0217900321334 -36.46923379602072 812.9975577392072 269.7047144134333
 -922.4387560238375 422.534544850865 -125.0128506303313 591.3513039625861 35.61498341077896
 -949.3501094302809 328.1792227366875 -327.7998549818341 363.6395403821098 591.0421121212014
 -61.78407682456623 -564.3920720607986 -490.5782021232019 1576.067781356273 289.4664869357147
 -740.0812443056229 -261.0217900321334 -36.46923379602072 812.9975577392072 269.7047144134333
 -701.1102502974518 -332.7163049930907 -36.37947207613253 884.8336314842444 297.8279915912645
 -949.3501094302809 328.1792227366875 -327.7998549818341 363.6395403821098 591.0421121212014
 -776.4441275836297 -262.9612573559912 -39.1288979240545 792.5756707860992 253.8897452346387
 -922.4387560238375 422.534544850865 -125.0128506303313 591.3513039625861 35.61498341077896
 -871.8757562547933 -2.919390255052861 -158.5773399513396 646.219259481462 447.1697330149249
 -949.3501094302809 328.1792227366875 -327.7998549818341 363.6395403821098 591.0421121212014
 -949.3501094302809 328.1792227366875 -327.7998549818341 363.6395403821098 591.0421121212014
 -922.4387560238375 422.534544850865 -125.0128506303313 591.3513039625861 35.61498341077896
 -705.4066125682424 -193.2237877402573 -94.5834579782852 739.1083421097292 221.2749396591802
 -701.1102502974518 -332.7163049930907 -36.37947207613253 884.8336314842444 297.8279915912645
 -922.4387560238375 422.534544850865 -125.0128506303313 591.3513039625861 35.61498341077896
 -228.3862915999111 106.2735098570221 -213.2278781167585 534.9358323194216 386.5748258081198
 -92.7459867652662 154.7693339220542 44.05367424690508 526.818003306997 -121.1187230137199
 -922.4387560238375 422.534544850865 -125.0128506303313 591.3513039625861 35.61498341077896
 -949.3501094302809 328.1792227366875 -327.7998549818341 363.6395403821098 591.0421121212014
 -949.3501094302809 328.1792227366875 -327.7998549818341 363.6395403821098 591.0421121212014
 -912.5081645918677 -0.5012834094184129 1100.342332492214 1121.249597876603 1518.528230220654
 -740.0812443056229 -261.0217900321334 -36.46923379602072 812.9975577392072 269.7047144134333
 -740.0812443056229 -261.0217900321334 -36.46923379602072 812.9975577392072 269.7047144134333
 -564.1265815836647 -158.471801376866 -82.03915576260795 824.4868730779352 227.6554999655262
 -776.4441275836297 -262.9612573559912 -39.1288979240545 792.5756707860992 253.8897452346387
 -818.5219726958899 177.9639866644299 -50.72365610905261 867.2932040921113 189.090330733235
 -922.4387560238375 422.534544850865 -125.0128506303313 591.3513039625861 35.61498341077896
 -949.3501094302809 328.1792227366875 -327.7998549818341 363.6395403821098 591.0421121212014
 -740.0812443056229 -261.0217900321334 -36.46923379602072 812.9975577392072 269.7047144134333
 -949.3501094302809 328.1792227366875 -327.7998549818341 363.6395403821098 591.0421121212014
 -818.5219726958899 177.9639866644299 -50.72365610905261 867.2932040921113 189.090330733235
 -775.4223785739852 78.95180675796087 1030.923364825446 1161.08687997479 1566.380328870234
 -922.4387560238375 422.534544850865 -125.0128506303313 591.3513039625861 35.61498341077896
 -898.330748938852 384.9769342641647 -119.4649488495087 493.0826402215598 141.0886312478332
 -1497.144453212333 1150.124009281358 283.0056356911414 971.8071702866456 -1009.684825663433
 -92.7459867652662 154.7693339220542 44.05367424690508 526.818003306997 -121.1187230137199
 -949.3501094302809 328.1792227366875 -327.7998549818341 363.6395403821098 591.0421121212014
 -933.9745202180105 -386.944328562324 -23.19264998740819 854.4325446976602 288.0432775534494
 -949.3501094302809 328.1792227366875 -327.7998549818341 363.6395403821098 591.0421121212014
 -949.3501094302809 328.1792227366875 -327.7998549818341 363.6395403821098 591.0421121212014
 -740.0812443056229 -261.0217900321334 -36.46923379602072 812.9975577392072 269.7047144134333
 -871.9477130287812 81.69856949235415 -319.4814893551471 215.6694529709064 851.8972152820082
 -1497.144453212333 1150.124009281358 283.0056356911414 971.8071702866456 -1009.684825663433
 -701.1102502974518 -332.7163049930907 -36.37947207613253 884.8336314842444 297.8279915912645
 -740.0812443056229 -261.0217900321334 -36.46923379602072 812.9975577392072 269.7047144134333
 -740.0812443056229 -261.0217900321334 -36.46923379602072 812.9975577392072 269.7047144134333
 -922.4387560238375 422.534544850865 -125.0128506303313 591.3513039625861 35.61498341077896
 -949.3501094302809 328.1792227366875 -327.7998549818341 363.6395403821098 591.0421121212014
 -949.3501094302809 328.1792227366875 -327.7998549818341 363.6395403821098 591.0421121212014
 -740.0812443056229 -261.0217900321334 -36.46923379602072 812.9975577392072 269.7047144134333
 -898.330748938852 384.9769342641647 -119.4649488495087 493.0826402215598 141.0886312478332
 -956.1012381375904 -370.6753739335109 31.70677241923482 600.0854039063296 165.3991853629657
 -228.3862915999111 106.2735098570221 -213.2278781167585 534.9358323194216 386.5748258081198
 -853.677851839064 377.5427484642925 -329.6439695542097 462.3011064975464 531.6845882541895
 -16.62009738637488 162.7396315096016 88.02745511318221 560.8002422906927 -70.48123584631543
 -721.4043560393687 -172.1878670719364 -15.6104971718365 816.1220265299862 311.699643860456
 -956.2372198535443 340.5016800761916 -339.0559185017538 320.6928883611859 713.5712422322689
