# Created by Octave 4.2.1, Mon Oct 09 17:19:09 2017 BRT <root@mosqueiro>
# name: pop
# type: matrix
# rows: 100
# columns: 5
 -890.8715120476918 374.7794426282867 -122.0059175024989 494.8771200760639 142.1967355765492
 -890.8715120476918 374.7794426282867 -122.0059175024989 494.8771200760639 142.1967355765492
 -890.6866065467088 374.5043259127631 -122.1474733365502 495.0310539782209 142.3527130909784
 -890.7272142394756 374.4704610814331 -122.1418865195362 494.9876987294775 142.35244884595
 -890.3940159747232 374.2628071001438 -122.0519263520845 494.9189997573069 142.4114999150523
 -890.6387680412748 374.4999722965733 -121.8616410982896 494.8174469248312 142.3183031599572
 -890.1327229272304 374.4976208682963 -121.0159135546155 495.6859419781742 142.6816259649449
 -890.9506508241011 374.8314042256916 -121.7846548012352 494.9831850061361 142.1012285994441
 -898.2386153346072 384.9612611603879 -119.5167894930265 493.0957582050237 141.1296023270559
 -890.4859804495616 374.4288634100113 -121.9791359105691 494.8518481982784 142.4318233402542
 -890.4859804495616 374.4288634100113 -121.9791359105691 494.8518481982784 142.4318233402542
 -890.2974103740278 374.0990803290987 -122.128471866018 495.0595398583083 142.4030939378874
 -890.1327229272304 374.4976208682963 -121.0159135546155 495.6859419781742 142.6816259649449
 -890.202763520547 374.1886287090849 -123.4055076377638 493.97812650298 142.3845184484553
 -890.6866065467088 374.5043259127631 -122.1474733365502 495.0310539782209 142.3527130909784
 -890.8715120476918 374.7794426282867 -122.0059175024989 494.8771200760639 142.1967355765492
 -890.8715120476918 374.7794426282867 -122.0059175024989 494.8771200760639 142.1967355765492
 -890.8715120476918 374.7794426282867 -122.0059175024989 494.8771200760639 142.1967355765492
 -890.6555461513352 374.5326893027415 -121.8532627656744 494.7981904819751 142.3377665848001
 -890.4850686169941 374.4633483664533 -121.992987491738 494.83544828741 142.4065420448786
 -890.8715120476918 374.7794426282867 -122.0059175024989 494.8771200760639 142.1967355765492
 -890.9554503043238 374.849986025304 -121.7905740752478 494.9586009460021 142.086797371289
 -890.4086429838345 374.2745420940967 -122.0380024650116 494.9112648043009 142.4395998355832
 -890.8715120476918 374.7794426282867 -122.0059175024989 494.8771200760639 142.1967355765492
 -890.8715120476918 374.7794426282867 -122.0059175024989 494.8771200760639 142.1967355765492
 -890.8902187274215 374.7603863913564 -121.9946454744035 494.8940351098581 142.2315080171408
 -898.2386153346072 384.9612611603879 -119.5167894930265 493.0957582050237 141.1296023270559
 -890.8715120476918 374.7794426282867 -122.0059175024989 494.8771200760639 142.1967355765492
 -890.2894505632877 374.0634693221685 -122.0111206740881 495.005269885044 142.4768373032763
 -890.8715120476918 374.7794426282867 -122.0059175024989 494.8771200760639 142.1967355765492
 -926.8081957216854 448.0185506352606 -108.3600930488532 578.4587457332686 -26.2654489658977
 -890.8715120476918 374.7794426282867 -122.0059175024989 494.8771200760639 142.1967355765492
 -897.8035070424099 384.6808371426495 -119.2081075923598 492.4205580131589 142.3445573276039
 -890.5500627080279 374.4667101897287 -122.0020896851637 494.8787789805255 142.3636088703079
 -890.6555461513352 374.5326893027415 -121.8532627656744 494.7981904819751 142.3377665848001
 -890.6866065467088 374.5043259127631 -122.1474733365502 495.0310539782209 142.3527130909784
 -890.8715120476918 374.7794426282867 -122.0059175024989 494.8771200760639 142.1967355765492
 -890.6555461513352 374.5326893027415 -121.8532627656744 494.7981904819751 142.3377665848001
 -890.4859804495616 374.4288634100113 -121.9791359105691 494.8518481982784 142.4318233402542
 -890.5532154175991 374.4585130742277 -122.0274457686027 494.8858893276671 142.3765623017763
 -890.8583279996212 374.7684533007208 -121.983234164968 494.8634525580168 142.1927162795983
 -890.6866065467088 374.5043259127631 -122.1474733365502 495.0310539782209 142.3527130909784
 -890.8838989693996 374.7856129031965 -121.9776811800813 494.8724559161232 142.1825517762774
 -890.6387680412748 374.4999722965733 -121.8616410982896 494.8174469248312 142.3183031599572
 -890.5500627080279 374.4667101897287 -122.0020896851637 494.8787789805255 142.3636088703079
 -890.8715120476918 374.7794426282867 -122.0059175024989 494.8771200760639 142.1967355765492
 -890.6866065467088 374.5043259127631 -122.1474733365502 495.0310539782209 142.3527130909784
 -890.3940159747232 374.2628071001438 -122.0519263520845 494.9189997573069 142.4114999150523
 -890.9556881234764 374.8327022349506 -121.7792598833061 494.9918977110926 142.1120514944961
 -890.7272142394756 374.4704610814331 -122.1418865195362 494.9876987294775 142.35244884595
 -949.3501094302809 328.1792227366875 -327.7998549818341 363.6395403821098 591.0421121212014
 -890.8583279996212 374.7684533007208 -121.983234164968 494.8634525580168 142.1927162795983
 -890.8715120476918 374.7794426282867 -122.0059175024989 494.8771200760639 142.1967355765492
 -890.8715120476918 374.7794426282867 -122.0059175024989 494.8771200760639 142.1967355765492
 -890.4160806011615 374.4107708648289 -121.9057806045337 494.7957213064717 142.471428589734
 -890.9382800219101 374.8183559436997 -121.8421069789717 494.9203331432759 142.1260262431829
 -890.4160806011615 374.4107708648289 -121.9057806045337 494.7957213064717 142.471428589734
 -890.4859804495616 374.4288634100113 -121.9791359105691 494.8518481982784 142.4318233402542
 -890.4859804495616 374.4288634100113 -121.9791359105691 494.8518481982784 142.4318233402542
 -890.4204104796108 374.3384434914234 -121.9914996068155 494.8929939894469 142.4309569102165
 -890.9554503043238 374.849986025304 -121.7905740752478 494.9586009460021 142.086797371289
 -890.3704028380582 374.2320418112899 -121.9426755050215 495.0646378502503 142.4522041534158
 -890.8715120476918 374.7794426282867 -122.0059175024989 494.8771200760639 142.1967355765492
 -890.4850686169941 374.4633483664533 -121.992987491738 494.83544828741 142.4065420448786
 -890.8715120476918 374.7794426282867 -122.0059175024989 494.8771200760639 142.1967355765492
 -890.2633256686128 374.0820565573338 -122.1319783788475 495.0738978989031 142.3974306059659
 -890.8715120476918 374.7794426282867 -122.0059175024989 494.8771200760639 142.1967355765492
 -890.8715120476918 374.7794426282867 -122.0059175024989 494.8771200760639 142.1967355765492
 -898.2386153346072 384.9612611603879 -119.5167894930265 493.0957582050237 141.1296023270559
 -890.8715120476918 374.7794426282867 -122.0059175024989 494.8771200760639 142.1967355765492
 -890.4859804495616 374.4288634100113 -121.9791359105691 494.8518481982784 142.4318233402542
 -890.8715120476918 374.7794426282867 -122.0059175024989 494.8771200760639 142.1967355765492
 -890.202763520547 374.1886287090849 -123.4055076377638 493.97812650298 142.3845184484553
 -890.4086429838345 374.2745420940967 -122.0380024650116 494.9112648043009 142.4395998355832
 -899.5511617349722 384.5068471176742 -120.7235072700016 493.4973631422915 141.8909953366164
 -890.4035792147479 374.2732522693797 -122.0404179423569 494.9180045631996 142.4378946753416
 -949.3501094302809 328.1792227366875 -327.7998549818341 363.6395403821098 591.0421121212014
 -890.8715120476918 374.7794426282867 -122.0059175024989 494.8771200760639 142.1967355765492
 -949.3501094302809 328.1792227366875 -327.7998549818341 363.6395403821098 591.0421121212014
 -890.8715120476918 374.7794426282867 -122.0059175024989 494.8771200760639 142.1967355765492
 -890.9529179969489 374.829941574542 -121.7897712795247 494.9741414570344 142.1021241541557
 -890.4940504428065 374.4261482440995 -121.9837753038662 494.8505884396349 142.431393667194
 -890.8726309954133 374.7881388361981 -122.0018503800321 494.880872436161 142.2194270918969
 -890.6880624146918 374.5063437964679 -122.1436900224363 495.0350723909923 142.3507133512813
 -890.2630517066183 374.0772111770959 -122.1365240182712 495.0826529392024 142.394805625935
