# Created by Octave 4.2.1, Mon Oct 09 17:18:52 2017 BRT <root@mosqueiro>
# name: pop
# type: matrix
# rows: 100
# columns: 5
 -740.0812443056229 -261.0217900321334 -36.46923379602072 812.9975577392072 269.7047144134333
 -740.0812443056229 -261.0217900321334 -36.46923379602072 812.9975577392072 269.7047144134333
 -740.0812443056229 -261.0217900321334 -36.46923379602072 812.9975577392072 269.7047144134333
 -740.0812443056229 -261.0217900321334 -36.46923379602072 812.9975577392072 269.7047144134333
 -740.0812443056229 -261.0217900321334 -36.46923379602072 812.9975577392072 269.7047144134333
 -101.2927008470612 -820.0361503238362 -408.3781182920288 531.9803230147224 674.0571016236124
 -1232.798173093699 -1447.957820072265 970.1134106741122 -474.3444140697875 3036.817991499634
 -740.0812443056229 -261.0217900321334 -36.46923379602072 812.9975577392072 269.7047144134333
 -740.0812443056229 -261.0217900321334 -36.46923379602072 812.9975577392072 269.7047144134333
 804.5201644506562 1845.515627653028 -372.0986086344972 2126.654344112711 368.4429289757298
 -1349.064245630972 403.8952220909518 -264.6767627962491 1169.554358966349 921.073278925353
 -994.6174348448394 774.3833535059371 458.3723154972197 -354.6561873129991 76.87814728930516
 2102.576072251229 2207.698827667542 -493.7894681703622 -699.249228701919 282.4449328254912
 -740.0812443056229 -261.0217900321334 -36.46923379602072 812.9975577392072 269.7047144134333
 -740.0812443056229 -261.0217900321334 -36.46923379602072 812.9975577392072 269.7047144134333
 -740.0812443056229 -261.0217900321334 -36.46923379602072 812.9975577392072 269.7047144134333
 2102.576072251229 2207.698827667542 -493.7894681703622 -699.249228701919 282.4449328254912
 -740.0812443056229 -261.0217900321334 -36.46923379602072 812.9975577392072 269.7047144134333
 -740.0812443056229 -261.0217900321334 -36.46923379602072 812.9975577392072 269.7047144134333
 -740.0812443056229 -261.0217900321334 -36.46923379602072 812.9975577392072 269.7047144134333
 427.4788584889661 283.5238887194331 -94.1753582423602 909.4124611872591 1278.298517096736
 -740.0812443056229 -261.0217900321334 -36.46923379602072 812.9975577392072 269.7047144134333
 -740.0812443056229 -261.0217900321334 -36.46923379602072 812.9975577392072 269.7047144134333
 -740.0812443056229 -261.0217900321334 -36.46923379602072 812.9975577392072 269.7047144134333
 -740.0812443056229 -261.0217900321334 -36.46923379602072 812.9975577392072 269.7047144134333
 -740.0812443056229 -261.0217900321334 -36.46923379602072 812.9975577392072 269.7047144134333
 -101.2927008470612 -820.0361503238362 -408.3781182920288 531.9803230147224 674.0571016236124
 -740.0812443056229 -261.0217900321334 -36.46923379602072 812.9975577392072 269.7047144134333
 1194.505783895072 -10.29604939411854 -42.6794743717162 -759.7197913810236 1745.576970587019
 -1293.016528524847 -71.51708559271896 -175.4992393000279 -1316.550318704069 1711.453861693703
 -740.0812443056229 -261.0217900321334 -36.46923379602072 812.9975577392072 269.7047144134333
 -740.0812443056229 -261.0217900321334 -36.46923379602072 812.9975577392072 269.7047144134333
 -124.5092879111235 -2690.090590985879 -60.23357643718336 957.0695431353984 824.032786307993
 -994.6174348448394 774.3833535059371 458.3723154972197 -354.6561873129991 76.87814728930516
 -1081.656239391367 -927.6600617073029 70.97922218941925 2124.005431994724 -759.3155297373021
 -740.0812443056229 -261.0217900321334 -36.46923379602072 812.9975577392072 269.7047144134333
 -956.7311803770185 -1504.587899564184 -2400.752039837502 1693.190694327575 211.7205544723613
 -740.0812443056229 -261.0217900321334 -36.46923379602072 812.9975577392072 269.7047144134333
 1194.505783895072 -10.29604939411854 -42.6794743717162 -759.7197913810236 1745.576970587019
 -1925.95732804406 -2784.48007310414 1869.547381315175 596.1960914595281 1570.798922877015
 2102.576072251229 2207.698827667542 -493.7894681703622 -699.249228701919 282.4449328254912
 -740.0812443056229 -261.0217900321334 -36.46923379602072 812.9975577392072 269.7047144134333
 -740.0812443056229 -261.0217900321334 -36.46923379602072 812.9975577392072 269.7047144134333
 -1284.460182087532 -205.9005367570295 -1951.447967324443 -1824.243620582673 -719.2775479273997
 -740.0812443056229 -261.0217900321334 -36.46923379602072 812.9975577392072 269.7047144134333
 -740.0812443056229 -261.0217900321334 -36.46923379602072 812.9975577392072 269.7047144134333
 -994.6174348448394 774.3833535059371 458.3723154972197 -354.6561873129991 76.87814728930516
 -810.1359904670093 856.2510057903521 -150.8333268834992 -292.9790656088069 865.6722422426603
 -740.0812443056229 -261.0217900321334 -36.46923379602072 812.9975577392072 269.7047144134333
 -740.0812443056229 -261.0217900321334 -36.46923379602072 812.9975577392072 269.7047144134333
 -1284.460182087532 -205.9005367570295 -1951.447967324443 -1824.243620582673 -719.2775479273997
 -468.2694872620855 1007.712434105329 -277.9172972171472 1439.563061185454 357.5562279326357
 -1502.391312909561 1824.018641581728 -948.6019304048698 -347.0810186869519 1828.257979912247
 -740.0812443056229 -261.0217900321334 -36.46923379602072 812.9975577392072 269.7047144134333
 -1293.016528524847 -71.51708559271896 -175.4992393000279 -1316.550318704069 1711.453861693703
 -1345.123296843615 4619.901129228276 2549.703645053599 -2727.755467730326 1697.339011936661
 -740.0812443056229 -261.0217900321334 -36.46923379602072 812.9975577392072 269.7047144134333
 -740.0812443056229 -261.0217900321334 -36.46923379602072 812.9975577392072 269.7047144134333
 -740.0812443056229 -261.0217900321334 -36.46923379602072 812.9975577392072 269.7047144134333
 -272.250024355889 1091.09883367549 -575.4003342750696 1425.191473646126 -230.2147535741018
 -740.0812443056229 -261.0217900321334 -36.46923379602072 812.9975577392072 269.7047144134333
 -740.0812443056229 -261.0217900321334 -36.46923379602072 812.9975577392072 269.7047144134333
 -740.0812443056229 -261.0217900321334 -36.46923379602072 812.9975577392072 269.7047144134333
 -740.0812443056229 -261.0217900321334 -36.46923379602072 812.9975577392072 269.7047144134333
 -740.0812443056229 -261.0217900321334 -36.46923379602072 812.9975577392072 269.7047144134333
 427.4788584889661 283.5238887194331 -94.1753582423602 909.4124611872591 1278.298517096736
 -740.0812443056229 -261.0217900321334 -36.46923379602072 812.9975577392072 269.7047144134333
 -740.0812443056229 -261.0217900321334 -36.46923379602072 812.9975577392072 269.7047144134333
 -740.0812443056229 -261.0217900321334 -36.46923379602072 812.9975577392072 269.7047144134333
 -124.5092879111235 -2690.090590985879 -60.23357643718336 957.0695431353984 824.032786307993
 -1850.546081295156 -2657.032465672202 379.3601592405999 -1742.264794387499 1445.561060973106
 -266.2781783627394 -1042.765097694553 2235.455999448203 2824.145607772677 79.06789847621371
 -740.0812443056229 -261.0217900321334 -36.46923379602072 812.9975577392072 269.7047144134333
 -468.2694872620855 1007.712434105329 -277.9172972171472 1439.563061185454 357.5562279326357
 -272.250024355889 1091.09883367549 -575.4003342750696 1425.191473646126 -230.2147535741018
 -740.0812443056229 -261.0217900321334 -36.46923379602072 812.9975577392072 269.7047144134333
 -740.0812443056229 -261.0217900321334 -36.46923379602072 812.9975577392072 269.7047144134333
 -740.0812443056229 -261.0217900321334 -36.46923379602072 812.9975577392072 269.7047144134333
 4731.297534553284 4238.149143069994 672.5630069116014 -1276.243805947141 -2954.814250549683
 427.4788584889661 283.5238887194331 -94.1753582423602 909.4124611872591 1278.298517096736
 -1266.112156697653 -522.576441909006 -717.1137069106726 1259.879125467188 -781.5420605433187
 -1943.61712229392 -223.8532515587184 -179.4704750003346 346.7221908139262 727.6635685073825
 -1376.899821830776 80.53759749765743 -425.0919496355932 1947.059417186832 298.5355530937551
 -987.382666885538 58.84902253675875 -800.4631812263812 351.7860615324532 1322.86862258257
