# Created by Octave 4.2.1, Mon Oct 09 17:19:01 2017 BRT <root@mosqueiro>
# name: pop
# type: matrix
# rows: 100
# columns: 5
 -898.330748938852 384.9769342641647 -119.4649488495087 493.0826402215598 141.0886312478332
 -898.330748938852 384.9769342641647 -119.4649488495087 493.0826402215598 141.0886312478332
 -922.4387560238375 422.534544850865 -125.0128506303313 591.3513039625861 35.61498341077896
 -922.4387560238375 422.534544850865 -125.0128506303313 591.3513039625861 35.61498341077896
 -701.1102502974518 -332.7163049930907 -36.37947207613253 884.8336314842444 297.8279915912645
 -721.4043560393687 -172.1878670719364 -15.6104971718365 816.1220265299862 311.699643860456
 -934.9718566281795 417.2476775516287 -126.5217009622344 570.980522905367 36.6868898552649
 -922.4387560238375 422.534544850865 -125.0128506303313 591.3513039625861 35.61498341077896
 -949.3501094302809 328.1792227366875 -327.7998549818341 363.6395403821098 591.0421121212014
 -776.4441275836297 -262.9612573559912 -39.1288979240545 792.5756707860992 253.8897452346387
 -898.330748938852 384.9769342641647 -119.4649488495087 493.0826402215598 141.0886312478332
 -740.0812443056229 -261.0217900321334 -36.46923379602072 812.9975577392072 269.7047144134333
 -898.330748938852 384.9769342641647 -119.4649488495087 493.0826402215598 141.0886312478332
 -898.330748938852 384.9769342641647 -119.4649488495087 493.0826402215598 141.0886312478332
 -949.3501094302809 328.1792227366875 -327.7998549818341 363.6395403821098 591.0421121212014
 -898.330748938852 384.9769342641647 -119.4649488495087 493.0826402215598 141.0886312478332
 -702.3378283598345 -259.2899746747378 -24.73795962416567 779.6526695066469 245.2933125464108
 -898.330748938852 384.9769342641647 -119.4649488495087 493.0826402215598 141.0886312478332
 -898.330748938852 384.9769342641647 -119.4649488495087 493.0826402215598 141.0886312478332
 -949.3501094302809 328.1792227366875 -327.7998549818341 363.6395403821098 591.0421121212014
 -922.4387560238375 422.534544850865 -125.0128506303313 591.3513039625861 35.61498341077896
 -922.4387560238375 422.534544850865 -125.0128506303313 591.3513039625861 35.61498341077896
 -949.3501094302809 328.1792227366875 -327.7998549818341 363.6395403821098 591.0421121212014
 -949.3501094302809 328.1792227366875 -327.7998549818341 363.6395403821098 591.0421121212014
 -909.8607336242268 316.6683084938201 -357.7679104745484 338.2141068441111 565.3427850947945
 -922.4387560238375 422.534544850865 -125.0128506303313 591.3513039625861 35.61498341077896
 -958.6658987989049 353.2054282717806 -299.6810678437434 353.831147682707 603.5376013716342
 -922.4387560238375 422.534544850865 -125.0128506303313 591.3513039625861 35.61498341077896
 -922.4387560238375 422.534544850865 -125.0128506303313 591.3513039625861 35.61498341077896
 -705.4066125682424 -193.2237877402573 -94.5834579782852 739.1083421097292 221.2749396591802
 -934.9718566281795 417.2476775516287 -126.5217009622344 570.980522905367 36.6868898552649
 -949.3501094302809 328.1792227366875 -327.7998549818341 363.6395403821098 591.0421121212014
 -740.0812443056229 -261.0217900321334 -36.46923379602072 812.9975577392072 269.7047144134333
 -898.330748938852 384.9769342641647 -119.4649488495087 493.0826402215598 141.0886312478332
 -934.9718566281795 417.2476775516287 -126.5217009622344 570.980522905367 36.6868898552649
 -979.5110085273011 304.6874079669865 -309.0587620734171 347.8338147667397 543.9150975468298
 -740.0812443056229 -261.0217900321334 -36.46923379602072 812.9975577392072 269.7047144134333
 -898.330748938852 384.9769342641647 -119.4649488495087 493.0826402215598 141.0886312478332
 -922.4387560238375 422.534544850865 -125.0128506303313 591.3513039625861 35.61498341077896
 -702.3378283598345 -259.2899746747378 -24.73795962416567 779.6526695066469 245.2933125464108
 -922.4387560238375 422.534544850865 -125.0128506303313 591.3513039625861 35.61498341077896
 -898.330748938852 384.9769342641647 -119.4649488495087 493.0826402215598 141.0886312478332
 -922.4387560238375 422.534544850865 -125.0128506303313 591.3513039625861 35.61498341077896
 -963.2269591178022 353.8759876846249 -298.5578415433214 364.178860894722 592.4971706757591
 -946.4099647414403 424.2900244244063 -146.2817618744503 628.4336375292039 58.54179699740811
 -922.4387560238375 422.534544850865 -125.0128506303313 591.3513039625861 35.61498341077896
 -906.8802478856699 441.5425264184796 -121.1528553781787 636.4095684990983 24.79401913667748
 -705.4066125682424 -193.2237877402573 -94.5834579782852 739.1083421097292 221.2749396591802
 -937.2218650570467 419.8361013121491 -143.5103568876467 620.5678412176662 65.80196372664132
 -949.3501094302809 328.1792227366875 -327.7998549818341 363.6395403821098 591.0421121212014
 -705.7817234481489 -240.5889071789732 -27.22132125197185 801.7247147098684 242.3331409279062
 -927.4194334793779 448.1332100678614 -110.4652986333798 579.4870637074922 -27.62770010626222
 -906.8802478856699 441.5425264184796 -121.1528553781787 636.4095684990983 24.79401913667748
 -898.330748938852 384.9769342641647 -119.4649488495087 493.0826402215598 141.0886312478332
 -922.4387560238375 422.534544850865 -125.0128506303313 591.3513039625861 35.61498341077896
 -922.4387560238375 422.534544850865 -125.0128506303313 591.3513039625861 35.61498341077896
 -898.330748938852 384.9769342641647 -119.4649488495087 493.0826402215598 141.0886312478332
 -922.4387560238375 422.534544850865 -125.0128506303313 591.3513039625861 35.61498341077896
 -898.330748938852 384.9769342641647 -119.4649488495087 493.0826402215598 141.0886312478332
 -228.3862915999111 106.2735098570221 -213.2278781167585 534.9358323194216 386.5748258081198
 -898.330748938852 384.9769342641647 -119.4649488495087 493.0826402215598 141.0886312478332
 -949.3501094302809 328.1792227366875 -327.7998549818341 363.6395403821098 591.0421121212014
 -898.330748938852 384.9769342641647 -119.4649488495087 493.0826402215598 141.0886312478332
 -922.4387560238375 422.534544850865 -125.0128506303313 591.3513039625861 35.61498341077896
 -898.330748938852 384.9769342641647 -119.4649488495087 493.0826402215598 141.0886312478332
 -898.330748938852 384.9769342641647 -119.4649488495087 493.0826402215598 141.0886312478332
 -898.330748938852 384.9769342641647 -119.4649488495087 493.0826402215598 141.0886312478332
 -949.3501094302809 328.1792227366875 -327.7998549818341 363.6395403821098 591.0421121212014
 -937.2218650570467 419.8361013121491 -143.5103568876467 620.5678412176662 65.80196372664132
 -932.1316081765757 353.1368997690186 -176.9478092681129 570.0000459852415 61.35755263531262
 -898.330748938852 384.9769342641647 -119.4649488495087 493.0826402215598 141.0886312478332
 -937.2218650570467 419.8361013121491 -143.5103568876467 620.5678412176662 65.80196372664132
 -92.7459867652662 154.7693339220542 44.05367424690508 526.818003306997 -121.1187230137199
 -898.330748938852 384.9769342641647 -119.4649488495087 493.0826402215598 141.0886312478332
 -740.0812443056229 -261.0217900321334 -36.46923379602072 812.9975577392072 269.7047144134333
 -228.3862915999111 106.2735098570221 -213.2278781167585 534.9358323194216 386.5748258081198
 -898.330748938852 384.9769342641647 -119.4649488495087 493.0826402215598 141.0886312478332
 -740.0812443056229 -261.0217900321334 -36.46923379602072 812.9975577392072 269.7047144134333
 -898.330748938852 384.9769342641647 -119.4649488495087 493.0826402215598 141.0886312478332
 -898.330748938852 384.9769342641647 -119.4649488495087 493.0826402215598 141.0886312478332
 -936.0777505182753 312.8571321483523 -302.079023091136 331.1171780394108 722.0048874962417
 -881.6389418441227 401.8553496245906 -118.9842535021843 486.2966270617858 141.0158177849214
 -690.4825273967338 -317.4467833052586 -37.14464471257564 866.2791551955482 294.9125183197368
 -958.6690571618232 345.5235424359493 -330.8093401848893 365.2521146620747 579.1457357440687
 -943.7302771700902 334.3660330336451 -336.9062780699187 357.9924741790147 586.7592180645912
