# Created by Octave 4.2.1, Mon Oct 09 17:20:21 2017 BRT <root@mosqueiro>
# name: pop
# type: matrix
# rows: 100
# columns: 5
 -1588.202351786726 2894.70029661723 -1596.340959912981 177.4223866282335 126.7387242699139
 -1588.202351786726 2894.70029661723 -1596.340959912981 177.4223866282335 126.7387242699139
 -1588.202351786726 2894.70029661723 -1596.340959912981 177.4223866282335 126.7387242699139
 -1588.202351786726 2894.70029661723 -1596.340959912981 177.4223866282335 126.7387242699139
 -1588.202351786726 2894.70029661723 -1596.340959912981 177.4223866282335 126.7387242699139
 -1588.202351786726 2894.70029661723 -1596.340959912981 177.4223866282335 126.7387242699139
 -3715.243125359127 2767.1032806823 -1079.422691287062 -2947.353784796361 -334.1874692952662
 -1588.202351786726 2894.70029661723 -1596.340959912981 177.4223866282335 126.7387242699139
 -2849.187297110902 2827.754811678747 -1102.237150992469 -341.0073467703497 1648.953200427594
 -1588.202351786726 2894.70029661723 -1596.340959912981 177.4223866282335 126.7387242699139
 -1588.202351786726 2894.70029661723 -1596.340959912981 177.4223866282335 126.7387242699139
 4531.57832295046 2057.932267185971 1318.618697801274 2564.640155490133 -3723.706581821412
 -65.65062037190376 70.76194568041251 914.0841798698098 -173.2646525218461 -717.8799681070566
 -2506.175330205816 2630.308146856089 -1240.752970239811 37.05177694149796 1098.55554622419
 -2849.187297110902 2827.754811678747 -1102.237150992469 -341.0073467703497 1648.953200427594
 -1588.202351786726 2894.70029661723 -1596.340959912981 177.4223866282335 126.7387242699139
 -1588.202351786726 2894.70029661723 -1596.340959912981 177.4223866282335 126.7387242699139
 -1588.202351786726 2894.70029661723 -1596.340959912981 177.4223866282335 126.7387242699139
 -2506.175330205816 2630.308146856089 -1240.752970239811 37.05177694149796 1098.55554622419
 -1588.202351786726 2894.70029661723 -1596.340959912981 177.4223866282335 126.7387242699139
 -1588.202351786726 2894.70029661723 -1596.340959912981 177.4223866282335 126.7387242699139
 -1588.202351786726 2894.70029661723 -1596.340959912981 177.4223866282335 126.7387242699139
 609.258856058389 715.924675809742 -705.1230799872806 237.2012145506515 -909.8852685666267
 -2099.506942488752 -1505.352623498082 886.9997097181515 -188.0108317647099 449.3117429275906
 -2962.756305985668 -219.0977643212005 1108.88656341353 1997.075747466377 -541.4695791896577
 2190.95477207485 1907.904125956247 12.34707495031012 1716.733829363345 -2637.440765426645
 -1605.053106601786 -1375.291314785025 -1651.483991072332 2634.740171477942 -720.1593891172865
 -65.65062037190376 70.76194568041251 914.0841798698098 -173.2646525218461 -717.8799681070566
 -65.65062037190376 70.76194568041251 914.0841798698098 -173.2646525218461 -717.8799681070566
 -1309.259456633873 -2841.653680502064 -1292.862225742398 -1926.929708556133 134.5452338415792
 -1513.8553911592 3769.988110601807 246.5222788918375 1427.620142484568 1011.109949902503
 -1588.202351786726 2894.70029661723 -1596.340959912981 177.4223866282335 126.7387242699139
 -65.65062037190376 70.76194568041251 914.0841798698098 -173.2646525218461 -717.8799681070566
 -1588.202351786726 2894.70029661723 -1596.340959912981 177.4223866282335 126.7387242699139
 -2506.175330205816 2630.308146856089 -1240.752970239811 37.05177694149796 1098.55554622419
 -1588.202351786726 2894.70029661723 -1596.340959912981 177.4223866282335 126.7387242699139
 -1588.202351786726 2894.70029661723 -1596.340959912981 177.4223866282335 126.7387242699139
 -2506.175330205816 2630.308146856089 -1240.752970239811 37.05177694149796 1098.55554622419
 -1909.241110847923 403.820573595809 -141.6043751930192 -663.4713738859698 -1899.782794770559
 -1513.8553911592 3769.988110601807 246.5222788918375 1427.620142484568 1011.109949902503
 -65.65062037190376 70.76194568041251 914.0841798698098 -173.2646525218461 -717.8799681070566
 -1588.202351786726 2894.70029661723 -1596.340959912981 177.4223866282335 126.7387242699139
 -1588.202351786726 2894.70029661723 -1596.340959912981 177.4223866282335 126.7387242699139
 -1588.202351786726 2894.70029661723 -1596.340959912981 177.4223866282335 126.7387242699139
 511.5517664190706 -163.0076211379886 1864.381189068852 437.6041010009246 2448.877805534133
 -2844.4309084752 489.6072997905117 -1544.18473119566 2871.714258064962 701.2140537946156
 -1588.202351786726 2894.70029661723 -1596.340959912981 177.4223866282335 126.7387242699139
 -1588.202351786726 2894.70029661723 -1596.340959912981 177.4223866282335 126.7387242699139
 -2506.175330205816 2630.308146856089 -1240.752970239811 37.05177694149796 1098.55554622419
 -1588.202351786726 2894.70029661723 -1596.340959912981 177.4223866282335 126.7387242699139
 511.5517664190706 -163.0076211379886 1864.381189068852 437.6041010009246 2448.877805534133
 -1588.202351786726 2894.70029661723 -1596.340959912981 177.4223866282335 126.7387242699139
 -1588.202351786726 2894.70029661723 -1596.340959912981 177.4223866282335 126.7387242699139
 2030.763703792638 2728.046061314783 -269.2403375492537 -4305.963905813165 -2212.438915163765
 -1588.202351786726 2894.70029661723 -1596.340959912981 177.4223866282335 126.7387242699139
 2193.628690831571 781.7476145701885 1518.895256214051 762.5341292178683 1632.088402467451
 -1588.202351786726 2894.70029661723 -1596.340959912981 177.4223866282335 126.7387242699139
 -1588.202351786726 2894.70029661723 -1596.340959912981 177.4223866282335 126.7387242699139
 -2099.506942488752 -1505.352623498082 886.9997097181515 -188.0108317647099 449.3117429275906
 -1588.202351786726 2894.70029661723 -1596.340959912981 177.4223866282335 126.7387242699139
 609.258856058389 715.924675809742 -705.1230799872806 237.2012145506515 -909.8852685666267
 -476.0051858494033 434.651250280986 871.9735987805973 -518.8249713599572 -353.8974489320753
 -2506.175330205816 2630.308146856089 -1240.752970239811 37.05177694149796 1098.55554622419
 -1309.259456633873 -2841.653680502064 -1292.862225742398 -1926.929708556133 134.5452338415792
 -1821.190183893161 -1608.642572642583 174.6196031797655 -1545.263710793209 2193.130472244296
 -1588.202351786726 2894.70029661723 -1596.340959912981 177.4223866282335 126.7387242699139
 -65.65062037190376 70.76194568041251 914.0841798698098 -173.2646525218461 -717.8799681070566
 -1588.202351786726 2894.70029661723 -1596.340959912981 177.4223866282335 126.7387242699139
 -1513.8553911592 3769.988110601807 246.5222788918375 1427.620142484568 1011.109949902503
 -1588.202351786726 2894.70029661723 -1596.340959912981 177.4223866282335 126.7387242699139
 2193.628690831571 781.7476145701885 1518.895256214051 762.5341292178683 1632.088402467451
 -1588.202351786726 2894.70029661723 -1596.340959912981 177.4223866282335 126.7387242699139
 -65.65062037190376 70.76194568041251 914.0841798698098 -173.2646525218461 -717.8799681070566
 -1309.259456633873 -2841.653680502064 -1292.862225742398 -1926.929708556133 134.5452338415792
 -65.65062037190376 70.76194568041251 914.0841798698098 -173.2646525218461 -717.8799681070566
 -2506.175330205816 2630.308146856089 -1240.752970239811 37.05177694149796 1098.55554622419
 -1588.202351786726 2894.70029661723 -1596.340959912981 177.4223866282335 126.7387242699139
 -65.65062037190376 70.76194568041251 914.0841798698098 -173.2646525218461 -717.8799681070566
 -1588.202351786726 2894.70029661723 -1596.340959912981 177.4223866282335 126.7387242699139
 -1588.202351786726 2894.70029661723 -1596.340959912981 177.4223866282335 126.7387242699139
 -2638.717554949091 2111.00292889429 -2002.081591303554 1455.717701784044 404.4162448380059
 -749.082572002443 1754.010536779894 -1550.257972046929 -122.9430022087153 834.1787799484226
 -592.4182918155195 1385.3795312942 -421.020374080975 248.9841565037065 194.1526602186224
 -442.2799025477539 -293.9481173743243 270.9844301759164 -772.645159833607 -834.2693132567956
 90.59059020113136 3672.050796025607 1052.864133183986 -8809.470153857277 -3643.369704634521
