# Created by Octave 4.2.1, Mon Oct 09 17:20:31 2017 BRT <root@mosqueiro>
# name: pop
# type: matrix
# rows: 100
# columns: 5
 -1839.684958251766 2096.009296667185 -701.400970639829 -286.9482603066398 734.1843559263679
 -1839.684958251766 2096.009296667185 -701.400970639829 -286.9482603066398 734.1843559263679
 -1836.818156088002 2107.379679229796 -667.7455652107924 -306.8614969265097 747.2982839071487
 -1839.684958251766 2096.009296667185 -701.400970639829 -286.9482603066398 734.1843559263679
 -1418.126644880102 2276.373646915921 -2401.613114368732 866.408857147592 693.9135133331578
 -1821.692056135123 3237.347544149513 -1599.083167596639 226.9442190757599 351.9668985321205
 -1839.684958251766 2096.009296667185 -701.400970639829 -286.9482603066398 734.1843559263679
 -1839.684958251766 2096.009296667185 -701.400970639829 -286.9482603066398 734.1843559263679
 -1839.684958251766 2096.009296667185 -701.400970639829 -286.9482603066398 734.1843559263679
 -1843.354083034782 2105.804385140091 -700.3692813884976 -308.2587802894209 736.703811030609
 -1839.684958251766 2096.009296667185 -701.400970639829 -286.9482603066398 734.1843559263679
 -1839.684958251766 2096.009296667185 -701.400970639829 -286.9482603066398 734.1843559263679
 -1839.684958251766 2096.009296667185 -701.400970639829 -286.9482603066398 734.1843559263679
 -1839.684958251766 2096.009296667185 -701.400970639829 -286.9482603066398 734.1843559263679
 -1595.538963971768 2931.140979942051 -1536.99463658398 39.96237877154547 159.5967163643
 -1839.684958251766 2096.009296667185 -701.400970639829 -286.9482603066398 734.1843559263679
 -1845.987702023377 2077.968629384143 -698.5410678674858 -308.5703961980151 736.0341561849439
 -1839.684958251766 2096.009296667185 -701.400970639829 -286.9482603066398 734.1843559263679
 -1839.684958251766 2096.009296667185 -701.400970639829 -286.9482603066398 734.1843559263679
 -1839.684958251766 2096.009296667185 -701.400970639829 -286.9482603066398 734.1843559263679
 -1839.684958251766 2096.009296667185 -701.400970639829 -286.9482603066398 734.1843559263679
 -1839.684958251766 2096.009296667185 -701.400970639829 -286.9482603066398 734.1843559263679
 -1952.161559376021 2280.451496865408 -801.8359288969508 28.41064370814072 238.9888074064477
 -1839.684958251766 2096.009296667185 -701.400970639829 -286.9482603066398 734.1843559263679
 -1839.684958251766 2096.009296667185 -701.400970639829 -286.9482603066398 734.1843559263679
 -1839.684958251766 2096.009296667185 -701.400970639829 -286.9482603066398 734.1843559263679
 -1843.512956389305 2088.921244132082 -678.3937510837711 -282.7687594402481 735.6331690288146
 -1839.684958251766 2096.009296667185 -701.400970639829 -286.9482603066398 734.1843559263679
 -1839.684958251766 2096.009296667185 -701.400970639829 -286.9482603066398 734.1843559263679
 -1839.684958251766 2096.009296667185 -701.400970639829 -286.9482603066398 734.1843559263679
 -1839.684958251766 2096.009296667185 -701.400970639829 -286.9482603066398 734.1843559263679
 -1709.774522518444 2580.931613927125 -1604.455881931057 345.0985638412726 -61.72995056235369
 -1791.905344045608 1889.885912567683 -725.6495827787184 -403.2223739478162 972.3985967359012
 -1843.354083034782 2105.804385140091 -700.3692813884976 -308.2587802894209 736.703811030609
 -2146.440260607436 2161.167857447336 -459.7182282177 -453.4690068865355 1026.54440098827
 -1809.795022921544 3237.495075044097 -1615.404906200659 245.203621135208 335.7471428677139
 -1839.684958251766 2096.009296667185 -701.400970639829 -286.9482603066398 734.1843559263679
 -1839.684958251766 2096.009296667185 -701.400970639829 -286.9482603066398 734.1843559263679
 -1819.687928277861 2093.533538269639 -692.3831241305043 -255.7231043770967 714.0466645435313
 -1836.818156088002 2107.379679229796 -667.7455652107924 -306.8614969265097 747.2982839071487
 -1833.307091454015 2109.918423320078 -667.9990302461313 -294.1218131129256 748.0942030536562
 -1839.684958251766 2096.009296667185 -701.400970639829 -286.9482603066398 734.1843559263679
 -1839.684958251766 2096.009296667185 -701.400970639829 -286.9482603066398 734.1843559263679
 -1843.354083034782 2105.804385140091 -700.3692813884976 -308.2587802894209 736.703811030609
 -1411.173605185448 2267.835897547293 -2361.096572872708 866.8534456633797 689.6877236317
 -1839.684958251766 2096.009296667185 -701.400970639829 -286.9482603066398 734.1843559263679
 -1839.684958251766 2096.009296667185 -701.400970639829 -286.9482603066398 734.1843559263679
 -1839.684958251766 2096.009296667185 -701.400970639829 -286.9482603066398 734.1843559263679
 -1824.733893255418 2089.440230006664 -638.5406684724729 -263.5147898734447 735.3592576675126
 -1839.684958251766 2096.009296667185 -701.400970639829 -286.9482603066398 734.1843559263679
 -1411.173605185448 2267.835897547293 -2361.096572872708 866.8534456633797 689.6877236317
 -1616.842249454711 2806.633834823607 -1618.407803969035 192.9298928921077 158.9610654321379
 -1839.684958251766 2096.009296667185 -701.400970639829 -286.9482603066398 734.1843559263679
 -1846.717106281021 2106.108131921945 -685.4602584774501 -298.2800913365308 717.9359544154377
 -2146.440260607436 2161.167857447336 -459.7182282177 -453.4690068865355 1026.54440098827
 -1839.684958251766 2096.009296667185 -701.400970639829 -286.9482603066398 734.1843559263679
 -1839.684958251766 2096.009296667185 -701.400970639829 -286.9482603066398 734.1843559263679
 -1833.307091454015 2109.918423320078 -667.9990302461313 -294.1218131129256 748.0942030536562
 -1839.684958251766 2096.009296667185 -701.400970639829 -286.9482603066398 734.1843559263679
 -1418.126644880102 2276.373646915921 -2401.613114368732 866.408857147592 693.9135133331578
 -1809.795022921544 3237.495075044097 -1615.404906200659 245.203621135208 335.7471428677139
 -1824.733893255418 2089.440230006664 -638.5406684724729 -263.5147898734447 735.3592576675126
 -1839.684958251766 2096.009296667185 -701.400970639829 -286.9482603066398 734.1843559263679
 -1843.512956389305 2088.921244132082 -678.3937510837711 -282.7687594402481 735.6331690288146
 -1839.684958251766 2096.009296667185 -701.400970639829 -286.9482603066398 734.1843559263679
 -1839.684958251766 2096.009296667185 -701.400970639829 -286.9482603066398 734.1843559263679
 -1839.684958251766 2096.009296667185 -701.400970639829 -286.9482603066398 734.1843559263679
 -1844.359046253062 2050.521061404908 -704.2499142197662 -275.7590127511059 746.1103002374365
 -1839.684958251766 2096.009296667185 -701.400970639829 -286.9482603066398 734.1843559263679
 -1826.605073082413 2053.567564095199 -643.9887469731389 -290.9984128476781 683.3100958721884
 -1588.202351786726 2894.70029661723 -1596.340959912981 177.4223866282335 126.7387242699139
 -1791.905344045608 1889.885912567683 -725.6495827787184 -403.2223739478162 972.3985967359012
 -1718.739793927182 2949.296054249766 -1696.861595898454 148.2073036176873 129.4246662318153
 -1839.684958251766 2096.009296667185 -701.400970639829 -286.9482603066398 734.1843559263679
 -511.4234442082764 3127.285903774819 -2285.45938763604 -156.761033269399 -825.5119146440976
 -1418.126644880102 2276.373646915921 -2401.613114368732 866.408857147592 693.9135133331578
 -1839.684958251766 2096.009296667185 -701.400970639829 -286.9482603066398 734.1843559263679
 -1839.684958251766 2096.009296667185 -701.400970639829 -286.9482603066398 734.1843559263679
 -1588.202351786726 2894.70029661723 -1596.340959912981 177.4223866282335 126.7387242699139
 -1839.684958251766 2096.009296667185 -701.400970639829 -286.9482603066398 734.1843559263679
 -1838.788300939326 2094.944065794884 -704.082873901046 -271.283475554782 719.7849548917421
 -1837.619649291417 2098.135868139711 -712.8396917200337 -298.7471576847289 739.1624205593225
 -1852.303083789908 2108.676203940932 -685.4597056287434 -305.3630112086975 716.5402964333787
 -1946.80507466471 2282.278634666968 -805.6552063996173 31.57056129578507 222.0849415387469
