# Created by Octave 4.2.1, Mon Oct 09 17:18:37 2017 BRT <root@mosqueiro>
# name: pop
# type: matrix
# rows: 100
# columns: 5
 272.6676189277657 557.9337606198454 -43.13633557854077 96.73949272820376 -884.8980829012178
 274.5111304061347 559.1510676944404 -30.39968642498437 91.80118041742564 -895.7227068543089
 273.0878221004413 558.358553661437 -42.84837411536785 97.06651984423304 -885.3120098954449
 277.9566146582823 573.0806739420725 -62.52687710202338 85.68049210175778 -872.5851603591931
 277.9386271891328 571.4123859549967 -61.70860077720152 82.11380992095302 -870.4140096146496
 277.9386271891328 571.4123859549967 -61.70860077720152 82.11380992095302 -870.4140096146496
 275.1034941306718 559.2894061263092 -30.36252981372302 91.87918033238763 -895.9536919560534
 274.5111304061347 559.1510676944404 -30.39968642498437 91.80118041742564 -895.7227068543089
 275.1034941306718 559.2894061263092 -30.36252981372302 91.87918033238763 -895.9536919560534
 279.3284496571129 572.7083900728877 -56.58902063627995 85.21866974205663 -877.2523176193297
 275.1779842232056 558.8117037140017 -30.05325428808083 91.95394131860103 -895.9912911934673
 277.9184237898287 571.4439708075266 -61.68417074578902 81.85223218597832 -869.7658094251075
 274.6432724505069 557.111088829119 -30.24470224621357 94.46307691806105 -893.0967538525116
 272.3194562941552 558.0785801785806 -39.57310780051684 95.32688019093257 -884.7447308875802
 277.9386271891328 571.4123859549967 -61.70860077720152 82.11380992095302 -870.4140096146496
 276.8211865280622 572.3842208314223 -61.13508009285604 82.04332516806828 -870.1536153956773
 275.1034941306718 559.2894061263092 -30.36252981372302 91.87918033238763 -895.9536919560534
 276.8211865280622 572.3842208314223 -61.13508009285604 82.04332516806828 -870.1536153956773
 274.5662824289598 555.7057516795944 -42.60166478085963 97.14071427178176 -884.1481376387552
 275.1034941306718 559.2894061263092 -30.36252981372302 91.87918033238763 -895.9536919560534
 275.3397802196097 557.4608295022515 -30.1492095648673 93.10257385717863 -894.1760889819694
 279.3284496571129 572.7083900728877 -56.58902063627995 85.21866974205663 -877.2523176193297
 277.9386271891328 571.4123859549967 -61.70860077720152 82.11380992095302 -870.4140096146496
 277.9386271891328 571.4123859549967 -61.70860077720152 82.11380992095302 -870.4140096146496
 274.6536279876235 555.5930334563883 -43.4607631837798 98.08287405692383 -883.8893610660969
 274.5111304061347 559.1510676944404 -30.39968642498437 91.80118041742564 -895.7227068543089
 274.7079417620361 555.4672960597385 -42.72110648495179 97.63732737236199 -884.2158901770457
 272.6676189277657 557.9337606198454 -43.13633557854077 96.73949272820376 -884.8980829012178
 277.9386271891328 571.4123859549967 -61.70860077720152 82.11380992095302 -870.4140096146496
 272.6676189277657 557.9337606198454 -43.13633557854077 96.73949272820376 -884.8980829012178
 265.3437939143503 555.040758886705 -41.54723888508235 97.60864040814933 -874.8518239691591
 273.5834623549927 557.8691306680512 -41.37860459162653 97.93759642750979 -884.9501209890717
 275.1034941306718 559.2894061263092 -30.36252981372302 91.87918033238763 -895.9536919560534
 275.3397802196097 557.4608295022515 -30.1492095648673 93.10257385717863 -894.1760889819694
 275.3397802196097 557.4608295022515 -30.1492095648673 93.10257385717863 -894.1760889819694
 274.6432724505069 557.111088829119 -30.24470224621357 94.46307691806105 -893.0967538525116
 275.1779842232056 558.8117037140017 -30.05325428808083 91.95394131860103 -895.9912911934673
 277.9386271891328 571.4123859549967 -61.70860077720152 82.11380992095302 -870.4140096146496
 277.0535977085548 560.1655894558098 -29.71775928470947 92.9215731382549 -896.3882931034374
 280.101598405016 572.9941889109049 -56.98697254616247 84.78759326350983 -877.4576764457016
 275.3397802196097 557.4608295022515 -30.1492095648673 93.10257385717863 -894.1760889819694
 275.3397802196097 557.4608295022515 -30.1492095648673 93.10257385717863 -894.1760889819694
 275.1034941306718 559.2894061263092 -30.36252981372302 91.87918033238763 -895.9536919560534
 280.101598405016 572.9941889109049 -56.98697254616247 84.78759326350983 -877.4576764457016
 277.9386271891328 571.4123859549967 -61.70860077720152 82.11380992095302 -870.4140096146496
 272.6676189277657 557.9337606198454 -43.13633557854077 96.73949272820376 -884.8980829012178
 275.7800209473695 556.6772171860529 -29.29677795844134 94.82760119912383 -894.1331877827879
 275.3397802196097 557.4608295022515 -30.1492095648673 93.10257385717863 -894.1760889819694
 275.1034941306718 559.2894061263092 -30.36252981372302 91.87918033238763 -895.9536919560534
 273.5834623549927 557.8691306680512 -41.37860459162653 97.93759642750979 -884.9501209890717
 275.1034941306718 559.2894061263092 -30.36252981372302 91.87918033238763 -895.9536919560534
 275.1034941306718 559.2894061263092 -30.36252981372302 91.87918033238763 -895.9536919560534
 275.1034941306718 559.2894061263092 -30.36252981372302 91.87918033238763 -895.9536919560534
 275.5921822741241 555.3790953692879 -43.29333890571603 97.56757081390406 -884.2136501966373
 275.1034941306718 559.2894061263092 -30.36252981372302 91.87918033238763 -895.9536919560534
 272.6676189277657 557.9337606198454 -43.13633557854077 96.73949272820376 -884.8980829012178
 275.3397802196097 557.4608295022515 -30.1492095648673 93.10257385717863 -894.1760889819694
 275.1034941306718 559.2894061263092 -30.36252981372302 91.87918033238763 -895.9536919560534
 275.3380254866927 559.1672766223635 -30.03293040945069 92.00628145447416 -896.0428408024331
 274.7079417620361 555.4672960597385 -42.72110648495179 97.63732737236199 -884.2158901770457
 265.3437939143503 555.040758886705 -41.54723888508235 97.60864040814933 -874.8518239691591
 274.9757960973354 557.3562857734039 -30.06261791971449 94.58357851176656 -892.8439554388391
 275.1034941306718 559.2894061263092 -30.36252981372302 91.87918033238763 -895.9536919560534
 280.2200879017922 559.1343449251175 -44.36570488055575 98.71113289474532 -877.199300565201
 275.3380254866927 559.1672766223635 -30.03293040945069 92.00628145447416 -896.0428408024331
 272.6676189277657 557.9337606198454 -43.13633557854077 96.73949272820376 -884.8980829012178
 272.6676189277657 557.9337606198454 -43.13633557854077 96.73949272820376 -884.8980829012178
 274.5111304061347 559.1510676944404 -30.39968642498437 91.80118041742564 -895.7227068543089
 275.1034941306718 559.2894061263092 -30.36252981372302 91.87918033238763 -895.9536919560534
 274.5662824289598 555.7057516795944 -42.60166478085963 97.14071427178176 -884.1481376387552
 277.9386271891328 571.4123859549967 -61.70860077720152 82.11380992095302 -870.4140096146496
 272.3194562941552 558.0785801785806 -39.57310780051684 95.32688019093257 -884.7447308875802
 275.1779842232056 558.8117037140017 -30.05325428808083 91.95394131860103 -895.9912911934673
 273.0240171188833 557.9500296574091 -41.698169976865 96.72093233848545 -884.8585330662547
 272.7454357534234 558.2747767834886 -43.09376013410338 97.40165341300307 -885.6674139675329
 277.9386271891328 571.4123859549967 -61.70860077720152 82.11380992095302 -870.4140096146496
 275.3397802196097 557.4608295022515 -30.1492095648673 93.10257385717863 -894.1760889819694
 275.5539821588549 557.7463553210279 -29.88104145597295 92.95206251420933 -894.0012264380367
 275.3380254866927 559.1672766223635 -30.03293040945069 92.00628145447416 -896.0428408024331
 277.9386271891328 571.4123859549967 -61.70860077720152 82.11380992095302 -870.4140096146496
 277.9107728125799 571.480605222593 -61.48600039950459 82.22406169123232 -870.3582757947181
 274.6051458471343 555.6054801718069 -42.46881443414684 96.98456172521557 -884.2705357880952
 274.5844024144293 555.6551851903673 -43.33374659336521 98.08931900198793 -883.8222500029972
 275.1392467954885 559.3678084643017 -30.10389711805556 92.16963828073715 -896.0886828741608
