# Created by Octave 4.2.1, Mon Oct 09 17:19:47 2017 BRT <root@mosqueiro>
# name: pop
# type: matrix
# rows: 100
# columns: 5
 371.712684717904 -297.5644430729197 -150.9693948208263 -41.60340753317314 160.8816957959191
 -996.9373006318191 443.4557680186358 -938.2027836296115 939.3615226481377 620.2874074614347
 -325.565672316702 83.78569785088712 486.9259667522699 472.0647000874467 -506.3046788343773
 601.3950503841997 83.82784776761673 -968.7797547421725 85.27857309793876 966.164005011778
 123.1594671016951 538.3427620915013 -926.1495562323291 756.3368704761954 348.0471229190916
 165.5028935654116 175.4962264579206 -464.3885652209424 -87.59787867788498 349.8387212408825
 -577.4372813182044 454.6899633268683 638.61137752225 503.2872933470032 410.8440514689839
 338.5194718514642 -676.5168770606947 -584.8589980445679 734.5085479413783 675.5756883155859
 927.6616270505494 128.9508201718807 -724.6095078970316 782.3077801649135 -782.4007774096308
 -937.1549481941815 854.1730611094681 -76.89152495521148 403.3971366596516 -114.9417988217939
 506.6837162083855 788.9454123772528 -861.4426857883029 884.2223127145803 761.9076898237502
 762.0163578982424 365.5959991013167 673.2560992366491 -770.2240401407682 -560.1276606756344
 -30.56077074302857 301.5553157514719 534.6389337222372 -677.6972624289572 -42.34630085716014
 -937.1549481941815 854.1730611094681 -76.89152495521148 403.3971366596516 -114.9417988217939
 -712.3152045079212 -434.5122491710559 852.8527138930792 -957.8115937902937 876.8372000894497
 -346.622480283923 -927.9956827220891 942.3084623357709 979.8803225964473 -495.2494298523013
 -346.622480283923 -927.9956827220891 942.3084623357709 979.8803225964473 -495.2494298523013
 -361.5569690458701 -846.2130613621845 -834.9807009140454 967.3886570263955 -124.6096319385518
 238.6663532451907 880.0887702846176 274.127520779351 417.8943885294389 -413.9561573098003
 869.7451065101066 777.1861282037942 715.7215581879382 508.9649540876319 895.9603436140478
 -825.1945741527148 598.6960706666055 -799.6470542603568 -172.9237649020193 -209.0993101254462
 -712.3152045079212 -434.5122491710559 852.8527138930792 -957.8115937902937 876.8372000894497
 -15.72116342137065 153.5738732751993 -851.5402018786376 -809.6678743805664 593.2181688693117
 -301.3921344210372 13.44122073334722 484.234086734509 -513.7244431619846 -734.3345019600383
 462.6714378852641 200.7392385485186 -26.59871185890233 -917.2536443696088 -691.4572844011323
 38.70689677545306 -852.421396280997 273.4793188878471 672.965985730541 800.7225188123793
 872.3981933072653 553.2430071079586 116.811365780929 320.6057392031889 -555.1538641292213
 371.712684717904 -297.5644430729197 -150.9693948208263 -41.60340753317314 160.8816957959191
 683.8529526776631 461.0614408621148 -53.14381286870616 -506.2948057921218 -511.4894487872484
 122.9062234893572 466.9671862761993 476.419715295589 -658.0120082283531 949.6696121487942
 683.8529526776631 461.0614408621148 -53.14381286870616 -506.2948057921218 -511.4894487872484
 371.712684717904 -297.5644430729197 -150.9693948208263 -41.60340753317314 160.8816957959191
 349.9619958974531 -382.06234779382 239.5760660074036 -275.541022747159 -708.1328606558786
 -562.1564017469186 -281.55249350503 -84.46685964922403 -664.2323775696711 778.8815209925167
 -826.8862145056764 -489.8382980201908 359.9404234864455 747.9363779984019 -920.5652434611787
 -562.1564017469186 -281.55249350503 -84.46685964922403 -664.2323775696711 778.8815209925167
 710.032223124633 -305.5233172482023 -98.23041647620528 204.0267561346163 -43.8442987177433
 817.61563384541 0.2882814643403435 265.6476552447302 333.798029515747 -614.7644266458076
 338.5194718514642 -676.5168770606947 -584.8589980445679 734.5085479413783 675.5756883155859
 -301.3921344210372 13.44122073334722 484.234086734509 -513.7244431619846 -734.3345019600383
 349.9619958974531 -382.06234779382 239.5760660074036 -275.541022747159 -708.1328606558786
 525.7887324588798 -622.2444251065401 -513.9216421062081 -22.03887213654821 334.9012166408143
 -577.4372813182044 454.6899633268683 638.61137752225 503.2872933470032 410.8440514689839
 -242.0240999939508 825.1215686792953 224.6053527617821 -190.1050921786555 398.9881436231847
 123.1594671016951 538.3427620915013 -926.1495562323291 756.3368704761954 348.0471229190916
 -346.622480283923 -927.9956827220891 942.3084623357709 979.8803225964473 -495.2494298523013
 468.5133861818879 30.70144174154416 -502.3060968143188 189.5775901678414 41.33422676607915
 283.0921288155564 -269.9122842581697 -755.3391464466898 -360.4444005838897 -990.2388446945783
 529.1526438627288 -244.6658911730772 -725.9513313934324 723.046839034452 41.57953712616086
 -134.9435470861297 265.243198658914 506.0539718950952 -948.7318944898801 15.59559311358112
 710.032223124633 -305.5233172482023 -98.23041647620528 204.0267561346163 -43.8442987177433
 -304.3131138488843 911.9611590252614 -397.5375771701365 -148.5971260238056 963.3817069314591
 723.1728977878249 -963.9713763495027 655.770180543381 -726.8724076657084 454.3347651934887
 -996.9373006318191 443.4557680186358 -938.2027836296115 939.3615226481377 620.2874074614347
 394.5807591014047 743.9614237449473 92.22336899771676 927.8322886764452 886.3905778021112
 468.5133861818879 30.70144174154416 -502.3060968143188 189.5775901678414 41.33422676607915
 338.5194718514642 -676.5168770606947 -584.8589980445679 734.5085479413783 675.5756883155859
 -676.8834099170331 -600.7485511062416 -800.9527859342882 384.9349679202485 474.0316403631559
 -925.1593727393449 135.9142550901836 -153.4060108485314 -765.3991859845228 962.8024102806066
 461.699449737235 489.1541868996428 54.46786086124962 133.9352433534 179.7983123861293
 927.6616270505494 128.9508201718807 -724.6095078970316 782.3077801649135 -782.4007774096308
 80.18511949212439 55.81949773641873 -956.2966974333146 -181.3252063510593 -275.4689895952672
 723.1728977878249 -963.9713763495027 655.770180543381 -726.8724076657084 454.3347651934887
 -996.9373006318191 443.4557680186358 -938.2027836296115 939.3615226481377 620.2874074614347
 166.6528140155883 527.1511059552618 -560.028811449773 -427.9307690876685 163.6007328590636
 -83.47981066326224 -826.3453541992235 646.3426992671386 132.0987198654268 -33.05589683986273
 474.8923648190373 279.1085534788517 730.5675249334806 892.3947020088272 -888.3733389421133
 525.7887324588798 -622.2444251065401 -513.9216421062081 -22.03887213654821 334.9012166408143
 683.8529526776631 461.0614408621148 -53.14381286870616 -506.2948057921218 -511.4894487872484
 233.7246332193397 318.6395832600681 763.2583591462089 -435.9119873093113 -399.8454901319744
 371.712684717904 -297.5644430729197 -150.9693948208263 -41.60340753317314 160.8816957959191
 -797.795674845866 432.1077622219841 -136.6873212589143 -492.5129170043153 577.7580766832543
 -30.56077074302857 301.5553157514719 534.6389337222372 -677.6972624289572 -42.34630085716014
 683.8529526776631 461.0614408621148 -53.14381286870616 -506.2948057921218 -511.4894487872484
 -996.9373006318191 443.4557680186358 -938.2027836296115 939.3615226481377 620.2874074614347
 371.712684717904 -297.5644430729197 -150.9693948208263 -41.60340753317314 160.8816957959191
 817.61563384541 0.2882814643403435 265.6476552447302 333.798029515747 -614.7644266458076
 -825.1945741527148 598.6960706666055 -799.6470542603568 -172.9237649020193 -209.0993101254462
 122.9062234893572 466.9671862761993 476.419715295589 -658.0120082283531 949.6696121487942
 -340.7967452866288 -988.9885951452536 -477.5360787232673 -224.8586106025029 -933.4970604825362
 2616.37495177572 -4200.522408579428 -2656.863191412222 -1693.594313452912 -3918.07139132222
 -3284.044646090666 2264.069304965743 -2694.081799931313 -251.8002655318869 836.3381483764949
 -2.485276767232975 -1557.597934899713 4215.712666167923 4158.275326501299 -2741.108923667551
 -1485.966224268323 178.2350844632685 1263.104860904863 107.0534136695755 1242.431469435592
