# Created by Octave 4.2.1, Mon Oct 09 17:18:46 2017 BRT <root@mosqueiro>
# name: pop
# type: matrix
# rows: 100
# columns: 5
 -740.0812443056229 -261.0217900321334 -36.46923379602072 812.9975577392072 269.7047144134333
 -740.0812443056229 -261.0217900321334 -36.46923379602072 812.9975577392072 269.7047144134333
 -101.2927008470612 -820.0361503238362 -408.3781182920288 531.9803230147224 674.0571016236124
 -898.9400354373331 135.4644634677932 187.0022203493122 -933.24589041161 -931.8740543282228
 -740.0812443056229 -261.0217900321334 -36.46923379602072 812.9975577392072 269.7047144134333
 954.7939928698045 -523.3365259095327 244.6460297958738 380.4834377935313 -834.2315394245551
 -101.2927008470612 -820.0361503238362 -408.3781182920288 531.9803230147224 674.0571016236124
 1241.325609094473 1183.548381255673 -1751.43217740922 351.3370801079852 439.9086251786375
 -810.1359904670093 856.2510057903521 -150.8333268834992 -292.9790656088069 865.6722422426603
 -994.6174348448394 774.3833535059371 458.3723154972197 -354.6561873129991 76.87814728930516
 -740.0812443056229 -261.0217900321334 -36.46923379602072 812.9975577392072 269.7047144134333
 257.2195893580304 -847.3108351747575 -360.9235594640768 870.2953416403423 46.69956341788111
 -641.3364602743754 867.9683488333019 149.2097770073647 941.1963178197034 -16.30352616145649
 -378.9149075205733 203.3241132139469 676.8706622127916 -534.1821861020301 696.6159966528357
 1737.010154587675 -1509.86658748259 -908.9045904257857 1115.607625266472 -100.0364920205628
 -108.5681922693681 -343.6199322950747 749.9074486100008 -237.0628454845646 122.6663811052233
 -994.6174348448394 774.3833535059371 458.3723154972197 -354.6561873129991 76.87814728930516
 -469.7544309196761 -583.6982479208458 145.5591338127881 405.5220061965458 -445.8868098334652
 484.0798104073092 -649.6130746048917 76.70637902845328 209.4957124648192 -321.7784350463869
 -740.0812443056229 -261.0217900321334 -36.46923379602072 812.9975577392072 269.7047144134333
 688.8396424989342 -174.6099882151278 378.2779545476592 913.203382638326 -399.3578155697396
 257.2195893580304 -847.3108351747575 -360.9235594640768 870.2953416403423 46.69956341788111
 -947.9749183723579 -49.39608506857121 -298.8904530221103 -349.2131344257748 -633.6218570173285
 484.0798104073092 -649.6130746048917 76.70637902845328 209.4957124648192 -321.7784350463869
 716.4736840109358 429.9136999566315 562.8708276749596 -225.4131584045432 -383.0802568306865
 478.011397608353 -297.2001505719405 -39.44205488911621 94.71636731241597 563.3872737855922
 764.3580585540701 101.3369390132216 -698.854350110644 398.242347752979 313.4746343074244
 -378.9149075205733 203.3241132139469 676.8706622127916 -534.1821861020301 696.6159966528357
 986.352379010078 224.4218844799577 443.9516163978863 -181.5183271418174 -657.0027855839007
 664.7827722741702 -141.8479115283532 -189.9832771554785 -733.0762260889304 802.039059146417
 345.0488836503471 -600.4961122127625 -281.9649465097439 -245.0892033631852 862.8217735601986
 -101.2927008470612 -820.0361503238362 -408.3781182920288 531.9803230147224 674.0571016236124
 -740.0812443056229 -261.0217900321334 -36.46923379602072 812.9975577392072 269.7047144134333
 2716.9022054866 -2819.270958309122 553.8463566897149 -2202.655623184309 250.8063779617276
 -707.6822111867157 925.1272351030923 993.8917130036159 -64.09132188964963 -661.7646307433358
 -740.0812443056229 -261.0217900321334 -36.46923379602072 812.9975577392072 269.7047144134333
 585.4412731074713 37.15437671474342 199.7984980368508 494.4572833970064 -723.1309451708504
 -602.937210545655 490.3179678855606 -173.5389013887457 990.1345044990212 480.3134442876903
 -740.0812443056229 -261.0217900321334 -36.46923379602072 812.9975577392072 269.7047144134333
 973.0246171342251 557.6577833969286 726.7108237147704 -693.91806167736 -469.7228582424905
 -810.1359904670093 856.2510057903521 -150.8333268834992 -292.9790656088069 865.6722422426603
 -657.1091529836938 503.6044617816358 838.8820452206207 819.8427578349479 258.464709072849
 484.0798104073092 -649.6130746048917 76.70637902845328 209.4957124648192 -321.7784350463869
 1737.010154587675 -1509.86658748259 -908.9045904257857 1115.607625266472 -100.0364920205628
 -101.2927008470612 -820.0361503238362 -408.3781182920288 531.9803230147224 674.0571016236124
 272.2111973962644 -658.2538470794511 584.8129629689586 -930.6504594623345 498.0415196785636
 396.2937049865654 -333.1381001750094 -397.302613111454 -697.5062008006298 596.0994088196442
 -740.0812443056229 -261.0217900321334 -36.46923379602072 812.9975577392072 269.7047144134333
 1115.075305124354 1092.13564008804 -170.6314918910562 1511.128607367476 -2249.029234496801
 -108.5681922693681 -343.6199322950747 749.9074486100008 -237.0628454845646 122.6663811052233
 -472.5818584295187 -444.2018427163498 600.3824559515072 -771.0507445334664 744.7486036372568
 -740.0812443056229 -261.0217900321334 -36.46923379602072 812.9975577392072 269.7047144134333
 764.3580585540701 101.3369390132216 -698.854350110644 398.242347752979 313.4746343074244
 -740.0812443056229 -261.0217900321334 -36.46923379602072 812.9975577392072 269.7047144134333
 -472.5818584295187 -444.2018427163498 600.3824559515072 -771.0507445334664 744.7486036372568
 -740.0812443056229 -261.0217900321334 -36.46923379602072 812.9975577392072 269.7047144134333
 -492.1193338222619 890.6301919419595 -932.0902012751288 650.4248687439906 223.3588292319535
 -719.1731528780424 -306.8385006955591 2737.690560401096 1265.97826567457 -300.4558565879987
 -740.0812443056229 -261.0217900321334 -36.46923379602072 812.9975577392072 269.7047144134333
 -378.9149075205733 203.3241132139469 676.8706622127916 -534.1821861020301 696.6159966528357
 948.0306093123365 -285.8682032997334 -264.1983017710749 533.5634852050409 654.2891601569472
 297.7669484876355 61.9781437662275 -56.57871464839286 -378.1822019821134 -368.1734795866621
 -751.7102275544835 -246.1127655931416 38.64206001051798 367.6786210702433 -402.5776449663342
 571.0674812685875 466.145644193974 375.5197255313508 -964.7525110608869 -137.8211920444425
 2473.496210802805 -1167.778683628738 1888.087519158943 -885.2348422817678 1379.394638423479
 -492.1193338222619 890.6301919419595 -932.0902012751288 650.4248687439906 223.3588292319535
 -492.1193338222619 890.6301919419595 -932.0902012751288 650.4248687439906 223.3588292319535
 -2096.656809015391 551.9041091460385 -2213.872071351462 2349.294179721841 296.5255109815591
 453.824470460419 966.9014808381426 -292.7049658488813 58.80882641389303 565.4269334780804
 383.873844874412 880.1436846469721 805.926373472357 -990.3934519506229 83.20240557090983
 664.7827722741702 -141.8479115283532 -189.9832771554785 -733.0762260889304 802.039059146417
 272.2111973962644 -658.2538470794511 584.8129629689586 -930.6504594623345 498.0415196785636
 571.0674812685875 466.145644193974 375.5197255313508 -964.7525110608869 -137.8211920444425
 843.9194887218159 951.7547350449311 -835.1720403131203 -93.47028645487364 885.8957819704544
 396.2937049865654 -333.1381001750094 -397.302613111454 -697.5062008006298 596.0994088196442
 954.7939928698045 -523.3365259095327 244.6460297958738 380.4834377935313 -834.2315394245551
 -707.6822111867157 925.1272351030923 993.8917130036159 -64.09132188964963 -661.7646307433358
 2716.9022054866 -2819.270958309122 553.8463566897149 -2202.655623184309 250.8063779617276
 -740.0812443056229 -261.0217900321334 -36.46923379602072 812.9975577392072 269.7047144134333
 954.7939928698045 -523.3365259095327 244.6460297958738 380.4834377935313 -834.2315394245551
 -1232.798173093699 -1447.957820072265 970.1134106741122 -474.3444140697875 3036.817991499634
 -196.5088599460211 -3085.858319570442 -2749.968118211011 -916.4815556801748 2013.249066519928
 1953.975784069398 -4618.696584901688 3539.442342708659 -2053.264958415335 -3545.906657212116
 -25.35786153155789 -874.1513398389545 5817.419922638467 884.5785357497402 795.6542782815511
