# Created by Octave 4.2.1, Mon Oct 09 17:19:17 2017 BRT <root@mosqueiro>
# name: pop
# type: matrix
# rows: 100
# columns: 5
 -198.0943891492274 -894.9439805674821 902.108189938448 -577.7942071206314 800.4796933347745
 -198.0943891492274 -894.9439805674821 902.108189938448 -577.7942071206314 800.4796933347745
 35.28332264408073 329.7651333906272 -974.2226521349876 829.0976795853342 -118.8588493782797
 3698.053350722182 3091.032900574531 2157.380371263147 -644.8542142966346 -2135.703183660922
 -198.0943891492274 -894.9439805674821 902.108189938448 -577.7942071206314 800.4796933347745
 -147.1284265017504 379.1831096999692 857.8084257316691 567.7900652539249 827.448593309648
 -198.0943891492274 -894.9439805674821 902.108189938448 -577.7942071206314 800.4796933347745
 918.5635369769061 200.4311986797723 -48.66338907968498 -54.61147750458952 -970.8540810030556
 -955.8443235825569 444.5387306826651 -541.3696488569683 458.2557084000628 681.277036177903
 -198.0943891492274 -894.9439805674821 902.108189938448 -577.7942071206314 800.4796933347745
 868.0643035807136 -960.2714467329193 68.18346524149865 331.44068160948 -767.6624197872907
 -580.2038394515105 -1283.952057001237 -702.0738079611353 -1334.392080546506 2741.184264450072
 743.9967877653064 -28.82186567235567 623.0249625252193 -505.6242489914858 -689.9980751520409
 318.8452822897796 -3111.203840278924 216.9207197602116 109.2486978189815 3596.89509116588
 2151.213009595138 -1187.473718236973 179.5433380947194 421.4227725604878 1752.976248948006
 4179.763848195265 1607.114248698483 650.1400783487306 2893.090581719421 147.3823357628945
 -198.0943891492274 -894.9439805674821 902.108189938448 -577.7942071206314 800.4796933347745
 195.6009945017936 748.8265446293565 -842.1866030762221 -242.1694499013026 574.0220405008442
 -198.0943891492274 -894.9439805674821 902.108189938448 -577.7942071206314 800.4796933347745
 195.6009945017936 748.8265446293565 -842.1866030762221 -242.1694499013026 574.0220405008442
 -198.0943891492274 -894.9439805674821 902.108189938448 -577.7942071206314 800.4796933347745
 -198.0943891492274 -894.9439805674821 902.108189938448 -577.7942071206314 800.4796933347745
 -196.1695042254793 100.9900743091548 -685.2933210692652 -3.500336485123739 618.3210368840535
 -198.0943891492274 -894.9439805674821 902.108189938448 -577.7942071206314 800.4796933347745
 -198.0943891492274 -894.9439805674821 902.108189938448 -577.7942071206314 800.4796933347745
 -198.0943891492274 -894.9439805674821 902.108189938448 -577.7942071206314 800.4796933347745
 691.5436921974078 -439.1193956927474 -405.8424397318548 453.3130462000531 -213.3878039449836
 52.73716763746665 14.34663743426574 274.7341044291682 -803.418730765526 402.3050202326715
 1489.712102133426 2684.10221252443 2657.270619493373 -685.9964927682502 811.8776413740404
 -198.0943891492274 -894.9439805674821 902.108189938448 -577.7942071206314 800.4796933347745
 783.0722337157825 -217.4531142243782 1178.287726383061 3089.892334990104 -789.2597672869551
 -955.8443235825569 444.5387306826651 -541.3696488569683 458.2557084000628 681.277036177903
 318.8452822897796 -3111.203840278924 216.9207197602116 109.2486978189815 3596.89509116588
 743.9967877653064 -28.82186567235567 623.0249625252193 -505.6242489914858 -689.9980751520409
 641.3872541336407 837.4424770782166 -799.5256142284418 -775.629065022453 694.7828524084787
 783.0722337157825 -217.4531142243782 1178.287726383061 3089.892334990104 -789.2597672869551
 -641.1009158433374 -870.5694064858568 783.5287821932943 103.8901873507327 50.22268775835096
 -147.1284265017504 379.1831096999692 857.8084257316691 567.7900652539249 827.448593309648
 -198.0943891492274 -894.9439805674821 902.108189938448 -577.7942071206314 800.4796933347745
 -196.1695042254793 100.9900743091548 -685.2933210692652 -3.500336485123739 618.3210368840535
 -198.0943891492274 -894.9439805674821 902.108189938448 -577.7942071206314 800.4796933347745
 -198.0943891492274 -894.9439805674821 902.108189938448 -577.7942071206314 800.4796933347745
 -198.0943891492274 -894.9439805674821 902.108189938448 -577.7942071206314 800.4796933347745
 -750.319802930802 -474.2536609641996 -6512.687992854091 -3106.351375062698 -2666.240503430424
 -198.0943891492274 -894.9439805674821 902.108189938448 -577.7942071206314 800.4796933347745
 -641.1009158433374 -870.5694064858568 783.5287821932943 103.8901873507327 50.22268775835096
 918.5635369769061 200.4311986797723 -48.66338907968498 -54.61147750458952 -970.8540810030556
 -198.0943891492274 -894.9439805674821 902.108189938448 -577.7942071206314 800.4796933347745
 -198.0943891492274 -894.9439805674821 902.108189938448 -577.7942071206314 800.4796933347745
 918.5635369769061 200.4311986797723 -48.66338907968498 -54.61147750458952 -970.8540810030556
 -839.6197217134421 1241.121627477615 -3349.887018952129 -1349.099597294502 -566.8921988444463
 -955.8443235825569 444.5387306826651 -541.3696488569683 458.2557084000628 681.277036177903
 35.28332264408073 329.7651333906272 -974.2226521349876 829.0976795853342 -118.8588493782797
 -277.9195922566912 -844.4730260644629 -306.9990434356104 -955.5672316165412 -959.0398379103241
 35.28332264408073 329.7651333906272 -974.2226521349876 829.0976795853342 -118.8588493782797
 -198.0943891492274 -894.9439805674821 902.108189938448 -577.7942071206314 800.4796933347745
 311.2821593813753 -662.3419649878538 941.1446639235273 406.0687716301616 445.2903959106234
 -196.1695042254793 100.9900743091548 -685.2933210692652 -3.500336485123739 618.3210368840535
 76.62360680138681 847.3801453879676 -504.9519748299908 -28.93655787418129 -336.7608354394155
 1531.859568055062 3010.552640377543 2963.272486349676 360.4672972283715 1045.045164389791
 195.6009945017936 748.8265446293565 -842.1866030762221 -242.1694499013026 574.0220405008442
 918.5635369769061 200.4311986797723 -48.66338907968498 -54.61147750458952 -970.8540810030556
 918.5635369769061 200.4311986797723 -48.66338907968498 -54.61147750458952 -970.8540810030556
 -198.0943891492274 -894.9439805674821 902.108189938448 -577.7942071206314 800.4796933347745
 1112.410593276627 -2390.412875893514 -1364.66604960954 -1666.823065357778 -1107.36249095346
 3698.053350722182 3091.032900574531 2157.380371263147 -644.8542142966346 -2135.703183660922
 -86.02605903179273 -349.7923843132747 1191.369323069366 -397.6865863341683 -505.6248836484287
 32.89268753086174 3688.419436322664 -2709.128387093966 2594.17342184975 -311.0812491199307
 743.9967877653064 -28.82186567235567 623.0249625252193 -505.6242489914858 -689.9980751520409
 -147.1284265017504 379.1831096999692 857.8084257316691 567.7900652539249 827.448593309648
 691.5436921974078 -439.1193956927474 -405.8424397318548 453.3130462000531 -213.3878039449836
 -198.0943891492274 -894.9439805674821 902.108189938448 -577.7942071206314 800.4796933347745
 918.5635369769061 200.4311986797723 -48.66338907968498 -54.61147750458952 -970.8540810030556
 691.5436921974078 -439.1193956927474 -405.8424397318548 453.3130462000531 -213.3878039449836
 743.9967877653064 -28.82186567235567 623.0249625252193 -505.6242489914858 -689.9980751520409
 918.5635369769061 200.4311986797723 -48.66338907968498 -54.61147750458952 -970.8540810030556
 918.5635369769061 200.4311986797723 -48.66338907968498 -54.61147750458952 -970.8540810030556
 355.8846382722651 427.113340103932 -944.7519564280922 -1287.203593306869 4946.768693823074
 -198.0943891492274 -894.9439805674821 902.108189938448 -577.7942071206314 800.4796933347745
 -641.1009158433374 -870.5694064858568 783.5287821932943 103.8901873507327 50.22268775835096
 -637.2901713433787 -1661.789987114762 5496.047928906813 -2728.545932244489 -2775.841254939774
 -2507.464515462414 -928.3703681749685 514.3342611152998 672.2642522314209 1140.349815713818
 -867.5845747438742 763.6185078020713 -1014.507932644859 -1751.883951475708 3816.895620016818
 1042.715670586932 1554.268581028546 2544.285425758385 -1015.228023248514 237.225964975358
