# Created by Octave 4.2.1, Mon Oct 09 17:19:58 2017 BRT <root@mosqueiro>
# name: pop
# type: matrix
# rows: 100
# columns: 5
 -253.935663394946 -627.0440646270383 26.57882194482798 112.3541240991824 741.8557978485687
 -253.935663394946 -627.0440646270383 26.57882194482798 112.3541240991824 741.8557978485687
 371.712684717904 -297.5644430729197 -150.9693948208263 -41.60340753317314 160.8816957959191
 371.712684717904 -297.5644430729197 -150.9693948208263 -41.60340753317314 160.8816957959191
 371.712684717904 -297.5644430729197 -150.9693948208263 -41.60340753317314 160.8816957959191
 -4068.89472366842 -2718.578780729074 1369.089029637545 2393.167119344163 -2449.758487605489
 250.549238474401 -340.2273751564493 -79.38808168797999 -72.43463559611359 262.0600882130291
 -253.935663394946 -627.0440646270383 26.57882194482798 112.3541240991824 741.8557978485687
 225.8766315759045 -542.1778123710542 -336.5239836612001 377.1739890131262 206.3824051472969
 371.712684717904 -297.5644430729197 -150.9693948208263 -41.60340753317314 160.8816957959191
 -937.1549481941815 854.1730611094681 -76.89152495521148 403.3971366596516 -114.9417988217939
 371.712684717904 -297.5644430729197 -150.9693948208263 -41.60340753317314 160.8816957959191
 667.15757773379 -700.6361877974243 -315.2662560123198 387.9249322572626 -465.1857964704922
 371.712684717904 -297.5644430729197 -150.9693948208263 -41.60340753317314 160.8816957959191
 371.712684717904 -297.5644430729197 -150.9693948208263 -41.60340753317314 160.8816957959191
 371.712684717904 -297.5644430729197 -150.9693948208263 -41.60340753317314 160.8816957959191
 750.2760950390307 -671.1826882814099 143.5473348068703 -460.9508928262728 362.7554830187882
 580.8136092422542 -597.5521018076709 239.0243153745616 -59.28981839400632 -242.4272308362183
 225.8766315759045 -542.1778123710542 -336.5239836612001 377.1739890131262 206.3824051472969
 371.712684717904 -297.5644430729197 -150.9693948208263 -41.60340753317314 160.8816957959191
 2030.720241509521 68.00076081959357 1500.364177746639 1369.49733040028 -1170.598469391829
 -814.5307544586211 -1215.508817109781 -2222.997952809803 2789.394397760176 3087.085872393734
 371.712684717904 -297.5644430729197 -150.9693948208263 -41.60340753317314 160.8816957959191
 371.712684717904 -297.5644430729197 -150.9693948208263 -41.60340753317314 160.8816957959191
 1336.846163041541 -179.5834887859881 -798.0958037763634 -963.0452802438077 460.0419381353403
 371.712684717904 -297.5644430729197 -150.9693948208263 -41.60340753317314 160.8816957959191
 371.712684717904 -297.5644430729197 -150.9693948208263 -41.60340753317314 160.8816957959191
 371.712684717904 -297.5644430729197 -150.9693948208263 -41.60340753317314 160.8816957959191
 371.712684717904 -297.5644430729197 -150.9693948208263 -41.60340753317314 160.8816957959191
 -253.935663394946 -627.0440646270383 26.57882194482798 112.3541240991824 741.8557978485687
 580.8136092422542 -597.5521018076709 239.0243153745616 -59.28981839400632 -242.4272308362183
 -937.1549481941815 854.1730611094681 -76.89152495521148 403.3971366596516 -114.9417988217939
 371.712684717904 -297.5644430729197 -150.9693948208263 -41.60340753317314 160.8816957959191
 371.712684717904 -297.5644430729197 -150.9693948208263 -41.60340753317314 160.8816957959191
 371.712684717904 -297.5644430729197 -150.9693948208263 -41.60340753317314 160.8816957959191
 371.712684717904 -297.5644430729197 -150.9693948208263 -41.60340753317314 160.8816957959191
 341.3561838723975 -853.0079447190235 0.4174996994381388 287.1424717451071 400.8107841166759
 371.712684717904 -297.5644430729197 -150.9693948208263 -41.60340753317314 160.8816957959191
 480.6730150007753 16.48418824088441 188.5083480624843 164.8115627992854 -34.14875202715092
 371.712684717904 -297.5644430729197 -150.9693948208263 -41.60340753317314 160.8816957959191
 -253.935663394946 -627.0440646270383 26.57882194482798 112.3541240991824 741.8557978485687
 371.712684717904 -297.5644430729197 -150.9693948208263 -41.60340753317314 160.8816957959191
 371.712684717904 -297.5644430729197 -150.9693948208263 -41.60340753317314 160.8816957959191
 -4068.89472366842 -2718.578780729074 1369.089029637545 2393.167119344163 -2449.758487605489
 -126.630497709549 -705.6164513293847 -1808.000150373595 3086.95552414881 3686.402420876034
 371.712684717904 -297.5644430729197 -150.9693948208263 -41.60340753317314 160.8816957959191
 -126.630497709549 -705.6164513293847 -1808.000150373595 3086.95552414881 3686.402420876034
 -4068.89472366842 -2718.578780729074 1369.089029637545 2393.167119344163 -2449.758487605489
 347.7558573649503 91.76573574028981 -672.1707975268621 164.0694043731807 -177.9707098132895
 371.712684717904 -297.5644430729197 -150.9693948208263 -41.60340753317314 160.8816957959191
 347.7558573649503 91.76573574028981 -672.1707975268621 164.0694043731807 -177.9707098132895
 347.7558573649503 91.76573574028981 -672.1707975268621 164.0694043731807 -177.9707098132895
 -253.935663394946 -627.0440646270383 26.57882194482798 112.3541240991824 741.8557978485687
 371.712684717904 -297.5644430729197 -150.9693948208263 -41.60340753317314 160.8816957959191
 371.712684717904 -297.5644430729197 -150.9693948208263 -41.60340753317314 160.8816957959191
 371.712684717904 -297.5644430729197 -150.9693948208263 -41.60340753317314 160.8816957959191
 371.712684717904 -297.5644430729197 -150.9693948208263 -41.60340753317314 160.8816957959191
 371.712684717904 -297.5644430729197 -150.9693948208263 -41.60340753317314 160.8816957959191
 371.712684717904 -297.5644430729197 -150.9693948208263 -41.60340753317314 160.8816957959191
 -253.935663394946 -627.0440646270383 26.57882194482798 112.3541240991824 741.8557978485687
 -92.34793678223406 -737.5771445848297 -763.4748336648532 -228.3778382338261 664.7365402976054
 -253.935663394946 -627.0440646270383 26.57882194482798 112.3541240991824 741.8557978485687
 371.712684717904 -297.5644430729197 -150.9693948208263 -41.60340753317314 160.8816957959191
 371.712684717904 -297.5644430729197 -150.9693948208263 -41.60340753317314 160.8816957959191
 667.15757773379 -700.6361877974243 -315.2662560123198 387.9249322572626 -465.1857964704922
 371.712684717904 -297.5644430729197 -150.9693948208263 -41.60340753317314 160.8816957959191
 154.6283737413132 107.0050004811804 369.5741098494456 -23.7171590019562 47.62302479765667
 1336.846163041541 -179.5834887859881 -798.0958037763634 -963.0452802438077 460.0419381353403
 -2312.286639902102 165.5354041865668 3812.606996632269 -2536.042958363513 508.4328419094949
 371.712684717904 -297.5644430729197 -150.9693948208263 -41.60340753317314 160.8816957959191
 371.712684717904 -297.5644430729197 -150.9693948208263 -41.60340753317314 160.8816957959191
 371.712684717904 -297.5644430729197 -150.9693948208263 -41.60340753317314 160.8816957959191
 371.712684717904 -297.5644430729197 -150.9693948208263 -41.60340753317314 160.8816957959191
 589.7498948537915 -521.9000939732015 -401.5428651420312 -461.2316596665502 -205.4428573772286
 371.712684717904 -297.5644430729197 -150.9693948208263 -41.60340753317314 160.8816957959191
 2030.720241509521 68.00076081959357 1500.364177746639 1369.49733040028 -1170.598469391829
 371.712684717904 -297.5644430729197 -150.9693948208263 -41.60340753317314 160.8816957959191
 371.712684717904 -297.5644430729197 -150.9693948208263 -41.60340753317314 160.8816957959191
 371.712684717904 -297.5644430729197 -150.9693948208263 -41.60340753317314 160.8816957959191
 -253.935663394946 -627.0440646270383 26.57882194482798 112.3541240991824 741.8557978485687
 -632.0086032925392 -407.9239804455711 -719.2685595134755 120.3676105913021 803.9687221251294
 -142.5774117822437 -678.8525066149277 303.3728665249417 257.4543275301895 808.2890373469726
 276.0483275019237 286.5850068874088 348.9642083085966 54.22207287926912 126.0280499559973
 294.272536637434 -464.3650743655625 -9.034729302636265 20.24124502860755 147.9582580570211
