# Created by Octave 4.2.1, Mon Oct 09 17:18:49 2017 BRT <root@mosqueiro>
# name: pop
# type: matrix
# rows: 100
# columns: 5
 -740.0812443056229 -261.0217900321334 -36.46923379602072 812.9975577392072 269.7047144134333
 -740.0812443056229 -261.0217900321334 -36.46923379602072 812.9975577392072 269.7047144134333
 -740.0812443056229 -261.0217900321334 -36.46923379602072 812.9975577392072 269.7047144134333
 -740.0812443056229 -261.0217900321334 -36.46923379602072 812.9975577392072 269.7047144134333
 -1232.798173093699 -1447.957820072265 970.1134106741122 -474.3444140697875 3036.817991499634
 -2500.588884200731 2368.896861872365 218.4096664880689 -1843.57531904585 -291.6578048050441
 954.7939928698045 -523.3365259095327 244.6460297958738 380.4834377935313 -834.2315394245551
 -810.1359904670093 856.2510057903521 -150.8333268834992 -292.9790656088069 865.6722422426603
 954.7939928698045 -523.3365259095327 244.6460297958738 380.4834377935313 -834.2315394245551
 -740.0812443056229 -261.0217900321334 -36.46923379602072 812.9975577392072 269.7047144134333
 -740.0812443056229 -261.0217900321334 -36.46923379602072 812.9975577392072 269.7047144134333
 -740.0812443056229 -261.0217900321334 -36.46923379602072 812.9975577392072 269.7047144134333
 -810.1359904670093 856.2510057903521 -150.8333268834992 -292.9790656088069 865.6722422426603
 -740.0812443056229 -261.0217900321334 -36.46923379602072 812.9975577392072 269.7047144134333
 -108.5681922693681 -343.6199322950747 749.9074486100008 -237.0628454845646 122.6663811052233
 -4264.925603782039 4151.516545694854 2739.168650374185 -3835.132457136925 1196.764252244478
 834.7304795411702 271.2537228021303 1231.729245251014 -627.1812423190604 -2018.18833346668
 -101.2927008470612 -820.0361503238362 -408.3781182920288 531.9803230147224 674.0571016236124
 -2500.588884200731 2368.896861872365 218.4096664880689 -1843.57531904585 -291.6578048050441
 -740.0812443056229 -261.0217900321334 -36.46923379602072 812.9975577392072 269.7047144134333
 -4980.026938799929 -1397.144615492018 2731.451595004058 -26.69228474079955 194.8360978653106
 -740.0812443056229 -261.0217900321334 -36.46923379602072 812.9975577392072 269.7047144134333
 -740.0812443056229 -261.0217900321334 -36.46923379602072 812.9975577392072 269.7047144134333
 -994.6174348448394 774.3833535059371 458.3723154972197 -354.6561873129991 76.87814728930516
 -740.0812443056229 -261.0217900321334 -36.46923379602072 812.9975577392072 269.7047144134333
 -486.2574303082322 2867.462632146494 223.1291760923853 1145.906024023517 3299.891205328626
 1953.975784069398 -4618.696584901688 3539.442342708659 -2053.264958415335 -3545.906657212116
 -602.937210545655 490.3179678855606 -173.5389013887457 990.1345044990212 480.3134442876903
 608.2076705771632 411.1449196029979 2582.564045758946 1085.864857561978 414.4300843243353
 -459.2316290201737 1691.38750914176 -3134.60075091926 1479.956050844729 -2541.21344258197
 -740.0812443056229 -261.0217900321334 -36.46923379602072 812.9975577392072 269.7047144134333
 -740.0812443056229 -261.0217900321334 -36.46923379602072 812.9975577392072 269.7047144134333
 -740.0812443056229 -261.0217900321334 -36.46923379602072 812.9975577392072 269.7047144134333
 -17.76271209807896 -1965.981639457319 -929.163064861988 -875.8726931984448 1952.74192748981
 -101.2927008470612 -820.0361503238362 -408.3781182920288 531.9803230147224 674.0571016236124
 -4264.925603782039 4151.516545694854 2739.168650374185 -3835.132457136925 1196.764252244478
 -17.76271209807896 -1965.981639457319 -929.163064861988 -875.8726931984448 1952.74192748981
 -740.0812443056229 -261.0217900321334 -36.46923379602072 812.9975577392072 269.7047144134333
 -101.2927008470612 -820.0361503238362 -408.3781182920288 531.9803230147224 674.0571016236124
 -1232.798173093699 -1447.957820072265 970.1134106741122 -474.3444140697875 3036.817991499634
 -740.0812443056229 -261.0217900321334 -36.46923379602072 812.9975577392072 269.7047144134333
 -2886.994501405261 -1007.844538255888 -3269.795298117159 3388.094761760676 163.7027722935706
 -2634.639592334355 -3080.026762439505 1532.443124650849 -633.313577861136 -2650.871138411084
 272.2111973962644 -658.2538470794511 584.8129629689586 -930.6504594623345 498.0415196785636
 -740.0812443056229 -261.0217900321334 -36.46923379602072 812.9975577392072 269.7047144134333
 -872.3602569811212 1258.340205426076 -2015.913789903841 1426.905313291689 94.42438069198997
 1268.949213550065 944.4807095602029 -1289.05349686938 -1454.922603964822 1428.600553258504
 664.7827722741702 -141.8479115283532 -189.9832771554785 -733.0762260889304 802.039059146417
 -740.0812443056229 -261.0217900321334 -36.46923379602072 812.9975577392072 269.7047144134333
 1268.949213550065 944.4807095602029 -1289.05349686938 -1454.922603964822 1428.600553258504
 -740.0812443056229 -261.0217900321334 -36.46923379602072 812.9975577392072 269.7047144134333
 1737.010154587675 -1509.86658748259 -908.9045904257857 1115.607625266472 -100.0364920205628
 -1232.798173093699 -1447.957820072265 970.1134106741122 -474.3444140697875 3036.817991499634
 -740.0812443056229 -261.0217900321334 -36.46923379602072 812.9975577392072 269.7047144134333
 -740.0812443056229 -261.0217900321334 -36.46923379602072 812.9975577392072 269.7047144134333
 -108.5681922693681 -343.6199322950747 749.9074486100008 -237.0628454845646 122.6663811052233
 -740.0812443056229 -261.0217900321334 -36.46923379602072 812.9975577392072 269.7047144134333
 -810.1359904670093 856.2510057903521 -150.8333268834992 -292.9790656088069 865.6722422426603
 -740.0812443056229 -261.0217900321334 -36.46923379602072 812.9975577392072 269.7047144134333
 -321.0034406531092 158.0841179030244 1996.477180931291 -183.7157235718731 744.2879777021783
 -740.0812443056229 -261.0217900321334 -36.46923379602072 812.9975577392072 269.7047144134333
 -108.5681922693681 -343.6199322950747 749.9074486100008 -237.0628454845646 122.6663811052233
 2626.231488098029 -1958.722820680808 3447.939743123741 168.6735274195637 2653.900470327308
 -740.0812443056229 -261.0217900321334 -36.46923379602072 812.9975577392072 269.7047144134333
 -740.0812443056229 -261.0217900321334 -36.46923379602072 812.9975577392072 269.7047144134333
 -740.0812443056229 -261.0217900321334 -36.46923379602072 812.9975577392072 269.7047144134333
 954.7939928698045 -523.3365259095327 244.6460297958738 380.4834377935313 -834.2315394245551
 1268.949213550065 944.4807095602029 -1289.05349686938 -1454.922603964822 1428.600553258504
 -740.0812443056229 -261.0217900321334 -36.46923379602072 812.9975577392072 269.7047144134333
 272.2111973962644 -658.2538470794511 584.8129629689586 -930.6504594623345 498.0415196785636
 1650.738218871873 -212.5785686932251 1966.211744007236 -3161.910831078199 1516.061573522038
 -740.0812443056229 -261.0217900321334 -36.46923379602072 812.9975577392072 269.7047144134333
 -740.0812443056229 -261.0217900321334 -36.46923379602072 812.9975577392072 269.7047144134333
 -740.0812443056229 -261.0217900321334 -36.46923379602072 812.9975577392072 269.7047144134333
 954.7939928698045 -523.3365259095327 244.6460297958738 380.4834377935313 -834.2315394245551
 -1502.391312909561 1824.018641581728 -948.6019304048698 -347.0810186869519 1828.257979912247
 4777.028940065283 2601.653070166479 2605.456719677304 -4419.294372782087 -2257.158004324061
 -740.0812443056229 -261.0217900321334 -36.46923379602072 812.9975577392072 269.7047144134333
 -994.6174348448394 774.3833535059371 458.3723154972197 -354.6561873129991 76.87814728930516
 -994.6174348448394 774.3833535059371 458.3723154972197 -354.6561873129991 76.87814728930516
 48.07323004129501 -2021.292566147295 -12.34317044486287 -487.7696910804361 -608.9620078644716
 1741.142977557019 -983.9866070558347 2148.84617211539 -4129.630777651956 2.01735499382994
 -1061.008706815282 -334.9311182075069 1755.494448513852 2807.947623450444 1049.763204753593
 4731.297534553284 4238.149143069994 672.5630069116014 -1276.243805947141 -2954.814250549683
