# Created by Octave 4.2.1, Mon Oct 09 17:18:55 2017 BRT <root@mosqueiro>
# name: pop
# type: matrix
# rows: 100
# columns: 5
 -949.3501094302809 328.1792227366875 -327.7998549818341 363.6395403821098 591.0421121212014
 -740.0812443056229 -261.0217900321334 -36.46923379602072 812.9975577392072 269.7047144134333
 -740.0812443056229 -261.0217900321334 -36.46923379602072 812.9975577392072 269.7047144134333
 -740.0812443056229 -261.0217900321334 -36.46923379602072 812.9975577392072 269.7047144134333
 -987.382666885538 58.84902253675875 -800.4631812263812 351.7860615324532 1322.86862258257
 -740.0812443056229 -261.0217900321334 -36.46923379602072 812.9975577392072 269.7047144134333
 -740.0812443056229 -261.0217900321334 -36.46923379602072 812.9975577392072 269.7047144134333
 -740.0812443056229 -261.0217900321334 -36.46923379602072 812.9975577392072 269.7047144134333
 -740.0812443056229 -261.0217900321334 -36.46923379602072 812.9975577392072 269.7047144134333
 -740.0812443056229 -261.0217900321334 -36.46923379602072 812.9975577392072 269.7047144134333
 -740.0812443056229 -261.0217900321334 -36.46923379602072 812.9975577392072 269.7047144134333
 -649.36698268611 -299.821971609536 -413.0194421573202 197.5348090787667 102.7604222256128
 -949.3501094302809 328.1792227366875 -327.7998549818341 363.6395403821098 591.0421121212014
 -740.0812443056229 -261.0217900321334 -36.46923379602072 812.9975577392072 269.7047144134333
 -740.0812443056229 -261.0217900321334 -36.46923379602072 812.9975577392072 269.7047144134333
 -740.0812443056229 -261.0217900321334 -36.46923379602072 812.9975577392072 269.7047144134333
 -1284.460182087532 -205.9005367570295 -1951.447967324443 -1824.243620582673 -719.2775479273997
 -740.0812443056229 -261.0217900321334 -36.46923379602072 812.9975577392072 269.7047144134333
 456.0649716076511 -875.3916828518599 589.8906027434979 1468.427000281297 828.200690749353
 -946.4221478372058 41.78365173183101 968.7282239678724 993.3294054783956 1708.231703960993
 -740.0812443056229 -261.0217900321334 -36.46923379602072 812.9975577392072 269.7047144134333
 427.4788584889661 283.5238887194331 -94.1753582423602 909.4124611872591 1278.298517096736
 -998.8961239912909 -210.2525385042904 14.79375358162827 501.7479513987408 -247.1510231522193
 -740.0812443056229 -261.0217900321334 -36.46923379602072 812.9975577392072 269.7047144134333
 -740.0812443056229 -261.0217900321334 -36.46923379602072 812.9975577392072 269.7047144134333
 -949.3501094302809 328.1792227366875 -327.7998549818341 363.6395403821098 591.0421121212014
 133.2476325276665 -900.2795262938333 119.1847200430579 473.351402558334 -0.4520552456140194
 -740.0812443056229 -261.0217900321334 -36.46923379602072 812.9975577392072 269.7047144134333
 258.837428158547 -932.1446894955571 440.9156849535115 1854.614103931809 756.4921565019256
 -949.3501094302809 328.1792227366875 -327.7998549818341 363.6395403821098 591.0421121212014
 -740.0812443056229 -261.0217900321334 -36.46923379602072 812.9975577392072 269.7047144134333
 -251.7293144417649 405.2758356901868 305.4345032144902 1059.546373276197 -107.3696292750034
 -649.36698268611 -299.821971609536 -413.0194421573202 197.5348090787667 102.7604222256128
 -740.0812443056229 -261.0217900321334 -36.46923379602072 812.9975577392072 269.7047144134333
 456.0649716076511 -875.3916828518599 589.8906027434979 1468.427000281297 828.200690749353
 -264.4003691211993 -235.6180439569597 157.7400363776611 944.161059103 764.8339701718412
 -740.0812443056229 -261.0217900321334 -36.46923379602072 812.9975577392072 269.7047144134333
 319.0461488238207 -192.2867352286074 -112.6383541762295 1207.559201312726 1314.938397929364
 -740.0812443056229 -261.0217900321334 -36.46923379602072 812.9975577392072 269.7047144134333
 -606.1516208507949 -170.2810766511438 -511.4890361743174 2268.172161313903 -332.4885111537145
 -740.0812443056229 -261.0217900321334 -36.46923379602072 812.9975577392072 269.7047144134333
 -740.0812443056229 -261.0217900321334 -36.46923379602072 812.9975577392072 269.7047144134333
 -432.1912486232683 -354.9306355775464 984.1725743770315 1214.5147135006 274.5581935588984
 -740.0812443056229 -261.0217900321334 -36.46923379602072 812.9975577392072 269.7047144134333
 258.837428158547 -932.1446894955571 440.9156849535115 1854.614103931809 756.4921565019256
 -740.0812443056229 -261.0217900321334 -36.46923379602072 812.9975577392072 269.7047144134333
 -404.9872557740275 -792.767782542897 146.0617124285403 760.8531355848683 831.6230569941206
 -740.0812443056229 -261.0217900321334 -36.46923379602072 812.9975577392072 269.7047144134333
 -740.0812443056229 -261.0217900321334 -36.46923379602072 812.9975577392072 269.7047144134333
 -740.0812443056229 -261.0217900321334 -36.46923379602072 812.9975577392072 269.7047144134333
 -740.0812443056229 -261.0217900321334 -36.46923379602072 812.9975577392072 269.7047144134333
 -1458.484087910924 -682.0800937835822 -72.28989045240539 192.2339187383369 451.5692858245498
 -432.1912486232683 -354.9306355775464 984.1725743770315 1214.5147135006 274.5581935588984
 -404.9872557740275 -792.767782542897 146.0617124285403 760.8531355848683 831.6230569941206
 115.4761039153613 -182.5781731192714 39.29745232625453 539.1075321536048 9.441772094834448
 -740.0812443056229 -261.0217900321334 -36.46923379602072 812.9975577392072 269.7047144134333
 -229.636731321955 50.02779542381057 393.793813312752 927.4323277604884 563.263453421823
 -740.0812443056229 -261.0217900321334 -36.46923379602072 812.9975577392072 269.7047144134333
 -377.3808656458835 6.327060189972656 -373.1739740334086 768.2913481365181 -476.1099289905189
 -1267.531307558077 1270.989062558416 445.3767758441469 1014.272108293615 -757.8214267237188
 -740.0812443056229 -261.0217900321334 -36.46923379602072 812.9975577392072 269.7047144134333
 -740.0812443056229 -261.0217900321334 -36.46923379602072 812.9975577392072 269.7047144134333
 -740.0812443056229 -261.0217900321334 -36.46923379602072 812.9975577392072 269.7047144134333
 -1232.798173093699 -1447.957820072265 970.1134106741122 -474.3444140697875 3036.817991499634
 -616.542045908669 150.0955477521149 -41.44666176538176 767.8229532377346 281.3077019145138
 -740.0812443056229 -261.0217900321334 -36.46923379602072 812.9975577392072 269.7047144134333
 -740.0812443056229 -261.0217900321334 -36.46923379602072 812.9975577392072 269.7047144134333
 1065.570295636174 -1272.831652348573 -183.5388935075725 445.3601788146749 -380.636418840865
 -677.4700022293598 1.833802638566226 358.208403648453 1553.059630179051 -173.1878527874107
 4731.297534553284 4238.149143069994 672.5630069116014 -1276.243805947141 -2954.814250549683
 -740.0812443056229 -261.0217900321334 -36.46923379602072 812.9975577392072 269.7047144134333
 -1284.460182087532 -205.9005367570295 -1951.447967324443 -1824.243620582673 -719.2775479273997
 -740.0812443056229 -261.0217900321334 -36.46923379602072 812.9975577392072 269.7047144134333
 -740.0812443056229 -261.0217900321334 -36.46923379602072 812.9975577392072 269.7047144134333
 -740.0812443056229 -261.0217900321334 -36.46923379602072 812.9975577392072 269.7047144134333
 -987.382666885538 58.84902253675875 -800.4631812263812 351.7860615324532 1322.86862258257
 -740.0812443056229 -261.0217900321334 -36.46923379602072 812.9975577392072 269.7047144134333
 -949.3501094302809 328.1792227366875 -327.7998549818341 363.6395403821098 591.0421121212014
 -264.4003691211993 -235.6180439569597 157.7400363776611 944.161059103 764.8339701718412
 -740.0812443056229 -261.0217900321334 -36.46923379602072 812.9975577392072 269.7047144134333
 -756.5940278232983 -306.0118396108887 -315.4023543568234 677.4584050234273 311.0587206057369
 -92.7459867652662 154.7693339220542 44.05367424690508 526.818003306997 -121.1187230137199
 -911.7428152298087 -262.6054536259369 49.08312182638326 1019.817887157129 433.0729134555935
 -567.365591382095 -495.8129396111905 553.2502605613782 568.397578950231 554.5267851370377
