# Created by Octave 4.2.1, Mon Oct 09 17:20:40 2017 BRT <root@mosqueiro>
# name: pop
# type: matrix
# rows: 100
# columns: 5
 -1840.321436508395 2091.628322692272 -696.5951903098512 -288.3831453912374 733.1979922856145
 -1840.611330071883 2091.456367047794 -695.5862145114056 -290.0693433574182 734.3358173885408
 -1829.573680851319 2116.35033737009 -676.72736935441 -278.7796959977977 668.292468882642
 -1829.579878917594 2116.347918825397 -676.7347019681733 -278.7850066380818 668.2882297667616
 -1840.613482600599 2091.460495134761 -695.5793389705819 -290.0703660212563 734.3344041559317
 -1829.579110596433 2116.346681250174 -676.734111794467 -278.786822766306 668.2933057087145
 -1829.579878917594 2116.347918825397 -676.7347019681733 -278.7850066380818 668.2882297667616
 -1840.595210436926 2091.477665309535 -695.5616210676902 -290.0618588010327 734.3120381694528
 -1840.595210436926 2091.477665309535 -695.5616210676902 -290.0618588010327 734.3120381694528
 -1840.321436508395 2091.628322692272 -696.5951903098512 -288.3831453912374 733.1979922856145
 -1829.579878917594 2116.347918825397 -676.7347019681733 -278.7850066380818 668.2882297667616
 -1840.613482600599 2091.460495134761 -695.5793389705819 -290.0703660212563 734.3344041559317
 -1829.577659260002 2116.344902343942 -676.7331763874522 -278.7897763254887 668.2874978888038
 -1829.579878917594 2116.347918825397 -676.7347019681733 -278.7850066380818 668.2882297667616
 -1829.579878917594 2116.347918825397 -676.7347019681733 -278.7850066380818 668.2882297667616
 -1829.579878917594 2116.347918825397 -676.7347019681733 -278.7850066380818 668.2882297667616
 -1829.57736665185 2116.345368437801 -676.7343478554859 -278.7883795810873 668.288748341132
 -1840.622138035648 2091.465491517867 -695.5167672241406 -290.1526761069358 734.3653783053472
 -1840.328280748914 2091.630667596311 -696.6066716126344 -288.3906380045943 733.2161193218709
 -1829.579878917594 2116.347918825397 -676.7347019681733 -278.7850066380818 668.2882297667616
 -1829.579878917594 2116.347918825397 -676.7347019681733 -278.7850066380818 668.2882297667616
 -1840.328280748914 2091.630667596311 -696.6066716126344 -288.3906380045943 733.2161193218709
 -1829.57736665185 2116.345368437801 -676.7343478554859 -278.7883795810873 668.288748341132
 -1829.577659260002 2116.344902343942 -676.7331763874522 -278.7897763254887 668.2874978888038
 -1829.733357297718 2116.531347321566 -676.6330039255747 -278.9137223360607 668.2974983195145
 -1840.622138035648 2091.465491517867 -695.5167672241406 -290.1526761069358 734.3653783053472
 -1829.579878917594 2116.347918825397 -676.7347019681733 -278.7850066380818 668.2882297667616
 -1840.321436508395 2091.628322692272 -696.5951903098512 -288.3831453912374 733.1979922856145
 -1829.581184379977 2116.331025087518 -676.7544109330996 -278.7804658516886 668.3053778563151
 -1840.328280748914 2091.630667596311 -696.6066716126344 -288.3906380045943 733.2161193218709
 -1840.595210436926 2091.477665309535 -695.5616210676902 -290.0618588010327 734.3120381694528
 -1840.584994426557 2091.492694929005 -695.5695722277782 -290.0797133232027 734.3153949047568
 -1840.595210436926 2091.477665309535 -695.5616210676902 -290.0618588010327 734.3120381694528
 -1840.615736704529 2091.466346365864 -695.5883530848422 -290.0745302192988 734.3366719343429
 -1829.772756737303 2116.593994031893 -676.6153522720475 -278.9137497391516 668.450023140725
 -1829.579878917594 2116.347918825397 -676.7347019681733 -278.7850066380818 668.2882297667616
 -1829.579878917594 2116.347918825397 -676.7347019681733 -278.7850066380818 668.2882297667616
 -1844.255843090625 2093.494470388887 -698.5786971483066 -297.8786823135046 737.7861198508375
 -1829.577659260002 2116.344902343942 -676.7331763874522 -278.7897763254887 668.2874978888038
 -1840.328280748914 2091.630667596311 -696.6066716126344 -288.3906380045943 733.2161193218709
 -1829.579878917594 2116.347918825397 -676.7347019681733 -278.7850066380818 668.2882297667616
 -1829.579878917594 2116.347918825397 -676.7347019681733 -278.7850066380818 668.2882297667616
 -1829.577659260002 2116.344902343942 -676.7331763874522 -278.7897763254887 668.2874978888038
 -1839.707659066351 2091.30816159772 -696.7775949275945 -289.6001482193277 734.9950078238187
 -1840.611330071883 2091.456367047794 -695.5862145114056 -290.0693433574182 734.3358173885408
 -1829.733357297718 2116.531347321566 -676.6330039255747 -278.9137223360607 668.2974983195145
 -1840.311178913217 2091.627149722067 -696.59789289688 -288.3754354334537 733.2004903319643
 -1829.579878917594 2116.347918825397 -676.7347019681733 -278.7850066380818 668.2882297667616
 -1840.321436508395 2091.628322692272 -696.5951903098512 -288.3831453912374 733.1979922856145
 -1840.622138035648 2091.465491517867 -695.5167672241406 -290.1526761069358 734.3653783053472
 -1829.567343104287 2116.336973453546 -676.7308453386897 -278.7488360117227 668.324858049917
 -1829.579878917594 2116.347918825397 -676.7347019681733 -278.7850066380818 668.2882297667616
 -1839.950956366863 2091.381420886318 -696.2959922971291 -289.2674774213307 734.9137127965682
 -1840.321436508395 2091.628322692272 -696.5951903098512 -288.3831453912374 733.1979922856145
 -1840.626000149297 2091.471590179322 -695.517494295364 -290.1521648269276 734.3691126743749
 -1829.581184379977 2116.331025087518 -676.7544109330996 -278.7804658516886 668.3053778563151
 -1840.622138035648 2091.465491517867 -695.5167672241406 -290.1526761069358 734.3653783053472
 -1829.566827274276 2116.334430142299 -676.7308231109753 -278.757546486619 668.3195386545326
 -1829.577659260002 2116.344902343942 -676.7331763874522 -278.7897763254887 668.2874978888038
 -1840.622138035648 2091.465491517867 -695.5167672241406 -290.1526761069358 734.3653783053472
 -1840.611330071883 2091.456367047794 -695.5862145114056 -290.0693433574182 734.3358173885408
 -1840.622138035648 2091.465491517867 -695.5167672241406 -290.1526761069358 734.3653783053472
 -1840.330726477774 2091.634341756689 -696.5955811270352 -288.3884950215864 733.2132486817891
 -1840.323877789702 2091.629496508522 -696.6124116768067 -288.3906363519986 733.2104585209178
 -1840.611330071883 2091.456367047794 -695.5862145114056 -290.0693433574182 734.3358173885408
 -1829.579878917594 2116.347918825397 -676.7347019681733 -278.7850066380818 668.2882297667616
 -1840.328280748914 2091.630667596311 -696.6066716126344 -288.3906380045943 733.2161193218709
 -1829.577659260002 2116.344902343942 -676.7331763874522 -278.7897763254887 668.2874978888038
 -1840.330726477774 2091.634341756689 -696.5955811270352 -288.3884950215864 733.2132486817891
 -1840.615736704529 2091.466346365864 -695.5883530848422 -290.0745302192988 734.3366719343429
 -1829.733357297718 2116.531347321566 -676.6330039255747 -278.9137223360607 668.2974983195145
 -1840.615736704529 2091.466346365864 -695.5883530848422 -290.0745302192988 734.3366719343429
 -1840.312255243865 2091.63787803805 -696.5999028180935 -288.3786631750718 733.2005770612051
 -1829.579878917594 2116.347918825397 -676.7347019681733 -278.7850066380818 668.2882297667616
 -1829.733357297718 2116.531347321566 -676.6330039255747 -278.9137223360607 668.2974983195145
 -1829.733357297718 2116.531347321566 -676.6330039255747 -278.9137223360607 668.2974983195145
 -1829.566827274276 2116.334430142299 -676.7308231109753 -278.757546486619 668.3195386545326
 -1829.579878917594 2116.347918825397 -676.7347019681733 -278.7850066380818 668.2882297667616
 -1840.328280748914 2091.630667596311 -696.6066716126344 -288.3906380045943 733.2161193218709
 -1840.622138035648 2091.465491517867 -695.5167672241406 -290.1526761069358 734.3653783053472
 -1840.585856981226 2091.490908395343 -695.5698068158538 -290.0807225112108 734.3146582922003
 -1840.321088469553 2091.62677482232 -696.5953748389793 -288.3833269781128 733.1983262419334
 -1840.622007349428 2091.464823529484 -695.51501435363 -290.1494195119196 734.366563304087
 -1829.579597560031 2116.345003835846 -676.7366081030547 -278.78740606355 668.2903209625292
