# Created by Octave 4.2.1, Mon Oct 09 17:19:17 2017 BRT <root@mosqueiro>
# name: pop
# type: matrix
# rows: 100
# columns: 5
 -198.0943891492274 -894.9439805674821 902.108189938448 -577.7942071206314 800.4796933347745
 -198.0943891492274 -894.9439805674821 902.108189938448 -577.7942071206314 800.4796933347745
 -198.0943891492274 -894.9439805674821 902.108189938448 -577.7942071206314 800.4796933347745
 -147.1284265017504 379.1831096999692 857.8084257316691 567.7900652539249 827.448593309648
 -198.0943891492274 -894.9439805674821 902.108189938448 -577.7942071206314 800.4796933347745
 1489.712102133426 2684.10221252443 2657.270619493373 -685.9964927682502 811.8776413740404
 -147.1284265017504 379.1831096999692 857.8084257316691 567.7900652539249 827.448593309648
 -198.0943891492274 -894.9439805674821 902.108189938448 -577.7942071206314 800.4796933347745
 -198.0943891492274 -894.9439805674821 902.108189938448 -577.7942071206314 800.4796933347745
 -1160.770341282776 -1278.744318695912 -2828.859238564516 1018.372355273348 -3315.101085846428
 195.6009945017936 748.8265446293565 -842.1866030762221 -242.1694499013026 574.0220405008442
 -750.319802930802 -474.2536609641996 -6512.687992854091 -3106.351375062698 -2666.240503430424
 691.5436921974078 -439.1193956927474 -405.8424397318548 453.3130462000531 -213.3878039449836
 -198.0943891492274 -894.9439805674821 902.108189938448 -577.7942071206314 800.4796933347745
 -198.0943891492274 -894.9439805674821 902.108189938448 -577.7942071206314 800.4796933347745
 -198.0943891492274 -894.9439805674821 902.108189938448 -577.7942071206314 800.4796933347745
 -198.0943891492274 -894.9439805674821 902.108189938448 -577.7942071206314 800.4796933347745
 -198.0943891492274 -894.9439805674821 902.108189938448 -577.7942071206314 800.4796933347745
 -198.0943891492274 -894.9439805674821 902.108189938448 -577.7942071206314 800.4796933347745
 -198.0943891492274 -894.9439805674821 902.108189938448 -577.7942071206314 800.4796933347745
 -1595.469087076439 877.0838919209924 1417.807901149888 1326.777352753266 1683.07993759516
 -198.0943891492274 -894.9439805674821 902.108189938448 -577.7942071206314 800.4796933347745
 32.89268753086174 3688.419436322664 -2709.128387093966 2594.17342184975 -311.0812491199307
 918.5635369769061 200.4311986797723 -48.66338907968498 -54.61147750458952 -970.8540810030556
 -5268.970554732437 -931.9868535160911 2994.733680666 889.7700014295976 3232.659249038791
 -198.0943891492274 -894.9439805674821 902.108189938448 -577.7942071206314 800.4796933347745
 918.5635369769061 200.4311986797723 -48.66338907968498 -54.61147750458952 -970.8540810030556
 -198.0943891492274 -894.9439805674821 902.108189938448 -577.7942071206314 800.4796933347745
 35.28332264408073 329.7651333906272 -974.2226521349876 829.0976795853342 -118.8588493782797
 -571.8628098297711 -1186.408486038159 -1589.817748308039 -176.2600716103318 540.1769077116255
 -955.8443235825569 444.5387306826651 -541.3696488569683 458.2557084000628 681.277036177903
 -198.0943891492274 -894.9439805674821 902.108189938448 -577.7942071206314 800.4796933347745
 -198.0943891492274 -894.9439805674821 902.108189938448 -577.7942071206314 800.4796933347745
 2151.213009595138 -1187.473718236973 179.5433380947194 421.4227725604878 1752.976248948006
 -198.0943891492274 -894.9439805674821 902.108189938448 -577.7942071206314 800.4796933347745
 783.0722337157825 -217.4531142243782 1178.287726383061 3089.892334990104 -789.2597672869551
 -787.7707946714654 -1222.185618147561 1079.319132611319 -1813.233713887778 2147.723975612965
 4179.763848195265 1607.114248698483 650.1400783487306 2893.090581719421 147.3823357628945
 -86.02605903179273 -349.7923843132747 1191.369323069366 -397.6865863341683 -505.6248836484287
 52.73716763746665 14.34663743426574 274.7341044291682 -803.418730765526 402.3050202326715
 -198.0943891492274 -894.9439805674821 902.108189938448 -577.7942071206314 800.4796933347745
 918.5635369769061 200.4311986797723 -48.66338907968498 -54.61147750458952 -970.8540810030556
 -198.0943891492274 -894.9439805674821 902.108189938448 -577.7942071206314 800.4796933347745
 -198.0943891492274 -894.9439805674821 902.108189938448 -577.7942071206314 800.4796933347745
 -580.2038394515105 -1283.952057001237 -702.0738079611353 -1334.392080546506 2741.184264450072
 691.5436921974078 -439.1193956927474 -405.8424397318548 453.3130462000531 -213.3878039449836
 -2507.464515462414 -928.3703681749685 514.3342611152998 672.2642522314209 1140.349815713818
 -198.0943891492274 -894.9439805674821 902.108189938448 -577.7942071206314 800.4796933347745
 1112.410593276627 -2390.412875893514 -1364.66604960954 -1666.823065357778 -1107.36249095346
 -258.9850223073295 -152.4738008102573 -1406.734048891846 1496.602184008045 88.02610919939332
 2143.621090011498 -5517.256301907216 932.8541299956428 1317.894935590256 2692.033854932451
 -955.8443235825569 444.5387306826651 -541.3696488569683 458.2557084000628 681.277036177903
 -198.0943891492274 -894.9439805674821 902.108189938448 -577.7942071206314 800.4796933347745
 691.5436921974078 -439.1193956927474 -405.8424397318548 453.3130462000531 -213.3878039449836
 1042.715670586932 1554.268581028546 2544.285425758385 -1015.228023248514 237.225964975358
 -198.0943891492274 -894.9439805674821 902.108189938448 -577.7942071206314 800.4796933347745
 691.5436921974078 -439.1193956927474 -405.8424397318548 453.3130462000531 -213.3878039449836
 -198.0943891492274 -894.9439805674821 902.108189938448 -577.7942071206314 800.4796933347745
 1042.715670586932 1554.268581028546 2544.285425758385 -1015.228023248514 237.225964975358
 -196.1695042254793 100.9900743091548 -685.2933210692652 -3.500336485123739 618.3210368840535
 783.0722337157825 -217.4531142243782 1178.287726383061 3089.892334990104 -789.2597672869551
 4179.763848195265 1607.114248698483 650.1400783487306 2893.090581719421 147.3823357628945
 -198.0943891492274 -894.9439805674821 902.108189938448 -577.7942071206314 800.4796933347745
 -198.0943891492274 -894.9439805674821 902.108189938448 -577.7942071206314 800.4796933347745
 918.5635369769061 200.4311986797723 -48.66338907968498 -54.61147750458952 -970.8540810030556
 -198.0943891492274 -894.9439805674821 902.108189938448 -577.7942071206314 800.4796933347745
 -198.0943891492274 -894.9439805674821 902.108189938448 -577.7942071206314 800.4796933347745
 35.28332264408073 329.7651333906272 -974.2226521349876 829.0976795853342 -118.8588493782797
 35.28332264408073 329.7651333906272 -974.2226521349876 829.0976795853342 -118.8588493782797
 195.6009945017936 748.8265446293565 -842.1866030762221 -242.1694499013026 574.0220405008442
 -198.0943891492274 -894.9439805674821 902.108189938448 -577.7942071206314 800.4796933347745
 691.5436921974078 -439.1193956927474 -405.8424397318548 453.3130462000531 -213.3878039449836
 -198.0943891492274 -894.9439805674821 902.108189938448 -577.7942071206314 800.4796933347745
 691.5436921974078 -439.1193956927474 -405.8424397318548 453.3130462000531 -213.3878039449836
 -198.0943891492274 -894.9439805674821 902.108189938448 -577.7942071206314 800.4796933347745
 -1453.550843432254 817.3822489636225 681.6633767780762 -3356.828168873477 -2736.886500960108
 -198.0943891492274 -894.9439805674821 902.108189938448 -577.7942071206314 800.4796933347745
 4179.763848195265 1607.114248698483 650.1400783487306 2893.090581719421 147.3823357628945
 -198.0943891492274 -894.9439805674821 902.108189938448 -577.7942071206314 800.4796933347745
 -198.0943891492274 -894.9439805674821 902.108189938448 -577.7942071206314 800.4796933347745
 -1281.508652884216 825.2842152911229 -4090.784886594311 -814.2853479302686 6123.525958219854
 -840.0790630961601 -185.6940881576164 2375.221149451994 1425.014444410298 -466.708545232693
 -1340.636056232334 309.7533406991103 -2052.517716775185 -877.5176466267353 550.4446422922538
 7922.856891453792 2890.280337778019 1996.861429847517 4402.530410646074 2029.232035773058
