# Created by Octave 4.2.1, Mon Oct 09 17:19:56 2017 BRT <root@mosqueiro>
# name: pop
# type: matrix
# rows: 100
# columns: 5
 371.712684717904 -297.5644430729197 -150.9693948208263 -41.60340753317314 160.8816957959191
 371.712684717904 -297.5644430729197 -150.9693948208263 -41.60340753317314 160.8816957959191
 371.712684717904 -297.5644430729197 -150.9693948208263 -41.60340753317314 160.8816957959191
 371.712684717904 -297.5644430729197 -150.9693948208263 -41.60340753317314 160.8816957959191
 1302.504266451436 684.8512879061245 456.2816257462763 -820.9049262332085 -772.4508626311239
 371.712684717904 -297.5644430729197 -150.9693948208263 -41.60340753317314 160.8816957959191
 371.712684717904 -297.5644430729197 -150.9693948208263 -41.60340753317314 160.8816957959191
 371.712684717904 -297.5644430729197 -150.9693948208263 -41.60340753317314 160.8816957959191
 371.712684717904 -297.5644430729197 -150.9693948208263 -41.60340753317314 160.8816957959191
 371.712684717904 -297.5644430729197 -150.9693948208263 -41.60340753317314 160.8816957959191
 371.712684717904 -297.5644430729197 -150.9693948208263 -41.60340753317314 160.8816957959191
 1353.951550734911 -741.9080072514046 466.949207683526 153.3328926404226 311.6913896046049
 371.712684717904 -297.5644430729197 -150.9693948208263 -41.60340753317314 160.8816957959191
 371.712684717904 -297.5644430729197 -150.9693948208263 -41.60340753317314 160.8816957959191
 -15.96505455367151 521.6278307102618 -507.8338496105069 -1688.502621918405 -825.927539666534
 371.712684717904 -297.5644430729197 -150.9693948208263 -41.60340753317314 160.8816957959191
 371.712684717904 -297.5644430729197 -150.9693948208263 -41.60340753317314 160.8816957959191
 338.3783863174297 -927.3250559043936 415.3617635885662 -677.689999899154 -90.36760101574339
 371.712684717904 -297.5644430729197 -150.9693948208263 -41.60340753317314 160.8816957959191
 371.712684717904 -297.5644430729197 -150.9693948208263 -41.60340753317314 160.8816957959191
 371.712684717904 -297.5644430729197 -150.9693948208263 -41.60340753317314 160.8816957959191
 -606.5469037492635 -623.7078925919827 -867.9382638032166 702.2849055820477 1109.112935787046
 371.712684717904 -297.5644430729197 -150.9693948208263 -41.60340753317314 160.8816957959191
 115.1976011444162 -364.699569264394 369.9972482621191 159.5706149253478 1186.153349452761
 371.712684717904 -297.5644430729197 -150.9693948208263 -41.60340753317314 160.8816957959191
 371.712684717904 -297.5644430729197 -150.9693948208263 -41.60340753317314 160.8816957959191
 371.712684717904 -297.5644430729197 -150.9693948208263 -41.60340753317314 160.8816957959191
 371.712684717904 -297.5644430729197 -150.9693948208263 -41.60340753317314 160.8816957959191
 276.3161245940831 -474.8055903464473 -138.3754634509521 22.56059894887358 1164.116293249202
 371.712684717904 -297.5644430729197 -150.9693948208263 -41.60340753317314 160.8816957959191
 371.712684717904 -297.5644430729197 -150.9693948208263 -41.60340753317314 160.8816957959191
 1900.275133434373 -35.41601032274934 1824.99648823499 1736.720296936263 -848.8443081721667
 371.712684717904 -297.5644430729197 -150.9693948208263 -41.60340753317314 160.8816957959191
 371.712684717904 -297.5644430729197 -150.9693948208263 -41.60340753317314 160.8816957959191
 664.1731647289174 -1239.528628687822 -104.2516386191281 370.0454500112758 269.5735129228027
 1336.846163041541 -179.5834887859881 -798.0958037763634 -963.0452802438077 460.0419381353403
 198.3204680792587 1508.12395585732 -292.3343222133246 -1826.237898387175 -565.1350132289675
 371.712684717904 -297.5644430729197 -150.9693948208263 -41.60340753317314 160.8816957959191
 -2160.333801320282 145.3646264204908 3818.043083220325 -2397.114129198373 15.14001123586456
 371.712684717904 -297.5644430729197 -150.9693948208263 -41.60340753317314 160.8816957959191
 -937.1549481941815 854.1730611094681 -76.89152495521148 403.3971366596516 -114.9417988217939
 422.2330981882728 -185.626440786476 -619.1135133133392 1075.013887595034 -1328.281318774991
 371.712684717904 -297.5644430729197 -150.9693948208263 -41.60340753317314 160.8816957959191
 1302.504266451436 684.8512879061245 456.2816257462763 -820.9049262332085 -772.4508626311239
 276.3161245940831 -474.8055903464473 -138.3754634509521 22.56059894887358 1164.116293249202
 325.013115126293 177.8004476221497 -944.722483929821 918.4773304975498 506.3717667410237
 371.712684717904 -297.5644430729197 -150.9693948208263 -41.60340753317314 160.8816957959191
 371.712684717904 -297.5644430729197 -150.9693948208263 -41.60340753317314 160.8816957959191
 371.712684717904 -297.5644430729197 -150.9693948208263 -41.60340753317314 160.8816957959191
 1900.275133434373 -35.41601032274934 1824.99648823499 1736.720296936263 -848.8443081721667
 1336.846163041541 -179.5834887859881 -798.0958037763634 -963.0452802438077 460.0419381353403
 371.712684717904 -297.5644430729197 -150.9693948208263 -41.60340753317314 160.8816957959191
 371.712684717904 -297.5644430729197 -150.9693948208263 -41.60340753317314 160.8816957959191
 2573.047456261173 1699.802621293796 776.4179170534483 -908.6819923467813 -1613.371427261962
 371.712684717904 -297.5644430729197 -150.9693948208263 -41.60340753317314 160.8816957959191
 371.712684717904 -297.5644430729197 -150.9693948208263 -41.60340753317314 160.8816957959191
 -606.5469037492635 -623.7078925919827 -867.9382638032166 702.2849055820477 1109.112935787046
 -2160.333801320282 145.3646264204908 3818.043083220325 -2397.114129198373 15.14001123586456
 371.712684717904 -297.5644430729197 -150.9693948208263 -41.60340753317314 160.8816957959191
 371.712684717904 -297.5644430729197 -150.9693948208263 -41.60340753317314 160.8816957959191
 371.712684717904 -297.5644430729197 -150.9693948208263 -41.60340753317314 160.8816957959191
 358.9965702597789 521.0778664819443 156.0323057043702 1023.839330390405 1151.076059006317
 358.9965702597789 521.0778664819443 156.0323057043702 1023.839330390405 1151.076059006317
 371.712684717904 -297.5644430729197 -150.9693948208263 -41.60340753317314 160.8816957959191
 371.712684717904 -297.5644430729197 -150.9693948208263 -41.60340753317314 160.8816957959191
 371.712684717904 -297.5644430729197 -150.9693948208263 -41.60340753317314 160.8816957959191
 371.712684717904 -297.5644430729197 -150.9693948208263 -41.60340753317314 160.8816957959191
 1900.275133434373 -35.41601032274934 1824.99648823499 1736.720296936263 -848.8443081721667
 371.712684717904 -297.5644430729197 -150.9693948208263 -41.60340753317314 160.8816957959191
 371.712684717904 -297.5644430729197 -150.9693948208263 -41.60340753317314 160.8816957959191
 -2160.333801320282 145.3646264204908 3818.043083220325 -2397.114129198373 15.14001123586456
 -4068.89472366842 -2718.578780729074 1369.089029637545 2393.167119344163 -2449.758487605489
 371.712684717904 -297.5644430729197 -150.9693948208263 -41.60340753317314 160.8816957959191
 371.712684717904 -297.5644430729197 -150.9693948208263 -41.60340753317314 160.8816957959191
 371.712684717904 -297.5644430729197 -150.9693948208263 -41.60340753317314 160.8816957959191
 371.712684717904 -297.5644430729197 -150.9693948208263 -41.60340753317314 160.8816957959191
 371.712684717904 -297.5644430729197 -150.9693948208263 -41.60340753317314 160.8816957959191
 -937.1549481941815 854.1730611094681 -76.89152495521148 403.3971366596516 -114.9417988217939
 -92.34793678223406 -737.5771445848297 -763.4748336648532 -228.3778382338261 664.7365402976054
 371.712684717904 -297.5644430729197 -150.9693948208263 -41.60340753317314 160.8816957959191
 -253.935663394946 -627.0440646270383 26.57882194482798 112.3541240991824 741.8557978485687
 347.7558573649503 91.76573574028981 -672.1707975268621 164.0694043731807 -177.9707098132895
 -155.6304958307326 -616.9890162175652 -1495.367796699759 251.0091013538518 -492.7505063874563
 -514.0145115513664 -587.0550733577309 -816.1445551280433 236.049734675008 952.9585759887188
