# Created by Octave 4.2.1, Mon Oct 09 17:18:40 2017 BRT <root@mosqueiro>
# name: pop
# type: matrix
# rows: 100
# columns: 5
 277.9513198267085 571.257842361475 -61.77200317596726 82.07068052081125 -870.3423237289528
 277.9376870719785 571.2393076976056 -61.74880124401911 82.06411140571447 -870.3136012096568
 277.9376870719785 571.2393076976056 -61.74880124401911 82.06411140571447 -870.3136012096568
 277.9376870719785 571.2393076976056 -61.74880124401911 82.06411140571447 -870.3136012096568
 277.9373337635502 571.2820204387127 -61.75659887365725 82.09214827648857 -870.3495293845065
 277.9454793984905 571.2664502986557 -61.74939219782326 82.08259722808667 -870.3314972004326
 275.0891519511764 559.2197734636418 -30.30911051838261 91.97332035985944 -895.9308425192876
 277.9220415430856 571.4166994947336 -61.7082769338864 82.10171515787404 -870.4137369061322
 277.9386271891328 571.4123859549967 -61.70860077720152 82.11380992095302 -870.4140096146496
 277.9513198267085 571.257842361475 -61.77200317596726 82.07068052081125 -870.3423237289528
 277.9454793984905 571.2664502986557 -61.74939219782326 82.08259722808667 -870.3314972004326
 272.6676189277657 557.9337606198454 -43.13633557854077 96.73949272820376 -884.8980829012178
 277.9454793984905 571.2664502986557 -61.74939219782326 82.08259722808667 -870.3314972004326
 277.8609012503795 571.3462292230679 -61.80706661315776 82.25320027246339 -870.2952506118507
 277.9454793984905 571.2664502986557 -61.74939219782326 82.08259722808667 -870.3314972004326
 276.6736227642195 572.3451890300336 -61.09210014816786 81.99339260650001 -870.1455269072735
 272.6610634346985 557.9213252103447 -43.12487412635969 96.73373421614721 -884.9041772987473
 277.9454793984905 571.2664502986557 -61.74939219782326 82.08259722808667 -870.3314972004326
 277.9454793984905 571.2664502986557 -61.74939219782326 82.08259722808667 -870.3314972004326
 272.6676189277657 557.9337606198454 -43.13633557854077 96.73949272820376 -884.8980829012178
 277.9184237898287 571.4439708075266 -61.68417074578902 81.85223218597832 -869.7658094251075
 272.6676189277657 557.9337606198454 -43.13633557854077 96.73949272820376 -884.8980829012178
 275.1034941306718 559.2894061263092 -30.36252981372302 91.87918033238763 -895.9536919560534
 272.672277311069 557.9194055993105 -43.1216116722753 96.7444650246336 -884.9134854652342
 277.9454793984905 571.2664502986557 -61.74939219782326 82.08259722808667 -870.3314972004326
 275.1034941306718 559.2894061263092 -30.36252981372302 91.87918033238763 -895.9536919560534
 277.9454793984905 571.2664502986557 -61.74939219782326 82.08259722808667 -870.3314972004326
 277.9454793984905 571.2664502986557 -61.74939219782326 82.08259722808667 -870.3314972004326
 277.9454793984905 571.2664502986557 -61.74939219782326 82.08259722808667 -870.3314972004326
 277.9454793984905 571.2664502986557 -61.74939219782326 82.08259722808667 -870.3314972004326
 277.9454793984905 571.2664502986557 -61.74939219782326 82.08259722808667 -870.3314972004326
 272.6676189277657 557.9337606198454 -43.13633557854077 96.73949272820376 -884.8980829012178
 272.6676189277657 557.9337606198454 -43.13633557854077 96.73949272820376 -884.8980829012178
 275.1034941306718 559.2894061263092 -30.36252981372302 91.87918033238763 -895.9536919560534
 277.9532531289781 571.2559663732592 -61.75053209989841 82.12327028932333 -870.3316688465657
 277.9454793984905 571.2664502986557 -61.74939219782326 82.08259722808667 -870.3314972004326
 272.6676189277657 557.9337606198454 -43.13633557854077 96.73949272820376 -884.8980829012178
 275.298955362172 559.0875702575015 -29.99997161093873 91.96645245638553 -895.9939722306325
 275.298955362172 559.0875702575015 -29.99997161093873 91.96645245638553 -895.9939722306325
 276.6655519262546 572.3758792158425 -61.09184444270329 81.97422315743054 -870.1687527306996
 277.9386271891328 571.4123859549967 -61.70860077720152 82.11380992095302 -870.4140096146496
 277.9454793984905 571.2664502986557 -61.74939219782326 82.08259722808667 -870.3314972004326
 277.9790878820278 571.3316651649593 -61.77111455157858 82.30970209651275 -870.251091557075
 277.9454793984905 571.2664502986557 -61.74939219782326 82.08259722808667 -870.3314972004326
 275.1034941306718 559.2894061263092 -30.36252981372302 91.87918033238763 -895.9536919560534
 273.6331974099488 557.8310345694182 -41.59941365658759 98.02552994534159 -885.0875374557502
 272.6676189277657 557.9337606198454 -43.13633557854077 96.73949272820376 -884.8980829012178
 272.6676189277657 557.9337606198454 -43.13633557854077 96.73949272820376 -884.8980829012178
 277.9513198267085 571.257842361475 -61.77200317596726 82.07068052081125 -870.3423237289528
 276.6736227642195 572.3451890300336 -61.09210014816786 81.99339260650001 -870.1455269072735
 276.8211865280622 572.3842208314223 -61.13508009285604 82.04332516806828 -870.1536153956773
 277.9454793984905 571.2664502986557 -61.74939219782326 82.08259722808667 -870.3314972004326
 277.9454793984905 571.2664502986557 -61.74939219782326 82.08259722808667 -870.3314972004326
 277.9373337635502 571.2820204387127 -61.75659887365725 82.09214827648857 -870.3495293845065
 272.6676189277657 557.9337606198454 -43.13633557854077 96.73949272820376 -884.8980829012178
 277.9454793984905 571.2664502986557 -61.74939219782326 82.08259722808667 -870.3314972004326
 277.9454793984905 571.2664502986557 -61.74939219782326 82.08259722808667 -870.3314972004326
 277.9513198267085 571.257842361475 -61.77200317596726 82.07068052081125 -870.3423237289528
 277.9353588170369 571.4201949120734 -61.70335780788822 82.09968052422917 -870.4184294452854
 277.9454793984905 571.2664502986557 -61.74939219782326 82.08259722808667 -870.3314972004326
 274.6432724505069 557.111088829119 -30.24470224621357 94.46307691806105 -893.0967538525116
 277.9454793984905 571.2664502986557 -61.74939219782326 82.08259722808667 -870.3314972004326
 277.9454793984905 571.2664502986557 -61.74939219782326 82.08259722808667 -870.3314972004326
 277.9454793984905 571.2664502986557 -61.74939219782326 82.08259722808667 -870.3314972004326
 275.1034941306718 559.2894061263092 -30.36252981372302 91.87918033238763 -895.9536919560534
 277.9532531289781 571.2559663732592 -61.75053209989841 82.12327028932333 -870.3316688465657
 274.8987477187055 555.6776147543472 -42.96566749691076 97.29739200695579 -883.9186624071142
 277.9454793984905 571.2664502986557 -61.74939219782326 82.08259722808667 -870.3314972004326
 275.1034941306718 559.2894061263092 -30.36252981372302 91.87918033238763 -895.9536919560534
 272.6610634346985 557.9213252103447 -43.12487412635969 96.73373421614721 -884.9041772987473
 275.1034941306718 559.2894061263092 -30.36252981372302 91.87918033238763 -895.9536919560534
 275.0891519511764 559.2197734636418 -30.30911051838261 91.97332035985944 -895.9308425192876
 277.9454793984905 571.2664502986557 -61.74939219782326 82.08259722808667 -870.3314972004326
 277.9454793984905 571.2664502986557 -61.74939219782326 82.08259722808667 -870.3314972004326
 275.1736011258451 559.2953700837068 -30.37126472685173 91.84230773544583 -895.98681207501
 275.3465961993117 557.4627292673172 -30.13794901993201 93.08443817651728 -894.1778376675071
 277.9454793984905 571.2664502986557 -61.74939219782326 82.08259722808667 -870.3314972004326
 277.9454793984905 571.2664502986557 -61.74939219782326 82.08259722808667 -870.3314972004326
 277.9376870719785 571.2393076976056 -61.74880124401911 82.06411140571447 -870.3136012096568
 277.9454793984905 571.2664502986557 -61.74939219782326 82.08259722808667 -870.3314972004326
 277.937372604371 571.2731124140115 -61.74993111835509 82.07924729643706 -870.3259668923603
 274.5083044703965 559.1494372366475 -30.39861490071761 91.80097775946963 -895.7244248554736
 277.9261680276675 571.4429273380183 -61.68833659807939 81.85266226778357 -869.7699256908091
 277.9609075826216 571.2515470541399 -61.77680204170026 82.07268177994857 -870.3335907168408
