# Created by Octave 4.2.1, Mon Oct 09 17:18:18 2017 BRT <root@mosqueiro>
# name: pop
# type: matrix
# rows: 100
# columns: 5
 273.5834623549927 557.8691306680512 -41.37860459162653 97.93759642750979 -884.9501209890717
 273.5834623549927 557.8691306680512 -41.37860459162653 97.93759642750979 -884.9501209890717
 273.5834623549927 557.8691306680512 -41.37860459162653 97.93759642750979 -884.9501209890717
 698.6500679018936 -888.2740316025761 335.836394926717 -485.6435702165579 859.9919684030538
 726.753347037338 1757.663719198906 -189.4367865331573 -5234.82794967325 4319.297494517205
 641.5231650632131 -150.5732530594698 396.5038963330176 968.537592007531 -794.7240884331396
 -1943.443173650894 1195.809559396787 -359.4545522610157 1051.337736580894 -1752.700780378604
 726.753347037338 1757.663719198906 -189.4367865331573 -5234.82794967325 4319.297494517205
 181.9016047512595 -2693.344862400178 -1349.761608664885 1796.131356686906 1849.43722855098
 1651.474101407705 2599.454855228051 -3613.587164241203 -3536.773704331307 -1008.921013745798
 696.4847035316254 -454.8708265402673 -756.7081726287663 80.80311271097412 448.4090097603746
 273.5834623549927 557.8691306680512 -41.37860459162653 97.93759642750979 -884.9501209890717
 698.6500679018936 -888.2740316025761 335.836394926717 -485.6435702165579 859.9919684030538
 -190.1906202944793 -820.115530656519 931.4800967556714 -233.7561801880142 737.0649870287734
 273.5834623549927 557.8691306680512 -41.37860459162653 97.93759642750979 -884.9501209890717
 273.5834623549927 557.8691306680512 -41.37860459162653 97.93759642750979 -884.9501209890717
 696.4847035316254 -454.8708265402673 -756.7081726287663 80.80311271097412 448.4090097603746
 1709.936059699505 -188.5407492306971 231.6919975785541 -647.6665638563793 208.5106178298851
 696.4847035316254 -454.8708265402673 -756.7081726287663 80.80311271097412 448.4090097603746
 696.4847035316254 -454.8708265402673 -756.7081726287663 80.80311271097412 448.4090097603746
 486.6220698806114 -425.1085968921464 -796.6158500192805 867.5753854798736 -320.8474836992702
 -1918.676407207601 1983.731991515798 847.4639006255518 6814.252567451433 752.4079308743718
 273.5834623549927 557.8691306680512 -41.37860459162653 97.93759642750979 -884.9501209890717
 70.12261162699474 -971.9197003141401 818.5379462014928 187.8877952406149 -159.6870942604497
 330.2151187986551 325.6758825508834 199.1882995226347 -399.3555268060936 -72.1836985867269
 917.9061051775229 122.6765009201386 432.0468457325512 -758.4304467561153 -646.6321158183275
 -377.3831341878865 424.1567808469258 -46.40209694574207 342.8465138419119 -400.8275126897146
 3505.236424796415 -1674.292426098665 -988.216570360322 -3879.204255110716 -1575.494491963615
 7.029729452422657 3056.845975517065 -2627.076659885578 1466.299654363864 931.2120227746501
 917.9061051775229 122.6765009201386 432.0468457325512 -758.4304467561153 -646.6321158183275
 -236.0265858597634 132.7828522934074 -256.4024861907299 825.4538015626792 -534.3548654727556
 213.2721644644769 -522.9804567243521 589.2857232574165 326.6116662637064 849.7292839495872
 70.12261162699474 -971.9197003141401 818.5379462014928 187.8877952406149 -159.6870942604497
 524.435677887773 1900.501360156904 1344.825117328212 -1055.060806118014 3790.579310960499
 273.5834623549927 557.8691306680512 -41.37860459162653 97.93759642750979 -884.9501209890717
 319.4549721320459 493.4019775643067 -238.1792210751012 -492.8506850035962 251.0108782086284
 -419.4264660960333 679.8907153372925 62.66861788258507 -394.6783189980837 754.5617107020437
 70.12261162699474 -971.9197003141401 818.5379462014928 187.8877952406149 -159.6870942604497
 70.12261162699474 -971.9197003141401 818.5379462014928 187.8877952406149 -159.6870942604497
 280.889420976745 448.2719694597131 214.8797472914453 -830.5092753259123 366.1152952794764
 1709.936059699505 -188.5407492306971 231.6919975785541 -647.6665638563793 208.5106178298851
 -55.6304852420933 275.7817992616535 39.31556850881498 307.539429991966 32.33659398657164
 330.2151187986551 325.6758825508834 199.1882995226347 -399.3555268060936 -72.1836985867269
 696.4847035316254 -454.8708265402673 -756.7081726287663 80.80311271097412 448.4090097603746
 -419.4264660960333 679.8907153372925 62.66861788258507 -394.6783189980837 754.5617107020437
 273.5834623549927 557.8691306680512 -41.37860459162653 97.93759642750979 -884.9501209890717
 280.889420976745 448.2719694597131 214.8797472914453 -830.5092753259123 366.1152952794764
 273.5834623549927 557.8691306680512 -41.37860459162653 97.93759642750979 -884.9501209890717
 273.5834623549927 557.8691306680512 -41.37860459162653 97.93759642750979 -884.9501209890717
 -979.8030842305153 -7.965624771727107 -993.2582150518538 470.1488587120912 -256.1070881782163
 38.48251421113309 -977.6496593683652 -418.6829224788943 -250.494472880394 982.3217089843508
 696.4847035316254 -454.8708265402673 -756.7081726287663 80.80311271097412 448.4090097603746
 273.5834623549927 557.8691306680512 -41.37860459162653 97.93759642750979 -884.9501209890717
 330.2151187986551 325.6758825508834 199.1882995226347 -399.3555268060936 -72.1836985867269
 -55.6304852420933 275.7817992616535 39.31556850881498 307.539429991966 32.33659398657164
 70.12261162699474 -971.9197003141401 818.5379462014928 187.8877952406149 -159.6870942604497
 696.4847035316254 -454.8708265402673 -756.7081726287663 80.80311271097412 448.4090097603746
 319.4549721320459 493.4019775643067 -238.1792210751012 -492.8506850035962 251.0108782086284
 -377.3831341878865 424.1567808469258 -46.40209694574207 342.8465138419119 -400.8275126897146
 70.12261162699474 -971.9197003141401 818.5379462014928 187.8877952406149 -159.6870942604497
 696.4847035316254 -454.8708265402673 -756.7081726287663 80.80311271097412 448.4090097603746
 917.9061051775229 122.6765009201386 432.0468457325512 -758.4304467561153 -646.6321158183275
 -377.3831341878865 424.1567808469258 -46.40209694574207 342.8465138419119 -400.8275126897146
 -3477.614248601858 -1329.750688379234 454.5136583670555 -2471.765661739107 1040.271726457644
 696.4847035316254 -454.8708265402673 -756.7081726287663 80.80311271097412 448.4090097603746
 330.2151187986551 325.6758825508834 199.1882995226347 -399.3555268060936 -72.1836985867269
 38.48251421113309 -977.6496593683652 -418.6829224788943 -250.494472880394 982.3217089843508
 273.5834623549927 557.8691306680512 -41.37860459162653 97.93759642750979 -884.9501209890717
 273.5834623549927 557.8691306680512 -41.37860459162653 97.93759642750979 -884.9501209890717
 70.12261162699474 -971.9197003141401 818.5379462014928 187.8877952406149 -159.6870942604497
 877.7617403000772 -224.898329401077 -927.4031474533812 -726.8811330047481 841.4919337616677
 -377.3831341878865 424.1567808469258 -46.40209694574207 342.8465138419119 -400.8275126897146
 877.7617403000772 -224.898329401077 -927.4031474533812 -726.8811330047481 841.4919337616677
 -236.0265858597634 132.7828522934074 -256.4024861907299 825.4538015626792 -534.3548654727556
 1659.664132681633 831.6795379794049 -2703.672763147072 -1347.516848356341 -2013.470300621209
 -643.3665121652598 -259.3994047531565 -600.229164953722 512.0570001521353 823.7810041879534
 -377.3831341878865 424.1567808469258 -46.40209694574207 342.8465138419119 -400.8275126897146
 641.5231650632131 -150.5732530594698 396.5038963330176 968.537592007531 -794.7240884331396
 529.4216039616431 50.68402088120729 735.4932445590896 912.7214125664684 637.498801791081
 696.4847035316254 -454.8708265402673 -756.7081726287663 80.80311271097412 448.4090097603746
 1548.861075623577 -1412.756598283183 568.3438217066657 88.27514435786189 2550.188328949725
 3233.613527441778 1303.827515732746 1359.446350289951 2294.044596219704 -59.15352573521335
 -2608.607799285965 -2562.468976193952 937.9964021236719 -1986.36084057962 -499.2089236036086
 622.0151692586444 1937.968020116188 -1277.413448147434 3272.697451582094 -4701.748495944458
