# Created by Octave 4.2.1, Mon Oct 09 17:18:23 2017 BRT <root@mosqueiro>
# name: pop
# type: matrix
# rows: 100
# columns: 5
 273.5834623549927 557.8691306680512 -41.37860459162653 97.93759642750979 -884.9501209890717
 273.5834623549927 557.8691306680512 -41.37860459162653 97.93759642750979 -884.9501209890717
 273.5834623549927 557.8691306680512 -41.37860459162653 97.93759642750979 -884.9501209890717
 273.5834623549927 557.8691306680512 -41.37860459162653 97.93759642750979 -884.9501209890717
 273.5834623549927 557.8691306680512 -41.37860459162653 97.93759642750979 -884.9501209890717
 706.5888190918946 -2727.983879716255 -315.5850793082723 3056.198581617768 -558.7925276301951
 -922.4149780732389 307.1020830076723 -740.8205960546538 -94.65803732210077 -610.0337349362103
 273.5834623549927 557.8691306680512 -41.37860459162653 97.93759642750979 -884.9501209890717
 273.5834623549927 557.8691306680512 -41.37860459162653 97.93759642750979 -884.9501209890717
 9.091090548846637 -2261.914694049889 1758.363009490389 -483.0144464489257 786.3945352256028
 273.5834623549927 557.8691306680512 -41.37860459162653 97.93759642750979 -884.9501209890717
 273.5834623549927 557.8691306680512 -41.37860459162653 97.93759642750979 -884.9501209890717
 273.5834623549927 557.8691306680512 -41.37860459162653 97.93759642750979 -884.9501209890717
 273.5834623549927 557.8691306680512 -41.37860459162653 97.93759642750979 -884.9501209890717
 273.5834623549927 557.8691306680512 -41.37860459162653 97.93759642750979 -884.9501209890717
 3139.898924756871 427.7090560981967 -1300.288836392841 -334.4358713972825 690.4477915889892
 273.5834623549927 557.8691306680512 -41.37860459162653 97.93759642750979 -884.9501209890717
 -922.4149780732389 307.1020830076723 -740.8205960546538 -94.65803732210077 -610.0337349362103
 273.5834623549927 557.8691306680512 -41.37860459162653 97.93759642750979 -884.9501209890717
 -164.8508049101847 574.622279453137 800.2362458629082 101.2565775439721 12.6770397609738
 273.5834623549927 557.8691306680512 -41.37860459162653 97.93759642750979 -884.9501209890717
 -1018.24430927051 1007.463408634234 -331.0060612678511 551.4932387908556 -268.881748934237
 273.5834623549927 557.8691306680512 -41.37860459162653 97.93759642750979 -884.9501209890717
 273.5834623549927 557.8691306680512 -41.37860459162653 97.93759642750979 -884.9501209890717
 273.5834623549927 557.8691306680512 -41.37860459162653 97.93759642750979 -884.9501209890717
 273.5834623549927 557.8691306680512 -41.37860459162653 97.93759642750979 -884.9501209890717
 273.5834623549927 557.8691306680512 -41.37860459162653 97.93759642750979 -884.9501209890717
 273.5834623549927 557.8691306680512 -41.37860459162653 97.93759642750979 -884.9501209890717
 273.5834623549927 557.8691306680512 -41.37860459162653 97.93759642750979 -884.9501209890717
 273.5834623549927 557.8691306680512 -41.37860459162653 97.93759642750979 -884.9501209890717
 273.5834623549927 557.8691306680512 -41.37860459162653 97.93759642750979 -884.9501209890717
 -490.7950267330597 -1359.464448112781 1870.901078509593 -154.7385281071629 1045.451548483833
 273.5834623549927 557.8691306680512 -41.37860459162653 97.93759642750979 -884.9501209890717
 273.5834623549927 557.8691306680512 -41.37860459162653 97.93759642750979 -884.9501209890717
 273.5834623549927 557.8691306680512 -41.37860459162653 97.93759642750979 -884.9501209890717
 273.5834623549927 557.8691306680512 -41.37860459162653 97.93759642750979 -884.9501209890717
 273.5834623549927 557.8691306680512 -41.37860459162653 97.93759642750979 -884.9501209890717
 9.091090548846637 -2261.914694049889 1758.363009490389 -483.0144464489257 786.3945352256028
 9.091090548846637 -2261.914694049889 1758.363009490389 -483.0144464489257 786.3945352256028
 273.5834623549927 557.8691306680512 -41.37860459162653 97.93759642750979 -884.9501209890717
 483.1724339647594 -94.89196514976175 535.2429805933748 -475.5591664369874 -1641.83978089577
 273.5834623549927 557.8691306680512 -41.37860459162653 97.93759642750979 -884.9501209890717
 -1018.24430927051 1007.463408634234 -331.0060612678511 551.4932387908556 -268.881748934237
 273.5834623549927 557.8691306680512 -41.37860459162653 97.93759642750979 -884.9501209890717
 273.5834623549927 557.8691306680512 -41.37860459162653 97.93759642750979 -884.9501209890717
 273.5834623549927 557.8691306680512 -41.37860459162653 97.93759642750979 -884.9501209890717
 740.038406587037 -2095.077767750283 -3036.146056277808 3603.402942296044 -1909.237462299712
 273.5834623549927 557.8691306680512 -41.37860459162653 97.93759642750979 -884.9501209890717
 273.5834623549927 557.8691306680512 -41.37860459162653 97.93759642750979 -884.9501209890717
 -519.940584328121 -350.9698116144451 204.735969490713 967.650775899438 -1541.108359883986
 273.5834623549927 557.8691306680512 -41.37860459162653 97.93759642750979 -884.9501209890717
 -1379.989247327129 1245.554235820927 1483.846677847068 664.0772391445448 -921.3688958136471
 -338.1035323806909 485.4699350165334 -921.5664248599422 -1930.969239655527 -1126.326681757403
 273.5834623549927 557.8691306680512 -41.37860459162653 97.93759642750979 -884.9501209890717
 -1808.192865014852 2344.979678786813 -890.1306257200135 512.7391346478502 -1135.493270672676
 273.5834623549927 557.8691306680512 -41.37860459162653 97.93759642750979 -884.9501209890717
 273.5834623549927 557.8691306680512 -41.37860459162653 97.93759642750979 -884.9501209890717
 273.5834623549927 557.8691306680512 -41.37860459162653 97.93759642750979 -884.9501209890717
 273.5834623549927 557.8691306680512 -41.37860459162653 97.93759642750979 -884.9501209890717
 273.5834623549927 557.8691306680512 -41.37860459162653 97.93759642750979 -884.9501209890717
 273.5834623549927 557.8691306680512 -41.37860459162653 97.93759642750979 -884.9501209890717
 273.5834623549927 557.8691306680512 -41.37860459162653 97.93759642750979 -884.9501209890717
 273.5834623549927 557.8691306680512 -41.37860459162653 97.93759642750979 -884.9501209890717
 273.5834623549927 557.8691306680512 -41.37860459162653 97.93759642750979 -884.9501209890717
 273.5834623549927 557.8691306680512 -41.37860459162653 97.93759642750979 -884.9501209890717
 -1808.192865014852 2344.979678786813 -890.1306257200135 512.7391346478502 -1135.493270672676
 273.5834623549927 557.8691306680512 -41.37860459162653 97.93759642750979 -884.9501209890717
 -388.4524730838361 -3937.765317085996 -93.58049275767667 -724.9933555238963 -1785.316201613867
 273.5834623549927 557.8691306680512 -41.37860459162653 97.93759642750979 -884.9501209890717
 3139.898924756871 427.7090560981967 -1300.288836392841 -334.4358713972825 690.4477915889892
 273.5834623549927 557.8691306680512 -41.37860459162653 97.93759642750979 -884.9501209890717
 273.5834623549927 557.8691306680512 -41.37860459162653 97.93759642750979 -884.9501209890717
 273.5834623549927 557.8691306680512 -41.37860459162653 97.93759642750979 -884.9501209890717
 706.5888190918946 -2727.983879716255 -315.5850793082723 3056.198581617768 -558.7925276301951
 420.762944669222 2639.909788484042 -382.157782755977 706.3316736612104 -2595.209339437487
 483.1724339647594 -94.89196514976175 535.2429805933748 -475.5591664369874 -1641.83978089577
 -3103.692742382902 883.1793502339392 -1482.034371460567 469.8648035697886 -690.1265747689082
 273.5834623549927 557.8691306680512 -41.37860459162653 97.93759642750979 -884.9501209890717
 273.5834623549927 557.8691306680512 -41.37860459162653 97.93759642750979 -884.9501209890717
 273.5834623549927 557.8691306680512 -41.37860459162653 97.93759642750979 -884.9501209890717
 -3212.943039981883 690.5103425980457 -1553.632311607844 1745.530588680987 -79.63464454928499
 2013.255431537814 -434.8450691291479 -1469.938546412305 -481.1580862460943 -1331.937030917439
 253.4266852454605 26.97871885311565 579.4756382493219 857.2320308791029 -538.2803086066867
 -39.91639892125539 1549.445726876647 991.7282198141866 -18.436626856705 -1972.209993716627
