# Created by Octave 4.2.1, Mon Oct 09 17:19:28 2017 BRT <root@mosqueiro>
# name: pop
# type: matrix
# rows: 100
# columns: 5
 700.202071926257 -241.675683134943 -211.3281813172684 -1082.325141918107 855.1075212584375
 700.202071926257 -241.675683134943 -211.3281813172684 -1082.325141918107 855.1075212584375
 -198.0943891492274 -894.9439805674821 902.108189938448 -577.7942071206314 800.4796933347745
 -322.8235943254483 -2067.834641118905 2984.248798738462 451.3032195428136 -37.78610675311847
 700.202071926257 -241.675683134943 -211.3281813172684 -1082.325141918107 855.1075212584375
 -198.0943891492274 -894.9439805674821 902.108189938448 -577.7942071206314 800.4796933347745
 444.481174382975 -463.0884307480928 -231.3962741712683 -1204.273636071254 914.994521803669
 -198.0943891492274 -894.9439805674821 902.108189938448 -577.7942071206314 800.4796933347745
 700.202071926257 -241.675683134943 -211.3281813172684 -1082.325141918107 855.1075212584375
 188.3602401536047 -490.0921414289169 680.437567435542 -1984.834488846127 135.7506705538644
 -421.906370113814 -895.071976251099 645.8855719542187 -448.9761267848409 1065.252910968942
 63.17207202697529 -801.5566828790289 845.6032553222182 -636.60952079319 434.3546677773894
 -198.0943891492274 -894.9439805674821 902.108189938448 -577.7942071206314 800.4796933347745
 507.5173570475555 -158.5698781863044 -78.94933779917449 -1364.042726061351 1208.009417401195
 -198.0943891492274 -894.9439805674821 902.108189938448 -577.7942071206314 800.4796933347745
 24.11253330461508 -838.0114218765996 1197.367676111644 -863.7639456445261 1033.297648183835
 -570.1925994406744 107.6797820130155 -716.3877864693613 -973.7141087718787 689.8980765850629
 444.7103849757581 -901.4590225987897 882.284905591643 -535.8984152457107 1027.720786899182
 -198.9267295260618 -966.5556685961432 1018.270926242098 -394.4154590825378 426.5991452749496
 -198.0943891492274 -894.9439805674821 902.108189938448 -577.7942071206314 800.4796933347745
 -198.0943891492274 -894.9439805674821 902.108189938448 -577.7942071206314 800.4796933347745
 -198.0943891492274 -894.9439805674821 902.108189938448 -577.7942071206314 800.4796933347745
 396.776814505072 439.8493149526664 277.5661536720481 -1473.862774762507 -411.7448265559731
 700.202071926257 -241.675683134943 -211.3281813172684 -1082.325141918107 855.1075212584375
 299.8749001063746 -2029.628515245312 -2248.517487180332 685.3874871038159 1355.217337495658
 -198.0943891492274 -894.9439805674821 902.108189938448 -577.7942071206314 800.4796933347745
 63.17207202697529 -801.5566828790289 845.6032553222182 -636.60952079319 434.3546677773894
 299.8749001063746 -2029.628515245312 -2248.517487180332 685.3874871038159 1355.217337495658
 700.202071926257 -241.675683134943 -211.3281813172684 -1082.325141918107 855.1075212584375
 -198.0943891492274 -894.9439805674821 902.108189938448 -577.7942071206314 800.4796933347745
 -570.1925994406744 107.6797820130155 -716.3877864693613 -973.7141087718787 689.8980765850629
 700.202071926257 -241.675683134943 -211.3281813172684 -1082.325141918107 855.1075212584375
 -198.0943891492274 -894.9439805674821 902.108189938448 -577.7942071206314 800.4796933347745
 700.202071926257 -241.675683134943 -211.3281813172684 -1082.325141918107 855.1075212584375
 -198.0943891492274 -894.9439805674821 902.108189938448 -577.7942071206314 800.4796933347745
 700.202071926257 -241.675683134943 -211.3281813172684 -1082.325141918107 855.1075212584375
 700.202071926257 -241.675683134943 -211.3281813172684 -1082.325141918107 855.1075212584375
 700.202071926257 -241.675683134943 -211.3281813172684 -1082.325141918107 855.1075212584375
 -198.0943891492274 -894.9439805674821 902.108189938448 -577.7942071206314 800.4796933347745
 -570.1925994406744 107.6797820130155 -716.3877864693613 -973.7141087718787 689.8980765850629
 -198.0943891492274 -894.9439805674821 902.108189938448 -577.7942071206314 800.4796933347745
 283.3680865641709 -1369.700024518018 999.5424892574897 749.6572731419394 1154.474562135368
 -864.546933333567 -221.258425711279 1769.940713463065 92.5770210802649 941.8688400693468
 -198.0943891492274 -894.9439805674821 902.108189938448 -577.7942071206314 800.4796933347745
 700.202071926257 -241.675683134943 -211.3281813172684 -1082.325141918107 855.1075212584375
 700.202071926257 -241.675683134943 -211.3281813172684 -1082.325141918107 855.1075212584375
 188.3602401536047 -490.0921414289169 680.437567435542 -1984.834488846127 135.7506705538644
 -198.0943891492274 -894.9439805674821 902.108189938448 -577.7942071206314 800.4796933347745
 700.202071926257 -241.675683134943 -211.3281813172684 -1082.325141918107 855.1075212584375
 700.202071926257 -241.675683134943 -211.3281813172684 -1082.325141918107 855.1075212584375
 388.3133690992963 -364.8999765618566 -60.62009127648258 -1399.124123762344 670.6317209121443
 466.9781600574379 411.0411741878326 -26.56238037153375 -1538.391648131606 -262.1192312958595
 -236.0421241288293 299.5863942453025 -392.1365655043714 -190.2388933108325 859.7609303229674
 -462.5042672689815 -740.0898950833923 643.2912321050462 -729.7196740284908 714.1964830333995
 -198.0943891492274 -894.9439805674821 902.108189938448 -577.7942071206314 800.4796933347745
 700.202071926257 -241.675683134943 -211.3281813172684 -1082.325141918107 855.1075212584375
 -1311.770126926474 -746.5105288779309 1719.437192228642 926.4295695426108 1237.804175184115
 1003.374072427005 -657.6668957329737 -779.2193910927502 -337.9898879375443 866.0463292930581
 444.481174382975 -463.0884307480928 -231.3962741712683 -1204.273636071254 914.994521803669
 444.481174382975 -463.0884307480928 -231.3962741712683 -1204.273636071254 914.994521803669
 -198.0943891492274 -894.9439805674821 902.108189938448 -577.7942071206314 800.4796933347745
 700.202071926257 -241.675683134943 -211.3281813172684 -1082.325141918107 855.1075212584375
 -198.0943891492274 -894.9439805674821 902.108189938448 -577.7942071206314 800.4796933347745
 -198.0943891492274 -894.9439805674821 902.108189938448 -577.7942071206314 800.4796933347745
 63.17207202697529 -801.5566828790289 845.6032553222182 -636.60952079319 434.3546677773894
 700.202071926257 -241.675683134943 -211.3281813172684 -1082.325141918107 855.1075212584375
 396.776814505072 439.8493149526664 277.5661536720481 -1473.862774762507 -411.7448265559731
 700.202071926257 -241.675683134943 -211.3281813172684 -1082.325141918107 855.1075212584375
 -236.0421241288293 299.5863942453025 -392.1365655043714 -190.2388933108325 859.7609303229674
 507.5173570475555 -158.5698781863044 -78.94933779917449 -1364.042726061351 1208.009417401195
 700.202071926257 -241.675683134943 -211.3281813172684 -1082.325141918107 855.1075212584375
 -198.0943891492274 -894.9439805674821 902.108189938448 -577.7942071206314 800.4796933347745
 1019.582086242439 -372.4793402793509 -100.4242484389269 -1291.81176989467 669.7506507066261
 63.17207202697529 -801.5566828790289 845.6032553222182 -636.60952079319 434.3546677773894
 -1311.770126926474 -746.5105288779309 1719.437192228642 926.4295695426108 1237.804175184115
 700.202071926257 -241.675683134943 -211.3281813172684 -1082.325141918107 855.1075212584375
 21.97565093057074 -539.6392076759817 571.3488871281781 -672.7123516901197 -404.3068188150962
 700.202071926257 -241.675683134943 -211.3281813172684 -1082.325141918107 855.1075212584375
 757.6572809779364 -818.9385980486443 -468.8764731594268 -946.9755472250229 707.0476237287965
 -659.5307016914046 -1011.43544088937 1031.984556222544 -487.4654894633084 1159.877174046804
 -513.8492917040561 -465.0393071700636 2122.703426572348 -58.93889648864734 1247.931379582356
 720.3571780816201 -291.6336752892859 216.3359592322736 -1179.33669864994 628.7017285795744
 755.6991626392997 -455.9945027961525 -230.127530002048 -725.3760569116923 691.0554603900664
 810.3938439481484 -375.560181734824 -485.1120272898801 -1387.731605121735 783.5013370372162
