# Created by Octave 4.2.1, Mon Oct 09 17:19:31 2017 BRT <root@mosqueiro>
# name: pop
# type: matrix
# rows: 100
# columns: 5
 519.4728756767718 -155.2592947316223 -148.0349984023058 -1177.251877574481 962.9284581758027
 519.4728756767718 -155.2592947316223 -148.0349984023058 -1177.251877574481 962.9284581758027
 879.8174128213321 -248.0585968158037 -355.6423847990339 -1004.372144768413 736.0847960871461
 700.202071926257 -241.675683134943 -211.3281813172684 -1082.325141918107 855.1075212584375
 879.8174128213321 -248.0585968158037 -355.6423847990339 -1004.372144768413 736.0847960871461
 700.202071926257 -241.675683134943 -211.3281813172684 -1082.325141918107 855.1075212584375
 879.8174128213321 -248.0585968158037 -355.6423847990339 -1004.372144768413 736.0847960871461
 63.17207202697529 -801.5566828790289 845.6032553222182 -636.60952079319 434.3546677773894
 396.776814505072 439.8493149526664 277.5661536720481 -1473.862774762507 -411.7448265559731
 700.202071926257 -241.675683134943 -211.3281813172684 -1082.325141918107 855.1075212584375
 698.923044910593 -213.3732930848742 -241.0206151106232 -1098.082785364384 702.9537668130316
 700.202071926257 -241.675683134943 -211.3281813172684 -1082.325141918107 855.1075212584375
 140.8395948870307 -576.0492675346535 835.2230947830847 -2009.289203227478 156.6663297039445
 656.5534996828695 -301.7528675731307 -442.6108118158651 -996.1587656483441 859.2337945546287
 700.202071926257 -241.675683134943 -211.3281813172684 -1082.325141918107 855.1075212584375
 700.202071926257 -241.675683134943 -211.3281813172684 -1082.325141918107 855.1075212584375
 -1070.609273573485 -1355.396538912942 2998.346205298913 594.1983305294773 -8.106089673758916
 700.202071926257 -241.675683134943 -211.3281813172684 -1082.325141918107 855.1075212584375
 700.202071926257 -241.675683134943 -211.3281813172684 -1082.325141918107 855.1075212584375
 -41.07621434153113 -938.1066956135751 1205.398960089297 -893.4966054619124 1018.508993003772
 879.8174128213321 -248.0585968158037 -355.6423847990339 -1004.372144768413 736.0847960871461
 388.3133690992963 -364.8999765618566 -60.62009127648258 -1399.124123762344 670.6317209121443
 612.8709212612207 -279.5680337936246 -277.267912277538 -1149.70057129706 891.2457014683172
 700.202071926257 -241.675683134943 -211.3281813172684 -1082.325141918107 855.1075212584375
 519.4728756767718 -155.2592947316223 -148.0349984023058 -1177.251877574481 962.9284581758027
 879.8174128213321 -248.0585968158037 -355.6423847990339 -1004.372144768413 736.0847960871461
 519.4728756767718 -155.2592947316223 -148.0349984023058 -1177.251877574481 962.9284581758027
 879.8174128213321 -248.0585968158037 -355.6423847990339 -1004.372144768413 736.0847960871461
 700.202071926257 -241.675683134943 -211.3281813172684 -1082.325141918107 855.1075212584375
 700.202071926257 -241.675683134943 -211.3281813172684 -1082.325141918107 855.1075212584375
 879.8174128213321 -248.0585968158037 -355.6423847990339 -1004.372144768413 736.0847960871461
 700.202071926257 -241.675683134943 -211.3281813172684 -1082.325141918107 855.1075212584375
 -41.07621434153113 -938.1066956135751 1205.398960089297 -893.4966054619124 1018.508993003772
 700.202071926257 -241.675683134943 -211.3281813172684 -1082.325141918107 855.1075212584375
 700.202071926257 -241.675683134943 -211.3281813172684 -1082.325141918107 855.1075212584375
 519.4728756767718 -155.2592947316223 -148.0349984023058 -1177.251877574481 962.9284581758027
 388.3133690992963 -364.8999765618566 -60.62009127648258 -1399.124123762344 670.6317209121443
 879.8174128213321 -248.0585968158037 -355.6423847990339 -1004.372144768413 736.0847960871461
 519.4728756767718 -155.2592947316223 -148.0349984023058 -1177.251877574481 962.9284581758027
 519.4728756767718 -155.2592947316223 -148.0349984023058 -1177.251877574481 962.9284581758027
 632.2401940978066 -256.8809808632147 -361.3435962965208 -1002.833874721978 831.6208892465634
 700.202071926257 -241.675683134943 -211.3281813172684 -1082.325141918107 855.1075212584375
 -260.7302094733556 -998.0619136382834 1011.151778562953 -642.0495532215432 815.0720851246951
 277.7067939009052 407.4759508392466 -15.93802325111388 -1548.36046206886 -292.6500495936426
 700.202071926257 -241.675683134943 -211.3281813172684 -1082.325141918107 855.1075212584375
 519.4728756767718 -155.2592947316223 -148.0349984023058 -1177.251877574481 962.9284581758027
 519.4728756767718 -155.2592947316223 -148.0349984023058 -1177.251877574481 962.9284581758027
 879.8174128213321 -248.0585968158037 -355.6423847990339 -1004.372144768413 736.0847960871461
 519.4728756767718 -155.2592947316223 -148.0349984023058 -1177.251877574481 962.9284581758027
 700.202071926257 -241.675683134943 -211.3281813172684 -1082.325141918107 855.1075212584375
 700.202071926257 -241.675683134943 -211.3281813172684 -1082.325141918107 855.1075212584375
 600.1410426950212 -298.14507497804 -516.9548064795392 -952.1083955446305 705.8642722072495
 701.2931160816503 -232.1015303870507 -141.3830106410406 -1011.883777952423 977.910504120477
 879.8174128213321 -248.0585968158037 -355.6423847990339 -1004.372144768413 736.0847960871461
 700.202071926257 -241.675683134943 -211.3281813172684 -1082.325141918107 855.1075212584375
 700.202071926257 -241.675683134943 -211.3281813172684 -1082.325141918107 855.1075212584375
 879.8174128213321 -248.0585968158037 -355.6423847990339 -1004.372144768413 736.0847960871461
 879.8174128213321 -248.0585968158037 -355.6423847990339 -1004.372144768413 736.0847960871461
 686.8417703790665 -216.9210669497385 -210.7992149051099 -850.8807529991977 871.152803228665
 879.8174128213321 -248.0585968158037 -355.6423847990339 -1004.372144768413 736.0847960871461
 879.8174128213321 -248.0585968158037 -355.6423847990339 -1004.372144768413 736.0847960871461
 700.202071926257 -241.675683134943 -211.3281813172684 -1082.325141918107 855.1075212584375
 700.202071926257 -241.675683134943 -211.3281813172684 -1082.325141918107 855.1075212584375
 700.202071926257 -241.675683134943 -211.3281813172684 -1082.325141918107 855.1075212584375
 700.202071926257 -241.675683134943 -211.3281813172684 -1082.325141918107 855.1075212584375
 879.8174128213321 -248.0585968158037 -355.6423847990339 -1004.372144768413 736.0847960871461
 879.8174128213321 -248.0585968158037 -355.6423847990339 -1004.372144768413 736.0847960871461
 698.923044910593 -213.3732930848742 -241.0206151106232 -1098.082785364384 702.9537668130316
 -936.0042654662924 -1369.730325840454 3064.94701272283 706.51840159278 116.1264020186529
 700.202071926257 -241.675683134943 -211.3281813172684 -1082.325141918107 855.1075212584375
 519.4728756767718 -155.2592947316223 -148.0349984023058 -1177.251877574481 962.9284581758027
 519.4728756767718 -155.2592947316223 -148.0349984023058 -1177.251877574481 962.9284581758027
 700.202071926257 -241.675683134943 -211.3281813172684 -1082.325141918107 855.1075212584375
 676.8189702192631 -24.04142389066638 -339.9591854404241 -823.8205935191041 806.6557773603245
 441.8069449777202 -110.2884031107029 -237.4390495719269 -1225.344355042203 985.4019659352863
 519.4728756767718 -155.2592947316223 -148.0349984023058 -1177.251877574481 962.9284581758027
 519.4728756767718 -155.2592947316223 -148.0349984023058 -1177.251877574481 962.9284581758027
 700.720027838316 -252.5848364098089 -238.5392654493974 -938.3920152026481 977.6226581835156
 879.8174128213321 -248.0585968158037 -355.6423847990339 -1004.372144768413 736.0847960871461
 700.202071926257 -241.675683134943 -211.3281813172684 -1082.325141918107 855.1075212584375
 445.6909001513563 -89.23991087473836 -148.9939340940395 -1112.028561544668 989.1150931441928
 783.5067384246705 -318.9770632605651 -322.9425641721521 -1038.659301894508 676.1023862888651
 776.7634690692508 -318.5364743069255 -190.8627312021668 -1031.529570702331 880.3573413529178
 752.113915590416 -214.5004007530521 -280.1300368201095 -1148.811178986584 860.5097641548423
