# Created by Octave 4.2.1, Mon Oct 09 17:20:39 2017 BRT <root@mosqueiro>
# name: pop
# type: matrix
# rows: 100
# columns: 5
 -1840.611330071883 2091.456367047794 -695.5862145114056 -290.0693433574182 734.3358173885408
 -1840.328280748914 2091.630667596311 -696.6066716126344 -288.3906380045943 733.2161193218709
 -1829.579878917594 2116.347918825397 -676.7347019681733 -278.7850066380818 668.2882297667616
 -1839.707659066351 2091.30816159772 -696.7775949275945 -289.6001482193277 734.9950078238187
 -1829.733357297718 2116.531347321566 -676.6330039255747 -278.9137223360607 668.2974983195145
 -1829.82022748603 2117.208772812379 -677.0734888201058 -279.8720071635372 669.2403307634978
 -1829.579878917594 2116.347918825397 -676.7347019681733 -278.7850066380818 668.2882297667616
 -1840.611330071883 2091.456367047794 -695.5862145114056 -290.0693433574182 734.3358173885408
 -1829.579878917594 2116.347918825397 -676.7347019681733 -278.7850066380818 668.2882297667616
 -1829.772756737303 2116.593994031893 -676.6153522720475 -278.9137497391516 668.450023140725
 -1829.714717102203 2116.509779317667 -676.6048388788269 -278.9054376965523 668.265698853337
 -1829.733357297718 2116.531347321566 -676.6330039255747 -278.9137223360607 668.2974983195145
 -1829.733357297718 2116.531347321566 -676.6330039255747 -278.9137223360607 668.2974983195145
 -1829.579878917594 2116.347918825397 -676.7347019681733 -278.7850066380818 668.2882297667616
 -1840.312255243865 2091.63787803805 -696.5999028180935 -288.3786631750718 733.2005770612051
 -1829.733357297718 2116.531347321566 -676.6330039255747 -278.9137223360607 668.2974983195145
 -1840.595210436926 2091.477665309535 -695.5616210676902 -290.0618588010327 734.3120381694528
 -1840.312255243865 2091.63787803805 -696.5999028180935 -288.3786631750718 733.2005770612051
 -1840.595210436926 2091.477665309535 -695.5616210676902 -290.0618588010327 734.3120381694528
 -1840.622138035648 2091.465491517867 -695.5167672241406 -290.1526761069358 734.3653783053472
 -1829.566827274276 2116.334430142299 -676.7308231109753 -278.757546486619 668.3195386545326
 -1829.579878917594 2116.347918825397 -676.7347019681733 -278.7850066380818 668.2882297667616
 -1840.622138035648 2091.465491517867 -695.5167672241406 -290.1526761069358 734.3653783053472
 -1840.622138035648 2091.465491517867 -695.5167672241406 -290.1526761069358 734.3653783053472
 -1840.595210436926 2091.477665309535 -695.5616210676902 -290.0618588010327 734.3120381694528
 -1829.579878917594 2116.347918825397 -676.7347019681733 -278.7850066380818 668.2882297667616
 -1840.622138035648 2091.465491517867 -695.5167672241406 -290.1526761069358 734.3653783053472
 -1839.707659066351 2091.30816159772 -696.7775949275945 -289.6001482193277 734.9950078238187
 -1839.335235193075 2097.915517826705 -701.7727145196518 -288.3025636272088 734.6339991516701
 -1840.622138035648 2091.465491517867 -695.5167672241406 -290.1526761069358 734.3653783053472
 -1829.566827274276 2116.334430142299 -676.7308231109753 -278.757546486619 668.3195386545326
 -1840.622138035648 2091.465491517867 -695.5167672241406 -290.1526761069358 734.3653783053472
 -1829.733357297718 2116.531347321566 -676.6330039255747 -278.9137223360607 668.2974983195145
 -1829.733357297718 2116.531347321566 -676.6330039255747 -278.9137223360607 668.2974983195145
 -1829.730341939764 2117.147654635591 -677.0937649350412 -279.8851791534982 669.1787047489895
 -1829.583559649466 2116.365860964853 -676.7152680736201 -278.7824105711697 668.3056549652218
 -1829.579878917594 2116.347918825397 -676.7347019681733 -278.7850066380818 668.2882297667616
 -1840.312255243865 2091.63787803805 -696.5999028180935 -288.3786631750718 733.2005770612051
 -1829.566827274276 2116.334430142299 -676.7308231109753 -278.757546486619 668.3195386545326
 -1829.733357297718 2116.531347321566 -676.6330039255747 -278.9137223360607 668.2974983195145
 -1829.581184379977 2116.331025087518 -676.7544109330996 -278.7804658516886 668.3053778563151
 -1840.611330071883 2091.456367047794 -695.5862145114056 -290.0693433574182 734.3358173885408
 -1840.328280748914 2091.630667596311 -696.6066716126344 -288.3906380045943 733.2161193218709
 -1829.579878917594 2116.347918825397 -676.7347019681733 -278.7850066380818 668.2882297667616
 -1840.328280748914 2091.630667596311 -696.6066716126344 -288.3906380045943 733.2161193218709
 -1840.312255243865 2091.63787803805 -696.5999028180935 -288.3786631750718 733.2005770612051
 -1829.733357297718 2116.531347321566 -676.6330039255747 -278.9137223360607 668.2974983195145
 -1840.595210436926 2091.477665309535 -695.5616210676902 -290.0618588010327 734.3120381694528
 -1840.312255243865 2091.63787803805 -696.5999028180935 -288.3786631750718 733.2005770612051
 -1840.595210436926 2091.477665309535 -695.5616210676902 -290.0618588010327 734.3120381694528
 -1829.579878917594 2116.347918825397 -676.7347019681733 -278.7850066380818 668.2882297667616
 -1829.733357297718 2116.531347321566 -676.6330039255747 -278.9137223360607 668.2974983195145
 -1829.579878917594 2116.347918825397 -676.7347019681733 -278.7850066380818 668.2882297667616
 -1840.584994426557 2091.492694929005 -695.5695722277782 -290.0797133232027 734.3153949047568
 -1840.328280748914 2091.630667596311 -696.6066716126344 -288.3906380045943 733.2161193218709
 -1829.579878917594 2116.347918825397 -676.7347019681733 -278.7850066380818 668.2882297667616
 -1829.579878917594 2116.347918825397 -676.7347019681733 -278.7850066380818 668.2882297667616
 -1829.579878917594 2116.347918825397 -676.7347019681733 -278.7850066380818 668.2882297667616
 -1829.730341939764 2117.147654635591 -677.0937649350412 -279.8851791534982 669.1787047489895
 -1840.595210436926 2091.477665309535 -695.5616210676902 -290.0618588010327 734.3120381694528
 -1829.579878917594 2116.347918825397 -676.7347019681733 -278.7850066380818 668.2882297667616
 -1844.255843090625 2093.494470388887 -698.5786971483066 -297.8786823135046 737.7861198508375
 -1829.579878917594 2116.347918825397 -676.7347019681733 -278.7850066380818 668.2882297667616
 -1839.950956366863 2091.381420886318 -696.2959922971291 -289.2674774213307 734.9137127965682
 -1829.733357297718 2116.531347321566 -676.6330039255747 -278.9137223360607 668.2974983195145
 -1840.312255243865 2091.63787803805 -696.5999028180935 -288.3786631750718 733.2005770612051
 -1829.579878917594 2116.347918825397 -676.7347019681733 -278.7850066380818 668.2882297667616
 -1839.707659066351 2091.30816159772 -696.7775949275945 -289.6001482193277 734.9950078238187
 -1829.733357297718 2116.531347321566 -676.6330039255747 -278.9137223360607 668.2974983195145
 -1840.622138035648 2091.465491517867 -695.5167672241406 -290.1526761069358 734.3653783053472
 -1839.962185389725 2090.84815320511 -696.4894047496089 -290.1572878438533 734.9125455352913
 -1829.579878917594 2116.347918825397 -676.7347019681733 -278.7850066380818 668.2882297667616
 -1829.579878917594 2116.347918825397 -676.7347019681733 -278.7850066380818 668.2882297667616
 -1829.733357297718 2116.531347321566 -676.6330039255747 -278.9137223360607 668.2974983195145
 -1840.595210436926 2091.477665309535 -695.5616210676902 -290.0618588010327 734.3120381694528
 -1840.595210436926 2091.477665309535 -695.5616210676902 -290.0618588010327 734.3120381694528
 -1829.575447899254 2116.342493377116 -676.7073505264373 -278.786950404355 668.3609525437062
 -1829.733357297718 2116.531347321566 -676.6330039255747 -278.9137223360607 668.2974983195145
 -1829.581184379977 2116.331025087518 -676.7544109330996 -278.7804658516886 668.3053778563151
 -1840.595210436926 2091.477665309535 -695.5616210676902 -290.0618588010327 734.3120381694528
 -1840.321436508395 2091.628322692272 -696.5951903098512 -288.3831453912374 733.1979922856145
 -1840.626000149297 2091.471590179322 -695.517494295364 -290.1521648269276 734.3691126743749
 -1829.588791822877 2116.341156198906 -676.7381841186461 -278.7842886222153 668.2832805491997
