# Created by Octave 4.2.1, Mon Oct 09 17:20:22 2017 BRT <root@mosqueiro>
# name: pop
# type: matrix
# rows: 100
# columns: 5
 -1588.202351786726 2894.70029661723 -1596.340959912981 177.4223866282335 126.7387242699139
 -1588.202351786726 2894.70029661723 -1596.340959912981 177.4223866282335 126.7387242699139
 -1015.252972011366 319.4781177329933 442.8548248479348 -2284.521072739973 841.1399671377453
 -1605.053106601786 -1375.291314785025 -1651.483991072332 2634.740171477942 -720.1593891172865
 -1588.202351786726 2894.70029661723 -1596.340959912981 177.4223866282335 126.7387242699139
 -1588.202351786726 2894.70029661723 -1596.340959912981 177.4223866282335 126.7387242699139
 -1588.202351786726 2894.70029661723 -1596.340959912981 177.4223866282335 126.7387242699139
 511.5517664190706 -163.0076211379886 1864.381189068852 437.6041010009246 2448.877805534133
 -65.65062037190376 70.76194568041251 914.0841798698098 -173.2646525218461 -717.8799681070566
 -1588.202351786726 2894.70029661723 -1596.340959912981 177.4223866282335 126.7387242699139
 -1588.202351786726 2894.70029661723 -1596.340959912981 177.4223866282335 126.7387242699139
 -2506.175330205816 2630.308146856089 -1240.752970239811 37.05177694149796 1098.55554622419
 756.6613471285723 1854.894473298445 -184.3127959905125 -1056.30128308147 107.9282087336562
 -1588.202351786726 2894.70029661723 -1596.340959912981 177.4223866282335 126.7387242699139
 -1588.202351786726 2894.70029661723 -1596.340959912981 177.4223866282335 126.7387242699139
 511.5517664190706 -163.0076211379886 1864.381189068852 437.6041010009246 2448.877805534133
 -2638.717554949091 2111.00292889429 -2002.081591303554 1455.717701784044 404.4162448380059
 -2573.231770789298 511.9932143574627 769.8967244147821 1232.668560964376 1312.628294194259
 -65.65062037190376 70.76194568041251 914.0841798698098 -173.2646525218461 -717.8799681070566
 -1588.202351786726 2894.70029661723 -1596.340959912981 177.4223866282335 126.7387242699139
 -1588.202351786726 2894.70029661723 -1596.340959912981 177.4223866282335 126.7387242699139
 -2506.175330205816 2630.308146856089 -1240.752970239811 37.05177694149796 1098.55554622419
 -2962.756305985668 -219.0977643212005 1108.88656341353 1997.075747466377 -541.4695791896577
 -2962.756305985668 -219.0977643212005 1108.88656341353 1997.075747466377 -541.4695791896577
 4531.57832295046 2057.932267185971 1318.618697801274 2564.640155490133 -3723.706581821412
 -1588.202351786726 2894.70029661723 -1596.340959912981 177.4223866282335 126.7387242699139
 -1588.202351786726 2894.70029661723 -1596.340959912981 177.4223866282335 126.7387242699139
 -2844.4309084752 489.6072997905117 -1544.18473119566 2871.714258064962 701.2140537946156
 -3674.28600303489 3236.076136106495 -875.5306354321887 2558.31389542638 -44.14776410414831
 -1513.8553911592 3769.988110601807 246.5222788918375 1427.620142484568 1011.109949902503
 -1588.202351786726 2894.70029661723 -1596.340959912981 177.4223866282335 126.7387242699139
 -1031.568103133286 4953.227674477649 -1273.573830441237 2382.220684371917 708.1766095929656
 -1588.202351786726 2894.70029661723 -1596.340959912981 177.4223866282335 126.7387242699139
 -1588.202351786726 2894.70029661723 -1596.340959912981 177.4223866282335 126.7387242699139
 -1588.202351786726 2894.70029661723 -1596.340959912981 177.4223866282335 126.7387242699139
 -1588.202351786726 2894.70029661723 -1596.340959912981 177.4223866282335 126.7387242699139
 -1588.202351786726 2894.70029661723 -1596.340959912981 177.4223866282335 126.7387242699139
 609.258856058389 715.924675809742 -705.1230799872806 237.2012145506515 -909.8852685666267
 -1588.202351786726 2894.70029661723 -1596.340959912981 177.4223866282335 126.7387242699139
 3180.277405563672 -1025.689872814278 1205.693235015584 -1809.699103078341 -4017.986878202428
 -1588.202351786726 2894.70029661723 -1596.340959912981 177.4223866282335 126.7387242699139
 -1588.202351786726 2894.70029661723 -1596.340959912981 177.4223866282335 126.7387242699139
 -1588.202351786726 2894.70029661723 -1596.340959912981 177.4223866282335 126.7387242699139
 -65.65062037190376 70.76194568041251 914.0841798698098 -173.2646525218461 -717.8799681070566
 -2506.175330205816 2630.308146856089 -1240.752970239811 37.05177694149796 1098.55554622419
 -65.65062037190376 70.76194568041251 914.0841798698098 -173.2646525218461 -717.8799681070566
 -65.65062037190376 70.76194568041251 914.0841798698098 -173.2646525218461 -717.8799681070566
 3180.277405563672 -1025.689872814278 1205.693235015584 -1809.699103078341 -4017.986878202428
 -1588.202351786726 2894.70029661723 -1596.340959912981 177.4223866282335 126.7387242699139
 -1513.8553911592 3769.988110601807 246.5222788918375 1427.620142484568 1011.109949902503
 -1588.202351786726 2894.70029661723 -1596.340959912981 177.4223866282335 126.7387242699139
 -1821.190183893161 -1608.642572642583 174.6196031797655 -1545.263710793209 2193.130472244296
 -1757.475250826026 2405.089503402769 -1683.740597767269 1003.586566364162 -236.1092213452838
 -1588.202351786726 2894.70029661723 -1596.340959912981 177.4223866282335 126.7387242699139
 -1588.202351786726 2894.70029661723 -1596.340959912981 177.4223866282335 126.7387242699139
 3111.18850120695 3036.683079832851 491.8695014430122 1313.206351948092 -2386.625101558561
 -1588.202351786726 2894.70029661723 -1596.340959912981 177.4223866282335 126.7387242699139
 -1588.202351786726 2894.70029661723 -1596.340959912981 177.4223866282335 126.7387242699139
 2030.763703792638 2728.046061314783 -269.2403375492537 -4305.963905813165 -2212.438915163765
 -476.0051858494033 434.651250280986 871.9735987805973 -518.8249713599572 -353.8974489320753
 511.5517664190706 -163.0076211379886 1864.381189068852 437.6041010009246 2448.877805534133
 3111.18850120695 3036.683079832851 491.8695014430122 1313.206351948092 -2386.625101558561
 -2199.554266302085 3715.097287026319 -1224.500870915183 -302.4850056573478 183.6679470958679
 -1588.202351786726 2894.70029661723 -1596.340959912981 177.4223866282335 126.7387242699139
 -765.8687840586375 993.1624145107282 -2547.673323389551 12.60037411876331 -292.9771458115826
 -2506.175330205816 2630.308146856089 -1240.752970239811 37.05177694149796 1098.55554622419
 -1588.202351786726 2894.70029661723 -1596.340959912981 177.4223866282335 126.7387242699139
 -2638.717554949091 2111.00292889429 -2002.081591303554 1455.717701784044 404.4162448380059
 -65.65062037190376 70.76194568041251 914.0841798698098 -173.2646525218461 -717.8799681070566
 -1588.202351786726 2894.70029661723 -1596.340959912981 177.4223866282335 126.7387242699139
 -1588.202351786726 2894.70029661723 -1596.340959912981 177.4223866282335 126.7387242699139
 -1588.202351786726 2894.70029661723 -1596.340959912981 177.4223866282335 126.7387242699139
 -1588.202351786726 2894.70029661723 -1596.340959912981 177.4223866282335 126.7387242699139
 -1588.202351786726 2894.70029661723 -1596.340959912981 177.4223866282335 126.7387242699139
 -2506.175330205816 2630.308146856089 -1240.752970239811 37.05177694149796 1098.55554622419
 -1757.475250826026 2405.089503402769 -1683.740597767269 1003.586566364162 -236.1092213452838
 -1588.202351786726 2894.70029661723 -1596.340959912981 177.4223866282335 126.7387242699139
 -1588.202351786726 2894.70029661723 -1596.340959912981 177.4223866282335 126.7387242699139
 -1588.202351786726 2894.70029661723 -1596.340959912981 177.4223866282335 126.7387242699139
 -1588.202351786726 2894.70029661723 -1596.340959912981 177.4223866282335 126.7387242699139
 -2538.956434071116 2965.732503322139 -794.2679426845024 57.13397899063017 -714.6350666112642
 -1786.181553191275 1583.274499819664 -578.0453413339213 390.750347523331 104.7620444342752
 -1929.656611255194 1315.060461218145 -359.7728182516983 211.9822771400278 155.9016850964776
 -2178.113593550524 1765.740222696883 -1025.42495345963 -930.4531185044164 413.4356670886057
 -3624.524613447585 1661.946099278406 62.4510567945556 238.0281485686686 1433.560810108037
