# Created by Octave 4.2.1, Mon Oct 09 17:19:41 2017 BRT <root@mosqueiro>
# name: pop
# type: matrix
# rows: 100
# columns: 5
 526.8262164306618 -162.0241158850237 -150.7374775086528 -1184.526050360831 969.4731382561058
 526.7490654061849 -161.998806319508 -150.6656077625139 -1184.491345303441 969.3935290173653
 527.129085299232 -161.4875443335192 -151.2241920315928 -1183.974209270565 969.1662539994916
 522.0786822952186 -144.7660265693678 -136.6214933001503 -1196.802015062878 955.1855268304297
 523.6038190175393 -142.9208341688555 -139.4616300666888 -1198.288303577385 958.2445012351222
 526.7490654061849 -161.998806319508 -150.6656077625139 -1184.491345303441 969.3935290173653
 527.1641338669587 -161.6956509390775 -151.2159645747429 -1184.012635514286 969.1264100444232
 522.2437742614701 -144.9924157805565 -136.5962582105276 -1196.903313951449 955.4315910144229
 522.2437742614701 -144.9924157805565 -136.5962582105276 -1196.903313951449 955.4315910144229
 522.0786822952186 -144.7660265693678 -136.6214933001503 -1196.802015062878 955.1855268304297
 526.8016584964239 -162.0570795896546 -150.6987108726505 -1184.490196490481 969.4625915702228
 526.7686148292291 -162.020594606562 -150.686611372852 -1184.520331629504 969.4768891278654
 522.2437742614701 -144.9924157805565 -136.5962582105276 -1196.903313951449 955.4315910144229
 522.2878727947324 -144.9681581641642 -136.5540463042047 -1196.927903135715 955.463649609835
 522.2437742614701 -144.9924157805565 -136.5962582105276 -1196.903313951449 955.4315910144229
 526.84930330241 -161.8698589943575 -150.6728292854701 -1184.420464653817 969.3648044311084
 519.4728756767718 -155.2592947316223 -148.0349984023058 -1177.251877574481 962.9284581758027
 522.2437742614701 -144.9924157805565 -136.5962582105276 -1196.903313951449 955.4315910144229
 522.0786822952186 -144.7660265693678 -136.6214933001503 -1196.802015062878 955.1855268304297
 522.2840280893602 -144.863476896188 -136.4985452234696 -1196.787871590942 955.4426698043892
 523.6038190175393 -142.9208341688555 -139.4616300666888 -1198.288303577385 958.2445012351222
 527.136840007647 -161.7483468561043 -151.2559193300123 -1184.029786413758 969.0951098577061
 527.2110026929524 -161.721258684226 -151.1076241079683 -1184.016778813763 969.1624966911659
 522.2437742614701 -144.9924157805565 -136.5962582105276 -1196.903313951449 955.4315910144229
 522.0786822952186 -144.7660265693678 -136.6214933001503 -1196.802015062878 955.1855268304297
 522.2437742614701 -144.9924157805565 -136.5962582105276 -1196.903313951449 955.4315910144229
 522.0786822952186 -144.7660265693678 -136.6214933001503 -1196.802015062878 955.1855268304297
 526.8016584964239 -162.0570795896546 -150.6987108726505 -1184.490196490481 969.4625915702228
 522.0786822952186 -144.7660265693678 -136.6214933001503 -1196.802015062878 955.1855268304297
 522.0786822952186 -144.7660265693678 -136.6214933001503 -1196.802015062878 955.1855268304297
 522.0786822952186 -144.7660265693678 -136.6214933001503 -1196.802015062878 955.1855268304297
 522.8402280689218 -159.9091140118342 -156.7935654322187 -1185.742091374637 981.282411788386
 522.2437742614701 -144.9924157805565 -136.5962582105276 -1196.903313951449 955.4315910144229
 526.7490654061849 -161.998806319508 -150.6656077625139 -1184.491345303441 969.3935290173653
 526.8016584964239 -162.0570795896546 -150.6987108726505 -1184.490196490481 969.4625915702228
 522.2437742614701 -144.9924157805565 -136.5962582105276 -1196.903313951449 955.4315910144229
 519.4728756767718 -155.2592947316223 -148.0349984023058 -1177.251877574481 962.9284581758027
 526.8016584964239 -162.0570795896546 -150.6987108726505 -1184.490196490481 969.4625915702228
 522.2437742614701 -144.9924157805565 -136.5962582105276 -1196.903313951449 955.4315910144229
 526.8262164306618 -162.0241158850237 -150.7374775086528 -1184.526050360831 969.4731382561058
 522.2437742614701 -144.9924157805565 -136.5962582105276 -1196.903313951449 955.4315910144229
 527.1377679132445 -161.7433735685453 -151.2193386048667 -1183.958562221294 969.1360650035253
 522.2437742614701 -144.9924157805565 -136.5962582105276 -1196.903313951449 955.4315910144229
 522.0632615751121 -144.6866594016518 -136.5778319188464 -1196.841660480154 955.1921455678245
 526.8016584964239 -162.0570795896546 -150.6987108726505 -1184.490196490481 969.4625915702228
 522.1039196431577 -144.9949760476309 -136.5892552056807 -1196.777754977314 955.4295109936789
 519.4728756767718 -155.2592947316223 -148.0349984023058 -1177.251877574481 962.9284581758027
 522.0786822952186 -144.7660265693678 -136.6214933001503 -1196.802015062878 955.1855268304297
 522.2437742614701 -144.9924157805565 -136.5962582105276 -1196.903313951449 955.4315910144229
 526.8262164306618 -162.0241158850237 -150.7374775086528 -1184.526050360831 969.4731382561058
 522.8402280689218 -159.9091140118342 -156.7935654322187 -1185.742091374637 981.282411788386
 522.0786822952186 -144.7660265693678 -136.6214933001503 -1196.802015062878 955.1855268304297
 522.0786822952186 -144.7660265693678 -136.6214933001503 -1196.802015062878 955.1855268304297
 522.2437742614701 -144.9924157805565 -136.5962582105276 -1196.903313951449 955.4315910144229
 522.3642447641471 -143.3770995595108 -136.1768204508369 -1197.348432455652 954.5341508634774
 522.8402280689218 -159.9091140118342 -156.7935654322187 -1185.742091374637 981.282411788386
 522.2437742614701 -144.9924157805565 -136.5962582105276 -1196.903313951449 955.4315910144229
 526.8016584964239 -162.0570795896546 -150.6987108726505 -1184.490196490481 969.4625915702228
 522.2437742614701 -144.9924157805565 -136.5962582105276 -1196.903313951449 955.4315910144229
 522.2437742614701 -144.9924157805565 -136.5962582105276 -1196.903313951449 955.4315910144229
 522.2437742614701 -144.9924157805565 -136.5962582105276 -1196.903313951449 955.4315910144229
 526.84930330241 -161.8698589943575 -150.6728292854701 -1184.420464653817 969.3648044311084
 522.3642447641471 -143.3770995595108 -136.1768204508369 -1197.348432455652 954.5341508634774
 526.8262164306618 -162.0241158850237 -150.7374775086528 -1184.526050360831 969.4731382561058
 522.2437742614701 -144.9924157805565 -136.5962582105276 -1196.903313951449 955.4315910144229
 522.0786822952186 -144.7660265693678 -136.6214933001503 -1196.802015062878 955.1855268304297
 524.941364494342 -160.2273290703414 -157.8228742236098 -1186.890156770185 980.1287683130685
 522.0786822952186 -144.7660265693678 -136.6214933001503 -1196.802015062878 955.1855268304297
 522.0786822952186 -144.7660265693678 -136.6214933001503 -1196.802015062878 955.1855268304297
 522.8402280689218 -159.9091140118342 -156.7935654322187 -1185.742091374637 981.282411788386
 527.1377679132445 -161.7433735685453 -151.2193386048667 -1183.958562221294 969.1360650035253
 522.2437742614701 -144.9924157805565 -136.5962582105276 -1196.903313951449 955.4315910144229
 526.8262164306618 -162.0241158850237 -150.7374775086528 -1184.526050360831 969.4731382561058
 522.2453486340951 -144.9447216424398 -136.6851399299056 -1196.859980526202 955.4339467417282
 527.1377679132445 -161.7433735685453 -151.2193386048667 -1183.958562221294 969.1360650035253
 526.84930330241 -161.8698589943575 -150.6728292854701 -1184.420464653817 969.3648044311084
 526.84930330241 -161.8698589943575 -150.6728292854701 -1184.420464653817 969.3648044311084
 522.0786822952186 -144.7660265693678 -136.6214933001503 -1196.802015062878 955.1855268304297
 522.0786822952186 -144.7660265693678 -136.6214933001503 -1196.802015062878 955.1855268304297
 522.2878727947324 -144.9681581641642 -136.5540463042047 -1196.927903135715 955.463649609835
 522.2343125273205 -144.9844112422612 -136.6053066830943 -1196.916306788188 955.438494702454
 522.0794132697187 -144.7683662856989 -136.6238736033413 -1196.808120597286 955.209573235885
 526.7968173367833 -162.0869367437471 -150.6980612459867 -1184.500596640045 969.4734825736381
 526.8201444871805 -162.0273162474817 -150.7454128368391 -1184.535010887021 969.4728077315605
