# Created by Octave 4.2.1, Mon Oct 09 17:19:09 2017 BRT <root@mosqueiro>
# name: pop
# type: matrix
# rows: 100
# columns: 5
 -890.8715120476918 374.7794426282867 -122.0059175024989 494.8771200760639 142.1967355765492
 -890.8715120476918 374.7794426282867 -122.0059175024989 494.8771200760639 142.1967355765492
 -890.8715120476918 374.7794426282867 -122.0059175024989 494.8771200760639 142.1967355765492
 -890.614605184889 374.5435083302341 -121.9688100917472 494.9997448356698 142.3963056451595
 -890.4284789304139 374.4062988955178 -121.9941094659564 494.8400182933419 142.4164454227815
 -890.6555461513352 374.5326893027415 -121.8532627656744 494.7981904819751 142.3377665848001
 -890.1327229272304 374.4976208682963 -121.0159135546155 495.6859419781742 142.6816259649449
 -890.4204104796108 374.3384434914234 -121.9914996068155 494.8929939894469 142.4309569102165
 -890.6866065467088 374.5043259127631 -122.1474733365502 495.0310539782209 142.3527130909784
 -890.9506508241011 374.8314042256916 -121.7846548012352 494.9831850061361 142.1012285994441
 -890.4859804495616 374.4288634100113 -121.9791359105691 494.8518481982784 142.4318233402542
 -890.4859804495616 374.4288634100113 -121.9791359105691 494.8518481982784 142.4318233402542
 -890.8715120476918 374.7794426282867 -122.0059175024989 494.8771200760639 142.1967355765492
 -890.4850686169941 374.4633483664533 -121.992987491738 494.83544828741 142.4065420448786
 -890.4859804495616 374.4288634100113 -121.9791359105691 494.8518481982784 142.4318233402542
 -890.4859804495616 374.4288634100113 -121.9791359105691 494.8518481982784 142.4318233402542
 -926.8081957216854 448.0185506352606 -108.3600930488532 578.4587457332686 -26.2654489658977
 -890.1327229272304 374.4976208682963 -121.0159135546155 495.6859419781742 142.6816259649449
 -949.3501094302809 328.1792227366875 -327.7998549818341 363.6395403821098 591.0421121212014
 -890.4859804495616 374.4288634100113 -121.9791359105691 494.8518481982784 142.4318233402542
 -890.2094508988386 374.1734160891477 -123.3832923867305 493.991688341395 142.391867962706
 -890.8715120476918 374.7794426282867 -122.0059175024989 494.8771200760639 142.1967355765492
 -890.9506508241011 374.8314042256916 -121.7846548012352 494.9831850061361 142.1012285994441
 -888.6183490444186 374.2680453726286 -122.1988277091442 494.2742623133692 141.7533917456087
 -890.5532154175991 374.4585130742277 -122.0274457686027 494.8858893276671 142.3765623017763
 -899.5511617349722 384.5068471176742 -120.7235072700016 493.4973631422915 141.8909953366164
 -898.2386153346072 384.9612611603879 -119.5167894930265 493.0957582050237 141.1296023270559
 -890.5243111274513 374.4287015893626 -121.9404014113336 494.8098120613944 142.4015443642395
 -890.6866065467088 374.5043259127631 -122.1474733365502 495.0310539782209 142.3527130909784
 -897.8035070424099 384.6808371426495 -119.2081075923598 492.4205580131589 142.3445573276039
 -890.9506508241011 374.8314042256916 -121.7846548012352 494.9831850061361 142.1012285994441
 -890.7272142394756 374.4704610814331 -122.1418865195362 494.9876987294775 142.35244884595
 -890.2974103740278 374.0990803290987 -122.128471866018 495.0595398583083 142.4030939378874
 -958.6690571618232 345.5235424359493 -330.8093401848893 365.2521146620747 579.1457357440687
 -890.2894505632877 374.0634693221685 -122.0111206740881 495.005269885044 142.4768373032763
 -890.4160806011615 374.4107708648289 -121.9057806045337 494.7957213064717 142.471428589734
 -890.9506508241011 374.8314042256916 -121.7846548012352 494.9831850061361 142.1012285994441
 -898.4072161260583 384.9937253873669 -119.5578445249031 493.1435845757964 141.1442414582325
 -890.4086429838345 374.2745420940967 -122.0380024650116 494.9112648043009 142.4395998355832
 -890.9492571686799 374.819297329644 -121.8243860426983 494.9252047095737 142.1371327494966
 -890.7272142394756 374.4704610814331 -122.1418865195362 494.9876987294775 142.35244884595
 -890.8715120476918 374.7794426282867 -122.0059175024989 494.8771200760639 142.1967355765492
 -890.7272142394756 374.4704610814331 -122.1418865195362 494.9876987294775 142.35244884595
 -899.5511617349722 384.5068471176742 -120.7235072700016 493.4973631422915 141.8909953366164
 -890.7272142394756 374.4704610814331 -122.1418865195362 494.9876987294775 142.35244884595
 -890.8715120476918 374.7794426282867 -122.0059175024989 494.8771200760639 142.1967355765492
 -890.9506508241011 374.8314042256916 -121.7846548012352 494.9831850061361 142.1012285994441
 -890.5196028887794 374.3947775399496 -122.0215309326646 494.7908389724216 142.4125174058976
 -890.8715120476918 374.7794426282867 -122.0059175024989 494.8771200760639 142.1967355765492
 -890.9506508241011 374.8314042256916 -121.7846548012352 494.9831850061361 142.1012285994441
 -958.7922281493481 345.4396675845507 -330.6513161476737 365.3105487329031 579.0980688758832
 -890.1327229272304 374.4976208682963 -121.0159135546155 495.6859419781742 142.6816259649449
 -898.330748938852 384.9769342641647 -119.4649488495087 493.0826402215598 141.0886312478332
 -949.3501094302809 328.1792227366875 -327.7998549818341 363.6395403821098 591.0421121212014
 -890.4859804495616 374.4288634100113 -121.9791359105691 494.8518481982784 142.4318233402542
 -890.4859804495616 374.4288634100113 -121.9791359105691 494.8518481982784 142.4318233402542
 -890.8715120476918 374.7794426282867 -122.0059175024989 494.8771200760639 142.1967355765492
 -890.4859804495616 374.4288634100113 -121.9791359105691 494.8518481982784 142.4318233402542
 -890.8715120476918 374.7794426282867 -122.0059175024989 494.8771200760639 142.1967355765492
 -890.6555461513352 374.5326893027415 -121.8532627656744 494.7981904819751 142.3377665848001
 -890.3704028380582 374.2320418112899 -121.9426755050215 495.0646378502503 142.4522041534158
 -890.5196028887794 374.3947775399496 -122.0215309326646 494.7908389724216 142.4125174058976
 -890.5243111274513 374.4287015893626 -121.9404014113336 494.8098120613944 142.4015443642395
 -890.8715120476918 374.7794426282867 -122.0059175024989 494.8771200760639 142.1967355765492
 -898.2386153346072 384.9612611603879 -119.5167894930265 493.0957582050237 141.1296023270559
 -958.6690571618232 345.5235424359493 -330.8093401848893 365.2521146620747 579.1457357440687
 -890.4859804495616 374.4288634100113 -121.9791359105691 494.8518481982784 142.4318233402542
 -890.8715120476918 374.7794426282867 -122.0059175024989 494.8771200760639 142.1967355765492
 -898.2386153346072 384.9612611603879 -119.5167894930265 493.0957582050237 141.1296023270559
 -926.8081957216854 448.0185506352606 -108.3600930488532 578.4587457332686 -26.2654489658977
 -890.8715120476918 374.7794426282867 -122.0059175024989 494.8771200760639 142.1967355765492
 -890.4850686169941 374.4633483664533 -121.992987491738 494.83544828741 142.4065420448786
 -890.5532154175991 374.4585130742277 -122.0274457686027 494.8858893276671 142.3765623017763
 -890.6555461513352 374.5326893027415 -121.8532627656744 494.7981904819751 142.3377665848001
 -890.4859804495616 374.4288634100113 -121.9791359105691 494.8518481982784 142.4318233402542
 -890.7272142394756 374.4704610814331 -122.1418865195362 494.9876987294775 142.35244884595
 -890.2974103740278 374.0990803290987 -122.128471866018 495.0595398583083 142.4030939378874
 -890.8715120476918 374.7794426282867 -122.0059175024989 494.8771200760639 142.1967355765492
 -890.4859804495616 374.4288634100113 -121.9791359105691 494.8518481982784 142.4318233402542
 -890.4859804495616 374.4288634100113 -121.9791359105691 494.8518481982784 142.4318233402542
 -890.4894808397939 374.4020693080609 -121.9971184669606 494.8641386425743 142.4376898242477
 -890.2633256686128 374.0820565573338 -122.1319783788475 495.0738978989031 142.3974306059659
 -890.9554503043238 374.849986025304 -121.7905740752478 494.9586009460021 142.086797371289
 -890.8719538845095 374.7899069705647 -122.0082189700142 494.8818296893557 142.226300525685
 -890.202763520547 374.1886287090849 -123.4055076377638 493.97812650298 142.3845184484553
