# Created by Octave 4.2.1, Mon Oct 09 17:20:32 2017 BRT <root@mosqueiro>
# name: pop
# type: matrix
# rows: 100
# columns: 5
 -1829.6923282425 2116.806490749636 -676.4234318799674 -278.9230784773302 668.4683555843178
 -1838.788300939326 2094.944065794884 -704.082873901046 -271.283475554782 719.7849548917421
 -1837.619649291417 2098.135868139711 -712.8396917200337 -298.7471576847289 739.1624205593225
 -1839.684958251766 2096.009296667185 -701.400970639829 -286.9482603066398 734.1843559263679
 -1822.600789552339 2079.852280736632 -701.1001062311003 -293.0445686863129 738.2931872885159
 -1595.538963971768 2931.140979942051 -1536.99463658398 39.96237877154547 159.5967163643
 -1834.034714462982 2102.344059013203 -699.9803201658979 -295.4756680602777 744.5358288095617
 -1839.684958251766 2096.009296667185 -701.400970639829 -286.9482603066398 734.1843559263679
 -1839.684958251766 2096.009296667185 -701.400970639829 -286.9482603066398 734.1843559263679
 -1839.684958251766 2096.009296667185 -701.400970639829 -286.9482603066398 734.1843559263679
 -1829.6923282425 2116.806490749636 -676.4234318799674 -278.9230784773302 668.4683555843178
 -1826.605073082413 2053.567564095199 -643.9887469731389 -290.9984128476781 683.3100958721884
 -1588.202351786726 2894.70029661723 -1596.340959912981 177.4223866282335 126.7387242699139
 -1839.684958251766 2096.009296667185 -701.400970639829 -286.9482603066398 734.1843559263679
 -1839.684958251766 2096.009296667185 -701.400970639829 -286.9482603066398 734.1843559263679
 -1839.684958251766 2096.009296667185 -701.400970639829 -286.9482603066398 734.1843559263679
 -1824.733893255418 2089.440230006664 -638.5406684724729 -263.5147898734447 735.3592576675126
 -1839.684958251766 2096.009296667185 -701.400970639829 -286.9482603066398 734.1843559263679
 -1838.788300939326 2094.944065794884 -704.082873901046 -271.283475554782 719.7849548917421
 -1834.034714462982 2102.344059013203 -699.9803201658979 -295.4756680602777 744.5358288095617
 -1714.227754912729 2767.528259769296 -1247.797830113917 -16.86083039635368 -177.1914831899529
 -1821.692056135123 3237.347544149513 -1599.083167596639 226.9442190757599 351.9668985321205
 -1839.684958251766 2096.009296667185 -701.400970639829 -286.9482603066398 734.1843559263679
 -1839.684958251766 2096.009296667185 -701.400970639829 -286.9482603066398 734.1843559263679
 -1826.605073082413 2053.567564095199 -643.9887469731389 -290.9984128476781 683.3100958721884
 -1822.600789552339 2079.852280736632 -701.1001062311003 -293.0445686863129 738.2931872885159
 -2146.440260607436 2161.167857447336 -459.7182282177 -453.4690068865355 1026.54440098827
 -1839.684958251766 2096.009296667185 -701.400970639829 -286.9482603066398 734.1843559263679
 -1839.684958251766 2096.009296667185 -701.400970639829 -286.9482603066398 734.1843559263679
 -1839.684958251766 2096.009296667185 -701.400970639829 -286.9482603066398 734.1843559263679
 -1588.202351786726 2894.70029661723 -1596.340959912981 177.4223866282335 126.7387242699139
 -1791.905344045608 1889.885912567683 -725.6495827787184 -403.2223739478162 972.3985967359012
 -1848.111096860445 2101.172655935876 -708.7919998961963 -295.0289942727531 724.9875030594388
 -1842.190938984721 2108.210092056827 -700.732281523502 -288.8848649960427 727.3474529732051
 -1839.684958251766 2096.009296667185 -701.400970639829 -286.9482603066398 734.1843559263679
 -1839.684958251766 2096.009296667185 -701.400970639829 -286.9482603066398 734.1843559263679
 -1839.684958251766 2096.009296667185 -701.400970639829 -286.9482603066398 734.1843559263679
 -1839.684958251766 2096.009296667185 -701.400970639829 -286.9482603066398 734.1843559263679
 -1791.905344045608 1889.885912567683 -725.6495827787184 -403.2223739478162 972.3985967359012
 -1791.905344045608 1889.885912567683 -725.6495827787184 -403.2223739478162 972.3985967359012
 -1829.6923282425 2116.806490749636 -676.4234318799674 -278.9230784773302 668.4683555843178
 -1824.733893255418 2089.440230006664 -638.5406684724729 -263.5147898734447 735.3592576675126
 -1838.788300939326 2094.944065794884 -704.082873901046 -271.283475554782 719.7849548917421
 -1822.600789552339 2079.852280736632 -701.1001062311003 -293.0445686863129 738.2931872885159
 -1839.684958251766 2096.009296667185 -701.400970639829 -286.9482603066398 734.1843559263679
 -1839.684958251766 2096.009296667185 -701.400970639829 -286.9482603066398 734.1843559263679
 -1588.202351786726 2894.70029661723 -1596.340959912981 177.4223866282335 126.7387242699139
 -1839.684958251766 2096.009296667185 -701.400970639829 -286.9482603066398 734.1843559263679
 -1411.173605185448 2267.835897547293 -2361.096572872708 866.8534456633797 689.6877236317
 -1839.684958251766 2096.009296667185 -701.400970639829 -286.9482603066398 734.1843559263679
 -1839.684958251766 2096.009296667185 -701.400970639829 -286.9482603066398 734.1843559263679
 -1829.6923282425 2116.806490749636 -676.4234318799674 -278.9230784773302 668.4683555843178
 -1839.684958251766 2096.009296667185 -701.400970639829 -286.9482603066398 734.1843559263679
 -1839.684958251766 2096.009296667185 -701.400970639829 -286.9482603066398 734.1843559263679
 -1839.684958251766 2096.009296667185 -701.400970639829 -286.9482603066398 734.1843559263679
 -1829.6923282425 2116.806490749636 -676.4234318799674 -278.9230784773302 668.4683555843178
 -1839.684958251766 2096.009296667185 -701.400970639829 -286.9482603066398 734.1843559263679
 -1839.684958251766 2096.009296667185 -701.400970639829 -286.9482603066398 734.1843559263679
 -1839.684958251766 2096.009296667185 -701.400970639829 -286.9482603066398 734.1843559263679
 -1843.512956389305 2088.921244132082 -678.3937510837711 -282.7687594402481 735.6331690288146
 -1839.684958251766 2096.009296667185 -701.400970639829 -286.9482603066398 734.1843559263679
 -1845.987702023377 2077.968629384143 -698.5410678674858 -308.5703961980151 736.0341561849439
 -1819.687928277861 2093.533538269639 -692.3831241305043 -255.7231043770967 714.0466645435313
 -1843.512956389305 2088.921244132082 -678.3937510837711 -282.7687594402481 735.6331690288146
 -1836.818156088002 2107.379679229796 -667.7455652107924 -306.8614969265097 747.2982839071487
 -1839.684958251766 2096.009296667185 -701.400970639829 -286.9482603066398 734.1843559263679
 -1834.034714462982 2102.344059013203 -699.9803201658979 -295.4756680602777 744.5358288095617
 -1838.788300939326 2094.944065794884 -704.082873901046 -271.283475554782 719.7849548917421
 -1839.684958251766 2096.009296667185 -701.400970639829 -286.9482603066398 734.1843559263679
 -1833.307091454015 2109.918423320078 -667.9990302461313 -294.1218131129256 748.0942030536562
 -1822.600789552339 2079.852280736632 -701.1001062311003 -293.0445686863129 738.2931872885159
 -1839.684958251766 2096.009296667185 -701.400970639829 -286.9482603066398 734.1843559263679
 -1839.684958251766 2096.009296667185 -701.400970639829 -286.9482603066398 734.1843559263679
 -1834.034714462982 2102.344059013203 -699.9803201658979 -295.4756680602777 744.5358288095617
 -1839.684958251766 2096.009296667185 -701.400970639829 -286.9482603066398 734.1843559263679
 -2146.440260607436 2161.167857447336 -459.7182282177 -453.4690068865355 1026.54440098827
 -1848.111096860445 2101.172655935876 -708.7919998961963 -295.0289942727531 724.9875030594388
 -1839.684958251766 2096.009296667185 -701.400970639829 -286.9482603066398 734.1843559263679
 -1836.818156088002 2107.379679229796 -667.7455652107924 -306.8614969265097 747.2982839071487
 -1830.586915251013 2092.365750337367 -686.4959431317965 -283.9225409952128 738.460449689822
 -1831.918254906695 2097.13814071484 -699.8999748018239 -292.4459428178569 732.3656418788938
 -1703.484468555819 2577.475768415199 -1607.985953924182 346.053891344579 -66.18771416107181
 -1843.900751641928 2095.230860209043 -699.2815773397421 -295.493294911826 735.3038920181225
 -1827.15476948659 2115.128483968055 -680.510816652168 -283.5644585666523 664.161744260315
