# Created by Octave 4.2.1, Mon Oct 09 17:20:02 2017 BRT <root@mosqueiro>
# name: pop
# type: matrix
# rows: 100
# columns: 5
 -253.935663394946 -627.0440646270383 26.57882194482798 112.3541240991824 741.8557978485687
 -253.935663394946 -627.0440646270383 26.57882194482798 112.3541240991824 741.8557978485687
 -253.935663394946 -627.0440646270383 26.57882194482798 112.3541240991824 741.8557978485687
 -253.935663394946 -627.0440646270383 26.57882194482798 112.3541240991824 741.8557978485687
 -233.5013645992764 -612.6021090914796 15.87822573187938 172.644537298399 765.5821501252301
 -253.935663394946 -627.0440646270383 26.57882194482798 112.3541240991824 741.8557978485687
 -189.3858270001388 -502.5683297131237 -104.4213960614771 231.5948343910188 689.7690150375117
 -284.5655975269702 -611.1737068882916 22.27697849302547 121.4225908832743 699.8917703872102
 -253.935663394946 -627.0440646270383 26.57882194482798 112.3541240991824 741.8557978485687
 -253.935663394946 -627.0440646270383 26.57882194482798 112.3541240991824 741.8557978485687
 -253.935663394946 -627.0440646270383 26.57882194482798 112.3541240991824 741.8557978485687
 -284.5655975269702 -611.1737068882916 22.27697849302547 121.4225908832743 699.8917703872102
 -253.935663394946 -627.0440646270383 26.57882194482798 112.3541240991824 741.8557978485687
 -253.935663394946 -627.0440646270383 26.57882194482798 112.3541240991824 741.8557978485687
 -253.935663394946 -627.0440646270383 26.57882194482798 112.3541240991824 741.8557978485687
 -226.4347253589953 -633.6500063128001 -19.48522574138568 132.4076355648084 705.186006158236
 -291.039554052614 -621.8141039005041 -7.494261265515306 98.82228297957234 732.4282214245428
 -253.935663394946 -627.0440646270383 26.57882194482798 112.3541240991824 741.8557978485687
 345.8482763280485 -220.636344163094 -217.0721058274095 -29.75305498490223 293.401425983456
 -253.935663394946 -627.0440646270383 26.57882194482798 112.3541240991824 741.8557978485687
 -258.3038834890222 -620.3239206089878 52.86705139237644 111.6695928870072 768.530700792682
 -253.935663394946 -627.0440646270383 26.57882194482798 112.3541240991824 741.8557978485687
 -273.4057985578895 -626.3298010427628 94.26248674284544 99.55936142277082 761.6646928361542
 -284.1617569813017 -669.1733988357628 112.8822628273025 213.5602487621278 743.3037400803414
 -253.935663394946 -627.0440646270383 26.57882194482798 112.3541240991824 741.8557978485687
 -269.5033351140734 -654.9533959477703 69.6350149687902 136.9755347256691 692.2945041038819
 -253.935663394946 -627.0440646270383 26.57882194482798 112.3541240991824 741.8557978485687
 -253.935663394946 -627.0440646270383 26.57882194482798 112.3541240991824 741.8557978485687
 -253.935663394946 -627.0440646270383 26.57882194482798 112.3541240991824 741.8557978485687
 -253.935663394946 -627.0440646270383 26.57882194482798 112.3541240991824 741.8557978485687
 371.712684717904 -297.5644430729197 -150.9693948208263 -41.60340753317314 160.8816957959191
 -253.935663394946 -627.0440646270383 26.57882194482798 112.3541240991824 741.8557978485687
 -152.4475414205444 -907.7165081090504 -35.10089318008394 -53.50650115833204 1419.353766716531
 -253.935663394946 -627.0440646270383 26.57882194482798 112.3541240991824 741.8557978485687
 -253.935663394946 -627.0440646270383 26.57882194482798 112.3541240991824 741.8557978485687
 -253.935663394946 -627.0440646270383 26.57882194482798 112.3541240991824 741.8557978485687
 371.712684717904 -297.5644430729197 -150.9693948208263 -41.60340753317314 160.8816957959191
 -253.935663394946 -627.0440646270383 26.57882194482798 112.3541240991824 741.8557978485687
 -253.935663394946 -627.0440646270383 26.57882194482798 112.3541240991824 741.8557978485687
 371.712684717904 -297.5644430729197 -150.9693948208263 -41.60340753317314 160.8816957959191
 371.712684717904 -297.5644430729197 -150.9693948208263 -41.60340753317314 160.8816957959191
 -253.935663394946 -627.0440646270383 26.57882194482798 112.3541240991824 741.8557978485687
 -253.935663394946 -627.0440646270383 26.57882194482798 112.3541240991824 741.8557978485687
 -253.935663394946 -627.0440646270383 26.57882194482798 112.3541240991824 741.8557978485687
 -253.935663394946 -627.0440646270383 26.57882194482798 112.3541240991824 741.8557978485687
 -253.935663394946 -627.0440646270383 26.57882194482798 112.3541240991824 741.8557978485687
 -253.935663394946 -627.0440646270383 26.57882194482798 112.3541240991824 741.8557978485687
 -226.4347253589953 -633.6500063128001 -19.48522574138568 132.4076355648084 705.186006158236
 -253.935663394946 -627.0440646270383 26.57882194482798 112.3541240991824 741.8557978485687
 -253.935663394946 -627.0440646270383 26.57882194482798 112.3541240991824 741.8557978485687
 -253.935663394946 -627.0440646270383 26.57882194482798 112.3541240991824 741.8557978485687
 336.9349312524413 -292.4413552365127 -181.0106242164 -37.3650855658498 211.5019182857371
 202.6997798534754 -323.6021488881731 -79.68321148624146 -205.4386714494379 216.6933689331342
 -253.935663394946 -627.0440646270383 26.57882194482798 112.3541240991824 741.8557978485687
 -253.935663394946 -627.0440646270383 26.57882194482798 112.3541240991824 741.8557978485687
 -253.935663394946 -627.0440646270383 26.57882194482798 112.3541240991824 741.8557978485687
 -253.935663394946 -627.0440646270383 26.57882194482798 112.3541240991824 741.8557978485687
 -253.935663394946 -627.0440646270383 26.57882194482798 112.3541240991824 741.8557978485687
 -253.935663394946 -627.0440646270383 26.57882194482798 112.3541240991824 741.8557978485687
 -253.935663394946 -627.0440646270383 26.57882194482798 112.3541240991824 741.8557978485687
 -238.287380073275 -634.7830682321855 33.66441789449538 143.9181384381334 701.8122776608991
 -253.935663394946 -627.0440646270383 26.57882194482798 112.3541240991824 741.8557978485687
 -274.8790867940521 -604.0146948343842 13.91614390351541 128.8587433058291 770.8857962973549
 -274.8790867940521 -604.0146948343842 13.91614390351541 128.8587433058291 770.8857962973549
 371.712684717904 -297.5644430729197 -150.9693948208263 -41.60340753317314 160.8816957959191
 -253.935663394946 -627.0440646270383 26.57882194482798 112.3541240991824 741.8557978485687
 -274.8790867940521 -604.0146948343842 13.91614390351541 128.8587433058291 770.8857962973549
 379.1452729869285 -262.8319988656224 -170.3859799870585 19.86500050853942 78.51953548409591
 -253.935663394946 -627.0440646270383 26.57882194482798 112.3541240991824 741.8557978485687
 -253.935663394946 -627.0440646270383 26.57882194482798 112.3541240991824 741.8557978485687
 345.8482763280485 -220.636344163094 -217.0721058274095 -29.75305498490223 293.401425983456
 -253.935663394946 -627.0440646270383 26.57882194482798 112.3541240991824 741.8557978485687
 -253.935663394946 -627.0440646270383 26.57882194482798 112.3541240991824 741.8557978485687
 -253.935663394946 -627.0440646270383 26.57882194482798 112.3541240991824 741.8557978485687
 -253.935663394946 -627.0440646270383 26.57882194482798 112.3541240991824 741.8557978485687
 364.23472118982 -347.3150144963531 -191.5988444815424 -61.13962581467295 125.4003623862081
 336.9349312524413 -292.4413552365127 -181.0106242164 -37.3650855658498 211.5019182857371
 -269.5033351140734 -654.9533959477703 69.6350149687902 136.9755347256691 692.2945041038819
 -290.9110494172727 -620.6885737286908 17.07981144372148 115.767883386356 771.6955565490525
 -253.935663394946 -627.0440646270383 26.57882194482798 112.3541240991824 741.8557978485687
 -250.6597336657778 -591.7695236787904 30.60755182479104 113.7836729122684 738.4075295822066
 -289.2373964253523 -628.6901111876153 38.45217442635106 126.3755728843324 734.5512401700081
 -249.6599500821055 -607.3182503690315 24.10868482077067 114.7628062106319 740.5040538279605
 -228.7463910711718 -588.1350499816735 10.95152042791735 105.302770061017 737.3183052862228
 -254.8766481889353 -630.8746649124928 25.49867446516767 131.5322208764399 731.162283711598
