# Created by Octave 4.2.1, Mon Oct 09 17:20:23 2017 BRT <root@mosqueiro>
# name: pop
# type: matrix
# rows: 100
# columns: 5
 -1588.202351786726 2894.70029661723 -1596.340959912981 177.4223866282335 126.7387242699139
 -1588.202351786726 2894.70029661723 -1596.340959912981 177.4223866282335 126.7387242699139
 -1588.202351786726 2894.70029661723 -1596.340959912981 177.4223866282335 126.7387242699139
 -1588.202351786726 2894.70029661723 -1596.340959912981 177.4223866282335 126.7387242699139
 -1588.202351786726 2894.70029661723 -1596.340959912981 177.4223866282335 126.7387242699139
 -1588.202351786726 2894.70029661723 -1596.340959912981 177.4223866282335 126.7387242699139
 -1588.202351786726 2894.70029661723 -1596.340959912981 177.4223866282335 126.7387242699139
 -1757.475250826026 2405.089503402769 -1683.740597767269 1003.586566364162 -236.1092213452838
 -1588.202351786726 2894.70029661723 -1596.340959912981 177.4223866282335 126.7387242699139
 -1588.202351786726 2894.70029661723 -1596.340959912981 177.4223866282335 126.7387242699139
 -1588.202351786726 2894.70029661723 -1596.340959912981 177.4223866282335 126.7387242699139
 -1588.202351786726 2894.70029661723 -1596.340959912981 177.4223866282335 126.7387242699139
 -2750.464619341516 1990.36783394733 -3145.111540043051 -2320.966117862059 -881.8804875967901
 -1324.715018822014 2805.188425554916 -1461.627943892422 -120.5672162811862 1026.081633371096
 349.4869409600421 1540.744473847111 399.1433850275024 -495.0319134604735 -539.7382526386369
 -1769.114367280555 2239.601410693973 -1945.045776679442 26.57341312898816 -290.263864180632
 -2579.51635298563 3198.048776850052 -1418.19531193954 -679.5046850733347 88.78964339910891
 -1588.202351786726 2894.70029661723 -1596.340959912981 177.4223866282335 126.7387242699139
 -1588.202351786726 2894.70029661723 -1596.340959912981 177.4223866282335 126.7387242699139
 -1588.202351786726 2894.70029661723 -1596.340959912981 177.4223866282335 126.7387242699139
 -1588.202351786726 2894.70029661723 -1596.340959912981 177.4223866282335 126.7387242699139
 -1711.865174178409 4075.148868496568 -1830.584205596957 551.8234414369406 509.7846519391161
 -1588.202351786726 2894.70029661723 -1596.340959912981 177.4223866282335 126.7387242699139
 -2022.338664728879 2251.889384678874 -1787.854145306766 649.7439285314656 634.106788916393
 -1588.202351786726 2894.70029661723 -1596.340959912981 177.4223866282335 126.7387242699139
 -1773.11608389377 3388.721001951491 -1393.151278310798 668.3513760120933 564.1763090647758
 -2750.464619341516 1990.36783394733 -3145.111540043051 -2320.966117862059 -881.8804875967901
 -2573.231770789298 511.9932143574627 769.8967244147821 1232.668560964376 1312.628294194259
 -1588.202351786726 2894.70029661723 -1596.340959912981 177.4223866282335 126.7387242699139
 -1588.202351786726 2894.70029661723 -1596.340959912981 177.4223866282335 126.7387242699139
 -1588.202351786726 2894.70029661723 -1596.340959912981 177.4223866282335 126.7387242699139
 -1588.202351786726 2894.70029661723 -1596.340959912981 177.4223866282335 126.7387242699139
 -1588.202351786726 2894.70029661723 -1596.340959912981 177.4223866282335 126.7387242699139
 -1588.202351786726 2894.70029661723 -1596.340959912981 177.4223866282335 126.7387242699139
 -1588.202351786726 2894.70029661723 -1596.340959912981 177.4223866282335 126.7387242699139
 -1588.202351786726 2894.70029661723 -1596.340959912981 177.4223866282335 126.7387242699139
 -1757.475250826026 2405.089503402769 -1683.740597767269 1003.586566364162 -236.1092213452838
 -1588.202351786726 2894.70029661723 -1596.340959912981 177.4223866282335 126.7387242699139
 -1588.202351786726 2894.70029661723 -1596.340959912981 177.4223866282335 126.7387242699139
 -1588.202351786726 2894.70029661723 -1596.340959912981 177.4223866282335 126.7387242699139
 -3337.365401965598 1626.040646003051 -1108.066949966697 210.2908692998568 2283.15931594946
 -1588.202351786726 2894.70029661723 -1596.340959912981 177.4223866282335 126.7387242699139
 -1588.202351786726 2894.70029661723 -1596.340959912981 177.4223866282335 126.7387242699139
 -1588.202351786726 2894.70029661723 -1596.340959912981 177.4223866282335 126.7387242699139
 -1588.202351786726 2894.70029661723 -1596.340959912981 177.4223866282335 126.7387242699139
 -1588.202351786726 2894.70029661723 -1596.340959912981 177.4223866282335 126.7387242699139
 -427.9566066142786 3662.661026282177 -922.0665755444612 1026.689748337765 829.7501454879357
 -1588.202351786726 2894.70029661723 -1596.340959912981 177.4223866282335 126.7387242699139
 -65.65062037190376 70.76194568041251 914.0841798698098 -173.2646525218461 -717.8799681070566
 -1588.202351786726 2894.70029661723 -1596.340959912981 177.4223866282335 126.7387242699139
 -1588.202351786726 2894.70029661723 -1596.340959912981 177.4223866282335 126.7387242699139
 -2573.231770789298 511.9932143574627 769.8967244147821 1232.668560964376 1312.628294194259
 -1773.11608389377 3388.721001951491 -1393.151278310798 668.3513760120933 564.1763090647758
 -1588.202351786726 2894.70029661723 -1596.340959912981 177.4223866282335 126.7387242699139
 -1588.202351786726 2894.70029661723 -1596.340959912981 177.4223866282335 126.7387242699139
 -1588.202351786726 2894.70029661723 -1596.340959912981 177.4223866282335 126.7387242699139
 -1588.202351786726 2894.70029661723 -1596.340959912981 177.4223866282335 126.7387242699139
 -1588.202351786726 2894.70029661723 -1596.340959912981 177.4223866282335 126.7387242699139
 -1440.50470233564 2312.377411493937 -2458.806772495673 836.1342860467259 724.5564249903829
 -1588.202351786726 2894.70029661723 -1596.340959912981 177.4223866282335 126.7387242699139
 -1711.865174178409 4075.148868496568 -1830.584205596957 551.8234414369406 509.7846519391161
 -1588.202351786726 2894.70029661723 -1596.340959912981 177.4223866282335 126.7387242699139
 -1588.202351786726 2894.70029661723 -1596.340959912981 177.4223866282335 126.7387242699139
 -65.65062037190376 70.76194568041251 914.0841798698098 -173.2646525218461 -717.8799681070566
 -2638.717554949091 2111.00292889429 -2002.081591303554 1455.717701784044 404.4162448380059
 -1711.865174178409 4075.148868496568 -1830.584205596957 551.8234414369406 509.7846519391161
 -1588.202351786726 2894.70029661723 -1596.340959912981 177.4223866282335 126.7387242699139
 -2573.231770789298 511.9932143574627 769.8967244147821 1232.668560964376 1312.628294194259
 -1588.202351786726 2894.70029661723 -1596.340959912981 177.4223866282335 126.7387242699139
 -1451.579155049662 3020.85130726023 -1825.964006732615 533.330869613399 -497.6527249516671
 -877.602745154413 4849.577849848356 -711.0579114570219 -755.2065913433154 1030.428231039139
 -1588.202351786726 2894.70029661723 -1596.340959912981 177.4223866282335 126.7387242699139
 -65.65062037190376 70.76194568041251 914.0841798698098 -173.2646525218461 -717.8799681070566
 -1588.202351786726 2894.70029661723 -1596.340959912981 177.4223866282335 126.7387242699139
 -2573.231770789298 511.9932143574627 769.8967244147821 1232.668560964376 1312.628294194259
 -513.8798427847407 3023.958683274641 -2326.681555476857 -126.0619083106616 -884.3476586523017
 -1588.202351786726 2894.70029661723 -1596.340959912981 177.4223866282335 126.7387242699139
 2898.485396079306 -2552.156963448432 2428.964428821254 -1773.631704167136 -4715.620271320366
 -1588.202351786726 2894.70029661723 -1596.340959912981 177.4223866282335 126.7387242699139
 -1588.202351786726 2894.70029661723 -1596.340959912981 177.4223866282335 126.7387242699139
 -3028.546688241942 1675.140911630028 -819.4703446606685 34.73176189667876 2525.713240347675
 -1261.418546303828 2671.689959899278 -2261.61172597487 868.7244612936353 -33.84194996316029
 -798.5342090509815 3492.789341139857 -1995.092293345689 379.8684575459432 323.7684243688087
 -1795.438273117675 3209.861549999333 -1410.171863174687 347.5067145457355 -524.0338717186272
 -840.9450437064708 2886.014747463052 -1235.0942738479 -461.9911833934254 232.1999385652915
