# Created by Octave 4.2.1, Mon Oct 09 17:20:27 2017 BRT <root@mosqueiro>
# name: pop
# type: matrix
# rows: 100
# columns: 5
 -1839.684958251766 2096.009296667185 -701.400970639829 -286.9482603066398 734.1843559263679
 -1839.684958251766 2096.009296667185 -701.400970639829 -286.9482603066398 734.1843559263679
 -1588.202351786726 2894.70029661723 -1596.340959912981 177.4223866282335 126.7387242699139
 -1588.202351786726 2894.70029661723 -1596.340959912981 177.4223866282335 126.7387242699139
 -1839.684958251766 2096.009296667185 -701.400970639829 -286.9482603066398 734.1843559263679
 -1588.202351786726 2894.70029661723 -1596.340959912981 177.4223866282335 126.7387242699139
 -1588.202351786726 2894.70029661723 -1596.340959912981 177.4223866282335 126.7387242699139
 -1588.202351786726 2894.70029661723 -1596.340959912981 177.4223866282335 126.7387242699139
 -1839.684958251766 2096.009296667185 -701.400970639829 -286.9482603066398 734.1843559263679
 -1839.684958251766 2096.009296667185 -701.400970639829 -286.9482603066398 734.1843559263679
 -1839.684958251766 2096.009296667185 -701.400970639829 -286.9482603066398 734.1843559263679
 -1839.684958251766 2096.009296667185 -701.400970639829 -286.9482603066398 734.1843559263679
 -1839.684958251766 2096.009296667185 -701.400970639829 -286.9482603066398 734.1843559263679
 -1440.50470233564 2312.377411493937 -2458.806772495673 836.1342860467259 724.5564249903829
 -1839.684958251766 2096.009296667185 -701.400970639829 -286.9482603066398 734.1843559263679
 -1839.684958251766 2096.009296667185 -701.400970639829 -286.9482603066398 734.1843559263679
 -1792.118922411347 3195.448245177061 -1630.921761095587 192.9156772900661 292.0335154743228
 -1783.433728826656 1898.228450708212 -732.3695896068082 -408.4819425426911 982.9024524471844
 -1839.684958251766 2096.009296667185 -701.400970639829 -286.9482603066398 734.1843559263679
 -1588.202351786726 2894.70029661723 -1596.340959912981 177.4223866282335 126.7387242699139
 -3787.270017307775 3615.664110075783 -564.7942759931612 3035.99196389871 -583.0815011829185
 -1320.869208211781 2973.278930241156 -1636.428597311057 557.4311091689449 72.47076196541377
 -1604.932747153811 3690.312460772334 -2189.455538628783 631.395905842191 719.6222787807114
 -512.5224418582006 2864.620420186712 -1205.211877674986 394.0076808521202 -91.85950073721652
 -1783.433728826656 1898.228450708212 -732.3695896068082 -408.4819425426911 982.9024524471844
 -1713.33291374488 2766.323807978518 -1236.9535681614 -8.24350627916175 -167.4925214814788
 -1839.684958251766 2096.009296667185 -701.400970639829 -286.9482603066398 734.1843559263679
 -1588.202351786726 2894.70029661723 -1596.340959912981 177.4223866282335 126.7387242699139
 -1839.684958251766 2096.009296667185 -701.400970639829 -286.9482603066398 734.1843559263679
 -1839.684958251766 2096.009296667185 -701.400970639829 -286.9482603066398 734.1843559263679
 -1795.438273117675 3209.861549999333 -1410.171863174687 347.5067145457355 -524.0338717186272
 -1680.717764521641 2518.413721918002 -1609.024843260812 378.9076905102136 -94.51539805099105
 -1588.202351786726 2894.70029661723 -1596.340959912981 177.4223866282335 126.7387242699139
 -1588.202351786726 2894.70029661723 -1596.340959912981 177.4223866282335 126.7387242699139
 -1839.684958251766 2096.009296667185 -701.400970639829 -286.9482603066398 734.1843559263679
 -2065.6465953815 1927.888811420346 -630.5583566965302 -213.983598728756 1132.818708118381
 -1588.202351786726 2894.70029661723 -1596.340959912981 177.4223866282335 126.7387242699139
 -1588.202351786726 2894.70029661723 -1596.340959912981 177.4223866282335 126.7387242699139
 -1839.684958251766 2096.009296667185 -701.400970639829 -286.9482603066398 734.1843559263679
 -1839.684958251766 2096.009296667185 -701.400970639829 -286.9482603066398 734.1843559263679
 -1606.31661125009 2874.458485464365 -1808.904970130664 84.59063601636169 7.390845239836864
 -1839.684958251766 2096.009296667185 -701.400970639829 -286.9482603066398 734.1843559263679
 -1588.202351786726 2894.70029661723 -1596.340959912981 177.4223866282335 126.7387242699139
 -1839.684958251766 2096.009296667185 -701.400970639829 -286.9482603066398 734.1843559263679
 -1588.202351786726 2894.70029661723 -1596.340959912981 177.4223866282335 126.7387242699139
 -1588.202351786726 2894.70029661723 -1596.340959912981 177.4223866282335 126.7387242699139
 -1839.684958251766 2096.009296667185 -701.400970639829 -286.9482603066398 734.1843559263679
 -1839.684958251766 2096.009296667185 -701.400970639829 -286.9482603066398 734.1843559263679
 -2045.323054108006 2267.108077506317 -751.5544750808705 -247.3750037232179 633.2323046139863
 -1588.202351786726 2894.70029661723 -1596.340959912981 177.4223866282335 126.7387242699139
 -2045.323054108006 2267.108077506317 -751.5544750808705 -247.3750037232179 633.2323046139863
 -1588.202351786726 2894.70029661723 -1596.340959912981 177.4223866282335 126.7387242699139
 -1377.184073849606 1119.511648423219 -1447.682400100291 1414.087408601462 -362.076530727556
 -1839.684958251766 2096.009296667185 -701.400970639829 -286.9482603066398 734.1843559263679
 -1839.684958251766 2096.009296667185 -701.400970639829 -286.9482603066398 734.1843559263679
 -1680.717764521641 2518.413721918002 -1609.024843260812 378.9076905102136 -94.51539805099105
 -2045.323054108006 2267.108077506317 -751.5544750808705 -247.3750037232179 633.2323046139863
 -1320.869208211781 2973.278930241156 -1636.428597311057 557.4311091689449 72.47076196541377
 -1839.684958251766 2096.009296667185 -701.400970639829 -286.9482603066398 734.1843559263679
 -1839.684958251766 2096.009296667185 -701.400970639829 -286.9482603066398 734.1843559263679
 -1588.202351786726 2894.70029661723 -1596.340959912981 177.4223866282335 126.7387242699139
 -1588.202351786726 2894.70029661723 -1596.340959912981 177.4223866282335 126.7387242699139
 -1377.184073849606 1119.511648423219 -1447.682400100291 1414.087408601462 -362.076530727556
 -1604.932747153811 3690.312460772334 -2189.455538628783 631.395905842191 719.6222787807114
 -1197.761790075654 2170.465765555594 -1255.358071661076 621.9499279506666 891.7478207108431
 -1839.684958251766 2096.009296667185 -701.400970639829 -286.9482603066398 734.1843559263679
 -1588.202351786726 2894.70029661723 -1596.340959912981 177.4223866282335 126.7387242699139
 -1588.202351786726 2894.70029661723 -1596.340959912981 177.4223866282335 126.7387242699139
 -1423.122993951118 1541.300624851022 -1816.116943473213 1012.884368136907 -29.52831152632291
 -65.65062037190376 70.76194568041251 914.0841798698098 -173.2646525218461 -717.8799681070566
 -1839.684958251766 2096.009296667185 -701.400970639829 -286.9482603066398 734.1843559263679
 -1588.202351786726 2894.70029661723 -1596.340959912981 177.4223866282335 126.7387242699139
 -513.8798427847407 3023.958683274641 -2326.681555476857 -126.0619083106616 -884.3476586523017
 -1839.684958251766 2096.009296667185 -701.400970639829 -286.9482603066398 734.1843559263679
 -1839.684958251766 2096.009296667185 -701.400970639829 -286.9482603066398 734.1843559263679
 -1588.202351786726 2894.70029661723 -1596.340959912981 177.4223866282335 126.7387242699139
 -1839.684958251766 2096.009296667185 -701.400970639829 -286.9482603066398 734.1843559263679
 -1588.202351786726 2894.70029661723 -1596.340959912981 177.4223866282335 126.7387242699139
 -1560.663123388277 3018.832379705881 -1652.180649394313 322.9925460013102 539.3872388157004
 -1588.202351786726 2894.70029661723 -1596.340959912981 177.4223866282335 126.7387242699139
 -2179.540439646797 1861.461527245161 -658.1811118702113 -194.9165418104713 1358.620435330874
 -1841.314780597272 2741.877776680163 -1634.649460088888 229.4335773979403 359.9359067894129
 -1638.132676390033 3046.194409178354 -1497.966195254459 45.66977633301937 125.7089784003695
 -518.5249199106725 3317.655000853556 -2344.334878767347 139.7739623734443 -942.4351790904283
