# Created by Octave 4.2.1, Mon Oct 09 17:20:29 2017 BRT <root@mosqueiro>
# name: pop
# type: matrix
# rows: 100
# columns: 5
 -1839.684958251766 2096.009296667185 -701.400970639829 -286.9482603066398 734.1843559263679
 -1839.684958251766 2096.009296667185 -701.400970639829 -286.9482603066398 734.1843559263679
 -1418.126644880102 2276.373646915921 -2401.613114368732 866.408857147592 693.9135133331578
 -1841.314780597272 2741.877776680163 -1634.649460088888 229.4335773979403 359.9359067894129
 -1839.684958251766 2096.009296667185 -701.400970639829 -286.9482603066398 734.1843559263679
 -1839.684958251766 2096.009296667185 -701.400970639829 -286.9482603066398 734.1843559263679
 -3808.455380693153 3581.688729869676 -573.2948302997365 3050.969836486374 -573.2219659272938
 -1839.684958251766 2096.009296667185 -701.400970639829 -286.9482603066398 734.1843559263679
 -1839.684958251766 2096.009296667185 -701.400970639829 -286.9482603066398 734.1843559263679
 -1418.126644880102 2276.373646915921 -2401.613114368732 866.408857147592 693.9135133331578
 -1616.842249454711 2806.633834823607 -1618.407803969035 192.9298928921077 158.9610654321379
 -1839.684958251766 2096.009296667185 -701.400970639829 -286.9482603066398 734.1843559263679
 -1839.684958251766 2096.009296667185 -701.400970639829 -286.9482603066398 734.1843559263679
 -539.3380812029735 3103.956640827811 -2301.600792786307 -174.5405464770811 -816.8242696944997
 -1802.430420039165 2111.170502747326 -607.3931809835158 -319.6849157757447 720.9868461969584
 -1839.684958251766 2096.009296667185 -701.400970639829 -286.9482603066398 734.1843559263679
 -1718.739793927182 2949.296054249766 -1696.861595898454 148.2073036176873 129.4246662318153
 -1839.684958251766 2096.009296667185 -701.400970639829 -286.9482603066398 734.1843559263679
 -1839.684958251766 2096.009296667185 -701.400970639829 -286.9482603066398 734.1843559263679
 -1616.842249454711 2806.633834823607 -1618.407803969035 192.9298928921077 158.9610654321379
 -1844.45818454207 2190.933319985697 -604.8894244986923 -338.7590410452074 653.760595265134
 -1764.90405074018 1830.202516487897 -801.6187920541221 -418.1467504435636 958.8401664336653
 -2166.677693250913 2141.761395768393 -430.5197476238059 -437.9416659396973 1029.153360656765
 -1839.684958251766 2096.009296667185 -701.400970639829 -286.9482603066398 734.1843559263679
 -1831.195378436325 2129.512822531105 -680.7169885729325 -280.5542632582685 661.4268279375638
 -1839.684958251766 2096.009296667185 -701.400970639829 -286.9482603066398 734.1843559263679
 -1713.33291374488 2766.323807978518 -1236.9535681614 -8.24350627916175 -167.4925214814788
 -1623.78362981574 2869.674304121247 -1639.150537496522 183.0070601033432 164.5481083332251
 -1839.684958251766 2096.009296667185 -701.400970639829 -286.9482603066398 734.1843559263679
 -1874.804426822124 2133.894476462574 -674.5601357211124 -238.6434580952662 770.4057431663718
 -1809.795022921544 3237.495075044097 -1615.404906200659 245.203621135208 335.7471428677139
 -1839.684958251766 2096.009296667185 -701.400970639829 -286.9482603066398 734.1843559263679
 -2072.90892641865 2167.990749887193 -862.8630111209981 43.04721600428885 245.6705052653381
 -1839.684958251766 2096.009296667185 -701.400970639829 -286.9482603066398 734.1843559263679
 -1839.684958251766 2096.009296667185 -701.400970639829 -286.9482603066398 734.1843559263679
 -1703.41368242808 2844.96504630092 -1615.738726956081 186.3256483936802 117.1450117650985
 -1839.684958251766 2096.009296667185 -701.400970639829 -286.9482603066398 734.1843559263679
 -1560.663123388277 3018.832379705881 -1652.180649394313 322.9925460013102 539.3872388157004
 -1839.684958251766 2096.009296667185 -701.400970639829 -286.9482603066398 734.1843559263679
 -1839.684958251766 2096.009296667185 -701.400970639829 -286.9482603066398 734.1843559263679
 -1839.684958251766 2096.009296667185 -701.400970639829 -286.9482603066398 734.1843559263679
 -1595.538963971768 2931.140979942051 -1536.99463658398 39.96237877154547 159.5967163643
 -1839.684958251766 2096.009296667185 -701.400970639829 -286.9482603066398 734.1843559263679
 -1839.684958251766 2096.009296667185 -701.400970639829 -286.9482603066398 734.1843559263679
 -1588.202351786726 2894.70029661723 -1596.340959912981 177.4223866282335 126.7387242699139
 -1839.684958251766 2096.009296667185 -701.400970639829 -286.9482603066398 734.1843559263679
 -1839.684958251766 2096.009296667185 -701.400970639829 -286.9482603066398 734.1843559263679
 -1839.684958251766 2096.009296667185 -701.400970639829 -286.9482603066398 734.1843559263679
 -1839.684958251766 2096.009296667185 -701.400970639829 -286.9482603066398 734.1843559263679
 -1839.684958251766 2096.009296667185 -701.400970639829 -286.9482603066398 734.1843559263679
 -1418.126644880102 2276.373646915921 -2401.613114368732 866.408857147592 693.9135133331578
 -1616.842249454711 2806.633834823607 -1618.407803969035 192.9298928921077 158.9610654321379
 -539.3380812029735 3103.956640827811 -2301.600792786307 -174.5405464770811 -816.8242696944997
 -1839.684958251766 2096.009296667185 -701.400970639829 -286.9482603066398 734.1843559263679
 -1826.605073082413 2053.567564095199 -643.9887469731389 -290.9984128476781 683.3100958721884
 -1839.684958251766 2096.009296667185 -701.400970639829 -286.9482603066398 734.1843559263679
 -1839.684958251766 2096.009296667185 -701.400970639829 -286.9482603066398 734.1843559263679
 -1839.684958251766 2096.009296667185 -701.400970639829 -286.9482603066398 734.1843559263679
 -1595.538963971768 2931.140979942051 -1536.99463658398 39.96237877154547 159.5967163643
 -1839.684958251766 2096.009296667185 -701.400970639829 -286.9482603066398 734.1843559263679
 -1809.795022921544 3237.495075044097 -1615.404906200659 245.203621135208 335.7471428677139
 -1839.684958251766 2096.009296667185 -701.400970639829 -286.9482603066398 734.1843559263679
 -1839.684958251766 2096.009296667185 -701.400970639829 -286.9482603066398 734.1843559263679
 -1826.605073082413 2053.567564095199 -643.9887469731389 -290.9984128476781 683.3100958721884
 -1839.684958251766 2096.009296667185 -701.400970639829 -286.9482603066398 734.1843559263679
 -1623.78362981574 2869.674304121247 -1639.150537496522 183.0070601033432 164.5481083332251
 -1839.684958251766 2096.009296667185 -701.400970639829 -286.9482603066398 734.1843559263679
 -1588.202351786726 2894.70029661723 -1596.340959912981 177.4223866282335 126.7387242699139
 -1839.684958251766 2096.009296667185 -701.400970639829 -286.9482603066398 734.1843559263679
 -1809.795022921544 3237.495075044097 -1615.404906200659 245.203621135208 335.7471428677139
 -1839.684958251766 2096.009296667185 -701.400970639829 -286.9482603066398 734.1843559263679
 -1713.33291374488 2766.323807978518 -1236.9535681614 -8.24350627916175 -167.4925214814788
 -1844.45818454207 2190.933319985697 -604.8894244986923 -338.7590410452074 653.760595265134
 -1839.684958251766 2096.009296667185 -701.400970639829 -286.9482603066398 734.1843559263679
 -1783.433728826656 1898.228450708212 -732.3695896068082 -408.4819425426911 982.9024524471844
 -1839.684958251766 2096.009296667185 -701.400970639829 -286.9482603066398 734.1843559263679
 -1841.314780597272 2741.877776680163 -1634.649460088888 229.4335773979403 359.9359067894129
 -1839.684958251766 2096.009296667185 -701.400970639829 -286.9482603066398 734.1843559263679
 -1839.684958251766 2096.009296667185 -701.400970639829 -286.9482603066398 734.1843559263679
 -1595.538963971768 2931.140979942051 -1536.99463658398 39.96237877154547 159.5967163643
 -1808.515541022589 2125.025728615497 -713.9895701131805 -254.291758236842 699.5742064962869
 -1836.818156088002 2107.379679229796 -667.7455652107924 -306.8614969265097 747.2982839071487
 -1809.985026099254 2065.868423182263 -750.5032593387009 -265.011318882524 702.644265478016
 -1847.212148712578 2114.567451356406 -682.3334764384513 -318.6382385968566 777.7520508720058
