# Created by Octave 4.2.1, Mon Oct 09 17:19:32 2017 BRT <root@mosqueiro>
# name: pop
# type: matrix
# rows: 100
# columns: 5
 519.4728756767718 -155.2592947316223 -148.0349984023058 -1177.251877574481 962.9284581758027
 519.4728756767718 -155.2592947316223 -148.0349984023058 -1177.251877574481 962.9284581758027
 700.202071926257 -241.675683134943 -211.3281813172684 -1082.325141918107 855.1075212584375
 371.2699808431087 -78.30856770618486 -287.6914585636283 -1271.042958440755 1028.781240926517
 519.4728756767718 -155.2592947316223 -148.0349984023058 -1177.251877574481 962.9284581758027
 519.4728756767718 -155.2592947316223 -148.0349984023058 -1177.251877574481 962.9284581758027
 519.4728756767718 -155.2592947316223 -148.0349984023058 -1177.251877574481 962.9284581758027
 700.202071926257 -241.675683134943 -211.3281813172684 -1082.325141918107 855.1075212584375
 519.4728756767718 -155.2592947316223 -148.0349984023058 -1177.251877574481 962.9284581758027
 519.4728756767718 -155.2592947316223 -148.0349984023058 -1177.251877574481 962.9284581758027
 686.8417703790665 -216.9210669497385 -210.7992149051099 -850.8807529991977 871.152803228665
 -1070.609273573485 -1355.396538912942 2998.346205298913 594.1983305294773 -8.106089673758916
 700.202071926257 -241.675683134943 -211.3281813172684 -1082.325141918107 855.1075212584375
 700.202071926257 -241.675683134943 -211.3281813172684 -1082.325141918107 855.1075212584375
 519.4728756767718 -155.2592947316223 -148.0349984023058 -1177.251877574481 962.9284581758027
 879.8174128213321 -248.0585968158037 -355.6423847990339 -1004.372144768413 736.0847960871461
 -235.5005714393208 -921.2541475222483 913.4689538388329 -596.9912945706869 739.7269128683798
 -235.5005714393208 -921.2541475222483 913.4689538388329 -596.9912945706869 739.7269128683798
 -1070.609273573485 -1355.396538912942 2998.346205298913 594.1983305294773 -8.106089673758916
 879.8174128213321 -248.0585968158037 -355.6423847990339 -1004.372144768413 736.0847960871461
 632.2401940978066 -256.8809808632147 -361.3435962965208 -1002.833874721978 831.6208892465634
 839.5606877077311 -251.9223342046789 -345.7543325574568 -984.9209387592432 748.2204833296909
 700.202071926257 -241.675683134943 -211.3281813172684 -1082.325141918107 855.1075212584375
 879.8174128213321 -248.0585968158037 -355.6423847990339 -1004.372144768413 736.0847960871461
 700.202071926257 -241.675683134943 -211.3281813172684 -1082.325141918107 855.1075212584375
 879.8174128213321 -248.0585968158037 -355.6423847990339 -1004.372144768413 736.0847960871461
 519.4728756767718 -155.2592947316223 -148.0349984023058 -1177.251877574481 962.9284581758027
 700.202071926257 -241.675683134943 -211.3281813172684 -1082.325141918107 855.1075212584375
 519.4728756767718 -155.2592947316223 -148.0349984023058 -1177.251877574481 962.9284581758027
 519.4728756767718 -155.2592947316223 -148.0349984023058 -1177.251877574481 962.9284581758027
 700.202071926257 -241.675683134943 -211.3281813172684 -1082.325141918107 855.1075212584375
 700.202071926257 -241.675683134943 -211.3281813172684 -1082.325141918107 855.1075212584375
 700.202071926257 -241.675683134943 -211.3281813172684 -1082.325141918107 855.1075212584375
 700.202071926257 -241.675683134943 -211.3281813172684 -1082.325141918107 855.1075212584375
 692.3883975545233 -265.2530278030225 -223.3650850193566 -1121.527237190591 862.1191690403191
 929.070059430936 -264.0647628214249 -325.7345703693901 -1012.098287316931 722.3807410150745
 879.8174128213321 -248.0585968158037 -355.6423847990339 -1004.372144768413 736.0847960871461
 519.4728756767718 -155.2592947316223 -148.0349984023058 -1177.251877574481 962.9284581758027
 700.202071926257 -241.675683134943 -211.3281813172684 -1082.325141918107 855.1075212584375
 -41.07621434153113 -938.1066956135751 1205.398960089297 -893.4966054619124 1018.508993003772
 519.4728756767718 -155.2592947316223 -148.0349984023058 -1177.251877574481 962.9284581758027
 -41.07621434153113 -938.1066956135751 1205.398960089297 -893.4966054619124 1018.508993003772
 519.4728756767718 -155.2592947316223 -148.0349984023058 -1177.251877574481 962.9284581758027
 698.923044910593 -213.3732930848742 -241.0206151106232 -1098.082785364384 702.9537668130316
 519.4728756767718 -155.2592947316223 -148.0349984023058 -1177.251877574481 962.9284581758027
 650.9237525687615 -226.3018208535013 -210.9603703396244 -1142.089182866043 894.8306573409219
 632.2401940978066 -256.8809808632147 -361.3435962965208 -1002.833874721978 831.6208892465634
 632.2401940978066 -256.8809808632147 -361.3435962965208 -1002.833874721978 831.6208892465634
 396.776814505072 439.8493149526664 277.5661536720481 -1473.862774762507 -411.7448265559731
 -41.07621434153113 -938.1066956135751 1205.398960089297 -893.4966054619124 1018.508993003772
 700.202071926257 -241.675683134943 -211.3281813172684 -1082.325141918107 855.1075212584375
 519.4728756767718 -155.2592947316223 -148.0349984023058 -1177.251877574481 962.9284581758027
 519.4728756767718 -155.2592947316223 -148.0349984023058 -1177.251877574481 962.9284581758027
 632.2401940978066 -256.8809808632147 -361.3435962965208 -1002.833874721978 831.6208892465634
 371.2699808431087 -78.30856770618486 -287.6914585636283 -1271.042958440755 1028.781240926517
 519.4728756767718 -155.2592947316223 -148.0349984023058 -1177.251877574481 962.9284581758027
 -302.478186598225 -928.6314835573835 1156.607579219826 -672.7781998300347 1051.712279363731
 650.9237525687615 -226.3018208535013 -210.9603703396244 -1142.089182866043 894.8306573409219
 -936.0042654662924 -1369.730325840454 3064.94701272283 706.51840159278 116.1264020186529
 -1070.609273573485 -1355.396538912942 2998.346205298913 594.1983305294773 -8.106089673758916
 879.8174128213321 -248.0585968158037 -355.6423847990339 -1004.372144768413 736.0847960871461
 519.4728756767718 -155.2592947316223 -148.0349984023058 -1177.251877574481 962.9284581758027
 519.4728756767718 -155.2592947316223 -148.0349984023058 -1177.251877574481 962.9284581758027
 700.202071926257 -241.675683134943 -211.3281813172684 -1082.325141918107 855.1075212584375
 388.3133690992963 -364.8999765618566 -60.62009127648258 -1399.124123762344 670.6317209121443
 700.202071926257 -241.675683134943 -211.3281813172684 -1082.325141918107 855.1075212584375
 700.202071926257 -241.675683134943 -211.3281813172684 -1082.325141918107 855.1075212584375
 700.202071926257 -241.675683134943 -211.3281813172684 -1082.325141918107 855.1075212584375
 879.8174128213321 -248.0585968158037 -355.6423847990339 -1004.372144768413 736.0847960871461
 676.8189702192631 -24.04142389066638 -339.9591854404241 -823.8205935191041 806.6557773603245
 519.4728756767718 -155.2592947316223 -148.0349984023058 -1177.251877574481 962.9284581758027
 698.923044910593 -213.3732930848742 -241.0206151106232 -1098.082785364384 702.9537668130316
 700.202071926257 -241.675683134943 -211.3281813172684 -1082.325141918107 855.1075212584375
 879.8174128213321 -248.0585968158037 -355.6423847990339 -1004.372144768413 736.0847960871461
 632.2401940978066 -256.8809808632147 -361.3435962965208 -1002.833874721978 831.6208892465634
 879.8174128213321 -248.0585968158037 -355.6423847990339 -1004.372144768413 736.0847960871461
 879.8174128213321 -248.0585968158037 -355.6423847990339 -1004.372144768413 736.0847960871461
 -41.07621434153113 -938.1066956135751 1205.398960089297 -893.4966054619124 1018.508993003772
 519.4728756767718 -155.2592947316223 -148.0349984023058 -1177.251877574481 962.9284581758027
 519.4728756767718 -155.2592947316223 -148.0349984023058 -1177.251877574481 962.9284581758027
 505.9620773103338 -178.8214982891544 -189.9367434126423 -1172.386070295903 933.0376151755227
 901.7022865286776 -215.6319995511063 -316.5720892069398 -1016.273553277735 682.3096042381054
 678.8155599355673 -270.9682281139465 -216.3674618271182 -1094.154832060393 841.0528163190808
 645.9290023342949 -220.8580983396568 -225.8831445942703 -1131.855998801543 720.8186396627382
