# Created by Octave 4.2.1, Mon Oct 09 17:18:30 2017 BRT <root@mosqueiro>
# name: pop
# type: matrix
# rows: 100
# columns: 5
 273.5834623549927 557.8691306680512 -41.37860459162653 97.93759642750979 -884.9501209890717
 273.5834623549927 557.8691306680512 -41.37860459162653 97.93759642750979 -884.9501209890717
 273.5834623549927 557.8691306680512 -41.37860459162653 97.93759642750979 -884.9501209890717
 228.4490980444868 412.6789159859953 48.96679078433178 18.98538089633485 -841.3813740489194
 273.5834623549927 557.8691306680512 -41.37860459162653 97.93759642750979 -884.9501209890717
 273.5834623549927 557.8691306680512 -41.37860459162653 97.93759642750979 -884.9501209890717
 216.366198122017 595.2385269015782 -187.5093905315276 -90.22264248050692 -1031.968967985074
 273.5834623549927 557.8691306680512 -41.37860459162653 97.93759642750979 -884.9501209890717
 273.5834623549927 557.8691306680512 -41.37860459162653 97.93759642750979 -884.9501209890717
 273.5834623549927 557.8691306680512 -41.37860459162653 97.93759642750979 -884.9501209890717
 216.366198122017 595.2385269015782 -187.5093905315276 -90.22264248050692 -1031.968967985074
 390.2523713076908 312.3306069990697 230.8565164925947 -196.753644405952 -715.4505745412935
 273.5834623549927 557.8691306680512 -41.37860459162653 97.93759642750979 -884.9501209890717
 314.5689917644328 559.5782973289417 10.37368904055768 88.20732414660563 -734.8898782077824
 273.5834623549927 557.8691306680512 -41.37860459162653 97.93759642750979 -884.9501209890717
 273.5834623549927 557.8691306680512 -41.37860459162653 97.93759642750979 -884.9501209890717
 312.2651988109251 1073.951150909875 -1335.7985874297 -580.3126893884659 618.6885636133534
 256.2430007926349 622.8186317749463 -148.1828597958955 125.4419964158636 -674.6096113118924
 -442.2029352581735 1192.783476023636 287.2412584292011 -51.45782515167784 -798.047393205101
 256.2430007926349 622.8186317749463 -148.1828597958955 125.4419964158636 -674.6096113118924
 -442.2029352581735 1192.783476023636 287.2412584292011 -51.45782515167784 -798.047393205101
 273.5834623549927 557.8691306680512 -41.37860459162653 97.93759642750979 -884.9501209890717
 273.5834623549927 557.8691306680512 -41.37860459162653 97.93759642750979 -884.9501209890717
 3139.898924756871 427.7090560981967 -1300.288836392841 -334.4358713972825 690.4477915889892
 3139.898924756871 427.7090560981967 -1300.288836392841 -334.4358713972825 690.4477915889892
 306.5859782013546 534.3782682717139 -60.08871817828154 338.5026959904103 -863.6157919553855
 273.5834623549927 557.8691306680512 -41.37860459162653 97.93759642750979 -884.9501209890717
 3139.898924756871 427.7090560981967 -1300.288836392841 -334.4358713972825 690.4477915889892
 273.5834623549927 557.8691306680512 -41.37860459162653 97.93759642750979 -884.9501209890717
 273.5834623549927 557.8691306680512 -41.37860459162653 97.93759642750979 -884.9501209890717
 273.5834623549927 557.8691306680512 -41.37860459162653 97.93759642750979 -884.9501209890717
 273.5834623549927 557.8691306680512 -41.37860459162653 97.93759642750979 -884.9501209890717
 273.5834623549927 557.8691306680512 -41.37860459162653 97.93759642750979 -884.9501209890717
 273.5834623549927 557.8691306680512 -41.37860459162653 97.93759642750979 -884.9501209890717
 910.4046318954242 -2609.634174444704 -287.7418797460642 3010.376338775692 -579.0674136131889
 311.943345183397 540.7787449934206 -101.1677235382972 -29.60864500231993 -979.9204503533136
 273.5834623549927 557.8691306680512 -41.37860459162653 97.93759642750979 -884.9501209890717
 311.943345183397 540.7787449934206 -101.1677235382972 -29.60864500231993 -979.9204503533136
 273.5834623549927 557.8691306680512 -41.37860459162653 97.93759642750979 -884.9501209890717
 228.4490980444868 412.6789159859953 48.96679078433178 18.98538089633485 -841.3813740489194
 273.5834623549927 557.8691306680512 -41.37860459162653 97.93759642750979 -884.9501209890717
 273.5834623549927 557.8691306680512 -41.37860459162653 97.93759642750979 -884.9501209890717
 273.5834623549927 557.8691306680512 -41.37860459162653 97.93759642750979 -884.9501209890717
 273.5834623549927 557.8691306680512 -41.37860459162653 97.93759642750979 -884.9501209890717
 273.5834623549927 557.8691306680512 -41.37860459162653 97.93759642750979 -884.9501209890717
 273.5834623549927 557.8691306680512 -41.37860459162653 97.93759642750979 -884.9501209890717
 306.5859782013546 534.3782682717139 -60.08871817828154 338.5026959904103 -863.6157919553855
 273.5834623549927 557.8691306680512 -41.37860459162653 97.93759642750979 -884.9501209890717
 297.0857115438421 632.6866583018713 -165.0192373579049 9.465304225964317 -817.2742149968675
 447.7842898426097 712.48579715296 -7.993108740888488 -122.5526357626568 -1150.966859748646
 1171.504930827304 226.4298298309768 -499.6588205390385 -516.5135504349726 -189.6425617836665
 191.5814948044455 531.6368202028025 46.00306841900017 40.54078938973268 -811.9795502619334
 209.9528383478009 467.8939144704324 -125.4688475190199 397.0533067433086 -895.0246936561459
 273.5834623549927 557.8691306680512 -41.37860459162653 97.93759642750979 -884.9501209890717
 273.5834623549927 557.8691306680512 -41.37860459162653 97.93759642750979 -884.9501209890717
 273.5834623549927 557.8691306680512 -41.37860459162653 97.93759642750979 -884.9501209890717
 273.5834623549927 557.8691306680512 -41.37860459162653 97.93759642750979 -884.9501209890717
 191.5814948044455 531.6368202028025 46.00306841900017 40.54078938973268 -811.9795502619334
 273.5834623549927 557.8691306680512 -41.37860459162653 97.93759642750979 -884.9501209890717
 273.5834623549927 557.8691306680512 -41.37860459162653 97.93759642750979 -884.9501209890717
 273.5834623549927 557.8691306680512 -41.37860459162653 97.93759642750979 -884.9501209890717
 273.5834623549927 557.8691306680512 -41.37860459162653 97.93759642750979 -884.9501209890717
 312.2651988109251 1073.951150909875 -1335.7985874297 -580.3126893884659 618.6885636133534
 252.2524940576319 623.156113007178 -38.14876174637563 162.4569655031108 -930.8477767136546
 273.5834623549927 557.8691306680512 -41.37860459162653 97.93759642750979 -884.9501209890717
 273.5834623549927 557.8691306680512 -41.37860459162653 97.93759642750979 -884.9501209890717
 308.5781343144109 425.8458672044042 -217.5973361903949 70.90686147683277 -676.4640413744116
 273.5834623549927 557.8691306680512 -41.37860459162653 97.93759642750979 -884.9501209890717
 273.5834623549927 557.8691306680512 -41.37860459162653 97.93759642750979 -884.9501209890717
 887.8162286245931 291.7491326640434 -474.5312803286442 -630.9145322129206 -202.567780318749
 447.7842898426097 712.48579715296 -7.993108740888488 -122.5526357626568 -1150.966859748646
 273.5834623549927 557.8691306680512 -41.37860459162653 97.93759642750979 -884.9501209890717
 273.5834623549927 557.8691306680512 -41.37860459162653 97.93759642750979 -884.9501209890717
 273.5834623549927 557.8691306680512 -41.37860459162653 97.93759642750979 -884.9501209890717
 308.5781343144109 425.8458672044042 -217.5973361903949 70.90686147683277 -676.4640413744116
 191.5814948044455 531.6368202028025 46.00306841900017 40.54078938973268 -811.9795502619334
 308.5781343144109 425.8458672044042 -217.5973361903949 70.90686147683277 -676.4640413744116
 273.5834623549927 557.8691306680512 -41.37860459162653 97.93759642750979 -884.9501209890717
 273.5834623549927 557.8691306680512 -41.37860459162653 97.93759642750979 -884.9501209890717
 273.5834623549927 557.8691306680512 -41.37860459162653 97.93759642750979 -884.9501209890717
 78.51643221123298 500.2588382682786 214.7798052554275 335.6727784567344 -779.5601448059355
 181.5555082986978 457.8723599996814 -86.71190021308323 11.20531542315211 -890.5658756372974
 56.12117106874599 403.2403796170339 257.2925472500736 400.9351275492666 -797.5364491229299
 295.5237658454714 605.9707474884312 -101.36232685596 38.74373880174448 -891.2763160307928
