# Created by Octave 4.2.1, Mon Oct 09 17:19:06 2017 BRT <root@mosqueiro>
# name: pop
# type: matrix
# rows: 100
# columns: 5
 -890.4859804495616 374.4288634100113 -121.9791359105691 494.8518481982784 142.4318233402542
 -890.4859804495616 374.4288634100113 -121.9791359105691 494.8518481982784 142.4318233402542
 -890.4859804495616 374.4288634100113 -121.9791359105691 494.8518481982784 142.4318233402542
 -890.4859804495616 374.4288634100113 -121.9791359105691 494.8518481982784 142.4318233402542
 -890.4859804495616 374.4288634100113 -121.9791359105691 494.8518481982784 142.4318233402542
 -890.4859804495616 374.4288634100113 -121.9791359105691 494.8518481982784 142.4318233402542
 -922.4387560238375 422.534544850865 -125.0128506303313 591.3513039625861 35.61498341077896
 -898.330748938852 384.9769342641647 -119.4649488495087 493.0826402215598 141.0886312478332
 -898.330748938852 384.9769342641647 -119.4649488495087 493.0826402215598 141.0886312478332
 -898.330748938852 384.9769342641647 -119.4649488495087 493.0826402215598 141.0886312478332
 -890.4607655716057 374.3785520715428 -122.568891410784 495.2165879726242 142.250014789845
 -923.2760684297428 421.6583668164366 -126.0221965987921 589.9009819478523 37.82142784440577
 -958.6690571618232 345.5235424359493 -330.8093401848893 365.2521146620747 579.1457357440687
 -891.7792768270467 375.3239014169557 -122.2838857310421 494.6240403373281 142.6904435933239
 -894.7324558324568 376.9718403124309 -119.0247615560578 495.7286491983705 141.8803459641845
 -890.4859804495616 374.4288634100113 -121.9791359105691 494.8518481982784 142.4318233402542
 -890.4859804495616 374.4288634100113 -121.9791359105691 494.8518481982784 142.4318233402542
 -898.330748938852 384.9769342641647 -119.4649488495087 493.0826402215598 141.0886312478332
 -890.4859804495616 374.4288634100113 -121.9791359105691 494.8518481982784 142.4318233402542
 -890.4859804495616 374.4288634100113 -121.9791359105691 494.8518481982784 142.4318233402542
 -890.4859804495616 374.4288634100113 -121.9791359105691 494.8518481982784 142.4318233402542
 -949.3501094302809 328.1792227366875 -327.7998549818341 363.6395403821098 591.0421121212014
 -890.2094508988386 374.1734160891477 -123.3832923867305 493.991688341395 142.391867962706
 -890.4859804495616 374.4288634100113 -121.9791359105691 494.8518481982784 142.4318233402542
 -890.4859804495616 374.4288634100113 -121.9791359105691 494.8518481982784 142.4318233402542
 -898.330748938852 384.9769342641647 -119.4649488495087 493.0826402215598 141.0886312478332
 -897.8226095797796 384.653249764079 -119.2127280189075 492.4234890614307 142.3060234193755
 -890.4859804495616 374.4288634100113 -121.9791359105691 494.8518481982784 142.4318233402542
 -888.5910805448774 374.2621101757348 -122.1826595417364 494.325078760521 141.8409809261389
 -890.4859804495616 374.4288634100113 -121.9791359105691 494.8518481982784 142.4318233402542
 -898.330748938852 384.9769342641647 -119.4649488495087 493.0826402215598 141.0886312478332
 -890.4859804495616 374.4288634100113 -121.9791359105691 494.8518481982784 142.4318233402542
 -898.330748938852 384.9769342641647 -119.4649488495087 493.0826402215598 141.0886312478332
 -890.4859804495616 374.4288634100113 -121.9791359105691 494.8518481982784 142.4318233402542
 -898.330748938852 384.9769342641647 -119.4649488495087 493.0826402215598 141.0886312478332
 -897.8226095797796 384.653249764079 -119.2127280189075 492.4234890614307 142.3060234193755
 -941.362779225544 428.1518289349605 -151.3726550827922 619.2882170582583 64.22515667136491
 -890.4859804495616 374.4288634100113 -121.9791359105691 494.8518481982784 142.4318233402542
 -890.4859804495616 374.4288634100113 -121.9791359105691 494.8518481982784 142.4318233402542
 -898.330748938852 384.9769342641647 -119.4649488495087 493.0826402215598 141.0886312478332
 -890.4859804495616 374.4288634100113 -121.9791359105691 494.8518481982784 142.4318233402542
 -890.2094508988386 374.1734160891477 -123.3832923867305 493.991688341395 142.391867962706
 -890.4859804495616 374.4288634100113 -121.9791359105691 494.8518481982784 142.4318233402542
 -898.330748938852 384.9769342641647 -119.4649488495087 493.0826402215598 141.0886312478332
 -890.4859804495616 374.4288634100113 -121.9791359105691 494.8518481982784 142.4318233402542
 -923.2760684297428 421.6583668164366 -126.0221965987921 589.9009819478523 37.82142784440577
 -890.4859804495616 374.4288634100113 -121.9791359105691 494.8518481982784 142.4318233402542
 -890.4859804495616 374.4288634100113 -121.9791359105691 494.8518481982784 142.4318233402542
 -890.4859804495616 374.4288634100113 -121.9791359105691 494.8518481982784 142.4318233402542
 -923.2760684297428 421.6583668164366 -126.0221965987921 589.9009819478523 37.82142784440577
 -890.4859804495616 374.4288634100113 -121.9791359105691 494.8518481982784 142.4318233402542
 -890.4859804495616 374.4288634100113 -121.9791359105691 494.8518481982784 142.4318233402542
 -890.4859804495616 374.4288634100113 -121.9791359105691 494.8518481982784 142.4318233402542
 -890.4859804495616 374.4288634100113 -121.9791359105691 494.8518481982784 142.4318233402542
 -898.1384308813491 384.3728573136543 -117.6811210422764 494.771259476615 139.2395092578476
 -890.4859804495616 374.4288634100113 -121.9791359105691 494.8518481982784 142.4318233402542
 -923.8394377744058 423.3528703020049 -125.0438858182515 587.8001912146131 35.5361581995405
 -958.6690571618232 345.5235424359493 -330.8093401848893 365.2521146620747 579.1457357440687
 -926.8081957216854 448.0185506352606 -108.3600930488532 578.4587457332686 -26.2654489658977
 -898.330748938852 384.9769342641647 -119.4649488495087 493.0826402215598 141.0886312478332
 -890.4859804495616 374.4288634100113 -121.9791359105691 494.8518481982784 142.4318233402542
 -890.4859804495616 374.4288634100113 -121.9791359105691 494.8518481982784 142.4318233402542
 -898.330748938852 384.9769342641647 -119.4649488495087 493.0826402215598 141.0886312478332
 -957.1171658963643 344.2696292569207 -330.1573757835191 365.9246597478426 580.9280080315252
 -890.4859804495616 374.4288634100113 -121.9791359105691 494.8518481982784 142.4318233402542
 -923.2760684297428 421.6583668164366 -126.0221965987921 589.9009819478523 37.82142784440577
 -958.6690571618232 345.5235424359493 -330.8093401848893 365.2521146620747 579.1457357440687
 -890.4859804495616 374.4288634100113 -121.9791359105691 494.8518481982784 142.4318233402542
 -898.330748938852 384.9769342641647 -119.4649488495087 493.0826402215598 141.0886312478332
 -898.1384308813491 384.3728573136543 -117.6811210422764 494.771259476615 139.2395092578476
 -898.330748938852 384.9769342641647 -119.4649488495087 493.0826402215598 141.0886312478332
 -899.0761635287282 382.5914563228328 -119.3216454996285 490.124960262771 138.958062325261
 -890.4859804495616 374.4288634100113 -121.9791359105691 494.8518481982784 142.4318233402542
 -957.1171658963643 344.2696292569207 -330.1573757835191 365.9246597478426 580.9280080315252
 -946.5800964626044 421.8042360111521 -148.047736676037 628.4522506702981 58.41513703749531
 -888.5910805448774 374.2621101757348 -122.1826595417364 494.325078760521 141.8409809261389
 -890.1327229272304 374.4976208682963 -121.0159135546155 495.6859419781742 142.6816259649449
 -898.330748938852 384.9769342641647 -119.4649488495087 493.0826402215598 141.0886312478332
 -890.4859804495616 374.4288634100113 -121.9791359105691 494.8518481982784 142.4318233402542
 -898.330748938852 384.9769342641647 -119.4649488495087 493.0826402215598 141.0886312478332
 -890.6019874532504 374.4639831701476 -121.97268360543 494.6527698259593 142.8566967661073
 -890.4353076269853 374.724158483082 -121.7745446320276 494.9857571790622 142.6269466534625
 -898.3548799917157 385.0538777058384 -119.6105901918797 492.7035232600165 141.513918984555
 -890.2284905192693 373.896638667993 -121.7871427536929 494.7992794608047 142.5689555709019
 -890.9506508241011 374.8314042256916 -121.7846548012352 494.9831850061361 142.1012285994441
