# Created by Octave 4.2.1, Mon Oct 09 17:20:17 2017 BRT <root@mosqueiro>
# name: pop
# type: matrix
# rows: 100
# columns: 5
 -2506.175330205816 2630.308146856089 -1240.752970239811 37.05177694149796 1098.55554622419
 -65.65062037190376 70.76194568041251 914.0841798698098 -173.2646525218461 -717.8799681070566
 -2506.175330205816 2630.308146856089 -1240.752970239811 37.05177694149796 1098.55554622419
 -476.0051858494033 434.651250280986 871.9735987805973 -518.8249713599572 -353.8974489320753
 -309.7792900869686 1213.778664341947 1836.441945193323 -2307.634537645699 -672.6677173213013
 609.258856058389 715.924675809742 -705.1230799872806 237.2012145506515 -909.8852685666267
 -282.7147476056239 818.9691076640074 -308.2652944654384 321.2273519674131 -495.1801709611902
 -282.7147476056239 818.9691076640074 -308.2652944654384 321.2273519674131 -495.1801709611902
 351.0761685202688 -705.7052294616767 313.1708438560299 -945.8581974487694 262.6722470911327
 -251.2142937678891 449.2222787552219 -263.6360338665153 -787.2627835203668 492.327745101755
 -2506.175330205816 2630.308146856089 -1240.752970239811 37.05177694149796 1098.55554622419
 -313.9167998254932 823.0269704774105 996.6083957548949 -185.5894135538717 -773.5673465544999
 609.258856058389 715.924675809742 -705.1230799872806 237.2012145506515 -909.8852685666267
 19.91598059168371 -671.2056589697277 69.97301152501382 -480.9154492926483 -185.3447473684403
 -65.65062037190376 70.76194568041251 914.0841798698098 -173.2646525218461 -717.8799681070566
 -251.2142937678891 449.2222787552219 -263.6360338665153 -787.2627835203668 492.327745101755
 -282.7147476056239 818.9691076640074 -308.2652944654384 321.2273519674131 -495.1801709611902
 -2794.289671778085 3794.946612857104 47.02655446727326 -838.6681103234007 701.3347827587213
 -282.7147476056239 818.9691076640074 -308.2652944654384 321.2273519674131 -495.1801709611902
 566.7983581314866 -266.905241099442 -63.66148707606419 193.1235256773355 -66.67780520359088
 79.56894080869347 -536.9348032295326 -244.4685569499273 525.3893534513149 258.8569674296589
 609.258856058389 715.924675809742 -705.1230799872806 237.2012145506515 -909.8852685666267
 -65.65062037190376 70.76194568041251 914.0841798698098 -173.2646525218461 -717.8799681070566
 499.0607729169172 519.1616705996463 -323.1784699566497 -3621.209528234462 2819.058636479382
 -617.3885723967236 951.2465278601289 1100.308941031485 -2343.501615157834 80.64468207476557
 79.56894080869347 -536.9348032295326 -244.4685569499273 525.3893534513149 258.8569674296589
 -65.65062037190376 70.76194568041251 914.0841798698098 -173.2646525218461 -717.8799681070566
 2290.744423885155 -1682.508510935534 -1116.043056159437 1898.14886071379 -1824.826957332957
 -476.0051858494033 434.651250280986 871.9735987805973 -518.8249713599572 -353.8974489320753
 340.3788087936728 60.04626364563819 -631.5885845040573 -211.9415445987705 372.2045417971465
 -65.65062037190376 70.76194568041251 914.0841798698098 -173.2646525218461 -717.8799681070566
 -282.7147476056239 818.9691076640074 -308.2652944654384 321.2273519674131 -495.1801709611902
 79.56894080869347 -536.9348032295326 -244.4685569499273 525.3893534513149 258.8569674296589
 -2506.175330205816 2630.308146856089 -1240.752970239811 37.05177694149796 1098.55554622419
 -65.65062037190376 70.76194568041251 914.0841798698098 -173.2646525218461 -717.8799681070566
 -478.6252171169124 73.4593314877834 297.7194901925354 953.9293009892122 -965.0853200378513
 716.4741036902777 -1803.597759491967 -556.1898289698918 3886.964976400188 -1243.470829879114
 -62.68548793578714 -159.1421999106278 747.3505499006565 11.34594611737145 460.5541620640824
 2120.030064501563 -2314.341042218477 473.6318345094957 1577.483838380384 -1382.008158579359
 -65.65062037190376 70.76194568041251 914.0841798698098 -173.2646525218461 -717.8799681070566
 -65.65062037190376 70.76194568041251 914.0841798698098 -173.2646525218461 -717.8799681070566
 -2506.175330205816 2630.308146856089 -1240.752970239811 37.05177694149796 1098.55554622419
 -65.65062037190376 70.76194568041251 914.0841798698098 -173.2646525218461 -717.8799681070566
 -1309.259456633873 -2841.653680502064 -1292.862225742398 -1926.929708556133 134.5452338415792
 -282.7147476056239 818.9691076640074 -308.2652944654384 321.2273519674131 -495.1801709611902
 -65.65062037190376 70.76194568041251 914.0841798698098 -173.2646525218461 -717.8799681070566
 -65.65062037190376 70.76194568041251 914.0841798698098 -173.2646525218461 -717.8799681070566
 -313.9167998254932 823.0269704774105 996.6083957548949 -185.5894135538717 -773.5673465544999
 92.60628181675929 -434.6504196253144 734.1411534626818 277.1889970324221 -466.1087707409472
 98.3805745730624 306.3648225414088 -191.2230915582547 -891.9145276092538 973.6311266047892
 -65.65062037190376 70.76194568041251 914.0841798698098 -173.2646525218461 -717.8799681070566
 79.56894080869347 -536.9348032295326 -244.4685569499273 525.3893534513149 258.8569674296589
 -764.1251533471457 795.29781480266 -922.7745182850983 -343.8214916246015 67.79665705024081
 79.56894080869347 -536.9348032295326 -244.4685569499273 525.3893534513149 258.8569674296589
 -282.7147476056239 818.9691076640074 -308.2652944654384 321.2273519674131 -495.1801709611902
 -65.65062037190376 70.76194568041251 914.0841798698098 -173.2646525218461 -717.8799681070566
 -65.65062037190376 70.76194568041251 914.0841798698098 -173.2646525218461 -717.8799681070566
 -65.65062037190376 70.76194568041251 914.0841798698098 -173.2646525218461 -717.8799681070566
 -65.65062037190376 70.76194568041251 914.0841798698098 -173.2646525218461 -717.8799681070566
 -282.7147476056239 818.9691076640074 -308.2652944654384 321.2273519674131 -495.1801709611902
 -65.65062037190376 70.76194568041251 914.0841798698098 -173.2646525218461 -717.8799681070566
 -5614.385924669867 172.1014282105148 -1581.071650505 53.90519734054976 -7328.828147588101
 -65.65062037190376 70.76194568041251 914.0841798698098 -173.2646525218461 -717.8799681070566
 -65.65062037190376 70.76194568041251 914.0841798698098 -173.2646525218461 -717.8799681070566
 -65.65062037190376 70.76194568041251 914.0841798698098 -173.2646525218461 -717.8799681070566
 -65.65062037190376 70.76194568041251 914.0841798698098 -173.2646525218461 -717.8799681070566
 114.5408900833008 3284.38150369425 2158.156183832762 -7402.422803063818 3407.495609891106
 -1756.480138844466 -1455.047210473097 -2260.709224645235 -1373.927721969328 -2385.679304359116
 -2506.175330205816 2630.308146856089 -1240.752970239811 37.05177694149796 1098.55554622419
 609.258856058389 715.924675809742 -705.1230799872806 237.2012145506515 -909.8852685666267
 -611.6192653043223 455.4229234209934 -228.0284299828891 518.4429559956259 -16.97919194090252
 730.2750681066323 978.0833670210743 842.3019676456241 3969.06299316534 -1099.135318763854
 340.3788087936728 60.04626364563819 -631.5885845040573 -211.9415445987705 372.2045417971465
 -941.0071804874107 23.52735000183111 176.3141394843001 509.2467486964053 -85.94228055852534
 -65.65062037190376 70.76194568041251 914.0841798698098 -173.2646525218461 -717.8799681070566
 114.5408900833008 3284.38150369425 2158.156183832762 -7402.422803063818 3407.495609891106
 107.7227835522581 -47.29865733037786 45.43112132312422 -887.6066617233469 -416.6209642762627
 416.318551558232 -766.0735996576213 1987.234729122149 1010.740052886777 -3060.413206604455
 -941.0071804874107 23.52735000183111 176.3141394843001 509.2467486964053 -85.94228055852534
 -282.7147476056239 818.9691076640074 -308.2652944654384 321.2273519674131 -495.1801709611902
 -1384.53490817771 -3319.924632000452 -6777.031417848912 -234.7080140225744 -1012.34911065236
 -1361.781793012073 3180.098475800877 2925.31290013067 -844.2558915915429 -1387.922597735299
 705.763817856997 1054.416851828616 463.8773158991497 -3145.724384907384 -80.67774856909784
 -181.4116232719861 102.4013258385075 652.173202690338 -1.140054327868626 -1813.502982631727
