# Created by Octave 4.2.1, Mon Oct 09 17:18:17 2017 BRT <root@mosqueiro>
# name: pop
# type: matrix
# rows: 100
# columns: 5
 273.5834623549927 557.8691306680512 -41.37860459162653 97.93759642750979 -884.9501209890717
 273.5834623549927 557.8691306680512 -41.37860459162653 97.93759642750979 -884.9501209890717
 524.435677887773 1900.501360156904 1344.825117328212 -1055.060806118014 3790.579310960499
 696.4847035316254 -454.8708265402673 -756.7081726287663 80.80311271097412 448.4090097603746
 38.48251421113309 -977.6496593683652 -418.6829224788943 -250.494472880394 982.3217089843508
 70.12261162699474 -971.9197003141401 818.5379462014928 187.8877952406149 -159.6870942604497
 534.8678195356648 -1324.090466563171 -2089.410234239845 615.0801559573122 361.6660804180984
 696.4847035316254 -454.8708265402673 -756.7081726287663 80.80311271097412 448.4090097603746
 -419.4264660960333 679.8907153372925 62.66861788258507 -394.6783189980837 754.5617107020437
 -377.3831341878865 424.1567808469258 -46.40209694574207 342.8465138419119 -400.8275126897146
 213.2721644644769 -522.9804567243521 589.2857232574165 326.6116662637064 849.7292839495872
 534.8678195356648 -1324.090466563171 -2089.410234239845 615.0801559573122 361.6660804180984
 -643.3665121652598 -259.3994047531565 -600.229164953722 512.0570001521353 823.7810041879534
 -377.3831341878865 424.1567808469258 -46.40209694574207 342.8465138419119 -400.8275126897146
 -1905.148356653505 1853.016108632953 2067.258956479455 -938.7235081473939 1293.227280985031
 529.4216039616431 50.68402088120729 735.4932445590896 912.7214125664684 637.498801791081
 -377.3831341878865 424.1567808469258 -46.40209694574207 342.8465138419119 -400.8275126897146
 -236.0265858597634 132.7828522934074 -256.4024861907299 825.4538015626792 -534.3548654727556
 -236.0265858597634 132.7828522934074 -256.4024861907299 825.4538015626792 -534.3548654727556
 696.4847035316254 -454.8708265402673 -756.7081726287663 80.80311271097412 448.4090097603746
 -377.3831341878865 424.1567808469258 -46.40209694574207 342.8465138419119 -400.8275126897146
 70.12261162699474 -971.9197003141401 818.5379462014928 187.8877952406149 -159.6870942604497
 -89.22837173835319 -101.79515446482 289.2448111690937 -454.4077739764264 667.6712712945578
 3116.774961018124 -1157.913712438394 845.6622058683574 2372.838180112677 -254.0978276054021
 273.5834623549927 557.8691306680512 -41.37860459162653 97.93759642750979 -884.9501209890717
 -643.3665121652598 -259.3994047531565 -600.229164953722 512.0570001521353 823.7810041879534
 273.5834623549927 557.8691306680512 -41.37860459162653 97.93759642750979 -884.9501209890717
 -979.8030842305153 -7.965624771727107 -993.2582150518538 470.1488587120912 -256.1070881782163
 1952.414040529783 3715.483621152141 -1226.549173406223 188.7340657801826 -617.3066566415959
 -4387.908790324742 -1507.256439606294 -3670.097643641404 -765.6057504020102 -1654.644997342526
 -377.3831341878865 424.1567808469258 -46.40209694574207 342.8465138419119 -400.8275126897146
 273.5834623549927 557.8691306680512 -41.37860459162653 97.93759642750979 -884.9501209890717
 696.4847035316254 -454.8708265402673 -756.7081726287663 80.80311271097412 448.4090097603746
 790.8608165829701 285.4275900128807 46.24597296522438 -471.6298223380431 378.4101110781462
 273.5834623549927 557.8691306680512 -41.37860459162653 97.93759642750979 -884.9501209890717
 273.5834623549927 557.8691306680512 -41.37860459162653 97.93759642750979 -884.9501209890717
 -140.8821236979337 822.6086306753257 -953.032529286583 887.1598938645964 -169.5688718942704
 70.12261162699474 -971.9197003141401 818.5379462014928 187.8877952406149 -159.6870942604497
 213.2721644644769 -522.9804567243521 589.2857232574165 326.6116662637064 849.7292839495872
 601.0862403341509 -220.2120699144782 -849.3007433160568 -60.1118543008497 670.5555975727268
 -195.3081497921404 -394.1794985960136 650.521052274046 831.0606187548415 -358.3566708351217
 530.6962294827376 664.9595063746524 -2200.405075422277 -907.0963790770527 -208.0893292657769
 -3477.614248601858 -1329.750688379234 454.5136583670555 -2471.765661739107 1040.271726457644
 -169.3397222079388 432.1907280796836 -330.2724434073659 396.0375846612596 584.5628290557111
 790.8608165829701 285.4275900128807 46.24597296522438 -471.6298223380431 378.4101110781462
 319.4549721320459 493.4019775643067 -238.1792210751012 -492.8506850035962 251.0108782086284
 330.2151187986551 325.6758825508834 199.1882995226347 -399.3555268060936 -72.1836985867269
 554.9802148740919 -209.6714785466293 635.390472875757 -3.011433939735639 239.3509603985337
 -55.6304852420933 275.7817992616535 39.31556850881498 307.539429991966 32.33659398657164
 -979.8030842305153 -7.965624771727107 -993.2582150518538 470.1488587120912 -256.1070881782163
 698.6500679018936 -888.2740316025761 335.836394926717 -485.6435702165579 859.9919684030538
 877.7617403000772 -224.898329401077 -927.4031474533812 -726.8811330047481 841.4919337616677
 462.0208538307452 549.4129770335876 -178.8142929845581 604.2639847392886 -815.4085454219876
 641.5231650632131 -150.5732530594698 396.5038963330176 968.537592007531 -794.7240884331396
 475.8203804238908 946.3329489708842 606.4741709416739 -786.8661517876192 584.8668856660017
 696.4847035316254 -454.8708265402673 -756.7081726287663 80.80311271097412 448.4090097603746
 5.600431085923674 -1348.726220465632 2279.985586794654 2704.076861092532 2015.732338108601
 641.5231650632131 -150.5732530594698 396.5038963330176 968.537592007531 -794.7240884331396
 641.5231650632131 -150.5732530594698 396.5038963330176 968.537592007531 -794.7240884331396
 486.6220698806114 -425.1085968921464 -796.6158500192805 867.5753854798736 -320.8474836992702
 917.9061051775229 122.6765009201386 432.0468457325512 -758.4304467561153 -646.6321158183275
 280.889420976745 448.2719694597131 214.8797472914453 -830.5092753259123 366.1152952794764
 917.9061051775229 122.6765009201386 432.0468457325512 -758.4304467561153 -646.6321158183275
 135.7690307458488 -260.2600777252972 795.4092877179555 117.7518004887179 647.758184646365
 38.48251421113309 -977.6496593683652 -418.6829224788943 -250.494472880394 982.3217089843508
 865.549092518854 -557.4595310021481 195.066458970161 -593.6264833055538 777.3918001085226
 70.12261162699474 -971.9197003141401 818.5379462014928 187.8877952406149 -159.6870942604497
 -3477.614248601858 -1329.750688379234 454.5136583670555 -2471.765661739107 1040.271726457644
 790.8608165829701 285.4275900128807 46.24597296522438 -471.6298223380431 378.4101110781462
 273.5834623549927 557.8691306680512 -41.37860459162653 97.93759642750979 -884.9501209890717
 330.2151187986551 325.6758825508834 199.1882995226347 -399.3555268060936 -72.1836985867269
 696.4847035316254 -454.8708265402673 -756.7081726287663 80.80311271097412 448.4090097603746
 1820.935727950053 1896.683963898332 -3382.620483422319 552.8908575171301 -4392.940839366605
 -1653.988656410537 -722.8881669439327 447.3362861883668 1547.410670636981 1150.155137422773
 273.5834623549927 557.8691306680512 -41.37860459162653 97.93759642750979 -884.9501209890717
 696.4847035316254 -454.8708265402673 -756.7081726287663 80.80311271097412 448.4090097603746
 -279.2185302675471 -345.9239494388592 -960.9536441743095 311.6650066668897 255.6780476625306
 -190.1906202944793 -820.115530656519 931.4800967556714 -233.7561801880142 737.0649870287734
 696.4847035316254 -454.8708265402673 -756.7081726287663 80.80311271097412 448.4090097603746
 698.6500679018936 -888.2740316025761 335.836394926717 -485.6435702165579 859.9919684030538
 -1456.873097686713 589.6274894371098 -527.977499059626 1763.092587678856 2623.225124168886
 726.753347037338 1757.663719198906 -189.4367865331573 -5234.82794967325 4319.297494517205
 1651.474101407705 2599.454855228051 -3613.587164241203 -3536.773704331307 -1008.921013745798
 -595.0009545854348 1341.337982810814 922.0647568759856 683.1520482048362 -3088.127173729353
