# Created by Octave 4.2.1, Mon Oct 09 17:18:58 2017 BRT <root@mosqueiro>
# name: pop
# type: matrix
# rows: 100
# columns: 5
 -922.4387560238375 422.534544850865 -125.0128506303313 591.3513039625861 35.61498341077896
 -922.4387560238375 422.534544850865 -125.0128506303313 591.3513039625861 35.61498341077896
 -949.3501094302809 328.1792227366875 -327.7998549818341 363.6395403821098 591.0421121212014
 -922.4387560238375 422.534544850865 -125.0128506303313 591.3513039625861 35.61498341077896
 -949.3501094302809 328.1792227366875 -327.7998549818341 363.6395403821098 591.0421121212014
 -949.3501094302809 328.1792227366875 -327.7998549818341 363.6395403821098 591.0421121212014
 -949.3501094302809 328.1792227366875 -327.7998549818341 363.6395403821098 591.0421121212014
 -740.0812443056229 -261.0217900321334 -36.46923379602072 812.9975577392072 269.7047144134333
 -871.8757562547933 -2.919390255052861 -158.5773399513396 646.219259481462 447.1697330149249
 -949.3501094302809 328.1792227366875 -327.7998549818341 363.6395403821098 591.0421121212014
 -922.4387560238375 422.534544850865 -125.0128506303313 591.3513039625861 35.61498341077896
 -740.0812443056229 -261.0217900321334 -36.46923379602072 812.9975577392072 269.7047144134333
 407.5878382639306 -963.7121010455674 531.7892926624822 1403.839027865722 664.5772654991522
 -775.5778153617103 -196.8205441551589 -86.94995531413916 951.2897208032603 54.97436724996467
 -740.0812443056229 -261.0217900321334 -36.46923379602072 812.9975577392072 269.7047144134333
 -971.228731049792 552.8177722591823 -172.458279009783 370.4699158520079 825.5107296007469
 -740.0812443056229 -261.0217900321334 -36.46923379602072 812.9975577392072 269.7047144134333
 -949.3501094302809 328.1792227366875 -327.7998549818341 363.6395403821098 591.0421121212014
 -677.4700022293598 1.833802638566226 358.208403648453 1553.059630179051 -173.1878527874107
 -740.0812443056229 -261.0217900321334 -36.46923379602072 812.9975577392072 269.7047144134333
 -252.0888064199843 173.3796006406802 -298.0342640809105 497.5152987301517 283.9155536459955
 -740.0812443056229 -261.0217900321334 -36.46923379602072 812.9975577392072 269.7047144134333
 -871.9477130287812 81.69856949235415 -319.4814893551471 215.6694529709064 851.8972152820082
 -740.0812443056229 -261.0217900321334 -36.46923379602072 812.9975577392072 269.7047144134333
 -922.4387560238375 422.534544850865 -125.0128506303313 591.3513039625861 35.61498341077896
 -949.3501094302809 328.1792227366875 -327.7998549818341 363.6395403821098 591.0421121212014
 -740.0812443056229 -261.0217900321334 -36.46923379602072 812.9975577392072 269.7047144134333
 -949.3501094302809 328.1792227366875 -327.7998549818341 363.6395403821098 591.0421121212014
 -922.4387560238375 422.534544850865 -125.0128506303313 591.3513039625861 35.61498341077896
 -740.0812443056229 -261.0217900321334 -36.46923379602072 812.9975577392072 269.7047144134333
 -949.3501094302809 328.1792227366875 -327.7998549818341 363.6395403821098 591.0421121212014
 -740.0812443056229 -261.0217900321334 -36.46923379602072 812.9975577392072 269.7047144134333
 -1184.881724656042 -86.48910599381271 -1901.775119778665 -1818.622776556842 -768.0254424748344
 -740.0812443056229 -261.0217900321334 -36.46923379602072 812.9975577392072 269.7047144134333
 -949.3501094302809 328.1792227366875 -327.7998549818341 363.6395403821098 591.0421121212014
 -949.3501094302809 328.1792227366875 -327.7998549818341 363.6395403821098 591.0421121212014
 -956.1012381375904 -370.6753739335109 31.70677241923482 600.0854039063296 165.3991853629657
 -949.3501094302809 328.1792227366875 -327.7998549818341 363.6395403821098 591.0421121212014
 -949.3501094302809 328.1792227366875 -327.7998549818341 363.6395403821098 591.0421121212014
 -1184.881724656042 -86.48910599381271 -1901.775119778665 -1818.622776556842 -768.0254424748344
 -252.0888064199843 173.3796006406802 -298.0342640809105 497.5152987301517 283.9155536459955
 -922.4387560238375 422.534544850865 -125.0128506303313 591.3513039625861 35.61498341077896
 -949.3501094302809 328.1792227366875 -327.7998549818341 363.6395403821098 591.0421121212014
 -956.1012381375904 -370.6753739335109 31.70677241923482 600.0854039063296 165.3991853629657
 -949.3501094302809 328.1792227366875 -327.7998549818341 363.6395403821098 591.0421121212014
 -922.4387560238375 422.534544850865 -125.0128506303313 591.3513039625861 35.61498341077896
 -61.78407682456623 -564.3920720607986 -490.5782021232019 1576.067781356273 289.4664869357147
 -313.9317476685852 -440.1228811519476 -307.4876184778257 1482.195744778685 236.8161539476607
 -649.36698268611 -299.821971609536 -413.0194421573202 197.5348090787667 102.7604222256128
 -740.0812443056229 -261.0217900321334 -36.46923379602072 812.9975577392072 269.7047144134333
 -922.4387560238375 422.534544850865 -125.0128506303313 591.3513039625861 35.61498341077896
 -956.1012381375904 -370.6753739335109 31.70677241923482 600.0854039063296 165.3991853629657
 -624.2286673139754 273.7719549968889 -22.81779593678222 710.9913285217737 -80.65769466872894
 -740.0812443056229 -261.0217900321334 -36.46923379602072 812.9975577392072 269.7047144134333
 -92.7459867652662 154.7693339220542 44.05367424690508 526.818003306997 -121.1187230137199
 -740.0812443056229 -261.0217900321334 -36.46923379602072 812.9975577392072 269.7047144134333
 -949.3501094302809 328.1792227366875 -327.7998549818341 363.6395403821098 591.0421121212014
 -92.7459867652662 154.7693339220542 44.05367424690508 526.818003306997 -121.1187230137199
 -740.0812443056229 -261.0217900321334 -36.46923379602072 812.9975577392072 269.7047144134333
 -949.3501094302809 328.1792227366875 -327.7998549818341 363.6395403821098 591.0421121212014
 -922.4387560238375 422.534544850865 -125.0128506303313 591.3513039625861 35.61498341077896
 -724.769308915971 -465.0141751601053 -79.93223662630905 996.1481558995899 282.8415778241296
 -1497.144453212333 1150.124009281358 283.0056356911414 971.8071702866456 -1009.684825663433
 -1497.144453212333 1150.124009281358 283.0056356911414 971.8071702866456 -1009.684825663433
 -949.3501094302809 328.1792227366875 -327.7998549818341 363.6395403821098 591.0421121212014
 -818.5219726958899 177.9639866644299 -50.72365610905261 867.2932040921113 189.090330733235
 -766.5851141051115 -398.1970575963172 4.220759684968748 951.2911654540178 177.3988701745242
 -871.9477130287812 81.69856949235415 -319.4814893551471 215.6694529709064 851.8972152820082
 -740.0812443056229 -261.0217900321334 -36.46923379602072 812.9975577392072 269.7047144134333
 -740.0812443056229 -261.0217900321334 -36.46923379602072 812.9975577392072 269.7047144134333
 -949.3501094302809 328.1792227366875 -327.7998549818341 363.6395403821098 591.0421121212014
 -818.5219726958899 177.9639866644299 -50.72365610905261 867.2932040921113 189.090330733235
 -740.0812443056229 -261.0217900321334 -36.46923379602072 812.9975577392072 269.7047144134333
 -949.3501094302809 328.1792227366875 -327.7998549818341 363.6395403821098 591.0421121212014
 -949.3501094302809 328.1792227366875 -327.7998549818341 363.6395403821098 591.0421121212014
 -949.3501094302809 328.1792227366875 -327.7998549818341 363.6395403821098 591.0421121212014
 -740.0812443056229 -261.0217900321334 -36.46923379602072 812.9975577392072 269.7047144134333
 -92.7459867652662 154.7693339220542 44.05367424690508 526.818003306997 -121.1187230137199
 -922.4387560238375 422.534544850865 -125.0128506303313 591.3513039625861 35.61498341077896
 -922.4387560238375 422.534544850865 -125.0128506303313 591.3513039625861 35.61498341077896
 -701.1102502974518 -332.7163049930907 -36.37947207613253 884.8336314842444 297.8279915912645
 -989.8800153926292 259.0451045281618 -875.9615826181093 399.8798347703213 1254.336908435112
 -564.1265815836647 -158.471801376866 -82.03915576260795 824.4868730779352 227.6554999655262
 -775.4223785739852 78.95180675796087 1030.923364825446 1161.08687997479 1566.380328870234
