# Created by Octave 4.2.1, Mon Oct 09 17:20:09 2017 BRT <root@mosqueiro>
# name: pop
# type: matrix
# rows: 100
# columns: 5
 -251.2115061112459 -627.8961078280947 29.50143107112636 106.4708057643399 742.1552777551062
 -251.2041774232854 -627.859019607154 29.48834905851177 106.3848458470832 742.2209813078717
 -251.1758780791153 -627.9095800589204 29.51574017814841 106.4075520781869 742.1523372951682
 -253.2508292983535 -627.9795303518156 29.72775622904922 108.9975053849123 742.1174513657578
 -251.1758780791153 -627.9095800589204 29.51574017814841 106.4075520781869 742.1523372951682
 -251.1758780791153 -627.9095800589204 29.51574017814841 106.4075520781869 742.1523372951682
 -251.1758780791153 -627.9095800589204 29.51574017814841 106.4075520781869 742.1523372951682
 -255.9617401459099 -631.3066678888308 28.24086324922116 110.8653821003273 747.3709054605207
 -251.1758780791153 -627.9095800589204 29.51574017814841 106.4075520781869 742.1523372951682
 -251.1758780791153 -627.9095800589204 29.51574017814841 106.4075520781869 742.1523372951682
 -251.1758780791153 -627.9095800589204 29.51574017814841 106.4075520781869 742.1523372951682
 -251.1758780791153 -627.9095800589204 29.51574017814841 106.4075520781869 742.1523372951682
 -251.1758780791153 -627.9095800589204 29.51574017814841 106.4075520781869 742.1523372951682
 -251.2115061112459 -627.8961078280947 29.50143107112636 106.4708057643399 742.1552777551062
 -251.1758780791153 -627.9095800589204 29.51574017814841 106.4075520781869 742.1523372951682
 -251.1758780791153 -627.9095800589204 29.51574017814841 106.4075520781869 742.1523372951682
 -251.1758780791153 -627.9095800589204 29.51574017814841 106.4075520781869 742.1523372951682
 -251.2115061112459 -627.8961078280947 29.50143107112636 106.4708057643399 742.1552777551062
 -248.3055124711096 -650.0198865965007 -10.96660220976974 142.2844015557947 718.5622121551552
 -255.9617401459099 -631.3066678888308 28.24086324922116 110.8653821003273 747.3709054605207
 -250.4069558843882 -631.4636996052108 28.79077840672258 107.481666446107 741.3299788571251
 -251.2041774232854 -627.859019607154 29.48834905851177 106.3848458470832 742.2209813078717
 -251.1758780791153 -627.9095800589204 29.51574017814841 106.4075520781869 742.1523372951682
 -256.163281636593 -631.1632845653445 28.24422074307174 110.8898033273441 747.5348446283131
 -251.1758780791153 -627.9095800589204 29.51574017814841 106.4075520781869 742.1523372951682
 -251.1758780791153 -627.9095800589204 29.51574017814841 106.4075520781869 742.1523372951682
 -251.1758780791153 -627.9095800589204 29.51574017814841 106.4075520781869 742.1523372951682
 -253.3172353941327 -628.0276216904056 29.67802370948316 109.0817960119471 742.093225656261
 -251.1758780791153 -627.9095800589204 29.51574017814841 106.4075520781869 742.1523372951682
 -251.1758780791153 -627.9095800589204 29.51574017814841 106.4075520781869 742.1523372951682
 -251.2115061112459 -627.8961078280947 29.50143107112636 106.4708057643399 742.1552777551062
 -251.2115061112459 -627.8961078280947 29.50143107112636 106.4708057643399 742.1552777551062
 -251.1758780791153 -627.9095800589204 29.51574017814841 106.4075520781869 742.1523372951682
 -253.3172353941327 -628.0276216904056 29.67802370948316 109.0817960119471 742.093225656261
 -255.9617401459099 -631.3066678888308 28.24086324922116 110.8653821003273 747.3709054605207
 -253.2508292983535 -627.9795303518156 29.72775622904922 108.9975053849123 742.1174513657578
 -251.1758780791153 -627.9095800589204 29.51574017814841 106.4075520781869 742.1523372951682
 -251.1097417392034 -627.9099612002162 29.50493845029024 106.4440937244217 742.2303089842638
 -253.3959838875359 -627.8833449716572 29.52793579576324 109.0770127409566 742.0903823667642
 -251.1758780791153 -627.9095800589204 29.51574017814841 106.4075520781869 742.1523372951682
 -251.1758780791153 -627.9095800589204 29.51574017814841 106.4075520781869 742.1523372951682
 -251.1758780791153 -627.9095800589204 29.51574017814841 106.4075520781869 742.1523372951682
 -253.3192369336503 -628.0670499402809 29.61585830104746 108.6762769691532 742.3290479840566
 -255.9617401459099 -631.3066678888308 28.24086324922116 110.8653821003273 747.3709054605207
 -251.1758780791153 -627.9095800589204 29.51574017814841 106.4075520781869 742.1523372951682
 -251.1758780791153 -627.9095800589204 29.51574017814841 106.4075520781869 742.1523372951682
 -251.1758780791153 -627.9095800589204 29.51574017814841 106.4075520781869 742.1523372951682
 -251.2041774232854 -627.859019607154 29.48834905851177 106.3848458470832 742.2209813078717
 -251.1758780791153 -627.9095800589204 29.51574017814841 106.4075520781869 742.1523372951682
 -251.1758780791153 -627.9095800589204 29.51574017814841 106.4075520781869 742.1523372951682
 -251.1758780791153 -627.9095800589204 29.51574017814841 106.4075520781869 742.1523372951682
 -256.163281636593 -631.1632845653445 28.24422074307174 110.8898033273441 747.5348446283131
 -251.1758780791153 -627.9095800589204 29.51574017814841 106.4075520781869 742.1523372951682
 -251.1758780791153 -627.9095800589204 29.51574017814841 106.4075520781869 742.1523372951682
 -251.2115061112459 -627.8961078280947 29.50143107112636 106.4708057643399 742.1552777551062
 -251.1758780791153 -627.9095800589204 29.51574017814841 106.4075520781869 742.1523372951682
 -251.1758780791153 -627.9095800589204 29.51574017814841 106.4075520781869 742.1523372951682
 -251.1758780791153 -627.9095800589204 29.51574017814841 106.4075520781869 742.1523372951682
 -251.1203294401522 -628.1173019630379 29.49996841002788 106.4060066522487 742.0626347794052
 -251.2041774232854 -627.859019607154 29.48834905851177 106.3848458470832 742.2209813078717
 -251.1758780791153 -627.9095800589204 29.51574017814841 106.4075520781869 742.1523372951682
 -251.1758780791153 -627.9095800589204 29.51574017814841 106.4075520781869 742.1523372951682
 -251.1758780791153 -627.9095800589204 29.51574017814841 106.4075520781869 742.1523372951682
 -251.1758780791153 -627.9095800589204 29.51574017814841 106.4075520781869 742.1523372951682
 -251.1758780791153 -627.9095800589204 29.51574017814841 106.4075520781869 742.1523372951682
 -250.4069558843882 -631.4636996052108 28.79077840672258 107.481666446107 741.3299788571251
 -251.1758780791153 -627.9095800589204 29.51574017814841 106.4075520781869 742.1523372951682
 -251.1758780791153 -627.9095800589204 29.51574017814841 106.4075520781869 742.1523372951682
 -250.4399259227029 -631.4539160428934 28.941180462969 106.861094273338 741.65512219809
 -255.7944345441278 -631.4491021620674 28.38702229708852 110.7400424037054 747.494602282809
 -251.1758780791153 -627.9095800589204 29.51574017814841 106.4075520781869 742.1523372951682
 -253.3429534791895 -628.0244369629889 29.69777295331378 109.0960652254849 742.1554546450452
 -251.1758780791153 -627.9095800589204 29.51574017814841 106.4075520781869 742.1523372951682
 -253.3736081681217 -628.072441270016 29.69722225948256 109.1741115304387 742.2159525260709
 -251.1758780791153 -627.9095800589204 29.51574017814841 106.4075520781869 742.1523372951682
 -251.1758780791153 -627.9095800589204 29.51574017814841 106.4075520781869 742.1523372951682
 -251.1097417392034 -627.9099612002162 29.50493845029024 106.4440937244217 742.2303089842638
 -251.1555588123191 -627.9899146393828 29.50902409221917 106.4366822187905 742.0889779462047
 -253.3959838875359 -627.8833449716572 29.52793579576324 109.0770127409566 742.0903823667642
 -251.1758780791153 -627.9095800589204 29.51574017814841 106.4075520781869 742.1523372951682
 -251.1569258188407 -627.8889078899357 29.51996204260472 106.4173645377408 742.150659184871
 -251.5845317630415 -626.2363654004414 23.82505123503074 112.7740074880256 743.6710824905184
 -251.2296382732926 -627.8864579599033 29.5145839348675 106.4948799248121 742.1644033758712
 -251.1849021215399 -627.8965491084011 29.50460961769946 106.4104491631966 742.1717549939375
