# Created by Octave 4.2.1, Mon Oct 09 17:19:50 2017 BRT <root@mosqueiro>
# name: pop
# type: matrix
# rows: 100
# columns: 5
 371.712684717904 -297.5644430729197 -150.9693948208263 -41.60340753317314 160.8816957959191
 371.712684717904 -297.5644430729197 -150.9693948208263 -41.60340753317314 160.8816957959191
 371.712684717904 -297.5644430729197 -150.9693948208263 -41.60340753317314 160.8816957959191
 710.032223124633 -305.5233172482023 -98.23041647620528 204.0267561346163 -43.8442987177433
 371.712684717904 -297.5644430729197 -150.9693948208263 -41.60340753317314 160.8816957959191
 710.032223124633 -305.5233172482023 -98.23041647620528 204.0267561346163 -43.8442987177433
 525.7887324588798 -622.2444251065401 -513.9216421062081 -22.03887213654821 334.9012166408143
 371.712684717904 -297.5644430729197 -150.9693948208263 -41.60340753317314 160.8816957959191
 -937.1549481941815 854.1730611094681 -76.89152495521148 403.3971366596516 -114.9417988217939
 371.712684717904 -297.5644430729197 -150.9693948208263 -41.60340753317314 160.8816957959191
 371.712684717904 -297.5644430729197 -150.9693948208263 -41.60340753317314 160.8816957959191
 529.1526438627288 -244.6658911730772 -725.9513313934324 723.046839034452 41.57953712616086
 683.8529526776631 461.0614408621148 -53.14381286870616 -506.2948057921218 -511.4894487872484
 371.712684717904 -297.5644430729197 -150.9693948208263 -41.60340753317314 160.8816957959191
 -242.0240999939508 825.1215686792953 224.6053527617821 -190.1050921786555 398.9881436231847
 -996.9373006318191 443.4557680186358 -938.2027836296115 939.3615226481377 620.2874074614347
 371.712684717904 -297.5644430729197 -150.9693948208263 -41.60340753317314 160.8816957959191
 371.712684717904 -297.5644430729197 -150.9693948208263 -41.60340753317314 160.8816957959191
 -996.9373006318191 443.4557680186358 -938.2027836296115 939.3615226481377 620.2874074614347
 4391.542892008093 951.3283879208058 211.77482163933 -258.011486127493 -912.1214615455733
 346.3137131076124 122.4297660417515 -518.8895324112763 4286.723805220529 189.5357519123053
 371.712684717904 -297.5644430729197 -150.9693948208263 -41.60340753317314 160.8816957959191
 371.712684717904 -297.5644430729197 -150.9693948208263 -41.60340753317314 160.8816957959191
 -1485.966224268323 178.2350844632685 1263.104860904863 107.0534136695755 1242.431469435592
 710.032223124633 -305.5233172482023 -98.23041647620528 204.0267561346163 -43.8442987177433
 2076.95556469752 -431.7285347034415 938.6774192034163 -1424.47577800738 -97.90856432972771
 371.712684717904 -297.5644430729197 -150.9693948208263 -41.60340753317314 160.8816957959191
 371.712684717904 -297.5644430729197 -150.9693948208263 -41.60340753317314 160.8816957959191
 4391.542892008093 951.3283879208058 211.77482163933 -258.011486127493 -912.1214615455733
 529.1526438627288 -244.6658911730772 -725.9513313934324 723.046839034452 41.57953712616086
 371.712684717904 -297.5644430729197 -150.9693948208263 -41.60340753317314 160.8816957959191
 371.712684717904 -297.5644430729197 -150.9693948208263 -41.60340753317314 160.8816957959191
 371.712684717904 -297.5644430729197 -150.9693948208263 -41.60340753317314 160.8816957959191
 -1485.966224268323 178.2350844632685 1263.104860904863 107.0534136695755 1242.431469435592
 525.7887324588798 -622.2444251065401 -513.9216421062081 -22.03887213654821 334.9012166408143
 371.712684717904 -297.5644430729197 -150.9693948208263 -41.60340753317314 160.8816957959191
 525.7887324588798 -622.2444251065401 -513.9216421062081 -22.03887213654821 334.9012166408143
 371.712684717904 -297.5644430729197 -150.9693948208263 -41.60340753317314 160.8816957959191
 124.7027804031116 -849.2839406833765 1410.340433037388 -456.9052592518728 -1753.123763542773
 -577.4372813182044 454.6899633268683 638.61137752225 503.2872933470032 410.8440514689839
 525.7887324588798 -622.2444251065401 -513.9216421062081 -22.03887213654821 334.9012166408143
 371.712684717904 -297.5644430729197 -150.9693948208263 -41.60340753317314 160.8816957959191
 -996.9373006318191 443.4557680186358 -938.2027836296115 939.3615226481377 620.2874074614347
 -996.9373006318191 443.4557680186358 -938.2027836296115 939.3615226481377 620.2874074614347
 -1734.968384940264 3490.440396315558 -1009.240807632955 2374.08713391077 -344.932065680408
 -996.9373006318191 443.4557680186358 -938.2027836296115 939.3615226481377 620.2874074614347
 371.712684717904 -297.5644430729197 -150.9693948208263 -41.60340753317314 160.8816957959191
 -1723.84744047745 3697.439119268309 -3528.715005688732 1883.820042981495 -1284.371636389895
 -996.9373006318191 443.4557680186358 -938.2027836296115 939.3615226481377 620.2874074614347
 371.712684717904 -297.5644430729197 -150.9693948208263 -41.60340753317314 160.8816957959191
 -937.1549481941815 854.1730611094681 -76.89152495521148 403.3971366596516 -114.9417988217939
 371.712684717904 -297.5644430729197 -150.9693948208263 -41.60340753317314 160.8816957959191
 371.712684717904 -297.5644430729197 -150.9693948208263 -41.60340753317314 160.8816957959191
 371.712684717904 -297.5644430729197 -150.9693948208263 -41.60340753317314 160.8816957959191
 -996.9373006318191 443.4557680186358 -938.2027836296115 939.3615226481377 620.2874074614347
 371.712684717904 -297.5644430729197 -150.9693948208263 -41.60340753317314 160.8816957959191
 371.712684717904 -297.5644430729197 -150.9693948208263 -41.60340753317314 160.8816957959191
 371.712684717904 -297.5644430729197 -150.9693948208263 -41.60340753317314 160.8816957959191
 529.1526438627288 -244.6658911730772 -725.9513313934324 723.046839034452 41.57953712616086
 -1734.968384940264 3490.440396315558 -1009.240807632955 2374.08713391077 -344.932065680408
 -116.030389968177 -3223.889037194474 773.9946534713748 -2024.359706297308 -211.5567645651521
 -996.9373006318191 443.4557680186358 -938.2027836296115 939.3615226481377 620.2874074614347
 371.712684717904 -297.5644430729197 -150.9693948208263 -41.60340753317314 160.8816957959191
 1455.319176495349 100.5800234046757 -190.0788582173428 1594.574179420424 2170.145429132374
 371.712684717904 -297.5644430729197 -150.9693948208263 -41.60340753317314 160.8816957959191
 371.712684717904 -297.5644430729197 -150.9693948208263 -41.60340753317314 160.8816957959191
 371.712684717904 -297.5644430729197 -150.9693948208263 -41.60340753317314 160.8816957959191
 683.8529526776631 461.0614408621148 -53.14381286870616 -506.2948057921218 -511.4894487872484
 3616.593772243652 839.5344175236949 2333.903010029411 1669.236506871147 -697.2410452473326
 -996.9373006318191 443.4557680186358 -938.2027836296115 939.3615226481377 620.2874074614347
 371.712684717904 -297.5644430729197 -150.9693948208263 -41.60340753317314 160.8816957959191
 474.8923648190373 279.1085534788517 730.5675249334806 892.3947020088272 -888.3733389421133
 371.712684717904 -297.5644430729197 -150.9693948208263 -41.60340753317314 160.8816957959191
 371.712684717904 -297.5644430729197 -150.9693948208263 -41.60340753317314 160.8816957959191
 371.712684717904 -297.5644430729197 -150.9693948208263 -41.60340753317314 160.8816957959191
 371.712684717904 -297.5644430729197 -150.9693948208263 -41.60340753317314 160.8816957959191
 1122.164348756568 191.7713438405887 1082.692391835173 1918.25932524334 1552.313884985189
 1711.417849408285 1195.988265509245 1458.627356567742 -532.1397856406827 583.8124196812539
 371.712684717904 -297.5644430729197 -150.9693948208263 -41.60340753317314 160.8816957959191
 -937.1549481941815 854.1730611094681 -76.89152495521148 403.3971366596516 -114.9417988217939
 -37.63061262739558 -996.2374547733139 947.5100463025202 485.6364186845288 2688.301026173703
 2276.832497943316 2035.867337899764 -1001.099759986584 241.6593052517928 2840.531242670869
 3685.370188361336 509.3260230797512 -1381.46033638058 145.5243849941239 -602.7894896157351
 687.2365496921939 3453.604692683968 40.37625831973276 -1205.926200358713 -257.4255917678599
