# Created by Octave 4.2.1, Mon Oct 09 17:19:49 2017 BRT <root@mosqueiro>
# name: pop
# type: matrix
# rows: 100
# columns: 5
 371.712684717904 -297.5644430729197 -150.9693948208263 -41.60340753317314 160.8816957959191
 371.712684717904 -297.5644430729197 -150.9693948208263 -41.60340753317314 160.8816957959191
 1711.417849408285 1195.988265509245 1458.627356567742 -532.1397856406827 583.8124196812539
 -996.9373006318191 443.4557680186358 -938.2027836296115 939.3615226481377 620.2874074614347
 468.5133861818879 30.70144174154416 -502.3060968143188 189.5775901678414 41.33422676607915
 371.712684717904 -297.5644430729197 -150.9693948208263 -41.60340753317314 160.8816957959191
 1521.729922034865 3822.550908367345 -2408.008850677406 3518.074199106832 480.3747165773349
 -1485.966224268323 178.2350844632685 1263.104860904863 107.0534136695755 1242.431469435592
 371.712684717904 -297.5644430729197 -150.9693948208263 -41.60340753317314 160.8816957959191
 474.8923648190373 279.1085534788517 730.5675249334806 892.3947020088272 -888.3733389421133
 506.6837162083855 788.9454123772528 -861.4426857883029 884.2223127145803 761.9076898237502
 371.712684717904 -297.5644430729197 -150.9693948208263 -41.60340753317314 160.8816957959191
 -1734.968384940264 3490.440396315558 -1009.240807632955 2374.08713391077 -344.932065680408
 -577.4372813182044 454.6899633268683 638.61137752225 503.2872933470032 410.8440514689839
 -996.9373006318191 443.4557680186358 -938.2027836296115 939.3615226481377 620.2874074614347
 371.712684717904 -297.5644430729197 -150.9693948208263 -41.60340753317314 160.8816957959191
 -996.9373006318191 443.4557680186358 -938.2027836296115 939.3615226481377 620.2874074614347
 -577.4372813182044 454.6899633268683 638.61137752225 503.2872933470032 410.8440514689839
 529.1526438627288 -244.6658911730772 -725.9513313934324 723.046839034452 41.57953712616086
 1711.417849408285 1195.988265509245 1458.627356567742 -532.1397856406827 583.8124196812539
 4391.542892008093 951.3283879208058 211.77482163933 -258.011486127493 -912.1214615455733
 371.712684717904 -297.5644430729197 -150.9693948208263 -41.60340753317314 160.8816957959191
 371.712684717904 -297.5644430729197 -150.9693948208263 -41.60340753317314 160.8816957959191
 371.712684717904 -297.5644430729197 -150.9693948208263 -41.60340753317314 160.8816957959191
 -1672.39701671272 1285.366002348497 -504.9180199181169 -641.9442589022441 1510.312041849083
 -937.1549481941815 854.1730611094681 -76.89152495521148 403.3971366596516 -114.9417988217939
 371.712684717904 -297.5644430729197 -150.9693948208263 -41.60340753317314 160.8816957959191
 -1672.39701671272 1285.366002348497 -504.9180199181169 -641.9442589022441 1510.312041849083
 371.712684717904 -297.5644430729197 -150.9693948208263 -41.60340753317314 160.8816957959191
 371.712684717904 -297.5644430729197 -150.9693948208263 -41.60340753317314 160.8816957959191
 -937.1549481941815 854.1730611094681 -76.89152495521148 403.3971366596516 -114.9417988217939
 529.1526438627288 -244.6658911730772 -725.9513313934324 723.046839034452 41.57953712616086
 371.712684717904 -297.5644430729197 -150.9693948208263 -41.60340753317314 160.8816957959191
 -577.4372813182044 454.6899633268683 638.61137752225 503.2872933470032 410.8440514689839
 371.712684717904 -297.5644430729197 -150.9693948208263 -41.60340753317314 160.8816957959191
 371.712684717904 -297.5644430729197 -150.9693948208263 -41.60340753317314 160.8816957959191
 -996.9373006318191 443.4557680186358 -938.2027836296115 939.3615226481377 620.2874074614347
 371.712684717904 -297.5644430729197 -150.9693948208263 -41.60340753317314 160.8816957959191
 -937.1549481941815 854.1730611094681 -76.89152495521148 403.3971366596516 -114.9417988217939
 710.032223124633 -305.5233172482023 -98.23041647620528 204.0267561346163 -43.8442987177433
 525.7887324588798 -622.2444251065401 -513.9216421062081 -22.03887213654821 334.9012166408143
 -3992.384513236546 3798.09211313882 -2395.397078042669 2504.534248199931 3910.017873779902
 710.032223124633 -305.5233172482023 -98.23041647620528 204.0267561346163 -43.8442987177433
 -1358.831267114934 3973.83686128159 192.3296789437269 -2202.569432951886 905.6891711234018
 4391.542892008093 951.3283879208058 211.77482163933 -258.011486127493 -912.1214615455733
 683.8529526776631 461.0614408621148 -53.14381286870616 -506.2948057921218 -511.4894487872484
 -30.56077074302857 301.5553157514719 534.6389337222372 -677.6972624289572 -42.34630085716014
 -562.1564017469186 -281.55249350503 -84.46685964922403 -664.2323775696711 778.8815209925167
 -996.9373006318191 443.4557680186358 -938.2027836296115 939.3615226481377 620.2874074614347
 371.712684717904 -297.5644430729197 -150.9693948208263 -41.60340753317314 160.8816957959191
 371.712684717904 -297.5644430729197 -150.9693948208263 -41.60340753317314 160.8816957959191
 525.7887324588798 -622.2444251065401 -513.9216421062081 -22.03887213654821 334.9012166408143
 371.712684717904 -297.5644430729197 -150.9693948208263 -41.60340753317314 160.8816957959191
 -937.1549481941815 854.1730611094681 -76.89152495521148 403.3971366596516 -114.9417988217939
 -996.9373006318191 443.4557680186358 -938.2027836296115 939.3615226481377 620.2874074614347
 872.3981933072653 553.2430071079586 116.811365780929 320.6057392031889 -555.1538641292213
 872.3981933072653 553.2430071079586 116.811365780929 320.6057392031889 -555.1538641292213
 1455.319176495349 100.5800234046757 -190.0788582173428 1594.574179420424 2170.145429132374
 371.712684717904 -297.5644430729197 -150.9693948208263 -41.60340753317314 160.8816957959191
 -996.9373006318191 443.4557680186358 -938.2027836296115 939.3615226481377 620.2874074614347
 371.712684717904 -297.5644430729197 -150.9693948208263 -41.60340753317314 160.8816957959191
 371.712684717904 -297.5644430729197 -150.9693948208263 -41.60340753317314 160.8816957959191
 -996.9373006318191 443.4557680186358 -938.2027836296115 939.3615226481377 620.2874074614347
 -346.622480283923 -927.9956827220891 942.3084623357709 979.8803225964473 -495.2494298523013
 371.712684717904 -297.5644430729197 -150.9693948208263 -41.60340753317314 160.8816957959191
 371.712684717904 -297.5644430729197 -150.9693948208263 -41.60340753317314 160.8816957959191
 371.712684717904 -297.5644430729197 -150.9693948208263 -41.60340753317314 160.8816957959191
 371.712684717904 -297.5644430729197 -150.9693948208263 -41.60340753317314 160.8816957959191
 -996.9373006318191 443.4557680186358 -938.2027836296115 939.3615226481377 620.2874074614347
 371.712684717904 -297.5644430729197 -150.9693948208263 -41.60340753317314 160.8816957959191
 371.712684717904 -297.5644430729197 -150.9693948208263 -41.60340753317314 160.8816957959191
 -562.1564017469186 -281.55249350503 -84.46685964922403 -664.2323775696711 778.8815209925167
 -30.56077074302857 301.5553157514719 534.6389337222372 -677.6972624289572 -42.34630085716014
 525.7887324588798 -622.2444251065401 -513.9216421062081 -22.03887213654821 334.9012166408143
 872.3981933072653 553.2430071079586 116.811365780929 320.6057392031889 -555.1538641292213
 -242.0240999939508 825.1215686792953 224.6053527617821 -190.1050921786555 398.9881436231847
 -1093.422412300797 394.1903524635014 -713.7876195760725 1102.687535174277 970.3185040597988
 2034.586747268903 893.9946566371896 834.8336302687319 1143.378082488876 -4029.267283767829
 683.8529526776631 461.0614408621148 -53.14381286870616 -506.2948057921218 -511.4894487872484
 371.712684717904 -297.5644430729197 -150.9693948208263 -41.60340753317314 160.8816957959191
 848.8796296920051 646.6537488110768 -3707.916801652774 2727.326088104089 1132.587925357112
 -150.4331932188192 -632.0347974247882 2872.214642462976 -2207.893248200308 1939.351319961729
 349.4911254320524 1765.227937255022 -1796.289774597754 2312.738642300047 -386.0432762510546
 346.3137131076124 122.4297660417515 -518.8895324112763 4286.723805220529 189.5357519123053
