# Created by Octave 4.2.1, Mon Oct 09 17:20:13 2017 BRT <root@mosqueiro>
# name: w1
# type: matrix
# rows: 50
# columns: 12
 0.05336985816821468 -0.01841114349947856 -0.03554388322317771 0.04911578294440438 0.08704278565101239 -0.02931074748365435 -0.02132060233264713 -0.03206530819295056 -0.06864351817209849 -0.04630671471892395 -0.08740987099618844 -0.06427532217216428
 0.06317270212807968 0.01545931845482698 -0.0371122034777393 0.09357162634082949 0.08922776102596805 -0.0597718769835384 0.07754263934083364 -0.06403527288216028 -0.09963090255513007 -0.07439363714863209 -0.08511144358283326 0.04476285205793124
 0.01068877586266714 0.06654190643981986 -0.002872987549413217 0.04187772641712245 -0.02513125980577403 -0.07648462913163473 0.09409944764367831 -0.01976269866524226 -0.06083632904843629 0.08672185086849263 0.04076921591911881 -0.00188209827730737
 0.004788467562927723 0.05694231130603777 -0.06948571948192388 -0.04857896431797681 0.001303057036581096 -0.0391000901791838 -0.006110747723624438 0.0810495556302617 0.01083203788198957 0.0966850932568156 0.01462536033566349 0.08836855140832831
 -0.06442999801463828 0.06816347051325708 0.03017279562046218 0.009291823978265584 -0.09776972691805205 0.06614444323091515 -0.08431829741725617 -0.006113064863550108 -0.06841323719229173 -0.04576810918398998 0.0215496942043637 -0.0769078118456006
 0.09982750730011691 0.09850030720574926 0.003544393541061466 0.0799858211913278 -0.004806376075051827 -0.02866902798291217 -0.04542959193528121 -0.0582315653019483 0.07556737254126161 0.03883703714940706 0.09009091703605657 0.01679996481700619
 0.03283366239011545 0.0870596642339754 0.09115648176220983 -0.009753588695075907 -0.0824204984783396 -0.0954283481287468 0.06094500590526664 -0.02216553253308198 0.09263990933559416 0.02263160755182995 -0.07789597998518821 0.004713111536418665
 -0.003658734122395008 0.0534838746062985 0.09474877171148785 -0.005675959811624359 -0.04749109489465368 0.002094769980889227 -0.01552059392019439 0.09134641400112134 0.06642679954974698 0.05094850759722352 -0.09686592599792011 -0.04942945659328567
 0.01513964883366603 0.08266044028016084 0.02312413832157775 -0.07679991966734567 0.07647175868735362 -0.03118038340764316 -0.03265328125852782 0.02791734647482685 -0.04607834305509239 0.006729048347422689 -0.05066404811199304 0.0009275854140641249
 0.01341923186057301 -0.07818069342346913 -0.09666090078309057 -0.08046860113113065 0.00593576868724055 0.08077316676767068 0.0530431148233366 -0.01929120073347118 -0.08466790225984394 -0.07612129333473025 0.009374808277064578 -0.06257737693837996
 -0.009098121307306833 -0.05917669493113088 -0.02109619401356275 0.05740727235653439 -0.09619420048538847 0.002951177918149778 -0.04351366580502977 0.09629834164807191 0.07340281903935683 -0.01165580339594061 0.06563951528822437 0.05294705619328174
 0.0397224339535294 -0.07862721766247358 0.04316742302871021 0.004212643162876145 -0.006711034234360064 -0.00303462272505145 -0.0136116506446384 -0.06053759174131893 -0.005316542762459464 -0.0753669530481656 -0.09082452976050348 -0.03112365616573241
 0.08610760157128308 0.07101269273618516 -0.0571392373387334 0.01568790205593003 -0.02785263482504523 0.02832519560657135 -0.001914300100159194 0.07488933525002503 -0.009011132703517583 0.09909969323404708 0.009899919120583855 0.07563789553251815
 -0.03886949775471824 -0.08207918100686122 -0.04012495295842747 -0.09087089189868951 -0.01218695159606688 0.009487612152610361 -0.04907877912733624 0.07596267387342634 -0.06586366198338142 0.05239232965482823 -0.01915366510892788 -0.08430156215642153
 0.03899646253525896 -0.00509494950684547 0.06160286835496395 0.05942807142086487 0.07407918531435376 0.07759875372395691 -0.06196755124298187 -0.009649678740337189 -0.004456100200680851 0.06654801257590529 -0.06110178879006477 0.07310863231387246
 -0.09350100867328541 -0.03576542896037509 -0.02811900713201707 0.03620360909730114 0.05378164238938699 -0.03201680155045344 0.09783297685165218 -0.09380688536003069 -0.07000218908117285 -0.08218159822912167 -0.08764525167538059 -0.03123924673062821
 -0.06649905566352954 -0.07908488745767074 -0.02793056393771114 0.09811723312177809 0.09389390522924565 -0.05466242038889556 -0.09386684851685878 -0.02166800667901689 -0.09338494072785186 -0.01224386214924457 -0.0712973243381248 0.01102827474836199
 0.01659663355441612 -0.04452741536105966 0.03817723424430833 0.0813509139629893 0.03795401273073781 -0.02968419367369418 0.03041881354449621 0.07008674151987254 -0.06272546545379742 0.01489040842878875 -0.05934454188326169 -0.0558776486249922
 0.07379258703370112 -0.04497606709785377 0.07647723258185035 -0.06951558575791922 0.08040776327918772 -0.0659082073131905 0.01447912108298524 0.07016967805966598 0.04005236606409246 -0.007906100849364731 0.03610235504377207 0.01963189495752601
 0.04431648177267525 -0.09825751080289559 5.405038371260329e-05 0.04724377636913235 0.01062070027049515 -0.04259091505880294 -0.09075245484230705 0.000567113016947271 0.06247520804818374 -0.08412733755781414 0.06355664542929798 -0.08420852852016618
 0.05079617364658179 -0.0233862752190927 0.06041665392152293 -0.02213516488906044 -0.03885608859241333 -0.01884676965287096 -0.05464234259248703 -0.01724165505239778 -0.08372659286269077 0.04275431444089808 0.08395840587155418 0.03561634449631007
 0.05980712791082196 -0.0436063542687882 0.02041274275135138 0.02754899008515341 -0.08793999880975349 0.004828436325057403 -0.001151057590487975 -0.03985041187198514 0.09171452637323882 0.006185433254496914 -0.08680580447495706 -0.03327727148292441
 -0.0362236259991522 0.08478700581083029 -0.0590270430571822 -0.09005365129966589 0.04014157650111186 0.07721075832727892 -0.04526133196023362 -0.03582712092717685 -0.07283517642023191 -0.09524569726216281 0.006433426829981645 -0.04375418657449873
 0.07135711689679228 -0.02337871310951151 -0.00841370813107277 0.03496751468912382 -0.09198208819409266 0.03379606296477905 0.07974429222981705 0.0751258815919201 0.04440464397750771 0.04066638342259807 0.019418579743022 0.003891952102538093
 0.03558148061783481 -0.02413170568569495 -0.04824141887094303 0.06036219826931694 0.05785781044892158 0.04939434488717481 0.03852726268266721 0.01163273948398791 0.05468998496662825 0.09772590300399006 -0.06529551204060918 -0.08214584286902066
 0.01415304485968091 -0.03918292618117062 -0.06581210689294549 -0.04425630298750495 0.06933711242277729 0.06885036167623645 -0.04819945775298382 0.01777923411192994 0.02263206830164873 -0.02971149206318392 -0.0118207660913323 0.07490077001057796
 -0.09307041183714777 0.00472951557331594 -0.01539346004860821 -0.06749630864277781 0.01200523131492057 -0.04557409538471213 0.07884190789814779 0.06198995355536627 -0.004439195615364086 0.002252426054353787 -0.07111075052017239 -0.05716751649979473
 0.03847334355725313 0.04998478656344083 0.03162419296656288 -0.006236930157162118 -0.06941191445228562 -0.02736268569354559 -0.07259318818829212 -0.03936570425885796 0.0477127094044161 -0.004959470140281586 0.0540070940471607 0.04008217367491404
 -0.004552456677705416 0.0599001130124934 -0.06129307022010989 -0.06703105546407076 -0.09383964367406705 0.02634465834943855 -0.03281873888924122 -0.09082058133747563 -0.007116043103042535 -0.08266683046164691 -0.02375397115082215 0.008762069453302559
 0.06238439035130039 -0.0116132832221557 -0.06253032997621533 0.09219646048984764 -0.08768094171245133 -0.08969152209278432 -0.03117989570004173 0.01058548098141272 0.0538100905016145 0.09197658297621 0.01583574178323818 -3.088590557319415e-05
 -0.06104768214154321 -0.05674377085020185 -0.04257875600615716 -0.009384029145830503 0.05101580467188324 0.08958456855371563 -0.05455188433980779 -0.0003058250938400009 0.02076820078820163 0.09348433842934353 -0.02443328261662189 -0.07719880545332571
