# Created by Octave 4.2.1, Mon Oct 09 17:18:43 2017 BRT <root@mosqueiro>
# name: w2
# type: matrix
# rows: 1
# columns: 51
 -0.3473125031837876 0.3986148068164699 0.1429463733908232 0.4234886680641118 0.03591901117692173 -0.05603621760330309 0.1319984459343398 0.06568929328114892 -0.1097443541623208 0.0737769290649245 -0.2110200426362299 0.170925474687739 -0.1100273458910981 0.272275228980226 0.0005361507028479873 -0.3061513820029491 -0.1804465313358907 -0.05178184875961952 0.3088742736080911 0.2222739665566313 -0.4224129781197989 -0.05089956338629077 -0.399537002254814 -0.2053932329714978 -0.1200673982483211 -0.108652722778741 0.3703190178255897 0.1370232168207058 -0.1909529236120378 0.06571232333775089 0.4526097099295545 -0.121462920554221 -0.1102140348169936 0.04066660396703972 -0.1261363372584774 -0.1501687298342883 0.3022007032789309 -0.05541907030338578 -0.1832826404033566 -0.01088992323284923 -0.05051576543925936 -0.325739816482097 -0.2549121531101219 -0.2349016473908773 0.1412966320347414 -0.01856855062255069 0.05153424519307719 0.1911278466551714 -0.1810628382180602 -0.1453231658801649 0.5260597017848393


