# Created by Octave 4.2.1, Mon Oct 09 17:19:46 2017 BRT <root@mosqueiro>
# name: w2
# type: matrix
# rows: 1
# columns: 51
 0.1626777936040416 0.08727501443136632 0.0499570633693196 -0.4631323037083926 0.0395945409123088 0.3497511979479112 0.1546245687823966 -0.3707237810984416 -0.3382749410809869 -0.4156641663873922 0.1382665971520737 0.08674043631382511 -0.0595908782323481 -0.04606836885002918 0.2465321188333067 0.2377947370173423 0.1449636555983143 -0.1683491821834509 -0.2408705831490683 -0.09507070679047111 -0.49561684310168 -0.02404603436828856 -0.3669831146931903 0.08892226963323213 -0.03632927212829895 0.1878641906721579 -0.333369647797657 -0.04538744532173467 0.1976667387009868 -0.02384175949659384 0.4003586777626096 0.06365324739139688 0.5269470640962591 -0.1351823935948465 -0.04400256516662157 -0.4613252016945971 0.06872064419814759 0.03745571504342987 -0.08840406910625553 0.2411452297967321 -0.1801993767512152 -0.1957349397719053 0.04199659321776894 0.2082763681847448 -0.3731589506570328 0.02527333673426313 0.5022760263248902 -0.4431671106209406 0.09315156203380701 0.4448008276673564 0.4002885159198875


