# Created by Octave 4.2.1, Mon Oct 09 17:08:47 2017 BRT <root@mosqueiro>
# name: bestScores
# type: matrix
# rows: 1
# columns: 30
 0.0872630301598937 0.0872630301598937 0.0872630301598937 0.0872630301598937 0.0872630301598937 0.0872630301598937 0.0872630301598937 0.0872630301598937 0.0872630301598937 0.0872630301598937 0.0872630301598937 0.0872630301598937 0.0872630301598937 0.0872630301598937 0.08037091787904366 0.08037091787904366 0.08037091787904366 0.08037091787904366 0.07806548506441828 0.0778152938423175 0.0778152938423175 0.0778152938423175 0.0778152938423175 0.07781191494846308 0.07781191494846308 0.07781191494846308 0.07781165711021357 0.07781165711021357 0.07781165711021357 0.07781165693882315


