# Created by Octave 4.2.1, Mon Oct 09 17:07:45 2017 BRT <root@mosqueiro>
# name: bestScores
# type: matrix
# rows: 1
# columns: 30
 0.08376221824727455 0.08376221824727455 0.08376221824727455 0.08376221824727455 0.08376221824727455 0.08376221824727455 0.08376221824727455 0.08376221824727455 0.08376221824727455 0.08376221824727455 0.08376221824727455 0.08376221824727455 0.08376221824727455 0.08376221824727455 0.08376221824727455 0.08376221824727455 0.08376221824727455 0.08376221824727455 0.08376221824727455 0.08376221824727455 0.08166240934124157 0.08162368333685496 0.07996576710654336 0.07996576710654336 0.07990292943321099 0.07990292943321099 0.07989633972262949 0.07989633972262949 0.07989633972262949 0.07988305132537359


