# Created by Octave 4.2.1, Mon Oct 09 17:07:14 2017 BRT <root@mosqueiro>
# name: meanScores
# type: matrix
# rows: 1
# columns: 30
 2.60840526372249 0.9714854435747974 0.9564369105597207 0.496463631487676 0.3597029950874223 0.3598641198894438 0.3501735676396004 0.3967897359657268 0.4873985199244696 0.5964274974682962 0.8215868323285368 1.101756682383116 0.5018344281346303 0.2751753248932147 0.2294681190264022 0.2946860483463503 0.1282606148164284 0.1028535213531564 0.1060485122783 0.09764774811627445 0.0991162336845768 0.1057005610266694 0.2750093925575937 0.1382390953580886 0.1991669273244933 0.1718653969135758 0.08349742784114308 0.0829196318961805 0.08256925659027639 0.08246877872000603


