# Created by Octave 4.2.1, Mon Oct 09 17:07:45 2017 BRT <root@mosqueiro>
# name: meanScores
# type: matrix
# rows: 1
# columns: 30
 2.248921042868596 2.02468280520061 3.432846681439559 2.303750255920894 0.9309333135612367 1.107002947081124 1.025196291543016 1.887930070493993 1.432360822915517 1.635960294324884 1.400561304105925 3.716477856823876 0.3444870320168787 0.2397141062924463 0.1314600975374934 0.1087008574239806 0.1562563154234642 0.1067739143840266 0.09840732818214588 0.09950388639020753 0.09934216111817688 0.1099302070501161 0.1152074978966116 0.09720376978415833 0.09173502713782812 0.08391297863425398 0.08172827903752056 0.08073866981908426 0.08017233769368699 0.0800795581647271


