# Created by Octave 4.2.1, Mon Oct 09 17:08:47 2017 BRT <root@mosqueiro>
# name: meanScores
# type: matrix
# rows: 1
# columns: 30
 2.416802117627411 0.9552700641066382 0.6824884778326691 0.4353554926696473 0.4672783935701095 2.321810266648247 2.365543374892033 0.4334029096873064 0.5675518998155696 0.7938173956878003 0.3204807014310432 1.241134084310273 0.5999888899654695 0.2775004276148812 0.2111691307847983 0.1962098480231473 0.1122116293089166 0.107005799642758 0.1075989238420229 0.1027753266198627 0.1284310731665559 0.1062978931391994 0.09458119933370511 0.08551570484513991 0.1154913592325084 0.07865550321723018 0.07827622106876474 0.07798539912477748 0.07784261873810801 0.07785393936164253


