# Created by Octave 4.2.1, Mon Oct 09 17:07:19 2017 BRT <root@mosqueiro>
# name: pop
# type: matrix
# rows: 100
# columns: 5
 -288.9766869109384 661.0592014742051 -432.9260137876404 124.3443431199585 -63.85057413761285
 -288.9766869109384 661.0592014742051 -432.9260137876404 124.3443431199585 -63.85057413761285
 826.615799729092 -29.13799326439391 -626.1002208694661 -58.42555396201658 -129.6099820042765
 319.9756114046447 175.5299572625361 8.310470475258398 -830.1191745699726 370.3759767659317
 614.8767300315669 -124.7296436564859 832.6911821541939 -940.4792341836353 -486.5135107517128
 614.8767300315669 -124.7296436564859 832.6911821541939 -940.4792341836353 -486.5135107517128
 -288.9766869109384 661.0592014742051 -432.9260137876404 124.3443431199585 -63.85057413761285
 -288.9766869109384 661.0592014742051 -432.9260137876404 124.3443431199585 -63.85057413761285
 -863.8404675458075 -633.9806911553011 655.3191634817197 -842.3069818210166 92.79138727861732
 826.615799729092 -29.13799326439391 -626.1002208694661 -58.42555396201658 -129.6099820042765
 -125.941423505758 1085.408721585052 6405.587504145062 733.4260400310692 4017.147393977924
 787.9351381931267 691.8394657008666 -623.3676634563864 59.50849114740936 -842.51671029071
 24.58507734498062 -365.4331858284382 -273.7914613022093 -65.66105136664896 633.6638554691669
 477.9583598695863 286.0668510409405 186.0789612576616 113.4448702116943 799.4029891240839
 -405.2106706114824 2229.964464140092 615.1934561717121 -2.48128282548123 97.86274878637062
 -825.4928664339302 976.3638305174211 673.9156611845642 590.4416086165329 -859.2795990466683
 -288.9766869109384 661.0592014742051 -432.9260137876404 124.3443431199585 -63.85057413761285
 -2361.578719112403 644.6786349123781 -27.24059874364184 928.3303648817008 -883.259783973394
 -288.9766869109384 661.0592014742051 -432.9260137876404 124.3443431199585 -63.85057413761285
 -288.9766869109384 661.0592014742051 -432.9260137876404 124.3443431199585 -63.85057413761285
 -42.9491037653637 148.9354095549975 -473.529560497611 -987.496074666795 727.0665507140752
 365.1912385723122 -4098.143310078371 665.5777808940934 -533.6678602799008 -2.151847840758762
 -288.9766869109384 661.0592014742051 -432.9260137876404 124.3443431199585 -63.85057413761285
 429.7620845575666 -11.36092588723864 -154.706992780089 617.5067584263625 42.08629722194428
 1121.958178257336 469.8705023588515 -78.97495236086345 -1667.048794893183 858.5997118828813
 -288.9766869109384 661.0592014742051 -432.9260137876404 124.3443431199585 -63.85057413761285
 -42.9491037653637 148.9354095549975 -473.529560497611 -987.496074666795 727.0665507140752
 891.7260304139053 5572.704716678177 -972.7640029565908 2674.172461121903 1505.341181467234
 2286.288783404865 836.4264078321903 -4141.120027037869 3733.532397210501 -905.7780208104436
 -288.9766869109384 661.0592014742051 -432.9260137876404 124.3443431199585 -63.85057413761285
 -288.9766869109384 661.0592014742051 -432.9260137876404 124.3443431199585 -63.85057413761285
 -288.9766869109384 661.0592014742051 -432.9260137876404 124.3443431199585 -63.85057413761285
 -288.9766869109384 661.0592014742051 -432.9260137876404 124.3443431199585 -63.85057413761285
 319.9756114046447 175.5299572625361 8.310470475258398 -830.1191745699726 370.3759767659317
 319.9756114046447 175.5299572625361 8.310470475258398 -830.1191745699726 370.3759767659317
 -288.9766869109384 661.0592014742051 -432.9260137876404 124.3443431199585 -63.85057413761285
 24.58507734498062 -365.4331858284382 -273.7914613022093 -65.66105136664896 633.6638554691669
 -288.9766869109384 661.0592014742051 -432.9260137876404 124.3443431199585 -63.85057413761285
 787.9351381931267 691.8394657008666 -623.3676634563864 59.50849114740936 -842.51671029071
 -288.9766869109384 661.0592014742051 -432.9260137876404 124.3443431199585 -63.85057413761285
 -288.9766869109384 661.0592014742051 -432.9260137876404 124.3443431199585 -63.85057413761285
 319.9756114046447 175.5299572625361 8.310470475258398 -830.1191745699726 370.3759767659317
 -288.9766869109384 661.0592014742051 -432.9260137876404 124.3443431199585 -63.85057413761285
 -288.9766869109384 661.0592014742051 -432.9260137876404 124.3443431199585 -63.85057413761285
 -253.1466533394838 696.5418096863586 385.052362440236 -961.4287422179732 -714.4614506515661
 826.615799729092 -29.13799326439391 -626.1002208694661 -58.42555396201658 -129.6099820042765
 -288.9766869109384 661.0592014742051 -432.9260137876404 124.3443431199585 -63.85057413761285
 1400.515506894572 -1387.381216813473 -3493.837376716001 -440.1036246816032 269.9370067731911
 733.8459714008077 137.1452251917472 -404.7635356574488 703.2626456201147 -866.1472968707258
 -871.8309034040423 -287.950814390805 -75.44987952153258 2991.296552523639 1084.703471146202
 319.9756114046447 175.5299572625361 8.310470475258398 -830.1191745699726 370.3759767659317
 -191.2840703877944 -74.5591072069675 197.5980134345828 983.9277496750044 710.2695152019216
 2141.250351176682 2838.911092485725 259.4591804186338 2983.592650589812 2026.687415066182
 -271.0379025492509 696.9626400830557 -977.5120411968469 230.1427713404962 968.629191727737
 -339.6261612136516 -259.8395098226632 -544.4840607980061 -245.4285442480767 -6.725585790303626
 -2361.578719112403 644.6786349123781 -27.24059874364184 928.3303648817008 -883.259783973394
 614.8767300315669 -124.7296436564859 832.6911821541939 -940.4792341836353 -486.5135107517128
 -288.9766869109384 661.0592014742051 -432.9260137876404 124.3443431199585 -63.85057413761285
 -288.9766869109384 661.0592014742051 -432.9260137876404 124.3443431199585 -63.85057413761285
 -288.9766869109384 661.0592014742051 -432.9260137876404 124.3443431199585 -63.85057413761285
 787.9351381931267 691.8394657008666 -623.3676634563864 59.50849114740936 -842.51671029071
 -883.2049181913626 1607.775547671483 -2272.316909486428 1144.593215616405 298.2505726710684
 -339.6261612136516 -259.8395098226632 -544.4840607980061 -245.4285442480767 -6.725585790303626
 -288.9766869109384 661.0592014742051 -432.9260137876404 124.3443431199585 -63.85057413761285
 -271.0379025492509 696.9626400830557 -977.5120411968469 230.1427713404962 968.629191727737
 -288.9766869109384 661.0592014742051 -432.9260137876404 124.3443431199585 -63.85057413761285
 826.615799729092 -29.13799326439391 -626.1002208694661 -58.42555396201658 -129.6099820042765
 -725.6929512972224 -103.9348060197777 396.0865371118044 -1912.857733805414 3632.201300500967
 24.58507734498062 -365.4331858284382 -273.7914613022093 -65.66105136664896 633.6638554691669
 733.8459714008077 137.1452251917472 -404.7635356574488 703.2626456201147 -866.1472968707258
 -288.9766869109384 661.0592014742051 -432.9260137876404 124.3443431199585 -63.85057413761285
 24.58507734498062 -365.4331858284382 -273.7914613022093 -65.66105136664896 633.6638554691669
 -288.9766869109384 661.0592014742051 -432.9260137876404 124.3443431199585 -63.85057413761285
 1121.958178257336 469.8705023588515 -78.97495236086345 -1667.048794893183 858.5997118828813
 319.9756114046447 175.5299572625361 8.310470475258398 -830.1191745699726 370.3759767659317
 -288.9766869109384 661.0592014742051 -432.9260137876404 124.3443431199585 -63.85057413761285
 -22.8304448371149 -396.3435129113523 -699.0592089085778 432.2468588614206 -330.5032518741743
 -825.4928664339302 976.3638305174211 673.9156611845642 590.4416086165329 -859.2795990466683
 477.9583598695863 286.0668510409405 186.0789612576616 113.4448702116943 799.4029891240839
 -271.0379025492509 696.9626400830557 -977.5120411968469 230.1427713404962 968.629191727737
 -5145.069221502594 2869.606605133748 -1305.669453267918 -522.7768909105311 3476.761422034444
 -1570.40090893041 1982.78171041613 -3107.787174564386 2002.10094800432 1272.593529682267
 2603.701554430893 -2608.188365372105 -508.8009729111707 -1769.901684432127 -1075.84183939035
 924.965411885861 1003.562931843755 572.2976583109994 -191.6491673167401 2084.857559006017
