# Created by Octave 4.2.1, Mon Oct 09 17:07:20 2017 BRT <root@mosqueiro>
# name: pop
# type: matrix
# rows: 100
# columns: 5
 -288.9766869109384 661.0592014742051 -432.9260137876404 124.3443431199585 -63.85057413761285
 -288.9766869109384 661.0592014742051 -432.9260137876404 124.3443431199585 -63.85057413761285
 -288.9766869109384 661.0592014742051 -432.9260137876404 124.3443431199585 -63.85057413761285
 319.9756114046447 175.5299572625361 8.310470475258398 -830.1191745699726 370.3759767659317
 -288.9766869109384 661.0592014742051 -432.9260137876404 124.3443431199585 -63.85057413761285
 -339.6261612136516 -259.8395098226632 -544.4840607980061 -245.4285442480767 -6.725585790303626
 -288.9766869109384 661.0592014742051 -432.9260137876404 124.3443431199585 -63.85057413761285
 -288.9766869109384 661.0592014742051 -432.9260137876404 124.3443431199585 -63.85057413761285
 319.9756114046447 175.5299572625361 8.310470475258398 -830.1191745699726 370.3759767659317
 24.58507734498062 -365.4331858284382 -273.7914613022093 -65.66105136664896 633.6638554691669
 319.9756114046447 175.5299572625361 8.310470475258398 -830.1191745699726 370.3759767659317
 319.9756114046447 175.5299572625361 8.310470475258398 -830.1191745699726 370.3759767659317
 24.58507734498062 -365.4331858284382 -273.7914613022093 -65.66105136664896 633.6638554691669
 -288.9766869109384 661.0592014742051 -432.9260137876404 124.3443431199585 -63.85057413761285
 -288.9766869109384 661.0592014742051 -432.9260137876404 124.3443431199585 -63.85057413761285
 -288.9766869109384 661.0592014742051 -432.9260137876404 124.3443431199585 -63.85057413761285
 -288.9766869109384 661.0592014742051 -432.9260137876404 124.3443431199585 -63.85057413761285
 826.615799729092 -29.13799326439391 -626.1002208694661 -58.42555396201658 -129.6099820042765
 -288.9766869109384 661.0592014742051 -432.9260137876404 124.3443431199585 -63.85057413761285
 2969.730290821794 4574.126851673322 -1406.092192520052 6440.949453448949 -167.2491283487711
 2154.690076015862 4081.933531443538 -1517.057241209252 -2149.174317471186 1428.35790901372
 -2222.444294158065 2711.679842491588 -3293.679702265295 -750.5138635216315 2012.382191457446
 -288.9766869109384 661.0592014742051 -432.9260137876404 124.3443431199585 -63.85057413761285
 1061.576759058879 -3111.322099411155 -4097.714418248582 548.0513032046186 2598.288300993849
 924.965411885861 1003.562931843755 572.2976583109994 -191.6491673167401 2084.857559006017
 -288.9766869109384 661.0592014742051 -432.9260137876404 124.3443431199585 -63.85057413761285
 -288.9766869109384 661.0592014742051 -432.9260137876404 124.3443431199585 -63.85057413761285
 -288.9766869109384 661.0592014742051 -432.9260137876404 124.3443431199585 -63.85057413761285
 -288.9766869109384 661.0592014742051 -432.9260137876404 124.3443431199585 -63.85057413761285
 1616.425608983695 -3217.336679219442 -93.22695666458196 290.5928787899194 25.10180681442233
 2535.542812633282 -415.6110496292531 -1498.679863699778 24.90656205441553 -407.2900321001359
 787.9351381931267 691.8394657008666 -623.3676634563864 59.50849114740936 -842.51671029071
 -883.2049181913626 1607.775547671483 -2272.316909486428 1144.593215616405 298.2505726710684
 -825.4928664339302 976.3638305174211 673.9156611845642 590.4416086165329 -859.2795990466683
 -271.0379025492509 696.9626400830557 -977.5120411968469 230.1427713404962 968.629191727737
 -339.6261612136516 -259.8395098226632 -544.4840607980061 -245.4285442480767 -6.725585790303626
 -288.9766869109384 661.0592014742051 -432.9260137876404 124.3443431199585 -63.85057413761285
 1400.515506894572 -1387.381216813473 -3493.837376716001 -440.1036246816032 269.9370067731911
 2969.730290821794 4574.126851673322 -1406.092192520052 6440.949453448949 -167.2491283487711
 -288.9766869109384 661.0592014742051 -432.9260137876404 124.3443431199585 -63.85057413761285
 -288.9766869109384 661.0592014742051 -432.9260137876404 124.3443431199585 -63.85057413761285
 -288.9766869109384 661.0592014742051 -432.9260137876404 124.3443431199585 -63.85057413761285
 -871.8309034040423 -287.950814390805 -75.44987952153258 2991.296552523639 1084.703471146202
 733.8459714008077 137.1452251917472 -404.7635356574488 703.2626456201147 -866.1472968707258
 -288.9766869109384 661.0592014742051 -432.9260137876404 124.3443431199585 -63.85057413761285
 -288.9766869109384 661.0592014742051 -432.9260137876404 124.3443431199585 -63.85057413761285
 -288.9766869109384 661.0592014742051 -432.9260137876404 124.3443431199585 -63.85057413761285
 1781.224336604134 1965.10563669283 -1358.572979071784 -139.8710776512173 2300.870129847314
 -288.9766869109384 661.0592014742051 -432.9260137876404 124.3443431199585 -63.85057413761285
 -288.9766869109384 661.0592014742051 -432.9260137876404 124.3443431199585 -63.85057413761285
 -725.6929512972224 -103.9348060197777 396.0865371118044 -1912.857733805414 3632.201300500967
 -288.9766869109384 661.0592014742051 -432.9260137876404 124.3443431199585 -63.85057413761285
 1400.515506894572 -1387.381216813473 -3493.837376716001 -440.1036246816032 269.9370067731911
 319.9756114046447 175.5299572625361 8.310470475258398 -830.1191745699726 370.3759767659317
 -288.9766869109384 661.0592014742051 -432.9260137876404 124.3443431199585 -63.85057413761285
 -288.9766869109384 661.0592014742051 -432.9260137876404 124.3443431199585 -63.85057413761285
 -288.9766869109384 661.0592014742051 -432.9260137876404 124.3443431199585 -63.85057413761285
 -288.9766869109384 661.0592014742051 -432.9260137876404 124.3443431199585 -63.85057413761285
 1121.958178257336 469.8705023588515 -78.97495236086345 -1667.048794893183 858.5997118828813
 429.7620845575666 -11.36092588723864 -154.706992780089 617.5067584263625 42.08629722194428
 -288.9766869109384 661.0592014742051 -432.9260137876404 124.3443431199585 -63.85057413761285
 -883.2049181913626 1607.775547671483 -2272.316909486428 1144.593215616405 298.2505726710684
 2969.730290821794 4574.126851673322 -1406.092192520052 6440.949453448949 -167.2491283487711
 -288.9766869109384 661.0592014742051 -432.9260137876404 124.3443431199585 -63.85057413761285
 -271.0379025492509 696.9626400830557 -977.5120411968469 230.1427713404962 968.629191727737
 -288.9766869109384 661.0592014742051 -432.9260137876404 124.3443431199585 -63.85057413761285
 -288.9766869109384 661.0592014742051 -432.9260137876404 124.3443431199585 -63.85057413761285
 1061.576759058879 -3111.322099411155 -4097.714418248582 548.0513032046186 2598.288300993849
 -1464.65742544982 1883.404997808712 977.0889018098683 1896.223421627569 -1630.596502872663
 -288.9766869109384 661.0592014742051 -432.9260137876404 124.3443431199585 -63.85057413761285
 614.8767300315669 -124.7296436564859 832.6911821541939 -940.4792341836353 -486.5135107517128
 -288.9766869109384 661.0592014742051 -432.9260137876404 124.3443431199585 -63.85057413761285
 -288.9766869109384 661.0592014742051 -432.9260137876404 124.3443431199585 -63.85057413761285
 -288.9766869109384 661.0592014742051 -432.9260137876404 124.3443431199585 -63.85057413761285
 -1570.40090893041 1982.78171041613 -3107.787174564386 2002.10094800432 1272.593529682267
 -288.9766869109384 661.0592014742051 -432.9260137876404 124.3443431199585 -63.85057413761285
 1400.515506894572 -1387.381216813473 -3493.837376716001 -440.1036246816032 269.9370067731911
 -288.9766869109384 661.0592014742051 -432.9260137876404 124.3443431199585 -63.85057413761285
 924.965411885861 1003.562931843755 572.2976583109994 -191.6491673167401 2084.857559006017
 -288.9766869109384 661.0592014742051 -432.9260137876404 124.3443431199585 -63.85057413761285
 -165.3600883516155 3264.876150606956 -732.3105130052832 -928.9382960075509 -5187.178913919935
 213.3150142721784 812.6967893392975 -2762.296802494248 -2213.952037704043 1796.153276919601
 27.82603511046443 915.9175873326469 -1861.619882364157 -1977.0950387491 -1529.491494676173
 905.1812543315356 1884.814193069724 3426.888907146476 -236.5677584455094 -232.2817026993926
