# Created by Octave 4.2.1, Mon Oct 09 17:07:03 2017 BRT <root@mosqueiro>
# name: pop
# type: matrix
# rows: 100
# columns: 5
 615.1536986513984 -126.5993370543571 -1142.933794299216 1501.671416527957 -844.8635222840937
 615.1536986513984 -126.5993370543571 -1142.933794299216 1501.671416527957 -844.8635222840937
 615.1536986513984 -126.5993370543571 -1142.933794299216 1501.671416527957 -844.8635222840937
 615.1536986513984 -126.5993370543571 -1142.933794299216 1501.671416527957 -844.8635222840937
 615.1536986513984 -126.5993370543571 -1142.933794299216 1501.671416527957 -844.8635222840937
 536.3215271349045 -291.9937222115155 -979.7492634428289 1014.201033240347 63.74771133623126
 576.3183681308149 -321.4632836090404 -853.1808496909382 979.892852612337 -21.27202528719454
 493.8488986319398 -106.7625013919616 -1104.858748870134 1537.594318803506 -866.2409411972645
 615.1536986513984 -126.5993370543571 -1142.933794299216 1501.671416527957 -844.8635222840937
 458.6585320637209 -63.34174233924648 -518.5875542202955 738.7709262897456 -581.0494691775859
 615.1536986513984 -126.5993370543571 -1142.933794299216 1501.671416527957 -844.8635222840937
 630.8238931881097 -206.6121449519142 -1150.941015618173 1484.152071949083 -789.7515487969196
 615.1536986513984 -126.5993370543571 -1142.933794299216 1501.671416527957 -844.8635222840937
 458.6585320637209 -63.34174233924648 -518.5875542202955 738.7709262897456 -581.0494691775859
 585.2049413173012 -172.3506315525203 -1155.054115818752 1449.782745914907 -910.1095013134317
 615.1536986513984 -126.5993370543571 -1142.933794299216 1501.671416527957 -844.8635222840937
 600.9591056045514 -127.4734917795035 -1152.677426409638 1492.619679670712 -729.0829576758663
 630.8238931881097 -206.6121449519142 -1150.941015618173 1484.152071949083 -789.7515487969196
 615.1536986513984 -126.5993370543571 -1142.933794299216 1501.671416527957 -844.8635222840937
 595.4050399559986 -153.2775374766665 -1092.49400632602 1593.646285710127 -863.6170680683888
 515.8210798170579 -540.201472639945 -882.815619886456 934.8074265357548 14.49732912482393
 615.1536986513984 -126.5993370543571 -1142.933794299216 1501.671416527957 -844.8635222840937
 549.2069253055546 -516.1545675680293 -901.5443233713909 948.2040929113657 -70.17469444954628
 615.1536986513984 -126.5993370543571 -1142.933794299216 1501.671416527957 -844.8635222840937
 549.2069253055546 -516.1545675680293 -901.5443233713909 948.2040929113657 -70.17469444954628
 614.4535731589982 20.77184319226586 -1048.652363802658 1516.229670831208 -748.9182159791806
 615.1536986513984 -126.5993370543571 -1142.933794299216 1501.671416527957 -844.8635222840937
 595.4050399559986 -153.2775374766665 -1092.49400632602 1593.646285710127 -863.6170680683888
 615.1536986513984 -126.5993370543571 -1142.933794299216 1501.671416527957 -844.8635222840937
 615.1536986513984 -126.5993370543571 -1142.933794299216 1501.671416527957 -844.8635222840937
 615.1536986513984 -126.5993370543571 -1142.933794299216 1501.671416527957 -844.8635222840937
 615.1536986513984 -126.5993370543571 -1142.933794299216 1501.671416527957 -844.8635222840937
 615.1536986513984 -126.5993370543571 -1142.933794299216 1501.671416527957 -844.8635222840937
 493.8488986319398 -106.7625013919616 -1104.858748870134 1537.594318803506 -866.2409411972645
 595.4155599659448 -117.5717093966937 -1109.612517452632 1506.977817599115 -914.4566067350256
 614.4535731589982 20.77184319226586 -1048.652363802658 1516.229670831208 -748.9182159791806
 615.1536986513984 -126.5993370543571 -1142.933794299216 1501.671416527957 -844.8635222840937
 615.1536986513984 -126.5993370543571 -1142.933794299216 1501.671416527957 -844.8635222840937
 615.1536986513984 -126.5993370543571 -1142.933794299216 1501.671416527957 -844.8635222840937
 595.4050399559986 -153.2775374766665 -1092.49400632602 1593.646285710127 -863.6170680683888
 615.1536986513984 -126.5993370543571 -1142.933794299216 1501.671416527957 -844.8635222840937
 493.8488986319398 -106.7625013919616 -1104.858748870134 1537.594318803506 -866.2409411972645
 355.0370600761514 -150.7621870815583 -705.6094967001494 976.4886598116204 -319.4066471182647
 340.675143149484 -236.2628111503944 -606.3011560932722 705.5317138136701 -629.6697376905454
 615.1536986513984 -126.5993370543571 -1142.933794299216 1501.671416527957 -844.8635222840937
 615.1536986513984 -126.5993370543571 -1142.933794299216 1501.671416527957 -844.8635222840937
 615.1536986513984 -126.5993370543571 -1142.933794299216 1501.671416527957 -844.8635222840937
 525.6797871305686 -466.6314460076433 -905.7438937686622 928.9644461987307 -30.06180827459839
 615.1536986513984 -126.5993370543571 -1142.933794299216 1501.671416527957 -844.8635222840937
 591.7512524081029 -61.87085399457217 -1108.816313681905 1497.946987532236 -863.5520650306131
 424.5393618831072 -382.9208043788379 -1013.906673373052 1610.239428419839 -708.9398608906969
 615.1536986513984 -126.5993370543571 -1142.933794299216 1501.671416527957 -844.8635222840937
 667.376979542935 -115.9210497148735 -1108.847517369837 1360.647651895481 -796.8878766195368
 615.1536986513984 -126.5993370543571 -1142.933794299216 1501.671416527957 -844.8635222840937
 615.1536986513984 -126.5993370543571 -1142.933794299216 1501.671416527957 -844.8635222840937
 595.4155599659448 -117.5717093966937 -1109.612517452632 1506.977817599115 -914.4566067350256
 615.1536986513984 -126.5993370543571 -1142.933794299216 1501.671416527957 -844.8635222840937
 700.982466887644 -395.0630720898947 -774.7832635345218 979.2686396033329 -176.6352922999243
 615.1536986513984 -126.5993370543571 -1142.933794299216 1501.671416527957 -844.8635222840937
 706.7465728307623 -110.9232770823789 -1201.619647913949 1502.764332505953 -831.343971588846
 615.1536986513984 -126.5993370543571 -1142.933794299216 1501.671416527957 -844.8635222840937
 615.1536986513984 -126.5993370543571 -1142.933794299216 1501.671416527957 -844.8635222840937
 615.1536986513984 -126.5993370543571 -1142.933794299216 1501.671416527957 -844.8635222840937
 493.8488986319398 -106.7625013919616 -1104.858748870134 1537.594318803506 -866.2409411972645
 615.1536986513984 -126.5993370543571 -1142.933794299216 1501.671416527957 -844.8635222840937
 615.1536986513984 -126.5993370543571 -1142.933794299216 1501.671416527957 -844.8635222840937
 458.6585320637209 -63.34174233924648 -518.5875542202955 738.7709262897456 -581.0494691775859
 615.1536986513984 -126.5993370543571 -1142.933794299216 1501.671416527957 -844.8635222840937
 615.1536986513984 -126.5993370543571 -1142.933794299216 1501.671416527957 -844.8635222840937
 644.4646391155543 -154.0607916137711 -1088.956670904102 1548.644388006801 -840.8746163023247
 778.1243857331268 -276.0937160565311 -1112.793492425736 1230.522412859319 -609.1550257692082
 600.9591056045514 -127.4734917795035 -1152.677426409638 1492.619679670712 -729.0829576758663
 549.2069253055546 -516.1545675680293 -901.5443233713909 948.2040929113657 -70.17469444954628
 615.1536986513984 -126.5993370543571 -1142.933794299216 1501.671416527957 -844.8635222840937
 458.6585320637209 -63.34174233924648 -518.5875542202955 738.7709262897456 -581.0494691775859
 667.376979542935 -115.9210497148735 -1108.847517369837 1360.647651895481 -796.8878766195368
 639.010815557077 -168.436112467907 -1187.655495379767 1562.985925125222 -815.4840325531775
 615.1536986513984 -126.5993370543571 -1142.933794299216 1501.671416527957 -844.8635222840937
 667.376979542935 -115.9210497148735 -1108.847517369837 1360.647651895481 -796.8878766195368
 424.5393618831072 -382.9208043788379 -1013.906673373052 1610.239428419839 -708.9398608906969
 628.2123584047411 -156.9123381222248 -1142.105129300235 1480.886707276121 -828.9923046475257
 659.4172240386985 -206.2149108012599 -1205.614815521108 1528.792379086472 -698.8755847264631
 656.5171487359695 -135.0605300680846 -1130.779515701264 1465.207409325329 -854.6009747699245
