# Created by Octave 4.2.1, Mon Oct 09 17:06:54 2017 BRT <root@mosqueiro>
# name: pop
# type: matrix
# rows: 100
# columns: 5
 458.6585320637209 -63.34174233924648 -518.5875542202955 738.7709262897456 -581.0494691775859
 458.6585320637209 -63.34174233924648 -518.5875542202955 738.7709262897456 -581.0494691775859
 -547.4530985601768 95.42386109127119 478.3833307123521 -563.1692896339441 590.3060496704363
 458.6585320637209 -63.34174233924648 -518.5875542202955 738.7709262897456 -581.0494691775859
 458.6585320637209 -63.34174233924648 -518.5875542202955 738.7709262897456 -581.0494691775859
 -700.6373447603983 636.3420564911839 579.2829263023514 266.2841382236745 -825.4225567087169
 -525.1327575431651 712.1808807568025 337.7699801170158 172.6633553916822 -509.0927386764164
 458.6585320637209 -63.34174233924648 -518.5875542202955 738.7709262897456 -581.0494691775859
 353.4462799194636 310.118160150779 652.581205827355 -1695.633667101546 -716.0229839487669
 458.6585320637209 -63.34174233924648 -518.5875542202955 738.7709262897456 -581.0494691775859
 458.6585320637209 -63.34174233924648 -518.5875542202955 738.7709262897456 -581.0494691775859
 458.6585320637209 -63.34174233924648 -518.5875542202955 738.7709262897456 -581.0494691775859
 458.6585320637209 -63.34174233924648 -518.5875542202955 738.7709262897456 -581.0494691775859
 458.6585320637209 -63.34174233924648 -518.5875542202955 738.7709262897456 -581.0494691775859
 2243.92310876941 1241.684012892056 8.176673410077001 -667.8635002454866 -780.6471839939547
 458.6585320637209 -63.34174233924648 -518.5875542202955 738.7709262897456 -581.0494691775859
 183.929931382953 -1040.651044510984 2086.462268410036 588.6420523958637 -1031.150065428296
 458.6585320637209 -63.34174233924648 -518.5875542202955 738.7709262897456 -581.0494691775859
 458.6585320637209 -63.34174233924648 -518.5875542202955 738.7709262897456 -581.0494691775859
 285.4777379818561 160.7903400906416 -376.6603556475973 996.2981808258003 -621.2506233217405
 -752.9515490335954 -3992.842863729089 -400.2561724454281 3922.823653175938 2986.228370192071
 458.6585320637209 -63.34174233924648 -518.5875542202955 738.7709262897456 -581.0494691775859
 458.6585320637209 -63.34174233924648 -518.5875542202955 738.7709262897456 -581.0494691775859
 458.6585320637209 -63.34174233924648 -518.5875542202955 738.7709262897456 -581.0494691775859
 458.6585320637209 -63.34174233924648 -518.5875542202955 738.7709262897456 -581.0494691775859
 458.6585320637209 -63.34174233924648 -518.5875542202955 738.7709262897456 -581.0494691775859
 458.6585320637209 -63.34174233924648 -518.5875542202955 738.7709262897456 -581.0494691775859
 183.929931382953 -1040.651044510984 2086.462268410036 588.6420523958637 -1031.150065428296
 -547.4530985601768 95.42386109127119 478.3833307123521 -563.1692896339441 590.3060496704363
 -700.6373447603983 636.3420564911839 579.2829263023514 266.2841382236745 -825.4225567087169
 458.6585320637209 -63.34174233924648 -518.5875542202955 738.7709262897456 -581.0494691775859
 458.6585320637209 -63.34174233924648 -518.5875542202955 738.7709262897456 -581.0494691775859
 -991.6299526886266 934.9922478446474 800.7137495803565 317.8244831754785 613.1803454931653
 285.4777379818561 160.7903400906416 -376.6603556475973 996.2981808258003 -621.2506233217405
 458.6585320637209 -63.34174233924648 -518.5875542202955 738.7709262897456 -581.0494691775859
 -1120.324029103175 -85.08982222062832 2114.02976671781 3245.566897763728 -1734.940990734775
 458.6585320637209 -63.34174233924648 -518.5875542202955 738.7709262897456 -581.0494691775859
 285.4777379818561 160.7903400906416 -376.6603556475973 996.2981808258003 -621.2506233217405
 -584.3577878740671 -545.7004367169891 76.59569650015726 305.8020933670923 2927.485612851167
 458.6585320637209 -63.34174233924648 -518.5875542202955 738.7709262897456 -581.0494691775859
 458.6585320637209 -63.34174233924648 -518.5875542202955 738.7709262897456 -581.0494691775859
 -316.426323952464 -2052.108267143289 -394.2277199944456 1556.798101326071 1171.971717794392
 458.6585320637209 -63.34174233924648 -518.5875542202955 738.7709262897456 -581.0494691775859
 458.6585320637209 -63.34174233924648 -518.5875542202955 738.7709262897456 -581.0494691775859
 458.6585320637209 -63.34174233924648 -518.5875542202955 738.7709262897456 -581.0494691775859
 735.0922756321961 -317.3621968638005 2875.206402934363 -704.5843814332814 -520.6236522364388
 285.4777379818561 160.7903400906416 -376.6603556475973 996.2981808258003 -621.2506233217405
 -1274.444805500705 -3792.733345348127 -63.28821184216326 683.5007157724664 -2989.380180752237
 -1128.876409727579 1714.921481681608 471.306330912677 -2357.54290001543 1908.660467821183
 458.6585320637209 -63.34174233924648 -518.5875542202955 738.7709262897456 -581.0494691775859
 458.6585320637209 -63.34174233924648 -518.5875542202955 738.7709262897456 -581.0494691775859
 458.6585320637209 -63.34174233924648 -518.5875542202955 738.7709262897456 -581.0494691775859
 -883.5108011593263 1098.96122664895 549.1351355986625 1725.606749486353 -2454.886976539605
 458.6585320637209 -63.34174233924648 -518.5875542202955 738.7709262897456 -581.0494691775859
 458.6585320637209 -63.34174233924648 -518.5875542202955 738.7709262897456 -581.0494691775859
 1530.419177656446 -1580.278362387667 -2592.076593983357 -578.6217445971861 1282.572584116815
 458.6585320637209 -63.34174233924648 -518.5875542202955 738.7709262897456 -581.0494691775859
 -991.6299526886266 934.9922478446474 800.7137495803565 317.8244831754785 613.1803454931653
 458.6585320637209 -63.34174233924648 -518.5875542202955 738.7709262897456 -581.0494691775859
 630.8429687574073 -194.3621090268412 671.8371153004127 373.3544715133389 -735.101864491383
 458.6585320637209 -63.34174233924648 -518.5875542202955 738.7709262897456 -581.0494691775859
 630.8429687574073 -194.3621090268412 671.8371153004127 373.3544715133389 -735.101864491383
 458.6585320637209 -63.34174233924648 -518.5875542202955 738.7709262897456 -581.0494691775859
 458.6585320637209 -63.34174233924648 -518.5875542202955 738.7709262897456 -581.0494691775859
 735.0922756321961 -317.3621968638005 2875.206402934363 -704.5843814332814 -520.6236522364388
 458.6585320637209 -63.34174233924648 -518.5875542202955 738.7709262897456 -581.0494691775859
 458.6585320637209 -63.34174233924648 -518.5875542202955 738.7709262897456 -581.0494691775859
 458.6585320637209 -63.34174233924648 -518.5875542202955 738.7709262897456 -581.0494691775859
 458.6585320637209 -63.34174233924648 -518.5875542202955 738.7709262897456 -581.0494691775859
 458.6585320637209 -63.34174233924648 -518.5875542202955 738.7709262897456 -581.0494691775859
 285.4777379818561 160.7903400906416 -376.6603556475973 996.2981808258003 -621.2506233217405
 -1274.444805500705 -3792.733345348127 -63.28821184216326 683.5007157724664 -2989.380180752237
 -1467.355072269484 4493.804768531639 -883.7340980613998 1190.157018730807 -1137.445860358748
 458.6585320637209 -63.34174233924648 -518.5875542202955 738.7709262897456 -581.0494691775859
 -752.9515490335954 -3992.842863729089 -400.2561724454281 3922.823653175938 2986.228370192071
 458.6585320637209 -63.34174233924648 -518.5875542202955 738.7709262897456 -581.0494691775859
 458.6585320637209 -63.34174233924648 -518.5875542202955 738.7709262897456 -581.0494691775859
 735.0922756321961 -317.3621968638005 2875.206402934363 -704.5843814332814 -520.6236522364388
 -986.8067664004438 -2362.189582444912 -1482.682456427097 994.0071294893902 2764.030812613519
 -410.246758787569 562.7001958177448 1179.235263570729 436.5028710197518 -2771.921816136725
 -419.6331416284859 -1974.479222527515 -1152.412152257599 -119.3398170788071 2322.429148478589
 1810.197082155102 470.1546253074749 2311.44156629038 1647.973718764347 -746.255644493987
 -843.0595993285506 634.6046197775536 -840.0770691825986 1315.841401938045 -330.3572329487698
 2970.412174467201 1544.698828200558 1626.17322248823 1740.098574583303 836.6891046032024
