# Created by Octave 4.2.1, Mon Oct 09 17:08:05 2017 BRT <root@mosqueiro>
# name: pop
# type: matrix
# rows: 100
# columns: 5
 -262.2391878116189 364.7892043334969 -50.8652050452802 -368.2950972120123 317.7646707930766
 -325.2790696857643 354.9873460297069 -90.51417018330801 -282.7036551905843 344.9241630361785
 -325.2790696857643 354.9873460297069 -90.51417018330801 -282.7036551905843 344.9241630361785
 -325.2790696857643 354.9873460297069 -90.51417018330801 -282.7036551905843 344.9241630361785
 -325.2790696857643 354.9873460297069 -90.51417018330801 -282.7036551905843 344.9241630361785
 -356.1014062879079 202.5357417596051 -309.625112486811 -132.574037387676 257.3912598913062
 -335.5346693312072 414.0036358256742 -127.0603013694016 -348.1599449527604 372.8048734718423
 -175.8521368700995 310.5878782438665 -113.3150864125373 -241.7583770647216 268.8155655596166
 186.7238119288054 -555.0193118543125 432.3143517014493 -618.9133798795431 704.0551982188778
 -334.4182890099188 61.6046157585547 162.03791492619 -307.2553707234615 693.5349864537553
 -325.2790696857643 354.9873460297069 -90.51417018330801 -282.7036551905843 344.9241630361785
 -325.2790696857643 354.9873460297069 -90.51417018330801 -282.7036551905843 344.9241630361785
 -325.2790696857643 354.9873460297069 -90.51417018330801 -282.7036551905843 344.9241630361785
 -325.2790696857643 354.9873460297069 -90.51417018330801 -282.7036551905843 344.9241630361785
 -325.2790696857643 354.9873460297069 -90.51417018330801 -282.7036551905843 344.9241630361785
 -325.2790696857643 354.9873460297069 -90.51417018330801 -282.7036551905843 344.9241630361785
 -325.2790696857643 354.9873460297069 -90.51417018330801 -282.7036551905843 344.9241630361785
 -325.2790696857643 354.9873460297069 -90.51417018330801 -282.7036551905843 344.9241630361785
 -312.4877053993322 279.9953643214328 -87.01370364667386 -257.1659325036643 283.0222697483175
 -325.2790696857643 354.9873460297069 -90.51417018330801 -282.7036551905843 344.9241630361785
 -325.2790696857643 354.9873460297069 -90.51417018330801 -282.7036551905843 344.9241630361785
 -325.2790696857643 354.9873460297069 -90.51417018330801 -282.7036551905843 344.9241630361785
 -262.3558035268044 293.853144763577 -52.79359843296952 -260.9796311080891 327.7174203143153
 -262.2391878116189 364.7892043334969 -50.8652050452802 -368.2950972120123 317.7646707930766
 -294.5874150102879 411.1739827521012 -138.9803584040951 -304.1180784249829 445.9298223904486
 -325.2790696857643 354.9873460297069 -90.51417018330801 -282.7036551905843 344.9241630361785
 -325.2790696857643 354.9873460297069 -90.51417018330801 -282.7036551905843 344.9241630361785
 186.7238119288054 -555.0193118543125 432.3143517014493 -618.9133798795431 704.0551982188778
 -392.9862324854286 262.5771381327388 72.78858481284374 -102.3305444054475 445.0457054396188
 -262.2391878116189 364.7892043334969 -50.8652050452802 -368.2950972120123 317.7646707930766
 -240.0882209177745 272.4737987475664 -59.26511548789162 -328.293297934425 176.5346903899493
 -325.2790696857643 354.9873460297069 -90.51417018330801 -282.7036551905843 344.9241630361785
 -325.2790696857643 354.9873460297069 -90.51417018330801 -282.7036551905843 344.9241630361785
 -325.2790696857643 354.9873460297069 -90.51417018330801 -282.7036551905843 344.9241630361785
 -325.2790696857643 354.9873460297069 -90.51417018330801 -282.7036551905843 344.9241630361785
 -243.3176239029537 535.6275654420971 -143.6894622125081 -470.0475450634414 93.04879923231833
 -325.2790696857643 354.9873460297069 -90.51417018330801 -282.7036551905843 344.9241630361785
 -325.2790696857643 354.9873460297069 -90.51417018330801 -282.7036551905843 344.9241630361785
 -325.2790696857643 354.9873460297069 -90.51417018330801 -282.7036551905843 344.9241630361785
 -325.2790696857643 354.9873460297069 -90.51417018330801 -282.7036551905843 344.9241630361785
 -325.2790696857643 354.9873460297069 -90.51417018330801 -282.7036551905843 344.9241630361785
 -325.2790696857643 354.9873460297069 -90.51417018330801 -282.7036551905843 344.9241630361785
 -400.7782710065286 106.8772670936243 45.39114414691113 -220.9111505523993 599.6192958708053
 -325.2790696857643 354.9873460297069 -90.51417018330801 -282.7036551905843 344.9241630361785
 -325.2790696857643 354.9873460297069 -90.51417018330801 -282.7036551905843 344.9241630361785
 -312.6068826600115 298.0703632719442 -114.4207913724678 -238.0334585376908 307.7229945688929
 -325.2790696857643 354.9873460297069 -90.51417018330801 -282.7036551905843 344.9241630361785
 -282.5088788149146 183.9923732115597 -21.39892843759054 -351.4862988921608 263.3736428979664
 -356.1014062879079 202.5357417596051 -309.625112486811 -132.574037387676 257.3912598913062
 -325.2790696857643 354.9873460297069 -90.51417018330801 -282.7036551905843 344.9241630361785
 186.7238119288054 -555.0193118543125 432.3143517014493 -618.9133798795431 704.0551982188778
 -325.2790696857643 354.9873460297069 -90.51417018330801 -282.7036551905843 344.9241630361785
 -335.5346693312072 414.0036358256742 -127.0603013694016 -348.1599449527604 372.8048734718423
 -315.5594872080217 220.5645581893246 -251.7976507851276 -163.8088612798309 310.5677189713052
 -325.2790696857643 354.9873460297069 -90.51417018330801 -282.7036551905843 344.9241630361785
 -325.2790696857643 354.9873460297069 -90.51417018330801 -282.7036551905843 344.9241630361785
 -334.4182890099188 61.6046157585547 162.03791492619 -307.2553707234615 693.5349864537553
 -240.0882209177745 272.4737987475664 -59.26511548789162 -328.293297934425 176.5346903899493
 -262.2391878116189 364.7892043334969 -50.8652050452802 -368.2950972120123 317.7646707930766
 -342.2895958265748 376.1431077012631 -47.79415818376672 -226.3476564454233 369.4053278422118
 -249.7363749673247 547.7595953477623 -147.6827764915951 -496.3810646310391 115.9584792768905
 -325.2790696857643 354.9873460297069 -90.51417018330801 -282.7036551905843 344.9241630361785
 -56.36150072979922 420.1001891817027 -237.9136471882094 -378.2877501896671 457.7659829853923
 -657.6598488204885 410.9147620561847 -17.89248658615136 -273.916244683484 -206.4347500125569
 -56.36150072979922 420.1001891817027 -237.9136471882094 -378.2877501896671 457.7659829853923
 -322.8867427637544 342.6341848220898 -57.68403408501426 -298.3285674646747 290.8561598756731
 -313.3186658683017 358.5209302342427 -136.7966914408427 -285.1022925184703 350.3255893025319
 -325.2790696857643 354.9873460297069 -90.51417018330801 -282.7036551905843 344.9241630361785
 -356.1014062879079 202.5357417596051 -309.625112486811 -132.574037387676 257.3912598913062
 -325.2790696857643 354.9873460297069 -90.51417018330801 -282.7036551905843 344.9241630361785
 -312.8249009486212 360.6234884823074 -16.2980874071005 -290.5997872511206 426.0117646367162
 -325.2790696857643 354.9873460297069 -90.51417018330801 -282.7036551905843 344.9241630361785
 186.7238119288054 -555.0193118543125 432.3143517014493 -618.9133798795431 704.0551982188778
 -312.4877053993322 279.9953643214328 -87.01370364667386 -257.1659325036643 283.0222697483175
 -126.271855080106 2919.927756682723 912.8330059794337 1207.848208229514 4609.173866813815
 -325.2790696857643 354.9873460297069 -90.51417018330801 -282.7036551905843 344.9241630361785
 -323.6300316259425 476.2752335596738 -41.63404890148881 -417.358096846092 338.0683010160993
 -56.36150072979922 420.1001891817027 -237.9136471882094 -378.2877501896671 457.7659829853923
 -243.3176239029537 535.6275654420971 -143.6894622125081 -470.0475450634414 93.04879923231833
 -325.2790696857643 354.9873460297069 -90.51417018330801 -282.7036551905843 344.9241630361785
 -395.8349162506655 290.9391682436411 70.5977012830579 -285.5142059614079 108.0202607746715
 -353.7915303536641 358.0511063491356 -80.37436460960257 -308.094239268159 322.981235657595
 -342.2830434983544 370.6956559806289 -86.52946397666119 -271.2709267111285 313.8753383386248
 -314.729579290116 352.8394962255746 -70.02983524878196 -277.012448982372 333.6051685121565
