# Created by Octave 4.2.1, Mon Oct 09 17:06:04 2017 BRT <root@mosqueiro>
# name: pop
# type: matrix
# rows: 100
# columns: 5
 564.5237141177515 -258.1901438660277 -51.42774924264663 -33.04937218408097 -222.6535125811757
 500.3799396512574 -238.4163785629654 30.51061180250144 -147.7141290044258 -144.3877487737625
 507.9980378648723 -234.5518733853262 23.00769414486535 -151.3101475769449 -143.9365783234563
 507.9980378648723 -234.5518733853262 23.00769414486535 -151.3101475769449 -143.9365783234563
 500.3799396512574 -238.4163785629654 30.51061180250144 -147.7141290044258 -144.3877487737625
 560.5881087202872 -215.4828132724439 -19.72543151784976 -129.2700558841981 -194.4030114807059
 560.5881087202872 -215.4828132724439 -19.72543151784976 -129.2700558841981 -194.4030114807059
 566.7755878793954 -229.6883476988095 -17.57511587647432 -144.0676370327076 -187.0499402474234
 500.3799396512574 -238.4163785629654 30.51061180250144 -147.7141290044258 -144.3877487737625
 560.5881087202872 -215.4828132724439 -19.72543151784976 -129.2700558841981 -194.4030114807059
 560.5881087202872 -215.4828132724439 -19.72543151784976 -129.2700558841981 -194.4030114807059
 522.4898151100026 -168.4455131693531 -18.92528526222039 -110.7981527634306 -61.45220321149295
 522.4898151100026 -168.4455131693531 -18.92528526222039 -110.7981527634306 -61.45220321149295
 527.0638888231174 -213.4446969372616 46.64741194720298 -129.1809705307982 -135.5592806335272
 577.1172960127636 -286.7288936943866 -22.9958620699113 -33.34197420000451 -224.5532679628707
 577.1172960127636 -286.7288936943866 -22.9958620699113 -33.34197420000451 -224.5532679628707
 569.433931967885 -253.2468336930014 30.25653474285473 -71.39743136776299 -188.3359917731747
 559.6593904462957 -213.3029087535191 -41.10407917849282 -124.3677194998442 -208.6274380720676
 507.9980378648723 -234.5518733853262 23.00769414486535 -151.3101475769449 -143.9365783234563
 507.9980378648723 -234.5518733853262 23.00769414486535 -151.3101475769449 -143.9365783234563
 560.5881087202872 -215.4828132724439 -19.72543151784976 -129.2700558841981 -194.4030114807059
 500.3799396512574 -238.4163785629654 30.51061180250144 -147.7141290044258 -144.3877487737625
 564.5237141177515 -258.1901438660277 -51.42774924264663 -33.04937218408097 -222.6535125811757
 560.5881087202872 -215.4828132724439 -19.72543151784976 -129.2700558841981 -194.4030114807059
 507.9980378648723 -234.5518733853262 23.00769414486535 -151.3101475769449 -143.9365783234563
 507.9980378648723 -234.5518733853262 23.00769414486535 -151.3101475769449 -143.9365783234563
 507.9980378648723 -234.5518733853262 23.00769414486535 -151.3101475769449 -143.9365783234563
 560.5881087202872 -215.4828132724439 -19.72543151784976 -129.2700558841981 -194.4030114807059
 507.9980378648723 -234.5518733853262 23.00769414486535 -151.3101475769449 -143.9365783234563
 507.9980378648723 -234.5518733853262 23.00769414486535 -151.3101475769449 -143.9365783234563
 507.9980378648723 -234.5518733853262 23.00769414486535 -151.3101475769449 -143.9365783234563
 564.5237141177515 -258.1901438660277 -51.42774924264663 -33.04937218408097 -222.6535125811757
 507.9980378648723 -234.5518733853262 23.00769414486535 -151.3101475769449 -143.9365783234563
 560.5881087202872 -215.4828132724439 -19.72543151784976 -129.2700558841981 -194.4030114807059
 583.8873604277106 -130.1495819601098 -55.41571286213959 -164.4968850665526 -131.9228043837635
 455.6236271078864 -142.7411826512186 -29.88282307062538 -57.67810346986168 -184.6441333054334
 564.5237141177515 -258.1901438660277 -51.42774924264663 -33.04937218408097 -222.6535125811757
 560.5881087202872 -215.4828132724439 -19.72543151784976 -129.2700558841981 -194.4030114807059
 507.9980378648723 -234.5518733853262 23.00769414486535 -151.3101475769449 -143.9365783234563
 560.5881087202872 -215.4828132724439 -19.72543151784976 -129.2700558841981 -194.4030114807059
 581.8790126079074 -207.7349069300687 -16.20799863019569 -152.0665455658122 -209.7434043734156
 507.9980378648723 -234.5518733853262 23.00769414486535 -151.3101475769449 -143.9365783234563
 560.5881087202872 -215.4828132724439 -19.72543151784976 -129.2700558841981 -194.4030114807059
 507.9980378648723 -234.5518733853262 23.00769414486535 -151.3101475769449 -143.9365783234563
 564.5237141177515 -258.1901438660277 -51.42774924264663 -33.04937218408097 -222.6535125811757
 507.9980378648723 -234.5518733853262 23.00769414486535 -151.3101475769449 -143.9365783234563
 507.9980378648723 -234.5518733853262 23.00769414486535 -151.3101475769449 -143.9365783234563
 507.9980378648723 -234.5518733853262 23.00769414486535 -151.3101475769449 -143.9365783234563
 560.5881087202872 -215.4828132724439 -19.72543151784976 -129.2700558841981 -194.4030114807059
 507.9980378648723 -234.5518733853262 23.00769414486535 -151.3101475769449 -143.9365783234563
 507.9980378648723 -234.5518733853262 23.00769414486535 -151.3101475769449 -143.9365783234563
 560.5881087202872 -215.4828132724439 -19.72543151784976 -129.2700558841981 -194.4030114807059
 560.5881087202872 -215.4828132724439 -19.72543151784976 -129.2700558841981 -194.4030114807059
 560.5881087202872 -215.4828132724439 -19.72543151784976 -129.2700558841981 -194.4030114807059
 554.9955385156678 -217.0039137232145 -13.08907135003683 -127.199183325925 -185.4904120300724
 504.9141961818914 -202.0651624758567 51.9259249377143 -129.6459069516775 -148.1243378329876
 510.8181986292996 -220.2751665302263 30.7686338367231 -153.5677823132336 -145.1382375002995
 500.3799396512574 -238.4163785629654 30.51061180250144 -147.7141290044258 -144.3877487737625
 500.3799396512574 -238.4163785629654 30.51061180250144 -147.7141290044258 -144.3877487737625
 507.9980378648723 -234.5518733853262 23.00769414486535 -151.3101475769449 -143.9365783234563
 507.9980378648723 -234.5518733853262 23.00769414486535 -151.3101475769449 -143.9365783234563
 507.9980378648723 -234.5518733853262 23.00769414486535 -151.3101475769449 -143.9365783234563
 560.5881087202872 -215.4828132724439 -19.72543151784976 -129.2700558841981 -194.4030114807059
 507.9980378648723 -234.5518733853262 23.00769414486535 -151.3101475769449 -143.9365783234563
 507.9980378648723 -234.5518733853262 23.00769414486535 -151.3101475769449 -143.9365783234563
 560.5881087202872 -215.4828132724439 -19.72543151784976 -129.2700558841981 -194.4030114807059
 554.9955385156678 -217.0039137232145 -13.08907135003683 -127.199183325925 -185.4904120300724
 503.3527003579061 -226.581198773543 19.87994821730426 -140.9467901060981 -144.260766803552
 504.9608320630858 -227.3301126242268 21.37401730245834 -144.3541380459453 -152.4527202797374
 560.5881087202872 -215.4828132724439 -19.72543151784976 -129.2700558841981 -194.4030114807059
 527.0638888231174 -213.4446969372616 46.64741194720298 -129.1809705307982 -135.5592806335272
 507.9980378648723 -234.5518733853262 23.00769414486535 -151.3101475769449 -143.9365783234563
 557.544009156054 -223.1122193974892 -15.33705927643132 -118.3894354058614 -181.2119630515988
 560.5881087202872 -215.4828132724439 -19.72543151784976 -129.2700558841981 -194.4030114807059
 507.9980378648723 -234.5518733853262 23.00769414486535 -151.3101475769449 -143.9365783234563
 581.8790126079074 -207.7349069300687 -16.20799863019569 -152.0665455658122 -209.7434043734156
 577.1172960127636 -286.7288936943866 -22.9958620699113 -33.34197420000451 -224.5532679628707
 560.5881087202872 -215.4828132724439 -19.72543151784976 -129.2700558841981 -194.4030114807059
 500.3799396512574 -238.4163785629654 30.51061180250144 -147.7141290044258 -144.3877487737625
 581.8790126079074 -207.7349069300687 -16.20799863019569 -152.0665455658122 -209.7434043734156
 560.8801694192991 -218.1857973346937 -20.64070258445059 -125.1548041942825 -201.8034837114385
 568.8025731581324 -256.2700964751232 -53.13503642155531 -32.95724680304608 -221.8688257199489
 511.6655977860541 -238.9753980225867 22.30694133773509 -154.2162841041135 -147.0375960669338
