# Created by Octave 4.2.1, Mon Oct 09 17:08:25 2017 BRT <root@mosqueiro>
# name: pop
# type: matrix
# rows: 100
# columns: 5
 282.6466254218274 906.3067794946598 -215.2625780833953 -744.3451018949722 -219.3898061467679
 282.6466254218274 906.3067794946598 -215.2625780833953 -744.3451018949722 -219.3898061467679
 282.6466254218274 906.3067794946598 -215.2625780833953 -744.3451018949722 -219.3898061467679
 282.6466254218274 906.3067794946598 -215.2625780833953 -744.3451018949722 -219.3898061467679
 -66.92183153725227 223.9918175622283 708.993341268985 -159.5457728295037 -677.9949406864059
 348.8926290570683 -242.4944556653695 286.128414667567 -1908.703418958086 -1557.496735129002
 -3511.480283172759 -1359.63836707047 1052.046291544249 -2027.683734287971 2936.125965986264
 282.6466254218274 906.3067794946598 -215.2625780833953 -744.3451018949722 -219.3898061467679
 282.6466254218274 906.3067794946598 -215.2625780833953 -744.3451018949722 -219.3898061467679
 -617.9023568286264 1147.797977852877 1339.318274545076 1609.638221531186 -1228.837219391659
 282.6466254218274 906.3067794946598 -215.2625780833953 -744.3451018949722 -219.3898061467679
 282.6466254218274 906.3067794946598 -215.2625780833953 -744.3451018949722 -219.3898061467679
 -1275.075708035989 4477.971882734832 1243.88351896072 12.98664179477475 -1759.613395587161
 282.6466254218274 906.3067794946598 -215.2625780833953 -744.3451018949722 -219.3898061467679
 -617.9023568286264 1147.797977852877 1339.318274545076 1609.638221531186 -1228.837219391659
 -1086.986157917016 4158.319949353368 896.2112856144879 -337.641954202469 1503.778361871694
 282.6466254218274 906.3067794946598 -215.2625780833953 -744.3451018949722 -219.3898061467679
 282.6466254218274 906.3067794946598 -215.2625780833953 -744.3451018949722 -219.3898061467679
 -66.92183153725227 223.9918175622283 708.993341268985 -159.5457728295037 -677.9949406864059
 282.6466254218274 906.3067794946598 -215.2625780833953 -744.3451018949722 -219.3898061467679
 282.6466254218274 906.3067794946598 -215.2625780833953 -744.3451018949722 -219.3898061467679
 282.6466254218274 906.3067794946598 -215.2625780833953 -744.3451018949722 -219.3898061467679
 282.6466254218274 906.3067794946598 -215.2625780833953 -744.3451018949722 -219.3898061467679
 282.6466254218274 906.3067794946598 -215.2625780833953 -744.3451018949722 -219.3898061467679
 282.6466254218274 906.3067794946598 -215.2625780833953 -744.3451018949722 -219.3898061467679
 -66.92183153725227 223.9918175622283 708.993341268985 -159.5457728295037 -677.9949406864059
 348.8926290570683 -242.4944556653695 286.128414667567 -1908.703418958086 -1557.496735129002
 282.6466254218274 906.3067794946598 -215.2625780833953 -744.3451018949722 -219.3898061467679
 -3511.480283172759 -1359.63836707047 1052.046291544249 -2027.683734287971 2936.125965986264
 282.6466254218274 906.3067794946598 -215.2625780833953 -744.3451018949722 -219.3898061467679
 -66.92183153725227 223.9918175622283 708.993341268985 -159.5457728295037 -677.9949406864059
 282.6466254218274 906.3067794946598 -215.2625780833953 -744.3451018949722 -219.3898061467679
 282.6466254218274 906.3067794946598 -215.2625780833953 -744.3451018949722 -219.3898061467679
 282.6466254218274 906.3067794946598 -215.2625780833953 -744.3451018949722 -219.3898061467679
 -66.92183153725227 223.9918175622283 708.993341268985 -159.5457728295037 -677.9949406864059
 3045.415922766736 2674.720162855343 398.1973844005918 -6041.503960169672 -1780.8538647095
 282.6466254218274 906.3067794946598 -215.2625780833953 -744.3451018949722 -219.3898061467679
 -242.5766753587266 -731.4459364102736 -585.0669204148724 686.7935743880389 832.1488799356418
 -991.3010027234835 141.1925135440922 811.8428057015942 -86.92873278768991 163.8774108331193
 812.6599334144953 -598.0819854670007 2301.749079367325 -2027.997113216485 2995.639612398484
 282.6466254218274 906.3067794946598 -215.2625780833953 -744.3451018949722 -219.3898061467679
 282.6466254218274 906.3067794946598 -215.2625780833953 -744.3451018949722 -219.3898061467679
 282.6466254218274 906.3067794946598 -215.2625780833953 -744.3451018949722 -219.3898061467679
 282.6466254218274 906.3067794946598 -215.2625780833953 -744.3451018949722 -219.3898061467679
 282.6466254218274 906.3067794946598 -215.2625780833953 -744.3451018949722 -219.3898061467679
 -617.9023568286264 1147.797977852877 1339.318274545076 1609.638221531186 -1228.837219391659
 -66.92183153725227 223.9918175622283 708.993341268985 -159.5457728295037 -677.9949406864059
 -66.92183153725227 223.9918175622283 708.993341268985 -159.5457728295037 -677.9949406864059
 -66.92183153725227 223.9918175622283 708.993341268985 -159.5457728295037 -677.9949406864059
 -66.92183153725227 223.9918175622283 708.993341268985 -159.5457728295037 -677.9949406864059
 282.6466254218274 906.3067794946598 -215.2625780833953 -744.3451018949722 -219.3898061467679
 282.6466254218274 906.3067794946598 -215.2625780833953 -744.3451018949722 -219.3898061467679
 282.6466254218274 906.3067794946598 -215.2625780833953 -744.3451018949722 -219.3898061467679
 519.1881607984017 -170.1722159537701 -897.0667289754474 17.25802107036986 954.3807338326062
 644.455603077903 -1033.065292475303 3064.238252594752 -862.8941957588293 -225.678899137122
 282.6466254218274 906.3067794946598 -215.2625780833953 -744.3451018949722 -219.3898061467679
 282.6466254218274 906.3067794946598 -215.2625780833953 -744.3451018949722 -219.3898061467679
 644.455603077903 -1033.065292475303 3064.238252594752 -862.8941957588293 -225.678899137122
 282.6466254218274 906.3067794946598 -215.2625780833953 -744.3451018949722 -219.3898061467679
 -66.92183153725227 223.9918175622283 708.993341268985 -159.5457728295037 -677.9949406864059
 -112.9401951817749 456.7318523222143 -546.3148074714293 -279.6520396716184 -151.3362247228686
 282.6466254218274 906.3067794946598 -215.2625780833953 -744.3451018949722 -219.3898061467679
 282.6466254218274 906.3067794946598 -215.2625780833953 -744.3451018949722 -219.3898061467679
 282.6466254218274 906.3067794946598 -215.2625780833953 -744.3451018949722 -219.3898061467679
 282.6466254218274 906.3067794946598 -215.2625780833953 -744.3451018949722 -219.3898061467679
 282.6466254218274 906.3067794946598 -215.2625780833953 -744.3451018949722 -219.3898061467679
 519.1881607984017 -170.1722159537701 -897.0667289754474 17.25802107036986 954.3807338326062
 -66.92183153725227 223.9918175622283 708.993341268985 -159.5457728295037 -677.9949406864059
 1036.517276586453 -645.8447085091635 -3451.631585277334 1747.489334509484 3419.775581201553
 291.4605212007096 1538.965105810874 -2225.524068288422 -2473.507601401412 -898.5675237603369
 470.9675995507305 613.4446144798262 556.4901943746406 -328.1133173587457 507.913524761859
 282.6466254218274 906.3067794946598 -215.2625780833953 -744.3451018949722 -219.3898061467679
 1698.43356092628 349.7254880898853 100.5164313683642 -522.631724627985 829.3367286055212
 282.6466254218274 906.3067794946598 -215.2625780833953 -744.3451018949722 -219.3898061467679
 -66.92183153725227 223.9918175622283 708.993341268985 -159.5457728295037 -677.9949406864059
 282.6466254218274 906.3067794946598 -215.2625780833953 -744.3451018949722 -219.3898061467679
 -66.92183153725227 223.9918175622283 708.993341268985 -159.5457728295037 -677.9949406864059
 282.6466254218274 906.3067794946598 -215.2625780833953 -744.3451018949722 -219.3898061467679
 291.4605212007096 1538.965105810874 -2225.524068288422 -2473.507601401412 -898.5675237603369
 282.6466254218274 906.3067794946598 -215.2625780833953 -744.3451018949722 -219.3898061467679
 983.5042890380433 3473.14759800224 1641.787412548473 -2285.071314870906 571.096098811366
 963.898440322095 -89.54999860690887 -2231.219091821511 -469.9556040852996 -1448.196334156806
 -1032.496496103701 1459.71709115314 -1113.995728690888 -626.5442262212 -1433.755776706793
 1717.64575389944 -308.1671040011315 501.9973262032972 -5169.249127841598 -1332.867539189436
