# Created by Octave 4.2.1, Mon Oct 09 17:08:04 2017 BRT <root@mosqueiro>
# name: pop
# type: matrix
# rows: 100
# columns: 5
 -325.2790696857643 354.9873460297069 -90.51417018330801 -282.7036551905843 344.9241630361785
 -325.2790696857643 354.9873460297069 -90.51417018330801 -282.7036551905843 344.9241630361785
 -325.2790696857643 354.9873460297069 -90.51417018330801 -282.7036551905843 344.9241630361785
 -325.2790696857643 354.9873460297069 -90.51417018330801 -282.7036551905843 344.9241630361785
 -325.2790696857643 354.9873460297069 -90.51417018330801 -282.7036551905843 344.9241630361785
 -323.6300316259425 476.2752335596738 -41.63404890148881 -417.358096846092 338.0683010160993
 -325.2790696857643 354.9873460297069 -90.51417018330801 -282.7036551905843 344.9241630361785
 -325.2790696857643 354.9873460297069 -90.51417018330801 -282.7036551905843 344.9241630361785
 -240.0882209177745 272.4737987475664 -59.26511548789162 -328.293297934425 176.5346903899493
 -325.2790696857643 354.9873460297069 -90.51417018330801 -282.7036551905843 344.9241630361785
 -325.2790696857643 354.9873460297069 -90.51417018330801 -282.7036551905843 344.9241630361785
 -334.4182890099188 61.6046157585547 162.03791492619 -307.2553707234615 693.5349864537553
 -325.2790696857643 354.9873460297069 -90.51417018330801 -282.7036551905843 344.9241630361785
 -325.2790696857643 354.9873460297069 -90.51417018330801 -282.7036551905843 344.9241630361785
 -325.2790696857643 354.9873460297069 -90.51417018330801 -282.7036551905843 344.9241630361785
 -325.2790696857643 354.9873460297069 -90.51417018330801 -282.7036551905843 344.9241630361785
 -325.2790696857643 354.9873460297069 -90.51417018330801 -282.7036551905843 344.9241630361785
 -327.4205619556589 499.1334268536293 -167.3938209211908 -146.2838317212291 309.2302639007502
 -325.2790696857643 354.9873460297069 -90.51417018330801 -282.7036551905843 344.9241630361785
 -325.2790696857643 354.9873460297069 -90.51417018330801 -282.7036551905843 344.9241630361785
 -325.2790696857643 354.9873460297069 -90.51417018330801 -282.7036551905843 344.9241630361785
 -325.2790696857643 354.9873460297069 -90.51417018330801 -282.7036551905843 344.9241630361785
 -262.3558035268044 293.853144763577 -52.79359843296952 -260.9796311080891 327.7174203143153
 -325.2790696857643 354.9873460297069 -90.51417018330801 -282.7036551905843 344.9241630361785
 -325.2790696857643 354.9873460297069 -90.51417018330801 -282.7036551905843 344.9241630361785
 -325.2790696857643 354.9873460297069 -90.51417018330801 -282.7036551905843 344.9241630361785
 186.7238119288054 -555.0193118543125 432.3143517014493 -618.9133798795431 704.0551982188778
 -322.8867427637544 342.6341848220898 -57.68403408501426 -298.3285674646747 290.8561598756731
 -325.2790696857643 354.9873460297069 -90.51417018330801 -282.7036551905843 344.9241630361785
 -325.2790696857643 354.9873460297069 -90.51417018330801 -282.7036551905843 344.9241630361785
 -126.271855080106 2919.927756682723 912.8330059794337 1207.848208229514 4609.173866813815
 -325.2790696857643 354.9873460297069 -90.51417018330801 -282.7036551905843 344.9241630361785
 -325.2790696857643 354.9873460297069 -90.51417018330801 -282.7036551905843 344.9241630361785
 -657.6598488204885 410.9147620561847 -17.89248658615136 -273.916244683484 -206.4347500125569
 -371.5135196897587 315.8322237218447 100.7141248525975 -309.8065793538809 92.95915237452374
 -325.2790696857643 354.9873460297069 -90.51417018330801 -282.7036551905843 344.9241630361785
 -325.2790696857643 354.9873460297069 -90.51417018330801 -282.7036551905843 344.9241630361785
 -400.7782710065286 106.8772670936243 45.39114414691113 -220.9111505523993 599.6192958708053
 -282.5088788149146 183.9923732115597 -21.39892843759054 -351.4862988921608 263.3736428979664
 -325.2790696857643 354.9873460297069 -90.51417018330801 -282.7036551905843 344.9241630361785
 -325.2790696857643 354.9873460297069 -90.51417018330801 -282.7036551905843 344.9241630361785
 -325.2790696857643 354.9873460297069 -90.51417018330801 -282.7036551905843 344.9241630361785
 -303.4610795115779 418.2702563780147 -1.840249842844287 -140.8941069768576 420.6400869658773
 -325.2790696857643 354.9873460297069 -90.51417018330801 -282.7036551905843 344.9241630361785
 -315.5594872080217 220.5645581893246 -251.7976507851276 -163.8088612798309 310.5677189713052
 -56.36150072979922 420.1001891817027 -237.9136471882094 -378.2877501896671 457.7659829853923
 -325.2790696857643 354.9873460297069 -90.51417018330801 -282.7036551905843 344.9241630361785
 -657.6598488204885 410.9147620561847 -17.89248658615136 -273.916244683484 -206.4347500125569
 -325.2790696857643 354.9873460297069 -90.51417018330801 -282.7036551905843 344.9241630361785
 -325.2790696857643 354.9873460297069 -90.51417018330801 -282.7036551905843 344.9241630361785
 -325.2790696857643 354.9873460297069 -90.51417018330801 -282.7036551905843 344.9241630361785
 -325.2790696857643 354.9873460297069 -90.51417018330801 -282.7036551905843 344.9241630361785
 -392.9862324854286 262.5771381327388 72.78858481284374 -102.3305444054475 445.0457054396188
 -557.1211570432703 390.9996239291503 160.0724547870419 -299.3956685941929 -235.3671253179065
 -56.36150072979922 420.1001891817027 -237.9136471882094 -378.2877501896671 457.7659829853923
 -392.9862324854286 262.5771381327388 72.78858481284374 -102.3305444054475 445.0457054396188
 -325.2790696857643 354.9873460297069 -90.51417018330801 -282.7036551905843 344.9241630361785
 -175.8521368700995 310.5878782438665 -113.3150864125373 -241.7583770647216 268.8155655596166
 -175.8521368700995 310.5878782438665 -113.3150864125373 -241.7583770647216 268.8155655596166
 186.7238119288054 -555.0193118543125 432.3143517014493 -618.9133798795431 704.0551982188778
 -243.3176239029537 535.6275654420971 -143.6894622125081 -470.0475450634414 93.04879923231833
 -325.2790696857643 354.9873460297069 -90.51417018330801 -282.7036551905843 344.9241630361785
 -325.2790696857643 354.9873460297069 -90.51417018330801 -282.7036551905843 344.9241630361785
 -325.2790696857643 354.9873460297069 -90.51417018330801 -282.7036551905843 344.9241630361785
 -325.2790696857643 354.9873460297069 -90.51417018330801 -282.7036551905843 344.9241630361785
 -325.2790696857643 354.9873460297069 -90.51417018330801 -282.7036551905843 344.9241630361785
 -325.2790696857643 354.9873460297069 -90.51417018330801 -282.7036551905843 344.9241630361785
 -325.2790696857643 354.9873460297069 -90.51417018330801 -282.7036551905843 344.9241630361785
 186.7238119288054 -555.0193118543125 432.3143517014493 -618.9133798795431 704.0551982188778
 -325.2790696857643 354.9873460297069 -90.51417018330801 -282.7036551905843 344.9241630361785
 -240.0882209177745 272.4737987475664 -59.26511548789162 -328.293297934425 176.5346903899493
 -315.5594872080217 220.5645581893246 -251.7976507851276 -163.8088612798309 310.5677189713052
 -334.4182890099188 61.6046157585547 162.03791492619 -307.2553707234615 693.5349864537553
 -325.2790696857643 354.9873460297069 -90.51417018330801 -282.7036551905843 344.9241630361785
 -325.2790696857643 354.9873460297069 -90.51417018330801 -282.7036551905843 344.9241630361785
 -325.2790696857643 354.9873460297069 -90.51417018330801 -282.7036551905843 344.9241630361785
 -325.2790696857643 354.9873460297069 -90.51417018330801 -282.7036551905843 344.9241630361785
 -325.2790696857643 354.9873460297069 -90.51417018330801 -282.7036551905843 344.9241630361785
 -325.2790696857643 354.9873460297069 -90.51417018330801 -282.7036551905843 344.9241630361785
 186.7238119288054 -555.0193118543125 432.3143517014493 -618.9133798795431 704.0551982188778
 -313.3186658683017 358.5209302342427 -136.7966914408427 -285.1022925184703 350.3255893025319
 -335.5346693312072 414.0036358256742 -127.0603013694016 -348.1599449527604 372.8048734718423
 -318.750907667242 375.9667525632876 -106.3983018360579 -296.350747754021 385.721382179411
 -312.4877053993322 279.9953643214328 -87.01370364667386 -257.1659325036643 283.0222697483175
