# Created by Octave 4.2.1, Mon Oct 09 17:08:36 2017 BRT <root@mosqueiro>
# name: pop
# type: matrix
# rows: 100
# columns: 5
 349.6015819344486 700.5565550472957 -87.98384364233046 -629.0107744053387 -331.9708475263887
 349.6015819344486 700.5565550472957 -87.98384364233046 -629.0107744053387 -331.9708475263887
 221.7416323688739 806.1477481526017 -77.1525552863224 -602.9028960939288 -303.1915965938235
 349.6015819344486 700.5565550472957 -87.98384364233046 -629.0107744053387 -331.9708475263887
 854.6872778306906 1238.717415219233 -1684.219434483088 -498.7839197545077 810.3782875160623
 282.6466254218274 906.3067794946598 -215.2625780833953 -744.3451018949722 -219.3898061467679
 2010.950091735469 2085.347633476699 -880.6323299511549 -487.4569013141763 -448.5602318970201
 157.8062134968903 1185.435871781066 -133.0838927041561 -925.2794021248869 -636.1489129801147
 229.8026960875921 1008.203734912793 -136.3766170554579 -727.6844073236571 -268.8727986040301
 282.6466254218274 906.3067794946598 -215.2625780833953 -744.3451018949722 -219.3898061467679
 282.6466254218274 906.3067794946598 -215.2625780833953 -744.3451018949722 -219.3898061467679
 282.6466254218274 906.3067794946598 -215.2625780833953 -744.3451018949722 -219.3898061467679
 221.7416323688739 806.1477481526017 -77.1525552863224 -602.9028960939288 -303.1915965938235
 60.94400290079672 695.7315811155743 619.6311979478605 -610.9097538437617 -683.4172737134868
 364.8292373599289 683.6592332480865 -92.41118556893666 -648.1695066753272 -300.4978677318131
 349.6015819344486 700.5565550472957 -87.98384364233046 -629.0107744053387 -331.9708475263887
 282.6466254218274 906.3067794946598 -215.2625780833953 -744.3451018949722 -219.3898061467679
 349.6015819344486 700.5565550472957 -87.98384364233046 -629.0107744053387 -331.9708475263887
 368.4755378645759 786.1487117055048 -222.1047861328908 -850.6326095992245 -276.3156167766145
 282.6466254218274 906.3067794946598 -215.2625780833953 -744.3451018949722 -219.3898061467679
 55.6093460566982 1318.48797635192 154.1998952720486 -409.6104344113181 -564.5255321011822
 349.6015819344486 700.5565550472957 -87.98384364233046 -629.0107744053387 -331.9708475263887
 847.9901300883387 660.4626819205191 -481.5571702600472 -482.1462059306242 377.2083496537659
 282.6466254218274 906.3067794946598 -215.2625780833953 -744.3451018949722 -219.3898061467679
 349.6015819344486 700.5565550472957 -87.98384364233046 -629.0107744053387 -331.9708475263887
 282.6466254218274 906.3067794946598 -215.2625780833953 -744.3451018949722 -219.3898061467679
 364.8292373599289 683.6592332480865 -92.41118556893666 -648.1695066753272 -300.4978677318131
 344.4871684365758 765.897566005164 -35.89559170612912 -704.6669528980873 -273.3331171550111
 282.6466254218274 906.3067794946598 -215.2625780833953 -744.3451018949722 -219.3898061467679
 349.6015819344486 700.5565550472957 -87.98384364233046 -629.0107744053387 -331.9708475263887
 349.6015819344486 700.5565550472957 -87.98384364233046 -629.0107744053387 -331.9708475263887
 344.4871684365758 765.897566005164 -35.89559170612912 -704.6669528980873 -273.3331171550111
 282.6466254218274 906.3067794946598 -215.2625780833953 -744.3451018949722 -219.3898061467679
 345.0795387338482 753.6413749714712 -126.6478470104687 -726.0950635045643 -292.2541642816845
 349.6015819344486 700.5565550472957 -87.98384364233046 -629.0107744053387 -331.9708475263887
 349.6015819344486 700.5565550472957 -87.98384364233046 -629.0107744053387 -331.9708475263887
 282.6466254218274 906.3067794946598 -215.2625780833953 -744.3451018949722 -219.3898061467679
 244.9996740418075 881.1647663305833 -195.3085392023793 -745.2926902766817 -58.39506465788858
 368.4755378645759 786.1487117055048 -222.1047861328908 -850.6326095992245 -276.3156167766145
 349.6015819344486 700.5565550472957 -87.98384364233046 -629.0107744053387 -331.9708475263887
 349.6015819344486 700.5565550472957 -87.98384364233046 -629.0107744053387 -331.9708475263887
 2010.950091735469 2085.347633476699 -880.6323299511549 -487.4569013141763 -448.5602318970201
 270.978388259923 944.0501971250941 -275.5022462539357 -732.0692137217358 -249.0949309052183
 349.6015819344486 700.5565550472957 -87.98384364233046 -629.0107744053387 -331.9708475263887
 282.3912157492531 875.0783764418341 -185.3629072584841 -768.0436247935262 -185.8125138545244
 282.6466254218274 906.3067794946598 -215.2625780833953 -744.3451018949722 -219.3898061467679
 231.8843333762081 826.2665834977621 -65.77296751146292 -622.4086393494965 -263.3732241075203
 349.6015819344486 700.5565550472957 -87.98384364233046 -629.0107744053387 -331.9708475263887
 282.6466254218274 906.3067794946598 -215.2625780833953 -744.3451018949722 -219.3898061467679
 282.6466254218274 906.3067794946598 -215.2625780833953 -744.3451018949722 -219.3898061467679
 349.6015819344486 700.5565550472957 -87.98384364233046 -629.0107744053387 -331.9708475263887
 282.6466254218274 906.3067794946598 -215.2625780833953 -744.3451018949722 -219.3898061467679
 345.0795387338482 753.6413749714712 -126.6478470104687 -726.0950635045643 -292.2541642816845
 349.6015819344486 700.5565550472957 -87.98384364233046 -629.0107744053387 -331.9708475263887
 282.6466254218274 906.3067794946598 -215.2625780833953 -744.3451018949722 -219.3898061467679
 282.6466254218274 906.3067794946598 -215.2625780833953 -744.3451018949722 -219.3898061467679
 349.6015819344486 700.5565550472957 -87.98384364233046 -629.0107744053387 -331.9708475263887
 262.5409796765701 846.3301054940871 -252.8338173385247 -742.0202796603774 -243.7734232184969
 349.6015819344486 700.5565550472957 -87.98384364233046 -629.0107744053387 -331.9708475263887
 349.6015819344486 700.5565550472957 -87.98384364233046 -629.0107744053387 -331.9708475263887
 349.6015819344486 700.5565550472957 -87.98384364233046 -629.0107744053387 -331.9708475263887
 349.6015819344486 700.5565550472957 -87.98384364233046 -629.0107744053387 -331.9708475263887
 352.3197303994277 775.7830494254782 -197.0836620820304 -769.2402080963054 -252.1184585142088
 349.6015819344486 700.5565550472957 -87.98384364233046 -629.0107744053387 -331.9708475263887
 368.4755378645759 786.1487117055048 -222.1047861328908 -850.6326095992245 -276.3156167766145
 467.543019534135 755.1701152019026 -144.1094655107951 -803.17458421734 -186.3785965833614
 349.6015819344486 700.5565550472957 -87.98384364233046 -629.0107744053387 -331.9708475263887
 349.6015819344486 700.5565550472957 -87.98384364233046 -629.0107744053387 -331.9708475263887
 349.6015819344486 700.5565550472957 -87.98384364233046 -629.0107744053387 -331.9708475263887
 349.6015819344486 700.5565550472957 -87.98384364233046 -629.0107744053387 -331.9708475263887
 349.6015819344486 700.5565550472957 -87.98384364233046 -629.0107744053387 -331.9708475263887
 282.6466254218274 906.3067794946598 -215.2625780833953 -744.3451018949722 -219.3898061467679
 349.6015819344486 700.5565550472957 -87.98384364233046 -629.0107744053387 -331.9708475263887
 282.6466254218274 906.3067794946598 -215.2625780833953 -744.3451018949722 -219.3898061467679
 282.6466254218274 906.3067794946598 -215.2625780833953 -744.3451018949722 -219.3898061467679
 349.6015819344486 700.5565550472957 -87.98384364233046 -629.0107744053387 -331.9708475263887
 349.6015819344486 700.5565550472957 -87.98384364233046 -629.0107744053387 -331.9708475263887
 282.6466254218274 906.3067794946598 -215.2625780833953 -744.3451018949722 -219.3898061467679
 282.6466254218274 906.3067794946598 -215.2625780833953 -744.3451018949722 -219.3898061467679
 349.6015819344486 700.5565550472957 -87.98384364233046 -629.0107744053387 -331.9708475263887
 337.6354961694065 655.8637137740734 -77.64146922642716 -669.1063655731091 -340.7278775369605
 249.1853353946853 885.8307939060883 -271.1893563358312 -732.3692523105254 -168.6979606895496
 307.1096100683123 747.4715654246986 -66.8720054476493 -736.3636319987216 -259.731124694641
