# Created by Octave 4.2.1, Mon Oct 09 17:07:10 2017 BRT <root@mosqueiro>
# name: pop
# type: matrix
# rows: 100
# columns: 5
 616.5657371603257 -127.803900456167 -1144.024540909789 1501.215562121613 -846.9810517252988
 616.4269395611384 -127.5616327736031 -1144.19555745521 1501.520121276202 -847.1715404226652
 616.4269395611384 -127.5616327736031 -1144.19555745521 1501.520121276202 -847.1715404226652
 616.5493847285447 -127.8679802044701 -1143.869995308935 1501.297265834627 -846.9994898150463
 616.5493847285447 -127.8679802044701 -1143.869995308935 1501.297265834627 -846.9994898150463
 616.4269395611384 -127.5616327736031 -1144.19555745521 1501.520121276202 -847.1715404226652
 616.4269395611384 -127.5616327736031 -1144.19555745521 1501.520121276202 -847.1715404226652
 609.058693049261 -125.9057402722026 -1144.359712312997 1508.979894822313 -846.5749857935497
 616.5493847285447 -127.8679802044701 -1143.869995308935 1501.297265834627 -846.9994898150463
 616.5493847285447 -127.8679802044701 -1143.869995308935 1501.297265834627 -846.9994898150463
 609.0093191630074 -125.3929092041611 -1146.201375013393 1508.860847269392 -847.3063053997424
 616.4993796503824 -127.5999402098873 -1143.619442346097 1501.901671508467 -846.9953909761482
 612.3647387128457 -118.8182681239329 -1149.345908609854 1534.229595678411 -851.899460364553
 616.5493847285447 -127.8679802044701 -1143.869995308935 1501.297265834627 -846.9994898150463
 616.5493847285447 -127.8679802044701 -1143.869995308935 1501.297265834627 -846.9994898150463
 610.5989073428435 -119.5495182962371 -1148.414585447317 1509.462615378566 -829.6684573998564
 616.5657371603257 -127.803900456167 -1144.024540909789 1501.215562121613 -846.9810517252988
 616.4572475314835 -127.7849804086376 -1143.840075945604 1501.275215246461 -846.9814755276383
 616.5493847285447 -127.8679802044701 -1143.869995308935 1501.297265834627 -846.9994898150463
 649.3895807793307 -129.1204199897856 -1121.809678396384 1458.869205514263 -856.2653051571028
 616.5493847285447 -127.8679802044701 -1143.869995308935 1501.297265834627 -846.9994898150463
 609.058693049261 -125.9057402722026 -1144.359712312997 1508.979894822313 -846.5749857935497
 616.4269395611384 -127.5616327736031 -1144.19555745521 1501.520121276202 -847.1715404226652
 616.4269395611384 -127.5616327736031 -1144.19555745521 1501.520121276202 -847.1715404226652
 616.4269395611384 -127.5616327736031 -1144.19555745521 1501.520121276202 -847.1715404226652
 616.5493847285447 -127.8679802044701 -1143.869995308935 1501.297265834627 -846.9994898150463
 616.4269395611384 -127.5616327736031 -1144.19555745521 1501.520121276202 -847.1715404226652
 616.5657371603257 -127.803900456167 -1144.024540909789 1501.215562121613 -846.9810517252988
 616.5493847285447 -127.8679802044701 -1143.869995308935 1501.297265834627 -846.9994898150463
 616.5493847285447 -127.8679802044701 -1143.869995308935 1501.297265834627 -846.9994898150463
 609.0093191630074 -125.3929092041611 -1146.201375013393 1508.860847269392 -847.3063053997424
 610.5989073428435 -119.5495182962371 -1148.414585447317 1509.462615378566 -829.6684573998564
 616.4269395611384 -127.5616327736031 -1144.19555745521 1501.520121276202 -847.1715404226652
 616.5493847285447 -127.8679802044701 -1143.869995308935 1501.297265834627 -846.9994898150463
 616.5493847285447 -127.8679802044701 -1143.869995308935 1501.297265834627 -846.9994898150463
 609.0093191630074 -125.3929092041611 -1146.201375013393 1508.860847269392 -847.3063053997424
 616.5493847285447 -127.8679802044701 -1143.869995308935 1501.297265834627 -846.9994898150463
 616.5493847285447 -127.8679802044701 -1143.869995308935 1501.297265834627 -846.9994898150463
 609.0093191630074 -125.3929092041611 -1146.201375013393 1508.860847269392 -847.3063053997424
 616.2778922595859 -127.9317136609433 -1143.83476577802 1501.517280092342 -847.0897391455188
 616.4269395611384 -127.5616327736031 -1144.19555745521 1501.520121276202 -847.1715404226652
 616.5063201651344 -127.8450400578624 -1143.755207807824 1501.30292901802 -847.0774419753267
 617.0119741158643 -127.6206262721969 -1144.507410675664 1501.348141312536 -846.3597167455451
 649.3895807793307 -129.1204199897856 -1121.809678396384 1458.869205514263 -856.2653051571028
 615.1536986513984 -126.5993370543571 -1142.933794299216 1501.671416527957 -844.8635222840937
 616.5493847285447 -127.8679802044701 -1143.869995308935 1501.297265834627 -846.9994898150463
 649.3951967448412 -129.0881455451782 -1121.985951428537 1459.031359993904 -856.4775369661349
 609.0093191630074 -125.3929092041611 -1146.201375013393 1508.860847269392 -847.3063053997424
 615.1536986513984 -126.5993370543571 -1142.933794299216 1501.671416527957 -844.8635222840937
 616.5493847285447 -127.8679802044701 -1143.869995308935 1501.297265834627 -846.9994898150463
 656.5171487359695 -135.0605300680846 -1130.779515701264 1465.207409325329 -854.6009747699245
 616.5493847285447 -127.8679802044701 -1143.869995308935 1501.297265834627 -846.9994898150463
 609.0093191630074 -125.3929092041611 -1146.201375013393 1508.860847269392 -847.3063053997424
 616.4269395611384 -127.5616327736031 -1144.19555745521 1501.520121276202 -847.1715404226652
 616.4843012068324 -127.6479176899586 -1143.924434497453 1501.227843909207 -846.881929597203
 616.5063201651344 -127.8450400578624 -1143.755207807824 1501.30292901802 -847.0774419753267
 617.0119741158643 -127.6206262721969 -1144.507410675664 1501.348141312536 -846.3597167455451
 609.0093191630074 -125.3929092041611 -1146.201375013393 1508.860847269392 -847.3063053997424
 649.4581411095234 -128.9382741691022 -1122.029397506192 1458.99723492601 -856.2190199878474
 609.0093191630074 -125.3929092041611 -1146.201375013393 1508.860847269392 -847.3063053997424
 649.5713396669041 -129.1151915458906 -1121.790594857614 1459.079346339927 -856.4542895717677
 616.5493847285447 -127.8679802044701 -1143.869995308935 1501.297265834627 -846.9994898150463
 609.0093191630074 -125.3929092041611 -1146.201375013393 1508.860847269392 -847.3063053997424
 649.1976947554475 -128.2089970220334 -1123.789904255617 1458.662062301085 -856.2382548756565
 616.5493847285447 -127.8679802044701 -1143.869995308935 1501.297265834627 -846.9994898150463
 609.058693049261 -125.9057402722026 -1144.359712312997 1508.979894822313 -846.5749857935497
 616.5493847285447 -127.8679802044701 -1143.869995308935 1501.297265834627 -846.9994898150463
 653.43998330929 -135.3285586676454 -1133.399336168102 1468.084813749788 -853.1902779436098
 616.4269395611384 -127.5616327736031 -1144.19555745521 1501.520121276202 -847.1715404226652
 656.5171487359695 -135.0605300680846 -1130.779515701264 1465.207409325329 -854.6009747699245
 616.5493847285447 -127.8679802044701 -1143.869995308935 1501.297265834627 -846.9994898150463
 649.3895807793307 -129.1204199897856 -1121.809678396384 1458.869205514263 -856.2653051571028
 616.5493847285447 -127.8679802044701 -1143.869995308935 1501.297265834627 -846.9994898150463
 616.5493847285447 -127.8679802044701 -1143.869995308935 1501.297265834627 -846.9994898150463
 616.5493847285447 -127.8679802044701 -1143.869995308935 1501.297265834627 -846.9994898150463
 609.0093191630074 -125.3929092041611 -1146.201375013393 1508.860847269392 -847.3063053997424
 616.1057689986573 -128.187948367785 -1145.246938284979 1502.487169910211 -845.9871458174421
 615.1536986513984 -126.5993370543571 -1142.933794299216 1501.671416527957 -844.8635222840937
 616.4269395611384 -127.5616327736031 -1144.19555745521 1501.520121276202 -847.1715404226652
 609.0093191630074 -125.3929092041611 -1146.201375013393 1508.860847269392 -847.3063053997424
 653.0132117553504 -135.5067449519716 -1132.894901959584 1468.288117974111 -852.7877108621725
 616.4453231462111 -127.5983231737931 -1144.216459435836 1501.581745658733 -847.2055908615863
 616.5176726337611 -127.9672550225914 -1143.906814076879 1501.272932994679 -846.9594099938082
 616.4680022123306 -127.5021282637688 -1144.17253508658 1501.466342125863 -847.1783301976147
