# Created by Octave 4.2.1, Mon Oct 09 17:07:42 2017 BRT <root@mosqueiro>
# name: pop
# type: matrix
# rows: 100
# columns: 5
 -289.4083867124594 660.3732907561814 -433.9094491751587 125.0677324176031 -63.14008641318731
 -289.4083867124594 660.3732907561814 -433.9094491751587 125.0677324176031 -63.14008641318731
 -289.1972464184287 660.4220819989969 -433.8451048337852 124.8121150188556 -63.17358697325565
 -289.1972464184287 660.4220819989969 -433.8451048337852 124.8121150188556 -63.17358697325565
 -289.1972464184287 660.4220819989969 -433.8451048337852 124.8121150188556 -63.17358697325565
 -289.3761612045013 660.4125975306533 -433.9042534605641 124.9874545567655 -63.09447431327767
 -289.1972464184287 660.4220819989969 -433.8451048337852 124.8121150188556 -63.17358697325565
 -289.1972464184287 660.4220819989969 -433.8451048337852 124.8121150188556 -63.17358697325565
 -289.1972464184287 660.4220819989969 -433.8451048337852 124.8121150188556 -63.17358697325565
 -288.9660824168363 661.3020463304898 -433.6011655916827 125.7182884925602 -65.1641535654993
 -291.4313116478639 662.9764223128232 -431.9625566333844 124.4750282295161 -64.47334403137462
 -289.1972464184287 660.4220819989969 -433.8451048337852 124.8121150188556 -63.17358697325565
 -288.9660824168363 661.3020463304898 -433.6011655916827 125.7182884925602 -65.1641535654993
 -288.9660824168363 661.3020463304898 -433.6011655916827 125.7182884925602 -65.1641535654993
 -291.4252633291778 662.9495278824368 -431.940465373534 124.498124080723 -64.47256206871427
 -288.450136249099 665.2438893482087 -435.9048461140956 128.2286536856635 -65.91224113681075
 -289.1972464184287 660.4220819989969 -433.8451048337852 124.8121150188556 -63.17358697325565
 -288.9660824168363 661.3020463304898 -433.6011655916827 125.7182884925602 -65.1641535654993
 -284.2258746943394 654.5720505214738 -432.5899369137612 123.2227906799495 -66.46936174160618
 -289.1972464184287 660.4220819989969 -433.8451048337852 124.8121150188556 -63.17358697325565
 -289.1972464184287 660.4220819989969 -433.8451048337852 124.8121150188556 -63.17358697325565
 -289.1466110019517 660.9344484110386 -433.0662189696949 124.2884436351749 -63.92567047897377
 -288.9766869109384 661.0592014742051 -432.9260137876404 124.3443431199585 -63.85057413761285
 -288.9660824168363 661.3020463304898 -433.6011655916827 125.7182884925602 -65.1641535654993
 -288.9660824168363 661.3020463304898 -433.6011655916827 125.7182884925602 -65.1641535654993
 -289.1972464184287 660.4220819989969 -433.8451048337852 124.8121150188556 -63.17358697325565
 -288.9660824168363 661.3020463304898 -433.6011655916827 125.7182884925602 -65.1641535654993
 -288.9766869109384 661.0592014742051 -432.9260137876404 124.3443431199585 -63.85057413761285
 -289.1972464184287 660.4220819989969 -433.8451048337852 124.8121150188556 -63.17358697325565
 -289.1972464184287 660.4220819989969 -433.8451048337852 124.8121150188556 -63.17358697325565
 -288.4361988400137 656.2495386808946 -435.1035753654353 128.7037753125418 -62.38971876395772
 -288.9660824168363 661.3020463304898 -433.6011655916827 125.7182884925602 -65.1641535654993
 -288.9766869109384 661.0592014742051 -432.9260137876404 124.3443431199585 -63.85057413761285
 -291.4252633291778 662.9495278824368 -431.940465373534 124.498124080723 -64.47256206871427
 -288.4211557226556 656.6012955359474 -434.9567751497931 128.6957657216784 -62.62423162486579
 -288.9660824168363 661.3020463304898 -433.6011655916827 125.7182884925602 -65.1641535654993
 -289.4083867124594 660.3732907561814 -433.9094491751587 125.0677324176031 -63.14008641318731
 -291.486380581868 662.9914596107773 -431.9767821786297 124.6025416371972 -64.50861552645456
 -288.9660824168363 661.3020463304898 -433.6011655916827 125.7182884925602 -65.1641535654993
 -288.9660824168363 661.3020463304898 -433.6011655916827 125.7182884925602 -65.1641535654993
 -289.1972464184287 660.4220819989969 -433.8451048337852 124.8121150188556 -63.17358697325565
 -289.1972464184287 660.4220819989969 -433.8451048337852 124.8121150188556 -63.17358697325565
 -288.9660824168363 661.3020463304898 -433.6011655916827 125.7182884925602 -65.1641535654993
 -288.5976258328986 661.6125061896228 -433.8318435237804 125.7300008774724 -65.8390129157652
 -288.9660824168363 661.3020463304898 -433.6011655916827 125.7182884925602 -65.1641535654993
 -288.9660824168363 661.3020463304898 -433.6011655916827 125.7182884925602 -65.1641535654993
 -289.1972464184287 660.4220819989969 -433.8451048337852 124.8121150188556 -63.17358697325565
 -289.1972464184287 660.4220819989969 -433.8451048337852 124.8121150188556 -63.17358697325565
 -288.9458074505133 661.3189799176122 -433.6309375235148 125.6894073346559 -65.15693431544204
 -288.9660824168363 661.3020463304898 -433.6011655916827 125.7182884925602 -65.1641535654993
 -291.1934412995981 663.2435684664659 -432.0025027493161 124.0956618851117 -65.01464445317647
 -289.1972464184287 660.4220819989969 -433.8451048337852 124.8121150188556 -63.17358697325565
 -288.9766869109384 661.0592014742051 -432.9260137876404 124.3443431199585 -63.85057413761285
 -289.1972464184287 660.4220819989969 -433.8451048337852 124.8121150188556 -63.17358697325565
 -288.9660824168363 661.3020463304898 -433.6011655916827 125.7182884925602 -65.1641535654993
 -289.1972464184287 660.4220819989969 -433.8451048337852 124.8121150188556 -63.17358697325565
 -288.4211557226556 656.6012955359474 -434.9567751497931 128.6957657216784 -62.62423162486579
 -289.1972464184287 660.4220819989969 -433.8451048337852 124.8121150188556 -63.17358697325565
 -289.4083867124594 660.3732907561814 -433.9094491751587 125.0677324176031 -63.14008641318731
 -288.4211557226556 656.6012955359474 -434.9567751497931 128.6957657216784 -62.62423162486579
 -288.9458074505133 661.3189799176122 -433.6309375235148 125.6894073346559 -65.15693431544204
 -289.1972464184287 660.4220819989969 -433.8451048337852 124.8121150188556 -63.17358697325565
 -289.1972464184287 660.4220819989969 -433.8451048337852 124.8121150188556 -63.17358697325565
 -289.1972464184287 660.4220819989969 -433.8451048337852 124.8121150188556 -63.17358697325565
 -288.9660824168363 661.3020463304898 -433.6011655916827 125.7182884925602 -65.1641535654993
 -288.9660824168363 661.3020463304898 -433.6011655916827 125.7182884925602 -65.1641535654993
 -291.4252633291778 662.9495278824368 -431.940465373534 124.498124080723 -64.47256206871427
 -289.4083867124594 660.3732907561814 -433.9094491751587 125.0677324176031 -63.14008641318731
 -289.4083867124594 660.3732907561814 -433.9094491751587 125.0677324176031 -63.14008641318731
 -288.9660824168363 661.3020463304898 -433.6011655916827 125.7182884925602 -65.1641535654993
 -288.9660824168363 661.3020463304898 -433.6011655916827 125.7182884925602 -65.1641535654993
 -289.0637479210026 661.1801381200398 -433.0687437223567 124.3676659178803 -63.91223349974127
 -289.4083867124594 660.3732907561814 -433.9094491751587 125.0677324176031 -63.14008641318731
 -288.5976258328986 661.6125061896228 -433.8318435237804 125.7300008774724 -65.8390129157652
 -289.1972464184287 660.4220819989969 -433.8451048337852 124.8121150188556 -63.17358697325565
 -288.4361988400137 656.2495386808946 -435.1035753654353 128.7037753125418 -62.38971876395772
 -288.8714962461988 661.1839250895774 -433.4493702566003 125.6611046195074 -65.2610561472469
 -289.1972464184287 660.4220819989969 -433.8451048337852 124.8121150188556 -63.17358697325565
 -288.9660824168363 661.3020463304898 -433.6011655916827 125.7182884925602 -65.1641535654993
 -291.4313116478639 662.9764223128232 -431.9625566333844 124.4750282295161 -64.47334403137462
 -289.1834434309904 660.3962310155214 -433.8534562554297 124.7883691772026 -63.16391060145114
 -288.9322270570541 661.1203602481748 -432.927271637636 124.3770777514854 -63.8079168690382
 -289.0018240797012 661.3185867080979 -433.6838777405061 125.7917541147876 -65.18711412869658
 -289.2054978798626 660.4109344994832 -433.8471287797555 124.8154383895316 -63.18085414459655
