# Created by Octave 4.2.1, Mon Oct 09 17:07:14 2017 BRT <root@mosqueiro>
# name: pop
# type: matrix
# rows: 100
# columns: 5
 616.5016422910243 -127.7254919704214 -1144.048091353421 1501.212535950896 -846.9404783834671
 616.5016422910243 -127.7254919704214 -1144.048091353421 1501.212535950896 -846.9404783834671
 616.5016422910243 -127.7254919704214 -1144.048091353421 1501.212535950896 -846.9404783834671
 616.5722360212984 -127.8050988193307 -1144.028536195256 1501.219735629733 -846.9805398583605
 616.5016422910243 -127.7254919704214 -1144.048091353421 1501.212535950896 -846.9404783834671
 616.5016422910243 -127.7254919704214 -1144.048091353421 1501.212535950896 -846.9404783834671
 616.5016422910243 -127.7254919704214 -1144.048091353421 1501.212535950896 -846.9404783834671
 616.5171606673705 -127.731908715214 -1144.034801086193 1501.190874893674 -846.9266912801888
 616.5698421984232 -127.8050458624896 -1144.02687110456 1501.218810963238 -846.9796255853668
 609.002191687587 -125.3943942276277 -1146.190060272736 1508.957896103322 -847.2654283821225
 616.1057689986573 -128.187948367785 -1145.246938284979 1502.487169910211 -845.9871458174421
 616.4325087608283 -127.5592873208203 -1144.226414636665 1501.508252443021 -847.1494761951802
 616.5657371603257 -127.803900456167 -1144.024540909789 1501.215562121613 -846.9810517252988
 616.5016422910243 -127.7254919704214 -1144.048091353421 1501.212535950896 -846.9404783834671
 616.5692696338056 -127.7922368293378 -1144.021792127251 1501.214650984444 -846.9767963973931
 616.5698421984232 -127.8050458624896 -1144.02687110456 1501.218810963238 -846.9796255853668
 616.4437872308583 -127.5960592917919 -1144.228216882348 1501.58396877564 -847.204392229256
 616.5063201651344 -127.8450400578624 -1143.755207807824 1501.30292901802 -847.0774419753267
 616.5016422910243 -127.7254919704214 -1144.048091353421 1501.212535950896 -846.9404783834671
 616.5016422910243 -127.7254919704214 -1144.048091353421 1501.212535950896 -846.9404783834671
 616.4963822483876 -127.7304886536714 -1144.046784146733 1501.210377570356 -846.9410904534993
 616.5016422910243 -127.7254919704214 -1144.048091353421 1501.212535950896 -846.9404783834671
 616.5455892631712 -127.8637758046754 -1143.875576446925 1501.295661636295 -847.0043045170097
 616.5016422910243 -127.7254919704214 -1144.048091353421 1501.212535950896 -846.9404783834671
 616.5698421984232 -127.8050458624896 -1144.02687110456 1501.218810963238 -846.9796255853668
 609.0093191630074 -125.3929092041611 -1146.201375013393 1508.860847269392 -847.3063053997424
 616.4453231462111 -127.5983231737931 -1144.216459435836 1501.581745658733 -847.2055908615863
 609.0037691769796 -125.3939901345127 -1146.199090921485 1508.857542260515 -847.2947099717795
 616.5455892631712 -127.8637758046754 -1143.875576446925 1501.295661636295 -847.0043045170097
 616.4939709635603 -127.7216676180964 -1144.053768729551 1501.207322811554 -846.9351908879009
 616.5016422910243 -127.7254919704214 -1144.048091353421 1501.212535950896 -846.9404783834671
 616.5016422910243 -127.7254919704214 -1144.048091353421 1501.212535950896 -846.9404783834671
 616.5016422910243 -127.7254919704214 -1144.048091353421 1501.212535950896 -846.9404783834671
 609.002191687587 -125.3943942276277 -1146.190060272736 1508.957896103322 -847.2654283821225
 616.4269395611384 -127.5616327736031 -1144.19555745521 1501.520121276202 -847.1715404226652
 616.5692696338056 -127.7922368293378 -1144.021792127251 1501.214650984444 -846.9767963973931
 616.4453231462111 -127.5983231737931 -1144.216459435836 1501.581745658733 -847.2055908615863
 616.5016422910243 -127.7254919704214 -1144.048091353421 1501.212535950896 -846.9404783834671
 616.4263935307411 -127.5612675487353 -1144.19633570108 1501.52023614007 -847.1712052567094
 653.43998330929 -135.3285586676454 -1133.399336168102 1468.084813749788 -853.1902779436098
 616.5016422910243 -127.7254919704214 -1144.048091353421 1501.212535950896 -846.9404783834671
 616.5016422910243 -127.7254919704214 -1144.048091353421 1501.212535950896 -846.9404783834671
 616.5016422910243 -127.7254919704214 -1144.048091353421 1501.212535950896 -846.9404783834671
 616.4269395611384 -127.5616327736031 -1144.19555745521 1501.520121276202 -847.1715404226652
 616.448277354046 -127.5945483578897 -1144.21797122034 1501.583301901695 -847.2051663023368
 616.5647105327406 -127.797596029345 -1144.022406728529 1501.216708908268 -846.9808069176077
 616.4263935307411 -127.5612675487353 -1144.19633570108 1501.52023614007 -847.1712052567094
 616.5016422910243 -127.7254919704214 -1144.048091353421 1501.212535950896 -846.9404783834671
 616.5016422910243 -127.7254919704214 -1144.048091353421 1501.212535950896 -846.9404783834671
 616.5016422910243 -127.7254919704214 -1144.048091353421 1501.212535950896 -846.9404783834671
 616.5016422910243 -127.7254919704214 -1144.048091353421 1501.212535950896 -846.9404783834671
 616.5016422910243 -127.7254919704214 -1144.048091353421 1501.212535950896 -846.9404783834671
 616.4453231462111 -127.5983231737931 -1144.216459435836 1501.581745658733 -847.2055908615863
 609.0090784720053 -125.3960556147042 -1146.205045318863 1508.860635859889 -847.3056210149394
 616.4957253498442 -127.7308994032556 -1144.047202790596 1501.211179688705 -846.9425324262317
 609.0093191630074 -125.3929092041611 -1146.201375013393 1508.860847269392 -847.3063053997424
 616.5230697460423 -127.7425505968336 -1144.020056732815 1501.216622306085 -846.9277442299851
 616.4939709635603 -127.7216676180964 -1144.053768729551 1501.207322811554 -846.9351908879009
 616.501593170037 -127.7260620616514 -1144.047590132393 1501.212801534939 -846.9443757440399
 616.5016422910243 -127.7254919704214 -1144.048091353421 1501.212535950896 -846.9404783834671
 616.5016422910243 -127.7254919704214 -1144.048091353421 1501.212535950896 -846.9404783834671
 616.5647105327406 -127.797596029345 -1144.022406728529 1501.216708908268 -846.9808069176077
 616.4453231462111 -127.5983231737931 -1144.216459435836 1501.581745658733 -847.2055908615863
 616.4269395611384 -127.5616327736031 -1144.19555745521 1501.520121276202 -847.1715404226652
 616.5698421984232 -127.8050458624896 -1144.02687110456 1501.218810963238 -846.9796255853668
 616.4453231462111 -127.5983231737931 -1144.216459435836 1501.581745658733 -847.2055908615863
 616.5647105327406 -127.797596029345 -1144.022406728529 1501.216708908268 -846.9808069176077
 616.5647105327406 -127.797596029345 -1144.022406728529 1501.216708908268 -846.9808069176077
 616.5016422910243 -127.7254919704214 -1144.048091353421 1501.212535950896 -846.9404783834671
 616.4264098999638 -127.5614980697151 -1144.197359350119 1501.519195560992 -847.1727597884341
 616.5016422910243 -127.7254919704214 -1144.048091353421 1501.212535950896 -846.9404783834671
 616.5455892631712 -127.8637758046754 -1143.875576446925 1501.295661636295 -847.0043045170097
 616.4437872308583 -127.5960592917919 -1144.228216882348 1501.58396877564 -847.204392229256
 616.5063201651344 -127.8450400578624 -1143.755207807824 1501.30292901802 -847.0774419753267
 616.4437872308583 -127.5960592917919 -1144.228216882348 1501.58396877564 -847.204392229256
 616.5016422910243 -127.7254919704214 -1144.048091353421 1501.212535950896 -846.9404783834671
 616.4453231462111 -127.5983231737931 -1144.216459435836 1501.581745658733 -847.2055908615863
 616.4269395611384 -127.5616327736031 -1144.19555745521 1501.520121276202 -847.1715404226652
 616.4991989649693 -127.7252758264376 -1144.048866462841 1501.212579594412 -846.9429505454681
 616.5698421984232 -127.8050458624896 -1144.02687110456 1501.218810963238 -846.9796255853668
 616.4953509965945 -127.7314116128822 -1144.047833104219 1501.210971950349 -846.9418454185143
 616.5013390220842 -127.7245315468781 -1144.047777193456 1501.212684070126 -846.9406055296768
 616.42579566201 -127.5613820887473 -1144.196341316331 1501.519823152623 -847.1710425515271
 616.4270874392402 -127.5613836901831 -1144.195558679789 1501.51974465724 -847.1714520690189
