# Created by Octave 4.2.1, Mon Oct 09 17:06:50 2017 BRT <root@mosqueiro>
# name: pop
# type: matrix
# rows: 100
# columns: 5
 458.6585320637209 -63.34174233924648 -518.5875542202955 738.7709262897456 -581.0494691775859
 -547.4530985601768 95.42386109127119 478.3833307123521 -563.1692896339441 590.3060496704363
 -562.9293754187653 -405.3023559517325 897.1285959509764 721.0527826272137 -708.659373720408
 -547.4530985601768 95.42386109127119 478.3833307123521 -563.1692896339441 590.3060496704363
 -179.6421856238343 17.06868837722061 -757.1528690405404 -358.4109083480192 292.3868196339781
 -58.93252445628229 308.629147570703 -807.5021263884928 -924.2128923224627 -984.6343079425289
 575.0647957844608 666.6901623222459 123.9617030951972 -308.5745867872644 -702.1914067401822
 -409.242649076677 -975.9895896903352 -692.4431032417742 421.4813627260271 -178.9818223608978
 -58.93252445628229 308.629147570703 -807.5021263884928 -924.2128923224627 -984.6343079425289
 -62.28265821470529 539.21010884724 261.8402324251294 146.1380846864115 766.5648850760517
 133.4772193135429 -201.2626979787392 4.718265963178624 -375.0679084849659 160.2819886693676
 504.8933948307044 -727.4035377636915 998.4204759854881 817.8541249678744 594.7289207557303
 -152.3640289907903 293.7129737282969 -971.0000122189397 -246.417621533798 -712.9042704620263
 991.0792951248018 576.6358485996102 -193.7563466656377 261.1129617267809 906.3722765782979
 -351.7787427570823 360.5617635604588 824.399590017254 220.0136522477985 837.8687552928122
 -562.9293754187653 -405.3023559517325 897.1285959509764 721.0527826272137 -708.659373720408
 -474.816086818262 -104.0299090036167 -44.4001004595732 819.1935962283801 -26.01667852846936
 770.0584189577125 -522.8481274898659 -313.9437023971742 884.1838922309837 -213.1211690167835
 -547.4530985601768 95.42386109127119 478.3833307123521 -563.1692896339441 590.3060496704363
 -712.8641342075731 777.8819551216252 -746.5239158172507 -756.2713568019045 -366.199712152767
 285.4777379818561 160.7903400906416 -376.6603556475973 996.2981808258003 -621.2506233217405
 991.4410851810105 45.6705428903349 -743.1158633470129 -758.1868906464161 580.592195509596
 482.0660219515689 -102.2360257154039 -41.22445491169663 -615.8772012506696 254.9178515359515
 316.4731197355316 738.7017417663806 151.2252698321663 -771.8677869352412 -921.8556436701199
 515.7810654911673 361.0118800780394 -924.0727916012564 -301.6667521886852 -599.1240517536046
 458.6585320637209 -63.34174233924648 -518.5875542202955 738.7709262897456 -581.0494691775859
 27.04770610785431 -304.163938585812 483.3043916347615 274.9924046806889 -340.4518367413648
 -700.6373447603983 636.3420564911839 579.2829263023514 266.2841382236745 -825.4225567087169
 458.6585320637209 -63.34174233924648 -518.5875542202955 738.7709262897456 -581.0494691775859
 -7.433050975442029 447.2471208344523 800.920654258118 195.8247757554757 271.1692241360763
 -525.1327575431651 712.1808807568025 337.7699801170158 172.6633553916822 -509.0927386764164
 -97.20847510001829 -78.44058765555747 -892.7434284141895 17.76925052415845 652.7399063181444
 -998.0318296469476 -190.4786326488212 -82.9831981074135 -189.1883577848491 618.0487234122027
 -700.6373447603983 636.3420564911839 579.2829263023514 266.2841382236745 -825.4225567087169
 -490.3397747407151 881.9984542690449 857.657749809259 -568.3606990070124 -89.62808448165447
 504.8933948307044 -727.4035377636915 998.4204759854881 817.8541249678744 594.7289207557303
 128.8296078409721 -512.6871786776439 414.4266950537485 -670.9303561759027 -489.3430754872256
 -254.5709811811297 994.3730539610674 294.364434785982 -616.0868087864931 -12.85572825227393
 347.1194160619375 298.7608329215898 639.6267726815711 503.3014030049535 926.5216923147773
 -97.20847510001829 -78.44058765555747 -892.7434284141895 17.76925052415845 652.7399063181444
 887.0408049578909 587.3055986618419 64.55065415093554 -889.5261471926686 -904.1211105572854
 -910.6088035350984 -432.5212456810376 -154.7442952642465 -487.0024741565296 -582.9202358180269
 246.3918588294393 -986.5280738935621 -403.0579106933181 -551.4047188330838 -768.9261588622899
 630.8429687574073 -194.3621090268412 671.8371153004127 373.3544715133389 -735.101864491383
 854.7191528529856 -365.2648527286316 -462.5238095617553 -760.2071725735678 -986.3321495276737
 27.04770610785431 -304.163938585812 483.3043916347615 274.9924046806889 -340.4518367413648
 575.0647957844608 666.6901623222459 123.9617030951972 -308.5745867872644 -702.1914067401822
 -614.4207581337957 869.2357302684436 540.0908743703023 301.6511679722325 -19.15904067851682
 -757.1605963996044 559.1087421374996 -115.0236334161992 -249.253168126362 -516.908440648488
 -991.6299526886266 934.9922478446474 800.7137495803565 317.8244831754785 613.1803454931653
 -547.4530985601768 95.42386109127119 478.3833307123521 -563.1692896339441 590.3060496704363
 540.1920760972748 998.9369936766414 769.3624389104514 -373.9670616354126 -56.19216238699926
 -757.1605963996044 559.1087421374996 -115.0236334161992 -249.253168126362 -516.908440648488
 -474.816086818262 -104.0299090036167 -44.4001004595732 819.1935962283801 -26.01667852846936
 246.3918588294393 -986.5280738935621 -403.0579106933181 -551.4047188330838 -768.9261588622899
 -525.1327575431651 712.1808807568025 337.7699801170158 172.6633553916822 -509.0927386764164
 458.6585320637209 -63.34174233924648 -518.5875542202955 738.7709262897456 -581.0494691775859
 -7.433050975442029 447.2471208344523 800.920654258118 195.8247757554757 271.1692241360763
 743.9069878516857 -727.7292721826706 -246.0307158150875 -172.907992734341 -286.8358798592093
 -700.6373447603983 636.3420564911839 579.2829263023514 266.2841382236745 -825.4225567087169
 -887.2120660191308 -703.4837647828779 585.9803703996677 -790.5686397356901 -2.425877493415328
 458.6585320637209 -63.34174233924648 -518.5875542202955 738.7709262897456 -581.0494691775859
 536.9610135899622 787.5677151793557 682.6608363050143 259.6290553127715 -209.4471648690642
 -542.8058180661301 -377.2475092067781 -723.7696792908831 -331.8875627472028 -334.9504278424092
 -97.20847510001829 -78.44058765555747 -892.7434284141895 17.76925052415845 652.7399063181444
 991.0792951248018 576.6358485996102 -193.7563466656377 261.1129617267809 906.3722765782979
 459.9971225561342 -744.8266010470187 325.0674545323352 132.9818265849012 762.0292508535094
 285.4777379818561 160.7903400906416 -376.6603556475973 996.2981808258003 -621.2506233217405
 316.4731197355316 738.7017417663806 151.2252698321663 -771.8677869352412 -921.8556436701199
 -700.6373447603983 636.3420564911839 579.2829263023514 266.2841382236745 -825.4225567087169
 458.6585320637209 -63.34174233924648 -518.5875542202955 738.7709262897456 -581.0494691775859
 474.1410245795394 -583.8657602012297 992.5195451207032 -884.7081025449365 -931.9715852971958
 27.04770610785431 -304.163938585812 483.3043916347615 274.9924046806889 -340.4518367413648
 -611.5612598522773 98.6867578135375 616.3004607542291 -586.0128512510869 -238.5912847941318
 -612.3147474004727 -247.5991182130621 -831.4031589056451 -907.9074574012209 760.0322164818053
 458.6585320637209 -63.34174233924648 -518.5875542202955 738.7709262897456 -581.0494691775859
 -26.50435485495245 5.333120510757794 -907.4040732093562 987.0903303281775 -402.8512896881039
 536.9610135899622 787.5677151793557 682.6608363050143 259.6290553127715 -209.4471648690642
 -547.4530985601768 95.42386109127119 478.3833307123521 -563.1692896339441 590.3060496704363
 536.9610135899622 787.5677151793557 682.6608363050143 259.6290553127715 -209.4471648690642
 1019.032520057148 1240.850448950856 -516.0149155372756 -776.509682824417 -1899.446714809982
 -1419.97144961976 -1458.934801080536 394.6258693689156 -1172.355574215351 -1002.632612487551
 1000.526393771459 -249.8622308426461 3009.2395814943 534.2606626885753 -383.7854921243494
 2658.15645137184 -2201.110022496207 -2119.678556483627 -2052.049017268911 1202.417305239357
