# Created by Octave 4.2.1, Mon Oct 09 17:07:18 2017 BRT <root@mosqueiro>
# name: pop
# type: matrix
# rows: 100
# columns: 5
 -288.9766869109384 661.0592014742051 -432.9260137876404 124.3443431199585 -63.85057413761285
 319.9756114046447 175.5299572625361 8.310470475258398 -830.1191745699726 370.3759767659317
 -305.079317526778 -7.22494623676323 263.3670484347779 900.7030802791814 -875.1113838235673
 319.9756114046447 175.5299572625361 8.310470475258398 -830.1191745699726 370.3759767659317
 787.9351381931267 691.8394657008666 -623.3676634563864 59.50849114740936 -842.51671029071
 398.6929488092771 379.0124862386967 664.9773373853293 27.42405715951713 275.0931676544496
 24.58507734498062 -365.4331858284382 -273.7914613022093 -65.66105136664896 633.6638554691669
 761.4731232452248 269.5638107496529 -351.9583283621743 808.7887278802011 363.3709295202818
 105.1704449140382 993.6137282080426 -558.4391903926412 898.6640739087832 478.4922392270159
 -42.9491037653637 148.9354095549975 -473.529560497611 -987.496074666795 727.0665507140752
 -191.2840703877944 -74.5591072069675 197.5980134345828 983.9277496750044 710.2695152019216
 -22.8304448371149 -396.3435129113523 -699.0592089085778 432.2468588614206 -330.5032518741743
 -506.2207298345501 273.3747152976225 -224.3631317483168 990.2202652707053 -742.783105104827
 255.2026306784617 580.8401720023148 52.92276334558278 -57.4753489181544 113.5164928574025
 -288.9766869109384 661.0592014742051 -432.9260137876404 124.3443431199585 -63.85057413761285
 68.59625080674118 506.5857118082065 -919.4519401919722 -780.8828704698542 69.84403274649799
 99.60596881056676 180.0984287669501 -666.3471195984604 724.016983230495 -736.2989116314402
 559.7511346571389 -827.2413283103332 286.9625738182153 22.78532025837922 167.4547812463011
 -416.4563525175754 -525.3130969985457 -877.3147339331425 -900.8214508535907 194.6304464315615
 -317.2343036073941 779.1501254997356 361.2635520486674 747.4964488047844 53.33347364338306
 733.8459714008077 137.1452251917472 -404.7635356574488 703.2626456201147 -866.1472968707258
 -72.2338963945889 166.5697229328557 802.3800295154756 -95.02001608376634 -160.9821665916694
 -967.3227538869372 925.0810729356867 210.6321695381391 -487.4892279313477 159.7189061284657
 -191.2840703877944 -74.5591072069675 197.5980134345828 983.9277496750044 710.2695152019216
 -56.85502773954067 -572.4337962629302 640.495606026705 472.0965443692364 -747.7757477546761
 477.9583598695863 286.0668510409405 186.0789612576616 113.4448702116943 799.4029891240839
 -128.4926558143852 446.0536713457227 -232.2986154622661 -314.6968191268268 881.7447072989899
 -271.0379025492509 696.9626400830557 -977.5120411968469 230.1427713404962 968.629191727737
 24.58507734498062 -365.4331858284382 -273.7914613022093 -65.66105136664896 633.6638554691669
 429.7620845575666 -11.36092588723864 -154.706992780089 617.5067584263625 42.08629722194428
 -103.8080955578474 974.867321378126 881.8432288199992 -63.29859266625533 -734.3168677877125
 -271.0379025492509 696.9626400830557 -977.5120411968469 230.1427713404962 968.629191727737
 614.8767300315669 -124.7296436564859 832.6911821541939 -940.4792341836353 -486.5135107517128
 24.58507734498062 -365.4331858284382 -273.7914613022093 -65.66105136664896 633.6638554691669
 926.8607471926143 -223.1151991526547 537.2899942221368 -30.6367132150466 791.7942539603769
 -825.4928664339302 976.3638305174211 673.9156611845642 590.4416086165329 -859.2795990466683
 -103.8080955578474 974.867321378126 881.8432288199992 -63.29859266625533 -734.3168677877125
 -72.2338963945889 166.5697229328557 802.3800295154756 -95.02001608376634 -160.9821665916694
 319.9756114046447 175.5299572625361 8.310470475258398 -830.1191745699726 370.3759767659317
 255.2026306784617 580.8401720023148 52.92276334558278 -57.4753489181544 113.5164928574025
 88.89190073198938 -944.3189477643414 565.5660906660896 714.2654064436872 921.2788351702545
 -288.9766869109384 661.0592014742051 -432.9260137876404 124.3443431199585 -63.85057413761285
 902.2685493860479 853.1014543594531 626.5363865635879 -722.1674950896768 461.5001495086681
 319.9756114046447 175.5299572625361 8.310470475258398 -830.1191745699726 370.3759767659317
 -317.2343036073941 779.1501254997356 361.2635520486674 747.4964488047844 53.33347364338306
 88.89190073198938 -944.3189477643414 565.5660906660896 714.2654064436872 921.2788351702545
 24.58507734498062 -365.4331858284382 -273.7914613022093 -65.66105136664896 633.6638554691669
 -820.970040620772 259.2005299333157 -929.3841771144234 242.8107477201927 68.40669301046478
 24.58507734498062 -365.4331858284382 -273.7914613022093 -65.66105136664896 633.6638554691669
 -879.7189086751362 -240.5649630265035 -598.5717254463368 -599.2954565114344 -852.7128470975448
 -967.3227538869372 925.0810729356867 210.6321695381391 -487.4892279313477 159.7189061284657
 -432.0533627577571 -170.169624985055 214.6391210195275 -230.3602395656588 -84.13943554836305
 787.9351381931267 691.8394657008666 -623.3676634563864 59.50849114740936 -842.51671029071
 88.89190073198938 -944.3189477643414 565.5660906660896 714.2654064436872 921.2788351702545
 -393.9407914042727 836.8022247812892 -412.4782533133967 -663.3099551524416 780.318110479358
 -416.4563525175754 -525.3130969985457 -877.3147339331425 -900.8214508535907 194.6304464315615
 614.8767300315669 -124.7296436564859 832.6911821541939 -940.4792341836353 -486.5135107517128
 -56.85502773954067 -572.4337962629302 640.495606026705 472.0965443692364 -747.7757477546761
 457.7274568034181 642.8249593969767 152.9469636382555 -173.3882764053584 -376.7259410385714
 826.615799729092 -29.13799326439391 -626.1002208694661 -58.42555396201658 -129.6099820042765
 -288.9766869109384 661.0592014742051 -432.9260137876404 124.3443431199585 -63.85057413761285
 826.6230786362919 -382.1627793785062 163.78375792272 -947.4450838561606 250.8823902586744
 319.9756114046447 175.5299572625361 8.310470475258398 -830.1191745699726 370.3759767659317
 319.9756114046447 175.5299572625361 8.310470475258398 -830.1191745699726 370.3759767659317
 -863.8404675458075 -633.9806911553011 655.3191634817197 -842.3069818210166 92.79138727861732
 -393.9407914042727 836.8022247812892 -412.4782533133967 -663.3099551524416 780.318110479358
 -288.9766869109384 661.0592014742051 -432.9260137876404 124.3443431199585 -63.85057413761285
 -22.8304448371149 -396.3435129113523 -699.0592089085778 432.2468588614206 -330.5032518741743
 733.8459714008077 137.1452251917472 -404.7635356574488 703.2626456201147 -866.1472968707258
 -514.2698339267507 444.8641970427846 -696.3954690289538 620.378165001438 -112.293873374402
 -967.3227538869372 925.0810729356867 210.6321695381391 -487.4892279313477 159.7189061284657
 -288.9766869109384 661.0592014742051 -432.9260137876404 124.3443431199585 -63.85057413761285
 319.9756114046447 175.5299572625361 8.310470475258398 -830.1191745699726 370.3759767659317
 -806.8101318151463 -65.156258726072 -18.83683159100133 -395.5297817042047 695.7655525445766
 105.1704449140382 993.6137282080426 -558.4391903926412 898.6640739087832 478.4922392270159
 -288.9766869109384 661.0592014742051 -432.9260137876404 124.3443431199585 -63.85057413761285
 -339.6261612136516 -259.8395098226632 -544.4840607980061 -245.4285442480767 -6.725585790303626
 110.0826656198942 -418.6922722473573 -494.9623127034094 -889.3852765545726 -454.8130277304971
 -253.1466533394838 696.5418096863586 385.052362440236 -961.4287422179732 -714.4614506515661
 -128.4926558143852 446.0536713457227 -232.2986154622661 -314.6968191268268 881.7447072989899
 -386.3860012446188 408.6998441580358 -1450.276307051318 1304.251416148915 3517.327807026028
 334.2430845098037 2418.438746459045 1396.029651622387 -90.62579204501333 1940.9816032642
 -1425.895562741287 -1797.417207598123 -1886.947283823172 1973.36437002771 -1341.355362763636
 223.3586059692359 2629.89839490376 2466.309203350552 528.812637123382 -1695.747936587344
