# Created by Octave 4.2.1, Mon Oct 09 17:07:29 2017 BRT <root@mosqueiro>
# name: pop
# type: matrix
# rows: 100
# columns: 5
 -288.9766869109384 661.0592014742051 -432.9260137876404 124.3443431199585 -63.85057413761285
 -288.9766869109384 661.0592014742051 -432.9260137876404 124.3443431199585 -63.85057413761285
 -217.4119900533614 676.6897582735896 -469.9312939434911 125.5913463512974 -114.1192241903528
 -288.9766869109384 661.0592014742051 -432.9260137876404 124.3443431199585 -63.85057413761285
 -228.4557031165835 525.0989607950511 -420.7690151707102 107.6982443855843 -175.6974344264098
 -288.9766869109384 661.0592014742051 -432.9260137876404 124.3443431199585 -63.85057413761285
 -288.9766869109384 661.0592014742051 -432.9260137876404 124.3443431199585 -63.85057413761285
 -288.9766869109384 661.0592014742051 -432.9260137876404 124.3443431199585 -63.85057413761285
 -288.9766869109384 661.0592014742051 -432.9260137876404 124.3443431199585 -63.85057413761285
 -288.9766869109384 661.0592014742051 -432.9260137876404 124.3443431199585 -63.85057413761285
 -288.9766869109384 661.0592014742051 -432.9260137876404 124.3443431199585 -63.85057413761285
 -345.8564514531722 581.7607905871521 -281.7880544069843 381.8696720244706 86.43686760191514
 -288.9766869109384 661.0592014742051 -432.9260137876404 124.3443431199585 -63.85057413761285
 -288.9766869109384 661.0592014742051 -432.9260137876404 124.3443431199585 -63.85057413761285
 -288.9766869109384 661.0592014742051 -432.9260137876404 124.3443431199585 -63.85057413761285
 -288.9766869109384 661.0592014742051 -432.9260137876404 124.3443431199585 -63.85057413761285
 -356.0981238742923 669.5458868024725 -104.9823040740285 164.9092792378748 -0.958511700448291
 -345.0038913567233 760.3753519218694 -412.4315633730471 70.14122653478046 -133.2934185865943
 -424.6358950339321 708.9536157353276 -317.7607426574339 184.7127114599177 89.00070581359694
 -288.9766869109384 661.0592014742051 -432.9260137876404 124.3443431199585 -63.85057413761285
 -288.9766869109384 661.0592014742051 -432.9260137876404 124.3443431199585 -63.85057413761285
 -288.9766869109384 661.0592014742051 -432.9260137876404 124.3443431199585 -63.85057413761285
 -288.9766869109384 661.0592014742051 -432.9260137876404 124.3443431199585 -63.85057413761285
 -288.9766869109384 661.0592014742051 -432.9260137876404 124.3443431199585 -63.85057413761285
 -288.9766869109384 661.0592014742051 -432.9260137876404 124.3443431199585 -63.85057413761285
 -280.2353359363218 1032.218780411456 -393.1271868057976 -32.45240310007989 -108.8458898318521
 -288.9766869109384 661.0592014742051 -432.9260137876404 124.3443431199585 -63.85057413761285
 -288.9766869109384 661.0592014742051 -432.9260137876404 124.3443431199585 -63.85057413761285
 -288.9766869109384 661.0592014742051 -432.9260137876404 124.3443431199585 -63.85057413761285
 319.9756114046447 175.5299572625361 8.310470475258398 -830.1191745699726 370.3759767659317
 -288.9766869109384 661.0592014742051 -432.9260137876404 124.3443431199585 -63.85057413761285
 -288.9766869109384 661.0592014742051 -432.9260137876404 124.3443431199585 -63.85057413761285
 -288.9766869109384 661.0592014742051 -432.9260137876404 124.3443431199585 -63.85057413761285
 -288.9766869109384 661.0592014742051 -432.9260137876404 124.3443431199585 -63.85057413761285
 -288.9766869109384 661.0592014742051 -432.9260137876404 124.3443431199585 -63.85057413761285
 -288.9766869109384 661.0592014742051 -432.9260137876404 124.3443431199585 -63.85057413761285
 -288.9766869109384 661.0592014742051 -432.9260137876404 124.3443431199585 -63.85057413761285
 -288.9766869109384 661.0592014742051 -432.9260137876404 124.3443431199585 -63.85057413761285
 -288.9766869109384 661.0592014742051 -432.9260137876404 124.3443431199585 -63.85057413761285
 -21.73769641001473 -74.69157503973099 -770.9627716631987 -38.92164685300173 884.7725237063162
 -345.8564514531722 581.7607905871521 -281.7880544069843 381.8696720244706 86.43686760191514
 -288.9766869109384 661.0592014742051 -432.9260137876404 124.3443431199585 -63.85057413761285
 -277.1422243587569 520.3452712043362 -428.2886088919591 291.2137702199284 106.6312609307032
 -288.9766869109384 661.0592014742051 -432.9260137876404 124.3443431199585 -63.85057413761285
 -288.9766869109384 661.0592014742051 -432.9260137876404 124.3443431199585 -63.85057413761285
 -288.9766869109384 661.0592014742051 -432.9260137876404 124.3443431199585 -63.85057413761285
 -280.2353359363218 1032.218780411456 -393.1271868057976 -32.45240310007989 -108.8458898318521
 -281.8703741655069 499.3089963778712 -1032.824445986907 69.77387181454543 1056.03137630288
 -288.9766869109384 661.0592014742051 -432.9260137876404 124.3443431199585 -63.85057413761285
 -288.9766869109384 661.0592014742051 -432.9260137876404 124.3443431199585 -63.85057413761285
 -288.9766869109384 661.0592014742051 -432.9260137876404 124.3443431199585 -63.85057413761285
 -288.9766869109384 661.0592014742051 -432.9260137876404 124.3443431199585 -63.85057413761285
 -317.8146937772046 833.0318361490265 -629.6868833705579 192.0108251730947 -101.6150231209573
 -288.9766869109384 661.0592014742051 -432.9260137876404 124.3443431199585 -63.85057413761285
 -486.7288748054079 941.197467360633 -449.3813370528504 43.6249823474575 -193.2819882761653
 -245.8902500300001 844.524864013807 -472.6205969078345 320.9651084237889 52.80090885342302
 -288.9766869109384 661.0592014742051 -432.9260137876404 124.3443431199585 -63.85057413761285
 -345.8564514531722 581.7607905871521 -281.7880544069843 381.8696720244706 86.43686760191514
 -288.9766869109384 661.0592014742051 -432.9260137876404 124.3443431199585 -63.85057413761285
 -288.9766869109384 661.0592014742051 -432.9260137876404 124.3443431199585 -63.85057413761285
 -288.9766869109384 661.0592014742051 -432.9260137876404 124.3443431199585 -63.85057413761285
 -217.4119900533614 676.6897582735896 -469.9312939434911 125.5913463512974 -114.1192241903528
 -288.9766869109384 661.0592014742051 -432.9260137876404 124.3443431199585 -63.85057413761285
 -288.9766869109384 661.0592014742051 -432.9260137876404 124.3443431199585 -63.85057413761285
 -103.4580549278972 675.020332249123 -609.1263156635589 94.74000132419826 -114.7771411372188
 -317.8146937772046 833.0318361490265 -629.6868833705579 192.0108251730947 -101.6150231209573
 -424.6358950339321 708.9536157353276 -317.7607426574339 184.7127114599177 89.00070581359694
 -288.9766869109384 661.0592014742051 -432.9260137876404 124.3443431199585 -63.85057413761285
 -345.8564514531722 581.7607905871521 -281.7880544069843 381.8696720244706 86.43686760191514
 -500.3159220229442 574.4766912853804 -682.3721117669184 111.4290566631228 470.4471699620203
 -288.9766869109384 661.0592014742051 -432.9260137876404 124.3443431199585 -63.85057413761285
 -269.1062630074252 621.4849068494437 -445.6569222429096 3.438736863288241 -74.35693387973235
 -288.9766869109384 661.0592014742051 -432.9260137876404 124.3443431199585 -63.85057413761285
 -424.6358950339321 708.9536157353276 -317.7607426574339 184.7127114599177 89.00070581359694
 -288.9766869109384 661.0592014742051 -432.9260137876404 124.3443431199585 -63.85057413761285
 -288.9766869109384 661.0592014742051 -432.9260137876404 124.3443431199585 -63.85057413761285
 -288.9766869109384 661.0592014742051 -432.9260137876404 124.3443431199585 -63.85057413761285
 -345.8564514531722 581.7607905871521 -281.7880544069843 381.8696720244706 86.43686760191514
 -288.9766869109384 661.0592014742051 -432.9260137876404 124.3443431199585 -63.85057413761285
 -288.9766869109384 661.0592014742051 -432.9260137876404 124.3443431199585 -63.85057413761285
 -14.31209114271605 -27.90376443906525 -729.54343271394 -40.15058013757896 991.9002818322692
 -244.4768325396347 598.1008110398809 -343.0984525821743 144.4996207965858 -21.87081274011079
 -325.3246415793519 649.652691849766 -325.7557285793295 -22.12157451214946 -146.2042652357655
