# Created by Octave 4.2.1, Mon Oct 09 17:07:07 2017 BRT <root@mosqueiro>
# name: pop
# type: matrix
# rows: 100
# columns: 5
 616.5493847285447 -127.8679802044701 -1143.869995308935 1501.297265834627 -846.9994898150463
 653.3449651351502 -135.312546705002 -1133.434709796392 1468.210156024827 -853.1433657079701
 615.529602375836 -120.2971219901252 -1135.237340020894 1505.946447288858 -834.9003013396557
 615.1536986513984 -126.5993370543571 -1142.933794299216 1501.671416527957 -844.8635222840937
 649.3895807793307 -129.1204199897856 -1121.809678396384 1458.869205514263 -856.2653051571028
 609.0467843297056 -125.9212151194322 -1144.510154577156 1509.049317954955 -846.5709634705237
 612.2902805746318 -118.6668298151112 -1149.492863397856 1533.996265095163 -851.8013727802404
 639.010815557077 -168.436112467907 -1187.655495379767 1562.985925125222 -815.4840325531775
 653.3449651351502 -135.312546705002 -1133.434709796392 1468.210156024827 -853.1433657079701
 612.2902805746318 -118.6668298151112 -1149.492863397856 1533.996265095163 -851.8013727802404
 649.3895807793307 -129.1204199897856 -1121.809678396384 1458.869205514263 -856.2653051571028
 656.5171487359695 -135.0605300680846 -1130.779515701264 1465.207409325329 -854.6009747699245
 615.1536986513984 -126.5993370543571 -1142.933794299216 1501.671416527957 -844.8635222840937
 609.0467843297056 -125.9212151194322 -1144.510154577156 1509.049317954955 -846.5709634705237
 609.0467843297056 -125.9212151194322 -1144.510154577156 1509.049317954955 -846.5709634705237
 656.5171487359695 -135.0605300680846 -1130.779515701264 1465.207409325329 -854.6009747699245
 612.0145773746833 -129.4763708239866 -1146.426826272502 1500.480805868585 -847.2397872374383
 649.3895807793307 -129.1204199897856 -1121.809678396384 1458.869205514263 -856.2653051571028
 612.0145773746833 -129.4763708239866 -1146.426826272502 1500.480805868585 -847.2397872374383
 616.5493847285447 -127.8679802044701 -1143.869995308935 1501.297265834627 -846.9994898150463
 614.4640442975526 -126.8161918390274 -1146.404659102733 1503.719136291518 -847.8839961214247
 615.1536986513984 -126.5993370543571 -1142.933794299216 1501.671416527957 -844.8635222840937
 616.5493847285447 -127.8679802044701 -1143.869995308935 1501.297265834627 -846.9994898150463
 649.3895807793307 -129.1204199897856 -1121.809678396384 1458.869205514263 -856.2653051571028
 628.4039949788521 -206.036175921242 -1144.354884871995 1481.857393941249 -790.8214800667487
 656.5171487359695 -135.0605300680846 -1130.779515701264 1465.207409325329 -854.6009747699245
 615.1536986513984 -126.5993370543571 -1142.933794299216 1501.671416527957 -844.8635222840937
 609.0467843297056 -125.9212151194322 -1144.510154577156 1509.049317954955 -846.5709634705237
 649.3895807793307 -129.1204199897856 -1121.809678396384 1458.869205514263 -856.2653051571028
 615.1536986513984 -126.5993370543571 -1142.933794299216 1501.671416527957 -844.8635222840937
 609.0467843297056 -125.9212151194322 -1144.510154577156 1509.049317954955 -846.5709634705237
 615.1536986513984 -126.5993370543571 -1142.933794299216 1501.671416527957 -844.8635222840937
 656.5171487359695 -135.0605300680846 -1130.779515701264 1465.207409325329 -854.6009747699245
 615.1536986513984 -126.5993370543571 -1142.933794299216 1501.671416527957 -844.8635222840937
 656.5171487359695 -135.0605300680846 -1130.779515701264 1465.207409325329 -854.6009747699245
 614.3007308783704 -126.8533481818523 -1138.797511169766 1496.971228933813 -844.472899183029
 610.4900094438141 -118.3182734321903 -1144.293495484983 1505.335206604768 -845.015705870492
 615.1536986513984 -126.5993370543571 -1142.933794299216 1501.671416527957 -844.8635222840937
 615.1536986513984 -126.5993370543571 -1142.933794299216 1501.671416527957 -844.8635222840937
 615.1536986513984 -126.5993370543571 -1142.933794299216 1501.671416527957 -844.8635222840937
 656.5171487359695 -135.0605300680846 -1130.779515701264 1465.207409325329 -854.6009747699245
 558.3344503314382 -527.4078456798368 -889.3826680867925 957.0812987004961 -75.0674142302958
 615.1536986513984 -126.5993370543571 -1142.933794299216 1501.671416527957 -844.8635222840937
 612.2902805746318 -118.6668298151112 -1149.492863397856 1533.996265095163 -851.8013727802404
 549.2069253055546 -516.1545675680293 -901.5443233713909 948.2040929113657 -70.17469444954628
 656.5171487359695 -135.0605300680846 -1130.779515701264 1465.207409325329 -854.6009747699245
 649.3895807793307 -129.1204199897856 -1121.809678396384 1458.869205514263 -856.2653051571028
 651.8072571189437 -130.777613058426 -1130.46339665424 1470.128203557174 -843.4944525382552
 656.5171487359695 -135.0605300680846 -1130.779515701264 1465.207409325329 -854.6009747699245
 653.3449651351502 -135.312546705002 -1133.434709796392 1468.210156024827 -853.1433657079701
 615.1536986513984 -126.5993370543571 -1142.933794299216 1501.671416527957 -844.8635222840937
 609.0467843297056 -125.9212151194322 -1144.510154577156 1509.049317954955 -846.5709634705237
 620.1570320371387 -124.0987604132368 -1138.282868182197 1498.342069570313 -847.3438242794667
 616.6154837955008 -109.2030850125886 -1096.965902287616 1494.216673466648 -876.2023224989797
 609.0467843297056 -125.9212151194322 -1144.510154577156 1509.049317954955 -846.5709634705237
 615.1536986513984 -126.5993370543571 -1142.933794299216 1501.671416527957 -844.8635222840937
 615.1536986513984 -126.5993370543571 -1142.933794299216 1501.671416527957 -844.8635222840937
 616.5493847285447 -127.8679802044701 -1143.869995308935 1501.297265834627 -846.9994898150463
 649.3895807793307 -129.1204199897856 -1121.809678396384 1458.869205514263 -856.2653051571028
 592.5806203604925 -167.7772033315504 -1137.013685283168 1467.318177851143 -895.0107110088256
 656.5171487359695 -135.0605300680846 -1130.779515701264 1465.207409325329 -854.6009747699245
 656.5171487359695 -135.0605300680846 -1130.779515701264 1465.207409325329 -854.6009747699245
 610.5698098165276 -119.7582765071124 -1148.213960124673 1509.391167712632 -829.6394325426589
 656.5171487359695 -135.0605300680846 -1130.779515701264 1465.207409325329 -854.6009747699245
 617.9019618547006 -128.5149655432846 -1148.108325855384 1493.910106917136 -827.5909874345824
 615.9671651337045 -123.7756832059775 -1136.345376332975 1510.11773331188 -838.6416942317279
 649.3895807793307 -129.1204199897856 -1121.809678396384 1458.869205514263 -856.2653051571028
 615.1536986513984 -126.5993370543571 -1142.933794299216 1501.671416527957 -844.8635222840937
 615.1536986513984 -126.5993370543571 -1142.933794299216 1501.671416527957 -844.8635222840937
 649.3895807793307 -129.1204199897856 -1121.809678396384 1458.869205514263 -856.2653051571028
 656.5171487359695 -135.0605300680846 -1130.779515701264 1465.207409325329 -854.6009747699245
 656.5171487359695 -135.0605300680846 -1130.779515701264 1465.207409325329 -854.6009747699245
 656.5171487359695 -135.0605300680846 -1130.779515701264 1465.207409325329 -854.6009747699245
 549.2069253055546 -516.1545675680293 -901.5443233713909 948.2040929113657 -70.17469444954628
 616.5493847285447 -127.8679802044701 -1143.869995308935 1501.297265834627 -846.9994898150463
 615.1536986513984 -126.5993370543571 -1142.933794299216 1501.671416527957 -844.8635222840937
 612.2902805746318 -118.6668298151112 -1149.492863397856 1533.996265095163 -851.8013727802404
 558.3344503314382 -527.4078456798368 -889.3826680867925 957.0812987004961 -75.0674142302958
 615.1536986513984 -126.5993370543571 -1142.933794299216 1501.671416527957 -844.8635222840937
 656.5171487359695 -135.0605300680846 -1130.779515701264 1465.207409325329 -854.6009747699245
 655.8211257512056 -133.9127738252276 -1124.094376230955 1463.492785651934 -852.2755337249619
 637.146710481018 -167.2226459959231 -1188.15297789039 1563.186771917513 -813.6274305606474
 613.5179344045448 -123.9572938670559 -1145.112877196495 1502.310058056188 -843.1968291647963
