# Created by Octave 4.2.1, Mon Oct 09 17:08:03 2017 BRT <root@mosqueiro>
# name: pop
# type: matrix
# rows: 100
# columns: 5
 -325.2790696857643 354.9873460297069 -90.51417018330801 -282.7036551905843 344.9241630361785
 -325.2790696857643 354.9873460297069 -90.51417018330801 -282.7036551905843 344.9241630361785
 -392.9862324854286 262.5771381327388 72.78858481284374 -102.3305444054475 445.0457054396188
 -325.2790696857643 354.9873460297069 -90.51417018330801 -282.7036551905843 344.9241630361785
 -325.2790696857643 354.9873460297069 -90.51417018330801 -282.7036551905843 344.9241630361785
 -325.2790696857643 354.9873460297069 -90.51417018330801 -282.7036551905843 344.9241630361785
 -325.2790696857643 354.9873460297069 -90.51417018330801 -282.7036551905843 344.9241630361785
 -475.2703686670042 492.8294583465262 -337.2494379113157 -398.8513731440526 416.7067253710059
 -325.2790696857643 354.9873460297069 -90.51417018330801 -282.7036551905843 344.9241630361785
 186.7238119288054 -555.0193118543125 432.3143517014493 -618.9133798795431 704.0551982188778
 -325.2790696857643 354.9873460297069 -90.51417018330801 -282.7036551905843 344.9241630361785
 -325.2790696857643 354.9873460297069 -90.51417018330801 -282.7036551905843 344.9241630361785
 -315.5594872080217 220.5645581893246 -251.7976507851276 -163.8088612798309 310.5677189713052
 -492.6279579488627 567.9248839819436 -340.0401925891201 -435.1773835834559 655.2155845022924
 -177.0880516308522 542.288544508876 -14.03667506482657 -550.8983774136524 186.4112220749337
 -325.2790696857643 354.9873460297069 -90.51417018330801 -282.7036551905843 344.9241630361785
 -371.5135196897587 315.8322237218447 100.7141248525975 -309.8065793538809 92.95915237452374
 -492.7550233710455 464.7708983517023 -63.65652068122469 -153.7811836369032 491.0928463128645
 -454.3489292042047 205.4898551991674 34.0230991138135 -303.1521822950444 -69.99729116391222
 -325.2790696857643 354.9873460297069 -90.51417018330801 -282.7036551905843 344.9241630361785
 -323.6300316259425 476.2752335596738 -41.63404890148881 -417.358096846092 338.0683010160993
 -325.2790696857643 354.9873460297069 -90.51417018330801 -282.7036551905843 344.9241630361785
 -325.2790696857643 354.9873460297069 -90.51417018330801 -282.7036551905843 344.9241630361785
 -325.2790696857643 354.9873460297069 -90.51417018330801 -282.7036551905843 344.9241630361785
 -325.2790696857643 354.9873460297069 -90.51417018330801 -282.7036551905843 344.9241630361785
 -325.2790696857643 354.9873460297069 -90.51417018330801 -282.7036551905843 344.9241630361785
 -325.2790696857643 354.9873460297069 -90.51417018330801 -282.7036551905843 344.9241630361785
 186.7238119288054 -555.0193118543125 432.3143517014493 -618.9133798795431 704.0551982188778
 -325.2790696857643 354.9873460297069 -90.51417018330801 -282.7036551905843 344.9241630361785
 -325.2790696857643 354.9873460297069 -90.51417018330801 -282.7036551905843 344.9241630361785
 -325.2790696857643 354.9873460297069 -90.51417018330801 -282.7036551905843 344.9241630361785
 -400.7782710065286 106.8772670936243 45.39114414691113 -220.9111505523993 599.6192958708053
 -325.2790696857643 354.9873460297069 -90.51417018330801 -282.7036551905843 344.9241630361785
 -557.1211570432703 390.9996239291503 160.0724547870419 -299.3956685941929 -235.3671253179065
 -325.2790696857643 354.9873460297069 -90.51417018330801 -282.7036551905843 344.9241630361785
 -325.2790696857643 354.9873460297069 -90.51417018330801 -282.7036551905843 344.9241630361785
 -175.8521368700995 310.5878782438665 -113.3150864125373 -241.7583770647216 268.8155655596166
 -325.2790696857643 354.9873460297069 -90.51417018330801 -282.7036551905843 344.9241630361785
 -325.2790696857643 354.9873460297069 -90.51417018330801 -282.7036551905843 344.9241630361785
 -325.2790696857643 354.9873460297069 -90.51417018330801 -282.7036551905843 344.9241630361785
 -325.2790696857643 354.9873460297069 -90.51417018330801 -282.7036551905843 344.9241630361785
 -327.4205619556589 499.1334268536293 -167.3938209211908 -146.2838317212291 309.2302639007502
 -325.2790696857643 354.9873460297069 -90.51417018330801 -282.7036551905843 344.9241630361785
 -325.2790696857643 354.9873460297069 -90.51417018330801 -282.7036551905843 344.9241630361785
 -56.36150072979922 420.1001891817027 -237.9136471882094 -378.2877501896671 457.7659829853923
 -362.7497149935775 318.257709639829 -30.98912489039863 -209.0643891052831 193.9077026268099
 -325.2790696857643 354.9873460297069 -90.51417018330801 -282.7036551905843 344.9241630361785
 186.7238119288054 -555.0193118543125 432.3143517014493 -618.9133798795431 704.0551982188778
 -325.2790696857643 354.9873460297069 -90.51417018330801 -282.7036551905843 344.9241630361785
 -325.2790696857643 354.9873460297069 -90.51417018330801 -282.7036551905843 344.9241630361785
 -325.2790696857643 354.9873460297069 -90.51417018330801 -282.7036551905843 344.9241630361785
 -325.2790696857643 354.9873460297069 -90.51417018330801 -282.7036551905843 344.9241630361785
 -325.2790696857643 354.9873460297069 -90.51417018330801 -282.7036551905843 344.9241630361785
 -98.10824641278197 558.6622850148482 -357.5326986285788 -99.26248929543166 498.3736595575417
 -460.9458253310992 -25.75586332436296 -81.86298789992918 705.9483235344849 1631.962652815993
 -392.9862324854286 262.5771381327388 72.78858481284374 -102.3305444054475 445.0457054396188
 -492.6279579488627 567.9248839819436 -340.0401925891201 -435.1773835834559 655.2155845022924
 -126.271855080106 2919.927756682723 912.8330059794337 1207.848208229514 4609.173866813815
 -325.2790696857643 354.9873460297069 -90.51417018330801 -282.7036551905843 344.9241630361785
 -325.2790696857643 354.9873460297069 -90.51417018330801 -282.7036551905843 344.9241630361785
 -325.2790696857643 354.9873460297069 -90.51417018330801 -282.7036551905843 344.9241630361785
 -315.5594872080217 220.5645581893246 -251.7976507851276 -163.8088612798309 310.5677189713052
 -268.3128394129876 370.8204915790942 -164.2340963813863 -126.2152158677423 468.4881068057879
 -325.2790696857643 354.9873460297069 -90.51417018330801 -282.7036551905843 344.9241630361785
 -325.2790696857643 354.9873460297069 -90.51417018330801 -282.7036551905843 344.9241630361785
 -325.2790696857643 354.9873460297069 -90.51417018330801 -282.7036551905843 344.9241630361785
 -175.8521368700995 310.5878782438665 -113.3150864125373 -241.7583770647216 268.8155655596166
 -557.1211570432703 390.9996239291503 160.0724547870419 -299.3956685941929 -235.3671253179065
 -325.2790696857643 354.9873460297069 -90.51417018330801 -282.7036551905843 344.9241630361785
 186.7238119288054 -555.0193118543125 432.3143517014493 -618.9133798795431 704.0551982188778
 -315.5594872080217 220.5645581893246 -251.7976507851276 -163.8088612798309 310.5677189713052
 -325.2790696857643 354.9873460297069 -90.51417018330801 -282.7036551905843 344.9241630361785
 -325.2790696857643 354.9873460297069 -90.51417018330801 -282.7036551905843 344.9241630361785
 -325.2790696857643 354.9873460297069 -90.51417018330801 -282.7036551905843 344.9241630361785
 -325.2790696857643 354.9873460297069 -90.51417018330801 -282.7036551905843 344.9241630361785
 -249.0934036765837 668.6028357721365 -68.96602995161089 -231.8259228153638 463.1145885204749
 -303.4610795115779 418.2702563780147 -1.840249842844287 -140.8941069768576 420.6400869658773
 -325.2790696857643 354.9873460297069 -90.51417018330801 -282.7036551905843 344.9241630361785
 -56.36150072979922 420.1001891817027 -237.9136471882094 -378.2877501896671 457.7659829853923
 -325.2790696857643 354.9873460297069 -90.51417018330801 -282.7036551905843 344.9241630361785
 -316.3701555159251 326.5624916735149 -35.59060043319639 -321.2107280479434 231.0560246523362
 -251.6749055093936 322.5390047130102 -4.759212329835066 -257.6333919655368 327.0664005360838
 -76.56534322619937 510.6261055324436 -214.3485186237742 -345.2432806530206 428.395143475813
