# Created by Octave 4.2.1, Mon Oct 09 17:08:41 2017 BRT <root@mosqueiro>
# name: pop
# type: matrix
# rows: 100
# columns: 5
 275.8845291712934 904.7956299156979 -215.2506351719081 -747.6358669674788 -218.3242436061646
 275.8845291712934 904.7956299156979 -215.2506351719081 -747.6358669674788 -218.3242436061646
 275.8845291712934 904.7956299156979 -215.2506351719081 -747.6358669674788 -218.3242436061646
 349.6015819344486 700.5565550472957 -87.98384364233046 -629.0107744053387 -331.9708475263887
 275.8845291712934 904.7956299156979 -215.2506351719081 -747.6358669674788 -218.3242436061646
 275.8845291712934 904.7956299156979 -215.2506351719081 -747.6358669674788 -218.3242436061646
 260.2923619438889 875.5695233716955 -212.9978964670701 -797.3269673824876 -248.9538132741802
 350.6067726261194 700.161050167539 -86.1490481787951 -632.3698954355405 -332.9182764076751
 275.8845291712934 904.7956299156979 -215.2506351719081 -747.6358669674788 -218.3242436061646
 275.8845291712934 904.7956299156979 -215.2506351719081 -747.6358669674788 -218.3242436061646
 362.7068755537886 681.5709757381605 -85.68330670311961 -629.2924808749615 -329.2020968063024
 275.8845291712934 904.7956299156979 -215.2506351719081 -747.6358669674788 -218.3242436061646
 349.6015819344486 700.5565550472957 -87.98384364233046 -629.0107744053387 -331.9708475263887
 275.8845291712934 904.7956299156979 -215.2506351719081 -747.6358669674788 -218.3242436061646
 275.8845291712934 904.7956299156979 -215.2506351719081 -747.6358669674788 -218.3242436061646
 350.684172684752 704.2069350537399 -93.38123230266557 -619.3003027314555 -338.1036294159525
 348.3894004886366 700.2670995728694 -87.49587422766186 -628.5008680658195 -332.3602293110758
 275.8845291712934 904.7956299156979 -215.2506351719081 -747.6358669674788 -218.3242436061646
 349.6015819344486 700.5565550472957 -87.98384364233046 -629.0107744053387 -331.9708475263887
 350.9077464100034 700.543972639132 -86.83218864461293 -633.0475274864799 -333.8459051423964
 275.8845291712934 904.7956299156979 -215.2506351719081 -747.6358669674788 -218.3242436061646
 275.8845291712934 904.7956299156979 -215.2506351719081 -747.6358669674788 -218.3242436061646
 275.8845291712934 904.7956299156979 -215.2506351719081 -747.6358669674788 -218.3242436061646
 349.6015819344486 700.5565550472957 -87.98384364233046 -629.0107744053387 -331.9708475263887
 362.2908114606146 681.9947733287162 -85.3256931663785 -629.4361636232836 -329.7043784632028
 275.8845291712934 904.7956299156979 -215.2506351719081 -747.6358669674788 -218.3242436061646
 275.8845291712934 904.7956299156979 -215.2506351719081 -747.6358669674788 -218.3242436061646
 275.8845291712934 904.7956299156979 -215.2506351719081 -747.6358669674788 -218.3242436061646
 348.3894004886366 700.2670995728694 -87.49587422766186 -628.5008680658195 -332.3602293110758
 275.8845291712934 904.7956299156979 -215.2506351719081 -747.6358669674788 -218.3242436061646
 275.8845291712934 904.7956299156979 -215.2506351719081 -747.6358669674788 -218.3242436061646
 350.684172684752 704.2069350537399 -93.38123230266557 -619.3003027314555 -338.1036294159525
 347.9857205250955 711.8313313980757 -45.26387743888314 -617.0904801580666 -343.2515721665088
 349.6015819344486 700.5565550472957 -87.98384364233046 -629.0107744053387 -331.9708475263887
 363.2244692064522 683.3717155648638 -87.52466282511676 -629.010886007559 -327.6821145351476
 275.8845291712934 904.7956299156979 -215.2506351719081 -747.6358669674788 -218.3242436061646
 275.8845291712934 904.7956299156979 -215.2506351719081 -747.6358669674788 -218.3242436061646
 349.6015819344486 700.5565550472957 -87.98384364233046 -629.0107744053387 -331.9708475263887
 350.0566841363618 702.0979664219619 -86.73541333971855 -629.5017097871607 -331.1759144731316
 362.2908114606146 681.9947733287162 -85.3256931663785 -629.4361636232836 -329.7043784632028
 363.2244692064522 683.3717155648638 -87.52466282511676 -629.010886007559 -327.6821145351476
 275.8845291712934 904.7956299156979 -215.2506351719081 -747.6358669674788 -218.3242436061646
 362.2908114606146 681.9947733287162 -85.3256931663785 -629.4361636232836 -329.7043784632028
 277.4790389489874 904.1953051170284 -216.0126035431265 -745.5956064960714 -218.9813198847033
 361.6856673473882 683.5659329762868 -83.54944788955333 -631.8543698350219 -328.1114232976829
 362.2908114606146 681.9947733287162 -85.3256931663785 -629.4361636232836 -329.7043784632028
 275.8845291712934 904.7956299156979 -215.2506351719081 -747.6358669674788 -218.3242436061646
 362.2908114606146 681.9947733287162 -85.3256931663785 -629.4361636232836 -329.7043784632028
 349.6015819344486 700.5565550472957 -87.98384364233046 -629.0107744053387 -331.9708475263887
 275.8845291712934 904.7956299156979 -215.2506351719081 -747.6358669674788 -218.3242436061646
 277.4790389489874 904.1953051170284 -216.0126035431265 -745.5956064960714 -218.9813198847033
 275.8845291712934 904.7956299156979 -215.2506351719081 -747.6358669674788 -218.3242436061646
 362.2908114606146 681.9947733287162 -85.3256931663785 -629.4361636232836 -329.7043784632028
 361.6856673473882 683.5659329762868 -83.54944788955333 -631.8543698350219 -328.1114232976829
 275.8845291712934 904.7956299156979 -215.2506351719081 -747.6358669674788 -218.3242436061646
 276.0059683209917 905.1657682137328 -215.1241398252418 -747.2462189446431 -219.255565592728
 349.6015819344486 700.5565550472957 -87.98384364233046 -629.0107744053387 -331.9708475263887
 275.8845291712934 904.7956299156979 -215.2506351719081 -747.6358669674788 -218.3242436061646
 362.2908114606146 681.9947733287162 -85.3256931663785 -629.4361636232836 -329.7043784632028
 275.8845291712934 904.7956299156979 -215.2506351719081 -747.6358669674788 -218.3242436061646
 363.2244692064522 683.3717155648638 -87.52466282511676 -629.010886007559 -327.6821145351476
 350.6067726261194 700.161050167539 -86.1490481787951 -632.3698954355405 -332.9182764076751
 275.8845291712934 904.7956299156979 -215.2506351719081 -747.6358669674788 -218.3242436061646
 347.9857205250955 711.8313313980757 -45.26387743888314 -617.0904801580666 -343.2515721665088
 363.2244692064522 683.3717155648638 -87.52466282511676 -629.010886007559 -327.6821145351476
 350.684172684752 704.2069350537399 -93.38123230266557 -619.3003027314555 -338.1036294159525
 275.8845291712934 904.7956299156979 -215.2506351719081 -747.6358669674788 -218.3242436061646
 362.2908114606146 681.9947733287162 -85.3256931663785 -629.4361636232836 -329.7043784632028
 275.8845291712934 904.7956299156979 -215.2506351719081 -747.6358669674788 -218.3242436061646
 362.2908114606146 681.9947733287162 -85.3256931663785 -629.4361636232836 -329.7043784632028
 275.8845291712934 904.7956299156979 -215.2506351719081 -747.6358669674788 -218.3242436061646
 275.8845291712934 904.7956299156979 -215.2506351719081 -747.6358669674788 -218.3242436061646
 275.8845291712934 904.7956299156979 -215.2506351719081 -747.6358669674788 -218.3242436061646
 275.8845291712934 904.7956299156979 -215.2506351719081 -747.6358669674788 -218.3242436061646
 275.8845291712934 904.7956299156979 -215.2506351719081 -747.6358669674788 -218.3242436061646
 362.7068755537886 681.5709757381605 -85.68330670311961 -629.2924808749615 -329.2020968063024
 348.0053263582103 699.8953672323099 -88.84840596151464 -629.5488230198974 -334.0630139091838
 275.8845291712934 904.7956299156979 -215.2506351719081 -747.6358669674788 -218.3242436061646
 349.6015819344486 700.5565550472957 -87.98384364233046 -629.0107744053387 -331.9708475263887
 278.5118589698812 905.8576188017227 -214.7528557966692 -743.1594968997214 -217.8248811248807
 349.6134742957223 701.118215915133 -88.26979149190012 -628.8129633848912 -332.3875504624554
 275.0594024649448 905.0993577505668 -215.257735204783 -747.7311653707937 -218.4156268657358
 362.4544244135162 682.108226740592 -85.35983848680877 -629.3250401362543 -329.2698855476028
 349.7886921107352 701.334905343545 -87.96485605226212 -629.3115258346069 -332.2413834705266
