# Created by Octave 4.2.1, Mon Oct 09 17:07:21 2017 BRT <root@mosqueiro>
# name: pop
# type: matrix
# rows: 100
# columns: 5
 -288.9766869109384 661.0592014742051 -432.9260137876404 124.3443431199585 -63.85057413761285
 -288.9766869109384 661.0592014742051 -432.9260137876404 124.3443431199585 -63.85057413761285
 319.9756114046447 175.5299572625361 8.310470475258398 -830.1191745699726 370.3759767659317
 -288.9766869109384 661.0592014742051 -432.9260137876404 124.3443431199585 -63.85057413761285
 319.9756114046447 175.5299572625361 8.310470475258398 -830.1191745699726 370.3759767659317
 -2222.444294158065 2711.679842491588 -3293.679702265295 -750.5138635216315 2012.382191457446
 -1178.332593543212 -2687.432283602781 3517.243137025118 -2314.017251856452 1276.074782974928
 -339.6261612136516 -259.8395098226632 -544.4840607980061 -245.4285442480767 -6.725585790303626
 -288.9766869109384 661.0592014742051 -432.9260137876404 124.3443431199585 -63.85057413761285
 -288.9766869109384 661.0592014742051 -432.9260137876404 124.3443431199585 -63.85057413761285
 -2222.444294158065 2711.679842491588 -3293.679702265295 -750.5138635216315 2012.382191457446
 -288.9766869109384 661.0592014742051 -432.9260137876404 124.3443431199585 -63.85057413761285
 -288.9766869109384 661.0592014742051 -432.9260137876404 124.3443431199585 -63.85057413761285
 319.9756114046447 175.5299572625361 8.310470475258398 -830.1191745699726 370.3759767659317
 -825.4928664339302 976.3638305174211 673.9156611845642 590.4416086165329 -859.2795990466683
 2535.542812633282 -415.6110496292531 -1498.679863699778 24.90656205441553 -407.2900321001359
 -288.9766869109384 661.0592014742051 -432.9260137876404 124.3443431199585 -63.85057413761285
 -288.9766869109384 661.0592014742051 -432.9260137876404 124.3443431199585 -63.85057413761285
 -1570.40090893041 1982.78171041613 -3107.787174564386 2002.10094800432 1272.593529682267
 -288.9766869109384 661.0592014742051 -432.9260137876404 124.3443431199585 -63.85057413761285
 2154.690076015862 4081.933531443538 -1517.057241209252 -2149.174317471186 1428.35790901372
 -288.9766869109384 661.0592014742051 -432.9260137876404 124.3443431199585 -63.85057413761285
 1121.958178257336 469.8705023588515 -78.97495236086345 -1667.048794893183 858.5997118828813
 -288.9766869109384 661.0592014742051 -432.9260137876404 124.3443431199585 -63.85057413761285
 -288.9766869109384 661.0592014742051 -432.9260137876404 124.3443431199585 -63.85057413761285
 1616.425608983695 -3217.336679219442 -93.22695666458196 290.5928787899194 25.10180681442233
 2154.690076015862 4081.933531443538 -1517.057241209252 -2149.174317471186 1428.35790901372
 -883.2049181913626 1607.775547671483 -2272.316909486428 1144.593215616405 298.2505726710684
 24.58507734498062 -365.4331858284382 -273.7914613022093 -65.66105136664896 633.6638554691669
 -288.9766869109384 661.0592014742051 -432.9260137876404 124.3443431199585 -63.85057413761285
 -1178.332593543212 -2687.432283602781 3517.243137025118 -2314.017251856452 1276.074782974928
 -288.9766869109384 661.0592014742051 -432.9260137876404 124.3443431199585 -63.85057413761285
 -288.9766869109384 661.0592014742051 -432.9260137876404 124.3443431199585 -63.85057413761285
 -288.9766869109384 661.0592014742051 -432.9260137876404 124.3443431199585 -63.85057413761285
 24.58507734498062 -365.4331858284382 -273.7914613022093 -65.66105136664896 633.6638554691669
 1400.515506894572 -1387.381216813473 -3493.837376716001 -440.1036246816032 269.9370067731911
 -288.9766869109384 661.0592014742051 -432.9260137876404 124.3443431199585 -63.85057413761285
 -1715.949329286506 -69.45871008463405 -1839.364476688318 -155.7963258475456 255.9728831736809
 -288.9766869109384 661.0592014742051 -432.9260137876404 124.3443431199585 -63.85057413761285
 319.9756114046447 175.5299572625361 8.310470475258398 -830.1191745699726 370.3759767659317
 -288.9766869109384 661.0592014742051 -432.9260137876404 124.3443431199585 -63.85057413761285
 24.58507734498062 -365.4331858284382 -273.7914613022093 -65.66105136664896 633.6638554691669
 -271.0379025492509 696.9626400830557 -977.5120411968469 230.1427713404962 968.629191727737
 -288.9766869109384 661.0592014742051 -432.9260137876404 124.3443431199585 -63.85057413761285
 2969.730290821794 4574.126851673322 -1406.092192520052 6440.949453448949 -167.2491283487711
 -725.6929512972224 -103.9348060197777 396.0865371118044 -1912.857733805414 3632.201300500967
 -165.3600883516155 3264.876150606956 -732.3105130052832 -928.9382960075509 -5187.178913919935
 -883.2049181913626 1607.775547671483 -2272.316909486428 1144.593215616405 298.2505726710684
 -288.9766869109384 661.0592014742051 -432.9260137876404 124.3443431199585 -63.85057413761285
 -288.9766869109384 661.0592014742051 -432.9260137876404 124.3443431199585 -63.85057413761285
 -288.9766869109384 661.0592014742051 -432.9260137876404 124.3443431199585 -63.85057413761285
 -288.9766869109384 661.0592014742051 -432.9260137876404 124.3443431199585 -63.85057413761285
 -288.9766869109384 661.0592014742051 -432.9260137876404 124.3443431199585 -63.85057413761285
 -288.9766869109384 661.0592014742051 -432.9260137876404 124.3443431199585 -63.85057413761285
 -288.9766869109384 661.0592014742051 -432.9260137876404 124.3443431199585 -63.85057413761285
 -288.9766869109384 661.0592014742051 -432.9260137876404 124.3443431199585 -63.85057413761285
 -288.9766869109384 661.0592014742051 -432.9260137876404 124.3443431199585 -63.85057413761285
 -288.9766869109384 661.0592014742051 -432.9260137876404 124.3443431199585 -63.85057413761285
 -288.9766869109384 661.0592014742051 -432.9260137876404 124.3443431199585 -63.85057413761285
 614.8767300315669 -124.7296436564859 832.6911821541939 -940.4792341836353 -486.5135107517128
 -288.9766869109384 661.0592014742051 -432.9260137876404 124.3443431199585 -63.85057413761285
 -288.9766869109384 661.0592014742051 -432.9260137876404 124.3443431199585 -63.85057413761285
 2969.730290821794 4574.126851673322 -1406.092192520052 6440.949453448949 -167.2491283487711
 -288.9766869109384 661.0592014742051 -432.9260137876404 124.3443431199585 -63.85057413761285
 -2191.542437999656 3266.098995737521 387.2810240939754 3319.055432014288 -897.6707905732059
 24.58507734498062 -365.4331858284382 -273.7914613022093 -65.66105136664896 633.6638554691669
 -288.9766869109384 661.0592014742051 -432.9260137876404 124.3443431199585 -63.85057413761285
 -288.9766869109384 661.0592014742051 -432.9260137876404 124.3443431199585 -63.85057413761285
 24.58507734498062 -365.4331858284382 -273.7914613022093 -65.66105136664896 633.6638554691669
 -288.9766869109384 661.0592014742051 -432.9260137876404 124.3443431199585 -63.85057413761285
 -825.4928664339302 976.3638305174211 673.9156611845642 590.4416086165329 -859.2795990466683
 2969.730290821794 4574.126851673322 -1406.092192520052 6440.949453448949 -167.2491283487711
 -288.9766869109384 661.0592014742051 -432.9260137876404 124.3443431199585 -63.85057413761285
 1790.286266270897 1461.218736165255 -531.5290101995381 3652.010074787504 -2368.454457014943
 -288.9766869109384 661.0592014742051 -432.9260137876404 124.3443431199585 -63.85057413761285
 -288.9766869109384 661.0592014742051 -432.9260137876404 124.3443431199585 -63.85057413761285
 1400.515506894572 -1387.381216813473 -3493.837376716001 -440.1036246816032 269.9370067731911
 -288.9766869109384 661.0592014742051 -432.9260137876404 124.3443431199585 -63.85057413761285
 -288.9766869109384 661.0592014742051 -432.9260137876404 124.3443431199585 -63.85057413761285
 -1178.332593543212 -2687.432283602781 3517.243137025118 -2314.017251856452 1276.074782974928
 1.993582498686237 1218.9412429361 2058.364403970122 -2480.82945863959 -22.00855831779177
 1548.344783987193 2856.85017908828 -4012.268317799379 2630.918530032315 1002.029850011338
 -2454.109105876329 -951.8350149718585 -762.5672060002298 -650.8548542460632 612.876038775648
 -2206.342661993114 1934.576253560938 1724.786851516845 958.7161487319199 -895.4864081650107
