# Created by Octave 4.2.1, Mon Oct 09 17:08:15 2017 BRT <root@mosqueiro>
# name: pop
# type: matrix
# rows: 100
# columns: 5
 -321.6200340840742 346.5263759176294 -85.72445040905696 -283.4267094333344 343.273346105835
 -321.6200340840742 346.5263759176294 -85.72445040905696 -283.4267094333344 343.273346105835
 -325.5135440085846 354.8521097273314 -91.81993765100161 -283.841883403808 345.3604068176763
 -325.5135440085846 354.8521097273314 -91.81993765100161 -283.841883403808 345.3604068176763
 -321.6200340840742 346.5263759176294 -85.72445040905696 -283.4267094333344 343.273346105835
 -321.2819192310895 346.5329995551954 -85.93380989757357 -283.5970179835426 343.5131990763173
 -321.6138484875518 346.5686528569485 -85.73887873274299 -283.4683343921122 343.2787910265347
 -321.6085088441704 346.5671789504737 -85.73898048319823 -283.4682419002572 343.2702919635962
 -325.5135440085846 354.8521097273314 -91.81993765100161 -283.841883403808 345.3604068176763
 -325.5135440085846 354.8521097273314 -91.81993765100161 -283.841883403808 345.3604068176763
 -321.6085088441704 346.5671789504737 -85.73898048319823 -283.4682419002572 343.2702919635962
 -321.6200340840742 346.5263759176294 -85.72445040905696 -283.4267094333344 343.273346105835
 -325.5135440085846 354.8521097273314 -91.81993765100161 -283.841883403808 345.3604068176763
 -321.6200340840742 346.5263759176294 -85.72445040905696 -283.4267094333344 343.273346105835
 -325.5093767497978 354.8594828585091 -91.8238664546618 -283.8427707002198 345.3548473024619
 -321.6085088441704 346.5671789504737 -85.73898048319823 -283.4682419002572 343.2702919635962
 -325.5093767497978 354.8594828585091 -91.8238664546618 -283.8427707002198 345.3548473024619
 -321.5102472811736 346.5894105183879 -85.77131205333794 -283.6090881600907 343.3827117628924
 -325.5135440085846 354.8521097273314 -91.81993765100161 -283.841883403808 345.3604068176763
 -321.6085088441704 346.5671789504737 -85.73898048319823 -283.4682419002572 343.2702919635962
 -325.5201747763886 354.8479468163926 -91.82106345329915 -283.8404516643198 345.3559858465932
 -325.4985626408246 354.9342271702689 -91.82210968446368 -283.770296168209 345.34995112861
 -321.6200340840742 346.5263759176294 -85.72445040905696 -283.4267094333344 343.273346105835
 -321.6200340840742 346.5263759176294 -85.72445040905696 -283.4267094333344 343.273346105835
 -321.4778940437774 346.5558031953517 -85.69010511030099 -283.6246350190594 343.3528232161063
 -321.6200340840742 346.5263759176294 -85.72445040905696 -283.4267094333344 343.273346105835
 -325.5146900020345 354.8533826794833 -91.82295003176785 -283.8379744693321 345.3588872821707
 -321.6200340840742 346.5263759176294 -85.72445040905696 -283.4267094333344 343.273346105835
 -321.6200340840742 346.5263759176294 -85.72445040905696 -283.4267094333344 343.273346105835
 -321.6138484875518 346.5686528569485 -85.73887873274299 -283.4683343921122 343.2787910265347
 -321.6200340840742 346.5263759176294 -85.72445040905696 -283.4267094333344 343.273346105835
 -321.6200340840742 346.5263759176294 -85.72445040905696 -283.4267094333344 343.273346105835
 -325.5157378556024 354.9134964521663 -91.8257950859014 -283.8765307838881 345.3386785671635
 -321.6200340840742 346.5263759176294 -85.72445040905696 -283.4267094333344 343.273346105835
 -325.510491468148 354.855076272819 -91.81815811053237 -283.834492535336 345.365502262473
 -321.6200340840742 346.5263759176294 -85.72445040905696 -283.4267094333344 343.273346105835
 -325.4985626408246 354.9342271702689 -91.82210968446368 -283.770296168209 345.34995112861
 -325.5135440085846 354.8521097273314 -91.81993765100161 -283.841883403808 345.3604068176763
 -325.5135440085846 354.8521097273314 -91.81993765100161 -283.841883403808 345.3604068176763
 -321.6085088441704 346.5671789504737 -85.73898048319823 -283.4682419002572 343.2702919635962
 -321.6085088441704 346.5671789504737 -85.73898048319823 -283.4682419002572 343.2702919635962
 -321.6200340840742 346.5263759176294 -85.72445040905696 -283.4267094333344 343.273346105835
 -321.6200340840742 346.5263759176294 -85.72445040905696 -283.4267094333344 343.273346105835
 -262.2306714726993 364.7773923165431 -51.06514580650062 -368.1840966124439 317.8782913792746
 -264.0820630962835 364.5870192678217 -46.65091594658078 -368.8805266014903 314.5867737243634
 -329.725480256013 352.8027898226292 -89.78176245879443 -280.0143111084408 345.0779385023151
 -321.6200340840742 346.5263759176294 -85.72445040905696 -283.4267094333344 343.273346105835
 -325.5135440085846 354.8521097273314 -91.81993765100161 -283.841883403808 345.3604068176763
 -321.6200340840742 346.5263759176294 -85.72445040905696 -283.4267094333344 343.273346105835
 -321.6085088441704 346.5671789504737 -85.73898048319823 -283.4682419002572 343.2702919635962
 -321.6089293966064 346.5283310030638 -85.74163137116678 -283.4317529714071 343.2779345405651
 -264.0824238893387 364.5890838801988 -46.66341511165314 -368.8823793387031 314.5917035425647
 -325.5135440085846 354.8521097273314 -91.81993765100161 -283.841883403808 345.3604068176763
 -321.6089293966064 346.5283310030638 -85.74163137116678 -283.4317529714071 343.2779345405651
 -321.4972365390531 346.5496563723185 -85.69162107932036 -283.6132789976013 343.3680241501761
 -325.5135440085846 354.8521097273314 -91.81993765100161 -283.841883403808 345.3604068176763
 -321.6200340840742 346.5263759176294 -85.72445040905696 -283.4267094333344 343.273346105835
 -321.4778940437774 346.5558031953517 -85.69010511030099 -283.6246350190594 343.3528232161063
 -325.5135440085846 354.8521097273314 -91.81993765100161 -283.841883403808 345.3604068176763
 -321.6200340840742 346.5263759176294 -85.72445040905696 -283.4267094333344 343.273346105835
 -321.6085088441704 346.5671789504737 -85.73898048319823 -283.4682419002572 343.2702919635962
 -321.6200340840742 346.5263759176294 -85.72445040905696 -283.4267094333344 343.273346105835
 -325.5149557059083 354.8474519759984 -91.81152790944121 -283.8423595513452 345.3601022452941
 -321.6200340840742 346.5263759176294 -85.72445040905696 -283.4267094333344 343.273346105835
 -325.5146900020345 354.8533826794833 -91.82295003176785 -283.8379744693321 345.3588872821707
 -264.0820630962835 364.5870192678217 -46.65091594658078 -368.8805266014903 314.5867737243634
 -321.6200340840742 346.5263759176294 -85.72445040905696 -283.4267094333344 343.273346105835
 -321.6200340840742 346.5263759176294 -85.72445040905696 -283.4267094333344 343.273346105835
 -325.5157378556024 354.9134964521663 -91.8257950859014 -283.8765307838881 345.3386785671635
 -321.6200340840742 346.5263759176294 -85.72445040905696 -283.4267094333344 343.273346105835
 -321.6200340840742 346.5263759176294 -85.72445040905696 -283.4267094333344 343.273346105835
 -325.5135440085846 354.8521097273314 -91.81993765100161 -283.841883403808 345.3604068176763
 -321.6200340840742 346.5263759176294 -85.72445040905696 -283.4267094333344 343.273346105835
 -321.6124558046843 346.5628572336417 -85.73929750016143 -283.4625210700555 343.2641799797298
 -325.5135440085846 354.8521097273314 -91.81993765100161 -283.841883403808 345.3604068176763
 -325.5201747763886 354.8479468163926 -91.82106345329915 -283.8404516643198 345.3559858465932
 -321.4823466092553 346.5364506505706 -85.6948194135429 -283.6177910964803 343.3627847763279
 -321.6200340840742 346.5263759176294 -85.72445040905696 -283.4267094333344 343.273346105835
 -321.5102472811736 346.5894105183879 -85.77131205333794 -283.6090881600907 343.3827117628924
 -321.6200340840742 346.5263759176294 -85.72445040905696 -283.4267094333344 343.273346105835
 -325.51879131043 354.8531297447937 -91.81560443754498 -283.8414525835699 345.3571028688888
 -314.3395580749301 346.835469565096 -98.93086964307049 -285.1656371550305 355.0324928171287
 -321.6150568701153 346.5692260765921 -85.73740059878386 -283.4686061068177 343.2799513310285
 -321.6196896955321 346.5267313882108 -85.72428223191218 -283.4269006528439 343.27413431611
