# Created by Octave 4.2.1, Mon Oct 09 17:08:22 2017 BRT <root@mosqueiro>
# name: pop
# type: matrix
# rows: 100
# columns: 5
 282.6466254218274 906.3067794946598 -215.2625780833953 -744.3451018949722 -219.3898061467679
 282.6466254218274 906.3067794946598 -215.2625780833953 -744.3451018949722 -219.3898061467679
 -242.5766753587266 -731.4459364102736 -585.0669204148724 686.7935743880389 832.1488799356418
 -66.92183153725227 223.9918175622283 708.993341268985 -159.5457728295037 -677.9949406864059
 470.9675995507305 613.4446144798262 556.4901943746406 -328.1133173587457 507.913524761859
 -274.8356789769803 4914.647445701557 -2324.168443106407 1118.402537384506 3771.093022639043
 677.3142851986051 -146.1883222256778 236.8294169003793 414.1935061979236 -233.4506295034114
 -93.59023646726598 594.7817849895791 7.864272784412265 -675.2825765346015 147.9834179188981
 -537.1992020062428 -219.5833504031096 291.727030061679 87.73218262463229 420.8017166838886
 563.5604485891924 562.0938373638535 -460.9865047482656 23.13728240551336 302.9523731003628
 -66.92183153725227 223.9918175622283 708.993341268985 -159.5457728295037 -677.9949406864059
 -93.59023646726598 594.7817849895791 7.864272784412265 -675.2825765346015 147.9834179188981
 -112.9401951817749 456.7318523222143 -546.3148074714293 -279.6520396716184 -151.3362247228686
 -66.92183153725227 223.9918175622283 708.993341268985 -159.5457728295037 -677.9949406864059
 282.6466254218274 906.3067794946598 -215.2625780833953 -744.3451018949722 -219.3898061467679
 -66.92183153725227 223.9918175622283 708.993341268985 -159.5457728295037 -677.9949406864059
 993.4064160046512 426.2361417785082 869.9478025995938 -876.1471819165384 -867.6386990535757
 -93.59023646726598 594.7817849895791 7.864272784412265 -675.2825765346015 147.9834179188981
 -66.92183153725227 223.9918175622283 708.993341268985 -159.5457728295037 -677.9949406864059
 724.9452622634619 844.7143102456412 -907.1958233579572 692.0944807730136 181.2418685083412
 121.3160616196587 -810.896127436798 907.4811402044666 173.8815870259743 -199.5809286360643
 282.6466254218274 906.3067794946598 -215.2625780833953 -744.3451018949722 -219.3898061467679
 -66.92183153725227 223.9918175622283 708.993341268985 -159.5457728295037 -677.9949406864059
 -497.6431769798738 -995.8512948570816 -278.6275212672701 -572.9603143994989 878.3128697768334
 282.6466254218274 906.3067794946598 -215.2625780833953 -744.3451018949722 -219.3898061467679
 282.6466254218274 906.3067794946598 -215.2625780833953 -744.3451018949722 -219.3898061467679
 -242.5766753587266 -731.4459364102736 -585.0669204148724 686.7935743880389 832.1488799356418
 -991.3010027234835 141.1925135440922 811.8428057015942 -86.92873278768991 163.8774108331193
 -242.5766753587266 -731.4459364102736 -585.0669204148724 686.7935743880389 832.1488799356418
 -3511.480283172759 -1359.63836707047 1052.046291544249 -2027.683734287971 2936.125965986264
 282.6466254218274 906.3067794946598 -215.2625780833953 -744.3451018949722 -219.3898061467679
 519.1881607984017 -170.1722159537701 -897.0667289754474 17.25802107036986 954.3807338326062
 -991.3010027234835 141.1925135440922 811.8428057015942 -86.92873278768991 163.8774108331193
 -66.92183153725227 223.9918175622283 708.993341268985 -159.5457728295037 -677.9949406864059
 -112.9401951817749 456.7318523222143 -546.3148074714293 -279.6520396716184 -151.3362247228686
 282.6466254218274 906.3067794946598 -215.2625780833953 -744.3451018949722 -219.3898061467679
 -66.92183153725227 223.9918175622283 708.993341268985 -159.5457728295037 -677.9949406864059
 -66.92183153725227 223.9918175622283 708.993341268985 -159.5457728295037 -677.9949406864059
 -3511.480283172759 -1359.63836707047 1052.046291544249 -2027.683734287971 2936.125965986264
 993.4064160046512 426.2361417785082 869.9478025995938 -876.1471819165384 -867.6386990535757
 -996.7600257053978 190.2545822803818 632.7287079524449 884.1193376769952 -270.7216619503105
 -93.59023646726598 594.7817849895791 7.864272784412265 -675.2825765346015 147.9834179188981
 282.6466254218274 906.3067794946598 -215.2625780833953 -744.3451018949722 -219.3898061467679
 282.6466254218274 906.3067794946598 -215.2625780833953 -744.3451018949722 -219.3898061467679
 282.6466254218274 906.3067794946598 -215.2625780833953 -744.3451018949722 -219.3898061467679
 282.6466254218274 906.3067794946598 -215.2625780833953 -744.3451018949722 -219.3898061467679
 -242.5766753587266 -731.4459364102736 -585.0669204148724 686.7935743880389 832.1488799356418
 282.6466254218274 906.3067794946598 -215.2625780833953 -744.3451018949722 -219.3898061467679
 -242.5766753587266 -731.4459364102736 -585.0669204148724 686.7935743880389 832.1488799356418
 984.3745905593621 -323.0357034557551 -452.9606501394348 482.7367891633578 241.6352888016054
 -3617.019883676172 -3547.975270603187 -713.6225955954719 185.1598144474496 2379.368869436316
 -66.92183153725227 223.9918175622283 708.993341268985 -159.5457728295037 -677.9949406864059
 142.7724977760683 -656.3839252666387 474.6204484051632 -273.610748649623 -682.9860472241937
 993.4064160046512 426.2361417785082 869.9478025995938 -876.1471819165384 -867.6386990535757
 -1086.986157917016 4158.319949353368 896.2112856144879 -337.641954202469 1503.778361871694
 -66.92183153725227 223.9918175622283 708.993341268985 -159.5457728295037 -677.9949406864059
 -1208.936138953882 2283.853876763822 -2246.343326313024 2776.784901274576 -1784.535480639037
 282.6466254218274 906.3067794946598 -215.2625780833953 -744.3451018949722 -219.3898061467679
 -333.5870688755728 734.5287742822461 -429.9944491762296 -16.47201511999435 -338.5796655917662
 282.6466254218274 906.3067794946598 -215.2625780833953 -744.3451018949722 -219.3898061467679
 -66.92183153725227 223.9918175622283 708.993341268985 -159.5457728295037 -677.9949406864059
 -93.59023646726598 594.7817849895791 7.864272784412265 -675.2825765346015 147.9834179188981
 -66.92183153725227 223.9918175622283 708.993341268985 -159.5457728295037 -677.9949406864059
 142.7724977760683 -656.3839252666387 474.6204484051632 -273.610748649623 -682.9860472241937
 -66.92183153725227 223.9918175622283 708.993341268985 -159.5457728295037 -677.9949406864059
 -242.5766753587266 -731.4459364102736 -585.0669204148724 686.7935743880389 832.1488799356418
 -66.92183153725227 223.9918175622283 708.993341268985 -159.5457728295037 -677.9949406864059
 677.3142851986051 -146.1883222256778 236.8294169003793 414.1935061979236 -233.4506295034114
 -991.3010027234835 141.1925135440922 811.8428057015942 -86.92873278768991 163.8774108331193
 993.4064160046512 426.2361417785082 869.9478025995938 -876.1471819165384 -867.6386990535757
 -1086.986157917016 4158.319949353368 896.2112856144879 -337.641954202469 1503.778361871694
 519.1881607984017 -170.1722159537701 -897.0667289754474 17.25802107036986 954.3807338326062
 -66.92183153725227 223.9918175622283 708.993341268985 -159.5457728295037 -677.9949406864059
 -66.92183153725227 223.9918175622283 708.993341268985 -159.5457728295037 -677.9949406864059
 282.6466254218274 906.3067794946598 -215.2625780833953 -744.3451018949722 -219.3898061467679
 121.3160616196587 -810.896127436798 907.4811402044666 173.8815870259743 -199.5809286360643
 -1208.936138953882 2283.853876763822 -2246.343326313024 2776.784901274576 -1784.535480639037
 -66.92183153725227 223.9918175622283 708.993341268985 -159.5457728295037 -677.9949406864059
 -3511.480283172759 -1359.63836707047 1052.046291544249 -2027.683734287971 2936.125965986264
 5209.67254406644 974.3948045017527 2508.039009621765 738.8725923244359 337.4483006337961
 -598.8282636110649 -2826.092511700687 1009.931905299319 -357.0100140449929 -479.8329645625046
 -1735.452354475179 889.5478815241978 -1386.20353346907 721.0885546581637 -8152.263344000115
 697.3064997598667 -392.5345564311647 -1684.4546985178 -3587.264479108024 -991.9588919983519
 -11.1438118525331 -142.2330266655147 -1036.729745277927 3532.307732547698 1447.780108785644
