# Created by Octave 4.2.1, Mon Oct 09 17:06:55 2017 BRT <root@mosqueiro>
# name: pop
# type: matrix
# rows: 100
# columns: 5
 458.6585320637209 -63.34174233924648 -518.5875542202955 738.7709262897456 -581.0494691775859
 458.6585320637209 -63.34174233924648 -518.5875542202955 738.7709262897456 -581.0494691775859
 -547.4530985601768 95.42386109127119 478.3833307123521 -563.1692896339441 590.3060496704363
 -525.1327575431651 712.1808807568025 337.7699801170158 172.6633553916822 -509.0927386764164
 -419.6331416284859 -1974.479222527515 -1152.412152257599 -119.3398170788071 2322.429148478589
 458.6585320637209 -63.34174233924648 -518.5875542202955 738.7709262897456 -581.0494691775859
 458.6585320637209 -63.34174233924648 -518.5875542202955 738.7709262897456 -581.0494691775859
 285.4777379818561 160.7903400906416 -376.6603556475973 996.2981808258003 -621.2506233217405
 196.027898880694 -1497.971641063332 471.7854584272518 -1843.492128577766 -767.4348486222975
 -584.3577878740671 -545.7004367169891 76.59569650015726 305.8020933670923 2927.485612851167
 458.6585320637209 -63.34174233924648 -518.5875542202955 738.7709262897456 -581.0494691775859
 458.6585320637209 -63.34174233924648 -518.5875542202955 738.7709262897456 -581.0494691775859
 458.6585320637209 -63.34174233924648 -518.5875542202955 738.7709262897456 -581.0494691775859
 2970.412174467201 1544.698828200558 1626.17322248823 1740.098574583303 836.6891046032024
 -1274.444805500705 -3792.733345348127 -63.28821184216326 683.5007157724664 -2989.380180752237
 -1141.279043509835 1834.991132234997 509.1827642270094 3196.314855694595 -4626.695253732346
 458.6585320637209 -63.34174233924648 -518.5875542202955 738.7709262897456 -581.0494691775859
 285.4777379818561 160.7903400906416 -376.6603556475973 996.2981808258003 -621.2506233217405
 458.6585320637209 -63.34174233924648 -518.5875542202955 738.7709262897456 -581.0494691775859
 458.6585320637209 -63.34174233924648 -518.5875542202955 738.7709262897456 -581.0494691775859
 458.6585320637209 -63.34174233924648 -518.5875542202955 738.7709262897456 -581.0494691775859
 458.6585320637209 -63.34174233924648 -518.5875542202955 738.7709262897456 -581.0494691775859
 183.929931382953 -1040.651044510984 2086.462268410036 588.6420523958637 -1031.150065428296
 458.6585320637209 -63.34174233924648 -518.5875542202955 738.7709262897456 -581.0494691775859
 735.0922756321961 -317.3621968638005 2875.206402934363 -704.5843814332814 -520.6236522364388
 285.4777379818561 160.7903400906416 -376.6603556475973 996.2981808258003 -621.2506233217405
 285.4777379818561 160.7903400906416 -376.6603556475973 996.2981808258003 -621.2506233217405
 353.4462799194636 310.118160150779 652.581205827355 -1695.633667101546 -716.0229839487669
 458.6585320637209 -63.34174233924648 -518.5875542202955 738.7709262897456 -581.0494691775859
 -700.6373447603983 636.3420564911839 579.2829263023514 266.2841382236745 -825.4225567087169
 458.6585320637209 -63.34174233924648 -518.5875542202955 738.7709262897456 -581.0494691775859
 -1253.451211316973 -604.2597225960726 -1851.744633836187 -510.8671482722966 -1106.196100793357
 630.8429687574073 -194.3621090268412 671.8371153004127 373.3544715133389 -735.101864491383
 630.8429687574073 -194.3621090268412 671.8371153004127 373.3544715133389 -735.101864491383
 458.6585320637209 -63.34174233924648 -518.5875542202955 738.7709262897456 -581.0494691775859
 -752.9515490335954 -3992.842863729089 -400.2561724454281 3922.823653175938 2986.228370192071
 458.6585320637209 -63.34174233924648 -518.5875542202955 738.7709262897456 -581.0494691775859
 183.929931382953 -1040.651044510984 2086.462268410036 588.6420523958637 -1031.150065428296
 458.6585320637209 -63.34174233924648 -518.5875542202955 738.7709262897456 -581.0494691775859
 458.6585320637209 -63.34174233924648 -518.5875542202955 738.7709262897456 -581.0494691775859
 183.929931382953 -1040.651044510984 2086.462268410036 588.6420523958637 -1031.150065428296
 -991.6299526886266 934.9922478446474 800.7137495803565 317.8244831754785 613.1803454931653
 735.0922756321961 -317.3621968638005 2875.206402934363 -704.5843814332814 -520.6236522364388
 458.6585320637209 -63.34174233924648 -518.5875542202955 738.7709262897456 -581.0494691775859
 458.6585320637209 -63.34174233924648 -518.5875542202955 738.7709262897456 -581.0494691775859
 458.6585320637209 -63.34174233924648 -518.5875542202955 738.7709262897456 -581.0494691775859
 458.6585320637209 -63.34174233924648 -518.5875542202955 738.7709262897456 -581.0494691775859
 458.6585320637209 -63.34174233924648 -518.5875542202955 738.7709262897456 -581.0494691775859
 458.6585320637209 -63.34174233924648 -518.5875542202955 738.7709262897456 -581.0494691775859
 458.6585320637209 -63.34174233924648 -518.5875542202955 738.7709262897456 -581.0494691775859
 458.6585320637209 -63.34174233924648 -518.5875542202955 738.7709262897456 -581.0494691775859
 458.6585320637209 -63.34174233924648 -518.5875542202955 738.7709262897456 -581.0494691775859
 458.6585320637209 -63.34174233924648 -518.5875542202955 738.7709262897456 -581.0494691775859
 -700.6373447603983 636.3420564911839 579.2829263023514 266.2841382236745 -825.4225567087169
 -1128.876409727579 1714.921481681608 471.306330912677 -2357.54290001543 1908.660467821183
 -584.3577878740671 -545.7004367169891 76.59569650015726 305.8020933670923 2927.485612851167
 458.6585320637209 -63.34174233924648 -518.5875542202955 738.7709262897456 -581.0494691775859
 458.6585320637209 -63.34174233924648 -518.5875542202955 738.7709262897456 -581.0494691775859
 458.6585320637209 -63.34174233924648 -518.5875542202955 738.7709262897456 -581.0494691775859
 458.6585320637209 -63.34174233924648 -518.5875542202955 738.7709262897456 -581.0494691775859
 458.6585320637209 -63.34174233924648 -518.5875542202955 738.7709262897456 -581.0494691775859
 183.929931382953 -1040.651044510984 2086.462268410036 588.6420523958637 -1031.150065428296
 735.0922756321961 -317.3621968638005 2875.206402934363 -704.5843814332814 -520.6236522364388
 285.4777379818561 160.7903400906416 -376.6603556475973 996.2981808258003 -621.2506233217405
 458.6585320637209 -63.34174233924648 -518.5875542202955 738.7709262897456 -581.0494691775859
 458.6585320637209 -63.34174233924648 -518.5875542202955 738.7709262897456 -581.0494691775859
 -1319.638876854404 258.5148928190667 1420.649976976515 225.6455981834603 -274.9071133144589
 735.0922756321961 -317.3621968638005 2875.206402934363 -704.5843814332814 -520.6236522364388
 -1120.324029103175 -85.08982222062832 2114.02976671781 3245.566897763728 -1734.940990734775
 458.6585320637209 -63.34174233924648 -518.5875542202955 738.7709262897456 -581.0494691775859
 458.6585320637209 -63.34174233924648 -518.5875542202955 738.7709262897456 -581.0494691775859
 458.6585320637209 -63.34174233924648 -518.5875542202955 738.7709262897456 -581.0494691775859
 458.6585320637209 -63.34174233924648 -518.5875542202955 738.7709262897456 -581.0494691775859
 458.6585320637209 -63.34174233924648 -518.5875542202955 738.7709262897456 -581.0494691775859
 458.6585320637209 -63.34174233924648 -518.5875542202955 738.7709262897456 -581.0494691775859
 458.6585320637209 -63.34174233924648 -518.5875542202955 738.7709262897456 -581.0494691775859
 458.6585320637209 -63.34174233924648 -518.5875542202955 738.7709262897456 -581.0494691775859
 458.6585320637209 -63.34174233924648 -518.5875542202955 738.7709262897456 -581.0494691775859
 -419.6331416284859 -1974.479222527515 -1152.412152257599 -119.3398170788071 2322.429148478589
 458.6585320637209 -63.34174233924648 -518.5875542202955 738.7709262897456 -581.0494691775859
 2200.669960223099 439.3379990661649 416.4352115188648 1536.467169006978 -711.7724786180953
 -8.033614972784733 -0.5035694428885478 -85.03466521154741 -590.0585734505721 1997.490985865845
 -770.4817232223691 -584.3927215447023 -56.26677813314154 -368.4788126799839 -233.7880806297994
 1314.935519269062 -530.3557320454352 -1248.588382208779 1247.603780222457 -272.6174882210147
