# Created by Octave 4.2.1, Mon Oct 09 17:07:37 2017 BRT <root@mosqueiro>
# name: pop
# type: matrix
# rows: 100
# columns: 5
 -288.4211557226556 656.6012955359474 -434.9567751497931 128.6957657216784 -62.62423162486579
 -288.9766869109384 661.0592014742051 -432.9260137876404 124.3443431199585 -63.85057413761285
 -288.9766869109384 661.0592014742051 -432.9260137876404 124.3443431199585 -63.85057413761285
 -288.9766869109384 661.0592014742051 -432.9260137876404 124.3443431199585 -63.85057413761285
 -288.9766869109384 661.0592014742051 -432.9260137876404 124.3443431199585 -63.85057413761285
 -288.3306850880298 656.7140311154441 -429.5562548351966 112.9887963333043 -64.77181688031231
 -288.9766869109384 661.0592014742051 -432.9260137876404 124.3443431199585 -63.85057413761285
 -287.5659630789035 660.9729412078215 -433.6943359938261 125.5759205342261 -67.91935300962439
 -246.267871440527 662.7753213918073 -484.4040982679267 154.6094333186338 -77.75769537944132
 -288.9766869109384 661.0592014742051 -432.9260137876404 124.3443431199585 -63.85057413761285
 -273.7629291389759 758.7222661596496 -538.435398619712 281.1352681318822 -73.53011096700108
 -288.9766869109384 661.0592014742051 -432.9260137876404 124.3443431199585 -63.85057413761285
 -288.9766869109384 661.0592014742051 -432.9260137876404 124.3443431199585 -63.85057413761285
 -278.4349452788692 755.712086331283 -545.5485135118884 278.5354933876221 -70.83896155517762
 -288.9766869109384 661.0592014742051 -432.9260137876404 124.3443431199585 -63.85057413761285
 -288.9766869109384 661.0592014742051 -432.9260137876404 124.3443431199585 -63.85057413761285
 -288.9766869109384 661.0592014742051 -432.9260137876404 124.3443431199585 -63.85057413761285
 -288.9766869109384 661.0592014742051 -432.9260137876404 124.3443431199585 -63.85057413761285
 -288.9766869109384 661.0592014742051 -432.9260137876404 124.3443431199585 -63.85057413761285
 -288.9766869109384 661.0592014742051 -432.9260137876404 124.3443431199585 -63.85057413761285
 -288.9766869109384 661.0592014742051 -432.9260137876404 124.3443431199585 -63.85057413761285
 -289.4104512053199 666.0556405535694 -429.3950602347306 121.0813149505387 -73.06740842562667
 -226.1360131010283 649.0387581457782 -468.9100226818125 140.4385121854381 -103.8818015768984
 -288.9766869109384 661.0592014742051 -432.9260137876404 124.3443431199585 -63.85057413761285
 -288.9766869109384 661.0592014742051 -432.9260137876404 124.3443431199585 -63.85057413761285
 -288.9766869109384 661.0592014742051 -432.9260137876404 124.3443431199585 -63.85057413761285
 -288.9766869109384 661.0592014742051 -432.9260137876404 124.3443431199585 -63.85057413761285
 -288.9766869109384 661.0592014742051 -432.9260137876404 124.3443431199585 -63.85057413761285
 -288.9766869109384 661.0592014742051 -432.9260137876404 124.3443431199585 -63.85057413761285
 -288.4211557226556 656.6012955359474 -434.9567751497931 128.6957657216784 -62.62423162486579
 -226.1360131010283 649.0387581457782 -468.9100226818125 140.4385121854381 -103.8818015768984
 -288.9766869109384 661.0592014742051 -432.9260137876404 124.3443431199585 -63.85057413761285
 -288.3306850880298 656.7140311154441 -429.5562548351966 112.9887963333043 -64.77181688031231
 -292.8289045223714 653.2167712637558 -442.1990330536475 138.4102575342383 -65.59198932545443
 -288.9766869109384 661.0592014742051 -432.9260137876404 124.3443431199585 -63.85057413761285
 -288.4211557226556 656.6012955359474 -434.9567751497931 128.6957657216784 -62.62423162486579
 -293.3114560713544 661.6063219332079 -436.5060091640628 122.5537429325209 -64.76171259513485
 -307.0947136689298 673.9809208019507 -410.0881345658528 150.8726130122877 -91.75110498323758
 -284.2258746943394 654.5720505214738 -432.5899369137612 123.2227906799495 -66.46936174160618
 -288.9766869109384 661.0592014742051 -432.9260137876404 124.3443431199585 -63.85057413761285
 -288.9766869109384 661.0592014742051 -432.9260137876404 124.3443431199585 -63.85057413761285
 -288.9766869109384 661.0592014742051 -432.9260137876404 124.3443431199585 -63.85057413761285
 -288.9766869109384 661.0592014742051 -432.9260137876404 124.3443431199585 -63.85057413761285
 -288.9766869109384 661.0592014742051 -432.9260137876404 124.3443431199585 -63.85057413761285
 -288.9766869109384 661.0592014742051 -432.9260137876404 124.3443431199585 -63.85057413761285
 -288.9766869109384 661.0592014742051 -432.9260137876404 124.3443431199585 -63.85057413761285
 -284.2258746943394 654.5720505214738 -432.5899369137612 123.2227906799495 -66.46936174160618
 -288.9766869109384 661.0592014742051 -432.9260137876404 124.3443431199585 -63.85057413761285
 -288.9766869109384 661.0592014742051 -432.9260137876404 124.3443431199585 -63.85057413761285
 -288.1716026182542 660.0658994154184 -434.9210998431202 126.9746260511319 -70.38372356277398
 -288.9766869109384 661.0592014742051 -432.9260137876404 124.3443431199585 -63.85057413761285
 -288.9766869109384 661.0592014742051 -432.9260137876404 124.3443431199585 -63.85057413761285
 -288.9766869109384 661.0592014742051 -432.9260137876404 124.3443431199585 -63.85057413761285
 -288.9766869109384 661.0592014742051 -432.9260137876404 124.3443431199585 -63.85057413761285
 -288.1716026182542 660.0658994154184 -434.9210998431202 126.9746260511319 -70.38372356277398
 -288.9766869109384 661.0592014742051 -432.9260137876404 124.3443431199585 -63.85057413761285
 -288.9766869109384 661.0592014742051 -432.9260137876404 124.3443431199585 -63.85057413761285
 -281.4384793865356 655.733575672303 -422.5868805636132 134.9043806115568 -67.76337905792944
 -288.7841524085294 664.9396019973391 -436.4124099135858 128.1107103205682 -65.62769500189285
 -288.9766869109384 661.0592014742051 -432.9260137876404 124.3443431199585 -63.85057413761285
 -288.9766869109384 661.0592014742051 -432.9260137876404 124.3443431199585 -63.85057413761285
 -288.9766869109384 661.0592014742051 -432.9260137876404 124.3443431199585 -63.85057413761285
 -293.3114560713544 661.6063219332079 -436.5060091640628 122.5537429325209 -64.76171259513485
 -287.5659630789035 660.9729412078215 -433.6943359938261 125.5759205342261 -67.91935300962439
 -307.0947136689298 673.9809208019507 -410.0881345658528 150.8726130122877 -91.75110498323758
 -288.9766869109384 661.0592014742051 -432.9260137876404 124.3443431199585 -63.85057413761285
 -288.9766869109384 661.0592014742051 -432.9260137876404 124.3443431199585 -63.85057413761285
 -288.9766869109384 661.0592014742051 -432.9260137876404 124.3443431199585 -63.85057413761285
 -288.9766869109384 661.0592014742051 -432.9260137876404 124.3443431199585 -63.85057413761285
 -278.3586375283682 625.6320042603541 -427.6762778631131 147.8321549457305 -30.2801991562353
 -288.9766869109384 661.0592014742051 -432.9260137876404 124.3443431199585 -63.85057413761285
 -288.9766869109384 661.0592014742051 -432.9260137876404 124.3443431199585 -63.85057413761285
 -287.8710898601373 665.5429534956708 -422.9006223125922 124.7305512190287 -59.94497209348933
 -288.9766869109384 661.0592014742051 -432.9260137876404 124.3443431199585 -63.85057413761285
 -288.9766869109384 661.0592014742051 -432.9260137876404 124.3443431199585 -63.85057413761285
 -288.9766869109384 661.0592014742051 -432.9260137876404 124.3443431199585 -63.85057413761285
 -288.4211557226556 656.6012955359474 -434.9567751497931 128.6957657216784 -62.62423162486579
 -288.9766869109384 661.0592014742051 -432.9260137876404 124.3443431199585 -63.85057413761285
 -278.3586375283682 625.6320042603541 -427.6762778631131 147.8321549457305 -30.2801991562353
 -288.9766869109384 661.0592014742051 -432.9260137876404 124.3443431199585 -63.85057413761285
 -290.9421463406086 658.7480923313997 -433.8021585126374 121.9270625925814 -62.97032070446248
 -289.384564571774 657.4647969493624 -437.5636572628828 128.0986260245368 -65.63308300886091
 -288.6489311462895 663.0528459990591 -423.3378800274419 124.9442422892871 -58.98244887690473
