# Created by Octave 4.2.1, Mon Oct 09 17:07:48 2017 BRT <root@mosqueiro>
# name: pop
# type: matrix
# rows: 100
# columns: 5
 -426.0763577328687 76.43290907526671 -152.4706173478327 379.9614250829266 -407.7981240687659
 516.5051980954233 23.39217250706895 -882.3026442062391 -954.7419208247348 -151.8452283707704
 -198.4653472057928 494.6898854511403 783.1602292593809 480.7082603814204 700.9882833613731
 978.0715810897743 -865.8417250487857 456.0571111427741 -889.0006017960311 101.7645577429764
 768.7082506434326 -794.8257998154889 128.461550729505 523.5258634913794 180.5046544961701
 571.925613774464 -553.4315501946039 716.5418432376885 -93.28857601636741 -781.4660506902153
 888.3571760677016 -379.3887953679106 413.0332239986483 -941.5117198139867 -320.3056552896811
 -487.3092679631327 988.827519224292 379.950404350524 541.4127632328932 -136.9620068240143
 721.282081292806 263.4210877995051 580.7635814512751 979.2067258857908 634.4913144635286
 -365.2875658958758 339.9932517284569 -87.81481188533132 -850.5797825480795 -689.7446126737502
 112.2344426402387 -959.9996903167215 569.2475751358579 79.21035300373433 596.502852016512
 -77.40224476227343 -582.2679124538417 756.7113175767136 693.3832114853433 -31.48025708314754
 311.3588163297234 895.6478534026194 868.8390700390512 -39.6567018529513 369.896455911409
 -915.2004483619353 -218.5684690095368 450.1060098450284 852.2361166628457 666.4243318322469
 118.5874220508554 395.4231474596838 876.7247010891374 846.735687171034 -433.7321162887665
 -959.9383471987456 872.581323951151 497.3503740161077 -380.2139586798779 822.0016545205674
 563.0510017308698 887.1563369993603 188.6216354792962 688.7634775164283 793.4255024783542
 -485.0929216339174 436.0236757022292 888.5008710474567 954.2843825398572 676.851626634631
 -558.2525626388756 -882.4301724483312 -746.0002075956484 222.2905220253042 286.7923286404505
 -331.3687308986125 -955.4338132658258 686.3263627859735 -904.091163485942 517.4601005326826
 434.8178090977806 -767.8985967922674 558.4780127386514 -203.3503389676054 982.4056905517016
 658.4691223023065 851.3656883587259 814.297514347305 589.1851971250658 -28.37118873080328
 571.7210481412133 -42.34122810695317 -620.0971968105237 -822.8471813413331 47.19266024121475
 -983.5037858035763 349.2773979611959 609.5466958628863 -121.1094689248749 615.4587491336877
 -502.1670895878717 -799.5347853801575 -105.3011698297969 849.8082038237587 -646.5174635351111
 870.305700455086 414.2730132000527 -378.7525084809821 567.3997237424387 720.3229524826118
 -750.4972119620287 641.5237136481767 247.5554914457161 215.3637101351756 -204.1754529696286
 224.9462100190544 315.7644882646177 509.3372575452736 998.2441719563685 -174.8818071032902
 646.222964522683 100.9988247243398 -908.9353214760198 827.2325904796369 -621.6986437769258
 -99.79175482459095 143.2266514553423 -637.7259505236589 -798.7469464059593 -320.0073318346591
 -761.1713575516895 -134.8358663353949 -936.6532414437933 762.3386189657792 -76.90634863852938
 795.565826470104 -500.0716346405391 -788.0665618347297 -774.4786399284113 -612.3468456488338
 -773.4737234511832 790.086552707487 -467.8542939490716 -738.3189445240137 178.8337212079705
 683.9342884583543 -684.2629217020319 399.6518584605519 -24.22735574928788 852.4377712415137
 409.6933139847422 -241.6298875098558 -536.343853118319 -454.3718167887005 332.4913729122363
 -90.37311331258832 83.93882791094006 -947.6576332809644 924.9837186594248 370.2363859255681
 340.8939357748475 750.0884550844448 983.0673325272141 328.8744020104386 555.7933623320282
 601.9375035771734 223.6363122857294 -174.8701728044165 -18.32174139333779 -458.6905634020956
 -561.665056111991 -174.7625832843162 -880.5093051395917 -22.32047116475565 86.74648486020055
 -891.0797008245701 638.4484198817759 7.570651220664104 97.90665750146422 -498.6167089837571
 764.6646999878515 579.1742277023111 208.3551042250065 837.5569189441003 954.5610311619848
 384.6979911202673 715.8321750854016 901.6140925297664 -738.1696428331007 -612.9254995583651
 -837.5013936868579 263.7317132848721 829.8257843120355 -611.7606024901045 -148.6740412109019
 23.3857366175647 827.6371374693576 679.3892908959581 -363.8462369384984 869.7357921878056
 298.5010445281061 -504.6091320858502 20.55524152371117 529.0750357370309 97.52127214207394
 -325.2790696857643 354.9873460297069 -90.51417018330801 -282.7036551905843 344.9241630361785
 -382.3170856606367 -923.8658921258628 384.2127574129474 459.9395376993507 -981.5233738709345
 341.7645982356437 811.7525750981829 471.649251497568 582.1271898354396 -270.6791256353844
 960.2354146267198 86.27805043909689 833.2047137032159 -285.6401751128329 -169.8660963923443
 -919.6512653183134 964.3751387830457 913.6920780741248 50.33032543850186 421.4325856904941
 496.1591676162245 819.7165851675816 65.85369753358964 410.4132152866541 -403.4396697016998
 -311.9986460572995 -201.450802601275 -272.8729766839141 -143.3893834442011 654.3170448381316
 108.6844076100042 -961.9379437013504 -548.3769665859131 367.8997771491752 -532.0895485928468
 -822.3848986614736 746.4658156923088 630.7874904592679 -207.5144673626198 -390.6991996621766
 -572.4309141091725 587.2524063829085 -540.9706423330732 65.0497702317225 272.4875466139522
 -643.6520306481847 -794.4949998299868 -739.8199325129563 219.4853371244646 -772.1589001469644
 -104.4255454614159 943.7654187738849 -583.7786937239805 -917.2465820169343 -163.1879949779035
 -858.496575181671 378.1384512011293 124.7259110441696 771.930361876616 -23.48005046413982
 567.5920976722398 760.0831061597773 -303.4278416908824 -666.1795087291564 -67.85071577703616
 295.0279106455941 524.0620568495253 -111.2780542403609 -495.7408111009588 598.284079956306
 -533.2205941893756 -199.7597964308839 -532.4752635688201 916.1894458887848 65.55808121381642
 -264.3406812356083 -334.7321661788473 -443.8943125076808 -354.5977273178801 808.3520787635405
 -117.6755877861196 -757.2770077829624 830.9275024129468 -528.2619027785922 605.5519445185878
 -588.6332783527545 492.0545063520071 -354.0242079076924 151.9959116062641 -521.0267898764786
 16.73472092842121 280.7540309614506 -313.5384284196475 -992.4897072106539 -344.2359102756631
 -964.3928724097423 -932.4813677343561 399.3133152608677 -443.0375914957007 836.0036930907986
 135.6167680603705 -668.8885108202866 602.5112592828179 789.5249737939478 -713.9519255326375
 467.5947225759667 -637.3268422842943 966.1598332548367 -640.671141112774 230.5152754977012
 286.6882789261315 -250.6687106384867 897.3599181353165 -670.4069794855604 -715.8347528401944
 -194.3288636447663 763.4399308504201 145.9552829929185 -515.8499514178826 685.21544215925
 -378.9344993311686 -415.2087828691507 -641.9932607292366 -579.7238966989439 573.9197071348042
 -443.2360618241543 38.33967517012775 577.5776084214438 -706.4264241319777 815.5640025909884
 -991.0304471042991 -229.2915320837675 -101.4159527456918 944.070713644192 92.96787492874478
 320.5892114675271 412.4526122821255 -273.1981635483368 635.8834524145573 512.5836248521539
 630.1155741904538 -643.3261025114699 578.140228401254 -578.6862602785948 -743.1947239288331
 533.1639654045425 519.0489537036981 -666.6337845034873 -587.9945717091169 731.0774152379945
 -735.0657778428994 359.4241547120059 -828.9080505464982 -703.6980411749828 -259.9213028154369
 -626.9054724924554 633.6574017094952 -476.9190027683262 505.9672048342941 40.37259432084829
 -935.9669785826471 -12.6323540817034 -344.7287500277486 781.9026219785258 -293.3032240407464
 579.6703104663459 -979.4678268137839 482.964807784922 493.5802935918221 -327.7891676685562
 -158.0247346873874 -373.0574792040126 -25.00453539699333 286.2402583310004 -262.3202954485486
 -782.2104125609653 387.304195444347 -444.0159051312183 -699.0634441552107 263.8785002345558
 -332.1005593052647 836.7538659045947 560.8047913215041 -383.9561181278474 126.5303901971367
 633.5906257172444 -984.9823647944135 991.7378522785007 -561.3678317376553 606.5555617259643
