# Created by Octave 4.2.1, Mon Oct 09 17:05:51 2017 BRT <root@mosqueiro>
# name: pop
# type: matrix
# rows: 100
# columns: 5
 560.5881087202872 -215.4828132724439 -19.72543151784976 -129.2700558841981 -194.4030114807059
 560.5881087202872 -215.4828132724439 -19.72543151784976 -129.2700558841981 -194.4030114807059
 560.5881087202872 -215.4828132724439 -19.72543151784976 -129.2700558841981 -194.4030114807059
 -300.986725822841 -1584.083375376586 -2873.869730096803 -1362.314312484591 -1759.691483215692
 -221.4959220648453 -52.71766035371468 87.03660479664065 -2838.215271502559 -991.5456593571045
 560.5881087202872 -215.4828132724439 -19.72543151784976 -129.2700558841981 -194.4030114807059
 2390.84845352043 2782.67000151014 1215.961425248069 1404.731960195836 -109.5191297478451
 560.5881087202872 -215.4828132724439 -19.72543151784976 -129.2700558841981 -194.4030114807059
 560.5881087202872 -215.4828132724439 -19.72543151784976 -129.2700558841981 -194.4030114807059
 671.2031408035537 -2117.998754165074 2122.425155677837 1501.542262489399 -760.6086843477779
 560.5881087202872 -215.4828132724439 -19.72543151784976 -129.2700558841981 -194.4030114807059
 -3020.8588357861 3099.913861411796 -2998.958642375379 409.2163696412536 -1351.973530047339
 3987.665971539971 -183.0538575525735 -280.619030262292 314.5159833505324 -1500.229046125403
 560.5881087202872 -215.4828132724439 -19.72543151784976 -129.2700558841981 -194.4030114807059
 -2120.338865458194 2652.905972339153 234.5417142889586 3500.531813769579 9.848184539975932
 560.5881087202872 -215.4828132724439 -19.72543151784976 -129.2700558841981 -194.4030114807059
 560.5881087202872 -215.4828132724439 -19.72543151784976 -129.2700558841981 -194.4030114807059
 560.5881087202872 -215.4828132724439 -19.72543151784976 -129.2700558841981 -194.4030114807059
 560.5881087202872 -215.4828132724439 -19.72543151784976 -129.2700558841981 -194.4030114807059
 1476.790234054557 1608.846344649412 -1116.02461562509 -3367.653648422752 1113.199244245092
 -4670.823403947203 -2143.935737213353 -524.2875477947736 2131.920413039156 -1602.503395158935
 1689.504338896601 -2394.526261675167 -371.7463330068024 1009.564888345205 77.41122694885971
 560.5881087202872 -215.4828132724439 -19.72543151784976 -129.2700558841981 -194.4030114807059
 560.5881087202872 -215.4828132724439 -19.72543151784976 -129.2700558841981 -194.4030114807059
 560.5881087202872 -215.4828132724439 -19.72543151784976 -129.2700558841981 -194.4030114807059
 560.5881087202872 -215.4828132724439 -19.72543151784976 -129.2700558841981 -194.4030114807059
 579.9105498711031 -298.4841783193527 201.8883407208616 -98.36753372050975 -644.5059556376077
 560.5881087202872 -215.4828132724439 -19.72543151784976 -129.2700558841981 -194.4030114807059
 560.5881087202872 -215.4828132724439 -19.72543151784976 -129.2700558841981 -194.4030114807059
 1476.790234054557 1608.846344649412 -1116.02461562509 -3367.653648422752 1113.199244245092
 560.5881087202872 -215.4828132724439 -19.72543151784976 -129.2700558841981 -194.4030114807059
 560.5881087202872 -215.4828132724439 -19.72543151784976 -129.2700558841981 -194.4030114807059
 560.5881087202872 -215.4828132724439 -19.72543151784976 -129.2700558841981 -194.4030114807059
 560.5881087202872 -215.4828132724439 -19.72543151784976 -129.2700558841981 -194.4030114807059
 -710.657841820062 531.0537740170644 -470.5359643342824 392.7591994837339 208.2496982342811
 -300.986725822841 -1584.083375376586 -2873.869730096803 -1362.314312484591 -1759.691483215692
 1689.504338896601 -2394.526261675167 -371.7463330068024 1009.564888345205 77.41122694885971
 54.4271052320251 867.40501478006 -1519.492623299118 -1370.906261733908 462.9203084868157
 50.52708775838539 1814.92086023181 -519.8092193939999 2203.59053562928 3006.908820351202
 560.5881087202872 -215.4828132724439 -19.72543151784976 -129.2700558841981 -194.4030114807059
 560.5881087202872 -215.4828132724439 -19.72543151784976 -129.2700558841981 -194.4030114807059
 671.2031408035537 -2117.998754165074 2122.425155677837 1501.542262489399 -760.6086843477779
 560.5881087202872 -215.4828132724439 -19.72543151784976 -129.2700558841981 -194.4030114807059
 -925.9627821041951 -33.04835317575089 -89.9178239514921 923.1718237354667 175.6436132977217
 671.2031408035537 -2117.998754165074 2122.425155677837 1501.542262489399 -760.6086843477779
 560.5881087202872 -215.4828132724439 -19.72543151784976 -129.2700558841981 -194.4030114807059
 560.5881087202872 -215.4828132724439 -19.72543151784976 -129.2700558841981 -194.4030114807059
 560.5881087202872 -215.4828132724439 -19.72543151784976 -129.2700558841981 -194.4030114807059
 560.5881087202872 -215.4828132724439 -19.72543151784976 -129.2700558841981 -194.4030114807059
 560.5881087202872 -215.4828132724439 -19.72543151784976 -129.2700558841981 -194.4030114807059
 -1511.002987537835 -1342.585910785321 -1252.37282863501 4195.797976931262 -948.0834885596148
 -4670.823403947203 -2143.935737213353 -524.2875477947736 2131.920413039156 -1602.503395158935
 560.5881087202872 -215.4828132724439 -19.72543151784976 -129.2700558841981 -194.4030114807059
 -925.9627821041951 -33.04835317575089 -89.9178239514921 923.1718237354667 175.6436132977217
 560.5881087202872 -215.4828132724439 -19.72543151784976 -129.2700558841981 -194.4030114807059
 560.5881087202872 -215.4828132724439 -19.72543151784976 -129.2700558841981 -194.4030114807059
 671.2031408035537 -2117.998754165074 2122.425155677837 1501.542262489399 -760.6086843477779
 560.5881087202872 -215.4828132724439 -19.72543151784976 -129.2700558841981 -194.4030114807059
 560.5881087202872 -215.4828132724439 -19.72543151784976 -129.2700558841981 -194.4030114807059
 560.5881087202872 -215.4828132724439 -19.72543151784976 -129.2700558841981 -194.4030114807059
 560.5881087202872 -215.4828132724439 -19.72543151784976 -129.2700558841981 -194.4030114807059
 1689.504338896601 -2394.526261675167 -371.7463330068024 1009.564888345205 77.41122694885971
 560.5881087202872 -215.4828132724439 -19.72543151784976 -129.2700558841981 -194.4030114807059
 1643.896870783596 826.6772416038766 -1976.07092544876 1263.170432051043 775.6033125701321
 560.5881087202872 -215.4828132724439 -19.72543151784976 -129.2700558841981 -194.4030114807059
 560.5881087202872 -215.4828132724439 -19.72543151784976 -129.2700558841981 -194.4030114807059
 3499.181583978301 -599.6233212727604 184.6466244916091 -1750.620541502737 -1416.640969343355
 560.5881087202872 -215.4828132724439 -19.72543151784976 -129.2700558841981 -194.4030114807059
 1476.790234054557 1608.846344649412 -1116.02461562509 -3367.653648422752 1113.199244245092
 560.5881087202872 -215.4828132724439 -19.72543151784976 -129.2700558841981 -194.4030114807059
 560.5881087202872 -215.4828132724439 -19.72543151784976 -129.2700558841981 -194.4030114807059
 -1145.656425029084 -908.9154485148584 1285.575420242172 1920.069081511601 574.7240905893999
 560.5881087202872 -215.4828132724439 -19.72543151784976 -129.2700558841981 -194.4030114807059
 -996.8014230014289 725.8349966696998 -3482.021355961995 2414.366908976461 948.1430205692335
 1476.790234054557 1608.846344649412 -1116.02461562509 -3367.653648422752 1113.199244245092
 560.5881087202872 -215.4828132724439 -19.72543151784976 -129.2700558841981 -194.4030114807059
 560.5881087202872 -215.4828132724439 -19.72543151784976 -129.2700558841981 -194.4030114807059
 560.5881087202872 -215.4828132724439 -19.72543151784976 -129.2700558841981 -194.4030114807059
 560.5881087202872 -215.4828132724439 -19.72543151784976 -129.2700558841981 -194.4030114807059
 560.5881087202872 -215.4828132724439 -19.72543151784976 -129.2700558841981 -194.4030114807059
 1996.346993874229 2202.633149350283 956.8906419621525 318.4338434691639 -882.5315242062899
 93.53911652806437 -880.1239820818964 -118.7260884435102 -992.0959311033257 1600.679508685032
 -1320.468532027507 -1397.22186468117 617.0120850038097 -2096.716005818119 618.7095179351747
