# Created by Octave 4.2.1, Mon Oct 09 17:06:11 2017 BRT <root@mosqueiro>
# name: pop
# type: matrix
# rows: 100
# columns: 5
 509.9426130968477 -235.5369139809783 23.79305700658668 -154.1539550880714 -145.0675856550722
 509.9426130968477 -235.5369139809783 23.79305700658668 -154.1539550880714 -145.0675856550722
 510.0429455415844 -235.4629319964141 23.72264240964136 -154.3803696808851 -144.9491437238356
 509.9426130968477 -235.5369139809783 23.79305700658668 -154.1539550880714 -145.0675856550722
 510.0473372065255 -235.4457840946191 23.71555719572271 -154.3549732331991 -144.9620417237626
 509.8444946292361 -235.3805866680544 23.75342849651146 -154.7718436292259 -144.7259802449817
 510.0473372065255 -235.4457840946191 23.71555719572271 -154.3549732331991 -144.9620417237626
 564.1071774813291 -258.0802621244715 -51.19745103847728 -33.07661061845972 -222.7150551909365
 510.0463476654343 -235.4449014528793 23.71559067885645 -154.3554978868113 -144.9615414624355
 509.9432461312084 -235.5391271595986 23.77220460811289 -154.1557790031792 -145.0517977243164
 510.0473372065255 -235.4457840946191 23.71555719572271 -154.3549732331991 -144.9620417237626
 509.5511224576782 -235.4424543210875 23.97461098772468 -154.6609393341945 -144.9795307392085
 564.0812152421267 -258.0743652417262 -51.19385975132857 -33.10037990708719 -222.7084415207564
 510.0473372065255 -235.4457840946191 23.71555719572271 -154.3549732331991 -144.9620417237626
 509.9426130968477 -235.5369139809783 23.79305700658668 -154.1539550880714 -145.0675856550722
 510.0473372065255 -235.4457840946191 23.71555719572271 -154.3549732331991 -144.9620417237626
 510.0473372065255 -235.4457840946191 23.71555719572271 -154.3549732331991 -144.9620417237626
 509.933120936485 -235.5334002547807 23.77261029867342 -154.1650410994498 -145.0381393410179
 510.0473372065255 -235.4457840946191 23.71555719572271 -154.3549732331991 -144.9620417237626
 509.9426130968477 -235.5369139809783 23.79305700658668 -154.1539550880714 -145.0675856550722
 510.0429455415844 -235.4629319964141 23.72264240964136 -154.3803696808851 -144.9491437238356
 509.9426130968477 -235.5369139809783 23.79305700658668 -154.1539550880714 -145.0675856550722
 510.0473372065255 -235.4457840946191 23.71555719572271 -154.3549732331991 -144.9620417237626
 510.0429455415844 -235.4629319964141 23.72264240964136 -154.3803696808851 -144.9491437238356
 510.0473372065255 -235.4457840946191 23.71555719572271 -154.3549732331991 -144.9620417237626
 509.9475859879092 -235.5390561665678 23.7764347705088 -154.1621976626323 -145.0447545245947
 510.0489647802585 -235.4463131310328 23.7160575797821 -154.3562849982017 -144.9630314391867
 510.0473372065255 -235.4457840946191 23.71555719572271 -154.3549732331991 -144.9620417237626
 510.0429455415844 -235.4629319964141 23.72264240964136 -154.3803696808851 -144.9491437238356
 564.368412339021 -258.0589074999486 -51.57402098006241 -33.13726529048018 -222.5715629726735
 509.9475859879092 -235.5390561665678 23.7764347705088 -154.1621976626323 -145.0447545245947
 564.4862543602204 -258.2502072609182 -51.43057511066667 -33.06569106462987 -222.7534883709079
 564.1071774813291 -258.0802621244715 -51.19745103847728 -33.07661061845972 -222.7150551909365
 510.0479220227161 -235.4446732781952 23.71558119323936 -154.3556789967857 -144.9631746248109
 509.953466224918 -235.5446108113863 23.77502062809995 -154.1772290060795 -145.0342325562254
 510.0473372065255 -235.4457840946191 23.71555719572271 -154.3549732331991 -144.9620417237626
 510.0473372065255 -235.4457840946191 23.71555719572271 -154.3549732331991 -144.9620417237626
 510.0473372065255 -235.4457840946191 23.71555719572271 -154.3549732331991 -144.9620417237626
 509.9426130968477 -235.5369139809783 23.79305700658668 -154.1539550880714 -145.0675856550722
 510.0400840072204 -235.4538281883495 23.72381112817759 -154.3574564036965 -144.9616249280378
 509.9475859879092 -235.5390561665678 23.7764347705088 -154.1621976626323 -145.0447545245947
 510.0473372065255 -235.4457840946191 23.71555719572271 -154.3549732331991 -144.9620417237626
 509.9426130968477 -235.5369139809783 23.79305700658668 -154.1539550880714 -145.0675856550722
 509.9426130968477 -235.5369139809783 23.79305700658668 -154.1539550880714 -145.0675856550722
 510.0489647802585 -235.4463131310328 23.7160575797821 -154.3562849982017 -144.9630314391867
 510.0429455415844 -235.4629319964141 23.72264240964136 -154.3803696808851 -144.9491437238356
 509.9422549404017 -235.5405680813967 23.7738534392523 -154.1554283624102 -145.0510635583478
 510.0473372065255 -235.4457840946191 23.71555719572271 -154.3549732331991 -144.9620417237626
 510.0414361448927 -235.465274289099 23.72331834742285 -154.3793308152237 -144.9476586482704
 509.8401350777646 -235.3740253136547 23.75689965917931 -154.7766705377651 -144.7257240806701
 509.953466224918 -235.5446108113863 23.77502062809995 -154.1772290060795 -145.0342325562254
 510.0473372065255 -235.4457840946191 23.71555719572271 -154.3549732331991 -144.9620417237626
 510.0429455415844 -235.4629319964141 23.72264240964136 -154.3803696808851 -144.9491437238356
 509.9426130968477 -235.5369139809783 23.79305700658668 -154.1539550880714 -145.0675856550722
 510.0429455415844 -235.4629319964141 23.72264240964136 -154.3803696808851 -144.9491437238356
 510.0473372065255 -235.4457840946191 23.71555719572271 -154.3549732331991 -144.9620417237626
 509.9475859879092 -235.5390561665678 23.7764347705088 -154.1621976626323 -145.0447545245947
 509.9475859879092 -235.5390561665678 23.7764347705088 -154.1621976626323 -145.0447545245947
 510.0473372065255 -235.4457840946191 23.71555719572271 -154.3549732331991 -144.9620417237626
 509.5511224576782 -235.4424543210875 23.97461098772468 -154.6609393341945 -144.9795307392085
 510.0473372065255 -235.4457840946191 23.71555719572271 -154.3549732331991 -144.9620417237626
 564.1086793375239 -258.0809958349332 -51.19777850229934 -33.07824105904029 -222.7122209699151
 510.0473372065255 -235.4457840946191 23.71555719572271 -154.3549732331991 -144.9620417237626
 564.1236062579019 -258.0819420924671 -51.09928042118275 -33.16585404393631 -222.7529952748056
 510.0473372065255 -235.4457840946191 23.71555719572271 -154.3549732331991 -144.9620417237626
 509.9426130968477 -235.5369139809783 23.79305700658668 -154.1539550880714 -145.0675856550722
 509.9414748065752 -235.5380057712954 23.79389290762265 -154.1542416655529 -145.0697575685046
 509.9426130968477 -235.5369139809783 23.79305700658668 -154.1539550880714 -145.0675856550722
 509.9475859879092 -235.5390561665678 23.7764347705088 -154.1621976626323 -145.0447545245947
 510.0474278965485 -235.4462018675027 23.7118562616949 -154.3526336649144 -144.9603219976312
 510.0472726423559 -235.4449155021732 23.7133465437952 -154.3566028333547 -144.9615933726413
 509.9426130968477 -235.5369139809783 23.79305700658668 -154.1539550880714 -145.0675856550722
 509.9426130968477 -235.5369139809783 23.79305700658668 -154.1539550880714 -145.0675856550722
 509.9422549404017 -235.5405680813967 23.7738534392523 -154.1554283624102 -145.0510635583478
 510.0429455415844 -235.4629319964141 23.72264240964136 -154.3803696808851 -144.9491437238356
 510.0400840072204 -235.4538281883495 23.72381112817759 -154.3574564036965 -144.9616249280378
 510.0473372065255 -235.4457840946191 23.71555719572271 -154.3549732331991 -144.9620417237626
 509.953466224918 -235.5446108113863 23.77502062809995 -154.1772290060795 -145.0342325562254
 509.9426130968477 -235.5369139809783 23.79305700658668 -154.1539550880714 -145.0675856550722
 509.9426130968477 -235.5369139809783 23.79305700658668 -154.1539550880714 -145.0675856550722
 509.9421389653032 -235.5365673331233 23.79293333995755 -154.1540371914936 -145.0676706875845
 509.9419043053258 -235.5399974141595 23.77354243297843 -154.1550008615909 -145.0506884529957
 510.0487202092226 -235.4470191441402 23.71641622779052 -154.3539771712784 -144.9615042755522
