# Created by Octave 4.2.1, Mon Oct 09 17:06:51 2017 BRT <root@mosqueiro>
# name: pop
# type: matrix
# rows: 100
# columns: 5
 458.6585320637209 -63.34174233924648 -518.5875542202955 738.7709262897456 -581.0494691775859
 458.6585320637209 -63.34174233924648 -518.5875542202955 738.7709262897456 -581.0494691775859
 -193.7713801777696 -1643.931672686405 2246.708713954607 160.3461332022991 -1047.547224204307
 575.0647957844608 666.6901623222459 123.9617030951972 -308.5745867872644 -702.1914067401822
 285.4777379818561 160.7903400906416 -376.6603556475973 996.2981808258003 -621.2506233217405
 -525.1327575431651 712.1808807568025 337.7699801170158 172.6633553916822 -509.0927386764164
 458.6585320637209 -63.34174233924648 -518.5875542202955 738.7709262897456 -581.0494691775859
 458.6585320637209 -63.34174233924648 -518.5875542202955 738.7709262897456 -581.0494691775859
 -611.5612598522773 98.6867578135375 616.3004607542291 -586.0128512510869 -238.5912847941318
 458.6585320637209 -63.34174233924648 -518.5875542202955 738.7709262897456 -581.0494691775859
 2444.766848993384 -5305.786710610434 1092.266229967191 4778.292703935163 -955.5462174241793
 991.4410851810105 45.6705428903349 -743.1158633470129 -758.1868906464161 580.592195509596
 -700.6373447603983 636.3420564911839 579.2829263023514 266.2841382236745 -825.4225567087169
 27.04770610785431 -304.163938585812 483.3043916347615 274.9924046806889 -340.4518367413648
 458.6585320637209 -63.34174233924648 -518.5875542202955 738.7709262897456 -581.0494691775859
 458.6585320637209 -63.34174233924648 -518.5875542202955 738.7709262897456 -581.0494691775859
 316.4731197355316 738.7017417663806 151.2252698321663 -771.8677869352412 -921.8556436701199
 458.6585320637209 -63.34174233924648 -518.5875542202955 738.7709262897456 -581.0494691775859
 285.4777379818561 160.7903400906416 -376.6603556475973 996.2981808258003 -621.2506233217405
 458.6585320637209 -63.34174233924648 -518.5875542202955 738.7709262897456 -581.0494691775859
 246.3918588294393 -986.5280738935621 -403.0579106933181 -551.4047188330838 -768.9261588622899
 630.8429687574073 -194.3621090268412 671.8371153004127 373.3544715133389 -735.101864491383
 630.8429687574073 -194.3621090268412 671.8371153004127 373.3544715133389 -735.101864491383
 458.6585320637209 -63.34174233924648 -518.5875542202955 738.7709262897456 -581.0494691775859
 -998.0318296469476 -190.4786326488212 -82.9831981074135 -189.1883577848491 618.0487234122027
 458.6585320637209 -63.34174233924648 -518.5875542202955 738.7709262897456 -581.0494691775859
 -356.8716743944709 -882.3453429201245 2807.518307101324 1360.013127780125 -72.2913603018992
 504.8933948307044 -727.4035377636915 998.4204759854881 817.8541249678744 594.7289207557303
 458.6585320637209 -63.34174233924648 -518.5875542202955 738.7709262897456 -581.0494691775859
 -700.6373447603983 636.3420564911839 579.2829263023514 266.2841382236745 -825.4225567087169
 -700.6373447603983 636.3420564911839 579.2829263023514 266.2841382236745 -825.4225567087169
 -700.6373447603983 636.3420564911839 579.2829263023514 266.2841382236745 -825.4225567087169
 458.6585320637209 -63.34174233924648 -518.5875542202955 738.7709262897456 -581.0494691775859
 285.4777379818561 160.7903400906416 -376.6603556475973 996.2981808258003 -621.2506233217405
 458.6585320637209 -63.34174233924648 -518.5875542202955 738.7709262897456 -581.0494691775859
 -611.5612598522773 98.6867578135375 616.3004607542291 -586.0128512510869 -238.5912847941318
 -700.6373447603983 636.3420564911839 579.2829263023514 266.2841382236745 -825.4225567087169
 -700.6373447603983 636.3420564911839 579.2829263023514 266.2841382236745 -825.4225567087169
 -525.1327575431651 712.1808807568025 337.7699801170158 172.6633553916822 -509.0927386764164
 -547.4530985601768 95.42386109127119 478.3833307123521 -563.1692896339441 590.3060496704363
 -3033.472962099568 -2043.350658854279 879.1207100024264 431.0223539334989 1922.608374352056
 2768.204257344868 2298.636860320744 390.1414125313181 -916.3103372218075 -1172.364218919376
 458.6585320637209 -63.34174233924648 -518.5875542202955 738.7709262897456 -581.0494691775859
 458.6585320637209 -63.34174233924648 -518.5875542202955 738.7709262897456 -581.0494691775859
 770.0584189577125 -522.8481274898659 -313.9437023971742 884.1838922309837 -213.1211690167835
 770.0584189577125 -522.8481274898659 -313.9437023971742 884.1838922309837 -213.1211690167835
 -2830.724867578206 -2931.120176674178 3722.533055057583 -2380.793375892625 2530.913953699744
 -547.4530985601768 95.42386109127119 478.3833307123521 -563.1692896339441 590.3060496704363
 458.6585320637209 -63.34174233924648 -518.5875542202955 738.7709262897456 -581.0494691775859
 -547.4530985601768 95.42386109127119 478.3833307123521 -563.1692896339441 590.3060496704363
 458.6585320637209 -63.34174233924648 -518.5875542202955 738.7709262897456 -581.0494691775859
 458.6585320637209 -63.34174233924648 -518.5875542202955 738.7709262897456 -581.0494691775859
 458.6585320637209 -63.34174233924648 -518.5875542202955 738.7709262897456 -581.0494691775859
 459.9971225561342 -744.8266010470187 325.0674545323352 132.9818265849012 762.0292508535094
 458.6585320637209 -63.34174233924648 -518.5875542202955 738.7709262897456 -581.0494691775859
 -612.3147474004727 -247.5991182130621 -831.4031589056451 -907.9074574012209 760.0322164818053
 458.6585320637209 -63.34174233924648 -518.5875542202955 738.7709262897456 -581.0494691775859
 458.6585320637209 -63.34174233924648 -518.5875542202955 738.7709262897456 -581.0494691775859
 459.9971225561342 -744.8266010470187 325.0674545323352 132.9818265849012 762.0292508535094
 -547.4530985601768 95.42386109127119 478.3833307123521 -563.1692896339441 590.3060496704363
 458.6585320637209 -63.34174233924648 -518.5875542202955 738.7709262897456 -581.0494691775859
 458.6585320637209 -63.34174233924648 -518.5875542202955 738.7709262897456 -581.0494691775859
 27.04770610785431 -304.163938585812 483.3043916347615 274.9924046806889 -340.4518367413648
 515.7810654911673 361.0118800780394 -924.0727916012564 -301.6667521886852 -599.1240517536046
 -991.6299526886266 934.9922478446474 800.7137495803565 317.8244831754785 613.1803454931653
 -547.4530985601768 95.42386109127119 478.3833307123521 -563.1692896339441 590.3060496704363
 458.6585320637209 -63.34174233924648 -518.5875542202955 738.7709262897456 -581.0494691775859
 458.6585320637209 -63.34174233924648 -518.5875542202955 738.7709262897456 -581.0494691775859
 -2830.724867578206 -2931.120176674178 3722.533055057583 -2380.793375892625 2530.913953699744
 458.6585320637209 -63.34174233924648 -518.5875542202955 738.7709262897456 -581.0494691775859
 458.6585320637209 -63.34174233924648 -518.5875542202955 738.7709262897456 -581.0494691775859
 -547.4530985601768 95.42386109127119 478.3833307123521 -563.1692896339441 590.3060496704363
 458.6585320637209 -63.34174233924648 -518.5875542202955 738.7709262897456 -581.0494691775859
 575.0647957844608 666.6901623222459 123.9617030951972 -308.5745867872644 -702.1914067401822
 458.6585320637209 -63.34174233924648 -518.5875542202955 738.7709262897456 -581.0494691775859
 -193.7713801777696 -1643.931672686405 2246.708713954607 160.3461332022991 -1047.547224204307
 458.6585320637209 -63.34174233924648 -518.5875542202955 738.7709262897456 -581.0494691775859
 459.9971225561342 -744.8266010470187 325.0674545323352 132.9818265849012 762.0292508535094
 458.6585320637209 -63.34174233924648 -518.5875542202955 738.7709262897456 -581.0494691775859
 -547.4530985601768 95.42386109127119 478.3833307123521 -563.1692896339441 590.3060496704363
 534.3193371228035 937.8936952749307 630.499733674576 1736.738575368462 -1296.688149502719
 1136.789978148188 1396.04306037146 507.2126943449105 1460.211866528089 -851.658663274526
 -1204.789063786297 -2367.381097047621 283.2393882676399 96.1172405977635 2561.12175583451
 919.0714423707935 388.9102144547615 3046.402251690082 1210.551926643922 -1765.912368557234
