# Created by Octave 4.2.1, Mon Oct 09 17:05:46 2017 BRT <root@mosqueiro>
# name: pop
# type: matrix
# rows: 100
# columns: 5
 -56.42137631784794 764.0048446858816 -342.8002932378805 528.1316608208929 -18.18872061309276
 -243.3302572432167 -818.2421131005711 -731.6360183860943 -653.1659042492665 -425.1456542810403
 142.9635100689354 -380.652078535911 -85.36962973992456 -335.801201879976 802.9497474403522
 -389.5089311760304 -618.6509726976685 691.6261725664015 785.5054505646581 787.7112181919749
 801.0033118424592 976.3332386018521 -373.4405770361936 698.8286343802843 687.6566411664551
 925.9717830923657 894.3115621896859 6.214555115732878 827.8622796246991 -341.2261092369192
 -925.9199644783268 -902.7581068460552 -144.9398404753427 505.6456036385173 430.4725646422926
 491.8003402585352 803.461958371709 893.1488970919063 239.1654930835175 -745.1684402616495
 949.5142885471016 -696.0983364857266 763.1556259285398 -82.58152520056979 -741.4295471428388
 -307.6647730960876 -601.9400658163811 -329.8827971092787 -618.5818057184979 -125.0210434039564
 -477.4131270725627 -629.9446268628108 -427.0847619192043 207.3305655599604 130.0328857266798
 546.6398827102087 -659.3601980307972 -899.8483804694388 442.4179008007536 860.1013682288274
 852.477682969831 -998.6585445679249 950.5926160355541 -718.5709318966026 -451.2354288712014
 -308.753208847033 510.6146735894999 -990.4849306771956 643.9959781274288 -699.3031615831499
 -359.5235463733457 -760.7662417274614 -286.9531495971959 146.6906147427494 658.0456284248853
 -231.9655780218742 -529.2773630060302 261.7468483016469 -980.6690281780967 469.899627311577
 -925.9627821041951 -33.04835317575089 -89.9178239514921 923.1718237354667 175.6436132977217
 909.1826091543326 948.1914938950233 -317.867233343443 50.35821866560514 -525.0368014903031
 -848.4993005308136 873.3005058906149 467.0107346803436 -68.50421313661968 850.5156481263482
 -381.5293475370821 -264.5497349840346 -456.1714537259639 348.7570543555205 117.1908381138321
 782.931634709302 634.5026760762332 -755.388255246206 -2.185641227549013 -549.5269095237957
 472.507159526145 417.6420491409372 -519.7668395137343 -479.3450572090351 -669.4009233756005
 -451.9135135440985 636.8290308070239 502.6972205619029 -362.192904559049 158.6178988673355
 -50.68377555763982 -765.1623088802703 -765.6042587292885 856.4979712476588 -122.5709041454504
 -530.5190585121909 882.108087879395 263.921193271239 -840.303608332418 -107.0864251716957
 448.7740838371874 324.5675924189084 255.3837543391876 -822.6802609635502 -357.0637192813416
 -405.9584114486156 566.0239270923651 280.5436272212432 692.721015214398 893.1687209285192
 299.0731937276435 -331.8933749690399 641.0830919186101 453.4449150220039 -37.55256047371938
 485.0344178358639 -354.3342941126679 -277.6772780889413 571.4591510788248 -531.3080085953382
 7.958680044843277 326.4495494218243 -554.465523505899 -599.7166798262833 -474.038791376704
 368.9543473190211 504.7002866032055 -772.1314472452151 -171.1756146910043 140.282926453079
 -191.4644367128037 876.1574955379692 -535.6908834168147 -629.507428983934 689.2316600986321
 -947.5378714897173 713.0852286100064 -554.2157415865981 172.0818623126722 -726.7732320559986
 457.9635861052288 845.2136020817366 674.649105471098 984.9708851075022 -771.7054342029044
 353.0168056926495 59.28362625470618 -204.091624682005 833.7420826158821 508.4266495468139
 440.3406742403379 43.24479337051707 449.4925304001104 595.3359105686404 -858.768445347114
 -267.6201517950566 -261.2081791535091 453.1298625694074 -674.1362556437532 -994.7889919715346
 731.2312959328854 278.2758951848343 521.3165080742328 -925.9243175184598 -340.8012438623108
 -493.3369217862692 17.75484204259908 -211.9322652495598 86.70330272145452 -49.4745369368336
 869.1873527346602 146.9618773862126 -756.321578917479 -55.83968692875305 -549.6211384797009
 -219.9472760502433 587.6462264311115 -295.6074609022422 -257.9847495864284 -801.7733159507532
 870.5461051591908 -254.7965284927448 -84.05157052022639 -558.1075506252405 761.4946218098628
 -162.014193427212 92.64955474816452 953.6002926771282 802.1385870213933 -32.68598944149664
 988.7351154477049 -886.6037695649693 912.2398296898918 -268.2634492600395 -351.9456735459297
 97.80319832194755 -584.8180279994896 120.1818022598911 -834.9553624203553 -205.2712308681547
 431.6800734282542 -635.1158846784738 142.8409115471561 682.1899457009831 337.1392045143039
 -186.3252550818643 -699.1695213143296 636.0179739919392 512.2497603844731 280.1060853453473
 738.2190265454178 -548.3817908734288 -921.1877418231595 -861.2480230647056 367.9096677253297
 565.9179943992194 574.0073382961095 -103.5355188368333 -873.7671786066613 395.4767490939046
 560.5881087202872 -215.4828132724439 -19.72543151784976 -129.2700558841981 -194.4030114807059
 307.5846806727518 -510.4954898081421 351.3979114827007 745.827244009758 -742.7739357995397
 230.0249994752414 136.8307177203776 -616.8468467440998 671.2275053162384 -637.1932160616939
 -710.657841820062 531.0537740170644 -470.5359643342824 392.7591994837339 208.2496982342811
 449.4237568701824 745.5768887787856 -141.5366935892141 -668.139251590459 745.8350786461651
 -466.0666170399571 616.3690177717722 312.9006638829565 816.0184130032103 -53.44737983539255
 333.4775670660565 -649.4256403952618 -740.4601738477966 -228.8430656004389 821.4581124322053
 337.7285639983029 638.5094656398267 408.7208426952764 42.43585504483258 -695.6696583782198
 -583.5721742476959 -555.9694287945315 909.5058770266303 758.9088727333888 239.9314764050937
 -665.8027341564053 961.1952516641495 285.3525039853967 -249.258175972965 -10.54162019425246
 -146.7602465553985 -526.2960267139381 -181.6965989809472 -946.8868570827137 74.06790709274151
 -741.0310137431911 -723.7689446952288 -545.2122504281244 -49.40073338365096 238.5940299522813
 -465.5935010715974 224.3112159105729 -772.5697239602566 -382.3363511867744 208.0110585262471
 -129.6194552317544 692.6867626112871 555.4837874259422 435.7033473743388 -361.1506673313621
 931.3737192719891 160.4482446888128 636.4171841370071 94.42768408120946 -577.6901286335237
 685.071158282313 349.3186569314632 -362.9329715561232 656.3888873975523 -387.9943240665781
 -359.6077187257201 456.8925524081005 190.8937935247384 842.6546127128081 840.2093567483682
 -466.0566873730369 -453.2542173683495 162.2876731071278 -282.9972965129083 -189.0513774822188
 -496.8536074322844 -543.453153668176 961.4446784665186 713.2200368876997 -101.1021512557923
 811.2115169429119 -445.2010438459358 217.4711548936018 250.9295973498738 -838.7510333708029
 -150.1194685107499 248.3944890567818 -658.7626386249958 -721.6110866072539 -474.0311571335097
 -955.8045353459165 137.7541885373764 82.88689531891009 204.9874284994521 297.5509526046121
 134.4606454013565 372.5832235110452 -853.6687144556306 -137.4949021567825 -972.1822479385646
 -701.6878365036027 -719.1207356129981 -760.8905704236195 -862.2381307822983 -913.1912970231022
 -196.6957627918968 -104.8751156012294 -298.989195043717 -319.0542749068283 319.339879521593
 635.6663597466029 -869.9576220164175 -650.6292623105015 -759.7046550428769 -571.960069668268
 -971.4732954449878 972.9903199102891 33.87423109675547 -856.8998846091897 -608.8484449697004
 -615.4972934579525 111.5882346792887 -829.9207439713605 -38.35153156584727 -233.9648244991811
 -766.8016663777072 -185.4255223381895 519.6149818757856 -626.8904365910507 81.38165453210104
 874.122762431924 -590.6870045217823 393.0854056289365 -282.6893168406149 -883.7067270835237
 635.4947647956171 841.022460622758 117.396435861833 -587.1981792479276 45.83319511900345
 944.9442342383361 -219.6433636421681 -855.1102562452179 -305.4670238822305 650.9439621828074
 54.40108181428218 -295.7406171661294 50.97400406514316 856.1045346724873 660.0261372981977
 314.9410808370333 674.872905295751 185.3441349954603 559.2949600022621 9.256694774656353
 590.681476726101 -248.4592955972539 -619.7351090141149 512.3413155429935 53.9392655493366
