# Created by Octave 4.2.1, Mon Oct 09 17:08:21 2017 BRT <root@mosqueiro>
# name: pop
# type: matrix
# rows: 100
# columns: 5
 282.6466254218274 906.3067794946598 -215.2625780833953 -744.3451018949722 -219.3898061467679
 -66.92183153725227 223.9918175622283 708.993341268985 -159.5457728295037 -677.9949406864059
 -93.59023646726598 594.7817849895791 7.864272784412265 -675.2825765346015 147.9834179188981
 -722.192725361492 -268.586848977649 902.9046926516562 -912.7382247753848 -907.8196386974181
 -66.92183153725227 223.9918175622283 708.993341268985 -159.5457728295037 -677.9949406864059
 -684.3405665445368 962.6311357682825 79.03663243092365 -522.9499841176627 809.41254270233
 -93.59023646726598 594.7817849895791 7.864272784412265 -675.2825765346015 147.9834179188981
 521.5166731240247 580.1078196505057 915.4705836974153 803.2489184621263 348.1564838253801
 -996.7600257053978 190.2545822803818 632.7287079524449 884.1193376769952 -270.7216619503105
 -497.6431769798738 -995.8512948570816 -278.6275212672701 -572.9603143994989 878.3128697768334
 -892.1047881638543 579.9318854195371 -367.0472437298456 997.365868299705 -2.342738456190318
 -537.1992020062428 -219.5833504031096 291.727030061679 87.73218262463229 420.8017166838886
 675.1041564327895 -586.5635318525001 -644.1696745832662 902.0054186669777 407.3993152558094
 724.9452622634619 844.7143102456412 -907.1958233579572 692.0944807730136 181.2418685083412
 -991.3010027234835 141.1925135440922 811.8428057015942 -86.92873278768991 163.8774108331193
 956.9167422432151 -682.0515184451667 -883.6195266423578 694.805659248359 751.6358193616943
 -880.6579892011929 -123.8428693577774 472.7280108438038 -970.8121391287696 31.30738827173559
 677.3142851986051 -146.1883222256778 236.8294169003793 414.1935061979236 -233.4506295034114
 -110.9989554153647 -173.3673121107661 -880.6420796332613 348.517514399688 -503.1852328835881
 -233.9238658656639 573.4746390915382 -838.5882564945227 835.1147489050277 646.3767208077149
 -880.6579892011929 -123.8428693577774 472.7280108438038 -970.8121391287696 31.30738827173559
 656.7801519574095 842.3201726047189 96.99496250545144 666.9896701274431 119.6377096397621
 886.2126354518346 423.2691692434005 -654.493297181202 974.3598086078252 -471.1114310444588
 563.5604485891924 562.0938373638535 -460.9865047482656 23.13728240551336 302.9523731003628
 724.9452622634619 844.7143102456412 -907.1958233579572 692.0944807730136 181.2418685083412
 -684.3405665445368 962.6311357682825 79.03663243092365 -522.9499841176627 809.41254270233
 -242.5766753587266 -731.4459364102736 -585.0669204148724 686.7935743880389 832.1488799356418
 470.9675995507305 613.4446144798262 556.4901943746406 -328.1133173587457 507.913524761859
 149.4769185762416 934.924102499021 981.9980784242609 -22.73941539106397 256.7220277432195
 960.5440605131901 -553.7227525779155 -706.8137918066858 151.7686681160756 278.4098194678863
 -932.761275201442 -122.6036947213805 236.9222616101392 -779.2813170751519 -817.0300728313392
 677.3142851986051 -146.1883222256778 236.8294169003793 414.1935061979236 -233.4506295034114
 879.9071385199422 271.8788258070419 -660.690601804584 -90.53776109544685 -310.3072662725474
 -85.91673117159326 -123.3105910114333 159.4914915010868 129.7172456759656 140.285172189688
 -991.3010027234835 141.1925135440922 811.8428057015942 -86.92873278768991 163.8774108331193
 -806.765213180703 -807.8746995128762 592.2205631442409 867.6166637622864 -820.1433116840301
 993.4064160046512 426.2361417785082 869.9478025995938 -876.1471819165384 -867.6386990535757
 -66.92183153725227 223.9918175622283 708.993341268985 -159.5457728295037 -677.9949406864059
 910.7771047088872 924.9569150876468 -350.480579418733 -908.7257905015466 -956.2818635599378
 -333.5870688755728 734.5287742822461 -429.9944491762296 -16.47201511999435 -338.5796655917662
 984.3745905593621 -323.0357034557551 -452.9606501394348 482.7367891633578 241.6352888016054
 -537.1992020062428 -219.5833504031096 291.727030061679 87.73218262463229 420.8017166838886
 910.7771047088872 924.9569150876468 -350.480579418733 -908.7257905015466 -956.2818635599378
 -684.3405665445368 962.6311357682825 79.03663243092365 -522.9499841176627 809.41254270233
 -996.7600257053978 190.2545822803818 632.7287079524449 884.1193376769952 -270.7216619503105
 653.4644445536817 -63.38584681743964 393.6128434853597 -611.7821178465808 778.9676985796511
 677.3142851986051 -146.1883222256778 236.8294169003793 414.1935061979236 -233.4506295034114
 -333.5870688755728 734.5287742822461 -429.9944491762296 -16.47201511999435 -338.5796655917662
 504.9613038430591 -565.0737884483995 310.3176631205176 16.96860297192165 611.6721485696346
 -93.59023646726598 594.7817849895791 7.864272784412265 -675.2825765346015 147.9834179188981
 -668.3124576852538 139.7752684574486 -655.532185283695 201.4620876122465 -571.619286468969
 858.5378706635274 555.1604193680557 -339.5444462522396 11.23565634816237 -7.010493977377564
 993.4064160046512 426.2361417785082 869.9478025995938 -876.1471819165384 -867.6386990535757
 121.3160616196587 -810.896127436798 907.4811402044666 173.8815870259743 -199.5809286360643
 61.20900455387823 -98.25615028439358 -824.8867273921267 -614.6921576403009 19.89103583001997
 642.1442328925662 744.5061363288992 635.631419117715 883.0311895584603 334.8064826206719
 -746.1144929267115 278.7015579171239 -739.9801492682146 -248.0869222298808 147.2149492091444
 910.7771047088872 924.9569150876468 -350.480579418733 -908.7257905015466 -956.2818635599378
 910.7771047088872 924.9569150876468 -350.480579418733 -908.7257905015466 -956.2818635599378
 142.7724977760683 -656.3839252666387 474.6204484051632 -273.610748649623 -682.9860472241937
 -497.6431769798738 -995.8512948570816 -278.6275212672701 -572.9603143994989 878.3128697768334
 282.6466254218274 906.3067794946598 -215.2625780833953 -744.3451018949722 -219.3898061467679
 121.3160616196587 -810.896127436798 907.4811402044666 173.8815870259743 -199.5809286360643
 -242.5766753587266 -731.4459364102736 -585.0669204148724 686.7935743880389 832.1488799356418
 -857.3777695770747 -77.33049296013121 -839.9899054619017 -291.8478688629375 -895.4815122678817
 -537.1992020062428 -219.5833504031096 291.727030061679 87.73218262463229 420.8017166838886
 375.0158993589864 -481.4020840231451 -593.0530429391182 390.3552006477623 -829.0271074933521
 -112.9401951817749 456.7318523222143 -546.3148074714293 -279.6520396716184 -151.3362247228686
 519.1881607984017 -170.1722159537701 -897.0667289754474 17.25802107036986 954.3807338326062
 -179.5642570412354 -654.8894114547147 743.012661010084 648.2384718425012 -984.9671308171809
 -112.9401951817749 456.7318523222143 -546.3148074714293 -279.6520396716184 -151.3362247228686
 -598.9930772074007 -608.6769309839129 599.5209312002373 625.9478910063178 -174.7032057641424
 -332.8777074428041 862.5464996281435 748.5163928769396 216.6924943604395 325.1904755960588
 -333.5870688755728 734.5287742822461 -429.9944491762296 -16.47201511999435 -338.5796655917662
 724.9452622634619 844.7143102456412 -907.1958233579572 692.0944807730136 181.2418685083412
 -167.3695806073662 728.9153766282561 -894.2304258795294 -439.0835183565579 -775.3239911973571
 -146.7020358018219 380.5689496991013 -927.3281842176945 970.4625576992062 463.291544257218
 -233.9238658656639 573.4746390915382 -838.5882564945227 835.1147489050277 646.3767208077149
 -497.6431769798738 -995.8512948570816 -278.6275212672701 -572.9603143994989 878.3128697768334
 -959.0797575290156 560.7043662139743 -550.4888509760851 523.0802909091337 793.6913804775786
 -1689.559169443024 -4578.9991291514 -1971.973139343967 1165.642067808983 1114.622668077306
 2174.652151211104 3618.189113761301 877.7155212268667 1133.104710165871 -855.7714427001137
 174.848315949022 -616.3741284211528 -2392.137221376732 -985.1267055640469 -59.50795846401212
 2848.982196641189 995.5560819843726 -2479.168610138204 2792.126561713644 874.2560925948794
