# Created by Octave 4.2.1, Mon Oct 09 17:08:37 2017 BRT <root@mosqueiro>
# name: pop
# type: matrix
# rows: 100
# columns: 5
 362.2908114606146 681.9947733287162 -85.3256931663785 -629.4361636232836 -329.7043784632028
 349.6015819344486 700.5565550472957 -87.98384364233046 -629.0107744053387 -331.9708475263887
 349.6015819344486 700.5565550472957 -87.98384364233046 -629.0107744053387 -331.9708475263887
 349.6015819344486 700.5565550472957 -87.98384364233046 -629.0107744053387 -331.9708475263887
 349.6015819344486 700.5565550472957 -87.98384364233046 -629.0107744053387 -331.9708475263887
 260.4663399333514 874.9675809875389 -215.4291260089713 -797.3397438860685 -252.6255221329779
 346.5719979314766 684.7241223926874 -84.14282236520411 -677.2847057423724 -305.43274664255
 370.1867888762911 699.2145406501055 -59.70276919289096 -627.3321909079128 -359.0280812653395
 282.3912157492531 875.0783764418341 -185.3629072584841 -768.0436247935262 -185.8125138545244
 349.6015819344486 700.5565550472957 -87.98384364233046 -629.0107744053387 -331.9708475263887
 349.6015819344486 700.5565550472957 -87.98384364233046 -629.0107744053387 -331.9708475263887
 282.6466254218274 906.3067794946598 -215.2625780833953 -744.3451018949722 -219.3898061467679
 347.9857205250955 711.8313313980757 -45.26387743888314 -617.0904801580666 -343.2515721665088
 282.6466254218274 906.3067794946598 -215.2625780833953 -744.3451018949722 -219.3898061467679
 379.7304711837658 700.8375681416021 -85.51081674168718 -648.4759301837046 -290.6101429358352
 349.6015819344486 700.5565550472957 -87.98384364233046 -629.0107744053387 -331.9708475263887
 349.6015819344486 700.5565550472957 -87.98384364233046 -629.0107744053387 -331.9708475263887
 370.1867888762911 699.2145406501055 -59.70276919289096 -627.3321909079128 -359.0280812653395
 349.6015819344486 700.5565550472957 -87.98384364233046 -629.0107744053387 -331.9708475263887
 362.2908114606146 681.9947733287162 -85.3256931663785 -629.4361636232836 -329.7043784632028
 349.6015819344486 700.5565550472957 -87.98384364233046 -629.0107744053387 -331.9708475263887
 349.6015819344486 700.5565550472957 -87.98384364233046 -629.0107744053387 -331.9708475263887
 221.7416323688739 806.1477481526017 -77.1525552863224 -602.9028960939288 -303.1915965938235
 236.4639875289456 1082.710449123972 -474.6322718421445 -939.4453168801846 -260.0847240888768
 349.6015819344486 700.5565550472957 -87.98384364233046 -629.0107744053387 -331.9708475263887
 273.8513346433952 880.6090634753996 -219.6960978017165 -784.7098087258124 -231.6544550130536
 349.6015819344486 700.5565550472957 -87.98384364233046 -629.0107744053387 -331.9708475263887
 221.7416323688739 806.1477481526017 -77.1525552863224 -602.9028960939288 -303.1915965938235
 349.6015819344486 700.5565550472957 -87.98384364233046 -629.0107744053387 -331.9708475263887
 349.6015819344486 700.5565550472957 -87.98384364233046 -629.0107744053387 -331.9708475263887
 349.6015819344486 700.5565550472957 -87.98384364233046 -629.0107744053387 -331.9708475263887
 278.1554881670768 898.6036903195178 -207.3150042455821 -753.89286200635 -206.4742528257761
 349.6015819344486 700.5565550472957 -87.98384364233046 -629.0107744053387 -331.9708475263887
 349.6015819344486 700.5565550472957 -87.98384364233046 -629.0107744053387 -331.9708475263887
 339.883546588793 686.0310128716122 -85.83343361001548 -597.8403834223379 -320.5570036849076
 359.7514817952424 687.2300131694969 -100.9729553905493 -601.5745649581124 -355.2604847563837
 271.7366068743309 914.5249249201204 -218.9583670536611 -751.9139877754253 -206.4655869019623
 349.6015819344486 700.5565550472957 -87.98384364233046 -629.0107744053387 -331.9708475263887
 349.6015819344486 700.5565550472957 -87.98384364233046 -629.0107744053387 -331.9708475263887
 362.2908114606146 681.9947733287162 -85.3256931663785 -629.4361636232836 -329.7043784632028
 36.43486786507592 1312.80436016662 151.8622328983625 -415.6192992810384 -564.7031626160074
 349.6015819344486 700.5565550472957 -87.98384364233046 -629.0107744053387 -331.9708475263887
 349.6015819344486 700.5565550472957 -87.98384364233046 -629.0107744053387 -331.9708475263887
 260.4663399333514 874.9675809875389 -215.4291260089713 -797.3397438860685 -252.6255221329779
 353.5518128291141 687.6249965482044 -106.2032327300146 -630.8870701072045 -292.8307329456555
 349.6015819344486 700.5565550472957 -87.98384364233046 -629.0107744053387 -331.9708475263887
 282.6466254218274 906.3067794946598 -215.2625780833953 -744.3451018949722 -219.3898061467679
 349.6015819344486 700.5565550472957 -87.98384364233046 -629.0107744053387 -331.9708475263887
 349.6015819344486 700.5565550472957 -87.98384364233046 -629.0107744053387 -331.9708475263887
 349.6015819344486 700.5565550472957 -87.98384364233046 -629.0107744053387 -331.9708475263887
 349.6015819344486 700.5565550472957 -87.98384364233046 -629.0107744053387 -331.9708475263887
 349.6015819344486 700.5565550472957 -87.98384364233046 -629.0107744053387 -331.9708475263887
 349.6015819344486 700.5565550472957 -87.98384364233046 -629.0107744053387 -331.9708475263887
 349.6015819344486 700.5565550472957 -87.98384364233046 -629.0107744053387 -331.9708475263887
 362.2908114606146 681.9947733287162 -85.3256931663785 -629.4361636232836 -329.7043784632028
 349.6015819344486 700.5565550472957 -87.98384364233046 -629.0107744053387 -331.9708475263887
 282.3912157492531 875.0783764418341 -185.3629072584841 -768.0436247935262 -185.8125138545244
 278.1554881670768 898.6036903195178 -207.3150042455821 -753.89286200635 -206.4742528257761
 2010.950091735469 2085.347633476699 -880.6323299511549 -487.4569013141763 -448.5602318970201
 349.6015819344486 700.5565550472957 -87.98384364233046 -629.0107744053387 -331.9708475263887
 349.6015819344486 700.5565550472957 -87.98384364233046 -629.0107744053387 -331.9708475263887
 349.6015819344486 700.5565550472957 -87.98384364233046 -629.0107744053387 -331.9708475263887
 282.6466254218274 906.3067794946598 -215.2625780833953 -744.3451018949722 -219.3898061467679
 349.6015819344486 700.5565550472957 -87.98384364233046 -629.0107744053387 -331.9708475263887
 349.6015819344486 700.5565550472957 -87.98384364233046 -629.0107744053387 -331.9708475263887
 349.6015819344486 700.5565550472957 -87.98384364233046 -629.0107744053387 -331.9708475263887
 362.2908114606146 681.9947733287162 -85.3256931663785 -629.4361636232836 -329.7043784632028
 282.3912157492531 875.0783764418341 -185.3629072584841 -768.0436247935262 -185.8125138545244
 262.5409796765701 846.3301054940871 -252.8338173385247 -742.0202796603774 -243.7734232184969
 349.6015819344486 700.5565550472957 -87.98384364233046 -629.0107744053387 -331.9708475263887
 349.6015819344486 700.5565550472957 -87.98384364233046 -629.0107744053387 -331.9708475263887
 282.6466254218274 906.3067794946598 -215.2625780833953 -744.3451018949722 -219.3898061467679
 349.6015819344486 700.5565550472957 -87.98384364233046 -629.0107744053387 -331.9708475263887
 349.6015819344486 700.5565550472957 -87.98384364233046 -629.0107744053387 -331.9708475263887
 282.6466254218274 906.3067794946598 -215.2625780833953 -744.3451018949722 -219.3898061467679
 284.0232685523614 930.8842414699498 -210.3765163063113 -747.2934166202792 -207.6782584480645
 349.6015819344486 700.5565550472957 -87.98384364233046 -629.0107744053387 -331.9708475263887
 282.6466254218274 906.3067794946598 -215.2625780833953 -744.3451018949722 -219.3898061467679
 282.3912157492531 875.0783764418341 -185.3629072584841 -768.0436247935262 -185.8125138545244
 282.6466254218274 906.3067794946598 -215.2625780833953 -744.3451018949722 -219.3898061467679
 356.7796148028706 688.4433735418196 -78.67996825511166 -636.294507206624 -319.2299656938898
 290.0859689286216 899.6409433245555 -207.3994872391966 -739.6989093607851 -225.8611851707176
 342.5198004883935 692.303177362459 -83.30599461398778 -633.612410328032 -323.34010610588
 339.5884725399545 677.1572991685152 -86.57440613568389 -634.6136590890324 -328.1172232973245
