# Created by Octave 4.2.1, Mon Oct 09 17:08:32 2017 BRT <root@mosqueiro>
# name: pop
# type: matrix
# rows: 100
# columns: 5
 282.6466254218274 906.3067794946598 -215.2625780833953 -744.3451018949722 -219.3898061467679
 282.6466254218274 906.3067794946598 -215.2625780833953 -744.3451018949722 -219.3898061467679
 282.6466254218274 906.3067794946598 -215.2625780833953 -744.3451018949722 -219.3898061467679
 391.8232780925642 -1821.144401876003 -37.75269956766183 1244.350232074564 3508.825182849682
 282.6466254218274 906.3067794946598 -215.2625780833953 -744.3451018949722 -219.3898061467679
 831.4447103449999 588.0896864182153 -635.8613528898286 -475.4061390625729 254.7346320004677
 831.4447103449999 588.0896864182153 -635.8613528898286 -475.4061390625729 254.7346320004677
 282.6466254218274 906.3067794946598 -215.2625780833953 -744.3451018949722 -219.3898061467679
 334.6915605105399 858.8941220939307 -239.3896794857873 -469.1725153909004 -664.8795870391108
 282.6466254218274 906.3067794946598 -215.2625780833953 -744.3451018949722 -219.3898061467679
 282.6466254218274 906.3067794946598 -215.2625780833953 -744.3451018949722 -219.3898061467679
 282.6466254218274 906.3067794946598 -215.2625780833953 -744.3451018949722 -219.3898061467679
 2000.422331637245 2074.538844513429 -939.0732818002253 -473.1590234114949 -417.3674950493048
 282.6466254218274 906.3067794946598 -215.2625780833953 -744.3451018949722 -219.3898061467679
 282.6466254218274 906.3067794946598 -215.2625780833953 -744.3451018949722 -219.3898061467679
 282.6466254218274 906.3067794946598 -215.2625780833953 -744.3451018949722 -219.3898061467679
 537.4388598127416 673.2617754151647 -1632.411715022092 -2443.210061845185 -732.586064782122
 819.0105984717861 687.0331744188287 -582.9684203523888 -703.634029083387 -376.3883233918275
 60.94400290079672 695.7315811155743 619.6311979478605 -610.9097538437617 -683.4172737134868
 537.4388598127416 673.2617754151647 -1632.411715022092 -2443.210061845185 -732.586064782122
 282.6466254218274 906.3067794946598 -215.2625780833953 -744.3451018949722 -219.3898061467679
 282.6466254218274 906.3067794946598 -215.2625780833953 -744.3451018949722 -219.3898061467679
 282.6466254218274 906.3067794946598 -215.2625780833953 -744.3451018949722 -219.3898061467679
 -395.6941937287695 368.0150872482488 -120.3307858765793 -1019.387802506586 -33.76810866770572
 282.6466254218274 906.3067794946598 -215.2625780833953 -744.3451018949722 -219.3898061467679
 282.6466254218274 906.3067794946598 -215.2625780833953 -744.3451018949722 -219.3898061467679
 831.4447103449999 588.0896864182153 -635.8613528898286 -475.4061390625729 254.7346320004677
 -37.17434296954713 472.7456463927592 779.2179598365673 -733.9193186439043 -611.2366666536702
 282.6466254218274 906.3067794946598 -215.2625780833953 -744.3451018949722 -219.3898061467679
 282.6466254218274 906.3067794946598 -215.2625780833953 -744.3451018949722 -219.3898061467679
 831.4447103449999 588.0896864182153 -635.8613528898286 -475.4061390625729 254.7346320004677
 282.6466254218274 906.3067794946598 -215.2625780833953 -744.3451018949722 -219.3898061467679
 282.6466254218274 906.3067794946598 -215.2625780833953 -744.3451018949722 -219.3898061467679
 282.6466254218274 906.3067794946598 -215.2625780833953 -744.3451018949722 -219.3898061467679
 282.6466254218274 906.3067794946598 -215.2625780833953 -744.3451018949722 -219.3898061467679
 282.6466254218274 906.3067794946598 -215.2625780833953 -744.3451018949722 -219.3898061467679
 282.6466254218274 906.3067794946598 -215.2625780833953 -744.3451018949722 -219.3898061467679
 2000.422331637245 2074.538844513429 -939.0732818002253 -473.1590234114949 -417.3674950493048
 282.6466254218274 906.3067794946598 -215.2625780833953 -744.3451018949722 -219.3898061467679
 282.6466254218274 906.3067794946598 -215.2625780833953 -744.3451018949722 -219.3898061467679
 282.6466254218274 906.3067794946598 -215.2625780833953 -744.3451018949722 -219.3898061467679
 282.6466254218274 906.3067794946598 -215.2625780833953 -744.3451018949722 -219.3898061467679
 831.4447103449999 588.0896864182153 -635.8613528898286 -475.4061390625729 254.7346320004677
 -75.06740312843175 822.2397011276181 -381.8087102232338 -701.4053760595914 -481.3520439113863
 70.23496984896823 1048.659571424948 -108.6563440037851 -430.9546842776134 -596.0353129896708
 60.94400290079672 695.7315811155743 619.6311979478605 -610.9097538437617 -683.4172737134868
 282.6466254218274 906.3067794946598 -215.2625780833953 -744.3451018949722 -219.3898061467679
 -1199.963457753168 -3167.147354929061 919.0975570092843 217.6018849271486 1000.300014935895
 282.6466254218274 906.3067794946598 -215.2625780833953 -744.3451018949722 -219.3898061467679
 282.6466254218274 906.3067794946598 -215.2625780833953 -744.3451018949722 -219.3898061467679
 282.6466254218274 906.3067794946598 -215.2625780833953 -744.3451018949722 -219.3898061467679
 999.2187551722702 1438.695062195748 -742.1361039598164 -218.5955738220852 -676.1410610196757
 60.94400290079672 695.7315811155743 619.6311979478605 -610.9097538437617 -683.4172737134868
 282.6466254218274 906.3067794946598 -215.2625780833953 -744.3451018949722 -219.3898061467679
 282.6466254218274 906.3067794946598 -215.2625780833953 -744.3451018949722 -219.3898061467679
 432.0902760669761 1430.589929857484 31.09273000299419 -1057.505428027115 -359.8050308335131
 282.6466254218274 906.3067794946598 -215.2625780833953 -744.3451018949722 -219.3898061467679
 282.6466254218274 906.3067794946598 -215.2625780833953 -744.3451018949722 -219.3898061467679
 432.0902760669761 1430.589929857484 31.09273000299419 -1057.505428027115 -359.8050308335131
 -94.12521483200084 771.5322151940695 75.94524286863771 -821.5627633867912 -878.9750385822791
 158.1012762459609 681.3599374386605 26.7234900151276 -585.1365757598372 -25.62440448093798
 282.6466254218274 906.3067794946598 -215.2625780833953 -744.3451018949722 -219.3898061467679
 282.6466254218274 906.3067794946598 -215.2625780833953 -744.3451018949722 -219.3898061467679
 2.158806707391079 967.4680876458027 -523.4329720693147 -1069.585325018568 -242.3734398707444
 282.6466254218274 906.3067794946598 -215.2625780833953 -744.3451018949722 -219.3898061467679
 -395.6941937287695 368.0150872482488 -120.3307858765793 -1019.387802506586 -33.76810866770572
 282.6466254218274 906.3067794946598 -215.2625780833953 -744.3451018949722 -219.3898061467679
 282.6466254218274 906.3067794946598 -215.2625780833953 -744.3451018949722 -219.3898061467679
 282.6466254218274 906.3067794946598 -215.2625780833953 -744.3451018949722 -219.3898061467679
 999.2187551722702 1438.695062195748 -742.1361039598164 -218.5955738220852 -676.1410610196757
 282.6466254218274 906.3067794946598 -215.2625780833953 -744.3451018949722 -219.3898061467679
 282.6466254218274 906.3067794946598 -215.2625780833953 -744.3451018949722 -219.3898061467679
 282.6466254218274 906.3067794946598 -215.2625780833953 -744.3451018949722 -219.3898061467679
 282.6466254218274 906.3067794946598 -215.2625780833953 -744.3451018949722 -219.3898061467679
 282.6466254218274 906.3067794946598 -215.2625780833953 -744.3451018949722 -219.3898061467679
 162.2928842145858 864.7105611826747 -319.7782500507552 -879.2913287288839 -664.4811546680139
 55.6093460566982 1318.48797635192 154.1998952720486 -409.6104344113181 -564.5255321011822
 282.6466254218274 906.3067794946598 -215.2625780833953 -744.3451018949722 -219.3898061467679
 282.6466254218274 906.3067794946598 -215.2625780833953 -744.3451018949722 -219.3898061467679
 196.4869767653321 1118.029031197984 346.2174758318949 -1155.787618970341 -132.5826630947477
 779.1912523260889 20.78185930367937 -1861.178411845332 -415.4059533533297 358.9428431813191
 157.8062134968903 1185.435871781066 -133.0838927041561 -925.2794021248869 -636.1489129801147
 440.9467975333516 921.9139630076888 -218.8175086139865 -1290.575552584569 -417.582220734735
 420.5989305218079 633.1391723769464 137.8183586255022 -926.9367862651669 -79.56290977104723
