# Created by Octave 4.2.1, Mon Oct 09 17:08:47 2017 BRT <root@mosqueiro>
# name: pop
# type: matrix
# rows: 100
# columns: 5
 276.0702996119612 905.2506077261349 -215.4456355538434 -747.9803937496932 -218.394065997401
 276.0702996119612 905.2506077261349 -215.4456355538434 -747.9803937496932 -218.394065997401
 362.2743284017974 681.6873135697858 -84.7977561113872 -629.6755427099916 -330.0241601084915
 362.7068755537886 681.5709757381605 -85.68330670311961 -629.2924808749615 -329.2020968063024
 276.0702996119612 905.2506077261349 -215.4456355538434 -747.9803937496932 -218.394065997401
 276.066601499212 905.233738440377 -215.4335115771065 -747.9801909315107 -218.3946919876659
 276.0321245985859 904.7270381669618 -215.389296254879 -747.5114240255501 -218.3570827138969
 276.0707934150546 905.2371432214912 -215.4298976121692 -747.9777474604485 -218.4031267610089
 362.276388264076 681.6844340367496 -84.79731791143705 -629.6708707859333 -330.0207123453861
 276.066601499212 905.233738440377 -215.4335115771065 -747.9801909315107 -218.3946919876659
 276.0321245985859 904.7270381669618 -215.389296254879 -747.5114240255501 -218.3570827138969
 276.0653758979695 905.2341359818463 -215.4350730490331 -747.983189456303 -218.3945002940844
 276.066601499212 905.233738440377 -215.4335115771065 -747.9801909315107 -218.3946919876659
 276.0702996119612 905.2506077261349 -215.4456355538434 -747.9803937496932 -218.394065997401
 275.8767692791238 904.8039281520111 -215.279984676415 -747.6405709608055 -218.3369364619247
 276.0707934150546 905.2371432214912 -215.4298976121692 -747.9777474604485 -218.4031267610089
 276.0582257598963 905.2344569058214 -215.4278328734734 -747.9774830542121 -218.3944118464677
 276.0702996119612 905.2506077261349 -215.4456355538434 -747.9803937496932 -218.394065997401
 276.0707934150546 905.2371432214912 -215.4298976121692 -747.9777474604485 -218.4031267610089
 276.220817939728 904.7414563325145 -215.2835789097084 -747.5636126546362 -218.3697245678119
 276.0681179478975 905.2321316204014 -215.4298466264779 -747.9770262964425 -218.3913150595945
 362.2744656521115 681.6831122470462 -84.80118435186684 -629.6625052864381 -330.0131294759887
 276.0702996119612 905.2506077261349 -215.4456355538434 -747.9803937496932 -218.394065997401
 276.066601499212 905.233738440377 -215.4335115771065 -747.9801909315107 -218.3946919876659
 276.0340953304835 904.725756916226 -215.3904956597209 -747.5123159854069 -218.3627324088361
 276.0702996119612 905.2506077261349 -215.4456355538434 -747.9803937496932 -218.394065997401
 276.0702996119612 905.2506077261349 -215.4456355538434 -747.9803937496932 -218.394065997401
 362.3773151460949 681.9414997426386 -85.34855559596495 -629.2703760809022 -329.8347507000978
 276.0321245985859 904.7270381669618 -215.389296254879 -747.5114240255501 -218.3570827138969
 276.0702996119612 905.2506077261349 -215.4456355538434 -747.9803937496932 -218.394065997401
 276.0321245985859 904.7270381669618 -215.389296254879 -747.5114240255501 -218.3570827138969
 276.0321245985859 904.7270381669618 -215.389296254879 -747.5114240255501 -218.3570827138969
 362.2744656521115 681.6831122470462 -84.80118435186684 -629.6625052864381 -330.0131294759887
 276.0339998160685 904.7266487890172 -215.3892754029325 -747.5119916584755 -218.3564594408145
 276.066601499212 905.233738440377 -215.4335115771065 -747.9801909315107 -218.3946919876659
 276.213708009369 904.6280175648632 -214.908335924893 -747.894378007367 -218.661304112777
 362.2720280554868 681.687008690149 -84.79640619233382 -629.6742573522768 -330.0196124301274
 276.0702996119612 905.2506077261349 -215.4456355538434 -747.9803937496932 -218.394065997401
 276.0702996119612 905.2506077261349 -215.4456355538434 -747.9803937496932 -218.394065997401
 276.0702996119612 905.2506077261349 -215.4456355538434 -747.9803937496932 -218.394065997401
 276.066601499212 905.233738440377 -215.4335115771065 -747.9801909315107 -218.3946919876659
 276.0702996119612 905.2506077261349 -215.4456355538434 -747.9803937496932 -218.394065997401
 276.0582257598963 905.2344569058214 -215.4278328734734 -747.9774830542121 -218.3944118464677
 276.0710649709824 905.2354025745652 -215.4320755425147 -747.9846430997375 -218.3965066522279
 276.0702996119612 905.2506077261349 -215.4456355538434 -747.9803937496932 -218.394065997401
 276.0702996119612 905.2506077261349 -215.4456355538434 -747.9803937496932 -218.394065997401
 276.0702996119612 905.2506077261349 -215.4456355538434 -747.9803937496932 -218.394065997401
 276.066601499212 905.233738440377 -215.4335115771065 -747.9801909315107 -218.3946919876659
 362.3773151460949 681.9414997426386 -85.34855559596495 -629.2703760809022 -329.8347507000978
 276.0702996119612 905.2506077261349 -215.4456355538434 -747.9803937496932 -218.394065997401
 276.0321245985859 904.7270381669618 -215.389296254879 -747.5114240255501 -218.3570827138969
 276.0707934150546 905.2371432214912 -215.4298976121692 -747.9777474604485 -218.4031267610089
 276.0647690162441 905.2329975545651 -215.4342923861011 -747.9785613534922 -218.3936594359071
 276.066601499212 905.233738440377 -215.4335115771065 -747.9801909315107 -218.3946919876659
 276.0702996119612 905.2506077261349 -215.4456355538434 -747.9803937496932 -218.394065997401
 276.0321245985859 904.7270381669618 -215.389296254879 -747.5114240255501 -218.3570827138969
 276.066601499212 905.233738440377 -215.4335115771065 -747.9801909315107 -218.3946919876659
 276.0702996119612 905.2506077261349 -215.4456355538434 -747.9803937496932 -218.394065997401
 276.0666447304999 905.23580514198 -215.4336126619373 -747.9802509842933 -218.3972869355665
 276.0702996119612 905.2506077261349 -215.4456355538434 -747.9803937496932 -218.394065997401
 276.0702996119612 905.2506077261349 -215.4456355538434 -747.9803937496932 -218.394065997401
 276.0647690162441 905.2329975545651 -215.4342923861011 -747.9785613534922 -218.3936594359071
 362.4544244135162 682.108226740592 -85.35983848680877 -629.3250401362543 -329.2698855476028
 276.0321245985859 904.7270381669618 -215.389296254879 -747.5114240255501 -218.3570827138969
 276.0702996119612 905.2506077261349 -215.4456355538434 -747.9803937496932 -218.394065997401
 276.0702996119612 905.2506077261349 -215.4456355538434 -747.9803937496932 -218.394065997401
 362.2744756333913 681.6870990489296 -84.79715600699183 -629.67147926293 -330.0216315109387
 276.066601499212 905.233738440377 -215.4335115771065 -747.9801909315107 -218.3946919876659
 362.7068755537886 681.5709757381605 -85.68330670311961 -629.2924808749615 -329.2020968063024
 276.213708009369 904.6280175648632 -214.908335924893 -747.894378007367 -218.661304112777
 275.7141672063109 904.6932035958486 -215.2768630086068 -747.5363603386033 -218.2484051815914
 276.0341793074228 904.7259464797636 -215.3926389292385 -747.51436272992 -218.3610840695836
 276.0593303825582 905.2478793516152 -215.4456030546513 -747.983022419021 -218.3894691663695
 276.0471284282134 904.7011946024382 -215.3687014398772 -747.5192168840913 -218.3777787456521
 276.0582257598963 905.2344569058214 -215.4278328734734 -747.9774830542121 -218.3944118464677
 276.066601499212 905.233738440377 -215.4335115771065 -747.9801909315107 -218.3946919876659
 276.0340953304835 904.725756916226 -215.3904956597209 -747.5123159854069 -218.3627324088361
 275.8767692791238 904.8039281520111 -215.279984676415 -747.6405709608055 -218.3369364619247
 276.0339998160685 904.7266487890172 -215.3892754029325 -747.5119916584755 -218.3564594408145
 276.0471284282134 904.7011946024382 -215.3687014398772 -747.5192168840913 -218.3777787456521
 276.0706937466396 905.2372834505589 -215.4301918393144 -747.9776513662558 -218.4034755787779
 362.2746051944904 681.6871457086135 -84.79760506986943 -629.6709167394432 -330.0213359978442
 276.0698872396604 905.2508402943816 -215.4457449653554 -747.9801009671687 -218.3940745655964
 276.070110263125 905.2509054473541 -215.4453277164448 -747.980398253516 -218.3942136980403
