# Created by Octave 4.2.1, Mon Oct 09 17:07:19 2017 BRT <root@mosqueiro>
# name: pop
# type: matrix
# rows: 100
# columns: 5
 -288.9766869109384 661.0592014742051 -432.9260137876404 124.3443431199585 -63.85057413761285
 -288.9766869109384 661.0592014742051 -432.9260137876404 124.3443431199585 -63.85057413761285
 -271.0379025492509 696.9626400830557 -977.5120411968469 230.1427713404962 968.629191727737
 477.9583598695863 286.0668510409405 186.0789612576616 113.4448702116943 799.4029891240839
 787.9351381931267 691.8394657008666 -623.3676634563864 59.50849114740936 -842.51671029071
 -863.8404675458075 -633.9806911553011 655.3191634817197 -842.3069818210166 92.79138727861732
 319.9756114046447 175.5299572625361 8.310470475258398 -830.1191745699726 370.3759767659317
 -967.3227538869372 925.0810729356867 210.6321695381391 -487.4892279313477 159.7189061284657
 -825.4928664339302 976.3638305174211 673.9156611845642 590.4416086165329 -859.2795990466683
 -288.9766869109384 661.0592014742051 -432.9260137876404 124.3443431199585 -63.85057413761285
 223.3586059692359 2629.89839490376 2466.309203350552 528.812637123382 -1695.747936587344
 733.8459714008077 137.1452251917472 -404.7635356574488 703.2626456201147 -866.1472968707258
 826.6230786362919 -382.1627793785062 163.78375792272 -947.4450838561606 250.8823902586744
 319.9756114046447 175.5299572625361 8.310470475258398 -830.1191745699726 370.3759767659317
 319.9756114046447 175.5299572625361 8.310470475258398 -830.1191745699726 370.3759767659317
 614.8767300315669 -124.7296436564859 832.6911821541939 -940.4792341836353 -486.5135107517128
 -305.079317526778 -7.22494623676323 263.3670484347779 900.7030802791814 -875.1113838235673
 -22.8304448371149 -396.3435129113523 -699.0592089085778 432.2468588614206 -330.5032518741743
 -271.0379025492509 696.9626400830557 -977.5120411968469 230.1427713404962 968.629191727737
 -288.9766869109384 661.0592014742051 -432.9260137876404 124.3443431199585 -63.85057413761285
 319.9756114046447 175.5299572625361 8.310470475258398 -830.1191745699726 370.3759767659317
 24.58507734498062 -365.4331858284382 -273.7914613022093 -65.66105136664896 633.6638554691669
 1054.100065543914 4172.179673521426 2783.637088249102 -1860.248053876103 656.0890372954691
 -253.1466533394838 696.5418096863586 385.052362440236 -961.4287422179732 -714.4614506515661
 -128.4926558143852 446.0536713457227 -232.2986154622661 -314.6968191268268 881.7447072989899
 105.1704449140382 993.6137282080426 -558.4391903926412 898.6640739087832 478.4922392270159
 -5725.048278996781 2805.239535431863 -886.0663718035287 921.4584353030147 1456.920524501872
 -967.3227538869372 925.0810729356867 210.6321695381391 -487.4892279313477 159.7189061284657
 559.7511346571389 -827.2413283103332 286.9625738182153 22.78532025837922 167.4547812463011
 -1513.220877378078 -718.3740246074326 1406.500982815232 -2772.333111824651 -3019.304878167178
 -825.4928664339302 976.3638305174211 673.9156611845642 590.4416086165329 -859.2795990466683
 614.8767300315669 -124.7296436564859 832.6911821541939 -940.4792341836353 -486.5135107517128
 -506.2207298345501 273.3747152976225 -224.3631317483168 990.2202652707053 -742.783105104827
 -371.730264281311 856.5935051640215 -465.8031028908517 3769.792371657713 863.644756357987
 24.58507734498062 -365.4331858284382 -273.7914613022093 -65.66105136664896 633.6638554691669
 457.7274568034181 642.8249593969767 152.9469636382555 -173.3882764053584 -376.7259410385714
 -271.0379025492509 696.9626400830557 -977.5120411968469 230.1427713404962 968.629191727737
 457.7274568034181 642.8249593969767 152.9469636382555 -173.3882764053584 -376.7259410385714
 -288.9766869109384 661.0592014742051 -432.9260137876404 124.3443431199585 -63.85057413761285
 -191.2840703877944 -74.5591072069675 197.5980134345828 983.9277496750044 710.2695152019216
 -288.9766869109384 661.0592014742051 -432.9260137876404 124.3443431199585 -63.85057413761285
 -288.9766869109384 661.0592014742051 -432.9260137876404 124.3443431199585 -63.85057413761285
 -288.9766869109384 661.0592014742051 -432.9260137876404 124.3443431199585 -63.85057413761285
 1054.100065543914 4172.179673521426 2783.637088249102 -1860.248053876103 656.0890372954691
 614.8767300315669 -124.7296436564859 832.6911821541939 -940.4792341836353 -486.5135107517128
 926.8607471926143 -223.1151991526547 537.2899942221368 -30.6367132150466 791.7942539603769
 559.7511346571389 -827.2413283103332 286.9625738182153 22.78532025837922 167.4547812463011
 -288.9766869109384 661.0592014742051 -432.9260137876404 124.3443431199585 -63.85057413761285
 -883.2049181913626 1607.775547671483 -2272.316909486428 1144.593215616405 298.2505726710684
 -42.9491037653637 148.9354095549975 -473.529560497611 -987.496074666795 727.0665507140752
 319.9756114046447 175.5299572625361 8.310470475258398 -830.1191745699726 370.3759767659317
 -288.9766869109384 661.0592014742051 -432.9260137876404 124.3443431199585 -63.85057413761285
 -1928.677868441877 -911.2004161332293 2604.297288020615 -364.598391606143 -618.7477188097669
 -125.941423505758 1085.408721585052 6405.587504145062 733.4260400310692 4017.147393977924
 -825.4928664339302 976.3638305174211 673.9156611845642 590.4416086165329 -859.2795990466683
 -339.6261612136516 -259.8395098226632 -544.4840607980061 -245.4285442480767 -6.725585790303626
 -393.9407914042727 836.8022247812892 -412.4782533133967 -663.3099551524416 780.318110479358
 826.615799729092 -29.13799326439391 -626.1002208694661 -58.42555396201658 -129.6099820042765
 88.89190073198938 -944.3189477643414 565.5660906660896 714.2654064436872 921.2788351702545
 -72.2338963945889 166.5697229328557 802.3800295154756 -95.02001608376634 -160.9821665916694
 -288.9766869109384 661.0592014742051 -432.9260137876404 124.3443431199585 -63.85057413761285
 -271.0379025492509 696.9626400830557 -977.5120411968469 230.1427713404962 968.629191727737
 24.58507734498062 -365.4331858284382 -273.7914613022093 -65.66105136664896 633.6638554691669
 787.9351381931267 691.8394657008666 -623.3676634563864 59.50849114740936 -842.51671029071
 1400.515506894572 -1387.381216813473 -3493.837376716001 -440.1036246816032 269.9370067731911
 -288.9766869109384 661.0592014742051 -432.9260137876404 124.3443431199585 -63.85057413761285
 -125.941423505758 1085.408721585052 6405.587504145062 733.4260400310692 4017.147393977924
 -128.4926558143852 446.0536713457227 -232.2986154622661 -314.6968191268268 881.7447072989899
 826.615799729092 -29.13799326439391 -626.1002208694661 -58.42555396201658 -129.6099820042765
 -288.9766869109384 661.0592014742051 -432.9260137876404 124.3443431199585 -63.85057413761285
 -128.4926558143852 446.0536713457227 -232.2986154622661 -314.6968191268268 881.7447072989899
 1121.958178257336 469.8705023588515 -78.97495236086345 -1667.048794893183 858.5997118828813
 -288.9766869109384 661.0592014742051 -432.9260137876404 124.3443431199585 -63.85057413761285
 614.8767300315669 -124.7296436564859 832.6911821541939 -940.4792341836353 -486.5135107517128
 -863.8404675458075 -633.9806911553011 655.3191634817197 -842.3069818210166 92.79138727861732
 -288.9766869109384 661.0592014742051 -432.9260137876404 124.3443431199585 -63.85057413761285
 1400.515506894572 -1387.381216813473 -3493.837376716001 -440.1036246816032 269.9370067731911
 477.9583598695863 286.0668510409405 186.0789612576616 113.4448702116943 799.4029891240839
 429.7620845575666 -11.36092588723864 -154.706992780089 617.5067584263625 42.08629722194428
 787.9351381931267 691.8394657008666 -623.3676634563864 59.50849114740936 -842.51671029071
 -871.8309034040423 -287.950814390805 -75.44987952153258 2991.296552523639 1084.703471146202
 -3958.573330208258 26.04443362122331 1242.123005735857 -2943.754523702367 -207.6107535502562
 2534.741731045566 1394.630597556612 -1072.032278634147 -362.534514505611 1202.735025194805
 -670.5544610104703 -67.77567367130064 1318.208659156298 416.0831060475263 2787.744429847301
