# Created by Octave 4.2.1, Mon Oct 09 17:07:22 2017 BRT <root@mosqueiro>
# name: pop
# type: matrix
# rows: 100
# columns: 5
 -288.9766869109384 661.0592014742051 -432.9260137876404 124.3443431199585 -63.85057413761285
 -288.9766869109384 661.0592014742051 -432.9260137876404 124.3443431199585 -63.85057413761285
 -883.2049181913626 1607.775547671483 -2272.316909486428 1144.593215616405 298.2505726710684
 -288.9766869109384 661.0592014742051 -432.9260137876404 124.3443431199585 -63.85057413761285
 2154.690076015862 4081.933531443538 -1517.057241209252 -2149.174317471186 1428.35790901372
 -3905.620269174745 2958.165603559414 -1564.989415961191 474.2801670163824 3154.163873223639
 -271.0379025492509 696.9626400830557 -977.5120411968469 230.1427713404962 968.629191727737
 -288.9766869109384 661.0592014742051 -432.9260137876404 124.3443431199585 -63.85057413761285
 -288.9766869109384 661.0592014742051 -432.9260137876404 124.3443431199585 -63.85057413761285
 -288.9766869109384 661.0592014742051 -432.9260137876404 124.3443431199585 -63.85057413761285
 505.3813193915759 -2148.178054877786 -1664.836264578274 -1582.011319912107 2316.655945899309
 -288.9766869109384 661.0592014742051 -432.9260137876404 124.3443431199585 -63.85057413761285
 -339.6261612136516 -259.8395098226632 -544.4840607980061 -245.4285442480767 -6.725585790303626
 29.3831097958452 -1862.461968467717 -1678.825399872199 783.2819331086738 2333.090485620452
 -288.9766869109384 661.0592014742051 -432.9260137876404 124.3443431199585 -63.85057413761285
 -1178.332593543212 -2687.432283602781 3517.243137025118 -2314.017251856452 1276.074782974928
 -3905.620269174745 2958.165603559414 -1564.989415961191 474.2801670163824 3154.163873223639
 -288.9766869109384 661.0592014742051 -432.9260137876404 124.3443431199585 -63.85057413761285
 -288.9766869109384 661.0592014742051 -432.9260137876404 124.3443431199585 -63.85057413761285
 -288.9766869109384 661.0592014742051 -432.9260137876404 124.3443431199585 -63.85057413761285
 -288.9766869109384 661.0592014742051 -432.9260137876404 124.3443431199585 -63.85057413761285
 -288.9766869109384 661.0592014742051 -432.9260137876404 124.3443431199585 -63.85057413761285
 -288.9766869109384 661.0592014742051 -432.9260137876404 124.3443431199585 -63.85057413761285
 -2270.203738481728 -979.1653170497714 -1313.845943422685 1576.271694395909 -2124.381769910273
 -288.9766869109384 661.0592014742051 -432.9260137876404 124.3443431199585 -63.85057413761285
 -288.9766869109384 661.0592014742051 -432.9260137876404 124.3443431199585 -63.85057413761285
 -288.9766869109384 661.0592014742051 -432.9260137876404 124.3443431199585 -63.85057413761285
 -288.9766869109384 661.0592014742051 -432.9260137876404 124.3443431199585 -63.85057413761285
 -288.9766869109384 661.0592014742051 -432.9260137876404 124.3443431199585 -63.85057413761285
 -288.9766869109384 661.0592014742051 -432.9260137876404 124.3443431199585 -63.85057413761285
 -288.9766869109384 661.0592014742051 -432.9260137876404 124.3443431199585 -63.85057413761285
 1121.958178257336 469.8705023588515 -78.97495236086345 -1667.048794893183 858.5997118828813
 -288.9766869109384 661.0592014742051 -432.9260137876404 124.3443431199585 -63.85057413761285
 319.9756114046447 175.5299572625361 8.310470475258398 -830.1191745699726 370.3759767659317
 -883.2049181913626 1607.775547671483 -2272.316909486428 1144.593215616405 298.2505726710684
 -288.9766869109384 661.0592014742051 -432.9260137876404 124.3443431199585 -63.85057413761285
 93.5285181266604 -2160.787353231722 -842.2466782592562 -1316.852492244916 1776.343200234727
 -883.2049181913626 1607.775547671483 -2272.316909486428 1144.593215616405 298.2505726710684
 -713.5776310429414 -227.8659972237984 -1490.620820103542 2112.144801304447 -1101.883263512802
 -288.9766869109384 661.0592014742051 -432.9260137876404 124.3443431199585 -63.85057413761285
 -259.5922156625786 5.855746702416013 1084.19574864512 -1027.366384005032 -1477.753796577284
 -288.9766869109384 661.0592014742051 -432.9260137876404 124.3443431199585 -63.85057413761285
 -288.9766869109384 661.0592014742051 -432.9260137876404 124.3443431199585 -63.85057413761285
 -2222.444294158065 2711.679842491588 -3293.679702265295 -750.5138635216315 2012.382191457446
 -288.9766869109384 661.0592014742051 -432.9260137876404 124.3443431199585 -63.85057413761285
 -288.9766869109384 661.0592014742051 -432.9260137876404 124.3443431199585 -63.85057413761285
 -288.9766869109384 661.0592014742051 -432.9260137876404 124.3443431199585 -63.85057413761285
 -1570.40090893041 1982.78171041613 -3107.787174564386 2002.10094800432 1272.593529682267
 -288.9766869109384 661.0592014742051 -432.9260137876404 124.3443431199585 -63.85057413761285
 -288.9766869109384 661.0592014742051 -432.9260137876404 124.3443431199585 -63.85057413761285
 24.58507734498062 -365.4331858284382 -273.7914613022093 -65.66105136664896 633.6638554691669
 2154.690076015862 4081.933531443538 -1517.057241209252 -2149.174317471186 1428.35790901372
 -288.9766869109384 661.0592014742051 -432.9260137876404 124.3443431199585 -63.85057413761285
 -288.9766869109384 661.0592014742051 -432.9260137876404 124.3443431199585 -63.85057413761285
 -288.9766869109384 661.0592014742051 -432.9260137876404 124.3443431199585 -63.85057413761285
 -288.9766869109384 661.0592014742051 -432.9260137876404 124.3443431199585 -63.85057413761285
 -288.9766869109384 661.0592014742051 -432.9260137876404 124.3443431199585 -63.85057413761285
 319.9756114046447 175.5299572625361 8.310470475258398 -830.1191745699726 370.3759767659317
 -288.9766869109384 661.0592014742051 -432.9260137876404 124.3443431199585 -63.85057413761285
 -288.9766869109384 661.0592014742051 -432.9260137876404 124.3443431199585 -63.85057413761285
 -288.9766869109384 661.0592014742051 -432.9260137876404 124.3443431199585 -63.85057413761285
 -288.9766869109384 661.0592014742051 -432.9260137876404 124.3443431199585 -63.85057413761285
 -883.2049181913626 1607.775547671483 -2272.316909486428 1144.593215616405 298.2505726710684
 -288.9766869109384 661.0592014742051 -432.9260137876404 124.3443431199585 -63.85057413761285
 -288.9766869109384 661.0592014742051 -432.9260137876404 124.3443431199585 -63.85057413761285
 -288.9766869109384 661.0592014742051 -432.9260137876404 124.3443431199585 -63.85057413761285
 -288.9766869109384 661.0592014742051 -432.9260137876404 124.3443431199585 -63.85057413761285
 -288.9766869109384 661.0592014742051 -432.9260137876404 124.3443431199585 -63.85057413761285
 -288.9766869109384 661.0592014742051 -432.9260137876404 124.3443431199585 -63.85057413761285
 614.8767300315669 -124.7296436564859 832.6911821541939 -940.4792341836353 -486.5135107517128
 -288.9766869109384 661.0592014742051 -432.9260137876404 124.3443431199585 -63.85057413761285
 1738.056254653501 1157.278065900138 -2398.429479532649 424.1850485926411 2335.52816697569
 319.9756114046447 175.5299572625361 8.310470475258398 -830.1191745699726 370.3759767659317
 2154.690076015862 4081.933531443538 -1517.057241209252 -2149.174317471186 1428.35790901372
 -288.9766869109384 661.0592014742051 -432.9260137876404 124.3443431199585 -63.85057413761285
 -288.9766869109384 661.0592014742051 -432.9260137876404 124.3443431199585 -63.85057413761285
 -1178.332593543212 -2687.432283602781 3517.243137025118 -2314.017251856452 1276.074782974928
 -288.9766869109384 661.0592014742051 -432.9260137876404 124.3443431199585 -63.85057413761285
 1548.344783987193 2856.85017908828 -4012.268317799379 2630.918530032315 1002.029850011338
 -288.9766869109384 661.0592014742051 -432.9260137876404 124.3443431199585 -63.85057413761285
 307.5088484914216 1096.749062426842 2075.595854461887 -2310.705286735212 -2882.528912579375
 1042.958011123198 1495.740523987013 -1804.316495975037 3382.67349290478 2296.968313952634
 175.7224280311181 2068.21359873799 -424.6200842976575 1894.969592718984 1251.214378430576
 -121.5421184496032 888.1022659416943 -169.7500803698676 -69.08105815131566 -1306.378297102875
