# Created by Octave 4.2.1, Mon Oct 09 17:08:12 2017 BRT <root@mosqueiro>
# name: pop
# type: matrix
# rows: 100
# columns: 5
 -321.6085088441704 346.5671789504737 -85.73898048319823 -283.4682419002572 343.2702919635962
 -325.5135440085846 354.8521097273314 -91.81993765100161 -283.841883403808 345.3604068176763
 -321.5904311882744 346.709131939294 -85.64716460054845 -283.8357471432075 343.4532056019443
 -321.2819192310895 346.5329995551954 -85.93380989757357 -283.5970179835426 343.5131990763173
 -325.7064929141454 354.7931690088444 -91.82092458369513 -283.6953632952274 345.3568328027746
 -321.4823466092553 346.5364506505706 -85.6948194135429 -283.6177910964803 343.3627847763279
 -325.5135440085846 354.8521097273314 -91.81993765100161 -283.841883403808 345.3604068176763
 -321.4823466092553 346.5364506505706 -85.6948194135429 -283.6177910964803 343.3627847763279
 -321.252237094492 346.7355686524439 -85.82316288309201 -283.7123206670935 343.709496743891
 -321.4823466092553 346.5364506505706 -85.6948194135429 -283.6177910964803 343.3627847763279
 -325.7064929141454 354.7931690088444 -91.82092458369513 -283.6953632952274 345.3568328027746
 -321.4725654139743 346.5933718426737 -85.68591151613714 -283.6018887267589 343.316803194651
 -324.7588811196099 352.0545502415362 -101.2918868109469 -283.5652668467005 356.5031598528622
 -321.4823466092553 346.5364506505706 -85.6948194135429 -283.6177910964803 343.3627847763279
 -321.4823466092553 346.5364506505706 -85.6948194135429 -283.6177910964803 343.3627847763279
 -321.4823466092553 346.5364506505706 -85.6948194135429 -283.6177910964803 343.3627847763279
 -325.5135440085846 354.8521097273314 -91.81993765100161 -283.841883403808 345.3604068176763
 -264.0820630962835 364.5870192678217 -46.65091594658078 -368.8805266014903 314.5867737243634
 -321.6085088441704 346.5671789504737 -85.73898048319823 -283.4682419002572 343.2702919635962
 -325.4609388237779 354.9189162011851 -91.79156510528865 -283.6814357914529 345.2620495497451
 -321.6085088441704 346.5671789504737 -85.73898048319823 -283.4682419002572 343.2702919635962
 -264.0820630962835 364.5870192678217 -46.65091594658078 -368.8805266014903 314.5867737243634
 -325.5135440085846 354.8521097273314 -91.81993765100161 -283.841883403808 345.3604068176763
 -262.2306714726993 364.7773923165431 -51.06514580650062 -368.1840966124439 317.8782913792746
 -315.7534172233873 344.4105078716177 -97.24021048949895 -284.7869856098234 355.6465494905394
 -325.5135440085846 354.8521097273314 -91.81993765100161 -283.841883403808 345.3604068176763
 -314.3415423931393 346.8355871233189 -98.92981770937993 -285.1647853885632 355.0326918779872
 -314.3415423931393 346.8355871233189 -98.92981770937993 -285.1647853885632 355.0326918779872
 -325.4609388237779 354.9189162011851 -91.79156510528865 -283.6814357914529 345.2620495497451
 -316.1130375194663 345.473644533309 -99.11738448669817 -285.0583860034878 355.4623733693939
 -321.6085088441704 346.5671789504737 -85.73898048319823 -283.4682419002572 343.2702919635962
 -316.1130375194663 345.473644533309 -99.11738448669817 -285.0583860034878 355.4623733693939
 -321.4823466092553 346.5364506505706 -85.6948194135429 -283.6177910964803 343.3627847763279
 -325.5135440085846 354.8521097273314 -91.81993765100161 -283.841883403808 345.3604068176763
 -321.4823466092553 346.5364506505706 -85.6948194135429 -283.6177910964803 343.3627847763279
 -325.6615409759034 354.701953891509 -91.73672924850136 -284.0762757098802 345.3569082657216
 -325.5135440085846 354.8521097273314 -91.81993765100161 -283.841883403808 345.3604068176763
 -329.725480256013 352.8027898226292 -89.78176245879443 -280.0143111084408 345.0779385023151
 -321.4823466092553 346.5364506505706 -85.6948194135429 -283.6177910964803 343.3627847763279
 -321.4823466092553 346.5364506505706 -85.6948194135429 -283.6177910964803 343.3627847763279
 -325.5135440085846 354.8521097273314 -91.81993765100161 -283.841883403808 345.3604068176763
 -321.6085088441704 346.5671789504737 -85.73898048319823 -283.4682419002572 343.2702919635962
 -325.5135440085846 354.8521097273314 -91.81993765100161 -283.841883403808 345.3604068176763
 -321.4823466092553 346.5364506505706 -85.6948194135429 -283.6177910964803 343.3627847763279
 -316.6328258802245 345.2531959670995 -100.3727531140923 -285.3349091409536 354.7325525831357
 -321.4823466092553 346.5364506505706 -85.6948194135429 -283.6177910964803 343.3627847763279
 -316.0334882701042 344.8037977579107 -96.37573138330136 -284.9444559916985 354.9287354850479
 -262.2306714726993 364.7773923165431 -51.06514580650062 -368.1840966124439 317.8782913792746
 -325.5135440085846 354.8521097273314 -91.81993765100161 -283.841883403808 345.3604068176763
 -325.4609388237779 354.9189162011851 -91.79156510528865 -283.6814357914529 345.2620495497451
 -316.1130375194663 345.473644533309 -99.11738448669817 -285.0583860034878 355.4623733693939
 -325.5135440085846 354.8521097273314 -91.81993765100161 -283.841883403808 345.3604068176763
 -321.4823466092553 346.5364506505706 -85.6948194135429 -283.6177910964803 343.3627847763279
 -325.5135440085846 354.8521097273314 -91.81993765100161 -283.841883403808 345.3604068176763
 -320.9359005631148 346.3845172478323 -85.5636193803207 -284.2035198066486 343.537694679012
 -321.4823466092553 346.5364506505706 -85.6948194135429 -283.6177910964803 343.3627847763279
 -321.3090370115689 346.1180840979255 -85.01001812433864 -283.2860402611876 343.3181980213527
 -321.6085088441704 346.5671789504737 -85.73898048319823 -283.4682419002572 343.2702919635962
 -316.6328258802245 345.2531959670995 -100.3727531140923 -285.3349091409536 354.7325525831357
 -325.7064929141454 354.7931690088444 -91.82092458369513 -283.6953632952274 345.3568328027746
 -325.497152230275 354.7040894493754 -91.66235151565529 -283.76980780607 345.1757526151987
 -314.3415423931393 346.8355871233189 -98.92981770937993 -285.1647853885632 355.0326918779872
 -329.725480256013 352.8027898226292 -89.78176245879443 -280.0143111084408 345.0779385023151
 -264.0820630962835 364.5870192678217 -46.65091594658078 -368.8805266014903 314.5867737243634
 -325.5135440085846 354.8521097273314 -91.81993765100161 -283.841883403808 345.3604068176763
 -325.5135440085846 354.8521097273314 -91.81993765100161 -283.841883403808 345.3604068176763
 -321.4823466092553 346.5364506505706 -85.6948194135429 -283.6177910964803 343.3627847763279
 -321.4823466092553 346.5364506505706 -85.6948194135429 -283.6177910964803 343.3627847763279
 -321.5182661523157 346.5938100408284 -85.77333772019371 -283.6100306358586 343.3764377186261
 -316.1130375194663 345.473644533309 -99.11738448669817 -285.0583860034878 355.4623733693939
 -316.5118930627694 345.3866111797617 -100.4182815809463 -285.539138580649 354.9277326488967
 -321.6085088441704 346.5671789504737 -85.73898048319823 -283.4682419002572 343.2702919635962
 -329.725480256013 352.8027898226292 -89.78176245879443 -280.0143111084408 345.0779385023151
 -316.1130375194663 345.473644533309 -99.11738448669817 -285.0583860034878 355.4623733693939
 -325.5135440085846 354.8521097273314 -91.81993765100161 -283.841883403808 345.3604068176763
 -321.4823466092553 346.5364506505706 -85.6948194135429 -283.6177910964803 343.3627847763279
 -264.0820630962835 364.5870192678217 -46.65091594658078 -368.8805266014903 314.5867737243634
 -264.0820630962835 364.5870192678217 -46.65091594658078 -368.8805266014903 314.5867737243634
 -325.5135440085846 354.8521097273314 -91.81993765100161 -283.841883403808 345.3604068176763
 -325.5135440085846 354.8521097273314 -91.81993765100161 -283.841883403808 345.3604068176763
 -321.5404263895091 346.5602834458589 -85.70111509468757 -283.5217445230695 343.3995446326011
 -321.4038850525386 346.5538148474391 -85.7139768379693 -283.6165351851126 343.35872463788
 -321.6200340840742 346.5263759176294 -85.72445040905696 -283.4267094333344 343.273346105835
 -325.5814083403357 354.6657631171065 -91.60201930432073 -283.7801466636634 345.1643541790141
