# Created by Octave 4.2.1, Mon Oct 09 17:08:43 2017 BRT <root@mosqueiro>
# name: pop
# type: matrix
# rows: 100
# columns: 5
 276.066601499212 905.233738440377 -215.4335115771065 -747.9801909315107 -218.3946919876659
 362.2744756333913 681.6870990489296 -84.79715600699183 -629.67147926293 -330.0216315109387
 362.2744756333913 681.6870990489296 -84.79715600699183 -629.67147926293 -330.0216315109387
 275.8845291712934 904.7956299156979 -215.2506351719081 -747.6358669674788 -218.3242436061646
 276.213708009369 904.6280175648632 -214.908335924893 -747.894378007367 -218.661304112777
 362.2744756333913 681.6870990489296 -84.79715600699183 -629.67147926293 -330.0216315109387
 276.066601499212 905.233738440377 -215.4335115771065 -747.9801909315107 -218.3946919876659
 275.8845291712934 904.7956299156979 -215.2506351719081 -747.6358669674788 -218.3242436061646
 275.8845291712934 904.7956299156979 -215.2506351719081 -747.6358669674788 -218.3242436061646
 276.066601499212 905.233738440377 -215.4335115771065 -747.9801909315107 -218.3946919876659
 276.066601499212 905.233738440377 -215.4335115771065 -747.9801909315107 -218.3946919876659
 275.8845291712934 904.7956299156979 -215.2506351719081 -747.6358669674788 -218.3242436061646
 275.8845291712934 904.7956299156979 -215.2506351719081 -747.6358669674788 -218.3242436061646
 275.8845291712934 904.7956299156979 -215.2506351719081 -747.6358669674788 -218.3242436061646
 275.8845291712934 904.7956299156979 -215.2506351719081 -747.6358669674788 -218.3242436061646
 275.8845291712934 904.7956299156979 -215.2506351719081 -747.6358669674788 -218.3242436061646
 362.2908114606146 681.9947733287162 -85.3256931663785 -629.4361636232836 -329.7043784632028
 276.0059683209917 905.1657682137328 -215.1241398252418 -747.2462189446431 -219.255565592728
 276.066601499212 905.233738440377 -215.4335115771065 -747.9801909315107 -218.3946919876659
 350.684172684752 704.2069350537399 -93.38123230266557 -619.3003027314555 -338.1036294159525
 350.684172684752 704.2069350537399 -93.38123230266557 -619.3003027314555 -338.1036294159525
 275.8845291712934 904.7956299156979 -215.2506351719081 -747.6358669674788 -218.3242436061646
 277.4790389489874 904.1953051170284 -216.0126035431265 -745.5956064960714 -218.9813198847033
 275.8845291712934 904.7956299156979 -215.2506351719081 -747.6358669674788 -218.3242436061646
 362.9511847535373 681.891607544404 -85.03015058834173 -629.3452252367582 -329.7393971208263
 275.8845291712934 904.7956299156979 -215.2506351719081 -747.6358669674788 -218.3242436061646
 276.066601499212 905.233738440377 -215.4335115771065 -747.9801909315107 -218.3946919876659
 275.8845291712934 904.7956299156979 -215.2506351719081 -747.6358669674788 -218.3242436061646
 275.8845291712934 904.7956299156979 -215.2506351719081 -747.6358669674788 -218.3242436061646
 350.6067726261194 700.161050167539 -86.1490481787951 -632.3698954355405 -332.9182764076751
 362.7068755537886 681.5709757381605 -85.68330670311961 -629.2924808749615 -329.2020968063024
 275.8845291712934 904.7956299156979 -215.2506351719081 -747.6358669674788 -218.3242436061646
 276.066601499212 905.233738440377 -215.4335115771065 -747.9801909315107 -218.3946919876659
 275.8845291712934 904.7956299156979 -215.2506351719081 -747.6358669674788 -218.3242436061646
 362.2908114606146 681.9947733287162 -85.3256931663785 -629.4361636232836 -329.7043784632028
 362.2744756333913 681.6870990489296 -84.79715600699183 -629.67147926293 -330.0216315109387
 275.8845291712934 904.7956299156979 -215.2506351719081 -747.6358669674788 -218.3242436061646
 349.6015819344486 700.5565550472957 -87.98384364233046 -629.0107744053387 -331.9708475263887
 275.8845291712934 904.7956299156979 -215.2506351719081 -747.6358669674788 -218.3242436061646
 275.8845291712934 904.7956299156979 -215.2506351719081 -747.6358669674788 -218.3242436061646
 275.8845291712934 904.7956299156979 -215.2506351719081 -747.6358669674788 -218.3242436061646
 362.7068755537886 681.5709757381605 -85.68330670311961 -629.2924808749615 -329.2020968063024
 276.066601499212 905.233738440377 -215.4335115771065 -747.9801909315107 -218.3946919876659
 275.8845291712934 904.7956299156979 -215.2506351719081 -747.6358669674788 -218.3242436061646
 349.6015819344486 700.5565550472957 -87.98384364233046 -629.0107744053387 -331.9708475263887
 362.2744756333913 681.6870990489296 -84.79715600699183 -629.67147926293 -330.0216315109387
 275.8845291712934 904.7956299156979 -215.2506351719081 -747.6358669674788 -218.3242436061646
 275.8845291712934 904.7956299156979 -215.2506351719081 -747.6358669674788 -218.3242436061646
 276.066601499212 905.233738440377 -215.4335115771065 -747.9801909315107 -218.3946919876659
 275.8845291712934 904.7956299156979 -215.2506351719081 -747.6358669674788 -218.3242436061646
 275.8845291712934 904.7956299156979 -215.2506351719081 -747.6358669674788 -218.3242436061646
 275.8845291712934 904.7956299156979 -215.2506351719081 -747.6358669674788 -218.3242436061646
 276.0059683209917 905.1657682137328 -215.1241398252418 -747.2462189446431 -219.255565592728
 362.4544244135162 682.108226740592 -85.35983848680877 -629.3250401362543 -329.2698855476028
 362.2908114606146 681.9947733287162 -85.3256931663785 -629.4361636232836 -329.7043784632028
 275.7556328115556 904.61017384756 -214.7931460827434 -747.769962298092 -217.880674907212
 276.066601499212 905.233738440377 -215.4335115771065 -747.9801909315107 -218.3946919876659
 275.8845291712934 904.7956299156979 -215.2506351719081 -747.6358669674788 -218.3242436061646
 275.8845291712934 904.7956299156979 -215.2506351719081 -747.6358669674788 -218.3242436061646
 275.8845291712934 904.7956299156979 -215.2506351719081 -747.6358669674788 -218.3242436061646
 275.8845291712934 904.7956299156979 -215.2506351719081 -747.6358669674788 -218.3242436061646
 275.8845291712934 904.7956299156979 -215.2506351719081 -747.6358669674788 -218.3242436061646
 349.6015819344486 700.5565550472957 -87.98384364233046 -629.0107744053387 -331.9708475263887
 275.8845291712934 904.7956299156979 -215.2506351719081 -747.6358669674788 -218.3242436061646
 347.9857205250955 711.8313313980757 -45.26387743888314 -617.0904801580666 -343.2515721665088
 275.8845291712934 904.7956299156979 -215.2506351719081 -747.6358669674788 -218.3242436061646
 275.8845291712934 904.7956299156979 -215.2506351719081 -747.6358669674788 -218.3242436061646
 275.8845291712934 904.7956299156979 -215.2506351719081 -747.6358669674788 -218.3242436061646
 276.066601499212 905.233738440377 -215.4335115771065 -747.9801909315107 -218.3946919876659
 362.2744756333913 681.6870990489296 -84.79715600699183 -629.67147926293 -330.0216315109387
 275.8845291712934 904.7956299156979 -215.2506351719081 -747.6358669674788 -218.3242436061646
 362.4544244135162 682.108226740592 -85.35983848680877 -629.3250401362543 -329.2698855476028
 275.8845291712934 904.7956299156979 -215.2506351719081 -747.6358669674788 -218.3242436061646
 362.2908114606146 681.9947733287162 -85.3256931663785 -629.4361636232836 -329.7043784632028
 276.213708009369 904.6280175648632 -214.908335924893 -747.894378007367 -218.661304112777
 275.8845291712934 904.7956299156979 -215.2506351719081 -747.6358669674788 -218.3242436061646
 275.8845291712934 904.7956299156979 -215.2506351719081 -747.6358669674788 -218.3242436061646
 276.213708009369 904.6280175648632 -214.908335924893 -747.894378007367 -218.661304112777
 275.8845291712934 904.7956299156979 -215.2506351719081 -747.6358669674788 -218.3242436061646
 275.8845291712934 904.7956299156979 -215.2506351719081 -747.6358669674788 -218.3242436061646
 276.220817939728 904.7414563325145 -215.2835789097084 -747.5636126546362 -218.3697245678119
 363.0119137576564 681.7907343314973 -84.8816744182011 -629.4134346407363 -329.5354270653871
 275.7878421348864 905.3085828129618 -215.5147337216019 -747.8443417287776 -218.5429697039366
 275.9324110454514 904.8046046084498 -215.0743389768922 -747.6991787320965 -218.4353051623567
