# Created by Octave 4.2.1, Mon Oct 09 17:08:29 2017 BRT <root@mosqueiro>
# name: pop
# type: matrix
# rows: 100
# columns: 5
 282.6466254218274 906.3067794946598 -215.2625780833953 -744.3451018949722 -219.3898061467679
 282.6466254218274 906.3067794946598 -215.2625780833953 -744.3451018949722 -219.3898061467679
 282.6466254218274 906.3067794946598 -215.2625780833953 -744.3451018949722 -219.3898061467679
 1162.049907011839 177.1653182621731 -1661.911924419399 -433.3329292952509 392.489120912691
 282.6466254218274 906.3067794946598 -215.2625780833953 -744.3451018949722 -219.3898061467679
 282.6466254218274 906.3067794946598 -215.2625780833953 -744.3451018949722 -219.3898061467679
 282.6466254218274 906.3067794946598 -215.2625780833953 -744.3451018949722 -219.3898061467679
 999.2187551722702 1438.695062195748 -742.1361039598164 -218.5955738220852 -676.1410610196757
 282.6466254218274 906.3067794946598 -215.2625780833953 -744.3451018949722 -219.3898061467679
 282.6466254218274 906.3067794946598 -215.2625780833953 -744.3451018949722 -219.3898061467679
 282.6466254218274 906.3067794946598 -215.2625780833953 -744.3451018949722 -219.3898061467679
 282.6466254218274 906.3067794946598 -215.2625780833953 -744.3451018949722 -219.3898061467679
 282.6466254218274 906.3067794946598 -215.2625780833953 -744.3451018949722 -219.3898061467679
 282.6466254218274 906.3067794946598 -215.2625780833953 -744.3451018949722 -219.3898061467679
 282.6466254218274 906.3067794946598 -215.2625780833953 -744.3451018949722 -219.3898061467679
 282.6466254218274 906.3067794946598 -215.2625780833953 -744.3451018949722 -219.3898061467679
 282.6466254218274 906.3067794946598 -215.2625780833953 -744.3451018949722 -219.3898061467679
 282.6466254218274 906.3067794946598 -215.2625780833953 -744.3451018949722 -219.3898061467679
 874.6132428936878 2791.769933959568 -1115.6571161252 12.48329371259297 1671.845773321379
 282.6466254218274 906.3067794946598 -215.2625780833953 -744.3451018949722 -219.3898061467679
 282.6466254218274 906.3067794946598 -215.2625780833953 -744.3451018949722 -219.3898061467679
 282.6466254218274 906.3067794946598 -215.2625780833953 -744.3451018949722 -219.3898061467679
 -1199.963457753168 -3167.147354929061 919.0975570092843 217.6018849271486 1000.300014935895
 282.6466254218274 906.3067794946598 -215.2625780833953 -744.3451018949722 -219.3898061467679
 983.5042890380433 3473.14759800224 1641.787412548473 -2285.071314870906 571.096098811366
 282.6466254218274 906.3067794946598 -215.2625780833953 -744.3451018949722 -219.3898061467679
 -369.0228928718118 1772.064850426676 -1773.772271303576 -1417.843050875442 3544.068384322925
 -66.92183153725227 223.9918175622283 708.993341268985 -159.5457728295037 -677.9949406864059
 282.6466254218274 906.3067794946598 -215.2625780833953 -744.3451018949722 -219.3898061467679
 137.3061097381568 -2137.430985479467 -46.96860768430543 1388.200520867664 3330.194982444352
 282.6466254218274 906.3067794946598 -215.2625780833953 -744.3451018949722 -219.3898061467679
 1570.755335140884 1233.624928082944 1419.553718424816 -1714.315621236849 -1055.727668356332
 -37.17434296954713 472.7456463927592 779.2179598365673 -733.9193186439043 -611.2366666536702
 1162.049907011839 177.1653182621731 -1661.911924419399 -433.3329292952509 392.489120912691
 282.6466254218274 906.3067794946598 -215.2625780833953 -744.3451018949722 -219.3898061467679
 282.6466254218274 906.3067794946598 -215.2625780833953 -744.3451018949722 -219.3898061467679
 656.7604221729393 885.2687544570041 313.8385374466114 -821.2750565999078 -863.6231256654357
 282.6466254218274 906.3067794946598 -215.2625780833953 -744.3451018949722 -219.3898061467679
 3191.796032508031 523.6401655346745 -367.9090963169324 647.2216505431688 194.6373972439347
 282.6466254218274 906.3067794946598 -215.2625780833953 -744.3451018949722 -219.3898061467679
 137.3061097381568 -2137.430985479467 -46.96860768430543 1388.200520867664 3330.194982444352
 -1199.963457753168 -3167.147354929061 919.0975570092843 217.6018849271486 1000.300014935895
 282.6466254218274 906.3067794946598 -215.2625780833953 -744.3451018949722 -219.3898061467679
 282.6466254218274 906.3067794946598 -215.2625780833953 -744.3451018949722 -219.3898061467679
 282.6466254218274 906.3067794946598 -215.2625780833953 -744.3451018949722 -219.3898061467679
 282.6466254218274 906.3067794946598 -215.2625780833953 -744.3451018949722 -219.3898061467679
 -37.17434296954713 472.7456463927592 779.2179598365673 -733.9193186439043 -611.2366666536702
 282.6466254218274 906.3067794946598 -215.2625780833953 -744.3451018949722 -219.3898061467679
 348.5413780797718 942.4320560247512 -1711.796625648311 -2189.68317361886 -1033.734678911911
 282.6466254218274 906.3067794946598 -215.2625780833953 -744.3451018949722 -219.3898061467679
 -66.92183153725227 223.9918175622283 708.993341268985 -159.5457728295037 -677.9949406864059
 282.6466254218274 906.3067794946598 -215.2625780833953 -744.3451018949722 -219.3898061467679
 519.1881607984017 -170.1722159537701 -897.0667289754474 17.25802107036986 954.3807338326062
 282.6466254218274 906.3067794946598 -215.2625780833953 -744.3451018949722 -219.3898061467679
 137.3061097381568 -2137.430985479467 -46.96860768430543 1388.200520867664 3330.194982444352
 999.2187551722702 1438.695062195748 -742.1361039598164 -218.5955738220852 -676.1410610196757
 282.6466254218274 906.3067794946598 -215.2625780833953 -744.3451018949722 -219.3898061467679
 282.6466254218274 906.3067794946598 -215.2625780833953 -744.3451018949722 -219.3898061467679
 -66.92183153725227 223.9918175622283 708.993341268985 -159.5457728295037 -677.9949406864059
 1412.972266718245 1403.982201078696 -937.8088899786087 -1843.334815039818 -1082.933029118273
 282.6466254218274 906.3067794946598 -215.2625780833953 -744.3451018949722 -219.3898061467679
 1136.083894508133 -1753.582068263167 -2620.669204032647 1527.262306905232 2480.516571803845
 -37.17434296954713 472.7456463927592 779.2179598365673 -733.9193186439043 -611.2366666536702
 -66.92183153725227 223.9918175622283 708.993341268985 -159.5457728295037 -677.9949406864059
 282.6466254218274 906.3067794946598 -215.2625780833953 -744.3451018949722 -219.3898061467679
 -1199.963457753168 -3167.147354929061 919.0975570092843 217.6018849271486 1000.300014935895
 282.6466254218274 906.3067794946598 -215.2625780833953 -744.3451018949722 -219.3898061467679
 282.6466254218274 906.3067794946598 -215.2625780833953 -744.3451018949722 -219.3898061467679
 -66.92183153725227 223.9918175622283 708.993341268985 -159.5457728295037 -677.9949406864059
 279.7472277449499 -745.5595765177851 792.6490584717176 310.6921349535924 -1330.814020215067
 282.6466254218274 906.3067794946598 -215.2625780833953 -744.3451018949722 -219.3898061467679
 519.1881607984017 -170.1722159537701 -897.0667289754474 17.25802107036986 954.3807338326062
 282.6466254218274 906.3067794946598 -215.2625780833953 -744.3451018949722 -219.3898061467679
 634.3199645829002 685.6181530225401 66.94614026111805 -1028.779626605466 1040.109935276198
 282.6466254218274 906.3067794946598 -215.2625780833953 -744.3451018949722 -219.3898061467679
 540.3248000136566 -378.2608159340157 -3799.819563936065 1640.558275708239 2990.780687065437
 282.6466254218274 906.3067794946598 -215.2625780833953 -744.3451018949722 -219.3898061467679
 282.6466254218274 906.3067794946598 -215.2625780833953 -744.3451018949722 -219.3898061467679
 2351.653078348369 920.4719096041858 1894.028329325226 -1513.655443239442 -786.8779499329532
 2351.653078348369 920.4719096041858 1894.028329325226 -1513.655443239442 -786.8779499329532
 831.4447103449999 588.0896864182153 -635.8613528898286 -475.4061390625729 254.7346320004677
 1409.14703652571 -2065.554534613692 1277.20245742078 -445.6014432264668 -401.0542099359631
 465.9486738977048 650.2257556561491 -616.0333593744796 -1048.241299152111 -249.381570582991
 991.393391062992 1654.092064483796 138.5897243473781 -431.1931022367403 127.2317827033267
