# Created by Octave 4.2.1, Mon Oct 09 17:08:21 2017 BRT <root@mosqueiro>
# name: pop
# type: matrix
# rows: 100
# columns: 5
 282.6466254218274 906.3067794946598 -215.2625780833953 -744.3451018949722 -219.3898061467679
 282.6466254218274 906.3067794946598 -215.2625780833953 -744.3451018949722 -219.3898061467679
 -996.7600257053978 190.2545822803818 632.7287079524449 884.1193376769952 -270.7216619503105
 282.6466254218274 906.3067794946598 -215.2625780833953 -744.3451018949722 -219.3898061467679
 -1689.559169443024 -4578.9991291514 -1971.973139343967 1165.642067808983 1114.622668077306
 -66.92183153725227 223.9918175622283 708.993341268985 -159.5457728295037 -677.9949406864059
 -112.9401951817749 456.7318523222143 -546.3148074714293 -279.6520396716184 -151.3362247228686
 910.7771047088872 924.9569150876468 -350.480579418733 -908.7257905015466 -956.2818635599378
 142.7724977760683 -656.3839252666387 474.6204484051632 -273.610748649623 -682.9860472241937
 -242.5766753587266 -731.4459364102736 -585.0669204148724 686.7935743880389 832.1488799356418
 -110.6141758455067 792.3188271341851 1867.073370240687 3685.864477973939 -636.9531233398602
 910.7771047088872 924.9569150876468 -350.480579418733 -908.7257905015466 -956.2818635599378
 282.6466254218274 906.3067794946598 -215.2625780833953 -744.3451018949722 -219.3898061467679
 956.9167422432151 -682.0515184451667 -883.6195266423578 694.805659248359 751.6358193616943
 -66.92183153725227 223.9918175622283 708.993341268985 -159.5457728295037 -677.9949406864059
 -112.9401951817749 456.7318523222143 -546.3148074714293 -279.6520396716184 -151.3362247228686
 -537.1992020062428 -219.5833504031096 291.727030061679 87.73218262463229 420.8017166838886
 -2189.039338280948 -789.9763235162708 -2055.161152874374 321.0770417766192 -2712.975506561904
 -806.765213180703 -807.8746995128762 592.2205631442409 867.6166637622864 -820.1433116840301
 -537.1992020062428 -219.5833504031096 291.727030061679 87.73218262463229 420.8017166838886
 563.5604485891924 562.0938373638535 -460.9865047482656 23.13728240551336 302.9523731003628
 -333.5870688755728 734.5287742822461 -429.9944491762296 -16.47201511999435 -338.5796655917662
 -93.59023646726598 594.7817849895791 7.864272784412265 -675.2825765346015 147.9834179188981
 -146.7020358018219 380.5689496991013 -927.3281842176945 970.4625576992062 463.291544257218
 677.3142851986051 -146.1883222256778 236.8294169003793 414.1935061979236 -233.4506295034114
 110.9338947961562 -2152.824359557917 1119.788532701726 634.9074833250301 -205.4586228952476
 -242.5766753587266 -731.4459364102736 -585.0669204148724 686.7935743880389 832.1488799356418
 -646.9024032977757 3055.088219914533 1227.343264565201 -419.5497985898812 -1141.126176828508
 -66.92183153725227 223.9918175622283 708.993341268985 -159.5457728295037 -677.9949406864059
 -537.1992020062428 -219.5833504031096 291.727030061679 87.73218262463229 420.8017166838886
 -996.7600257053978 190.2545822803818 632.7287079524449 884.1193376769952 -270.7216619503105
 -66.92183153725227 223.9918175622283 708.993341268985 -159.5457728295037 -677.9949406864059
 910.7771047088872 924.9569150876468 -350.480579418733 -908.7257905015466 -956.2818635599378
 -684.3405665445368 962.6311357682825 79.03663243092365 -522.9499841176627 809.41254270233
 -2189.039338280948 -789.9763235162708 -2055.161152874374 321.0770417766192 -2712.975506561904
 -991.3010027234835 141.1925135440922 811.8428057015942 -86.92873278768991 163.8774108331193
 724.9452622634619 844.7143102456412 -907.1958233579572 692.0944807730136 181.2418685083412
 2174.652151211104 3618.189113761301 877.7155212268667 1133.104710165871 -855.7714427001137
 282.6466254218274 906.3067794946598 -215.2625780833953 -744.3451018949722 -219.3898061467679
 -333.5870688755728 734.5287742822461 -429.9944491762296 -16.47201511999435 -338.5796655917662
 282.6466254218274 906.3067794946598 -215.2625780833953 -744.3451018949722 -219.3898061467679
 -880.6579892011929 -123.8428693577774 472.7280108438038 -970.8121391287696 31.30738827173559
 956.9167422432151 -682.0515184451667 -883.6195266423578 694.805659248359 751.6358193616943
 -242.5766753587266 -731.4459364102736 -585.0669204148724 686.7935743880389 832.1488799356418
 -959.0797575290156 560.7043662139743 -550.4888509760851 523.0802909091337 793.6913804775786
 282.6466254218274 906.3067794946598 -215.2625780833953 -744.3451018949722 -219.3898061467679
 121.3160616196587 -810.896127436798 907.4811402044666 173.8815870259743 -199.5809286360643
 -497.6431769798738 -995.8512948570816 -278.6275212672701 -572.9603143994989 878.3128697768334
 -66.92183153725227 223.9918175622283 708.993341268985 -159.5457728295037 -677.9949406864059
 -66.92183153725227 223.9918175622283 708.993341268985 -159.5457728295037 -677.9949406864059
 600.1069292558897 2901.344299067268 -1715.455567355503 2166.952818739703 -2907.426848059593
 -93.59023646726598 594.7817849895791 7.864272784412265 -675.2825765346015 147.9834179188981
 282.6466254218274 906.3067794946598 -215.2625780833953 -744.3451018949722 -219.3898061467679
 -93.59023646726598 594.7817849895791 7.864272784412265 -675.2825765346015 147.9834179188981
 61.20900455387823 -98.25615028439358 -824.8867273921267 -614.6921576403009 19.89103583001997
 282.6466254218274 906.3067794946598 -215.2625780833953 -744.3451018949722 -219.3898061467679
 -806.765213180703 -807.8746995128762 592.2205631442409 867.6166637622864 -820.1433116840301
 -167.3695806073662 728.9153766282561 -894.2304258795294 -439.0835183565579 -775.3239911973571
 -2189.039338280948 -789.9763235162708 -2055.161152874374 321.0770417766192 -2712.975506561904
 677.3142851986051 -146.1883222256778 236.8294169003793 414.1935061979236 -233.4506295034114
 -66.92183153725227 223.9918175622283 708.993341268985 -159.5457728295037 -677.9949406864059
 677.3142851986051 -146.1883222256778 236.8294169003793 414.1935061979236 -233.4506295034114
 -93.59023646726598 594.7817849895791 7.864272784412265 -675.2825765346015 147.9834179188981
 -4486.34301537437 576.5899761547128 592.9123929283204 1773.949589144928 -2636.895863803367
 470.9675995507305 613.4446144798262 556.4901943746406 -328.1133173587457 507.913524761859
 -991.3010027234835 141.1925135440922 811.8428057015942 -86.92873278768991 163.8774108331193
 -880.6579892011929 -123.8428693577774 472.7280108438038 -970.8121391287696 31.30738827173559
 -66.92183153725227 223.9918175622283 708.993341268985 -159.5457728295037 -677.9949406864059
 -242.5766753587266 -731.4459364102736 -585.0669204148724 686.7935743880389 832.1488799356418
 984.3745905593621 -323.0357034557551 -452.9606501394348 482.7367891633578 241.6352888016054
 879.9071385199422 271.8788258070419 -660.690601804584 -90.53776109544685 -310.3072662725474
 519.1881607984017 -170.1722159537701 -897.0667289754474 17.25802107036986 954.3807338326062
 677.3142851986051 -146.1883222256778 236.8294169003793 414.1935061979236 -233.4506295034114
 -242.5766753587266 -731.4459364102736 -585.0669204148724 686.7935743880389 832.1488799356418
 993.4064160046512 426.2361417785082 869.9478025995938 -876.1471819165384 -867.6386990535757
 110.9338947961562 -2152.824359557917 1119.788532701726 634.9074833250301 -205.4586228952476
 -66.92183153725227 223.9918175622283 708.993341268985 -159.5457728295037 -677.9949406864059
 -880.6579892011929 -123.8428693577774 472.7280108438038 -970.8121391287696 31.30738827173559
 956.9167422432151 -682.0515184451667 -883.6195266423578 694.805659248359 751.6358193616943
 -497.6431769798738 -995.8512948570816 -278.6275212672701 -572.9603143994989 878.3128697768334
 -3791.721411028564 2255.155379991112 -2301.307602768302 -3765.584515112915 2374.328828433294
 -2399.708234218812 4398.39088778082 -998.0598311134698 -277.9491864442269 -1508.610722032674
 -1894.288692815961 3090.015236803347 -1248.621973207456 -626.292757172359 -130.0667171872365
 -252.4787799794911 2931.446354150939 -2013.608323937771 1794.424450630948 -446.4662474915319
