# Created by Octave 4.2.1, Mon Oct 09 17:08:45 2017 BRT <root@mosqueiro>
# name: pop
# type: matrix
# rows: 100
# columns: 5
 276.066601499212 905.233738440377 -215.4335115771065 -747.9801909315107 -218.3946919876659
 276.066601499212 905.233738440377 -215.4335115771065 -747.9801909315107 -218.3946919876659
 275.8845291712934 904.7956299156979 -215.2506351719081 -747.6358669674788 -218.3242436061646
 362.2744756333913 681.6870990489296 -84.79715600699183 -629.67147926293 -330.0216315109387
 276.066601499212 905.233738440377 -215.4335115771065 -747.9801909315107 -218.3946919876659
 362.7068755537886 681.5709757381605 -85.68330670311961 -629.2924808749615 -329.2020968063024
 362.2744756333913 681.6870990489296 -84.79715600699183 -629.67147926293 -330.0216315109387
 275.8845291712934 904.7956299156979 -215.2506351719081 -747.6358669674788 -218.3242436061646
 275.8845291712934 904.7956299156979 -215.2506351719081 -747.6358669674788 -218.3242436061646
 275.8845291712934 904.7956299156979 -215.2506351719081 -747.6358669674788 -218.3242436061646
 275.8845291712934 904.7956299156979 -215.2506351719081 -747.6358669674788 -218.3242436061646
 276.066601499212 905.233738440377 -215.4335115771065 -747.9801909315107 -218.3946919876659
 362.3730803529781 681.949834084868 -85.33734884526122 -629.2672245813466 -329.8317305153052
 276.066601499212 905.233738440377 -215.4335115771065 -747.9801909315107 -218.3946919876659
 362.2744756333913 681.6870990489296 -84.79715600699183 -629.67147926293 -330.0216315109387
 362.2908114606146 681.9947733287162 -85.3256931663785 -629.4361636232836 -329.7043784632028
 277.46842398876 904.1013609120287 -215.9758742088062 -745.603123905419 -218.9174943807247
 276.066601499212 905.233738440377 -215.4335115771065 -747.9801909315107 -218.3946919876659
 276.066601499212 905.233738440377 -215.4335115771065 -747.9801909315107 -218.3946919876659
 275.8845291712934 904.7956299156979 -215.2506351719081 -747.6358669674788 -218.3242436061646
 276.1236754411912 905.2590514103838 -215.4816543808572 -748.0067888479614 -218.3538112116655
 276.066601499212 905.233738440377 -215.4335115771065 -747.9801909315107 -218.3946919876659
 276.066601499212 905.233738440377 -215.4335115771065 -747.9801909315107 -218.3946919876659
 362.2744756333913 681.6870990489296 -84.79715600699183 -629.67147926293 -330.0216315109387
 362.2744756333913 681.6870990489296 -84.79715600699183 -629.67147926293 -330.0216315109387
 276.1236754411912 905.2590514103838 -215.4816543808572 -748.0067888479614 -218.3538112116655
 275.8845291712934 904.7956299156979 -215.2506351719081 -747.6358669674788 -218.3242436061646
 276.066601499212 905.233738440377 -215.4335115771065 -747.9801909315107 -218.3946919876659
 362.2744756333913 681.6870990489296 -84.79715600699183 -629.67147926293 -330.0216315109387
 275.8845291712934 904.7956299156979 -215.2506351719081 -747.6358669674788 -218.3242436061646
 275.716368492239 904.6947219220385 -215.2735320916971 -747.5370746969413 -218.2520528431681
 276.066601499212 905.233738440377 -215.4335115771065 -747.9801909315107 -218.3946919876659
 275.8845291712934 904.7956299156979 -215.2506351719081 -747.6358669674788 -218.3242436061646
 275.8845291712934 904.7956299156979 -215.2506351719081 -747.6358669674788 -218.3242436061646
 275.8845291712934 904.7956299156979 -215.2506351719081 -747.6358669674788 -218.3242436061646
 276.213708009369 904.6280175648632 -214.908335924893 -747.894378007367 -218.661304112777
 275.8845291712934 904.7956299156979 -215.2506351719081 -747.6358669674788 -218.3242436061646
 276.220817939728 904.7414563325145 -215.2835789097084 -747.5636126546362 -218.3697245678119
 275.8845291712934 904.7956299156979 -215.2506351719081 -747.6358669674788 -218.3242436061646
 276.066601499212 905.233738440377 -215.4335115771065 -747.9801909315107 -218.3946919876659
 276.1650134377438 905.3014133319413 -215.4692208950544 -748.0483061274774 -218.3956327251958
 276.066601499212 905.233738440377 -215.4335115771065 -747.9801909315107 -218.3946919876659
 276.066601499212 905.233738440377 -215.4335115771065 -747.9801909315107 -218.3946919876659
 350.6800951344337 704.1964974380123 -93.34111405711884 -619.357132582557 -338.1410880774364
 350.684172684752 704.2069350537399 -93.38123230266557 -619.3003027314555 -338.1036294159525
 275.8845291712934 904.7956299156979 -215.2506351719081 -747.6358669674788 -218.3242436061646
 276.0013439690577 905.134903986722 -215.4329312252782 -747.9831971334073 -218.457576157631
 276.066601499212 905.233738440377 -215.4335115771065 -747.9801909315107 -218.3946919876659
 275.8845291712934 904.7956299156979 -215.2506351719081 -747.6358669674788 -218.3242436061646
 276.213708009369 904.6280175648632 -214.908335924893 -747.894378007367 -218.661304112777
 276.066601499212 905.233738440377 -215.4335115771065 -747.9801909315107 -218.3946919876659
 275.8845291712934 904.7956299156979 -215.2506351719081 -747.6358669674788 -218.3242436061646
 362.2197335101371 682.0133161466443 -85.28828504369302 -629.4904301470669 -329.7119330197504
 275.8979504635664 904.7592499013105 -215.2484923193945 -747.6237491883949 -218.255672523332
 362.2744756333913 681.6870990489296 -84.79715600699183 -629.67147926293 -330.0216315109387
 276.066601499212 905.233738440377 -215.4335115771065 -747.9801909315107 -218.3946919876659
 362.2744756333913 681.6870990489296 -84.79715600699183 -629.67147926293 -330.0216315109387
 276.220817939728 904.7414563325145 -215.2835789097084 -747.5636126546362 -218.3697245678119
 276.066601499212 905.233738440377 -215.4335115771065 -747.9801909315107 -218.3946919876659
 362.2744756333913 681.6870990489296 -84.79715600699183 -629.67147926293 -330.0216315109387
 362.2744756333913 681.6870990489296 -84.79715600699183 -629.67147926293 -330.0216315109387
 275.8845291712934 904.7956299156979 -215.2506351719081 -747.6358669674788 -218.3242436061646
 347.9311415548879 711.9858482417676 -45.42040451747508 -616.9014593755988 -343.3614205854157
 275.8845291712934 904.7956299156979 -215.2506351719081 -747.6358669674788 -218.3242436061646
 276.0439830033526 904.7072845219053 -215.3722372555692 -747.5190393165694 -218.3817224962644
 276.066601499212 905.233738440377 -215.4335115771065 -747.9801909315107 -218.3946919876659
 276.066601499212 905.233738440377 -215.4335115771065 -747.9801909315107 -218.3946919876659
 350.6800951344337 704.1964974380123 -93.34111405711884 -619.357132582557 -338.1410880774364
 362.2744756333913 681.6870990489296 -84.79715600699183 -629.67147926293 -330.0216315109387
 275.8845291712934 904.7956299156979 -215.2506351719081 -747.6358669674788 -218.3242436061646
 276.066601499212 905.233738440377 -215.4335115771065 -747.9801909315107 -218.3946919876659
 349.6015819344486 700.5565550472957 -87.98384364233046 -629.0107744053387 -331.9708475263887
 362.2744756333913 681.6870990489296 -84.79715600699183 -629.67147926293 -330.0216315109387
 276.213708009369 904.6280175648632 -214.908335924893 -747.894378007367 -218.661304112777
 362.4544244135162 682.108226740592 -85.35983848680877 -629.3250401362543 -329.2698855476028
 276.066601499212 905.233738440377 -215.4335115771065 -747.9801909315107 -218.3946919876659
 362.2744756333913 681.6870990489296 -84.79715600699183 -629.67147926293 -330.0216315109387
 362.2744756333913 681.6870990489296 -84.79715600699183 -629.67147926293 -330.0216315109387
 276.066601499212 905.233738440377 -215.4335115771065 -747.9801909315107 -218.3946919876659
 276.1650134377438 905.3014133319413 -215.4692208950544 -748.0483061274774 -218.3956327251958
 276.0576398153709 905.2454198850662 -215.4278678690742 -747.9689872737628 -218.3992408962895
 276.0495588835788 905.2459009628745 -215.4250838210183 -747.9967750097197 -218.3947902177006
 276.0485377373822 905.3006741075585 -215.3353941766035 -748.0396955844424 -218.3979343158211
 362.2906454567697 681.6616985027927 -84.78184664071414 -629.6693656552583 -330.0465672304468
