# Created by Octave 4.2.1, Mon Oct 09 17:06:53 2017 BRT <root@mosqueiro>
# name: pop
# type: matrix
# rows: 100
# columns: 5
 458.6585320637209 -63.34174233924648 -518.5875542202955 738.7709262897456 -581.0494691775859
 458.6585320637209 -63.34174233924648 -518.5875542202955 738.7709262897456 -581.0494691775859
 -525.1327575431651 712.1808807568025 337.7699801170158 172.6633553916822 -509.0927386764164
 458.6585320637209 -63.34174233924648 -518.5875542202955 738.7709262897456 -581.0494691775859
 -700.6373447603983 636.3420564911839 579.2829263023514 266.2841382236745 -825.4225567087169
 458.6585320637209 -63.34174233924648 -518.5875542202955 738.7709262897456 -581.0494691775859
 -986.8067664004438 -2362.189582444912 -1482.682456427097 994.0071294893902 2764.030812613519
 458.6585320637209 -63.34174233924648 -518.5875542202955 738.7709262897456 -581.0494691775859
 -2401.171317345864 469.9480168052307 264.1480270756585 -2993.073932474438 288.256861858314
 285.4777379818561 160.7903400906416 -376.6603556475973 996.2981808258003 -621.2506233217405
 -991.6299526886266 934.9922478446474 800.7137495803565 317.8244831754785 613.1803454931653
 246.3918588294393 -986.5280738935621 -403.0579106933181 -551.4047188330838 -768.9261588622899
 458.6585320637209 -63.34174233924648 -518.5875542202955 738.7709262897456 -581.0494691775859
 458.6585320637209 -63.34174233924648 -518.5875542202955 738.7709262897456 -581.0494691775859
 458.6585320637209 -63.34174233924648 -518.5875542202955 738.7709262897456 -581.0494691775859
 -547.4530985601768 95.42386109127119 478.3833307123521 -563.1692896339441 590.3060496704363
 -81.19010187493942 -1270.932126114031 2480.671253734065 693.8887715476751 195.4020133975039
 458.6585320637209 -63.34174233924648 -518.5875542202955 738.7709262897456 -581.0494691775859
 458.6585320637209 -63.34174233924648 -518.5875542202955 738.7709262897456 -581.0494691775859
 458.6585320637209 -63.34174233924648 -518.5875542202955 738.7709262897456 -581.0494691775859
 458.6585320637209 -63.34174233924648 -518.5875542202955 738.7709262897456 -581.0494691775859
 -547.4530985601768 95.42386109127119 478.3833307123521 -563.1692896339441 590.3060496704363
 -525.1327575431651 712.1808807568025 337.7699801170158 172.6633553916822 -509.0927386764164
 458.6585320637209 -63.34174233924648 -518.5875542202955 738.7709262897456 -581.0494691775859
 458.6585320637209 -63.34174233924648 -518.5875542202955 738.7709262897456 -581.0494691775859
 458.6585320637209 -63.34174233924648 -518.5875542202955 738.7709262897456 -581.0494691775859
 183.929931382953 -1040.651044510984 2086.462268410036 588.6420523958637 -1031.150065428296
 575.0647957844608 666.6901623222459 123.9617030951972 -308.5745867872644 -702.1914067401822
 -700.6373447603983 636.3420564911839 579.2829263023514 266.2841382236745 -825.4225567087169
 -1120.324029103175 -85.08982222062832 2114.02976671781 3245.566897763728 -1734.940990734775
 458.6585320637209 -63.34174233924648 -518.5875542202955 738.7709262897456 -581.0494691775859
 458.6585320637209 -63.34174233924648 -518.5875542202955 738.7709262897456 -581.0494691775859
 458.6585320637209 -63.34174233924648 -518.5875542202955 738.7709262897456 -581.0494691775859
 -316.426323952464 -2052.108267143289 -394.2277199944456 1556.798101326071 1171.971717794392
 458.6585320637209 -63.34174233924648 -518.5875542202955 738.7709262897456 -581.0494691775859
 458.6585320637209 -63.34174233924648 -518.5875542202955 738.7709262897456 -581.0494691775859
 458.6585320637209 -63.34174233924648 -518.5875542202955 738.7709262897456 -581.0494691775859
 -986.8067664004438 -2362.189582444912 -1482.682456427097 994.0071294893902 2764.030812613519
 458.6585320637209 -63.34174233924648 -518.5875542202955 738.7709262897456 -581.0494691775859
 458.6585320637209 -63.34174233924648 -518.5875542202955 738.7709262897456 -581.0494691775859
 458.6585320637209 -63.34174233924648 -518.5875542202955 738.7709262897456 -581.0494691775859
 458.6585320637209 -63.34174233924648 -518.5875542202955 738.7709262897456 -581.0494691775859
 458.6585320637209 -63.34174233924648 -518.5875542202955 738.7709262897456 -581.0494691775859
 630.8429687574073 -194.3621090268412 671.8371153004127 373.3544715133389 -735.101864491383
 -547.4530985601768 95.42386109127119 478.3833307123521 -563.1692896339441 590.3060496704363
 458.6585320637209 -63.34174233924648 -518.5875542202955 738.7709262897456 -581.0494691775859
 -547.4530985601768 95.42386109127119 478.3833307123521 -563.1692896339441 590.3060496704363
 458.6585320637209 -63.34174233924648 -518.5875542202955 738.7709262897456 -581.0494691775859
 -700.6373447603983 636.3420564911839 579.2829263023514 266.2841382236745 -825.4225567087169
 458.6585320637209 -63.34174233924648 -518.5875542202955 738.7709262897456 -581.0494691775859
 630.8429687574073 -194.3621090268412 671.8371153004127 373.3544715133389 -735.101864491383
 458.6585320637209 -63.34174233924648 -518.5875542202955 738.7709262897456 -581.0494691775859
 285.4777379818561 160.7903400906416 -376.6603556475973 996.2981808258003 -621.2506233217405
 458.6585320637209 -63.34174233924648 -518.5875542202955 738.7709262897456 -581.0494691775859
 -1274.444805500705 -3792.733345348127 -63.28821184216326 683.5007157724664 -2989.380180752237
 27.04770610785431 -304.163938585812 483.3043916347615 274.9924046806889 -340.4518367413648
 458.6585320637209 -63.34174233924648 -518.5875542202955 738.7709262897456 -581.0494691775859
 554.4575828423276 3042.390580744156 -2937.024152963382 2490.280074144227 430.6133312039647
 458.6585320637209 -63.34174233924648 -518.5875542202955 738.7709262897456 -581.0494691775859
 458.6585320637209 -63.34174233924648 -518.5875542202955 738.7709262897456 -581.0494691775859
 458.6585320637209 -63.34174233924648 -518.5875542202955 738.7709262897456 -581.0494691775859
 458.6585320637209 -63.34174233924648 -518.5875542202955 738.7709262897456 -581.0494691775859
 -584.3577878740671 -545.7004367169891 76.59569650015726 305.8020933670923 2927.485612851167
 458.6585320637209 -63.34174233924648 -518.5875542202955 738.7709262897456 -581.0494691775859
 575.0647957844608 666.6901623222459 123.9617030951972 -308.5745867872644 -702.1914067401822
 458.6585320637209 -63.34174233924648 -518.5875542202955 738.7709262897456 -581.0494691775859
 458.6585320637209 -63.34174233924648 -518.5875542202955 738.7709262897456 -581.0494691775859
 458.6585320637209 -63.34174233924648 -518.5875542202955 738.7709262897456 -581.0494691775859
 458.6585320637209 -63.34174233924648 -518.5875542202955 738.7709262897456 -581.0494691775859
 458.6585320637209 -63.34174233924648 -518.5875542202955 738.7709262897456 -581.0494691775859
 630.8429687574073 -194.3621090268412 671.8371153004127 373.3544715133389 -735.101864491383
 458.6585320637209 -63.34174233924648 -518.5875542202955 738.7709262897456 -581.0494691775859
 -883.5108011593263 1098.96122664895 549.1351355986625 1725.606749486353 -2454.886976539605
 458.6585320637209 -63.34174233924648 -518.5875542202955 738.7709262897456 -581.0494691775859
 285.4777379818561 160.7903400906416 -376.6603556475973 996.2981808258003 -621.2506233217405
 458.6585320637209 -63.34174233924648 -518.5875542202955 738.7709262897456 -581.0494691775859
 458.6585320637209 -63.34174233924648 -518.5875542202955 738.7709262897456 -581.0494691775859
 458.6585320637209 -63.34174233924648 -518.5875542202955 738.7709262897456 -581.0494691775859
 458.6585320637209 -63.34174233924648 -518.5875542202955 738.7709262897456 -581.0494691775859
 -883.5108011593263 1098.96122664895 549.1351355986625 1725.606749486353 -2454.886976539605
 2243.92310876941 1241.684012892056 8.176673410077001 -667.8635002454866 -780.6471839939547
 57.43799099814635 -863.996978658011 390.1618045612556 1918.49887493827 -935.0170818732972
 1570.441893372422 1167.465183053963 -8.938959828098575 210.5288880885061 550.0869063403261
 353.4462799194636 310.118160150779 652.581205827355 -1695.633667101546 -716.0229839487669
