# Created by Octave 4.2.1, Mon Oct 09 17:08:46 2017 BRT <root@mosqueiro>
# name: pop
# type: matrix
# rows: 100
# columns: 5
 276.0702996119612 905.2506077261349 -215.4456355538434 -747.9803937496932 -218.394065997401
 276.0321245985859 904.7270381669618 -215.389296254879 -747.5114240255501 -218.3570827138969
 362.7068755537886 681.5709757381605 -85.68330670311961 -629.2924808749615 -329.2020968063024
 275.716368492239 904.6947219220385 -215.2735320916971 -747.5370746969413 -218.2520528431681
 362.2744756333913 681.6870990489296 -84.79715600699183 -629.67147926293 -330.0216315109387
 275.8845291712934 904.7956299156979 -215.2506351719081 -747.6358669674788 -218.3242436061646
 276.066601499212 905.233738440377 -215.4335115771065 -747.9801909315107 -218.3946919876659
 362.2744756333913 681.6870990489296 -84.79715600699183 -629.67147926293 -330.0216315109387
 276.066601499212 905.233738440377 -215.4335115771065 -747.9801909315107 -218.3946919876659
 276.220817939728 904.7414563325145 -215.2835789097084 -747.5636126546362 -218.3697245678119
 276.0702996119612 905.2506077261349 -215.4456355538434 -747.9803937496932 -218.394065997401
 276.0707934150546 905.2371432214912 -215.4298976121692 -747.9777474604485 -218.4031267610089
 276.213708009369 904.6280175648632 -214.908335924893 -747.894378007367 -218.661304112777
 275.8845291712934 904.7956299156979 -215.2506351719081 -747.6358669674788 -218.3242436061646
 276.066601499212 905.233738440377 -215.4335115771065 -747.9801909315107 -218.3946919876659
 362.2744756333913 681.6870990489296 -84.79715600699183 -629.67147926293 -330.0216315109387
 276.066601499212 905.233738440377 -215.4335115771065 -747.9801909315107 -218.3946919876659
 350.684172684752 704.2069350537399 -93.38123230266557 -619.3003027314555 -338.1036294159525
 362.2744756333913 681.6870990489296 -84.79715600699183 -629.67147926293 -330.0216315109387
 350.6800951344337 704.1964974380123 -93.34111405711884 -619.357132582557 -338.1410880774364
 362.2744756333913 681.6870990489296 -84.79715600699183 -629.67147926293 -330.0216315109387
 276.066601499212 905.233738440377 -215.4335115771065 -747.9801909315107 -218.3946919876659
 276.066601499212 905.233738440377 -215.4335115771065 -747.9801909315107 -218.3946919876659
 275.8767692791238 904.8039281520111 -215.279984676415 -747.6405709608055 -218.3369364619247
 276.0321245985859 904.7270381669618 -215.389296254879 -747.5114240255501 -218.3570827138969
 276.213708009369 904.6280175648632 -214.908335924893 -747.894378007367 -218.661304112777
 275.8845291712934 904.7956299156979 -215.2506351719081 -747.6358669674788 -218.3242436061646
 275.8845291712934 904.7956299156979 -215.2506351719081 -747.6358669674788 -218.3242436061646
 362.4544244135162 682.108226740592 -85.35983848680877 -629.3250401362543 -329.2698855476028
 276.066601499212 905.233738440377 -215.4335115771065 -747.9801909315107 -218.3946919876659
 362.2744756333913 681.6870990489296 -84.79715600699183 -629.67147926293 -330.0216315109387
 276.0439830033526 904.7072845219053 -215.3722372555692 -747.5190393165694 -218.3817224962644
 275.9427127935621 904.803298296763 -215.0535464537683 -747.7226399383003 -218.4189941346283
 276.066601499212 905.233738440377 -215.4335115771065 -747.9801909315107 -218.3946919876659
 276.0702996119612 905.2506077261349 -215.4456355538434 -747.9803937496932 -218.394065997401
 362.2744756333913 681.6870990489296 -84.79715600699183 -629.67147926293 -330.0216315109387
 276.066601499212 905.233738440377 -215.4335115771065 -747.9801909315107 -218.3946919876659
 276.066601499212 905.233738440377 -215.4335115771065 -747.9801909315107 -218.3946919876659
 276.066601499212 905.233738440377 -215.4335115771065 -747.9801909315107 -218.3946919876659
 276.0707934150546 905.2371432214912 -215.4298976121692 -747.9777474604485 -218.4031267610089
 276.066601499212 905.233738440377 -215.4335115771065 -747.9801909315107 -218.3946919876659
 276.066601499212 905.233738440377 -215.4335115771065 -747.9801909315107 -218.3946919876659
 276.066601499212 905.233738440377 -215.4335115771065 -747.9801909315107 -218.3946919876659
 276.066601499212 905.233738440377 -215.4335115771065 -747.9801909315107 -218.3946919876659
 276.066601499212 905.233738440377 -215.4335115771065 -747.9801909315107 -218.3946919876659
 362.2744756333913 681.6870990489296 -84.79715600699183 -629.67147926293 -330.0216315109387
 275.8739529108058 904.7941463838779 -215.257426738128 -747.6127385767143 -218.3236174485884
 276.0702996119612 905.2506077261349 -215.4456355538434 -747.9803937496932 -218.394065997401
 276.0699312733428 905.2128337163271 -215.4234576083548 -747.9605365605667 -218.4188718079621
 276.066601499212 905.233738440377 -215.4335115771065 -747.9801909315107 -218.3946919876659
 362.2744756333913 681.6870990489296 -84.79715600699183 -629.67147926293 -330.0216315109387
 276.0321245985859 904.7270381669618 -215.389296254879 -747.5114240255501 -218.3570827138969
 276.066601499212 905.233738440377 -215.4335115771065 -747.9801909315107 -218.3946919876659
 362.2197335101371 682.0133161466443 -85.28828504369302 -629.4904301470669 -329.7119330197504
 275.8845291712934 904.7956299156979 -215.2506351719081 -747.6358669674788 -218.3242436061646
 276.1066692386643 905.2611982514455 -215.4838380935945 -748.0068250515897 -218.3516945721483
 276.213708009369 904.6280175648632 -214.908335924893 -747.894378007367 -218.661304112777
 362.2744756333913 681.6870990489296 -84.79715600699183 -629.67147926293 -330.0216315109387
 276.066601499212 905.233738440377 -215.4335115771065 -747.9801909315107 -218.3946919876659
 362.2744756333913 681.6870990489296 -84.79715600699183 -629.67147926293 -330.0216315109387
 276.066601499212 905.233738440377 -215.4335115771065 -747.9801909315107 -218.3946919876659
 362.2744756333913 681.6870990489296 -84.79715600699183 -629.67147926293 -330.0216315109387
 276.0702996119612 905.2506077261349 -215.4456355538434 -747.9803937496932 -218.394065997401
 276.066601499212 905.233738440377 -215.4335115771065 -747.9801909315107 -218.3946919876659
 276.066601499212 905.233738440377 -215.4335115771065 -747.9801909315107 -218.3946919876659
 276.066601499212 905.233738440377 -215.4335115771065 -747.9801909315107 -218.3946919876659
 276.0699312733428 905.2128337163271 -215.4234576083548 -747.9605365605667 -218.4188718079621
 362.2744756333913 681.6870990489296 -84.79715600699183 -629.67147926293 -330.0216315109387
 276.066601499212 905.233738440377 -215.4335115771065 -747.9801909315107 -218.3946919876659
 275.8845291712934 904.7956299156979 -215.2506351719081 -747.6358669674788 -218.3242436061646
 275.8845291712934 904.7956299156979 -215.2506351719081 -747.6358669674788 -218.3242436061646
 276.066601499212 905.233738440377 -215.4335115771065 -747.9801909315107 -218.3946919876659
 275.8845291712934 904.7956299156979 -215.2506351719081 -747.6358669674788 -218.3242436061646
 276.0707934150546 905.2371432214912 -215.4298976121692 -747.9777474604485 -218.4031267610089
 362.2744756333913 681.6870990489296 -84.79715600699183 -629.67147926293 -330.0216315109387
 276.066601499212 905.233738440377 -215.4335115771065 -747.9801909315107 -218.3946919876659
 362.2744756333913 681.6870990489296 -84.79715600699183 -629.67147926293 -330.0216315109387
 276.0013439690577 905.134903986722 -215.4329312252782 -747.9831971334073 -218.457576157631
 276.066601499212 905.233738440377 -215.4335115771065 -747.9801909315107 -218.3946919876659
 276.066601499212 905.233738440377 -215.4335115771065 -747.9801909315107 -218.3946919876659
 276.0673829877818 905.2243109519454 -215.4322297785366 -747.9685153007773 -218.3958308070181
 276.0582257598963 905.2344569058214 -215.4278328734734 -747.9774830542121 -218.3944118464677
 362.2744656521115 681.6831122470462 -84.80118435186684 -629.6625052864381 -330.0131294759887
 275.8836399773976 904.7957125331752 -215.2471390379042 -747.6354612779878 -218.3285248857887
 275.7141672063109 904.6932035958486 -215.2768630086068 -747.5363603386033 -218.2484051815914
