# Created by Octave 4.2.1, Mon Oct 09 17:05:47 2017 BRT <root@mosqueiro>
# name: pop
# type: matrix
# rows: 100
# columns: 5
 560.5881087202872 -215.4828132724439 -19.72543151784976 -129.2700558841981 -194.4030114807059
 -894.2615976436302 437.1844559244996 -397.7931001198142 636.4966568086445 261.5455653421509
 -710.657841820062 531.0537740170644 -470.5359643342824 392.7591994837339 208.2496982342811
 97.80319832194755 -584.8180279994896 120.1818022598911 -834.9553624203553 -205.2712308681547
 -955.8045353459165 137.7541885373764 82.88689531891009 204.9874284994521 297.5509526046121
 -955.8045353459165 137.7541885373764 82.88689531891009 204.9874284994521 297.5509526046121
 314.9410808370333 674.872905295751 185.3441349954603 559.2949600022621 9.256694774656353
 988.7351154477049 -886.6037695649693 912.2398296898918 -268.2634492600395 -351.9456735459297
 954.6792354189695 981.4207856680823 688.3892938250258 903.1234260873161 342.1827417819129
 307.5846806727518 -510.4954898081421 351.3979114827007 745.827244009758 -742.7739357995397
 337.7285639983029 638.5094656398267 408.7208426952764 42.43585504483258 -695.6696583782198
 -466.0666170399571 616.3690177717722 312.9006638829565 816.0184130032103 -53.44737983539255
 -381.5293475370821 -264.5497349840346 -456.1714537259639 348.7570543555205 117.1908381138321
 -701.6878365036027 -719.1207356129981 -760.8905704236195 -862.2381307822983 -913.1912970231022
 7.958680044843277 326.4495494218243 -554.465523505899 -599.7166798262833 -474.038791376704
 632.3414541429681 -522.7608010294089 743.8997635611836 -37.97190012003125 -443.9077096324132
 -274.8679563429356 -805.4140018480715 199.0688312728098 -455.2258036113434 491.2940606102686
 54.40108181428218 -295.7406171661294 50.97400406514316 856.1045346724873 660.0261372981977
 457.9635861052288 845.2136020817366 674.649105471098 984.9708851075022 -771.7054342029044
 -451.9135135440985 636.8290308070239 502.6972205619029 -362.192904559049 158.6178988673355
 579.9105498711031 -298.4841783193527 201.8883407208616 -98.36753372050975 -644.5059556376077
 54.40108181428218 -295.7406171661294 50.97400406514316 856.1045346724873 660.0261372981977
 -274.8679563429356 -805.4140018480715 199.0688312728098 -455.2258036113434 491.2940606102686
 368.9543473190211 504.7002866032055 -772.1314472452151 -171.1756146910043 140.282926453079
 -231.9655780218742 -529.2773630060302 261.7468483016469 -980.6690281780967 469.899627311577
 870.5461051591908 -254.7965284927448 -84.05157052022639 -558.1075506252405 761.4946218098628
 811.2115169429119 -445.2010438459358 217.4711548936018 250.9295973498738 -838.7510333708029
 -274.8679563429356 -805.4140018480715 199.0688312728098 -455.2258036113434 491.2940606102686
 635.4947647956171 841.022460622758 117.396435861833 -587.1981792479276 45.83319511900345
 -848.4993005308136 873.3005058906149 467.0107346803436 -68.50421313661968 850.5156481263482
 738.2190265454178 -548.3817908734288 -921.1877418231595 -861.2480230647056 367.9096677253297
 579.9105498711031 -298.4841783193527 201.8883407208616 -98.36753372050975 -644.5059556376077
 368.9543473190211 504.7002866032055 -772.1314472452151 -171.1756146910043 140.282926453079
 604.2894574567983 512.3457668712531 -886.2091148143362 -26.56933693075587 -211.799449500646
 560.5881087202872 -215.4828132724439 -19.72543151784976 -129.2700558841981 -194.4030114807059
 -710.657841820062 531.0537740170644 -470.5359643342824 392.7591994837339 208.2496982342811
 153.8516927727214 336.8268552665013 -347.2170566692475 734.1391396093554 -599.1920261656414
 731.2312959328854 278.2758951848343 521.3165080742328 -925.9243175184598 -340.8012438623108
 230.0249994752414 136.8307177203776 -616.8468467440998 671.2275053162384 -637.1932160616939
 -162.014193427212 92.64955474816452 953.6002926771282 802.1385870213933 -32.68598944149664
 954.6792354189695 981.4207856680823 688.3892938250258 903.1234260873161 342.1827417819129
 -894.2615976436302 437.1844559244996 -397.7931001198142 636.4966568086445 261.5455653421509
 988.7351154477049 -886.6037695649693 912.2398296898918 -268.2634492600395 -351.9456735459297
 -50.68377555763982 -765.1623088802703 -765.6042587292885 856.4979712476588 -122.5709041454504
 307.5846806727518 -510.4954898081421 351.3979114827007 745.827244009758 -742.7739357995397
 333.4775670660565 -649.4256403952618 -740.4601738477966 -228.8430656004389 821.4581124322053
 -307.6647730960876 -601.9400658163811 -329.8827971092787 -618.5818057184979 -125.0210434039564
 931.3737192719891 160.4482446888128 636.4171841370071 94.42768408120946 -577.6901286335237
 -955.8045353459165 137.7541885373764 82.88689531891009 204.9874284994521 297.5509526046121
 -308.753208847033 510.6146735894999 -990.4849306771956 643.9959781274288 -699.3031615831499
 738.2190265454178 -548.3817908734288 -921.1877418231595 -861.2480230647056 367.9096677253297
 -615.4972934579525 111.5882346792887 -829.9207439713605 -38.35153156584727 -233.9648244991811
 485.0344178358639 -354.3342941126679 -277.6772780889413 571.4591510788248 -531.3080085953382
 -307.6647730960876 -601.9400658163811 -329.8827971092787 -618.5818057184979 -125.0210434039564
 852.477682969831 -998.6585445679249 950.5926160355541 -718.5709318966026 -451.2354288712014
 -496.8536074322844 -543.453153668176 961.4446784665186 713.2200368876997 -101.1021512557923
 565.9179943992194 574.0073382961095 -103.5355188368333 -873.7671786066613 395.4767490939046
 811.2115169429119 -445.2010438459358 217.4711548936018 250.9295973498738 -838.7510333708029
 -219.9472760502433 587.6462264311115 -295.6074609022422 -257.9847495864284 -801.7733159507532
 -451.9135135440985 636.8290308070239 502.6972205619029 -362.192904559049 158.6178988673355
 -451.9135135440985 636.8290308070239 502.6972205619029 -362.192904559049 158.6178988673355
 590.681476726101 -248.4592955972539 -619.7351090141149 512.3413155429935 53.9392655493366
 -925.9627821041951 -33.04835317575089 -89.9178239514921 923.1718237354667 175.6436132977217
 -267.6201517950566 -261.2081791535091 453.1298625694074 -674.1362556437532 -994.7889919715346
 -50.68377555763982 -765.1623088802703 -765.6042587292885 856.4979712476588 -122.5709041454504
 -359.6077187257201 456.8925524081005 190.8937935247384 842.6546127128081 840.2093567483682
 -150.1194685107499 248.3944890567818 -658.7626386249958 -721.6110866072539 -474.0311571335097
 685.071158282313 349.3186569314632 -362.9329715561232 656.3888873975523 -387.9943240665781
 632.3414541429681 -522.7608010294089 743.8997635611836 -37.97190012003125 -443.9077096324132
 560.5881087202872 -215.4828132724439 -19.72543151784976 -129.2700558841981 -194.4030114807059
 -865.1885655972834 443.9785017774893 202.2845781288424 924.4613413689392 -657.963173454531
 -129.6194552317544 692.6867626112871 555.4837874259422 435.7033473743388 -361.1506673313621
 153.8516927727214 336.8268552665013 -347.2170566692475 734.1391396093554 -599.1920261656414
 560.5881087202872 -215.4828132724439 -19.72543151784976 -129.2700558841981 -194.4030114807059
 431.6800734282542 -635.1158846784738 142.8409115471561 682.1899457009831 337.1392045143039
 -191.4644367128037 876.1574955379692 -535.6908834168147 -629.507428983934 689.2316600986321
 -466.0666170399571 616.3690177717722 312.9006638829565 816.0184130032103 -53.44737983539255
 -894.2615976436302 437.1844559244996 -397.7931001198142 636.4966568086445 261.5455653421509
 -955.8045353459165 137.7541885373764 82.88689531891009 204.9874284994521 297.5509526046121
 856.6275047132751 668.0951366474183 779.1198262122405 614.498436564932 -509.4230794519145
 2177.814871561721 -2592.849900949489 -2248.108959574863 -559.3911905495451 651.9868617164749
 -997.7114242871895 666.5571592338123 -1287.365949916275 3916.471063483061 1472.678915932801
 2972.030885008263 1995.108478076159 4.642978877025485 1385.310995098623 -1343.896078197791
 -2351.392360801632 -5635.905381714587 -1377.482967875795 301.3571194535833 -1141.017872335443
