# Created by Octave 4.2.1, Mon Oct 09 17:06:03 2017 BRT <root@mosqueiro>
# name: pop
# type: matrix
# rows: 100
# columns: 5
 507.9980378648723 -234.5518733853262 23.00769414486535 -151.3101475769449 -143.9365783234563
 507.9980378648723 -234.5518733853262 23.00769414486535 -151.3101475769449 -143.9365783234563
 507.9980378648723 -234.5518733853262 23.00769414486535 -151.3101475769449 -143.9365783234563
 590.5690298397525 -195.3392167410176 -5.872084494150304 -135.2325125316798 -202.4888975208491
 507.9980378648723 -234.5518733853262 23.00769414486535 -151.3101475769449 -143.9365783234563
 631.6034538229754 -130.30903473422 -26.56260928987909 -183.6320903951713 -101.6878838916658
 507.9980378648723 -234.5518733853262 23.00769414486535 -151.3101475769449 -143.9365783234563
 560.5881087202872 -215.4828132724439 -19.72543151784976 -129.2700558841981 -194.4030114807059
 560.5881087202872 -215.4828132724439 -19.72543151784976 -129.2700558841981 -194.4030114807059
 507.9980378648723 -234.5518733853262 23.00769414486535 -151.3101475769449 -143.9365783234563
 560.5881087202872 -215.4828132724439 -19.72543151784976 -129.2700558841981 -194.4030114807059
 507.9980378648723 -234.5518733853262 23.00769414486535 -151.3101475769449 -143.9365783234563
 507.9980378648723 -234.5518733853262 23.00769414486535 -151.3101475769449 -143.9365783234563
 560.5881087202872 -215.4828132724439 -19.72543151784976 -129.2700558841981 -194.4030114807059
 560.5881087202872 -215.4828132724439 -19.72543151784976 -129.2700558841981 -194.4030114807059
 560.5881087202872 -215.4828132724439 -19.72543151784976 -129.2700558841981 -194.4030114807059
 507.9980378648723 -234.5518733853262 23.00769414486535 -151.3101475769449 -143.9365783234563
 559.6593904462957 -213.3029087535191 -41.10407917849282 -124.3677194998442 -208.6274380720676
 507.9980378648723 -234.5518733853262 23.00769414486535 -151.3101475769449 -143.9365783234563
 507.9980378648723 -234.5518733853262 23.00769414486535 -151.3101475769449 -143.9365783234563
 503.3527003579061 -226.581198773543 19.87994821730426 -140.9467901060981 -144.260766803552
 577.1172960127636 -286.7288936943866 -22.9958620699113 -33.34197420000451 -224.5532679628707
 560.5881087202872 -215.4828132724439 -19.72543151784976 -129.2700558841981 -194.4030114807059
 527.0638888231174 -213.4446969372616 46.64741194720298 -129.1809705307982 -135.5592806335272
 581.8790126079074 -207.7349069300687 -16.20799863019569 -152.0665455658122 -209.7434043734156
 560.5881087202872 -215.4828132724439 -19.72543151784976 -129.2700558841981 -194.4030114807059
 577.1172960127636 -286.7288936943866 -22.9958620699113 -33.34197420000451 -224.5532679628707
 566.7755878793954 -229.6883476988095 -17.57511587647432 -144.0676370327076 -187.0499402474234
 507.9980378648723 -234.5518733853262 23.00769414486535 -151.3101475769449 -143.9365783234563
 522.4898151100026 -168.4455131693531 -18.92528526222039 -110.7981527634306 -61.45220321149295
 560.5881087202872 -215.4828132724439 -19.72543151784976 -129.2700558841981 -194.4030114807059
 509.0233378088882 -263.7084213707873 38.4444084397005 -51.09338863195197 -214.3485698491675
 560.5881087202872 -215.4828132724439 -19.72543151784976 -129.2700558841981 -194.4030114807059
 560.5881087202872 -215.4828132724439 -19.72543151784976 -129.2700558841981 -194.4030114807059
 577.1172960127636 -286.7288936943866 -22.9958620699113 -33.34197420000451 -224.5532679628707
 507.9980378648723 -234.5518733853262 23.00769414486535 -151.3101475769449 -143.9365783234563
 560.5881087202872 -215.4828132724439 -19.72543151784976 -129.2700558841981 -194.4030114807059
 507.9980378648723 -234.5518733853262 23.00769414486535 -151.3101475769449 -143.9365783234563
 560.5881087202872 -215.4828132724439 -19.72543151784976 -129.2700558841981 -194.4030114807059
 560.5881087202872 -215.4828132724439 -19.72543151784976 -129.2700558841981 -194.4030114807059
 501.446668485133 -222.9923060284152 35.22695716758374 -138.4362170127872 -114.2445644317904
 507.9980378648723 -234.5518733853262 23.00769414486535 -151.3101475769449 -143.9365783234563
 577.1172960127636 -286.7288936943866 -22.9958620699113 -33.34197420000451 -224.5532679628707
 507.9980378648723 -234.5518733853262 23.00769414486535 -151.3101475769449 -143.9365783234563
 583.8873604277106 -130.1495819601098 -55.41571286213959 -164.4968850665526 -131.9228043837635
 560.5881087202872 -215.4828132724439 -19.72543151784976 -129.2700558841981 -194.4030114807059
 507.9980378648723 -234.5518733853262 23.00769414486535 -151.3101475769449 -143.9365783234563
 560.5881087202872 -215.4828132724439 -19.72543151784976 -129.2700558841981 -194.4030114807059
 560.5881087202872 -215.4828132724439 -19.72543151784976 -129.2700558841981 -194.4030114807059
 577.1172960127636 -286.7288936943866 -22.9958620699113 -33.34197420000451 -224.5532679628707
 451.2212255521932 -134.7643963186399 -26.822258412003 -46.90578808543009 -179.4895764055695
 560.5881087202872 -215.4828132724439 -19.72543151784976 -129.2700558841981 -194.4030114807059
 560.5881087202872 -215.4828132724439 -19.72543151784976 -129.2700558841981 -194.4030114807059
 560.5881087202872 -215.4828132724439 -19.72543151784976 -129.2700558841981 -194.4030114807059
 560.5881087202872 -215.4828132724439 -19.72543151784976 -129.2700558841981 -194.4030114807059
 507.9980378648723 -234.5518733853262 23.00769414486535 -151.3101475769449 -143.9365783234563
 507.9980378648723 -234.5518733853262 23.00769414486535 -151.3101475769449 -143.9365783234563
 571.2449349865097 -241.711025645298 26.17493210795954 -75.43415594448373 -194.006871926999
 560.5881087202872 -215.4828132724439 -19.72543151784976 -129.2700558841981 -194.4030114807059
 560.5881087202872 -215.4828132724439 -19.72543151784976 -129.2700558841981 -194.4030114807059
 507.9980378648723 -234.5518733853262 23.00769414486535 -151.3101475769449 -143.9365783234563
 507.9980378648723 -234.5518733853262 23.00769414486535 -151.3101475769449 -143.9365783234563
 560.5881087202872 -215.4828132724439 -19.72543151784976 -129.2700558841981 -194.4030114807059
 560.5881087202872 -215.4828132724439 -19.72543151784976 -129.2700558841981 -194.4030114807059
 507.9980378648723 -234.5518733853262 23.00769414486535 -151.3101475769449 -143.9365783234563
 501.0215466547995 -215.8366510658993 -70.63460035205142 -134.0602372023685 -184.1451953152386
 560.5881087202872 -215.4828132724439 -19.72543151784976 -129.2700558841981 -194.4030114807059
 507.9980378648723 -234.5518733853262 23.00769414486535 -151.3101475769449 -143.9365783234563
 507.9980378648723 -234.5518733853262 23.00769414486535 -151.3101475769449 -143.9365783234563
 507.9980378648723 -234.5518733853262 23.00769414486535 -151.3101475769449 -143.9365783234563
 560.5881087202872 -215.4828132724439 -19.72543151784976 -129.2700558841981 -194.4030114807059
 507.9980378648723 -234.5518733853262 23.00769414486535 -151.3101475769449 -143.9365783234563
 507.9980378648723 -234.5518733853262 23.00769414486535 -151.3101475769449 -143.9365783234563
 507.9980378648723 -234.5518733853262 23.00769414486535 -151.3101475769449 -143.9365783234563
 507.9980378648723 -234.5518733853262 23.00769414486535 -151.3101475769449 -143.9365783234563
 507.9980378648723 -234.5518733853262 23.00769414486535 -151.3101475769449 -143.9365783234563
 507.9980378648723 -234.5518733853262 23.00769414486535 -151.3101475769449 -143.9365783234563
 560.5881087202872 -215.4828132724439 -19.72543151784976 -129.2700558841981 -194.4030114807059
 507.9980378648723 -234.5518733853262 23.00769414486535 -151.3101475769449 -143.9365783234563
 507.9980378648723 -234.5518733853262 23.00769414486535 -151.3101475769449 -143.9365783234563
 569.433931967885 -253.2468336930014 30.25653474285473 -71.39743136776299 -188.3359917731747
 504.9141961818914 -202.0651624758567 51.9259249377143 -129.6459069516775 -148.1243378329876
 580.3521892617699 -213.0286192926376 -18.6575590747911 -126.0003117327261 -189.6092119600351
