# Created by Octave 4.2.1, Mon Oct 09 17:07:57 2017 BRT <root@mosqueiro>
# name: pop
# type: matrix
# rows: 100
# columns: 5
 -325.2790696857643 354.9873460297069 -90.51417018330801 -282.7036551905843 344.9241630361785
 -325.2790696857643 354.9873460297069 -90.51417018330801 -282.7036551905843 344.9241630361785
 -490.9901119881765 -1572.035725716209 475.3093461075205 -754.6575465817108 873.6711798463724
 -325.2790696857643 354.9873460297069 -90.51417018330801 -282.7036551905843 344.9241630361785
 -325.2790696857643 354.9873460297069 -90.51417018330801 -282.7036551905843 344.9241630361785
 -325.2790696857643 354.9873460297069 -90.51417018330801 -282.7036551905843 344.9241630361785
 -325.2790696857643 354.9873460297069 -90.51417018330801 -282.7036551905843 344.9241630361785
 -325.2790696857643 354.9873460297069 -90.51417018330801 -282.7036551905843 344.9241630361785
 -325.2790696857643 354.9873460297069 -90.51417018330801 -282.7036551905843 344.9241630361785
 -325.2790696857643 354.9873460297069 -90.51417018330801 -282.7036551905843 344.9241630361785
 523.7497241263241 181.4345386622625 500.6613531624364 -1403.17228892361 865.0784947448284
 -325.2790696857643 354.9873460297069 -90.51417018330801 -282.7036551905843 344.9241630361785
 -325.2790696857643 354.9873460297069 -90.51417018330801 -282.7036551905843 344.9241630361785
 -325.2790696857643 354.9873460297069 -90.51417018330801 -282.7036551905843 344.9241630361785
 -535.7514794195674 -38.47973069596708 -905.7347405221165 800.63037185925 277.8993875050731
 -325.2790696857643 354.9873460297069 -90.51417018330801 -282.7036551905843 344.9241630361785
 -2921.145137505574 -175.2139167298108 -1104.709456851056 -2051.014185800862 1681.415415725752
 -325.2790696857643 354.9873460297069 -90.51417018330801 -282.7036551905843 344.9241630361785
 -535.7514794195674 -38.47973069596708 -905.7347405221165 800.63037185925 277.8993875050731
 -325.2790696857643 354.9873460297069 -90.51417018330801 -282.7036551905843 344.9241630361785
 -24.84278229071066 1571.87568669683 -204.919962800348 -118.5449155245135 1253.994201944819
 -325.2790696857643 354.9873460297069 -90.51417018330801 -282.7036551905843 344.9241630361785
 -325.2790696857643 354.9873460297069 -90.51417018330801 -282.7036551905843 344.9241630361785
 -325.2790696857643 354.9873460297069 -90.51417018330801 -282.7036551905843 344.9241630361785
 -325.2790696857643 354.9873460297069 -90.51417018330801 -282.7036551905843 344.9241630361785
 566.6167478618376 20.77298619443843 -1965.036712001825 1451.00700246724 -1940.641184023334
 -325.2790696857643 354.9873460297069 -90.51417018330801 -282.7036551905843 344.9241630361785
 -325.2790696857643 354.9873460297069 -90.51417018330801 -282.7036551905843 344.9241630361785
 -1139.391920178066 875.9604754533078 -1000.865958757641 42.26186297441149 1955.949768144709
 -325.2790696857643 354.9873460297069 -90.51417018330801 -282.7036551905843 344.9241630361785
 -325.2790696857643 354.9873460297069 -90.51417018330801 -282.7036551905843 344.9241630361785
 -325.2790696857643 354.9873460297069 -90.51417018330801 -282.7036551905843 344.9241630361785
 -325.2790696857643 354.9873460297069 -90.51417018330801 -282.7036551905843 344.9241630361785
 -325.2790696857643 354.9873460297069 -90.51417018330801 -282.7036551905843 344.9241630361785
 -325.2790696857643 354.9873460297069 -90.51417018330801 -282.7036551905843 344.9241630361785
 -325.2790696857643 354.9873460297069 -90.51417018330801 -282.7036551905843 344.9241630361785
 -325.2790696857643 354.9873460297069 -90.51417018330801 -282.7036551905843 344.9241630361785
 -325.2790696857643 354.9873460297069 -90.51417018330801 -282.7036551905843 344.9241630361785
 -325.2790696857643 354.9873460297069 -90.51417018330801 -282.7036551905843 344.9241630361785
 531.6244567501265 -615.3908090806339 -1252.811737599384 -947.6812569685274 -1522.499790763366
 -325.2790696857643 354.9873460297069 -90.51417018330801 -282.7036551905843 344.9241630361785
 -325.2790696857643 354.9873460297069 -90.51417018330801 -282.7036551905843 344.9241630361785
 -325.2790696857643 354.9873460297069 -90.51417018330801 -282.7036551905843 344.9241630361785
 -126.271855080106 2919.927756682723 912.8330059794337 1207.848208229514 4609.173866813815
 1251.46530399611 538.4957638756041 508.5180349113507 -2272.804829167585 -867.2660681994978
 -325.2790696857643 354.9873460297069 -90.51417018330801 -282.7036551905843 344.9241630361785
 -653.8888588347961 -247.6996823201202 -1372.356012661066 -1274.335504819109 -617.2552822940168
 -325.2790696857643 354.9873460297069 -90.51417018330801 -282.7036551905843 344.9241630361785
 -325.2790696857643 354.9873460297069 -90.51417018330801 -282.7036551905843 344.9241630361785
 -325.2790696857643 354.9873460297069 -90.51417018330801 -282.7036551905843 344.9241630361785
 -590.2576476531657 2682.967982764259 421.6557324173158 -3153.913512130655 1227.767079223957
 -325.2790696857643 354.9873460297069 -90.51417018330801 -282.7036551905843 344.9241630361785
 -325.2790696857643 354.9873460297069 -90.51417018330801 -282.7036551905843 344.9241630361785
 -325.2790696857643 354.9873460297069 -90.51417018330801 -282.7036551905843 344.9241630361785
 -481.5462284364353 -644.0428116619734 1065.788117277154 -416.7144570514877 1396.91305765169
 -325.2790696857643 354.9873460297069 -90.51417018330801 -282.7036551905843 344.9241630361785
 -325.2790696857643 354.9873460297069 -90.51417018330801 -282.7036551905843 344.9241630361785
 -117.6755877861196 -757.2770077829624 830.9275024129468 -528.2619027785922 605.5519445185878
 -818.5845863284208 -449.2676571266147 568.3917795522858 -470.4437643990159 839.5360852271665
 -325.2790696857643 354.9873460297069 -90.51417018330801 -282.7036551905843 344.9241630361785
 -117.6755877861196 -757.2770077829624 830.9275024129468 -528.2619027785922 605.5519445185878
 -973.3603156000358 -934.0144062425666 169.017130259173 -1328.301482705634 960.8967383443686
 -325.2790696857643 354.9873460297069 -90.51417018330801 -282.7036551905843 344.9241630361785
 -117.6755877861196 -757.2770077829624 830.9275024129468 -528.2619027785922 605.5519445185878
 -325.2790696857643 354.9873460297069 -90.51417018330801 -282.7036551905843 344.9241630361785
 -325.2790696857643 354.9873460297069 -90.51417018330801 -282.7036551905843 344.9241630361785
 -535.7514794195674 -38.47973069596708 -905.7347405221165 800.63037185925 277.8993875050731
 -626.9054724924554 633.6574017094952 -476.9190027683262 505.9672048342941 40.37259432084829
 -2628.340010977006 158.2301893546454 -1469.275904750054 -2515.722471200072 326.4112986580878
 -612.5286830379746 -2113.124328296965 1335.803900882468 348.018089162467 591.3831626947301
 -325.2790696857643 354.9873460297069 -90.51417018330801 -282.7036551905843 344.9241630361785
 1251.46530399611 538.4957638756041 508.5180349113507 -2272.804829167585 -867.2660681994978
 -325.2790696857643 354.9873460297069 -90.51417018330801 -282.7036551905843 344.9241630361785
 -325.2790696857643 354.9873460297069 -90.51417018330801 -282.7036551905843 344.9241630361785
 -325.2790696857643 354.9873460297069 -90.51417018330801 -282.7036551905843 344.9241630361785
 -325.2790696857643 354.9873460297069 -90.51417018330801 -282.7036551905843 344.9241630361785
 -325.2790696857643 354.9873460297069 -90.51417018330801 -282.7036551905843 344.9241630361785
 -325.2790696857643 354.9873460297069 -90.51417018330801 -282.7036551905843 344.9241630361785
 -325.2790696857643 354.9873460297069 -90.51417018330801 -282.7036551905843 344.9241630361785
 1912.879244582877 2865.414475024878 1033.886071156212 1193.618995975407 5297.48249592191
 1117.881010346697 -488.4822610314501 1306.543057246377 506.8395197649742 2606.586282181771
 302.3356812031855 507.4425397173997 100.6171597868796 -136.132576915006 300.3447318966719
 -1624.55488481692 100.3571569587349 186.7386554558859 -328.8325247681318 -488.7792765206079
 69.42533034557084 -1544.984222549876 -2424.567174821363 -2636.472838915857 -1716.860143898673
