# Created by Octave 4.2.1, Mon Oct 09 17:06:04 2017 BRT <root@mosqueiro>
# name: pop
# type: matrix
# rows: 100
# columns: 5
 509.8329205793747 -235.3694655593586 23.80509774420531 -154.7077000947396 -144.8329482796327
 564.5237141177515 -258.1901438660277 -51.42774924264663 -33.04937218408097 -222.6535125811757
 508.8735974424047 -226.9579969989518 23.58903215316665 -148.9804915333164 -143.4564270964027
 500.3799396512574 -238.4163785629654 30.51061180250144 -147.7141290044258 -144.3877487737625
 507.9980378648723 -234.5518733853262 23.00769414486535 -151.3101475769449 -143.9365783234563
 564.5237141177515 -258.1901438660277 -51.42774924264663 -33.04937218408097 -222.6535125811757
 503.3527003579061 -226.581198773543 19.87994821730426 -140.9467901060981 -144.260766803552
 507.9980378648723 -234.5518733853262 23.00769414486535 -151.3101475769449 -143.9365783234563
 507.9980378648723 -234.5518733853262 23.00769414486535 -151.3101475769449 -143.9365783234563
 564.5237141177515 -258.1901438660277 -51.42774924264663 -33.04937218408097 -222.6535125811757
 583.8873604277106 -130.1495819601098 -55.41571286213959 -164.4968850665526 -131.9228043837635
 507.9980378648723 -234.5518733853262 23.00769414486535 -151.3101475769449 -143.9365783234563
 500.3799396512574 -238.4163785629654 30.51061180250144 -147.7141290044258 -144.3877487737625
 507.0883807035794 -234.5549354210927 22.16145176056499 -146.6939240993406 -142.4294813270366
 564.5237141177515 -258.1901438660277 -51.42774924264663 -33.04937218408097 -222.6535125811757
 560.5881087202872 -215.4828132724439 -19.72543151784976 -129.2700558841981 -194.4030114807059
 560.5881087202872 -215.4828132724439 -19.72543151784976 -129.2700558841981 -194.4030114807059
 560.5881087202872 -215.4828132724439 -19.72543151784976 -129.2700558841981 -194.4030114807059
 507.9980378648723 -234.5518733853262 23.00769414486535 -151.3101475769449 -143.9365783234563
 507.9980378648723 -234.5518733853262 23.00769414486535 -151.3101475769449 -143.9365783234563
 507.9980378648723 -234.5518733853262 23.00769414486535 -151.3101475769449 -143.9365783234563
 564.5237141177515 -258.1901438660277 -51.42774924264663 -33.04937218408097 -222.6535125811757
 500.3799396512574 -238.4163785629654 30.51061180250144 -147.7141290044258 -144.3877487737625
 500.3799396512574 -238.4163785629654 30.51061180250144 -147.7141290044258 -144.3877487737625
 560.5881087202872 -215.4828132724439 -19.72543151784976 -129.2700558841981 -194.4030114807059
 500.3799396512574 -238.4163785629654 30.51061180250144 -147.7141290044258 -144.3877487737625
 560.5881087202872 -215.4828132724439 -19.72543151784976 -129.2700558841981 -194.4030114807059
 507.9980378648723 -234.5518733853262 23.00769414486535 -151.3101475769449 -143.9365783234563
 581.8790126079074 -207.7349069300687 -16.20799863019569 -152.0665455658122 -209.7434043734156
 507.9980378648723 -234.5518733853262 23.00769414486535 -151.3101475769449 -143.9365783234563
 507.9980378648723 -234.5518733853262 23.00769414486535 -151.3101475769449 -143.9365783234563
 568.8025731581324 -256.2700964751232 -53.13503642155531 -32.95724680304608 -221.8688257199489
 564.5237141177515 -258.1901438660277 -51.42774924264663 -33.04937218408097 -222.6535125811757
 560.5881087202872 -215.4828132724439 -19.72543151784976 -129.2700558841981 -194.4030114807059
 507.9980378648723 -234.5518733853262 23.00769414486535 -151.3101475769449 -143.9365783234563
 564.5237141177515 -258.1901438660277 -51.42774924264663 -33.04937218408097 -222.6535125811757
 507.9980378648723 -234.5518733853262 23.00769414486535 -151.3101475769449 -143.9365783234563
 560.5881087202872 -215.4828132724439 -19.72543151784976 -129.2700558841981 -194.4030114807059
 500.3799396512574 -238.4163785629654 30.51061180250144 -147.7141290044258 -144.3877487737625
 508.8735974424047 -226.9579969989518 23.58903215316665 -148.9804915333164 -143.4564270964027
 560.5881087202872 -215.4828132724439 -19.72543151784976 -129.2700558841981 -194.4030114807059
 581.8790126079074 -207.7349069300687 -16.20799863019569 -152.0665455658122 -209.7434043734156
 507.9980378648723 -234.5518733853262 23.00769414486535 -151.3101475769449 -143.9365783234563
 508.3738345029217 -237.7580288290146 17.24585140136199 -148.0861769388011 -144.8098045274835
 516.7700095084697 -212.7664976526893 52.47153204575632 -121.0379231700775 -139.7380003595998
 581.8790126079074 -207.7349069300687 -16.20799863019569 -152.0665455658122 -209.7434043734156
 507.0883807035794 -234.5549354210927 22.16145176056499 -146.6939240993406 -142.4294813270366
 507.9980378648723 -234.5518733853262 23.00769414486535 -151.3101475769449 -143.9365783234563
 564.5237141177515 -258.1901438660277 -51.42774924264663 -33.04937218408097 -222.6535125811757
 509.8329205793747 -235.3694655593586 23.80509774420531 -154.7077000947396 -144.8329482796327
 560.5881087202872 -215.4828132724439 -19.72543151784976 -129.2700558841981 -194.4030114807059
 522.4898151100026 -168.4455131693531 -18.92528526222039 -110.7981527634306 -61.45220321149295
 560.5881087202872 -215.4828132724439 -19.72543151784976 -129.2700558841981 -194.4030114807059
 564.5237141177515 -258.1901438660277 -51.42774924264663 -33.04937218408097 -222.6535125811757
 564.5237141177515 -258.1901438660277 -51.42774924264663 -33.04937218408097 -222.6535125811757
 507.2613399250519 -236.0071173201872 24.18770430426976 -148.8395090494306 -142.8740995138922
 500.3799396512574 -238.4163785629654 30.51061180250144 -147.7141290044258 -144.3877487737625
 507.9980378648723 -234.5518733853262 23.00769414486535 -151.3101475769449 -143.9365783234563
 507.9980378648723 -234.5518733853262 23.00769414486535 -151.3101475769449 -143.9365783234563
 507.9980378648723 -234.5518733853262 23.00769414486535 -151.3101475769449 -143.9365783234563
 507.9980378648723 -234.5518733853262 23.00769414486535 -151.3101475769449 -143.9365783234563
 564.5237141177515 -258.1901438660277 -51.42774924264663 -33.04937218408097 -222.6535125811757
 560.5881087202872 -215.4828132724439 -19.72543151784976 -129.2700558841981 -194.4030114807059
 508.3738345029217 -237.7580288290146 17.24585140136199 -148.0861769388011 -144.8098045274835
 564.5237141177515 -258.1901438660277 -51.42774924264663 -33.04937218408097 -222.6535125811757
 560.5881087202872 -215.4828132724439 -19.72543151784976 -129.2700558841981 -194.4030114807059
 500.3799396512574 -238.4163785629654 30.51061180250144 -147.7141290044258 -144.3877487737625
 509.8329205793747 -235.3694655593586 23.80509774420531 -154.7077000947396 -144.8329482796327
 522.4898151100026 -168.4455131693531 -18.92528526222039 -110.7981527634306 -61.45220321149295
 507.9980378648723 -234.5518733853262 23.00769414486535 -151.3101475769449 -143.9365783234563
 559.7967008544274 -215.0327134001489 -18.44071177173687 -131.5824641432555 -198.0823275702793
 507.9980378648723 -234.5518733853262 23.00769414486535 -151.3101475769449 -143.9365783234563
 509.8329205793747 -235.3694655593586 23.80509774420531 -154.7077000947396 -144.8329482796327
 500.3799396512574 -238.4163785629654 30.51061180250144 -147.7141290044258 -144.3877487737625
 507.9980378648723 -234.5518733853262 23.00769414486535 -151.3101475769449 -143.9365783234563
 509.046180919419 -236.677293750163 26.92736034864146 -147.0652980943704 -138.4596517141019
 577.1172960127636 -286.7288936943866 -22.9958620699113 -33.34197420000451 -224.5532679628707
 557.544009156054 -223.1122193974892 -15.33705927643132 -118.3894354058614 -181.2119630515988
 509.8329205793747 -235.3694655593586 23.80509774420531 -154.7077000947396 -144.8329482796327
 547.950754759588 -216.648696108059 -23.93704233122169 -128.0174153690976 -200.7145730579048
 561.8384633856336 -212.9578812539738 -20.07649622797189 -128.0849563423881 -191.9854435727042
 506.7347890685381 -236.603510335533 22.85281586795806 -150.4635838925927 -142.7048450097259
 530.2457715213303 -214.3400246298521 45.61953402013845 -128.8817360555062 -133.6848981607865
