# Created by Octave 4.2.1, Mon Oct 09 17:07:44 2017 BRT <root@mosqueiro>
# name: pop
# type: matrix
# rows: 100
# columns: 5
 -289.2126366492933 660.42512431815 -433.8540879686146 124.8114583258744 -63.17998116648241
 -289.2126366492933 660.42512431815 -433.8540879686146 124.8114583258744 -63.17998116648241
 -289.2121348194838 660.4163566645443 -433.8496395031259 124.8122280920678 -63.16529930577507
 -289.1972464184287 660.4220819989969 -433.8451048337852 124.8121150188556 -63.17358697325565
 -291.4252633291778 662.9495278824368 -431.940465373534 124.498124080723 -64.47256206871427
 -289.1972464184287 660.4220819989969 -433.8451048337852 124.8121150188556 -63.17358697325565
 -289.1834434309904 660.3962310155214 -433.8534562554297 124.7883691772026 -63.16391060145114
 -289.1972464184287 660.4220819989969 -433.8451048337852 124.8121150188556 -63.17358697325565
 -289.4075967962743 660.3830052376184 -433.9064810955022 125.0701989822941 -63.13546275357197
 -289.415620338348 660.3793328862741 -433.8953815328915 125.054278514803 -63.17009174916034
 -289.2121348194838 660.4163566645443 -433.8496395031259 124.8122280920678 -63.16529930577507
 -289.4083867124594 660.3732907561814 -433.9094491751587 125.0677324176031 -63.14008641318731
 -289.2121348194838 660.4163566645443 -433.8496395031259 124.8122280920678 -63.16529930577507
 -289.2121348194838 660.4163566645443 -433.8496395031259 124.8122280920678 -63.16529930577507
 -289.1972464184287 660.4220819989969 -433.8451048337852 124.8121150188556 -63.17358697325565
 -289.3776105773339 660.4185861962416 -433.9035250393307 124.9965201352017 -63.09884544572575
 -289.2121348194838 660.4163566645443 -433.8496395031259 124.8122280920678 -63.16529930577507
 -289.1972464184287 660.4220819989969 -433.8451048337852 124.8121150188556 -63.17358697325565
 -289.197920612159 660.4282413246285 -433.8471091517388 124.8054735712277 -63.16888176861934
 -289.4051809255954 660.3835710518033 -433.9111637853171 125.0637460916762 -63.13986949830522
 -288.9703920637555 661.0642159978413 -432.929401957172 124.3439835072485 -63.85441663804415
 -289.2126366492933 660.42512431815 -433.8540879686146 124.8114583258744 -63.17998116648241
 -288.8714962461988 661.1839250895774 -433.4493702566003 125.6611046195074 -65.2610561472469
 -289.1972464184287 660.4220819989969 -433.8451048337852 124.8121150188556 -63.17358697325565
 -289.2121348194838 660.4163566645443 -433.8496395031259 124.8122280920678 -63.16529930577507
 -289.1972464184287 660.4220819989969 -433.8451048337852 124.8121150188556 -63.17358697325565
 -289.1972464184287 660.4220819989969 -433.8451048337852 124.8121150188556 -63.17358697325565
 -289.1466110019517 660.9344484110386 -433.0662189696949 124.2884436351749 -63.92567047897377
 -289.1972464184287 660.4220819989969 -433.8451048337852 124.8121150188556 -63.17358697325565
 -289.1972464184287 660.4220819989969 -433.8451048337852 124.8121150188556 -63.17358697325565
 -289.2054978798626 660.4109344994832 -433.8471287797555 124.8154383895316 -63.18085414459655
 -289.2126366492933 660.42512431815 -433.8540879686146 124.8114583258744 -63.17998116648241
 -289.2126366492933 660.42512431815 -433.8540879686146 124.8114583258744 -63.17998116648241
 -289.1918394425425 660.4216682761686 -433.8395651524659 124.8086755217816 -63.16996080586121
 -289.415620338348 660.3793328862741 -433.8953815328915 125.054278514803 -63.17009174916034
 -289.1894800190793 660.4223298020163 -433.8350165598821 124.7888995994913 -63.17564839442522
 -289.2054978798626 660.4109344994832 -433.8471287797555 124.8154383895316 -63.18085414459655
 -288.9660824168363 661.3020463304898 -433.6011655916827 125.7182884925602 -65.1641535654993
 -289.1972464184287 660.4220819989969 -433.8451048337852 124.8121150188556 -63.17358697325565
 -288.9660824168363 661.3020463304898 -433.6011655916827 125.7182884925602 -65.1641535654993
 -289.2054978798626 660.4109344994832 -433.8471287797555 124.8154383895316 -63.18085414459655
 -289.2126366492933 660.42512431815 -433.8540879686146 124.8114583258744 -63.17998116648241
 -289.4075967962743 660.3830052376184 -433.9064810955022 125.0701989822941 -63.13546275357197
 -289.2126366492933 660.42512431815 -433.8540879686146 124.8114583258744 -63.17998116648241
 -289.2121348194838 660.4163566645443 -433.8496395031259 124.8122280920678 -63.16529930577507
 -289.2121348194838 660.4163566645443 -433.8496395031259 124.8122280920678 -63.16529930577507
 -289.2054978798626 660.4109344994832 -433.8471287797555 124.8154383895316 -63.18085414459655
 -289.2076197281717 660.4227312489422 -433.8562174468745 124.8142323077582 -63.17351742784954
 -289.2126366492933 660.42512431815 -433.8540879686146 124.8114583258744 -63.17998116648241
 -289.2076197281717 660.4227312489422 -433.8562174468745 124.8142323077582 -63.17351742784954
 -288.9660824168363 661.3020463304898 -433.6011655916827 125.7182884925602 -65.1641535654993
 -289.4090697571062 660.3721988047791 -433.9124208794307 125.0701381127411 -63.1325108052475
 -289.2126366492933 660.42512431815 -433.8540879686146 124.8114583258744 -63.17998116648241
 -288.5976258328986 661.6125061896228 -433.8318435237804 125.7300008774724 -65.8390129157652
 -289.1972464184287 660.4220819989969 -433.8451048337852 124.8121150188556 -63.17358697325565
 -289.1834434309904 660.3962310155214 -433.8534562554297 124.7883691772026 -63.16391060145114
 -289.4083867124594 660.3732907561814 -433.9094491751587 125.0677324176031 -63.14008641318731
 -289.2054978798626 660.4109344994832 -433.8471287797555 124.8154383895316 -63.18085414459655
 -289.2121348194838 660.4163566645443 -433.8496395031259 124.8122280920678 -63.16529930577507
 -289.1972464184287 660.4220819989969 -433.8451048337852 124.8121150188556 -63.17358697325565
 -289.4090697571062 660.3721988047791 -433.9124208794307 125.0701381127411 -63.1325108052475
 -289.2121348194838 660.4163566645443 -433.8496395031259 124.8122280920678 -63.16529930577507
 -289.2121348194838 660.4163566645443 -433.8496395031259 124.8122280920678 -63.16529930577507
 -289.1972464184287 660.4220819989969 -433.8451048337852 124.8121150188556 -63.17358697325565
 -289.2054978798626 660.4109344994832 -433.8471287797555 124.8154383895316 -63.18085414459655
 -289.4083867124594 660.3732907561814 -433.9094491751587 125.0677324176031 -63.14008641318731
 -288.9660824168363 661.3020463304898 -433.6011655916827 125.7182884925602 -65.1641535654993
 -289.1972464184287 660.4220819989969 -433.8451048337852 124.8121150188556 -63.17358697325565
 -289.1972464184287 660.4220819989969 -433.8451048337852 124.8121150188556 -63.17358697325565
 -289.1851487814458 660.4421377830696 -433.8521048416168 124.8108642235697 -63.14122486009368
 -289.1972464184287 660.4220819989969 -433.8451048337852 124.8121150188556 -63.17358697325565
 -288.9829714824245 661.2828435980443 -433.6075188596184 125.6917773467008 -65.1700859246727
 -289.4083867124594 660.3732907561814 -433.9094491751587 125.0677324176031 -63.14008641318731
 -289.1854135604858 660.3984066220163 -433.8452227376577 124.7885690962148 -63.16142096297347
 -289.1834434309904 660.3962310155214 -433.8534562554297 124.7883691772026 -63.16391060145114
 -289.2126366492933 660.42512431815 -433.8540879686146 124.8114583258744 -63.17998116648241
 -289.1972464184287 660.4220819989969 -433.8451048337852 124.8121150188556 -63.17358697325565
 -289.4051809255954 660.3835710518033 -433.9111637853171 125.0637460916762 -63.13986949830522
 -289.2054978798626 660.4109344994832 -433.8471287797555 124.8154383895316 -63.18085414459655
 -289.0018240797012 661.3185867080979 -433.6838777405061 125.7917541147876 -65.18711412869658
 -289.1844703460943 660.3964605973882 -433.8456116170169 124.7885190585159 -63.1614108429012
 -289.1966157598709 660.4206118097738 -433.8440672282618 124.8133283284212 -63.17442352280406
 -289.4091504028497 660.3722344341709 -433.9107180362464 125.0665489862238 -63.14003835384039
 -289.1953407553621 660.4226611807945 -433.8443496185647 124.8093580676012 -63.17602030693242
