# Created by Octave 4.2.1, Mon Oct 09 17:08:18 2017 BRT <root@mosqueiro>
# name: w2
# type: matrix
# rows: 1
# columns: 51
 0.2803617271601733 -0.3170137116960385 -0.0259953006751563 -0.1640578119227477 0.3227948214038327 0.1423820537452979 0.09556992398484586 -0.08164994060928918 0.5259567230809968 0.3790668375444488 -0.143052121728057 0.3785809326002593 0.3886920338748948 -0.3200731017006707 0.3149491537230857 0.01497848382627243 0.5200266215291151 -0.2569722074042744 -0.1714115772414678 0.01440903994630215 0.7941214091949617 -0.3994982997852765 0.001622389464620191 -0.3438679001644503 -0.2533097265935678 -0.1768078332341849 0.02396946961505422 0.5676804640377514 -0.7035155335342733 0.2946875551900718 0.2929952735139891 -0.5044828226590859 -0.2863819723660765 0.3070275221830608 0.4300964988588242 -0.06502076874324478 -0.1604558658126164 -0.1549561290502119 -0.2815501210040634 0.2987070120361572 0.4838818046918889 -0.2908367068034052 -0.1616986728408135 -0.1897023639609054 -0.374807022981373 -0.1412525877560608 0.08520412988211282 0.2335315457961402 0.0871118451985427 0.3042124726958854 0.468268053613428


