# Created by Octave 4.2.1, Mon Oct 09 17:06:48 2017 BRT <root@mosqueiro>
# name: w2
# type: matrix
# rows: 1
# columns: 51
 9.185539582909655 3.451035725825726 0.7370513284224067 1.766427730177412 -0.8487982203659357 -7.983157247716804 0.2432219497379702 -14.30614966247833 -8.731967456763734 -4.743186399861784 -7.9455251967739 -7.488512608320733 -2.89493029267107 -11.96698051701111 -3.543120422753216 6.881694556455045 5.909620460235203 7.218447343764844 -6.639008809878295 0.7453790839142584 0.230397225191874 0.2660113443126821 -9.467674577291547 -3.97418397542549 -2.5426529778874 -6.306534768479082 -1.668043707871369 5.183074475096817 -8.91056740784229 -2.456486040737481 -0.8264303246305786 -1.852700553019254 2.172258254521608 -3.369818181321378 -0.2555821418212503 1.001429298747318 3.802497303216462 12.1113490419884 2.718488443094898 -15.06049318997611 -1.121027154564688 -2.974374577762376 10.02960561127973 7.239083331019373 -0.8294368482131205 -4.771057959941459 10.84753828831758 -15.40123652487181 -0.2039639975449532 1.352856627592974 -3.912630091722207


