# Created by Octave 4.2.1, Mon Oct 09 17:07:16 2017 BRT <root@mosqueiro>
# name: w2
# type: matrix
# rows: 1
# columns: 51
 -0.6258018681488622 -1.908893864789221 -4.54163837352014 3.11134431033028 6.221056570981659 -1.42220308627067 1.970950051812724 3.857442529426024 -1.577496790994735 2.870568901979539 4.096209605892617 -0.4620250538942905 -0.7940189410806564 2.023045440799038 8.504207311868285 4.694724884707782 7.53777580003923 -0.8675090109617329 2.440843385613952 3.356227618095918 -2.51654720544782 9.277580647322608 0.2428363985566477 -8.11013192056393 4.046472809295295 2.238336968708111 0.4097889533863972 3.701252948814727 -0.138387180748154 2.091406558755974 -1.306051256441236 2.525487967367991 3.031993271100262 0.08163543496248415 -1.238619467661984 -7.042693476415341 -9.634943194436829 -5.04369757019602 -2.685751329788275 -9.257616172817615 -3.964074901301617 15.45761912108858 -0.6284559692964109 -5.282667178356554 3.154639229660856 0.3757679167012498 2.364796016250364 2.044062946295874 -2.258070874815591 10.88809258933489 -3.142600905742782


