# Created by Octave 4.2.1, Mon Oct 09 17:20:41 2017 BRT <root@mosqueiro>
# name: bestScores
# type: matrix
# rows: 1
# columns: 30
 0.09079140641138367 0.09079140641138367 0.08920941675017904 0.08812504956846598 0.08812504956846598 0.08812504956846598 0.08812504956846598 0.08812504956846598 0.08812504956846598 0.08812504956846598 0.08143248381413172 0.08143248381413172 0.08143248381413172 0.08143248381413172 0.08143248381413172 0.08143248381413172 0.08143248381413172 0.08143248381413172 0.08143248381413172 0.07871865332986724 0.07869274802990117 0.07869274802990117 0.07804112795027254 0.0780376421629122 0.07803673956194827 0.07803673956194827 0.07803657597977239 0.07803656158863222 0.07803656158863222 0.07803655538734368


