# Created by Octave 4.2.1, Mon Oct 09 17:20:11 2017 BRT <root@mosqueiro>
# name: bestScores
# type: matrix
# rows: 1
# columns: 30
 0.0959788829959336 0.0959788829959336 0.0959788829959336 0.0959788829959336 0.0959788829959336 0.0959788829959336 0.0959788829959336 0.0959788829959336 0.0959788829959336 0.0959788829959336 0.0959788829959336 0.08533131845242596 0.08533131845242596 0.08533131845242596 0.08533131845242596 0.08533131845242596 0.08533131845242596 0.08533131845242596 0.08533131845242596 0.08471378790676326 0.08352759082453895 0.08308873857465299 0.08308873857465299 0.08308873857465299 0.08308873857465299 0.08296970963680034 0.08296970963680034 0.08296970963680034 0.08296970963680034 0.08296970842376614


