# Created by Octave 4.2.1, Mon Oct 09 17:19:44 2017 BRT <root@mosqueiro>
# name: bestScores
# type: matrix
# rows: 1
# columns: 30
 0.1008224016803845 0.1008224016803845 0.1008224016803845 0.1008224016803845 0.1008224016803845 0.1008224016803845 0.1008224016803845 0.1008224016803845 0.1008224016803845 0.09869484485833629 0.09869484485833629 0.09869484485833629 0.09869484485833629 0.09449358086293259 0.08848067419183039 0.08848067419183039 0.08848067419183039 0.08848067419183039 0.08815607784503422 0.08053129747768811 0.08053129747768811 0.08053129747768811 0.08053129747768811 0.08007517276094989 0.07991579335456343 0.07990528260471388 0.07990528260471388 0.0798969537089179 0.07989624545897873 0.07989567826980576


