# Created by Octave 4.2.1, Mon Oct 09 17:18:42 2017 BRT <root@mosqueiro>
# name: bestScores
# type: matrix
# rows: 1
# columns: 30
 0.09709651429716122 0.09709651429716122 0.09709651429716122 0.09709651429716122 0.09709651429716122 0.09709651429716122 0.09709651429716122 0.09709651429716122 0.09709651429716122 0.09709651429716122 0.09709651429716122 0.09709651429716122 0.09709651429716122 0.09709651429716122 0.09709651429716122 0.09709651429716122 0.09709651429716122 0.09709651429716122 0.09506226266351783 0.09501008364130466 0.09501008364130466 0.09009767290199712 0.08638368205548143 0.08612095319063928 0.08542717929862778 0.08542717929862778 0.08506713084128864 0.08506713084128864 0.08506713084128864 0.08506021404226252


