# Created by Octave 4.2.1, Mon Oct 09 17:20:11 2017 BRT <root@mosqueiro>
# name: meanScores
# type: matrix
# rows: 1
# columns: 30
 2.432345277328309 0.5955156574990151 0.4325660448611658 0.412473150461323 0.4255875326461975 0.3243774755576713 0.3242889720713371 0.718331645735983 0.7571568795142807 0.7130306041312816 0.3368330348440173 5.969592025930273 0.2288768957737354 0.1880386788312401 0.144190235767239 0.1230259159181167 0.1408208522321273 0.09579423006656999 0.09313274847209685 0.1240262483947341 0.1372580950107728 0.09773143099424797 0.1022895080745314 0.1175570526298819 0.1024405199163039 0.09189452987307535 0.08657085914687369 0.08575802163615495 0.08336144077635702 0.08322821177182567


