# Created by Octave 4.2.1, Mon Oct 09 17:19:44 2017 BRT <root@mosqueiro>
# name: meanScores
# type: matrix
# rows: 1
# columns: 30
 1.506453067516988 0.7414271356564339 0.5485181973360741 0.4550204771516584 0.3989919110993109 0.8668898950592991 0.3320631006515498 0.4613025521329339 1.687508752911425 2.694475066549739 0.5234081792386255 0.5446666178586681 0.4618519043193238 0.6254999938116926 0.472545853497673 0.4754071070544522 0.197093604395974 0.1260381657555821 0.117940824388194 0.1068016454284809 0.09947559029708852 0.1738283445120673 0.09146309086975968 0.09002441315888542 0.08529584191828744 0.08296607649922055 0.08143291454307398 0.08064345270068944 0.08052833702494143 0.0803462368575121


