# Created by Octave 4.2.1, Mon Oct 09 17:20:25 2017 BRT <root@mosqueiro>
# name: pop
# type: matrix
# rows: 100
# columns: 5
 -1839.684958251766 2096.009296667185 -701.400970639829 -286.9482603066398 734.1843559263679
 -1839.684958251766 2096.009296667185 -701.400970639829 -286.9482603066398 734.1843559263679
 -1588.202351786726 2894.70029661723 -1596.340959912981 177.4223866282335 126.7387242699139
 -1588.202351786726 2894.70029661723 -1596.340959912981 177.4223866282335 126.7387242699139
 -65.65062037190376 70.76194568041251 914.0841798698098 -173.2646525218461 -717.8799681070566
 -582.3355866811112 2673.886543815378 -1477.106616267335 123.3213015594241 -212.8143670683046
 -1588.202351786726 2894.70029661723 -1596.340959912981 177.4223866282335 126.7387242699139
 -1391.409903985878 2464.58821426327 -2485.926300329338 805.2739174309029 -479.105038605841
 -1588.202351786726 2894.70029661723 -1596.340959912981 177.4223866282335 126.7387242699139
 -1588.202351786726 2894.70029661723 -1596.340959912981 177.4223866282335 126.7387242699139
 -1588.202351786726 2894.70029661723 -1596.340959912981 177.4223866282335 126.7387242699139
 -1588.202351786726 2894.70029661723 -1596.340959912981 177.4223866282335 126.7387242699139
 -1588.202351786726 2894.70029661723 -1596.340959912981 177.4223866282335 126.7387242699139
 -3843.311377926265 3689.059434741766 -313.6824005463494 2867.871478217143 -770.1359264632114
 -2596.084158994686 1589.199645612716 -1721.409958910216 768.4389975073184 204.2056142230719
 -1588.202351786726 2894.70029661723 -1596.340959912981 177.4223866282335 126.7387242699139
 -1588.202351786726 2894.70029661723 -1596.340959912981 177.4223866282335 126.7387242699139
 -1588.202351786726 2894.70029661723 -1596.340959912981 177.4223866282335 126.7387242699139
 -1588.202351786726 2894.70029661723 -1596.340959912981 177.4223866282335 126.7387242699139
 -65.65062037190376 70.76194568041251 914.0841798698098 -173.2646525218461 -717.8799681070566
 -1588.202351786726 2894.70029661723 -1596.340959912981 177.4223866282335 126.7387242699139
 -1588.202351786726 2894.70029661723 -1596.340959912981 177.4223866282335 126.7387242699139
 -1588.202351786726 2894.70029661723 -1596.340959912981 177.4223866282335 126.7387242699139
 -1324.715018822014 2805.188425554916 -1461.627943892422 -120.5672162811862 1026.081633371096
 -1588.202351786726 2894.70029661723 -1596.340959912981 177.4223866282335 126.7387242699139
 -1795.438273117675 3209.861549999333 -1410.171863174687 347.5067145457355 -524.0338717186272
 -1708.207297313139 2860.273161459884 -1356.394635259465 194.8625355602518 -116.1734325784947
 -1364.001786341894 1304.331944558611 -1681.270840212362 1395.962085927792 -360.6129162055609
 -3382.174473661566 -258.4427023202759 576.2930124478117 1044.31162090655 1818.883048769996
 -1588.202351786726 2894.70029661723 -1596.340959912981 177.4223866282335 126.7387242699139
 -1588.202351786726 2894.70029661723 -1596.340959912981 177.4223866282335 126.7387242699139
 -1588.202351786726 2894.70029661723 -1596.340959912981 177.4223866282335 126.7387242699139
 -1324.715018822014 2805.188425554916 -1461.627943892422 -120.5672162811862 1026.081633371096
 -1588.202351786726 2894.70029661723 -1596.340959912981 177.4223866282335 126.7387242699139
 -65.65062037190376 70.76194568041251 914.0841798698098 -173.2646525218461 -717.8799681070566
 -2596.084158994686 1589.199645612716 -1721.409958910216 768.4389975073184 204.2056142230719
 -1795.438273117675 3209.861549999333 -1410.171863174687 347.5067145457355 -524.0338717186272
 -1588.202351786726 2894.70029661723 -1596.340959912981 177.4223866282335 126.7387242699139
 -1839.684958251766 2096.009296667185 -701.400970639829 -286.9482603066398 734.1843559263679
 -1588.202351786726 2894.70029661723 -1596.340959912981 177.4223866282335 126.7387242699139
 -1588.202351786726 2894.70029661723 -1596.340959912981 177.4223866282335 126.7387242699139
 -1588.202351786726 2894.70029661723 -1596.340959912981 177.4223866282335 126.7387242699139
 -1320.869208211781 2973.278930241156 -1636.428597311057 557.4311091689449 72.47076196541377
 -1588.202351786726 2894.70029661723 -1596.340959912981 177.4223866282335 126.7387242699139
 -1588.202351786726 2894.70029661723 -1596.340959912981 177.4223866282335 126.7387242699139
 -1588.202351786726 2894.70029661723 -1596.340959912981 177.4223866282335 126.7387242699139
 -1588.202351786726 2894.70029661723 -1596.340959912981 177.4223866282335 126.7387242699139
 -1455.274244262923 2230.821731928783 -1511.226743735104 1321.483463623071 -94.76758316603403
 -1588.202351786726 2894.70029661723 -1596.340959912981 177.4223866282335 126.7387242699139
 -1839.684958251766 2096.009296667185 -701.400970639829 -286.9482603066398 734.1843559263679
 -1588.202351786726 2894.70029661723 -1596.340959912981 177.4223866282335 126.7387242699139
 -1588.202351786726 2894.70029661723 -1596.340959912981 177.4223866282335 126.7387242699139
 -1588.202351786726 2894.70029661723 -1596.340959912981 177.4223866282335 126.7387242699139
 -1588.202351786726 2894.70029661723 -1596.340959912981 177.4223866282335 126.7387242699139
 -1295.202811106399 3607.511151937139 -1878.063941678573 778.1996963861027 636.5571537838861
 -513.8798427847407 3023.958683274641 -2326.681555476857 -126.0619083106616 -884.3476586523017
 -1839.684958251766 2096.009296667185 -701.400970639829 -286.9482603066398 734.1843559263679
 -1588.202351786726 2894.70029661723 -1596.340959912981 177.4223866282335 126.7387242699139
 -1588.202351786726 2894.70029661723 -1596.340959912981 177.4223866282335 126.7387242699139
 -1588.202351786726 2894.70029661723 -1596.340959912981 177.4223866282335 126.7387242699139
 -1588.202351786726 2894.70029661723 -1596.340959912981 177.4223866282335 126.7387242699139
 -1588.202351786726 2894.70029661723 -1596.340959912981 177.4223866282335 126.7387242699139
 -1588.202351786726 2894.70029661723 -1596.340959912981 177.4223866282335 126.7387242699139
 -1588.202351786726 2894.70029661723 -1596.340959912981 177.4223866282335 126.7387242699139
 -1588.202351786726 2894.70029661723 -1596.340959912981 177.4223866282335 126.7387242699139
 -1588.202351786726 2894.70029661723 -1596.340959912981 177.4223866282335 126.7387242699139
 -1588.202351786726 2894.70029661723 -1596.340959912981 177.4223866282335 126.7387242699139
 -1839.684958251766 2096.009296667185 -701.400970639829 -286.9482603066398 734.1843559263679
 -1588.202351786726 2894.70029661723 -1596.340959912981 177.4223866282335 126.7387242699139
 -1711.865174178409 4075.148868496568 -1830.584205596957 551.8234414369406 509.7846519391161
 -3843.311377926265 3689.059434741766 -313.6824005463494 2867.871478217143 -770.1359264632114
 -1588.202351786726 2894.70029661723 -1596.340959912981 177.4223866282335 126.7387242699139
 -1276.659983702187 3636.202286253409 -1879.285188178428 710.512393172677 -636.1282968749356
 -1440.50470233564 2312.377411493937 -2458.806772495673 836.1342860467259 724.5564249903829
 -1588.202351786726 2894.70029661723 -1596.340959912981 177.4223866282335 126.7387242699139
 -1588.202351786726 2894.70029661723 -1596.340959912981 177.4223866282335 126.7387242699139
 -858.5369623189251 2601.417043929728 -1775.035116676155 527.041864518389 -302.1242864952678
 -1839.684958251766 2096.009296667185 -701.400970639829 -286.9482603066398 734.1843559263679
 -1588.202351786726 2894.70029661723 -1596.340959912981 177.4223866282335 126.7387242699139
 -1852.980884363849 3081.048215921163 -2285.721370551059 18.0293139125223 -226.7243613188147
 -2045.323054108006 2267.108077506317 -751.5544750808705 -247.3750037232179 633.2323046139863
 -3638.403775498979 3785.414732791047 42.18983019274958 2782.589353735306 -793.1753463876423
 -2183.92677894546 2002.601595887447 -767.9649578882836 -185.9289012158245 655.9408680682369
 -884.3382235937098 3206.723422288693 -2115.647746899714 675.261656049302 210.602145162112
 -1328.803203407184 1958.24916246692 -2502.009792440662 532.0568017931917 364.1088656848775
