# Created by Octave 4.2.1, Mon Oct 09 17:19:27 2017 BRT <root@mosqueiro>
# name: pop
# type: matrix
# rows: 100
# columns: 5
 700.202071926257 -241.675683134943 -211.3281813172684 -1082.325141918107 855.1075212584375
 700.202071926257 -241.675683134943 -211.3281813172684 -1082.325141918107 855.1075212584375
 188.3602401536047 -490.0921414289169 680.437567435542 -1984.834488846127 135.7506705538644
 700.202071926257 -241.675683134943 -211.3281813172684 -1082.325141918107 855.1075212584375
 21.97565093057074 -539.6392076759817 571.3488871281781 -672.7123516901197 -404.3068188150962
 -613.1408333901747 -1425.065227029489 1678.803199112367 -643.9860959191686 488.600027608969
 -1311.770126926474 -746.5105288779309 1719.437192228642 926.4295695426108 1237.804175184115
 -198.0943891492274 -894.9439805674821 902.108189938448 -577.7942071206314 800.4796933347745
 965.4965396705961 -1055.514011708645 -307.6200604420474 -1368.910940239712 374.8707978177968
 700.202071926257 -241.675683134943 -211.3281813172684 -1082.325141918107 855.1075212584375
 -198.0943891492274 -894.9439805674821 902.108189938448 -577.7942071206314 800.4796933347745
 -198.0943891492274 -894.9439805674821 902.108189938448 -577.7942071206314 800.4796933347745
 -198.0943891492274 -894.9439805674821 902.108189938448 -577.7942071206314 800.4796933347745
 -198.0943891492274 -894.9439805674821 902.108189938448 -577.7942071206314 800.4796933347745
 700.202071926257 -241.675683134943 -211.3281813172684 -1082.325141918107 855.1075212584375
 -196.1695042254793 100.9900743091548 -685.2933210692652 -3.500336485123739 618.3210368840535
 -198.0943891492274 -894.9439805674821 902.108189938448 -577.7942071206314 800.4796933347745
 700.202071926257 -241.675683134943 -211.3281813172684 -1082.325141918107 855.1075212584375
 -198.0943891492274 -894.9439805674821 902.108189938448 -577.7942071206314 800.4796933347745
 700.202071926257 -241.675683134943 -211.3281813172684 -1082.325141918107 855.1075212584375
 700.202071926257 -241.675683134943 -211.3281813172684 -1082.325141918107 855.1075212584375
 1003.374072427005 -657.6668957329737 -779.2193910927502 -337.9898879375443 866.0463292930581
 -198.0943891492274 -894.9439805674821 902.108189938448 -577.7942071206314 800.4796933347745
 -864.546933333567 -221.258425711279 1769.940713463065 92.5770210802649 941.8688400693468
 507.5173570475555 -158.5698781863044 -78.94933779917449 -1364.042726061351 1208.009417401195
 -198.0943891492274 -894.9439805674821 902.108189938448 -577.7942071206314 800.4796933347745
 3582.516316803328 -4561.905517840612 993.4324522761192 -3203.347482483083 -1537.156822588675
 -198.0943891492274 -894.9439805674821 902.108189938448 -577.7942071206314 800.4796933347745
 700.202071926257 -241.675683134943 -211.3281813172684 -1082.325141918107 855.1075212584375
 700.202071926257 -241.675683134943 -211.3281813172684 -1082.325141918107 855.1075212584375
 -198.0943891492274 -894.9439805674821 902.108189938448 -577.7942071206314 800.4796933347745
 700.202071926257 -241.675683134943 -211.3281813172684 -1082.325141918107 855.1075212584375
 -613.1408333901747 -1425.065227029489 1678.803199112367 -643.9860959191686 488.600027608969
 700.202071926257 -241.675683134943 -211.3281813172684 -1082.325141918107 855.1075212584375
 466.9781600574379 411.0411741878326 -26.56238037153375 -1538.391648131606 -262.1192312958595
 -410.5454403440383 -506.1533474896836 1955.637935559323 -271.4835315843539 1314.788511759734
 -198.0943891492274 -894.9439805674821 902.108189938448 -577.7942071206314 800.4796933347745
 -570.1925994406744 107.6797820130155 -716.3877864693613 -973.7141087718787 689.8980765850629
 700.202071926257 -241.675683134943 -211.3281813172684 -1082.325141918107 855.1075212584375
 700.202071926257 -241.675683134943 -211.3281813172684 -1082.325141918107 855.1075212584375
 -198.0943891492274 -894.9439805674821 902.108189938448 -577.7942071206314 800.4796933347745
 188.3602401536047 -490.0921414289169 680.437567435542 -1984.834488846127 135.7506705538644
 700.202071926257 -241.675683134943 -211.3281813172684 -1082.325141918107 855.1075212584375
 700.202071926257 -241.675683134943 -211.3281813172684 -1082.325141918107 855.1075212584375
 -198.0943891492274 -894.9439805674821 902.108189938448 -577.7942071206314 800.4796933347745
 -198.0943891492274 -894.9439805674821 902.108189938448 -577.7942071206314 800.4796933347745
 -198.0943891492274 -894.9439805674821 902.108189938448 -577.7942071206314 800.4796933347745
 1019.582086242439 -372.4793402793509 -100.4242484389269 -1291.81176989467 669.7506507066261
 -198.0943891492274 -894.9439805674821 902.108189938448 -577.7942071206314 800.4796933347745
 700.202071926257 -241.675683134943 -211.3281813172684 -1082.325141918107 855.1075212584375
 700.202071926257 -241.675683134943 -211.3281813172684 -1082.325141918107 855.1075212584375
 -943.4105419771263 -898.2163893317587 512.0148684802996 -291.2498927597822 524.5145898257592
 -198.0943891492274 -894.9439805674821 902.108189938448 -577.7942071206314 800.4796933347745
 9.137817104137469 -1604.457398155218 927.0579609101138 521.3911527888981 1483.513877146962
 -1311.770126926474 -746.5105288779309 1719.437192228642 926.4295695426108 1237.804175184115
 700.202071926257 -241.675683134943 -211.3281813172684 -1082.325141918107 855.1075212584375
 -198.0943891492274 -894.9439805674821 902.108189938448 -577.7942071206314 800.4796933347745
 -198.0943891492274 -894.9439805674821 902.108189938448 -577.7942071206314 800.4796933347745
 -198.0943891492274 -894.9439805674821 902.108189938448 -577.7942071206314 800.4796933347745
 -198.0943891492274 -894.9439805674821 902.108189938448 -577.7942071206314 800.4796933347745
 -613.1408333901747 -1425.065227029489 1678.803199112367 -643.9860959191686 488.600027608969
 -198.0943891492274 -894.9439805674821 902.108189938448 -577.7942071206314 800.4796933347745
 700.202071926257 -241.675683134943 -211.3281813172684 -1082.325141918107 855.1075212584375
 -1311.770126926474 -746.5105288779309 1719.437192228642 926.4295695426108 1237.804175184115
 -322.8235943254483 -2067.834641118905 2984.248798738462 451.3032195428136 -37.78610675311847
 700.202071926257 -241.675683134943 -211.3281813172684 -1082.325141918107 855.1075212584375
 700.202071926257 -241.675683134943 -211.3281813172684 -1082.325141918107 855.1075212584375
 700.202071926257 -241.675683134943 -211.3281813172684 -1082.325141918107 855.1075212584375
 -198.0943891492274 -894.9439805674821 902.108189938448 -577.7942071206314 800.4796933347745
 -198.0943891492274 -894.9439805674821 902.108189938448 -577.7942071206314 800.4796933347745
 -198.0943891492274 -894.9439805674821 902.108189938448 -577.7942071206314 800.4796933347745
 299.8749001063746 -2029.628515245312 -2248.517487180332 685.3874871038159 1355.217337495658
 700.202071926257 -241.675683134943 -211.3281813172684 -1082.325141918107 855.1075212584375
 -198.0943891492274 -894.9439805674821 902.108189938448 -577.7942071206314 800.4796933347745
 228.8933114798846 -820.1218342029052 711.7097102951858 364.9530014078807 556.2198202713544
 -198.0943891492274 -894.9439805674821 902.108189938448 -577.7942071206314 800.4796933347745
 700.202071926257 -241.675683134943 -211.3281813172684 -1082.325141918107 855.1075212584375
 -659.5307016914046 -1011.43544088937 1031.984556222544 -487.4654894633084 1159.877174046804
 700.202071926257 -241.675683134943 -211.3281813172684 -1082.325141918107 855.1075212584375
 700.202071926257 -241.675683134943 -211.3281813172684 -1082.325141918107 855.1075212584375
 283.3680865641709 -1369.700024518018 999.5424892574897 749.6572731419394 1154.474562135368
 444.481174382975 -463.0884307480928 -231.3962741712683 -1204.273636071254 914.994521803669
 446.8290619077281 -126.9345275580273 -373.9703004329607 -954.1787488383181 1356.777523429929
 -198.9267295260618 -966.5556685961432 1018.270926242098 -394.4154590825378 426.5991452749496
