# Created by Octave 4.2.1, Mon Oct 09 17:19:48 2017 BRT <root@mosqueiro>
# name: pop
# type: matrix
# rows: 100
# columns: 5
 371.712684717904 -297.5644430729197 -150.9693948208263 -41.60340753317314 160.8816957959191
 371.712684717904 -297.5644430729197 -150.9693948208263 -41.60340753317314 160.8816957959191
 683.8529526776631 461.0614408621148 -53.14381286870616 -506.2948057921218 -511.4894487872484
 872.3981933072653 553.2430071079586 116.811365780929 320.6057392031889 -555.1538641292213
 -996.9373006318191 443.4557680186358 -938.2027836296115 939.3615226481377 620.2874074614347
 371.712684717904 -297.5644430729197 -150.9693948208263 -41.60340753317314 160.8816957959191
 -937.1549481941815 854.1730611094681 -76.89152495521148 403.3971366596516 -114.9417988217939
 -996.9373006318191 443.4557680186358 -938.2027836296115 939.3615226481377 620.2874074614347
 -301.3921344210372 13.44122073334722 484.234086734509 -513.7244431619846 -734.3345019600383
 2226.309015196419 1287.966113814454 -3004.760981683836 526.1538765259877 1906.851740214292
 -30.56077074302857 301.5553157514719 534.6389337222372 -677.6972624289572 -42.34630085716014
 371.712684717904 -297.5644430729197 -150.9693948208263 -41.60340753317314 160.8816957959191
 -30.56077074302857 301.5553157514719 534.6389337222372 -677.6972624289572 -42.34630085716014
 2656.441557010502 -437.7127478476117 -503.7413453100312 1360.231683612664 1581.22036600127
 529.1526438627288 -244.6658911730772 -725.9513313934324 723.046839034452 41.57953712616086
 474.8923648190373 279.1085534788517 730.5675249334806 892.3947020088272 -888.3733389421133
 338.5194718514642 -676.5168770606947 -584.8589980445679 734.5085479413783 675.5756883155859
 -2700.636236419667 4296.320530851073 -539.1046502954921 2171.131065525542 -2635.019698650841
 -996.9373006318191 443.4557680186358 -938.2027836296115 939.3615226481377 620.2874074614347
 -577.4372813182044 454.6899633268683 638.61137752225 503.2872933470032 410.8440514689839
 371.712684717904 -297.5644430729197 -150.9693948208263 -41.60340753317314 160.8816957959191
 -1285.428213670627 -1959.875348357567 -1201.763597234407 -2639.626022575646 -322.0089671259987
 371.712684717904 -297.5644430729197 -150.9693948208263 -41.60340753317314 160.8816957959191
 869.7451065101066 777.1861282037942 715.7215581879382 508.9649540876319 895.9603436140478
 338.5194718514642 -676.5168770606947 -584.8589980445679 734.5085479413783 675.5756883155859
 468.5133861818879 30.70144174154416 -502.3060968143188 189.5775901678414 41.33422676607915
 -937.1549481941815 854.1730611094681 -76.89152495521148 403.3971366596516 -114.9417988217939
 -346.622480283923 -927.9956827220891 942.3084623357709 979.8803225964473 -495.2494298523013
 529.1526438627288 -244.6658911730772 -725.9513313934324 723.046839034452 41.57953712616086
 872.3981933072653 553.2430071079586 116.811365780929 320.6057392031889 -555.1538641292213
 -7.118426261259174 923.9141629086682 -464.219965194624 -1063.051056224334 1836.778457603645
 -996.9373006318191 443.4557680186358 -938.2027836296115 939.3615226481377 620.2874074614347
 710.032223124633 -305.5233172482023 -98.23041647620528 204.0267561346163 -43.8442987177433
 38.70689677545306 -852.421396280997 273.4793188878471 672.965985730541 800.7225188123793
 -346.622480283923 -927.9956827220891 942.3084623357709 979.8803225964473 -495.2494298523013
 338.5194718514642 -676.5168770606947 -584.8589980445679 734.5085479413783 675.5756883155859
 122.9062234893572 466.9671862761993 476.419715295589 -658.0120082283531 949.6696121487942
 -346.622480283923 -927.9956827220891 942.3084623357709 979.8803225964473 -495.2494298523013
 -996.9373006318191 443.4557680186358 -938.2027836296115 939.3615226481377 620.2874074614347
 -242.0240999939508 825.1215686792953 224.6053527617821 -190.1050921786555 398.9881436231847
 -996.9373006318191 443.4557680186358 -938.2027836296115 939.3615226481377 620.2874074614347
 -996.9373006318191 443.4557680186358 -938.2027836296115 939.3615226481377 620.2874074614347
 338.5194718514642 -676.5168770606947 -584.8589980445679 734.5085479413783 675.5756883155859
 468.5133861818879 30.70144174154416 -502.3060968143188 189.5775901678414 41.33422676607915
 -1485.966224268323 178.2350844632685 1263.104860904863 107.0534136695755 1242.431469435592
 -1802.285685182079 -3074.186904807839 832.8495102289085 1454.624795235363 2928.284548876132
 3779.589101029606 4138.252744479129 -1453.420275913329 -347.0343712537738 -72.88500510992651
 371.712684717904 -297.5644430729197 -150.9693948208263 -41.60340753317314 160.8816957959191
 -2.485276767232975 -1557.597934899713 4215.712666167923 4158.275326501299 -2741.108923667551
 371.712684717904 -297.5644430729197 -150.9693948208263 -41.60340753317314 160.8816957959191
 -242.0240999939508 825.1215686792953 224.6053527617821 -190.1050921786555 398.9881436231847
 474.8923648190373 279.1085534788517 730.5675249334806 892.3947020088272 -888.3733389421133
 -562.1564017469186 -281.55249350503 -84.46685964922403 -664.2323775696711 778.8815209925167
 -1672.39701671272 1285.366002348497 -504.9180199181169 -641.9442589022441 1510.312041849083
 -562.1564017469186 -281.55249350503 -84.46685964922403 -664.2323775696711 778.8815209925167
 -996.9373006318191 443.4557680186358 -938.2027836296115 939.3615226481377 620.2874074614347
 506.6837162083855 788.9454123772528 -861.4426857883029 884.2223127145803 761.9076898237502
 683.8529526776631 461.0614408621148 -53.14381286870616 -506.2948057921218 -511.4894487872484
 710.032223124633 -305.5233172482023 -98.23041647620528 204.0267561346163 -43.8442987177433
 -562.1564017469186 -281.55249350503 -84.46685964922403 -664.2323775696711 778.8815209925167
 525.7887324588798 -622.2444251065401 -513.9216421062081 -22.03887213654821 334.9012166408143
 371.712684717904 -297.5644430729197 -150.9693948208263 -41.60340753317314 160.8816957959191
 371.712684717904 -297.5644430729197 -150.9693948208263 -41.60340753317314 160.8816957959191
 2226.309015196419 1287.966113814454 -3004.760981683836 526.1538765259877 1906.851740214292
 283.0921288155564 -269.9122842581697 -755.3391464466898 -360.4444005838897 -990.2388446945783
 371.712684717904 -297.5644430729197 -150.9693948208263 -41.60340753317314 160.8816957959191
 -577.4372813182044 454.6899633268683 638.61137752225 503.2872933470032 410.8440514689839
 529.1526438627288 -244.6658911730772 -725.9513313934324 723.046839034452 41.57953712616086
 -1358.831267114934 3973.83686128159 192.3296789437269 -2202.569432951886 905.6891711234018
 349.9619958974531 -382.06234779382 239.5760660074036 -275.541022747159 -708.1328606558786
 371.712684717904 -297.5644430729197 -150.9693948208263 -41.60340753317314 160.8816957959191
 525.7887324588798 -622.2444251065401 -513.9216421062081 -22.03887213654821 334.9012166408143
 -676.8834099170331 -600.7485511062416 -800.9527859342882 384.9349679202485 474.0316403631559
 371.712684717904 -297.5644430729197 -150.9693948208263 -41.60340753317314 160.8816957959191
 -996.9373006318191 443.4557680186358 -938.2027836296115 939.3615226481377 620.2874074614347
 683.8529526776631 461.0614408621148 -53.14381286870616 -506.2948057921218 -511.4894487872484
 371.712684717904 -297.5644430729197 -150.9693948208263 -41.60340753317314 160.8816957959191
 -937.1549481941815 854.1730611094681 -76.89152495521148 403.3971366596516 -114.9417988217939
 -937.1549481941815 854.1730611094681 -76.89152495521148 403.3971366596516 -114.9417988217939
 371.712684717904 -297.5644430729197 -150.9693948208263 -41.60340753317314 160.8816957959191
 1455.319176495349 100.5800234046757 -190.0788582173428 1594.574179420424 2170.145429132374
 796.4643615240379 -1610.89103907348 1062.920042379627 -956.4645433014899 3869.108655889305
 3855.441258074175 -3396.126055796273 4116.810315187404 -3997.441531153166 380.8601528501995
 1709.862593241192 684.5620579166439 9.397191294420736 3200.858984381288 -1940.598796895551
