# Created by Octave 4.2.1, Mon Oct 09 17:20:27 2017 BRT <root@mosqueiro>
# name: pop
# type: matrix
# rows: 100
# columns: 5
 -1839.684958251766 2096.009296667185 -701.400970639829 -286.9482603066398 734.1843559263679
 -1839.684958251766 2096.009296667185 -701.400970639829 -286.9482603066398 734.1843559263679
 -1839.684958251766 2096.009296667185 -701.400970639829 -286.9482603066398 734.1843559263679
 -1839.684958251766 2096.009296667185 -701.400970639829 -286.9482603066398 734.1843559263679
 -1783.433728826656 1898.228450708212 -732.3695896068082 -408.4819425426911 982.9024524471844
 -1839.684958251766 2096.009296667185 -701.400970639829 -286.9482603066398 734.1843559263679
 -1839.684958251766 2096.009296667185 -701.400970639829 -286.9482603066398 734.1843559263679
 -1839.684958251766 2096.009296667185 -701.400970639829 -286.9482603066398 734.1843559263679
 -1588.202351786726 2894.70029661723 -1596.340959912981 177.4223866282335 126.7387242699139
 -1841.314780597272 2741.877776680163 -1634.649460088888 229.4335773979403 359.9359067894129
 -1839.684958251766 2096.009296667185 -701.400970639829 -286.9482603066398 734.1843559263679
 -1839.684958251766 2096.009296667185 -701.400970639829 -286.9482603066398 734.1843559263679
 -3787.270017307775 3615.664110075783 -564.7942759931612 3035.99196389871 -583.0815011829185
 -1507.927508255321 2926.608270761461 -1863.643821675964 335.5357070127137 67.50898039314441
 -1588.202351786726 2894.70029661723 -1596.340959912981 177.4223866282335 126.7387242699139
 -1657.064886974553 2856.800878802917 -1820.856721828739 75.88455013403544 -60.64803762397466
 -1560.663123388277 3018.832379705881 -1652.180649394313 322.9925460013102 539.3872388157004
 -1606.31661125009 2874.458485464365 -1808.904970130664 84.59063601636169 7.390845239836864
 -1839.684958251766 2096.009296667185 -701.400970639829 -286.9482603066398 734.1843559263679
 -1588.202351786726 2894.70029661723 -1596.340959912981 177.4223866282335 126.7387242699139
 -65.65062037190376 70.76194568041251 914.0841798698098 -173.2646525218461 -717.8799681070566
 -1418.126644880102 2276.373646915921 -2401.613114368732 866.408857147592 693.9135133331578
 -1839.684958251766 2096.009296667185 -701.400970639829 -286.9482603066398 734.1843559263679
 -1839.684958251766 2096.009296667185 -701.400970639829 -286.9482603066398 734.1843559263679
 -1910.080846045833 2876.028882064617 -1128.91665565323 -9.816354421494804 -347.7214007972552
 -1839.684958251766 2096.009296667185 -701.400970639829 -286.9482603066398 734.1843559263679
 -1839.684958251766 2096.009296667185 -701.400970639829 -286.9482603066398 734.1843559263679
 -2179.540439646797 1861.461527245161 -658.1811118702113 -194.9165418104713 1358.620435330874
 -1839.684958251766 2096.009296667185 -701.400970639829 -286.9482603066398 734.1843559263679
 -1839.684958251766 2096.009296667185 -701.400970639829 -286.9482603066398 734.1843559263679
 -513.8798427847407 3023.958683274641 -2326.681555476857 -126.0619083106616 -884.3476586523017
 -1839.684958251766 2096.009296667185 -701.400970639829 -286.9482603066398 734.1843559263679
 -1588.202351786726 2894.70029661723 -1596.340959912981 177.4223866282335 126.7387242699139
 -1839.684958251766 2096.009296667185 -701.400970639829 -286.9482603066398 734.1843559263679
 -1839.684958251766 2096.009296667185 -701.400970639829 -286.9482603066398 734.1843559263679
 -1839.684958251766 2096.009296667185 -701.400970639829 -286.9482603066398 734.1843559263679
 -1839.684958251766 2096.009296667185 -701.400970639829 -286.9482603066398 734.1843559263679
 -1588.202351786726 2894.70029661723 -1596.340959912981 177.4223866282335 126.7387242699139
 -539.3380812029735 3103.956640827811 -2301.600792786307 -174.5405464770811 -816.8242696944997
 -1657.064886974553 2856.800878802917 -1820.856721828739 75.88455013403544 -60.64803762397466
 -2166.677693250913 2141.761395768393 -430.5197476238059 -437.9416659396973 1029.153360656765
 -1588.202351786726 2894.70029661723 -1596.340959912981 177.4223866282335 126.7387242699139
 -1839.684958251766 2096.009296667185 -701.400970639829 -286.9482603066398 734.1843559263679
 -1713.33291374488 2766.323807978518 -1236.9535681614 -8.24350627916175 -167.4925214814788
 -1839.684958251766 2096.009296667185 -701.400970639829 -286.9482603066398 734.1843559263679
 -1588.202351786726 2894.70029661723 -1596.340959912981 177.4223866282335 126.7387242699139
 -1352.490597901736 2862.737967432257 -1635.610359660516 101.7927896396886 164.0873021526585
 -1839.684958251766 2096.009296667185 -701.400970639829 -286.9482603066398 734.1843559263679
 -1839.684958251766 2096.009296667185 -701.400970639829 -286.9482603066398 734.1843559263679
 -1423.122993951118 1541.300624851022 -1816.116943473213 1012.884368136907 -29.52831152632291
 -1604.932747153811 3690.312460772334 -2189.455538628783 631.395905842191 719.6222787807114
 -1839.684958251766 2096.009296667185 -701.400970639829 -286.9482603066398 734.1843559263679
 -1680.717764521641 2518.413721918002 -1609.024843260812 378.9076905102136 -94.51539805099105
 -1588.202351786726 2894.70029661723 -1596.340959912981 177.4223866282335 126.7387242699139
 -1795.438273117675 3209.861549999333 -1410.171863174687 347.5067145457355 -524.0338717186272
 -1320.869208211781 2973.278930241156 -1636.428597311057 557.4311091689449 72.47076196541377
 -1839.684958251766 2096.009296667185 -701.400970639829 -286.9482603066398 734.1843559263679
 -1839.684958251766 2096.009296667185 -701.400970639829 -286.9482603066398 734.1843559263679
 -1588.202351786726 2894.70029661723 -1596.340959912981 177.4223866282335 126.7387242699139
 -1839.684958251766 2096.009296667185 -701.400970639829 -286.9482603066398 734.1843559263679
 -1911.098456491833 2231.476220364336 -816.583590326243 15.60837711076249 291.714187324587
 -1839.684958251766 2096.009296667185 -701.400970639829 -286.9482603066398 734.1843559263679
 -1588.202351786726 2894.70029661723 -1596.340959912981 177.4223866282335 126.7387242699139
 -1839.684958251766 2096.009296667185 -701.400970639829 -286.9482603066398 734.1843559263679
 -1905.233200664914 3457.395029483534 -1281.365965180068 374.9649093856607 -630.7816898270563
 -1839.684958251766 2096.009296667185 -701.400970639829 -286.9482603066398 734.1843559263679
 -1839.684958251766 2096.009296667185 -701.400970639829 -286.9482603066398 734.1843559263679
 -1839.684958251766 2096.009296667185 -701.400970639829 -286.9482603066398 734.1843559263679
 -1588.202351786726 2894.70029661723 -1596.340959912981 177.4223866282335 126.7387242699139
 -1839.684958251766 2096.009296667185 -701.400970639829 -286.9482603066398 734.1843559263679
 -1560.663123388277 3018.832379705881 -1652.180649394313 322.9925460013102 539.3872388157004
 -1839.684958251766 2096.009296667185 -701.400970639829 -286.9482603066398 734.1843559263679
 -1545.038403353616 2892.560311711428 -1614.579180184224 253.6667388539217 146.7665833333649
 -1839.684958251766 2096.009296667185 -701.400970639829 -286.9482603066398 734.1843559263679
 -65.65062037190376 70.76194568041251 914.0841798698098 -173.2646525218461 -717.8799681070566
 -1638.132676390033 3046.194409178354 -1497.966195254459 45.66977633301937 125.7089784003695
 -1839.684958251766 2096.009296667185 -701.400970639829 -286.9482603066398 734.1843559263679
 -1783.433728826656 1898.228450708212 -732.3695896068082 -408.4819425426911 982.9024524471844
 -1680.717764521641 2518.413721918002 -1609.024843260812 378.9076905102136 -94.51539805099105
 -1680.717764521641 2518.413721918002 -1609.024843260812 378.9076905102136 -94.51539805099105
 -1761.521044151238 2188.95825916116 -692.7489614460403 -154.0342022111061 667.2434825313757
 -2072.90892641865 2167.990749887193 -862.8630111209981 43.04721600428885 245.6705052653381
 -1816.66797214119 2131.065188874193 -693.3831469258723 -266.2538041311009 877.0012886736215
 -1721.431557055083 1952.924159563011 -614.1139514735573 -512.5649482356453 604.2048052785954
