# Created by Octave 4.2.1, Mon Oct 09 17:19:52 2017 BRT <root@mosqueiro>
# name: pop
# type: matrix
# rows: 100
# columns: 5
 371.712684717904 -297.5644430729197 -150.9693948208263 -41.60340753317314 160.8816957959191
 371.712684717904 -297.5644430729197 -150.9693948208263 -41.60340753317314 160.8816957959191
 371.712684717904 -297.5644430729197 -150.9693948208263 -41.60340753317314 160.8816957959191
 371.712684717904 -297.5644430729197 -150.9693948208263 -41.60340753317314 160.8816957959191
 371.712684717904 -297.5644430729197 -150.9693948208263 -41.60340753317314 160.8816957959191
 371.712684717904 -297.5644430729197 -150.9693948208263 -41.60340753317314 160.8816957959191
 371.712684717904 -297.5644430729197 -150.9693948208263 -41.60340753317314 160.8816957959191
 -996.9373006318191 443.4557680186358 -938.2027836296115 939.3615226481377 620.2874074614347
 371.712684717904 -297.5644430729197 -150.9693948208263 -41.60340753317314 160.8816957959191
 371.712684717904 -297.5644430729197 -150.9693948208263 -41.60340753317314 160.8816957959191
 371.712684717904 -297.5644430729197 -150.9693948208263 -41.60340753317314 160.8816957959191
 -996.9373006318191 443.4557680186358 -938.2027836296115 939.3615226481377 620.2874074614347
 371.712684717904 -297.5644430729197 -150.9693948208263 -41.60340753317314 160.8816957959191
 371.712684717904 -297.5644430729197 -150.9693948208263 -41.60340753317314 160.8816957959191
 371.712684717904 -297.5644430729197 -150.9693948208263 -41.60340753317314 160.8816957959191
 98.73056303690515 -2753.067196230486 -997.7213156857302 304.725779791264 427.42756442099
 371.712684717904 -297.5644430729197 -150.9693948208263 -41.60340753317314 160.8816957959191
 371.712684717904 -297.5644430729197 -150.9693948208263 -41.60340753317314 160.8816957959191
 2076.95556469752 -431.7285347034415 938.6774192034163 -1424.47577800738 -97.90856432972771
 -37.63061262739558 -996.2374547733139 947.5100463025202 485.6364186845288 2688.301026173703
 371.712684717904 -297.5644430729197 -150.9693948208263 -41.60340753317314 160.8816957959191
 525.7887324588798 -622.2444251065401 -513.9216421062081 -22.03887213654821 334.9012166408143
 371.712684717904 -297.5644430729197 -150.9693948208263 -41.60340753317314 160.8816957959191
 -37.63061262739558 -996.2374547733139 947.5100463025202 485.6364186845288 2688.301026173703
 371.712684717904 -297.5644430729197 -150.9693948208263 -41.60340753317314 160.8816957959191
 -4578.948871781015 -321.7980171817985 -3003.334140904311 -2597.701878145056 -202.6169479677952
 -996.9373006318191 443.4557680186358 -938.2027836296115 939.3615226481377 620.2874074614347
 371.712684717904 -297.5644430729197 -150.9693948208263 -41.60340753317314 160.8816957959191
 -966.4452662800202 -1209.076131022702 783.9609758278671 -1610.605114656666 -2243.535447033675
 371.712684717904 -297.5644430729197 -150.9693948208263 -41.60340753317314 160.8816957959191
 1455.319176495349 100.5800234046757 -190.0788582173428 1594.574179420424 2170.145429132374
 371.712684717904 -297.5644430729197 -150.9693948208263 -41.60340753317314 160.8816957959191
 371.712684717904 -297.5644430729197 -150.9693948208263 -41.60340753317314 160.8816957959191
 371.712684717904 -297.5644430729197 -150.9693948208263 -41.60340753317314 160.8816957959191
 710.032223124633 -305.5233172482023 -98.23041647620528 204.0267561346163 -43.8442987177433
 -4068.89472366842 -2718.578780729074 1369.089029637545 2393.167119344163 -2449.758487605489
 371.712684717904 -297.5644430729197 -150.9693948208263 -41.60340753317314 160.8816957959191
 371.712684717904 -297.5644430729197 -150.9693948208263 -41.60340753317314 160.8816957959191
 1455.319176495349 100.5800234046757 -190.0788582173428 1594.574179420424 2170.145429132374
 4435.142880500296 298.3424390951699 535.1209860768046 2831.920927176638 1821.391096832471
 371.712684717904 -297.5644430729197 -150.9693948208263 -41.60340753317314 160.8816957959191
 371.712684717904 -297.5644430729197 -150.9693948208263 -41.60340753317314 160.8816957959191
 371.712684717904 -297.5644430729197 -150.9693948208263 -41.60340753317314 160.8816957959191
 371.712684717904 -297.5644430729197 -150.9693948208263 -41.60340753317314 160.8816957959191
 371.712684717904 -297.5644430729197 -150.9693948208263 -41.60340753317314 160.8816957959191
 -996.9373006318191 443.4557680186358 -938.2027836296115 939.3615226481377 620.2874074614347
 2076.95556469752 -431.7285347034415 938.6774192034163 -1424.47577800738 -97.90856432972771
 371.712684717904 -297.5644430729197 -150.9693948208263 -41.60340753317314 160.8816957959191
 683.8529526776631 461.0614408621148 -53.14381286870616 -506.2948057921218 -511.4894487872484
 371.712684717904 -297.5644430729197 -150.9693948208263 -41.60340753317314 160.8816957959191
 371.712684717904 -297.5644430729197 -150.9693948208263 -41.60340753317314 160.8816957959191
 194.1013590236754 846.9715635290219 726.8321219670754 1840.824585967514 2144.12176698733
 371.712684717904 -297.5644430729197 -150.9693948208263 -41.60340753317314 160.8816957959191
 1003.067689711974 137.8895034449595 710.7964309055945 2765.975875460992 -1284.757394546816
 371.712684717904 -297.5644430729197 -150.9693948208263 -41.60340753317314 160.8816957959191
 371.712684717904 -297.5644430729197 -150.9693948208263 -41.60340753317314 160.8816957959191
 1003.067689711974 137.8895034449595 710.7964309055945 2765.975875460992 -1284.757394546816
 371.712684717904 -297.5644430729197 -150.9693948208263 -41.60340753317314 160.8816957959191
 -937.1549481941815 854.1730611094681 -76.89152495521148 403.3971366596516 -114.9417988217939
 371.712684717904 -297.5644430729197 -150.9693948208263 -41.60340753317314 160.8816957959191
 1455.319176495349 100.5800234046757 -190.0788582173428 1594.574179420424 2170.145429132374
 61.71491682480394 1346.069151481237 -1640.407202001901 -2293.851535077826 1275.532946360895
 371.712684717904 -297.5644430729197 -150.9693948208263 -41.60340753317314 160.8816957959191
 371.712684717904 -297.5644430729197 -150.9693948208263 -41.60340753317314 160.8816957959191
 4876.571203906488 -1517.996993074389 -528.2746539052463 4841.911626780585 -763.3959433589093
 371.712684717904 -297.5644430729197 -150.9693948208263 -41.60340753317314 160.8816957959191
 371.712684717904 -297.5644430729197 -150.9693948208263 -41.60340753317314 160.8816957959191
 371.712684717904 -297.5644430729197 -150.9693948208263 -41.60340753317314 160.8816957959191
 371.712684717904 -297.5644430729197 -150.9693948208263 -41.60340753317314 160.8816957959191
 371.712684717904 -297.5644430729197 -150.9693948208263 -41.60340753317314 160.8816957959191
 371.712684717904 -297.5644430729197 -150.9693948208263 -41.60340753317314 160.8816957959191
 371.712684717904 -297.5644430729197 -150.9693948208263 -41.60340753317314 160.8816957959191
 371.712684717904 -297.5644430729197 -150.9693948208263 -41.60340753317314 160.8816957959191
 371.712684717904 -297.5644430729197 -150.9693948208263 -41.60340753317314 160.8816957959191
 -996.9373006318191 443.4557680186358 -938.2027836296115 939.3615226481377 620.2874074614347
 371.712684717904 -297.5644430729197 -150.9693948208263 -41.60340753317314 160.8816957959191
 -1734.968384940264 3490.440396315558 -1009.240807632955 2374.08713391077 -344.932065680408
 371.712684717904 -297.5644430729197 -150.9693948208263 -41.60340753317314 160.8816957959191
 2885.58203686205 -363.587459339141 -1938.064102786033 -967.4292233335044 234.305945684679
 371.712684717904 -297.5644430729197 -150.9693948208263 -41.60340753317314 160.8816957959191
 1827.484993642673 -1648.686729090584 944.348712335399 -1035.379263094279 2467.259422500254
 1172.762300071325 430.6072836925377 882.9737742721967 -1029.634736373151 -1576.027903945235
 -2133.067823361756 -353.3120745526226 757.2097782718637 926.2204154206158 1230.575861000174
 696.5528237451185 -1207.440033331341 1776.838983082186 -2471.953545231107 1186.379315648512
