# Created by Octave 4.2.1, Mon Oct 09 17:20:14 2017 BRT <root@mosqueiro>
# name: pop
# type: matrix
# rows: 100
# columns: 5
 609.258856058389 715.924675809742 -705.1230799872806 237.2012145506515 -909.8852685666267
 392.4865408552819 75.3081941297346 -94.83443447822935 87.80215961240651 942.5205079733255
 -62.68548793578714 -159.1421999106278 747.3505499006565 11.34594611737145 460.5541620640824
 -46.48156976978214 -863.1555509853567 28.45937272824676 452.9270564574099 -954.9365107899689
 -656.2167954903898 -539.2946939198389 227.8532121477863 -454.4303032422729 274.1783705631926
 -821.8447488714365 -189.3566892962447 -529.0746480755718 790.6261684478686 -754.425871738237
 290.079939831706 -875.6630141443363 -940.1065608772514 104.1916608597496 -726.8329610715277
 871.699574210631 660.4119370231854 652.6297285168298 81.25888320749891 158.7701533757206
 753.1469629787707 820.6227742212538 -430.9285801149205 611.9742380122123 -339.8061973760991
 -175.1133536951028 892.6346759582393 694.7622036872126 -736.1770133288691 395.1915652143769
 -201.1883417142783 865.9277593647148 -667.7959794266432 166.0115080822331 -41.0774900446288
 -764.1251533471457 795.29781480266 -922.7745182850983 -343.8214916246015 67.79665705024081
 266.0040705066649 411.89716894614 -585.3712820442081 -905.2991149922153 -612.2869213347371
 -195.6459326489762 -895.4789830392315 944.5501930539804 240.3405505324176 -100.4204866521486
 -435.8407045069806 -527.8741124833584 693.6447910624054 162.389341166057 469.6062616084882
 -820.203499561387 -248.6617106096319 861.2243672736934 258.6964814597197 160.3462773748499
 -251.2142937678891 449.2222787552219 -263.6360338665153 -787.2627835203668 492.327745101755
 -750.1946163326518 574.4674650856218 6.080969819248367 509.008074009992 862.5815060077632
 785.2610621505612 195.766362188793 992.700714200723 -51.94310373461951 -597.101086456079
 -668.6764157170478 87.36696589442681 464.8565224785475 -717.2251452202995 103.4322502657194
 -540.7250512499704 -669.1839742825744 -190.8226120819826 315.503215158576 -705.0323836132396
 -971.9383052453474 -787.4195276347255 525.6788077228425 596.0649599876763 -459.684398547824
 -207.2566232072473 347.200509269546 160.8283726632646 467.646406599071 -946.2141279159583
 789.7191045324691 316.1349013044899 240.4101999543091 656.2496538308301 -514.1161997275302
 19.91598059168371 -671.2056589697277 69.97301152501382 -480.9154492926483 -185.3447473684403
 719.160931591 -254.5152730536407 932.519475078635 878.2325703071422 627.8814148211077
 171.5234577655008 618.2872021312185 348.2347230958799 95.75526399691898 703.4181884913478
 566.7983581314866 -266.905241099442 -63.66148707606419 193.1235256773355 -66.67780520359088
 -92.06827218927481 396.4472233673173 -685.3178674202775 694.4121770967624 -629.1524242938126
 -917.3797692594176 -147.982806715448 -320.5182086440241 64.04585764342573 632.7526656589721
 -6.881755991437444 836.9312474636033 213.6435063930817 -291.8587060199384 -480.7386267975801
 209.2700702362686 451.9466195048001 752.026717436132 919.8735368014209 -735.9113111792043
 -62.26609430140491 -283.668233340662 -531.3655639052286 423.8760390825319 -112.1010941580668
 302.6828222860688 702.5239054567969 367.0443720622213 571.0760543212184 -131.2258929994138
 -533.6284831807291 799.9193541450022 785.7548298809172 -793.4936857307663 -970.5498367386655
 -619.6539497808481 479.4794476501506 -281.934824958628 -218.6317725397747 966.2904815294926
 -482.4599133675277 -646.4029114485136 979.0068885501018 -496.1681756625854 -882.87219725928
 674.5241085038249 -116.034708288242 -718.8677297663803 -629.8856021999743 691.118304266676
 262.0621182205314 -793.9245659256915 161.7955599695463 -545.6066267381444 505.4526187392289
 -160.2761520613113 254.7354491478864 844.794938106173 636.8987615588487 -84.82296265380853
 904.6323762572429 245.6467862364341 928.0687528056083 -746.7925567129131 600.3248601961191
 -554.0461513428166 103.2021019815475 458.4638826361363 256.1103028479697 358.8837531517822
 718.6460919247534 -753.6718610522798 -306.6213808387471 407.51193330042 -458.3742095847629
 -463.6120744058757 -662.617474219081 -853.9109957553427 343.4119420991788 -332.0067381043584
 84.7721476260449 -732.0286461160529 398.2438237413705 766.2851898382414 -61.98308145553858
 225.9839193675887 421.4482978515166 -667.8717510671725 208.3231954681487 341.9238035292799
 -478.6252171169124 73.4593314877834 297.7194901925354 953.9293009892122 -965.0853200378513
 -103.9334321782807 541.8274077886333 -776.9799986291924 -709.8876632822385 -551.2745168561345
 -530.3565166775975 912.5383487099732 399.379057781161 -265.9872842437915 159.6230967818021
 -782.8076375655987 38.24269462124016 -811.5623622355869 553.5386807089822 282.879989523522
 455.0957036829498 397.6295818120925 -361.0477516226553 963.517101038906 -829.070393332383
 -970.8416289989498 -163.8810407725891 628.561269838581 -344.0268191714206 544.6587753250942
 -310.903999078678 475.3892363042596 932.6834268847833 256.3876918699395 379.9313452045656
 -765.7925551270451 -483.4320279893883 561.9949453989259 951.5176763078496 -882.1887952252165
 79.56894080869347 -536.9348032295326 -244.4685569499273 525.3893534513149 258.8569674296589
 -805.4263614066125 579.0993876812083 -863.6638029252651 762.2923783875003 -831.6642316365173
 -737.5749875385472 716.6646416076617 -282.4723353516468 -162.214212721937 -124.368409341603
 -476.0051858494033 434.651250280986 871.9735987805973 -518.8249713599572 -353.8974489320753
 340.3788087936728 60.04626364563819 -631.5885845040573 -211.9415445987705 372.2045417971465
 844.0402276981072 195.3124226430939 -464.8574754691356 261.9470346315313 -974.9394575813154
 -849.6043980371967 678.5071781250347 -870.7365256164145 -575.9648352948537 -679.3287440124745
 -613.7996790846693 622.2207063807682 -242.83174615627 971.6455160643729 -129.0770487734828
 789.8853905508154 514.4420333855705 -54.59762279086749 325.8671187788668 443.8104363122613
 -643.7121732662559 510.423761226685 512.2106216215104 -256.9247995200074 66.56740378243808
 -697.4652218619432 -438.6119969773604 -46.71963526396928 388.0903037172052 145.0829434278046
 544.7391023053112 -689.1046428193689 709.4457031014374 -887.3369718695847 -97.98843693432741
 92.60628181675929 -434.6504196253144 734.1411534626818 277.1889970324221 -466.1087707409472
 -573.8790632712979 459.282867650971 722.6316450712959 -5.637506312708183 -363.3302357857408
 -889.606414708075 -597.4080090784294 653.0905355453456 -208.3439511329631 -609.5025709978748
 -611.6192653043223 455.4229234209934 -228.0284299828891 518.4429559956259 -16.97919194090252
 592.1848043268828 -431.6920097748213 -233.5156112921227 -640.1445960942266 960.3786562575497
 -533.0815258191153 -706.4784663147382 -415.0204602625304 -276.5396896994629 -18.73002047159332
 275.3355392187891 -972.0154356201089 254.2254549721813 -670.1479122103935 -239.8549077044812
 -583.1458086236955 174.0452271853965 -403.9862698351254 -142.2467342616372 -949.2964057989205
 -738.7326545026378 -703.7530819716976 506.3022083358774 -325.6540657082912 -893.8240245967829
 -228.1054394610652 -556.9879180591701 660.5260137140617 -775.8393483196994 90.6166338231601
 183.7499965377838 -11.99586024075734 163.0953570137601 785.8201358249892 381.9865612073052
 98.3805745730624 306.3648225414088 -191.2230915582547 -891.9145276092538 973.6311266047892
 769.9737747840895 523.7869379722374 -432.9738374102067 640.8910653246028 -402.4768441777095
 351.0761685202688 -705.7052294616767 313.1708438560299 -945.8581974487694 262.6722470911327
 661.6263029509807 845.4023396920252 -616.0689879459117 297.5655258229208 -856.5154142404429
 60.71873635152701 -762.1358090077576 -100.7287532947429 -885.0404472082071 141.28833179444
 61.30282516000375 -627.3644107285827 -997.8166593037212 -514.2539614958149 562.6405834115324
 -943.8154298168374 -198.8990948079771 -280.7921328123263 926.1038738528905 29.53326863273969
