# Created by Octave 4.2.1, Mon Oct 09 17:18:53 2017 BRT <root@mosqueiro>
# name: pop
# type: matrix
# rows: 100
# columns: 5
 -740.0812443056229 -261.0217900321334 -36.46923379602072 812.9975577392072 269.7047144134333
 -740.0812443056229 -261.0217900321334 -36.46923379602072 812.9975577392072 269.7047144134333
 -740.0812443056229 -261.0217900321334 -36.46923379602072 812.9975577392072 269.7047144134333
 -740.0812443056229 -261.0217900321334 -36.46923379602072 812.9975577392072 269.7047144134333
 -740.0812443056229 -261.0217900321334 -36.46923379602072 812.9975577392072 269.7047144134333
 -987.382666885538 58.84902253675875 -800.4631812263812 351.7860615324532 1322.86862258257
 -740.0812443056229 -261.0217900321334 -36.46923379602072 812.9975577392072 269.7047144134333
 -1284.460182087532 -205.9005367570295 -1951.447967324443 -1824.243620582673 -719.2775479273997
 -1303.899851522004 -110.2592686952998 -351.7382009415329 474.5175925817299 1742.291661971999
 -740.0812443056229 -261.0217900321334 -36.46923379602072 812.9975577392072 269.7047144134333
 -740.0812443056229 -261.0217900321334 -36.46923379602072 812.9975577392072 269.7047144134333
 -272.250024355889 1091.09883367549 -575.4003342750696 1425.191473646126 -230.2147535741018
 -1284.460182087532 -205.9005367570295 -1951.447967324443 -1824.243620582673 -719.2775479273997
 -740.0812443056229 -261.0217900321334 -36.46923379602072 812.9975577392072 269.7047144134333
 4731.297534553284 4238.149143069994 672.5630069116014 -1276.243805947141 -2954.814250549683
 1194.505783895072 -10.29604939411854 -42.6794743717162 -759.7197913810236 1745.576970587019
 -740.0812443056229 -261.0217900321334 -36.46923379602072 812.9975577392072 269.7047144134333
 -740.0812443056229 -261.0217900321334 -36.46923379602072 812.9975577392072 269.7047144134333
 -994.6174348448394 774.3833535059371 458.3723154972197 -354.6561873129991 76.87814728930516
 -101.2927008470612 -820.0361503238362 -408.3781182920288 531.9803230147224 674.0571016236124
 -124.5092879111235 -2690.090590985879 -60.23357643718336 957.0695431353984 824.032786307993
 -468.2694872620855 1007.712434105329 -277.9172972171472 1439.563061185454 357.5562279326357
 -1376.899821830776 80.53759749765743 -425.0919496355932 1947.059417186832 298.5355530937551
 427.4788584889661 283.5238887194331 -94.1753582423602 909.4124611872591 1278.298517096736
 -1349.064245630972 403.8952220909518 -264.6767627962491 1169.554358966349 921.073278925353
 427.4788584889661 283.5238887194331 -94.1753582423602 909.4124611872591 1278.298517096736
 -1349.064245630972 403.8952220909518 -264.6767627962491 1169.554358966349 921.073278925353
 -740.0812443056229 -261.0217900321334 -36.46923379602072 812.9975577392072 269.7047144134333
 -1589.177848165011 -509.9898515245409 -524.8880047053231 710.9013491641342 -229.4003261410618
 -740.0812443056229 -261.0217900321334 -36.46923379602072 812.9975577392072 269.7047144134333
 2102.576072251229 2207.698827667542 -493.7894681703622 -699.249228701919 282.4449328254912
 -740.0812443056229 -261.0217900321334 -36.46923379602072 812.9975577392072 269.7047144134333
 804.5201644506562 1845.515627653028 -372.0986086344972 2126.654344112711 368.4429289757298
 -740.0812443056229 -261.0217900321334 -36.46923379602072 812.9975577392072 269.7047144134333
 -740.0812443056229 -261.0217900321334 -36.46923379602072 812.9975577392072 269.7047144134333
 -740.0812443056229 -261.0217900321334 -36.46923379602072 812.9975577392072 269.7047144134333
 -740.0812443056229 -261.0217900321334 -36.46923379602072 812.9975577392072 269.7047144134333
 -1349.064245630972 403.8952220909518 -264.6767627962491 1169.554358966349 921.073278925353
 -740.0812443056229 -261.0217900321334 -36.46923379602072 812.9975577392072 269.7047144134333
 -810.1359904670093 856.2510057903521 -150.8333268834992 -292.9790656088069 865.6722422426603
 -740.0812443056229 -261.0217900321334 -36.46923379602072 812.9975577392072 269.7047144134333
 -740.0812443056229 -261.0217900321334 -36.46923379602072 812.9975577392072 269.7047144134333
 -740.0812443056229 -261.0217900321334 -36.46923379602072 812.9975577392072 269.7047144134333
 427.4788584889661 283.5238887194331 -94.1753582423602 909.4124611872591 1278.298517096736
 -740.0812443056229 -261.0217900321334 -36.46923379602072 812.9975577392072 269.7047144134333
 -740.0812443056229 -261.0217900321334 -36.46923379602072 812.9975577392072 269.7047144134333
 -1384.413281083897 655.5834422392038 1101.834155441706 163.6035004450499 -375.777300285538
 -740.0812443056229 -261.0217900321334 -36.46923379602072 812.9975577392072 269.7047144134333
 -740.0812443056229 -261.0217900321334 -36.46923379602072 812.9975577392072 269.7047144134333
 -1705.625339732287 -28.09488369351348 959.3488725069127 738.2578716797161 581.633157725046
 -740.0812443056229 -261.0217900321334 -36.46923379602072 812.9975577392072 269.7047144134333
 1194.505783895072 -10.29604939411854 -42.6794743717162 -759.7197913810236 1745.576970587019
 -740.0812443056229 -261.0217900321334 -36.46923379602072 812.9975577392072 269.7047144134333
 934.7035952041069 -136.9552863834187 9.174059904801204 188.4278788819704 -1025.470233169549
 -740.0812443056229 -261.0217900321334 -36.46923379602072 812.9975577392072 269.7047144134333
 -987.382666885538 58.84902253675875 -800.4631812263812 351.7860615324532 1322.86862258257
 -266.2781783627394 -1042.765097694553 2235.455999448203 2824.145607772677 79.06789847621371
 -740.0812443056229 -261.0217900321334 -36.46923379602072 812.9975577392072 269.7047144134333
 -649.36698268611 -299.821971609536 -413.0194421573202 197.5348090787667 102.7604222256128
 -987.382666885538 58.84902253675875 -800.4631812263812 351.7860615324532 1322.86862258257
 -101.2927008470612 -820.0361503238362 -408.3781182920288 531.9803230147224 674.0571016236124
 -1293.016528524847 -71.51708559271896 -175.4992393000279 -1316.550318704069 1711.453861693703
 -740.0812443056229 -261.0217900321334 -36.46923379602072 812.9975577392072 269.7047144134333
 1065.570295636174 -1272.831652348573 -183.5388935075725 445.3601788146749 -380.636418840865
 -2206.480040574829 -414.1838511928363 -122.330003431875 -356.9187419496895 -1321.102058688932
 -740.0812443056229 -261.0217900321334 -36.46923379602072 812.9975577392072 269.7047144134333
 -740.0812443056229 -261.0217900321334 -36.46923379602072 812.9975577392072 269.7047144134333
 -1284.460182087532 -205.9005367570295 -1951.447967324443 -1824.243620582673 -719.2775479273997
 -1348.834581850326 -1139.273903718636 84.06133972595342 1736.389134769509 -687.6655982869967
 -1266.112156697653 -522.576441909006 -717.1137069106726 1259.879125467188 -781.5420605433187
 -740.0812443056229 -261.0217900321334 -36.46923379602072 812.9975577392072 269.7047144134333
 -740.0812443056229 -261.0217900321334 -36.46923379602072 812.9975577392072 269.7047144134333
 -740.0812443056229 -261.0217900321334 -36.46923379602072 812.9975577392072 269.7047144134333
 -740.0812443056229 -261.0217900321334 -36.46923379602072 812.9975577392072 269.7047144134333
 -740.0812443056229 -261.0217900321334 -36.46923379602072 812.9975577392072 269.7047144134333
 -1232.798173093699 -1447.957820072265 970.1134106741122 -474.3444140697875 3036.817991499634
 1194.505783895072 -10.29604939411854 -42.6794743717162 -759.7197913810236 1745.576970587019
 934.7035952041069 -136.9552863834187 9.174059904801204 188.4278788819704 -1025.470233169549
 -740.0812443056229 -261.0217900321334 -36.46923379602072 812.9975577392072 269.7047144134333
 -740.0812443056229 -261.0217900321334 -36.46923379602072 812.9975577392072 269.7047144134333
 -723.3632861731866 -1435.081240479289 484.919419670518 812.9448105060225 3.213137836297165
 -1895.870487438098 -785.3220522897533 -949.37544334959 1839.957638043156 211.9968069239941
 4288.110128469067 5773.25538693512 34.59598505485894 -1416.930559604823 -2387.702966022212
 -121.7596322168813 553.2978320116529 -2132.661180713983 -1444.516936458754 240.4334674261477
