# Created by Octave 4.2.1, Mon Oct 09 17:19:22 2017 BRT <root@mosqueiro>
# name: pop
# type: matrix
# rows: 100
# columns: 5
 -198.0943891492274 -894.9439805674821 902.108189938448 -577.7942071206314 800.4796933347745
 -198.0943891492274 -894.9439805674821 902.108189938448 -577.7942071206314 800.4796933347745
 -322.8235943254483 -2067.834641118905 2984.248798738462 451.3032195428136 -37.78610675311847
 -1262.829043894817 -457.9627770492292 2896.736439673469 -998.4381143056212 806.6545358837219
 -196.1695042254793 100.9900743091548 -685.2933210692652 -3.500336485123739 618.3210368840535
 -198.0943891492274 -894.9439805674821 902.108189938448 -577.7942071206314 800.4796933347745
 -198.0943891492274 -894.9439805674821 902.108189938448 -577.7942071206314 800.4796933347745
 -198.0943891492274 -894.9439805674821 902.108189938448 -577.7942071206314 800.4796933347745
 -198.0943891492274 -894.9439805674821 902.108189938448 -577.7942071206314 800.4796933347745
 -1011.821168883211 683.3193643413352 25.18859493689558 710.8237756372428 -286.5939267038141
 -198.0943891492274 -894.9439805674821 902.108189938448 -577.7942071206314 800.4796933347745
 -198.0943891492274 -894.9439805674821 902.108189938448 -577.7942071206314 800.4796933347745
 -198.0943891492274 -894.9439805674821 902.108189938448 -577.7942071206314 800.4796933347745
 -198.0943891492274 -894.9439805674821 902.108189938448 -577.7942071206314 800.4796933347745
 -1433.10645993215 -493.2486932707927 640.7008822767784 558.9169482872653 21.00830904008899
 3509.027186833031 -2695.761947315618 -1126.327764775841 -3233.854162844838 -1479.705784219468
 -198.0943891492274 -894.9439805674821 902.108189938448 -577.7942071206314 800.4796933347745
 -1311.770126926474 -746.5105288779309 1719.437192228642 926.4295695426108 1237.804175184115
 -198.0943891492274 -894.9439805674821 902.108189938448 -577.7942071206314 800.4796933347745
 -198.0943891492274 -894.9439805674821 902.108189938448 -577.7942071206314 800.4796933347745
 -198.0943891492274 -894.9439805674821 902.108189938448 -577.7942071206314 800.4796933347745
 -198.0943891492274 -894.9439805674821 902.108189938448 -577.7942071206314 800.4796933347745
 -3431.873328495325 4637.210228273859 2962.586297568238 -2541.347729379408 -4589.8819152082
 -198.0943891492274 -894.9439805674821 902.108189938448 -577.7942071206314 800.4796933347745
 -198.0943891492274 -894.9439805674821 902.108189938448 -577.7942071206314 800.4796933347745
 -198.0943891492274 -894.9439805674821 902.108189938448 -577.7942071206314 800.4796933347745
 -198.0943891492274 -894.9439805674821 902.108189938448 -577.7942071206314 800.4796933347745
 -198.0943891492274 -894.9439805674821 902.108189938448 -577.7942071206314 800.4796933347745
 -86.02605903179273 -349.7923843132747 1191.369323069366 -397.6865863341683 -505.6248836484287
 -198.0943891492274 -894.9439805674821 902.108189938448 -577.7942071206314 800.4796933347745
 -198.0943891492274 -894.9439805674821 902.108189938448 -577.7942071206314 800.4796933347745
 4234.64739094506 1733.09773671937 1524.580514017881 -3996.800761350983 1362.171797237872
 -196.1695042254793 100.9900743091548 -685.2933210692652 -3.500336485123739 618.3210368840535
 -198.0943891492274 -894.9439805674821 902.108189938448 -577.7942071206314 800.4796933347745
 -198.0943891492274 -894.9439805674821 902.108189938448 -577.7942071206314 800.4796933347745
 -196.1695042254793 100.9900743091548 -685.2933210692652 -3.500336485123739 618.3210368840535
 593.6902933328896 -811.918218551977 -76.42120772463181 -915.1718794753356 2530.641091479833
 -198.0943891492274 -894.9439805674821 902.108189938448 -577.7942071206314 800.4796933347745
 -198.0943891492274 -894.9439805674821 902.108189938448 -577.7942071206314 800.4796933347745
 -5268.970554732437 -931.9868535160911 2994.733680666 889.7700014295976 3232.659249038791
 -198.0943891492274 -894.9439805674821 902.108189938448 -577.7942071206314 800.4796933347745
 -322.8235943254483 -2067.834641118905 2984.248798738462 451.3032195428136 -37.78610675311847
 3509.027186833031 -2695.761947315618 -1126.327764775841 -3233.854162844838 -1479.705784219468
 -198.0943891492274 -894.9439805674821 902.108189938448 -577.7942071206314 800.4796933347745
 -198.0943891492274 -894.9439805674821 902.108189938448 -577.7942071206314 800.4796933347745
 -322.8235943254483 -2067.834641118905 2984.248798738462 451.3032195428136 -37.78610675311847
 -198.0943891492274 -894.9439805674821 902.108189938448 -577.7942071206314 800.4796933347745
 -1076.432997133059 1585.683481256419 1251.548514320465 -205.5215031148936 2430.886603696225
 -1311.770126926474 -746.5105288779309 1719.437192228642 926.4295695426108 1237.804175184115
 -198.0943891492274 -894.9439805674821 902.108189938448 -577.7942071206314 800.4796933347745
 -51.01527950926652 -1825.228819367281 288.9423943013878 934.8600093855946 1800.665580563488
 -198.0943891492274 -894.9439805674821 902.108189938448 -577.7942071206314 800.4796933347745
 -198.0943891492274 -894.9439805674821 902.108189938448 -577.7942071206314 800.4796933347745
 1623.368130109081 -372.4169679955786 445.8432563457945 -585.0939559923818 -256.0515151050608
 -1011.821168883211 683.3193643413352 25.18859493689558 710.8237756372428 -286.5939267038141
 -198.0943891492274 -894.9439805674821 902.108189938448 -577.7942071206314 800.4796933347745
 -322.8235943254483 -2067.834641118905 2984.248798738462 451.3032195428136 -37.78610675311847
 -198.0943891492274 -894.9439805674821 902.108189938448 -577.7942071206314 800.4796933347745
 -3254.606097617333 -876.692193561312 -1081.031759434222 -3052.124239011016 1093.235795645636
 -1433.10645993215 -493.2486932707927 640.7008822767784 558.9169482872653 21.00830904008899
 -198.0943891492274 -894.9439805674821 902.108189938448 -577.7942071206314 800.4796933347745
 -198.0943891492274 -894.9439805674821 902.108189938448 -577.7942071206314 800.4796933347745
 -87.81461076141558 -3701.416945709283 -717.8971370141389 -600.7811416601061 811.0997519337401
 -198.0943891492274 -894.9439805674821 902.108189938448 -577.7942071206314 800.4796933347745
 3509.027186833031 -2695.761947315618 -1126.327764775841 -3233.854162844838 -1479.705784219468
 -198.0943891492274 -894.9439805674821 902.108189938448 -577.7942071206314 800.4796933347745
 -198.0943891492274 -894.9439805674821 902.108189938448 -577.7942071206314 800.4796933347745
 -1262.829043894817 -457.9627770492292 2896.736439673469 -998.4381143056212 806.6545358837219
 -198.0943891492274 -894.9439805674821 902.108189938448 -577.7942071206314 800.4796933347745
 -1823.936162022876 -1932.190731713321 586.6401661087434 -386.8175550231408 954.8621067207969
 -198.0943891492274 -894.9439805674821 902.108189938448 -577.7942071206314 800.4796933347745
 -198.0943891492274 -894.9439805674821 902.108189938448 -577.7942071206314 800.4796933347745
 -198.0943891492274 -894.9439805674821 902.108189938448 -577.7942071206314 800.4796933347745
 -5268.970554732437 -931.9868535160911 2994.733680666 889.7700014295976 3232.659249038791
 -198.0943891492274 -894.9439805674821 902.108189938448 -577.7942071206314 800.4796933347745
 -3254.606097617333 -876.692193561312 -1081.031759434222 -3052.124239011016 1093.235795645636
 -198.0943891492274 -894.9439805674821 902.108189938448 -577.7942071206314 800.4796933347745
 -198.0943891492274 -894.9439805674821 902.108189938448 -577.7942071206314 800.4796933347745
 -198.0943891492274 -894.9439805674821 902.108189938448 -577.7942071206314 800.4796933347745
 -5268.970554732437 -931.9868535160911 2994.733680666 889.7700014295976 3232.659249038791
 -940.7683841305973 152.6435711391454 2394.83513632934 -3018.085092382461 -245.0102335008099
 -1244.42534262905 -1676.937927006724 1424.664543088488 -566.9958557604009 356.3643287565528
 850.3920632020512 -458.614260019766 177.0930702552123 -1269.227966477703 -229.5273632031081
 1395.701905187267 -1004.932416903947 -161.1322725804805 -1694.155173982045 1949.16938298478
