# Created by Octave 4.2.1, Mon Oct 09 17:19:21 2017 BRT <root@mosqueiro>
# name: pop
# type: matrix
# rows: 100
# columns: 5
 -198.0943891492274 -894.9439805674821 902.108189938448 -577.7942071206314 800.4796933347745
 -198.0943891492274 -894.9439805674821 902.108189938448 -577.7942071206314 800.4796933347745
 -198.0943891492274 -894.9439805674821 902.108189938448 -577.7942071206314 800.4796933347745
 -198.0943891492274 -894.9439805674821 902.108189938448 -577.7942071206314 800.4796933347745
 -198.0943891492274 -894.9439805674821 902.108189938448 -577.7942071206314 800.4796933347745
 -198.0943891492274 -894.9439805674821 902.108189938448 -577.7942071206314 800.4796933347745
 353.3975450336278 330.4204448406476 311.1070804762207 -2907.869093233037 4599.013788100524
 -322.8235943254483 -2067.834641118905 2984.248798738462 451.3032195428136 -37.78610675311847
 -196.1695042254793 100.9900743091548 -685.2933210692652 -3.500336485123739 618.3210368840535
 -3431.873328495325 4637.210228273859 2962.586297568238 -2541.347729379408 -4589.8819152082
 -198.0943891492274 -894.9439805674821 902.108189938448 -577.7942071206314 800.4796933347745
 -5268.970554732437 -931.9868535160911 2994.733680666 889.7700014295976 3232.659249038791
 -322.8235943254483 -2067.834641118905 2984.248798738462 451.3032195428136 -37.78610675311847
 -198.0943891492274 -894.9439805674821 902.108189938448 -577.7942071206314 800.4796933347745
 -198.0943891492274 -894.9439805674821 902.108189938448 -577.7942071206314 800.4796933347745
 -198.0943891492274 -894.9439805674821 902.108189938448 -577.7942071206314 800.4796933347745
 -86.02605903179273 -349.7923843132747 1191.369323069366 -397.6865863341683 -505.6248836484287
 -7360.703031942165 -2859.227308312044 2822.671782464554 -535.6813656326208 4682.731700978343
 -3254.606097617333 -876.692193561312 -1081.031759434222 -3052.124239011016 1093.235795645636
 -1433.10645993215 -493.2486932707927 640.7008822767784 558.9169482872653 21.00830904008899
 2704.151591743881 -1496.772349713712 -535.6815152332176 -2579.386824709002 1721.849871620728
 -198.0943891492274 -894.9439805674821 902.108189938448 -577.7942071206314 800.4796933347745
 -198.0943891492274 -894.9439805674821 902.108189938448 -577.7942071206314 800.4796933347745
 214.3350269518139 -1173.690042504898 2752.783537460497 -1196.400001003652 -1163.387658848506
 -198.0943891492274 -894.9439805674821 902.108189938448 -577.7942071206314 800.4796933347745
 -198.0943891492274 -894.9439805674821 902.108189938448 -577.7942071206314 800.4796933347745
 -198.0943891492274 -894.9439805674821 902.108189938448 -577.7942071206314 800.4796933347745
 -198.0943891492274 -894.9439805674821 902.108189938448 -577.7942071206314 800.4796933347745
 -322.8235943254483 -2067.834641118905 2984.248798738462 451.3032195428136 -37.78610675311847
 -198.0943891492274 -894.9439805674821 902.108189938448 -577.7942071206314 800.4796933347745
 3509.027186833031 -2695.761947315618 -1126.327764775841 -3233.854162844838 -1479.705784219468
 -198.0943891492274 -894.9439805674821 902.108189938448 -577.7942071206314 800.4796933347745
 -5268.970554732437 -931.9868535160911 2994.733680666 889.7700014295976 3232.659249038791
 -198.0943891492274 -894.9439805674821 902.108189938448 -577.7942071206314 800.4796933347745
 -198.0943891492274 -894.9439805674821 902.108189938448 -577.7942071206314 800.4796933347745
 -198.0943891492274 -894.9439805674821 902.108189938448 -577.7942071206314 800.4796933347745
 -198.0943891492274 -894.9439805674821 902.108189938448 -577.7942071206314 800.4796933347745
 -1433.10645993215 -493.2486932707927 640.7008822767784 558.9169482872653 21.00830904008899
 -198.0943891492274 -894.9439805674821 902.108189938448 -577.7942071206314 800.4796933347745
 -198.0943891492274 -894.9439805674821 902.108189938448 -577.7942071206314 800.4796933347745
 -198.0943891492274 -894.9439805674821 902.108189938448 -577.7942071206314 800.4796933347745
 3509.027186833031 -2695.761947315618 -1126.327764775841 -3233.854162844838 -1479.705784219468
 3509.027186833031 -2695.761947315618 -1126.327764775841 -3233.854162844838 -1479.705784219468
 -198.0943891492274 -894.9439805674821 902.108189938448 -577.7942071206314 800.4796933347745
 -198.0943891492274 -894.9439805674821 902.108189938448 -577.7942071206314 800.4796933347745
 -198.0943891492274 -894.9439805674821 902.108189938448 -577.7942071206314 800.4796933347745
 -5268.970554732437 -931.9868535160911 2994.733680666 889.7700014295976 3232.659249038791
 -198.0943891492274 -894.9439805674821 902.108189938448 -577.7942071206314 800.4796933347745
 -198.0943891492274 -894.9439805674821 902.108189938448 -577.7942071206314 800.4796933347745
 -198.0943891492274 -894.9439805674821 902.108189938448 -577.7942071206314 800.4796933347745
 -198.0943891492274 -894.9439805674821 902.108189938448 -577.7942071206314 800.4796933347745
 -322.8235943254483 -2067.834641118905 2984.248798738462 451.3032195428136 -37.78610675311847
 -1893.403012115005 -67.77800996961184 1595.793826234967 -956.9036260966875 2084.095634100075
 -1311.770126926474 -746.5105288779309 1719.437192228642 926.4295695426108 1237.804175184115
 4234.64739094506 1733.09773671937 1524.580514017881 -3996.800761350983 1362.171797237872
 -198.0943891492274 -894.9439805674821 902.108189938448 -577.7942071206314 800.4796933347745
 -198.0943891492274 -894.9439805674821 902.108189938448 -577.7942071206314 800.4796933347745
 -198.0943891492274 -894.9439805674821 902.108189938448 -577.7942071206314 800.4796933347745
 -161.284029131953 -1254.65657828591 1232.25804378507 2734.513593583028 2996.967267661284
 -442.0915494885609 1049.662647804536 -635.2182804732008 -2073.828815131965 1257.304661820041
 -198.0943891492274 -894.9439805674821 902.108189938448 -577.7942071206314 800.4796933347745
 -198.0943891492274 -894.9439805674821 902.108189938448 -577.7942071206314 800.4796933347745
 -198.0943891492274 -894.9439805674821 902.108189938448 -577.7942071206314 800.4796933347745
 -198.0943891492274 -894.9439805674821 902.108189938448 -577.7942071206314 800.4796933347745
 -1076.432997133059 1585.683481256419 1251.548514320465 -205.5215031148936 2430.886603696225
 -198.0943891492274 -894.9439805674821 902.108189938448 -577.7942071206314 800.4796933347745
 1079.295856683119 -1599.313827728971 832.1193543345028 71.70902319065692 827.1322140544773
 -86.02605903179273 -349.7923843132747 1191.369323069366 -397.6865863341683 -505.6248836484287
 -196.1695042254793 100.9900743091548 -685.2933210692652 -3.500336485123739 618.3210368840535
 -198.0943891492274 -894.9439805674821 902.108189938448 -577.7942071206314 800.4796933347745
 -198.0943891492274 -894.9439805674821 902.108189938448 -577.7942071206314 800.4796933347745
 -1011.821168883211 683.3193643413352 25.18859493689558 710.8237756372428 -286.5939267038141
 -198.0943891492274 -894.9439805674821 902.108189938448 -577.7942071206314 800.4796933347745
 -198.0943891492274 -894.9439805674821 902.108189938448 -577.7942071206314 800.4796933347745
 -198.0943891492274 -894.9439805674821 902.108189938448 -577.7942071206314 800.4796933347745
 -198.0943891492274 -894.9439805674821 902.108189938448 -577.7942071206314 800.4796933347745
 -1433.10645993215 -493.2486932707927 640.7008822767784 558.9169482872653 21.00830904008899
 -1311.770126926474 -746.5105288779309 1719.437192228642 926.4295695426108 1237.804175184115
 -198.0943891492274 -894.9439805674821 902.108189938448 -577.7942071206314 800.4796933347745
 -198.0943891492274 -894.9439805674821 902.108189938448 -577.7942071206314 800.4796933347745
 2753.602733445857 -1584.75269112814 3316.257048278144 -316.3506836518627 1793.320357459329
 -1823.936162022876 -1932.190731713321 586.6401661087434 -386.8175550231408 954.8621067207969
 -1062.710863937727 -727.9214241669207 5332.389383141187 4467.169245588469 -3458.681821305435
 -985.2002849143845 -1877.237755477075 1501.28296952447 -1144.383264473719 1492.543291901416
