# Created by Octave 4.2.1, Mon Oct 09 17:19:59 2017 BRT <root@mosqueiro>
# name: pop
# type: matrix
# rows: 100
# columns: 5
 -253.935663394946 -627.0440646270383 26.57882194482798 112.3541240991824 741.8557978485687
 -253.935663394946 -627.0440646270383 26.57882194482798 112.3541240991824 741.8557978485687
 293.9396681093021 -188.4750688219852 -248.0973064019915 154.6154319383459 103.3966270310742
 -253.935663394946 -627.0440646270383 26.57882194482798 112.3541240991824 741.8557978485687
 620.8091499360232 -37.80380983261043 -180.2131490619427 46.76903809511981 -100.2998300653901
 347.7558573649503 91.76573574028981 -672.1707975268621 164.0694043731807 -177.9707098132895
 -253.935663394946 -627.0440646270383 26.57882194482798 112.3541240991824 741.8557978485687
 -253.935663394946 -627.0440646270383 26.57882194482798 112.3541240991824 741.8557978485687
 371.712684717904 -297.5644430729197 -150.9693948208263 -41.60340753317314 160.8816957959191
 371.712684717904 -297.5644430729197 -150.9693948208263 -41.60340753317314 160.8816957959191
 371.712684717904 -297.5644430729197 -150.9693948208263 -41.60340753317314 160.8816957959191
 371.712684717904 -297.5644430729197 -150.9693948208263 -41.60340753317314 160.8816957959191
 -937.1549481941815 854.1730611094681 -76.89152495521148 403.3971366596516 -114.9417988217939
 620.8091499360232 -37.80380983261043 -180.2131490619427 46.76903809511981 -100.2998300653901
 -4068.89472366842 -2718.578780729074 1369.089029637545 2393.167119344163 -2449.758487605489
 371.712684717904 -297.5644430729197 -150.9693948208263 -41.60340753317314 160.8816957959191
 -253.935663394946 -627.0440646270383 26.57882194482798 112.3541240991824 741.8557978485687
 371.712684717904 -297.5644430729197 -150.9693948208263 -41.60340753317314 160.8816957959191
 371.712684717904 -297.5644430729197 -150.9693948208263 -41.60340753317314 160.8816957959191
 371.712684717904 -297.5644430729197 -150.9693948208263 -41.60340753317314 160.8816957959191
 371.712684717904 -297.5644430729197 -150.9693948208263 -41.60340753317314 160.8816957959191
 371.712684717904 -297.5644430729197 -150.9693948208263 -41.60340753317314 160.8816957959191
 -253.935663394946 -627.0440646270383 26.57882194482798 112.3541240991824 741.8557978485687
 2030.720241509521 68.00076081959357 1500.364177746639 1369.49733040028 -1170.598469391829
 371.712684717904 -297.5644430729197 -150.9693948208263 -41.60340753317314 160.8816957959191
 371.712684717904 -297.5644430729197 -150.9693948208263 -41.60340753317314 160.8816957959191
 667.15757773379 -700.6361877974243 -315.2662560123198 387.9249322572626 -465.1857964704922
 371.712684717904 -297.5644430729197 -150.9693948208263 -41.60340753317314 160.8816957959191
 -253.935663394946 -627.0440646270383 26.57882194482798 112.3541240991824 741.8557978485687
 -937.1549481941815 854.1730611094681 -76.89152495521148 403.3971366596516 -114.9417988217939
 371.712684717904 -297.5644430729197 -150.9693948208263 -41.60340753317314 160.8816957959191
 371.712684717904 -297.5644430729197 -150.9693948208263 -41.60340753317314 160.8816957959191
 580.8136092422542 -597.5521018076709 239.0243153745616 -59.28981839400632 -242.4272308362183
 377.3038389306939 -138.2209814537891 -121.2439588166435 -155.8958716379463 228.3024182864796
 580.8136092422542 -597.5521018076709 239.0243153745616 -59.28981839400632 -242.4272308362183
 371.712684717904 -297.5644430729197 -150.9693948208263 -41.60340753317314 160.8816957959191
 -126.630497709549 -705.6164513293847 -1808.000150373595 3086.95552414881 3686.402420876034
 377.3038389306939 -138.2209814537891 -121.2439588166435 -155.8958716379463 228.3024182864796
 371.712684717904 -297.5644430729197 -150.9693948208263 -41.60340753317314 160.8816957959191
 -937.1549481941815 854.1730611094681 -76.89152495521148 403.3971366596516 -114.9417988217939
 -253.935663394946 -627.0440646270383 26.57882194482798 112.3541240991824 741.8557978485687
 -253.935663394946 -627.0440646270383 26.57882194482798 112.3541240991824 741.8557978485687
 -378.4395113389435 -658.4000737215074 354.5349631883697 93.1519205097425 690.8937605835229
 -253.935663394946 -627.0440646270383 26.57882194482798 112.3541240991824 741.8557978485687
 606.0740523496283 187.0104277425793 488.3253912379202 -294.36293970655 8.223846167177889
 371.712684717904 -297.5644430729197 -150.9693948208263 -41.60340753317314 160.8816957959191
 371.712684717904 -297.5644430729197 -150.9693948208263 -41.60340753317314 160.8816957959191
 371.712684717904 -297.5644430729197 -150.9693948208263 -41.60340753317314 160.8816957959191
 -814.5307544586211 -1215.508817109781 -2222.997952809803 2789.394397760176 3087.085872393734
 371.712684717904 -297.5644430729197 -150.9693948208263 -41.60340753317314 160.8816957959191
 347.7558573649503 91.76573574028981 -672.1707975268621 164.0694043731807 -177.9707098132895
 371.712684717904 -297.5644430729197 -150.9693948208263 -41.60340753317314 160.8816957959191
 371.712684717904 -297.5644430729197 -150.9693948208263 -41.60340753317314 160.8816957959191
 -253.935663394946 -627.0440646270383 26.57882194482798 112.3541240991824 741.8557978485687
 371.712684717904 -297.5644430729197 -150.9693948208263 -41.60340753317314 160.8816957959191
 371.712684717904 -297.5644430729197 -150.9693948208263 -41.60340753317314 160.8816957959191
 -253.935663394946 -627.0440646270383 26.57882194482798 112.3541240991824 741.8557978485687
 -253.935663394946 -627.0440646270383 26.57882194482798 112.3541240991824 741.8557978485687
 -253.935663394946 -627.0440646270383 26.57882194482798 112.3541240991824 741.8557978485687
 371.712684717904 -297.5644430729197 -150.9693948208263 -41.60340753317314 160.8816957959191
 225.8766315759045 -542.1778123710542 -336.5239836612001 377.1739890131262 206.3824051472969
 371.712684717904 -297.5644430729197 -150.9693948208263 -41.60340753317314 160.8816957959191
 371.712684717904 -297.5644430729197 -150.9693948208263 -41.60340753317314 160.8816957959191
 347.7558573649503 91.76573574028981 -672.1707975268621 164.0694043731807 -177.9707098132895
 -2312.286639902102 165.5354041865668 3812.606996632269 -2536.042958363513 508.4328419094949
 371.712684717904 -297.5644430729197 -150.9693948208263 -41.60340753317314 160.8816957959191
 -378.4395113389435 -658.4000737215074 354.5349631883697 93.1519205097425 690.8937605835229
 371.712684717904 -297.5644430729197 -150.9693948208263 -41.60340753317314 160.8816957959191
 -253.935663394946 -627.0440646270383 26.57882194482798 112.3541240991824 741.8557978485687
 -253.935663394946 -627.0440646270383 26.57882194482798 112.3541240991824 741.8557978485687
 -253.935663394946 -627.0440646270383 26.57882194482798 112.3541240991824 741.8557978485687
 -142.5774117822437 -678.8525066149277 303.3728665249417 257.4543275301895 808.2890373469726
 371.712684717904 -297.5644430729197 -150.9693948208263 -41.60340753317314 160.8816957959191
 -2312.286639902102 165.5354041865668 3812.606996632269 -2536.042958363513 508.4328419094949
 371.712684717904 -297.5644430729197 -150.9693948208263 -41.60340753317314 160.8816957959191
 371.712684717904 -297.5644430729197 -150.9693948208263 -41.60340753317314 160.8816957959191
 313.2082873570479 -133.936773303689 -262.8294239016707 48.18463577862265 274.5701572424052
 2030.720241509521 68.00076081959357 1500.364177746639 1369.49733040028 -1170.598469391829
 -253.935663394946 -627.0440646270383 26.57882194482798 112.3541240991824 741.8557978485687
 293.9396681093021 -188.4750688219852 -248.0973064019915 154.6154319383459 103.3966270310742
 498.1129392442093 -505.7056261047711 -171.26496788601 86.35604109038958 60.52398565629147
 448.1519903063465 -133.0740512287717 -360.1736600376795 -55.38187632979461 256.4115687150907
 571.7562153570663 -350.1524830358459 -327.0051745397022 -139.2256577676066 140.7500390559634
 276.8356242698076 -491.0415630437028 -439.6048438109128 -36.51225784173059 229.3965092398349
