# Created by Octave 4.2.1, Mon Oct 09 17:18:16 2017 BRT <root@mosqueiro>
# name: pop
# type: matrix
# rows: 100
# columns: 5
 273.5834623549927 557.8691306680512 -41.37860459162653 97.93759642750979 -884.9501209890717
 696.4847035316254 -454.8708265402673 -756.7081726287663 80.80311271097412 448.4090097603746
 330.2151187986551 325.6758825508834 199.1882995226347 -399.3555268060936 -72.1836985867269
 -377.3831341878865 424.1567808469258 -46.40209694574207 342.8465138419119 -400.8275126897146
 611.5970584245197 995.0361076926768 -184.359091318982 -323.7944447391995 581.5996484371681
 -190.1906202944793 -820.115530656519 931.4800967556714 -233.7561801880142 737.0649870287734
 70.12261162699474 -971.9197003141401 818.5379462014928 187.8877952406149 -159.6870942604497
 554.9802148740919 -209.6714785466293 635.390472875757 -3.011433939735639 239.3509603985337
 321.5419966145537 -311.7575819749102 -936.4724715755924 910.4260569385478 284.9023270164448
 696.4847035316254 -454.8708265402673 -756.7081726287663 80.80311271097412 448.4090097603746
 -55.6304852420933 275.7817992616535 39.31556850881498 307.539429991966 32.33659398657164
 -169.3397222079388 432.1907280796836 -330.2724434073659 396.0375846612596 584.5628290557111
 790.8608165829701 285.4275900128807 46.24597296522438 -471.6298223380431 378.4101110781462
 790.8608165829701 285.4275900128807 46.24597296522438 -471.6298223380431 378.4101110781462
 -520.4955330879029 -317.7200675122452 -318.2753149348659 -460.1295353616188 -503.4733214752004
 235.0525442622863 -781.7943126821191 -11.18312950282314 702.9409397241695 -729.0316379143284
 -140.8821236979337 822.6086306753257 -953.032529286583 887.1598938645964 -169.5688718942704
 486.6220698806114 -425.1085968921464 -796.6158500192805 867.5753854798736 -320.8474836992702
 696.4847035316254 -454.8708265402673 -756.7081726287663 80.80311271097412 448.4090097603746
 462.0208538307452 549.4129770335876 -178.8142929845581 604.2639847392886 -815.4085454219876
 475.8203804238908 946.3329489708842 606.4741709416739 -786.8661517876192 584.8668856660017
 -168.5917135262883 -471.8334283478003 -698.4371993676025 613.9520742532964 -820.428502611229
 654.6917782253229 -615.9288697593336 0.5643416902985336 410.4783216221465 651.0271322366184
 680.8772356075629 -871.0844532645715 -406.8410137986284 -932.3154466727239 -997.6375097154465
 38.48251421113309 -977.6496593683652 -418.6829224788943 -250.494472880394 982.3217089843508
 273.5834623549927 557.8691306680512 -41.37860459162653 97.93759642750979 -884.9501209890717
 70.12261162699474 -971.9197003141401 818.5379462014928 187.8877952406149 -159.6870942604497
 135.7690307458488 -260.2600777252972 795.4092877179555 117.7518004887179 647.758184646365
 -260.9286692878668 -699.2938109153263 -846.4868860010749 -486.7362198318469 -824.9414292185528
 263.0087125534735 467.9033810376366 -171.2016642617621 636.7136370939386 659.5402148806438
 51.87681244622058 -233.3205890160076 -12.92655414388616 -316.7083723371055 -275.7474273388113
 -419.4264660960333 679.8907153372925 62.66861788258507 -394.6783189980837 754.5617107020437
 698.6500679018936 -888.2740316025761 335.836394926717 -485.6435702165579 859.9919684030538
 321.5419966145537 -311.7575819749102 -936.4724715755924 910.4260569385478 284.9023270164448
 330.2151187986551 325.6758825508834 199.1882995226347 -399.3555268060936 -72.1836985867269
 904.8613692863662 -924.7742403211594 -82.36546810947482 -7.649424856687347 736.9970281861524
 -140.8821236979337 822.6086306753257 -953.032529286583 887.1598938645964 -169.5688718942704
 330.2151187986551 325.6758825508834 199.1882995226347 -399.3555268060936 -72.1836985867269
 696.4847035316254 -454.8708265402673 -756.7081726287663 80.80311271097412 448.4090097603746
 877.7617403000772 -224.898329401077 -927.4031474533812 -726.8811330047481 841.4919337616677
 641.5231650632131 -150.5732530594698 396.5038963330176 968.537592007531 -794.7240884331396
 529.4216039616431 50.68402088120729 735.4932445590896 912.7214125664684 637.498801791081
 -377.3831341878865 424.1567808469258 -46.40209694574207 342.8465138419119 -400.8275126897146
 330.2151187986551 325.6758825508834 199.1882995226347 -399.3555268060936 -72.1836985867269
 -190.1906202944793 -820.115530656519 931.4800967556714 -233.7561801880142 737.0649870287734
 -377.3831341878865 424.1567808469258 -46.40209694574207 342.8465138419119 -400.8275126897146
 798.9920572543576 -290.4483784478308 -881.6061327464917 52.92031982844105 -436.8414866933186
 696.4847035316254 -454.8708265402673 -756.7081726287663 80.80311271097412 448.4090097603746
 554.9802148740919 -209.6714785466293 635.390472875757 -3.011433939735639 239.3509603985337
 -140.8821236979337 822.6086306753257 -953.032529286583 887.1598938645964 -169.5688718942704
 -419.4264660960333 679.8907153372925 62.66861788258507 -394.6783189980837 754.5617107020437
 487.5813612437262 -47.82423194174373 943.7592315622987 84.90295798794364 24.78978539468949
 696.4847035316254 -454.8708265402673 -756.7081726287663 80.80311271097412 448.4090097603746
 -979.8030842305153 -7.965624771727107 -993.2582150518538 470.1488587120912 -256.1070881782163
 213.2721644644769 -522.9804567243521 589.2857232574165 326.6116662637064 849.7292839495872
 -643.3665121652598 -259.3994047531565 -600.229164953722 512.0570001521353 823.7810041879534
 319.4549721320459 493.4019775643067 -238.1792210751012 -492.8506850035962 251.0108782086284
 733.762260874513 961.7328128327256 -502.5520798744249 -142.0074425072154 -240.0972023022163
 -6.872312645491206 -918.0456408147594 -882.1287948294944 634.7016050037325 -344.6051667373283
 865.549092518854 -557.4595310021481 195.066458970161 -593.6264833055538 777.3918001085226
 -419.4264660960333 679.8907153372925 62.66861788258507 -394.6783189980837 754.5617107020437
 -89.22837173835319 -101.79515446482 289.2448111690937 -454.4077739764264 667.6712712945578
 304.401925676802 115.3695781545459 486.9690942537497 333.2494247466029 631.6484492333207
 -279.2185302675471 -345.9239494388592 -960.9536441743095 311.6650066668897 255.6780476625306
 273.5834623549927 557.8691306680512 -41.37860459162653 97.93759642750979 -884.9501209890717
 641.5231650632131 -150.5732530594698 396.5038963330176 968.537592007531 -794.7240884331396
 286.0548926011986 -880.2436682826261 555.4687297936737 -99.4380656782098 314.5165635325941
 280.889420976745 448.2719694597131 214.8797472914453 -830.5092753259123 366.1152952794764
 -112.0163823090444 -786.5799248510011 800.0880473389159 -535.1335913292464 -226.1185405519383
 330.2151187986551 325.6758825508834 199.1882995226347 -399.3555268060936 -72.1836985867269
 -377.3831341878865 424.1567808469258 -46.40209694574207 342.8465138419119 -400.8275126897146
 -195.3081497921404 -394.1794985960136 650.521052274046 831.0606187548415 -358.3566708351217
 541.9676558890981 -414.1788691064087 949.5578844295285 455.6827484367179 840.1254052598865
 601.0862403341509 -220.2120699144782 -849.3007433160568 -60.1118543008497 670.5555975727268
 70.12261162699474 -971.9197003141401 818.5379462014928 187.8877952406149 -159.6870942604497
 917.9061051775229 122.6765009201386 432.0468457325512 -758.4304467561153 -646.6321158183275
 641.5231650632131 -150.5732530594698 396.5038963330176 968.537592007531 -794.7240884331396
 -236.0265858597634 132.7828522934074 -256.4024861907299 825.4538015626792 -534.3548654727556
 -795.7007867068867 -297.6447664992448 -193.5087808337806 44.10018716747618 561.603804167959
 486.6220698806114 -425.1085968921464 -796.6158500192805 867.5753854798736 -320.8474836992702
 -1905.148356653505 1853.016108632953 2067.258956479455 -938.7235081473939 1293.227280985031
 296.4459693459498 2142.704638341824 1258.998228694629 -960.5502609851333 646.8324400438999
 -567.2364703883618 -5220.703383757472 -656.7891072283976 -931.5034342752615 -705.0220186457168
 -1653.988656410537 -722.8881669439327 447.3362861883668 1547.410670636981 1150.155137422773
