# Created by Octave 4.2.1, Mon Oct 09 17:19:36 2017 BRT <root@mosqueiro>
# name: pop
# type: matrix
# rows: 100
# columns: 5
 522.2437742614701 -144.9924157805565 -136.5962582105276 -1196.903313951449 955.4315910144229
 522.2437742614701 -144.9924157805565 -136.5962582105276 -1196.903313951449 955.4315910144229
 522.2437742614701 -144.9924157805565 -136.5962582105276 -1196.903313951449 955.4315910144229
 522.8402280689218 -159.9091140118342 -156.7935654322187 -1185.742091374637 981.282411788386
 527.1377679132445 -161.7433735685453 -151.2193386048667 -1183.958562221294 969.1360650035253
 527.1377679132445 -161.7433735685453 -151.2193386048667 -1183.958562221294 969.1360650035253
 519.5968412397438 -140.2315179921466 -149.7106848696386 -1210.090238574314 955.9759406235834
 519.4728756767718 -155.2592947316223 -148.0349984023058 -1177.251877574481 962.9284581758027
 527.1377679132445 -161.7433735685453 -151.2193386048667 -1183.958562221294 969.1360650035253
 519.4728756767718 -155.2592947316223 -148.0349984023058 -1177.251877574481 962.9284581758027
 519.4728756767718 -155.2592947316223 -148.0349984023058 -1177.251877574481 962.9284581758027
 522.8402280689218 -159.9091140118342 -156.7935654322187 -1185.742091374637 981.282411788386
 527.1377679132445 -161.7433735685453 -151.2193386048667 -1183.958562221294 969.1360650035253
 901.2357434243289 -254.909267323585 -345.6895158429231 -994.6165705489552 750.6032721341137
 525.0474147718269 -143.2651912430481 -154.1089093869888 -1172.41389825146 961.0977389988223
 522.8402280689218 -159.9091140118342 -156.7935654322187 -1185.742091374637 981.282411788386
 522.2437742614701 -144.9924157805565 -136.5962582105276 -1196.903313951449 955.4315910144229
 879.8174128213321 -248.0585968158037 -355.6423847990339 -1004.372144768413 736.0847960871461
 519.4728756767718 -155.2592947316223 -148.0349984023058 -1177.251877574481 962.9284581758027
 519.4728756767718 -155.2592947316223 -148.0349984023058 -1177.251877574481 962.9284581758027
 519.4728756767718 -155.2592947316223 -148.0349984023058 -1177.251877574481 962.9284581758027
 527.1377679132445 -161.7433735685453 -151.2193386048667 -1183.958562221294 969.1360650035253
 522.2437742614701 -144.9924157805565 -136.5962582105276 -1196.903313951449 955.4315910144229
 522.8402280689218 -159.9091140118342 -156.7935654322187 -1185.742091374637 981.282411788386
 522.2437742614701 -144.9924157805565 -136.5962582105276 -1196.903313951449 955.4315910144229
 519.4728756767718 -155.2592947316223 -148.0349984023058 -1177.251877574481 962.9284581758027
 520.9386762186086 -179.2557725172964 -131.9948473636872 -1144.827403009232 955.2670582875066
 522.8402280689218 -159.9091140118342 -156.7935654322187 -1185.742091374637 981.282411788386
 519.4728756767718 -155.2592947316223 -148.0349984023058 -1177.251877574481 962.9284581758027
 525.0474147718269 -143.2651912430481 -154.1089093869888 -1172.41389825146 961.0977389988223
 885.8352330651769 -247.1097981083828 -352.2444584208407 -999.8553474011998 737.5126353542806
 519.4728756767718 -155.2592947316223 -148.0349984023058 -1177.251877574481 962.9284581758027
 520.8514080744145 -152.9652426127105 -145.5015007344019 -1180.179698478176 961.4493144574292
 532.0658995043609 -155.9229206885628 -126.9727451440341 -1189.127882701986 954.9630674747019
 527.1377679132445 -161.7433735685453 -151.2193386048667 -1183.958562221294 969.1360650035253
 522.8402280689218 -159.9091140118342 -156.7935654322187 -1185.742091374637 981.282411788386
 891.1112236570905 -231.9164020901168 -377.0908622354876 -998.9260419375425 711.1587099803895
 882.7053265824284 -242.9708786650299 -352.1672837508854 -1005.568334291708 731.007829697634
 522.8402280689218 -159.9091140118342 -156.7935654322187 -1185.742091374637 981.282411788386
 891.1112236570905 -231.9164020901168 -377.0908622354876 -998.9260419375425 711.1587099803895
 527.1377679132445 -161.7433735685453 -151.2193386048667 -1183.958562221294 969.1360650035253
 527.1377679132445 -161.7433735685453 -151.2193386048667 -1183.958562221294 969.1360650035253
 882.7053265824284 -242.9708786650299 -352.1672837508854 -1005.568334291708 731.007829697634
 519.4728756767718 -155.2592947316223 -148.0349984023058 -1177.251877574481 962.9284581758027
 -239.0684684345042 -982.9922886181145 1055.85463503117 -622.3698754536705 828.0368284312992
 527.1377679132445 -161.7433735685453 -151.2193386048667 -1183.958562221294 969.1360650035253
 520.9386762186086 -179.2557725172964 -131.9948473636872 -1144.827403009232 955.2670582875066
 527.1377679132445 -161.7433735685453 -151.2193386048667 -1183.958562221294 969.1360650035253
 516.406075835407 -151.9128121586712 -152.4747179634508 -1173.610297339957 963.316049727391
 632.2401940978066 -256.8809808632147 -361.3435962965208 -1002.833874721978 831.6208892465634
 691.4717734473983 -224.4426117504883 -217.1854944568264 -1075.532404818996 852.6081876128392
 519.4728756767718 -155.2592947316223 -148.0349984023058 -1177.251877574481 962.9284581758027
 522.2437742614701 -144.9924157805565 -136.5962582105276 -1196.903313951449 955.4315910144229
 879.8174128213321 -248.0585968158037 -355.6423847990339 -1004.372144768413 736.0847960871461
 527.1377679132445 -161.7433735685453 -151.2193386048667 -1183.958562221294 969.1360650035253
 527.1377679132445 -161.7433735685453 -151.2193386048667 -1183.958562221294 969.1360650035253
 527.1377679132445 -161.7433735685453 -151.2193386048667 -1183.958562221294 969.1360650035253
 522.8402280689218 -159.9091140118342 -156.7935654322187 -1185.742091374637 981.282411788386
 885.8352330651769 -247.1097981083828 -352.2444584208407 -999.8553474011998 737.5126353542806
 522.3932032695019 -149.4040480122719 -131.3908535351313 -1186.79669512932 956.2578317766876
 879.8174128213321 -248.0585968158037 -355.6423847990339 -1004.372144768413 736.0847960871461
 522.8402280689218 -159.9091140118342 -156.7935654322187 -1185.742091374637 981.282411788386
 519.4728756767718 -155.2592947316223 -148.0349984023058 -1177.251877574481 962.9284581758027
 527.1377679132445 -161.7433735685453 -151.2193386048667 -1183.958562221294 969.1360650035253
 527.1377679132445 -161.7433735685453 -151.2193386048667 -1183.958562221294 969.1360650035253
 523.4730157577585 -144.6653262445329 -157.1493538748005 -1170.503858734202 954.9843258573669
 525.229311670009 -156.6387090398056 -148.4332994183158 -1183.11893704624 962.1953218634717
 527.1377679132445 -161.7433735685453 -151.2193386048667 -1183.958562221294 969.1360650035253
 519.4728756767718 -155.2592947316223 -148.0349984023058 -1177.251877574481 962.9284581758027
 522.2437742614701 -144.9924157805565 -136.5962582105276 -1196.903313951449 955.4315910144229
 519.4728756767718 -155.2592947316223 -148.0349984023058 -1177.251877574481 962.9284581758027
 879.6010847212987 -264.02043301536 -356.8747226222776 -1004.402693057084 725.2132887848734
 519.4728756767718 -155.2592947316223 -148.0349984023058 -1177.251877574481 962.9284581758027
 519.4728756767718 -155.2592947316223 -148.0349984023058 -1177.251877574481 962.9284581758027
 519.4728756767718 -155.2592947316223 -148.0349984023058 -1177.251877574481 962.9284581758027
 527.1377679132445 -161.7433735685453 -151.2193386048667 -1183.958562221294 969.1360650035253
 519.7125093494628 -146.5905751314643 -144.6903047780571 -1179.260762232516 962.738858225998
 522.8402280689218 -159.9091140118342 -156.7935654322187 -1185.742091374637 981.282411788386
 884.7347467187381 -260.077368187591 -359.1330387474868 -1001.098479694686 723.8137880630223
 522.8402280689218 -159.9091140118342 -156.7935654322187 -1185.742091374637 981.282411788386
 523.055265831966 -158.4829565302142 -145.9646812159114 -1182.034757217436 961.4590708848468
 521.7945825879643 -161.0673742738767 -155.2905414600128 -1183.598230900079 981.8890389102664
 528.2858042761383 -157.7400867111464 -129.1124130361033 -1192.249096437411 945.8157981286981
 516.3105703108549 -157.3910946878313 -149.2441994428137 -1178.117424625481 963.7194918963678
