# Created by Octave 4.2.1, Mon Oct 09 17:19:03 2017 BRT <root@mosqueiro>
# name: pop
# type: matrix
# rows: 100
# columns: 5
 -890.4859804495616 374.4288634100113 -121.9791359105691 494.8518481982784 142.4318233402542
 -958.6690571618232 345.5235424359493 -330.8093401848893 365.2521146620747 579.1457357440687
 -898.330748938852 384.9769342641647 -119.4649488495087 493.0826402215598 141.0886312478332
 -898.330748938852 384.9769342641647 -119.4649488495087 493.0826402215598 141.0886312478332
 -949.3501094302809 328.1792227366875 -327.7998549818341 363.6395403821098 591.0421121212014
 -898.330748938852 384.9769342641647 -119.4649488495087 493.0826402215598 141.0886312478332
 -898.330748938852 384.9769342641647 -119.4649488495087 493.0826402215598 141.0886312478332
 -890.4859804495616 374.4288634100113 -121.9791359105691 494.8518481982784 142.4318233402542
 -898.330748938852 384.9769342641647 -119.4649488495087 493.0826402215598 141.0886312478332
 -890.4859804495616 374.4288634100113 -121.9791359105691 494.8518481982784 142.4318233402542
 -949.3501094302809 328.1792227366875 -327.7998549818341 363.6395403821098 591.0421121212014
 -898.330748938852 384.9769342641647 -119.4649488495087 493.0826402215598 141.0886312478332
 -898.330748938852 384.9769342641647 -119.4649488495087 493.0826402215598 141.0886312478332
 -927.4194334793779 448.1332100678614 -110.4652986333798 579.4870637074922 -27.62770010626222
 -932.1661858736678 438.6623336786074 -112.9134493525931 597.7380936946928 40.13931922982742
 -898.330748938852 384.9769342641647 -119.4649488495087 493.0826402215598 141.0886312478332
 -898.330748938852 384.9769342641647 -119.4649488495087 493.0826402215598 141.0886312478332
 -898.330748938852 384.9769342641647 -119.4649488495087 493.0826402215598 141.0886312478332
 -906.8802478856699 441.5425264184796 -121.1528553781787 636.4095684990983 24.79401913667748
 -898.330748938852 384.9769342641647 -119.4649488495087 493.0826402215598 141.0886312478332
 -898.330748938852 384.9769342641647 -119.4649488495087 493.0826402215598 141.0886312478332
 -949.3501094302809 328.1792227366875 -327.7998549818341 363.6395403821098 591.0421121212014
 -922.4387560238375 422.534544850865 -125.0128506303313 591.3513039625861 35.61498341077896
 -709.0877531677294 -238.6921530049884 -27.62690493738296 809.3176793321686 234.6662904890728
 -922.4387560238375 422.534544850865 -125.0128506303313 591.3513039625861 35.61498341077896
 -874.6930342798667 360.3982551895148 -127.7165281709128 501.2107658946618 127.5330602492785
 -916.3132012161418 415.5187035061002 -126.4018423120962 590.3825135196194 46.0205933606489
 -922.4387560238375 422.534544850865 -125.0128506303313 591.3513039625861 35.61498341077896
 -949.3501094302809 328.1792227366875 -327.7998549818341 363.6395403821098 591.0421121212014
 -898.330748938852 384.9769342641647 -119.4649488495087 493.0826402215598 141.0886312478332
 -898.330748938852 384.9769342641647 -119.4649488495087 493.0826402215598 141.0886312478332
 -92.7459867652662 154.7693339220542 44.05367424690508 526.818003306997 -121.1187230137199
 -898.330748938852 384.9769342641647 -119.4649488495087 493.0826402215598 141.0886312478332
 -898.330748938852 384.9769342641647 -119.4649488495087 493.0826402215598 141.0886312478332
 -898.330748938852 384.9769342641647 -119.4649488495087 493.0826402215598 141.0886312478332
 -898.330748938852 384.9769342641647 -119.4649488495087 493.0826402215598 141.0886312478332
 -898.330748938852 384.9769342641647 -119.4649488495087 493.0826402215598 141.0886312478332
 -958.6690571618232 345.5235424359493 -330.8093401848893 365.2521146620747 579.1457357440687
 -228.3862915999111 106.2735098570221 -213.2278781167585 534.9358323194216 386.5748258081198
 -946.4099647414403 424.2900244244063 -146.2817618744503 628.4336375292039 58.54179699740811
 -898.330748938852 384.9769342641647 -119.4649488495087 493.0826402215598 141.0886312478332
 -922.045621575703 431.8331758138149 -115.4319840475367 587.4223716177343 47.76262407721011
 -898.330748938852 384.9769342641647 -119.4649488495087 493.0826402215598 141.0886312478332
 -898.330748938852 384.9769342641647 -119.4649488495087 493.0826402215598 141.0886312478332
 -953.3085534683159 337.7736637485282 -332.870552599704 375.1903546877068 602.4561651680744
 -898.330748938852 384.9769342641647 -119.4649488495087 493.0826402215598 141.0886312478332
 -918.096153255443 416.1080459592439 -126.2423507515 583.4940850396116 29.53552978173219
 -898.330748938852 384.9769342641647 -119.4649488495087 493.0826402215598 141.0886312478332
 -949.3501094302809 328.1792227366875 -327.7998549818341 363.6395403821098 591.0421121212014
 -898.330748938852 384.9769342641647 -119.4649488495087 493.0826402215598 141.0886312478332
 -881.6389418441227 401.8553496245906 -118.9842535021843 486.2966270617858 141.0158177849214
 -937.2218650570467 419.8361013121491 -143.5103568876467 620.5678412176662 65.80196372664132
 -898.330748938852 384.9769342641647 -119.4649488495087 493.0826402215598 141.0886312478332
 -949.3501094302809 328.1792227366875 -327.7998549818341 363.6395403821098 591.0421121212014
 -898.330748938852 384.9769342641647 -119.4649488495087 493.0826402215598 141.0886312478332
 -898.330748938852 384.9769342641647 -119.4649488495087 493.0826402215598 141.0886312478332
 -898.330748938852 384.9769342641647 -119.4649488495087 493.0826402215598 141.0886312478332
 -922.4387560238375 422.534544850865 -125.0128506303313 591.3513039625861 35.61498341077896
 -922.4387560238375 422.534544850865 -125.0128506303313 591.3513039625861 35.61498341077896
 -898.330748938852 384.9769342641647 -119.4649488495087 493.0826402215598 141.0886312478332
 -922.4387560238375 422.534544850865 -125.0128506303313 591.3513039625861 35.61498341077896
 -898.330748938852 384.9769342641647 -119.4649488495087 493.0826402215598 141.0886312478332
 -898.330748938852 384.9769342641647 -119.4649488495087 493.0826402215598 141.0886312478332
 -898.330748938852 384.9769342641647 -119.4649488495087 493.0826402215598 141.0886312478332
 -922.4387560238375 422.534544850865 -125.0128506303313 591.3513039625861 35.61498341077896
 -890.4859804495616 374.4288634100113 -121.9791359105691 494.8518481982784 142.4318233402542
 -916.3132012161418 415.5187035061002 -126.4018423120962 590.3825135196194 46.0205933606489
 -898.330748938852 384.9769342641647 -119.4649488495087 493.0826402215598 141.0886312478332
 -937.2218650570467 419.8361013121491 -143.5103568876467 620.5678412176662 65.80196372664132
 -922.4387560238375 422.534544850865 -125.0128506303313 591.3513039625861 35.61498341077896
 -890.4859804495616 374.4288634100113 -121.9791359105691 494.8518481982784 142.4318233402542
 -958.6690571618232 345.5235424359493 -330.8093401848893 365.2521146620747 579.1457357440687
 -898.330748938852 384.9769342641647 -119.4649488495087 493.0826402215598 141.0886312478332
 -898.330748938852 384.9769342641647 -119.4649488495087 493.0826402215598 141.0886312478332
 -922.4387560238375 422.534544850865 -125.0128506303313 591.3513039625861 35.61498341077896
 -890.4859804495616 374.4288634100113 -121.9791359105691 494.8518481982784 142.4318233402542
 -922.4387560238375 422.534544850865 -125.0128506303313 591.3513039625861 35.61498341077896
 -898.330748938852 384.9769342641647 -119.4649488495087 493.0826402215598 141.0886312478332
 -898.330748938852 384.9769342641647 -119.4649488495087 493.0826402215598 141.0886312478332
 -898.330748938852 384.9769342641647 -119.4649488495087 493.0826402215598 141.0886312478332
 -896.0016362792346 387.1424584687763 -125.0556219071014 492.8998360536862 143.3021900164572
 -883.1065925058606 402.6373441402332 -120.1367810097291 487.2807507015358 143.1496721537943
 -968.0697068179079 321.5349024518673 -337.0134542756646 366.2720288528249 596.5139013147131
 -894.7996662995072 385.6725455048091 -115.9855338153344 494.3347856922633 140.3392527885318
 -924.4252941878261 427.4119354817046 -122.8591532746444 587.9823772321488 40.28150418519713
