# Created by Octave 4.2.1, Mon Oct 09 17:19:44 2017 BRT <root@mosqueiro>
# name: pop
# type: matrix
# rows: 100
# columns: 5
 526.825096592035 -162.0237693295249 -150.7391151364278 -1184.527856497406 969.4711765238211
 526.8253220673363 -162.026151474585 -150.7393692095778 -1184.528278584616 969.4744362925356
 526.7968173367833 -162.0869367437471 -150.6980612459867 -1184.500596640045 969.4734825736381
 526.7686148292291 -162.020594606562 -150.686611372852 -1184.520331629504 969.4768891278654
 526.7516582738568 -161.9959146577221 -150.671746900877 -1184.489050453394 969.4009042333055
 526.7490654061849 -161.998806319508 -150.6656077625139 -1184.491345303441 969.3935290173653
 526.8253220673363 -162.026151474585 -150.7393692095778 -1184.528278584616 969.4744362925356
 526.8253220673363 -162.026151474585 -150.7393692095778 -1184.528278584616 969.4744362925356
 522.3642447641471 -143.3770995595108 -136.1768204508369 -1197.348432455652 954.5341508634774
 526.8253220673363 -162.026151474585 -150.7393692095778 -1184.528278584616 969.4744362925356
 526.825096592035 -162.0237693295249 -150.7391151364278 -1184.527856497406 969.4711765238211
 523.2347994357314 -159.7085838385488 -157.4346224824637 -1185.348993751201 979.8404049990286
 526.825096592035 -162.0237693295249 -150.7391151364278 -1184.527856497406 969.4711765238211
 522.0786822952186 -144.7660265693678 -136.6214933001503 -1196.802015062878 955.1855268304297
 522.9722447512909 -144.7631036988057 -136.9340859855417 -1196.96985922816 955.267362602366
 526.8269216950305 -162.0234076621808 -150.7385075101955 -1184.523277656529 969.4749052116002
 526.7552571690852 -162.0000010595106 -150.6615231697635 -1184.488927133723 969.3891990148517
 522.2437742614701 -144.9924157805565 -136.5962582105276 -1196.903313951449 955.4315910144229
 526.7968173367833 -162.0869367437471 -150.6980612459867 -1184.500596640045 969.4734825736381
 526.8240988083778 -162.0227459321929 -150.7381242562514 -1184.527517140298 969.4734915369471
 526.7686148292291 -162.020594606562 -150.686611372852 -1184.520331629504 969.4768891278654
 526.8262164306618 -162.0241158850237 -150.7374775086528 -1184.526050360831 969.4731382561058
 526.7490654061849 -161.998806319508 -150.6656077625139 -1184.491345303441 969.3935290173653
 526.8432633420753 -162.0697890297784 -150.6947973152942 -1184.507428638208 969.4629463698438
 522.0786822952186 -144.7660265693678 -136.6214933001503 -1196.802015062878 955.1855268304297
 526.7968173367833 -162.0869367437471 -150.6980612459867 -1184.500596640045 969.4734825736381
 526.7490654061849 -161.998806319508 -150.6656077625139 -1184.491345303441 969.3935290173653
 526.8253220673363 -162.026151474585 -150.7393692095778 -1184.528278584616 969.4744362925356
 526.825096592035 -162.0237693295249 -150.7391151364278 -1184.527856497406 969.4711765238211
 526.8314452100623 -162.0254337768645 -150.741795714888 -1184.523028050466 969.4747266809284
 526.7686148292291 -162.020594606562 -150.686611372852 -1184.520331629504 969.4768891278654
 526.7538320131997 -161.9968855603684 -150.662175507659 -1184.489970723054 969.3878145908864
 522.067766190607 -144.7558249148298 -136.6257848889232 -1196.823495710516 955.1964631619286
 522.0786822952186 -144.7660265693678 -136.6214933001503 -1196.802015062878 955.1855268304297
 526.7490654061849 -161.998806319508 -150.6656077625139 -1184.491345303441 969.3935290173653
 526.8253220673363 -162.026151474585 -150.7393692095778 -1184.528278584616 969.4744362925356
 522.0786822952186 -144.7660265693678 -136.6214933001503 -1196.802015062878 955.1855268304297
 526.7552571690852 -162.0000010595106 -150.6615231697635 -1184.488927133723 969.3891990148517
 522.2540864063513 -144.9786225164218 -136.6078500297684 -1196.898968889938 955.4185571719852
 522.2540864063513 -144.9786225164218 -136.6078500297684 -1196.898968889938 955.4185571719852
 522.0786822952186 -144.7660265693678 -136.6214933001503 -1196.802015062878 955.1855268304297
 526.7490654061849 -161.998806319508 -150.6656077625139 -1184.491345303441 969.3935290173653
 526.8262164306618 -162.0241158850237 -150.7374775086528 -1184.526050360831 969.4731382561058
 526.8262164306618 -162.0241158850237 -150.7374775086528 -1184.526050360831 969.4731382561058
 526.8262164306618 -162.0241158850237 -150.7374775086528 -1184.526050360831 969.4731382561058
 522.2429557871029 -144.9941709198308 -136.5970114616621 -1196.901599812326 955.4305767269447
 526.8253220673363 -162.026151474585 -150.7393692095778 -1184.528278584616 969.4744362925356
 526.8262164306618 -162.0241158850237 -150.7374775086528 -1184.526050360831 969.4731382561058
 527.1380795937681 -161.7452949890047 -151.2205221993135 -1183.959114446786 969.1350875586033
 526.825096592035 -162.0237693295249 -150.7391151364278 -1184.527856497406 969.4711765238211
 526.8262164306618 -162.0241158850237 -150.7374775086528 -1184.526050360831 969.4731382561058
 526.8262164306618 -162.0241158850237 -150.7374775086528 -1184.526050360831 969.4731382561058
 526.8024212040976 -162.0515890628263 -150.6985833371187 -1184.494644497764 969.4625279685678
 526.8262164306618 -162.0241158850237 -150.7374775086528 -1184.526050360831 969.4731382561058
 522.8402280689218 -159.9091140118342 -156.7935654322187 -1185.742091374637 981.282411788386
 526.7968173367833 -162.0869367437471 -150.6980612459867 -1184.500596640045 969.4734825736381
 522.0768374016826 -144.7630414534177 -136.626739540363 -1196.796035996287 955.1825957494167
 526.8262164306618 -162.0241158850237 -150.7374775086528 -1184.526050360831 969.4731382561058
 526.8253220673363 -162.026151474585 -150.7393692095778 -1184.528278584616 969.4744362925356
 526.7516582738568 -161.9959146577221 -150.671746900877 -1184.489050453394 969.4009042333055
 522.2840280893602 -144.863476896188 -136.4985452234696 -1196.787871590942 955.4426698043892
 523.6038190175393 -142.9208341688555 -139.4616300666888 -1198.288303577385 958.2445012351222
 526.8262164306618 -162.0241158850237 -150.7374775086528 -1184.526050360831 969.4731382561058
 526.7491522022424 -161.9992568552529 -150.6673409496731 -1184.492071344153 969.3917650630931
 526.8024212040976 -162.0515890628263 -150.6985833371187 -1184.494644497764 969.4625279685678
 526.8262164306618 -162.0241158850237 -150.7374775086528 -1184.526050360831 969.4731382561058
 522.2540864063513 -144.9786225164218 -136.6078500297684 -1196.898968889938 955.4185571719852
 526.8253220673363 -162.026151474585 -150.7393692095778 -1184.528278584616 969.4744362925356
 526.8253220673363 -162.026151474585 -150.7393692095778 -1184.528278584616 969.4744362925356
 526.8269216950305 -162.0234076621808 -150.7385075101955 -1184.523277656529 969.4749052116002
 526.8432633420753 -162.0697890297784 -150.6947973152942 -1184.507428638208 969.4629463698438
 526.8262164306618 -162.0241158850237 -150.7374775086528 -1184.526050360831 969.4731382561058
 526.8408543469892 -162.0671063135214 -150.6948538864573 -1184.500248844822 969.4591907857334
 526.8240988083778 -162.0227459321929 -150.7381242562514 -1184.527517140298 969.4734915369471
 526.8252225329519 -162.0177957774187 -150.7315956124481 -1184.529338471458 969.4669493223547
 526.8262164306618 -162.0241158850237 -150.7374775086528 -1184.526050360831 969.4731382561058
 526.8016584964239 -162.0570795896546 -150.6987108726505 -1184.490196490481 969.4625915702228
 522.3642447641471 -143.3770995595108 -136.1768204508369 -1197.348432455652 954.5341508634774
 526.7538320131997 -161.9968855603684 -150.662175507659 -1184.489970723054 969.3878145908864
 526.7490654061849 -161.998806319508 -150.6656077625139 -1184.491345303441 969.3935290173653
 526.7493666425571 -161.9990155326653 -150.665736878884 -1184.491186471473 969.3935311732184
 522.9726310980116 -144.7634284518688 -136.9340399077477 -1196.969780157005 955.2672612196861
 526.825221917538 -162.026926732863 -150.739109866192 -1184.528666775909 969.4752960354997
 526.7556138098398 -161.9995606200296 -150.6618444788688 -1184.489334780263 969.3890946668849
