# Created by Octave 4.2.1, Mon Oct 09 17:19:24 2017 BRT <root@mosqueiro>
# name: pop
# type: matrix
# rows: 100
# columns: 5
 700.202071926257 -241.675683134943 -211.3281813172684 -1082.325141918107 855.1075212584375
 -198.0943891492274 -894.9439805674821 902.108189938448 -577.7942071206314 800.4796933347745
 -198.0943891492274 -894.9439805674821 902.108189938448 -577.7942071206314 800.4796933347745
 -198.0943891492274 -894.9439805674821 902.108189938448 -577.7942071206314 800.4796933347745
 -198.0943891492274 -894.9439805674821 902.108189938448 -577.7942071206314 800.4796933347745
 -1311.770126926474 -746.5105288779309 1719.437192228642 926.4295695426108 1237.804175184115
 -198.0943891492274 -894.9439805674821 902.108189938448 -577.7942071206314 800.4796933347745
 -198.0943891492274 -894.9439805674821 902.108189938448 -577.7942071206314 800.4796933347745
 850.3920632020512 -458.614260019766 177.0930702552123 -1269.227966477703 -229.5273632031081
 54.3952858709961 1267.085360830303 -14.55605641414081 -1105.395602582406 -464.6656408559002
 -198.0943891492274 -894.9439805674821 902.108189938448 -577.7942071206314 800.4796933347745
 -198.0943891492274 -894.9439805674821 902.108189938448 -577.7942071206314 800.4796933347745
 -198.0943891492274 -894.9439805674821 902.108189938448 -577.7942071206314 800.4796933347745
 -198.0943891492274 -894.9439805674821 902.108189938448 -577.7942071206314 800.4796933347745
 -198.0943891492274 -894.9439805674821 902.108189938448 -577.7942071206314 800.4796933347745
 700.202071926257 -241.675683134943 -211.3281813172684 -1082.325141918107 855.1075212584375
 700.202071926257 -241.675683134943 -211.3281813172684 -1082.325141918107 855.1075212584375
 -406.6485325121764 553.694358674565 340.7634932836129 -207.8313691778459 1690.931768461408
 9.137817104137469 -1604.457398155218 927.0579609101138 521.3911527888981 1483.513877146962
 -198.0943891492274 -894.9439805674821 902.108189938448 -577.7942071206314 800.4796933347745
 -198.0943891492274 -894.9439805674821 902.108189938448 -577.7942071206314 800.4796933347745
 -198.0943891492274 -894.9439805674821 902.108189938448 -577.7942071206314 800.4796933347745
 700.202071926257 -241.675683134943 -211.3281813172684 -1082.325141918107 855.1075212584375
 -198.0943891492274 -894.9439805674821 902.108189938448 -577.7942071206314 800.4796933347745
 -198.0943891492274 -894.9439805674821 902.108189938448 -577.7942071206314 800.4796933347745
 -198.0943891492274 -894.9439805674821 902.108189938448 -577.7942071206314 800.4796933347745
 -322.8235943254483 -2067.834641118905 2984.248798738462 451.3032195428136 -37.78610675311847
 -198.0943891492274 -894.9439805674821 902.108189938448 -577.7942071206314 800.4796933347745
 -198.0943891492274 -894.9439805674821 902.108189938448 -577.7942071206314 800.4796933347745
 -198.0943891492274 -894.9439805674821 902.108189938448 -577.7942071206314 800.4796933347745
 41.47336302208581 -742.2023459514121 1425.927182811493 42.40656113221553 108.4847146414545
 -198.0943891492274 -894.9439805674821 902.108189938448 -577.7942071206314 800.4796933347745
 -198.0943891492274 -894.9439805674821 902.108189938448 -577.7942071206314 800.4796933347745
 -198.0943891492274 -894.9439805674821 902.108189938448 -577.7942071206314 800.4796933347745
 -1651.811946019758 -592.4298292833628 1665.459961733894 -589.7687653794809 2227.675947431213
 -198.0943891492274 -894.9439805674821 902.108189938448 -577.7942071206314 800.4796933347745
 -198.0943891492274 -894.9439805674821 902.108189938448 -577.7942071206314 800.4796933347745
 -322.8235943254483 -2067.834641118905 2984.248798738462 451.3032195428136 -37.78610675311847
 -198.0943891492274 -894.9439805674821 902.108189938448 -577.7942071206314 800.4796933347745
 -198.0943891492274 -894.9439805674821 902.108189938448 -577.7942071206314 800.4796933347745
 700.202071926257 -241.675683134943 -211.3281813172684 -1082.325141918107 855.1075212584375
 400.9062882956006 -402.5423313026658 1354.243088011285 -2181.860664215582 1350.309389753235
 700.202071926257 -241.675683134943 -211.3281813172684 -1082.325141918107 855.1075212584375
 -198.0943891492274 -894.9439805674821 902.108189938448 -577.7942071206314 800.4796933347745
 -198.0943891492274 -894.9439805674821 902.108189938448 -577.7942071206314 800.4796933347745
 -1651.811946019758 -592.4298292833628 1665.459961733894 -589.7687653794809 2227.675947431213
 -198.0943891492274 -894.9439805674821 902.108189938448 -577.7942071206314 800.4796933347745
 -198.0943891492274 -894.9439805674821 902.108189938448 -577.7942071206314 800.4796933347745
 700.202071926257 -241.675683134943 -211.3281813172684 -1082.325141918107 855.1075212584375
 -1311.770126926474 -746.5105288779309 1719.437192228642 926.4295695426108 1237.804175184115
 -322.8235943254483 -2067.834641118905 2984.248798738462 451.3032195428136 -37.78610675311847
 -198.0943891492274 -894.9439805674821 902.108189938448 -577.7942071206314 800.4796933347745
 -864.546933333567 -221.258425711279 1769.940713463065 92.5770210802649 941.8688400693468
 -198.0943891492274 -894.9439805674821 902.108189938448 -577.7942071206314 800.4796933347745
 -198.0943891492274 -894.9439805674821 902.108189938448 -577.7942071206314 800.4796933347745
 -198.0943891492274 -894.9439805674821 902.108189938448 -577.7942071206314 800.4796933347745
 -198.0943891492274 -894.9439805674821 902.108189938448 -577.7942071206314 800.4796933347745
 -198.0943891492274 -894.9439805674821 902.108189938448 -577.7942071206314 800.4796933347745
 -198.0943891492274 -894.9439805674821 902.108189938448 -577.7942071206314 800.4796933347745
 -198.0943891492274 -894.9439805674821 902.108189938448 -577.7942071206314 800.4796933347745
 -198.0943891492274 -894.9439805674821 902.108189938448 -577.7942071206314 800.4796933347745
 798.831225587398 85.79418756877647 158.9496671008183 -635.0691842245466 259.4634932522495
 -322.8235943254483 -2067.834641118905 2984.248798738462 451.3032195428136 -37.78610675311847
 -198.0943891492274 -894.9439805674821 902.108189938448 -577.7942071206314 800.4796933347745
 -198.0943891492274 -894.9439805674821 902.108189938448 -577.7942071206314 800.4796933347745
 -198.0943891492274 -894.9439805674821 902.108189938448 -577.7942071206314 800.4796933347745
 -254.7797787635085 -1939.456263761366 1116.475291847579 -851.5496550996814 1395.329524036227
 -198.0943891492274 -894.9439805674821 902.108189938448 -577.7942071206314 800.4796933347745
 700.202071926257 -241.675683134943 -211.3281813172684 -1082.325141918107 855.1075212584375
 -198.0943891492274 -894.9439805674821 902.108189938448 -577.7942071206314 800.4796933347745
 -198.0943891492274 -894.9439805674821 902.108189938448 -577.7942071206314 800.4796933347745
 -198.0943891492274 -894.9439805674821 902.108189938448 -577.7942071206314 800.4796933347745
 -1311.770126926474 -746.5105288779309 1719.437192228642 926.4295695426108 1237.804175184115
 -198.0943891492274 -894.9439805674821 902.108189938448 -577.7942071206314 800.4796933347745
 -28.88149695302241 -2694.217028657652 3697.181953128952 336.9805969287974 588.8048322350959
 -196.1695042254793 100.9900743091548 -685.2933210692652 -3.500336485123739 618.3210368840535
 -198.0943891492274 -894.9439805674821 902.108189938448 -577.7942071206314 800.4796933347745
 -198.0943891492274 -894.9439805674821 902.108189938448 -577.7942071206314 800.4796933347745
 -198.0943891492274 -894.9439805674821 902.108189938448 -577.7942071206314 800.4796933347745
 -198.0943891492274 -894.9439805674821 902.108189938448 -577.7942071206314 800.4796933347745
 466.9781600574379 411.0411741878326 -26.56238037153375 -1538.391648131606 -262.1192312958595
 208.1834177662093 -704.2806777937319 2136.09537718937 -1743.852977658059 1346.040327653283
 360.1136619029822 -1760.902032402491 -1948.326258806317 136.8539183363213 1115.418518962382
 -3001.134905146293 -1408.554595142989 -110.9791094861977 211.2074810625676 2528.377820875244
