# Created by Octave 4.2.1, Mon Oct 09 17:18:54 2017 BRT <root@mosqueiro>
# name: pop
# type: matrix
# rows: 100
# columns: 5
 -740.0812443056229 -261.0217900321334 -36.46923379602072 812.9975577392072 269.7047144134333
 -740.0812443056229 -261.0217900321334 -36.46923379602072 812.9975577392072 269.7047144134333
 -1232.798173093699 -1447.957820072265 970.1134106741122 -474.3444140697875 3036.817991499634
 258.837428158547 -932.1446894955571 440.9156849535115 1854.614103931809 756.4921565019256
 -740.0812443056229 -261.0217900321334 -36.46923379602072 812.9975577392072 269.7047144134333
 427.4788584889661 283.5238887194331 -94.1753582423602 909.4124611872591 1278.298517096736
 427.4788584889661 283.5238887194331 -94.1753582423602 909.4124611872591 1278.298517096736
 -740.0812443056229 -261.0217900321334 -36.46923379602072 812.9975577392072 269.7047144134333
 -885.1967139682865 832.1120355731623 -506.6104402980683 649.3557500011223 -94.51657592423607
 -740.0812443056229 -261.0217900321334 -36.46923379602072 812.9975577392072 269.7047144134333
 1194.505783895072 -10.29604939411854 -42.6794743717162 -759.7197913810236 1745.576970587019
 -740.0812443056229 -261.0217900321334 -36.46923379602072 812.9975577392072 269.7047144134333
 -740.0812443056229 -261.0217900321334 -36.46923379602072 812.9975577392072 269.7047144134333
 -740.0812443056229 -261.0217900321334 -36.46923379602072 812.9975577392072 269.7047144134333
 -740.0812443056229 -261.0217900321334 -36.46923379602072 812.9975577392072 269.7047144134333
 -740.0812443056229 -261.0217900321334 -36.46923379602072 812.9975577392072 269.7047144134333
 -740.0812443056229 -261.0217900321334 -36.46923379602072 812.9975577392072 269.7047144134333
 456.0649716076511 -875.3916828518599 589.8906027434979 1468.427000281297 828.200690749353
 4731.297534553284 4238.149143069994 672.5630069116014 -1276.243805947141 -2954.814250549683
 -740.0812443056229 -261.0217900321334 -36.46923379602072 812.9975577392072 269.7047144134333
 1065.570295636174 -1272.831652348573 -183.5388935075725 445.3601788146749 -380.636418840865
 -404.9872557740275 -792.767782542897 146.0617124285403 760.8531355848683 831.6230569941206
 -740.0812443056229 -261.0217900321334 -36.46923379602072 812.9975577392072 269.7047144134333
 1194.505783895072 -10.29604939411854 -42.6794743717162 -759.7197913810236 1745.576970587019
 -740.0812443056229 -261.0217900321334 -36.46923379602072 812.9975577392072 269.7047144134333
 -740.0812443056229 -261.0217900321334 -36.46923379602072 812.9975577392072 269.7047144134333
 -740.0812443056229 -261.0217900321334 -36.46923379602072 812.9975577392072 269.7047144134333
 -740.0812443056229 -261.0217900321334 -36.46923379602072 812.9975577392072 269.7047144134333
 -740.0812443056229 -261.0217900321334 -36.46923379602072 812.9975577392072 269.7047144134333
 427.4788584889661 283.5238887194331 -94.1753582423602 909.4124611872591 1278.298517096736
 -740.0812443056229 -261.0217900321334 -36.46923379602072 812.9975577392072 269.7047144134333
 -1004.475603239056 558.9758059784025 504.6984491395286 -600.608981016341 -19.23023933164393
 -1284.460182087532 -205.9005367570295 -1951.447967324443 -1824.243620582673 -719.2775479273997
 -1349.064245630972 403.8952220909518 -264.6767627962491 1169.554358966349 921.073278925353
 -987.382666885538 58.84902253675875 -800.4631812263812 351.7860615324532 1322.86862258257
 -740.0812443056229 -261.0217900321334 -36.46923379602072 812.9975577392072 269.7047144134333
 -229.636731321955 50.02779542381057 393.793813312752 927.4323277604884 563.263453421823
 427.4788584889661 283.5238887194331 -94.1753582423602 909.4124611872591 1278.298517096736
 1264.002279122574 1798.374305027079 -907.7676250440962 1772.182959430151 1688.106734758421
 -740.0812443056229 -261.0217900321334 -36.46923379602072 812.9975577392072 269.7047144134333
 -1865.050130161429 -932.8056178770241 -481.7819597943269 474.9275945861255 -775.6624734084689
 -404.9872557740275 -792.767782542897 146.0617124285403 760.8531355848683 831.6230569941206
 -264.4003691211993 -235.6180439569597 157.7400363776611 944.161059103 764.8339701718412
 -740.0812443056229 -261.0217900321334 -36.46923379602072 812.9975577392072 269.7047144134333
 -1284.460182087532 -205.9005367570295 -1951.447967324443 -1824.243620582673 -719.2775479273997
 4731.297534553284 4238.149143069994 672.5630069116014 -1276.243805947141 -2954.814250549683
 -740.0812443056229 -261.0217900321334 -36.46923379602072 812.9975577392072 269.7047144134333
 -740.0812443056229 -261.0217900321334 -36.46923379602072 812.9975577392072 269.7047144134333
 -740.0812443056229 -261.0217900321334 -36.46923379602072 812.9975577392072 269.7047144134333
 -740.0812443056229 -261.0217900321334 -36.46923379602072 812.9975577392072 269.7047144134333
 -1267.531307558077 1270.989062558416 445.3767758441469 1014.272108293615 -757.8214267237188
 -264.4003691211993 -235.6180439569597 157.7400363776611 944.161059103 764.8339701718412
 -740.0812443056229 -261.0217900321334 -36.46923379602072 812.9975577392072 269.7047144134333
 -740.0812443056229 -261.0217900321334 -36.46923379602072 812.9975577392072 269.7047144134333
 -740.0812443056229 -261.0217900321334 -36.46923379602072 812.9975577392072 269.7047144134333
 -503.1704073327207 -617.16865807571 -274.2991480460611 1338.487534269383 950.103204472927
 -740.0812443056229 -261.0217900321334 -36.46923379602072 812.9975577392072 269.7047144134333
 -1567.935679177629 -24.55724940539145 915.6891604662233 537.5250815299562 -455.3719656422844
 -2206.480040574829 -414.1838511928363 -122.330003431875 -356.9187419496895 -1321.102058688932
 -649.36698268611 -299.821971609536 -413.0194421573202 197.5348090787667 102.7604222256128
 -740.0812443056229 -261.0217900321334 -36.46923379602072 812.9975577392072 269.7047144134333
 -740.0812443056229 -261.0217900321334 -36.46923379602072 812.9975577392072 269.7047144134333
 1194.505783895072 -10.29604939411854 -42.6794743717162 -759.7197913810236 1745.576970587019
 -1284.460182087532 -205.9005367570295 -1951.447967324443 -1824.243620582673 -719.2775479273997
 -740.0812443056229 -261.0217900321334 -36.46923379602072 812.9975577392072 269.7047144134333
 -740.0812443056229 -261.0217900321334 -36.46923379602072 812.9975577392072 269.7047144134333
 1194.505783895072 -10.29604939411854 -42.6794743717162 -759.7197913810236 1745.576970587019
 -740.0812443056229 -261.0217900321334 -36.46923379602072 812.9975577392072 269.7047144134333
 -740.0812443056229 -261.0217900321334 -36.46923379602072 812.9975577392072 269.7047144134333
 1065.570295636174 -1272.831652348573 -183.5388935075725 445.3601788146749 -380.636418840865
 -740.0812443056229 -261.0217900321334 -36.46923379602072 812.9975577392072 269.7047144134333
 -740.0812443056229 -261.0217900321334 -36.46923379602072 812.9975577392072 269.7047144134333
 -740.0812443056229 -261.0217900321334 -36.46923379602072 812.9975577392072 269.7047144134333
 -740.0812443056229 -261.0217900321334 -36.46923379602072 812.9975577392072 269.7047144134333
 -740.0812443056229 -261.0217900321334 -36.46923379602072 812.9975577392072 269.7047144134333
 -740.0812443056229 -261.0217900321334 -36.46923379602072 812.9975577392072 269.7047144134333
 -740.0812443056229 -261.0217900321334 -36.46923379602072 812.9975577392072 269.7047144134333
 -740.0812443056229 -261.0217900321334 -36.46923379602072 812.9975577392072 269.7047144134333
 -677.4700022293598 1.833802638566226 358.208403648453 1553.059630179051 -173.1878527874107
 -740.0812443056229 -261.0217900321334 -36.46923379602072 812.9975577392072 269.7047144134333
 -949.3501094302809 328.1792227366875 -327.7998549818341 363.6395403821098 591.0421121212014
 -221.2040129177578 -131.2139900320167 -63.55998110252668 796.1980118299349 370.7545553950793
 -616.542045908669 150.0955477521149 -41.44666176538176 767.8229532377346 281.3077019145138
 -697.1536942147814 -89.8478819326981 68.76277169904198 1057.49399265051 390.2662415321279
