# Created by Octave 4.2.1, Mon Oct 09 17:18:19 2017 BRT <root@mosqueiro>
# name: pop
# type: matrix
# rows: 100
# columns: 5
 273.5834623549927 557.8691306680512 -41.37860459162653 97.93759642750979 -884.9501209890717
 273.5834623549927 557.8691306680512 -41.37860459162653 97.93759642750979 -884.9501209890717
 726.753347037338 1757.663719198906 -189.4367865331573 -5234.82794967325 4319.297494517205
 3233.613527441778 1303.827515732746 1359.446350289951 2294.044596219704 -59.15352573521335
 877.7617403000772 -224.898329401077 -927.4031474533812 -726.8811330047481 841.4919337616677
 70.12261162699474 -971.9197003141401 818.5379462014928 187.8877952406149 -159.6870942604497
 70.12261162699474 -971.9197003141401 818.5379462014928 187.8877952406149 -159.6870942604497
 524.435677887773 1900.501360156904 1344.825117328212 -1055.060806118014 3790.579310960499
 273.5834623549927 557.8691306680512 -41.37860459162653 97.93759642750979 -884.9501209890717
 273.5834623549927 557.8691306680512 -41.37860459162653 97.93759642750979 -884.9501209890717
 696.4847035316254 -454.8708265402673 -756.7081726287663 80.80311271097412 448.4090097603746
 3233.613527441778 1303.827515732746 1359.446350289951 2294.044596219704 -59.15352573521335
 696.4847035316254 -454.8708265402673 -756.7081726287663 80.80311271097412 448.4090097603746
 -377.3831341878865 424.1567808469258 -46.40209694574207 342.8465138419119 -400.8275126897146
 696.4847035316254 -454.8708265402673 -756.7081726287663 80.80311271097412 448.4090097603746
 70.12261162699474 -971.9197003141401 818.5379462014928 187.8877952406149 -159.6870942604497
 1651.474101407705 2599.454855228051 -3613.587164241203 -3536.773704331307 -1008.921013745798
 273.5834623549927 557.8691306680512 -41.37860459162653 97.93759642750979 -884.9501209890717
 38.48251421113309 -977.6496593683652 -418.6829224788943 -250.494472880394 982.3217089843508
 273.5834623549927 557.8691306680512 -41.37860459162653 97.93759642750979 -884.9501209890717
 698.6500679018936 -888.2740316025761 335.836394926717 -485.6435702165579 859.9919684030538
 273.5834623549927 557.8691306680512 -41.37860459162653 97.93759642750979 -884.9501209890717
 273.5834623549927 557.8691306680512 -41.37860459162653 97.93759642750979 -884.9501209890717
 273.5834623549927 557.8691306680512 -41.37860459162653 97.93759642750979 -884.9501209890717
 273.5834623549927 557.8691306680512 -41.37860459162653 97.93759642750979 -884.9501209890717
 1548.861075623577 -1412.756598283183 568.3438217066657 88.27514435786189 2550.188328949725
 273.5834623549927 557.8691306680512 -41.37860459162653 97.93759642750979 -884.9501209890717
 273.5834623549927 557.8691306680512 -41.37860459162653 97.93759642750979 -884.9501209890717
 330.2151187986551 325.6758825508834 199.1882995226347 -399.3555268060936 -72.1836985867269
 273.5834623549927 557.8691306680512 -41.37860459162653 97.93759642750979 -884.9501209890717
 273.5834623549927 557.8691306680512 -41.37860459162653 97.93759642750979 -884.9501209890717
 -2435.114853162044 392.9552849762663 2405.0318949002 90.32495353898258 -2471.110189217767
 696.4847035316254 -454.8708265402673 -756.7081726287663 80.80311271097412 448.4090097603746
 38.48251421113309 -977.6496593683652 -418.6829224788943 -250.494472880394 982.3217089843508
 273.5834623549927 557.8691306680512 -41.37860459162653 97.93759642750979 -884.9501209890717
 696.4847035316254 -454.8708265402673 -756.7081726287663 80.80311271097412 448.4090097603746
 273.5834623549927 557.8691306680512 -41.37860459162653 97.93759642750979 -884.9501209890717
 917.9061051775229 122.6765009201386 432.0468457325512 -758.4304467561153 -646.6321158183275
 -1943.443173650894 1195.809559396787 -359.4545522610157 1051.337736580894 -1752.700780378604
 698.6500679018936 -888.2740316025761 335.836394926717 -485.6435702165579 859.9919684030538
 -377.3831341878865 424.1567808469258 -46.40209694574207 342.8465138419119 -400.8275126897146
 273.5834623549927 557.8691306680512 -41.37860459162653 97.93759642750979 -884.9501209890717
 -1158.992291573168 750.7269072418891 557.6852452889418 -145.6373663157219 3654.631474282178
 70.12261162699474 -971.9197003141401 818.5379462014928 187.8877952406149 -159.6870942604497
 917.9061051775229 122.6765009201386 432.0468457325512 -758.4304467561153 -646.6321158183275
 168.2745937590627 -1484.791718938627 -215.7353011985786 3397.635104219498 2202.411059564102
 273.5834623549927 557.8691306680512 -41.37860459162653 97.93759642750979 -884.9501209890717
 486.6220698806114 -425.1085968921464 -796.6158500192805 867.5753854798736 -320.8474836992702
 273.5834623549927 557.8691306680512 -41.37860459162653 97.93759642750979 -884.9501209890717
 -6028.804823315726 394.3164077369402 1938.101716150353 -2619.194650569495 1158.110375341917
 -190.1906202944793 -820.115530656519 931.4800967556714 -233.7561801880142 737.0649870287734
 70.12261162699474 -971.9197003141401 818.5379462014928 187.8877952406149 -159.6870942604497
 -1665.188492519186 2045.001134053706 2019.255405197927 -240.363384504364 704.0101916987709
 2912.578617261596 505.2787514269863 955.667118329459 1530.467528307714 4222.184797539773
 273.5834623549927 557.8691306680512 -41.37860459162653 97.93759642750979 -884.9501209890717
 696.4847035316254 -454.8708265402673 -756.7081726287663 80.80311271097412 448.4090097603746
 38.48251421113309 -977.6496593683652 -418.6829224788943 -250.494472880394 982.3217089843508
 696.4847035316254 -454.8708265402673 -756.7081726287663 80.80311271097412 448.4090097603746
 -190.1906202944793 -820.115530656519 931.4800967556714 -233.7561801880142 737.0649870287734
 273.5834623549927 557.8691306680512 -41.37860459162653 97.93759642750979 -884.9501209890717
 -377.3831341878865 424.1567808469258 -46.40209694574207 342.8465138419119 -400.8275126897146
 273.5834623549927 557.8691306680512 -41.37860459162653 97.93759642750979 -884.9501209890717
 -3085.977494534924 358.9065845142977 406.8811949998901 579.63896546021 -2529.07296281854
 273.5834623549927 557.8691306680512 -41.37860459162653 97.93759642750979 -884.9501209890717
 -643.3665121652598 -259.3994047531565 -600.229164953722 512.0570001521353 823.7810041879534
 70.12261162699474 -971.9197003141401 818.5379462014928 187.8877952406149 -159.6870942604497
 917.9061051775229 122.6765009201386 432.0468457325512 -758.4304467561153 -646.6321158183275
 273.5834623549927 557.8691306680512 -41.37860459162653 97.93759642750979 -884.9501209890717
 917.9061051775229 122.6765009201386 432.0468457325512 -758.4304467561153 -646.6321158183275
 273.5834623549927 557.8691306680512 -41.37860459162653 97.93759642750979 -884.9501209890717
 273.5834623549927 557.8691306680512 -41.37860459162653 97.93759642750979 -884.9501209890717
 -55.6304852420933 275.7817992616535 39.31556850881498 307.539429991966 32.33659398657164
 273.5834623549927 557.8691306680512 -41.37860459162653 97.93759642750979 -884.9501209890717
 696.4847035316254 -454.8708265402673 -756.7081726287663 80.80311271097412 448.4090097603746
 273.5834623549927 557.8691306680512 -41.37860459162653 97.93759642750979 -884.9501209890717
 -1918.676407207601 1983.731991515798 847.4639006255518 6814.252567451433 752.4079308743718
 273.5834623549927 557.8691306680512 -41.37860459162653 97.93759642750979 -884.9501209890717
 273.5834623549927 557.8691306680512 -41.37860459162653 97.93759642750979 -884.9501209890717
 273.5834623549927 557.8691306680512 -41.37860459162653 97.93759642750979 -884.9501209890717
 273.5834623549927 557.8691306680512 -41.37860459162653 97.93759642750979 -884.9501209890717
 -85.72650167707098 1446.478586018943 -189.0944628864301 2279.914816780302 -2809.711806233824
 -660.446602295473 -258.0598525052093 2591.608857921538 725.6104597919541 2454.651383889274
 2469.560164426484 2314.351061591822 -964.3033202703441 -63.62086455003615 1684.691104807774
 2841.157687093684 507.4506929717825 2000.892350675982 2056.313998211483 1419.167625435932
