# Created by Octave 4.2.1, Mon Oct 09 17:19:54 2017 BRT <root@mosqueiro>
# name: pop
# type: matrix
# rows: 100
# columns: 5
 371.712684717904 -297.5644430729197 -150.9693948208263 -41.60340753317314 160.8816957959191
 371.712684717904 -297.5644430729197 -150.9693948208263 -41.60340753317314 160.8816957959191
 371.712684717904 -297.5644430729197 -150.9693948208263 -41.60340753317314 160.8816957959191
 1455.319176495349 100.5800234046757 -190.0788582173428 1594.574179420424 2170.145429132374
 371.712684717904 -297.5644430729197 -150.9693948208263 -41.60340753317314 160.8816957959191
 371.712684717904 -297.5644430729197 -150.9693948208263 -41.60340753317314 160.8816957959191
 371.712684717904 -297.5644430729197 -150.9693948208263 -41.60340753317314 160.8816957959191
 371.712684717904 -297.5644430729197 -150.9693948208263 -41.60340753317314 160.8816957959191
 2573.047456261173 1699.802621293796 776.4179170534483 -908.6819923467813 -1613.371427261962
 371.712684717904 -297.5644430729197 -150.9693948208263 -41.60340753317314 160.8816957959191
 2401.829408725577 -706.7530258863268 -1215.192366629189 -414.1033226380633 1383.221433659601
 858.1507786097209 -1715.470408945334 -988.1848976535654 -1533.153446689168 2196.149958673501
 371.712684717904 -297.5644430729197 -150.9693948208263 -41.60340753317314 160.8816957959191
 628.6886799683625 -1355.090045682204 -2800.321448353409 -785.6664058920304 491.9021593597865
 371.712684717904 -297.5644430729197 -150.9693948208263 -41.60340753317314 160.8816957959191
 371.712684717904 -297.5644430729197 -150.9693948208263 -41.60340753317314 160.8816957959191
 371.712684717904 -297.5644430729197 -150.9693948208263 -41.60340753317314 160.8816957959191
 371.712684717904 -297.5644430729197 -150.9693948208263 -41.60340753317314 160.8816957959191
 371.712684717904 -297.5644430729197 -150.9693948208263 -41.60340753317314 160.8816957959191
 371.712684717904 -297.5644430729197 -150.9693948208263 -41.60340753317314 160.8816957959191
 371.712684717904 -297.5644430729197 -150.9693948208263 -41.60340753317314 160.8816957959191
 371.712684717904 -297.5644430729197 -150.9693948208263 -41.60340753317314 160.8816957959191
 371.712684717904 -297.5644430729197 -150.9693948208263 -41.60340753317314 160.8816957959191
 371.712684717904 -297.5644430729197 -150.9693948208263 -41.60340753317314 160.8816957959191
 -4068.89472366842 -2718.578780729074 1369.089029637545 2393.167119344163 -2449.758487605489
 -643.2330726075086 -2124.379636986471 -1154.551066891878 -179.4133800804461 305.1765601713893
 -338.5609760450764 -1278.403137874916 -2226.734759250799 2165.834356218309 3547.083151391791
 371.712684717904 -297.5644430729197 -150.9693948208263 -41.60340753317314 160.8816957959191
 -338.5609760450764 -1278.403137874916 -2226.734759250799 2165.834356218309 3547.083151391791
 371.712684717904 -297.5644430729197 -150.9693948208263 -41.60340753317314 160.8816957959191
 371.712684717904 -297.5644430729197 -150.9693948208263 -41.60340753317314 160.8816957959191
 371.712684717904 -297.5644430729197 -150.9693948208263 -41.60340753317314 160.8816957959191
 -15.96505455367151 521.6278307102618 -507.8338496105069 -1688.502621918405 -825.927539666534
 -937.1549481941815 854.1730611094681 -76.89152495521148 403.3971366596516 -114.9417988217939
 -1262.020864188469 -6.329550006210354 -1106.880808982268 391.1256480737358 65.71824290337028
 371.712684717904 -297.5644430729197 -150.9693948208263 -41.60340753317314 160.8816957959191
 371.712684717904 -297.5644430729197 -150.9693948208263 -41.60340753317314 160.8816957959191
 371.712684717904 -297.5644430729197 -150.9693948208263 -41.60340753317314 160.8816957959191
 371.712684717904 -297.5644430729197 -150.9693948208263 -41.60340753317314 160.8816957959191
 249.6052460700624 -59.97267379296312 -629.6975289494073 638.7216879240846 295.8759854255351
 1455.319176495349 100.5800234046757 -190.0788582173428 1594.574179420424 2170.145429132374
 272.1212432011963 -167.2779539736834 -884.0056904040115 -917.9158220984793 492.6874523100479
 -1388.279630463476 -1016.715279484071 -2364.651839340788 -170.8603623934563 -1393.084919593067
 371.712684717904 -297.5644430729197 -150.9693948208263 -41.60340753317314 160.8816957959191
 -970.1593105408926 2878.923445540136 -2085.811542225864 -15.39147200107516 423.2956915034504
 -937.1549481941815 854.1730611094681 -76.89152495521148 403.3971366596516 -114.9417988217939
 272.1212432011963 -167.2779539736834 -884.0056904040115 -917.9158220984793 492.6874523100479
 876.3341112275278 -355.0174065128029 1704.601718438164 1281.216021798202 511.8527858757727
 371.712684717904 -297.5644430729197 -150.9693948208263 -41.60340753317314 160.8816957959191
 371.712684717904 -297.5644430729197 -150.9693948208263 -41.60340753317314 160.8816957959191
 371.712684717904 -297.5644430729197 -150.9693948208263 -41.60340753317314 160.8816957959191
 2573.047456261173 1699.802621293796 776.4179170534483 -908.6819923467813 -1613.371427261962
 371.712684717904 -297.5644430729197 -150.9693948208263 -41.60340753317314 160.8816957959191
 371.712684717904 -297.5644430729197 -150.9693948208263 -41.60340753317314 160.8816957959191
 371.712684717904 -297.5644430729197 -150.9693948208263 -41.60340753317314 160.8816957959191
 876.3341112275278 -355.0174065128029 1704.601718438164 1281.216021798202 511.8527858757727
 858.1507786097209 -1715.470408945334 -988.1848976535654 -1533.153446689168 2196.149958673501
 -338.5609760450764 -1278.403137874916 -2226.734759250799 2165.834356218309 3547.083151391791
 2310.905236740755 -164.4138270786711 -439.9433776517357 475.3802454716189 237.2327015847053
 876.3341112275278 -355.0174065128029 1704.601718438164 1281.216021798202 511.8527858757727
 -4068.89472366842 -2718.578780729074 1369.089029637545 2393.167119344163 -2449.758487605489
 371.712684717904 -297.5644430729197 -150.9693948208263 -41.60340753317314 160.8816957959191
 371.712684717904 -297.5644430729197 -150.9693948208263 -41.60340753317314 160.8816957959191
 371.712684717904 -297.5644430729197 -150.9693948208263 -41.60340753317314 160.8816957959191
 -4068.89472366842 -2718.578780729074 1369.089029637545 2393.167119344163 -2449.758487605489
 -338.5609760450764 -1278.403137874916 -2226.734759250799 2165.834356218309 3547.083151391791
 371.712684717904 -297.5644430729197 -150.9693948208263 -41.60340753317314 160.8816957959191
 2690.19168444348 -2290.423619064678 -980.7370230950744 -771.1416878479777 -2599.209599704596
 371.712684717904 -297.5644430729197 -150.9693948208263 -41.60340753317314 160.8816957959191
 427.199954163975 -24.57534546557321 1444.232988164953 385.3002591001831 213.3513226331558
 371.712684717904 -297.5644430729197 -150.9693948208263 -41.60340753317314 160.8816957959191
 371.712684717904 -297.5644430729197 -150.9693948208263 -41.60340753317314 160.8816957959191
 1455.319176495349 100.5800234046757 -190.0788582173428 1594.574179420424 2170.145429132374
 371.712684717904 -297.5644430729197 -150.9693948208263 -41.60340753317314 160.8816957959191
 371.712684717904 -297.5644430729197 -150.9693948208263 -41.60340753317314 160.8816957959191
 371.712684717904 -297.5644430729197 -150.9693948208263 -41.60340753317314 160.8816957959191
 371.712684717904 -297.5644430729197 -150.9693948208263 -41.60340753317314 160.8816957959191
 371.712684717904 -297.5644430729197 -150.9693948208263 -41.60340753317314 160.8816957959191
 371.712684717904 -297.5644430729197 -150.9693948208263 -41.60340753317314 160.8816957959191
 371.712684717904 -297.5644430729197 -150.9693948208263 -41.60340753317314 160.8816957959191
 -128.4112199870539 1062.477647490325 -270.3896289279589 41.5905246097866 -1520.925202355453
 1540.317078919877 -1470.046743497707 -1748.514586350017 1103.323737278597 2667.287381622297
 1590.376988282243 -491.2222850872135 -171.3458646871846 -2343.220280770944 -125.1048922828363
 1128.942340308112 2816.084430590957 -2167.935095562121 1636.800983431721 161.1064729938792
