# Created by Octave 4.2.1, Mon Oct 09 17:20:37 2017 BRT <root@mosqueiro>
# name: pop
# type: matrix
# rows: 100
# columns: 5
 -1829.579878917594 2116.347918825397 -676.7347019681733 -278.7850066380818 668.2882297667616
 -1840.312255243865 2091.63787803805 -696.5999028180935 -288.3786631750718 733.2005770612051
 -1840.595210436926 2091.477665309535 -695.5616210676902 -290.0618588010327 734.3120381694528
 -1829.579878917594 2116.347918825397 -676.7347019681733 -278.7850066380818 668.2882297667616
 -1840.595210436926 2091.477665309535 -695.5616210676902 -290.0618588010327 734.3120381694528
 -1829.733357297718 2116.531347321566 -676.6330039255747 -278.9137223360607 668.2974983195145
 -1587.368139895109 2895.334066934223 -1599.832237332815 180.5683580728191 122.6472857479529
 -1829.733357297718 2116.531347321566 -676.6330039255747 -278.9137223360607 668.2974983195145
 -1829.730341939764 2117.147654635591 -677.0937649350412 -279.8851791534982 669.1787047489895
 -1839.707659066351 2091.30816159772 -696.7775949275945 -289.6001482193277 734.9950078238187
 -1839.684958251766 2096.009296667185 -701.400970639829 -286.9482603066398 734.1843559263679
 -1839.707659066351 2091.30816159772 -696.7775949275945 -289.6001482193277 734.9950078238187
 -1840.595210436926 2091.477665309535 -695.5616210676902 -290.0618588010327 734.3120381694528
 -1829.772756737303 2116.593994031893 -676.6153522720475 -278.9137497391516 668.450023140725
 -1840.595210436926 2091.477665309535 -695.5616210676902 -290.0618588010327 734.3120381694528
 -1840.595210436926 2091.477665309535 -695.5616210676902 -290.0618588010327 734.3120381694528
 -1829.6923282425 2116.806490749636 -676.4234318799674 -278.9230784773302 668.4683555843178
 -1840.595210436926 2091.477665309535 -695.5616210676902 -290.0618588010327 734.3120381694528
 -1829.733357297718 2116.531347321566 -676.6330039255747 -278.9137223360607 668.2974983195145
 -1829.579878917594 2116.347918825397 -676.7347019681733 -278.7850066380818 668.2882297667616
 -1829.733357297718 2116.531347321566 -676.6330039255747 -278.9137223360607 668.2974983195145
 -1840.595210436926 2091.477665309535 -695.5616210676902 -290.0618588010327 734.3120381694528
 -1840.312255243865 2091.63787803805 -696.5999028180935 -288.3786631750718 733.2005770612051
 -1839.707659066351 2091.30816159772 -696.7775949275945 -289.6001482193277 734.9950078238187
 -1840.595210436926 2091.477665309535 -695.5616210676902 -290.0618588010327 734.3120381694528
 -1840.595210436926 2091.477665309535 -695.5616210676902 -290.0618588010327 734.3120381694528
 -1839.881190219235 2094.880638771383 -703.3924571291448 -286.5160053795045 734.0769594788461
 -1839.684958251766 2096.009296667185 -701.400970639829 -286.9482603066398 734.1843559263679
 -1839.962185389725 2090.84815320511 -696.4894047496089 -290.1572878438533 734.9125455352913
 -1829.730341939764 2117.147654635591 -677.0937649350412 -279.8851791534982 669.1787047489895
 -1829.733357297718 2116.531347321566 -676.6330039255747 -278.9137223360607 668.2974983195145
 -1840.595210436926 2091.477665309535 -695.5616210676902 -290.0618588010327 734.3120381694528
 -1587.368139895109 2895.334066934223 -1599.832237332815 180.5683580728191 122.6472857479529
 -1839.707659066351 2091.30816159772 -696.7775949275945 -289.6001482193277 734.9950078238187
 -1829.579878917594 2116.347918825397 -676.7347019681733 -278.7850066380818 668.2882297667616
 -1829.730341939764 2117.147654635591 -677.0937649350412 -279.8851791534982 669.1787047489895
 -1839.707659066351 2091.30816159772 -696.7775949275945 -289.6001482193277 734.9950078238187
 -1829.730341939764 2117.147654635591 -677.0937649350412 -279.8851791534982 669.1787047489895
 -1829.730341939764 2117.147654635591 -677.0937649350412 -279.8851791534982 669.1787047489895
 -1829.579878917594 2116.347918825397 -676.7347019681733 -278.7850066380818 668.2882297667616
 -1829.733357297718 2116.531347321566 -676.6330039255747 -278.9137223360607 668.2974983195145
 -1829.579878917594 2116.347918825397 -676.7347019681733 -278.7850066380818 668.2882297667616
 -1829.733357297718 2116.531347321566 -676.6330039255747 -278.9137223360607 668.2974983195145
 -1839.707659066351 2091.30816159772 -696.7775949275945 -289.6001482193277 734.9950078238187
 -1829.730341939764 2117.147654635591 -677.0937649350412 -279.8851791534982 669.1787047489895
 -1839.950956366863 2091.381420886318 -696.2959922971291 -289.2674774213307 734.9137127965682
 -1840.312255243865 2091.63787803805 -696.5999028180935 -288.3786631750718 733.2005770612051
 -1844.255843090625 2093.494470388887 -698.5786971483066 -297.8786823135046 737.7861198508375
 -1840.595210436926 2091.477665309535 -695.5616210676902 -290.0618588010327 734.3120381694528
 -1839.707659066351 2091.30816159772 -696.7775949275945 -289.6001482193277 734.9950078238187
 -1839.684958251766 2096.009296667185 -701.400970639829 -286.9482603066398 734.1843559263679
 -1840.595210436926 2091.477665309535 -695.5616210676902 -290.0618588010327 734.3120381694528
 -1829.730341939764 2117.147654635591 -677.0937649350412 -279.8851791534982 669.1787047489895
 -1840.595210436926 2091.477665309535 -695.5616210676902 -290.0618588010327 734.3120381694528
 -1839.707659066351 2091.30816159772 -696.7775949275945 -289.6001482193277 734.9950078238187
 -1840.312255243865 2091.63787803805 -696.5999028180935 -288.3786631750718 733.2005770612051
 -1840.595210436926 2091.477665309535 -695.5616210676902 -290.0618588010327 734.3120381694528
 -1840.510129163046 2091.991305081947 -695.5149059442838 -290.3181285778288 734.2035992164185
 -1840.312255243865 2091.63787803805 -696.5999028180935 -288.3786631750718 733.2005770612051
 -1839.962185389725 2090.84815320511 -696.4894047496089 -290.1572878438533 734.9125455352913
 -1839.684958251766 2096.009296667185 -701.400970639829 -286.9482603066398 734.1843559263679
 -1829.730341939764 2117.147654635591 -677.0937649350412 -279.8851791534982 669.1787047489895
 -1829.733357297718 2116.531347321566 -676.6330039255747 -278.9137223360607 668.2974983195145
 -1839.335235193075 2097.915517826705 -701.7727145196518 -288.3025636272088 734.6339991516701
 -1829.730341939764 2117.147654635591 -677.0937649350412 -279.8851791534982 669.1787047489895
 -1840.510129163046 2091.991305081947 -695.5149059442838 -290.3181285778288 734.2035992164185
 -1829.924151463577 2116.59870097639 -676.2538092907171 -278.74151409017 669.1934540133161
 -1840.595210436926 2091.477665309535 -695.5616210676902 -290.0618588010327 734.3120381694528
 -1839.874346656749 2091.32396788926 -696.6840345104979 -289.6750315704878 735.113405406525
 -1839.950956366863 2091.381420886318 -696.2959922971291 -289.2674774213307 734.9137127965682
 -1839.950956366863 2091.381420886318 -696.2959922971291 -289.2674774213307 734.9137127965682
 -1829.733357297718 2116.531347321566 -676.6330039255747 -278.9137223360607 668.2974983195145
 -1840.595210436926 2091.477665309535 -695.5616210676902 -290.0618588010327 734.3120381694528
 -1839.962185389725 2090.84815320511 -696.4894047496089 -290.1572878438533 734.9125455352913
 -1829.924151463577 2116.59870097639 -676.2538092907171 -278.74151409017 669.1934540133161
 -1829.733357297718 2116.531347321566 -676.6330039255747 -278.9137223360607 668.2974983195145
 -1825.724522303774 2116.778763128299 -681.7785138895514 -285.6362290968301 666.002719351638
 -1839.684958251766 2096.009296667185 -701.400970639829 -286.9482603066398 734.1843559263679
 -1839.684958251766 2096.009296667185 -701.400970639829 -286.9482603066398 734.1843559263679
 -1829.730341939764 2117.147654635591 -677.0937649350412 -279.8851791534982 669.1787047489895
 -1829.935201452666 2116.617907028206 -676.3051682022167 -278.774962714946 669.1330832234413
 -1843.527998490012 2093.747281337429 -698.5091573954821 -297.8239281084895 737.5762703225225
 -1843.597492255127 2090.465130507013 -694.5156182755483 -289.5971270726542 733.0019353429291
 -1839.758535877548 2095.993949736158 -701.4423958158004 -286.9514799553545 734.1650209170609
