# Created by Octave 4.2.1, Mon Oct 09 17:20:10 2017 BRT <root@mosqueiro>
# name: pop
# type: matrix
# rows: 100
# columns: 5
 -251.2115061112459 -627.8961078280947 29.50143107112636 106.4708057643399 742.1552777551062
 -251.2115061112459 -627.8961078280947 29.50143107112636 106.4708057643399 742.1552777551062
 -251.2115061112459 -627.8961078280947 29.50143107112636 106.4708057643399 742.1552777551062
 -251.1758780791153 -627.9095800589204 29.51574017814841 106.4075520781869 742.1523372951682
 -251.1758780791153 -627.9095800589204 29.51574017814841 106.4075520781869 742.1523372951682
 -250.4399259227029 -631.4539160428934 28.941180462969 106.861094273338 741.65512219809
 -251.2529418252662 -627.9397100652629 29.49053122264716 106.4441332079774 742.172575657588
 -253.3192369336503 -628.0670499402809 29.61585830104746 108.6762769691532 742.3290479840566
 -253.3736081681217 -628.072441270016 29.69722225948256 109.1741115304387 742.2159525260709
 -251.1542803688752 -627.9505238362487 29.53666949309086 106.3976375195821 742.1622728892946
 -251.2115061112459 -627.8961078280947 29.50143107112636 106.4708057643399 742.1552777551062
 -251.1758780791153 -627.9095800589204 29.51574017814841 106.4075520781869 742.1523372951682
 -256.163281636593 -631.1632845653445 28.24422074307174 110.8898033273441 747.5348446283131
 -251.2115061112459 -627.8961078280947 29.50143107112636 106.4708057643399 742.1552777551062
 -253.2508292983535 -627.9795303518156 29.72775622904922 108.9975053849123 742.1174513657578
 -251.2296382732926 -627.8864579599033 29.5145839348675 106.4948799248121 742.1644033758712
 -251.2115061112459 -627.8961078280947 29.50143107112636 106.4708057643399 742.1552777551062
 -251.2115061112459 -627.8961078280947 29.50143107112636 106.4708057643399 742.1552777551062
 -251.1849021215399 -627.8965491084011 29.50460961769946 106.4104491631966 742.1717549939375
 -251.1758780791153 -627.9095800589204 29.51574017814841 106.4075520781869 742.1523372951682
 -251.2115061112459 -627.8961078280947 29.50143107112636 106.4708057643399 742.1552777551062
 -251.2115061112459 -627.8961078280947 29.50143107112636 106.4708057643399 742.1552777551062
 -251.2217196893568 -627.9165099339058 29.51675917463922 106.4593698648459 742.1565181805986
 -251.2115061112459 -627.8961078280947 29.50143107112636 106.4708057643399 742.1552777551062
 -251.1555588123191 -627.9899146393828 29.50902409221917 106.4366822187905 742.0889779462047
 -251.1758780791153 -627.9095800589204 29.51574017814841 106.4075520781869 742.1523372951682
 -251.1758780791153 -627.9095800589204 29.51574017814841 106.4075520781869 742.1523372951682
 -251.1203294401522 -628.1173019630379 29.49996841002788 106.4060066522487 742.0626347794052
 -251.2041774232854 -627.859019607154 29.48834905851177 106.3848458470832 742.2209813078717
 -251.1758780791153 -627.9095800589204 29.51574017814841 106.4075520781869 742.1523372951682
 -253.3008513239976 -628.0765549066538 29.61632403448961 108.6665202623797 742.3158341866836
 -251.2115061112459 -627.8961078280947 29.50143107112636 106.4708057643399 742.1552777551062
 -251.1758780791153 -627.9095800589204 29.51574017814841 106.4075520781869 742.1523372951682
 -251.2115061112459 -627.8961078280947 29.50143107112636 106.4708057643399 742.1552777551062
 -251.1758780791153 -627.9095800589204 29.51574017814841 106.4075520781869 742.1523372951682
 -251.1758780791153 -627.9095800589204 29.51574017814841 106.4075520781869 742.1523372951682
 -251.1758780791153 -627.9095800589204 29.51574017814841 106.4075520781869 742.1523372951682
 -251.1758780791153 -627.9095800589204 29.51574017814841 106.4075520781869 742.1523372951682
 -251.1758780791153 -627.9095800589204 29.51574017814841 106.4075520781869 742.1523372951682
 -251.2041774232854 -627.859019607154 29.48834905851177 106.3848458470832 742.2209813078717
 -251.2041774232854 -627.859019607154 29.48834905851177 106.3848458470832 742.2209813078717
 -251.2041774232854 -627.859019607154 29.48834905851177 106.3848458470832 742.2209813078717
 -253.3959838875359 -627.8833449716572 29.52793579576324 109.0770127409566 742.0903823667642
 -253.3736081681217 -628.072441270016 29.69722225948256 109.1741115304387 742.2159525260709
 -251.2041774232854 -627.859019607154 29.48834905851177 106.3848458470832 742.2209813078717
 -255.9617401459099 -631.3066678888308 28.24086324922116 110.8653821003273 747.3709054605207
 -251.1758780791153 -627.9095800589204 29.51574017814841 106.4075520781869 742.1523372951682
 -251.2115061112459 -627.8961078280947 29.50143107112636 106.4708057643399 742.1552777551062
 -251.2529418252662 -627.9397100652629 29.49053122264716 106.4441332079774 742.172575657588
 -251.1569258188407 -627.8889078899357 29.51996204260472 106.4173645377408 742.150659184871
 -251.1992658010699 -627.9196209183148 29.51758546614085 106.4091544676707 742.1313360751568
 -251.1758780791153 -627.9095800589204 29.51574017814841 106.4075520781869 742.1523372951682
 -251.1992658010699 -627.9196209183148 29.51758546614085 106.4091544676707 742.1313360751568
 -251.2115061112459 -627.8961078280947 29.50143107112636 106.4708057643399 742.1552777551062
 -251.2115061112459 -627.8961078280947 29.50143107112636 106.4708057643399 742.1552777551062
 -253.3008513239976 -628.0765549066538 29.61632403448961 108.6665202623797 742.3158341866836
 -250.4399259227029 -631.4539160428934 28.941180462969 106.861094273338 741.65512219809
 -256.163281636593 -631.1632845653445 28.24422074307174 110.8898033273441 747.5348446283131
 -251.1758780791153 -627.9095800589204 29.51574017814841 106.4075520781869 742.1523372951682
 -255.9617401459099 -631.3066678888308 28.24086324922116 110.8653821003273 747.3709054605207
 -251.2115061112459 -627.8961078280947 29.50143107112636 106.4708057643399 742.1552777551062
 -251.2041774232854 -627.859019607154 29.48834905851177 106.3848458470832 742.2209813078717
 -251.2115061112459 -627.8961078280947 29.50143107112636 106.4708057643399 742.1552777551062
 -251.1849021215399 -627.8965491084011 29.50460961769946 106.4104491631966 742.1717549939375
 -251.1758780791153 -627.9095800589204 29.51574017814841 106.4075520781869 742.1523372951682
 -251.1758780791153 -627.9095800589204 29.51574017814841 106.4075520781869 742.1523372951682
 -251.2041774232854 -627.859019607154 29.48834905851177 106.3848458470832 742.2209813078717
 -251.1758780791153 -627.9095800589204 29.51574017814841 106.4075520781869 742.1523372951682
 -251.2115061112459 -627.8961078280947 29.50143107112636 106.4708057643399 742.1552777551062
 -251.1758780791153 -627.9095800589204 29.51574017814841 106.4075520781869 742.1523372951682
 -251.1758780791153 -627.9095800589204 29.51574017814841 106.4075520781869 742.1523372951682
 -251.2115061112459 -627.8961078280947 29.50143107112636 106.4708057643399 742.1552777551062
 -251.2041774232854 -627.859019607154 29.48834905851177 106.3848458470832 742.2209813078717
 -251.1577779933939 -627.9166067630883 29.51614920846968 106.3745591825914 742.1502970679917
 -251.2115061112459 -627.8961078280947 29.50143107112636 106.4708057643399 742.1552777551062
 -251.2115061112459 -627.8961078280947 29.50143107112636 106.4708057643399 742.1552777551062
 -251.2039693216127 -627.903549519886 29.51887515798173 106.4241345509798 742.1587380162857
 -251.1758780791153 -627.9095800589204 29.51574017814841 106.4075520781869 742.1523372951682
 -251.1758780791153 -627.9095800589204 29.51574017814841 106.4075520781869 742.1523372951682
 -251.1758780791153 -627.9095800589204 29.51574017814841 106.4075520781869 742.1523372951682
 -251.1817088519345 -627.8931886450791 29.50458372843359 106.4079982961828 742.1724142572277
 -251.1804149643178 -627.9106670223962 29.52060201447143 106.4111587780113 742.1459360415882
 -255.9663985925492 -631.3107499140511 28.23571546057127 110.8729058001385 747.3713980834913
 -251.1721064545326 -627.9103201290361 29.51423968691406 106.4128627525538 742.1579302217195
