# Created by Octave 4.2.1, Mon Oct 09 17:20:18 2017 BRT <root@mosqueiro>
# name: pop
# type: matrix
# rows: 100
# columns: 5
 -1588.202351786726 2894.70029661723 -1596.340959912981 177.4223866282335 126.7387242699139
 -2506.175330205816 2630.308146856089 -1240.752970239811 37.05177694149796 1098.55554622419
 -1588.202351786726 2894.70029661723 -1596.340959912981 177.4223866282335 126.7387242699139
 340.3788087936728 60.04626364563819 -631.5885845040573 -211.9415445987705 372.2045417971465
 440.6199906621038 -1691.713676499856 -866.8383004229091 -1482.329215604146 648.4577973422681
 -65.65062037190376 70.76194568041251 914.0841798698098 -173.2646525218461 -717.8799681070566
 351.0761685202688 -705.7052294616767 313.1708438560299 -945.8581974487694 262.6722470911327
 -1588.202351786726 2894.70029661723 -1596.340959912981 177.4223866282335 126.7387242699139
 -65.65062037190376 70.76194568041251 914.0841798698098 -173.2646525218461 -717.8799681070566
 -478.6252171169124 73.4593314877834 297.7194901925354 953.9293009892122 -965.0853200378513
 -65.65062037190376 70.76194568041251 914.0841798698098 -173.2646525218461 -717.8799681070566
 -2506.175330205816 2630.308146856089 -1240.752970239811 37.05177694149796 1098.55554622419
 2120.030064501563 -2314.341042218477 473.6318345094957 1577.483838380384 -1382.008158579359
 -65.65062037190376 70.76194568041251 914.0841798698098 -173.2646525218461 -717.8799681070566
 -65.65062037190376 70.76194568041251 914.0841798698098 -173.2646525218461 -717.8799681070566
 -2506.175330205816 2630.308146856089 -1240.752970239811 37.05177694149796 1098.55554622419
 -2506.175330205816 2630.308146856089 -1240.752970239811 37.05177694149796 1098.55554622419
 -65.65062037190376 70.76194568041251 914.0841798698098 -173.2646525218461 -717.8799681070566
 -982.8284364497092 3132.496790183924 -89.02102329313684 146.1127225335273 360.7792122811841
 -2506.175330205816 2630.308146856089 -1240.752970239811 37.05177694149796 1098.55554622419
 -65.65062037190376 70.76194568041251 914.0841798698098 -173.2646525218461 -717.8799681070566
 -2506.175330205816 2630.308146856089 -1240.752970239811 37.05177694149796 1098.55554622419
 -2506.175330205816 2630.308146856089 -1240.752970239811 37.05177694149796 1098.55554622419
 566.7983581314866 -266.905241099442 -63.66148707606419 193.1235256773355 -66.67780520359088
 730.2750681066323 978.0833670210743 842.3019676456241 3969.06299316534 -1099.135318763854
 -2506.175330205816 2630.308146856089 -1240.752970239811 37.05177694149796 1098.55554622419
 609.258856058389 715.924675809742 -705.1230799872806 237.2012145506515 -909.8852685666267
 19.91598059168371 -671.2056589697277 69.97301152501382 -480.9154492926483 -185.3447473684403
 -282.7147476056239 818.9691076640074 -308.2652944654384 321.2273519674131 -495.1801709611902
 -65.65062037190376 70.76194568041251 914.0841798698098 -173.2646525218461 -717.8799681070566
 -476.0051858494033 434.651250280986 871.9735987805973 -518.8249713599572 -353.8974489320753
 -2506.175330205816 2630.308146856089 -1240.752970239811 37.05177694149796 1098.55554622419
 -2506.175330205816 2630.308146856089 -1240.752970239811 37.05177694149796 1098.55554622419
 -2506.175330205816 2630.308146856089 -1240.752970239811 37.05177694149796 1098.55554622419
 -2506.175330205816 2630.308146856089 -1240.752970239811 37.05177694149796 1098.55554622419
 -65.65062037190376 70.76194568041251 914.0841798698098 -173.2646525218461 -717.8799681070566
 114.5408900833008 3284.38150369425 2158.156183832762 -7402.422803063818 3407.495609891106
 -282.7147476056239 818.9691076640074 -308.2652944654384 321.2273519674131 -495.1801709611902
 -65.65062037190376 70.76194568041251 914.0841798698098 -173.2646525218461 -717.8799681070566
 -65.65062037190376 70.76194568041251 914.0841798698098 -173.2646525218461 -717.8799681070566
 609.258856058389 715.924675809742 -705.1230799872806 237.2012145506515 -909.8852685666267
 -65.65062037190376 70.76194568041251 914.0841798698098 -173.2646525218461 -717.8799681070566
 -65.65062037190376 70.76194568041251 914.0841798698098 -173.2646525218461 -717.8799681070566
 2193.628690831571 781.7476145701885 1518.895256214051 762.5341292178683 1632.088402467451
 -251.2142937678891 449.2222787552219 -263.6360338665153 -787.2627835203668 492.327745101755
 -1673.464616157253 -99.08893114364707 655.3498818672446 899.6625544019224 -2544.150144627535
 79.56894080869347 -536.9348032295326 -244.4685569499273 525.3893534513149 258.8569674296589
 -1309.259456633873 -2841.653680502064 -1292.862225742398 -1926.929708556133 134.5452338415792
 609.258856058389 715.924675809742 -705.1230799872806 237.2012145506515 -909.8852685666267
 19.91598059168371 -671.2056589697277 69.97301152501382 -480.9154492926483 -185.3447473684403
 -65.65062037190376 70.76194568041251 914.0841798698098 -173.2646525218461 -717.8799681070566
 -476.0051858494033 434.651250280986 871.9735987805973 -518.8249713599572 -353.8974489320753
 -65.65062037190376 70.76194568041251 914.0841798698098 -173.2646525218461 -717.8799681070566
 -65.65062037190376 70.76194568041251 914.0841798698098 -173.2646525218461 -717.8799681070566
 429.2952781443594 528.2844281292741 -4213.641947306053 -3031.6908241252 3250.10891572516
 -65.65062037190376 70.76194568041251 914.0841798698098 -173.2646525218461 -717.8799681070566
 609.258856058389 715.924675809742 -705.1230799872806 237.2012145506515 -909.8852685666267
 -65.65062037190376 70.76194568041251 914.0841798698098 -173.2646525218461 -717.8799681070566
 -282.7147476056239 818.9691076640074 -308.2652944654384 321.2273519674131 -495.1801709611902
 609.258856058389 715.924675809742 -705.1230799872806 237.2012145506515 -909.8852685666267
 -65.65062037190376 70.76194568041251 914.0841798698098 -173.2646525218461 -717.8799681070566
 -1384.53490817771 -3319.924632000452 -6777.031417848912 -234.7080140225744 -1012.34911065236
 2617.344714060143 -1290.900273798439 226.1788813458655 4342.140490470952 -2803.031080692233
 -611.6192653043223 455.4229234209934 -228.0284299828891 518.4429559956259 -16.97919194090252
 613.1886479855827 -2997.895949391476 1773.155700129343 1502.687139154688 -51.60058979821974
 -65.65062037190376 70.76194568041251 914.0841798698098 -173.2646525218461 -717.8799681070566
 -65.65062037190376 70.76194568041251 914.0841798698098 -173.2646525218461 -717.8799681070566
 1770.165728113252 -189.5254626719639 -290.3579584107206 -2603.978254073537 -4238.478535449454
 -282.7147476056239 818.9691076640074 -308.2652944654384 321.2273519674131 -495.1801709611902
 -2506.175330205816 2630.308146856089 -1240.752970239811 37.05177694149796 1098.55554622419
 -65.65062037190376 70.76194568041251 914.0841798698098 -173.2646525218461 -717.8799681070566
 1576.768421539102 1305.517107601382 -2531.889337833489 -1086.732111975054 1153.594114866075
 -65.65062037190376 70.76194568041251 914.0841798698098 -173.2646525218461 -717.8799681070566
 609.258856058389 715.924675809742 -705.1230799872806 237.2012145506515 -909.8852685666267
 114.5408900833008 3284.38150369425 2158.156183832762 -7402.422803063818 3407.495609891106
 -1588.202351786726 2894.70029661723 -1596.340959912981 177.4223866282335 126.7387242699139
 79.56894080869347 -536.9348032295326 -244.4685569499273 525.3893534513149 258.8569674296589
 2120.030064501563 -2314.341042218477 473.6318345094957 1577.483838380384 -1382.008158579359
 -282.7147476056239 818.9691076640074 -308.2652944654384 321.2273519674131 -495.1801709611902
 -65.65062037190376 70.76194568041251 914.0841798698098 -173.2646525218461 -717.8799681070566
 -513.379492600168 913.023315364068 3078.662889007875 245.4402355514078 29.49363281496767
 -2185.050160657984 3274.512835986203 605.5012747225924 -319.2111617389543 -1071.660922818026
 1041.875323037754 7079.254784378802 1799.785215771049 -7099.386442083756 3232.628864876386
 -1909.241110847923 403.820573595809 -141.6043751930192 -663.4713738859698 -1899.782794770559
