# Created by Octave 4.2.1, Mon Oct 09 17:20:05 2017 BRT <root@mosqueiro>
# name: pop
# type: matrix
# rows: 100
# columns: 5
 -251.1758780791153 -627.9095800589204 29.51574017814841 106.4075520781869 742.1523372951682
 -255.9617401459099 -631.3066678888308 28.24086324922116 110.8653821003273 747.3709054605207
 -253.935663394946 -627.0440646270383 26.57882194482798 112.3541240991824 741.8557978485687
 -253.935663394946 -627.0440646270383 26.57882194482798 112.3541240991824 741.8557978485687
 -248.6945404181492 -628.6491835159532 28.18438383053877 108.6046124531463 744.9233351241319
 -253.935663394946 -627.0440646270383 26.57882194482798 112.3541240991824 741.8557978485687
 -248.3055124711096 -650.0198865965007 -10.96660220976974 142.2844015557947 718.5622121551552
 -253.935663394946 -627.0440646270383 26.57882194482798 112.3541240991824 741.8557978485687
 -255.9617401459099 -631.3066678888308 28.24086324922116 110.8653821003273 747.3709054605207
 -253.935663394946 -627.0440646270383 26.57882194482798 112.3541240991824 741.8557978485687
 -251.1758780791153 -627.9095800589204 29.51574017814841 106.4075520781869 742.1523372951682
 -253.3429534791895 -628.0244369629889 29.69777295331378 109.0960652254849 742.1554546450452
 -253.3429534791895 -628.0244369629889 29.69777295331378 109.0960652254849 742.1554546450452
 -253.3429534791895 -628.0244369629889 29.69777295331378 109.0960652254849 742.1554546450452
 -253.935663394946 -627.0440646270383 26.57882194482798 112.3541240991824 741.8557978485687
 -253.935663394946 -627.0440646270383 26.57882194482798 112.3541240991824 741.8557978485687
 -287.8044097121976 -611.1355926667754 6.825469811173334 124.2388372335345 713.4174326894698
 -253.935663394946 -627.0440646270383 26.57882194482798 112.3541240991824 741.8557978485687
 -287.1443185228503 -610.4046626823894 5.616281195564591 123.04172077467 716.8679201793681
 -253.935663394946 -627.0440646270383 26.57882194482798 112.3541240991824 741.8557978485687
 -249.6599500821055 -607.3182503690315 24.10868482077067 114.7628062106319 740.5040538279605
 -253.3429534791895 -628.0244369629889 29.69777295331378 109.0960652254849 742.1554546450452
 -253.3429534791895 -628.0244369629889 29.69777295331378 109.0960652254849 742.1554546450452
 -268.335026082809 -625.5342275841705 28.85052262593656 123.611611901031 741.586386198987
 -256.8356169333874 -639.6219777336017 32.82840272670078 120.109157773524 757.1366079149986
 -250.9692078440383 -626.9831870272934 26.84202533651258 112.648916973891 740.0340482639568
 -253.935663394946 -627.0440646270383 26.57882194482798 112.3541240991824 741.8557978485687
 -253.3429534791895 -628.0244369629889 29.69777295331378 109.0960652254849 742.1554546450452
 -254.2521309326322 -625.6801116177157 26.59992921545134 110.9464620396519 740.1787783235513
 -248.0333399871766 -623.4970733233349 26.15846192331199 117.3299754954516 745.0078188350163
 -253.935663394946 -627.0440646270383 26.57882194482798 112.3541240991824 741.8557978485687
 -253.3429534791895 -628.0244369629889 29.69777295331378 109.0960652254849 742.1554546450452
 -252.5710423129325 -627.3202574487575 23.91653213070328 102.8243280483767 748.0860112756859
 -248.0333399871766 -623.4970733233349 26.15846192331199 117.3299754954516 745.0078188350163
 -253.935663394946 -627.0440646270383 26.57882194482798 112.3541240991824 741.8557978485687
 -251.1758780791153 -627.9095800589204 29.51574017814841 106.4075520781869 742.1523372951682
 -253.3429534791895 -628.0244369629889 29.69777295331378 109.0960652254849 742.1554546450452
 -257.2646893058788 -630.3345839737387 26.21921968085989 108.976744248624 749.1470665103318
 -251.1758780791153 -627.9095800589204 29.51574017814841 106.4075520781869 742.1523372951682
 -253.935663394946 -627.0440646270383 26.57882194482798 112.3541240991824 741.8557978485687
 -253.935663394946 -627.0440646270383 26.57882194482798 112.3541240991824 741.8557978485687
 -253.935663394946 -627.0440646270383 26.57882194482798 112.3541240991824 741.8557978485687
 -255.9617401459099 -631.3066678888308 28.24086324922116 110.8653821003273 747.3709054605207
 -253.935663394946 -627.0440646270383 26.57882194482798 112.3541240991824 741.8557978485687
 -251.1092251855876 -630.7263185262543 30.24018985263426 107.3100862114116 743.2481509761569
 -253.935663394946 -627.0440646270383 26.57882194482798 112.3541240991824 741.8557978485687
 -253.3429534791895 -628.0244369629889 29.69777295331378 109.0960652254849 742.1554546450452
 -253.935663394946 -627.0440646270383 26.57882194482798 112.3541240991824 741.8557978485687
 -253.3429534791895 -628.0244369629889 29.69777295331378 109.0960652254849 742.1554546450452
 -253.935663394946 -627.0440646270383 26.57882194482798 112.3541240991824 741.8557978485687
 -255.1624194944682 -635.2145567060089 33.78809838552846 117.6454475089202 750.2631870944999
 -251.1092251855876 -630.7263185262543 30.24018985263426 107.3100862114116 743.2481509761569
 -253.935663394946 -627.0440646270383 26.57882194482798 112.3541240991824 741.8557978485687
 -254.5381296945555 -627.5728740242029 25.32734401194901 112.9956148625701 744.7013403999948
 -253.3429534791895 -628.0244369629889 29.69777295331378 109.0960652254849 742.1554546450452
 -253.3429534791895 -628.0244369629889 29.69777295331378 109.0960652254849 742.1554546450452
 -256.8356169333874 -639.6219777336017 32.82840272670078 120.109157773524 757.1366079149986
 -287.1443185228503 -610.4046626823894 5.616281195564591 123.04172077467 716.8679201793681
 -251.5746001025333 -626.2281191794779 23.83974933033156 112.8024034920131 743.6686379878731
 -253.3429534791895 -628.0244369629889 29.69777295331378 109.0960652254849 742.1554546450452
 -255.1624194944682 -635.2145567060089 33.78809838552846 117.6454475089202 750.2631870944999
 -253.935663394946 -627.0440646270383 26.57882194482798 112.3541240991824 741.8557978485687
 -253.935663394946 -627.0440646270383 26.57882194482798 112.3541240991824 741.8557978485687
 -251.1758780791153 -627.9095800589204 29.51574017814841 106.4075520781869 742.1523372951682
 -253.3429534791895 -628.0244369629889 29.69777295331378 109.0960652254849 742.1554546450452
 -248.0333399871766 -623.4970733233349 26.15846192331199 117.3299754954516 745.0078188350163
 -252.5710423129325 -627.3202574487575 23.91653213070328 102.8243280483767 748.0860112756859
 -253.935663394946 -627.0440646270383 26.57882194482798 112.3541240991824 741.8557978485687
 -253.935663394946 -627.0440646270383 26.57882194482798 112.3541240991824 741.8557978485687
 -255.9617401459099 -631.3066678888308 28.24086324922116 110.8653821003273 747.3709054605207
 -253.935663394946 -627.0440646270383 26.57882194482798 112.3541240991824 741.8557978485687
 -269.6084765112812 -652.2374758449566 70.57896818587977 141.0145021033202 692.1328470496353
 -248.0333399871766 -623.4970733233349 26.15846192331199 117.3299754954516 745.0078188350163
 -287.8044097121976 -611.1355926667754 6.825469811173334 124.2388372335345 713.4174326894698
 -255.9617401459099 -631.3066678888308 28.24086324922116 110.8653821003273 747.3709054605207
 -248.3055124711096 -650.0198865965007 -10.96660220976974 142.2844015557947 718.5622121551552
 -253.3429534791895 -628.0244369629889 29.69777295331378 109.0960652254849 742.1554546450452
 -253.3429534791895 -628.0244369629889 29.69777295331378 109.0960652254849 742.1554546450452
 -255.9617401459099 -631.3066678888308 28.24086324922116 110.8653821003273 747.3709054605207
 -253.935663394946 -627.0440646270383 26.57882194482798 112.3541240991824 741.8557978485687
 -253.9430308961954 -625.8599240670171 26.76723555383434 113.2181883078556 741.859303647104
 -254.0949266642043 -626.6002092038581 25.81957923751727 111.737806233656 742.1095169216995
 -254.4056308555491 -625.6038409429678 26.73880424829761 112.2819558141821 742.1222504880726
 -254.1052197780951 -629.0817368795246 27.62562475504831 109.6025500368178 741.8248272083944
 -255.0767741849068 -634.3051496706765 33.33827025730684 117.8660608993388 750.0288987038912
