# Created by Octave 4.2.1, Mon Oct 09 17:20:11 2017 BRT <root@mosqueiro>
# name: pop
# type: matrix
# rows: 100
# columns: 5
 -251.2115061112459 -627.8961078280947 29.50143107112636 106.4708057643399 742.1552777551062
 -251.2115061112459 -627.8961078280947 29.50143107112636 106.4708057643399 742.1552777551062
 -251.2188401705305 -627.9136532832307 29.51641357149269 106.4583005986242 742.1590809461061
 -251.2115061112459 -627.8961078280947 29.50143107112636 106.4708057643399 742.1552777551062
 -251.1758780791153 -627.9095800589204 29.51574017814841 106.4075520781869 742.1523372951682
 -251.2115061112459 -627.8961078280947 29.50143107112636 106.4708057643399 742.1552777551062
 -251.2115061112459 -627.8961078280947 29.50143107112636 106.4708057643399 742.1552777551062
 -251.1728491930187 -627.90746264139 29.51848775106546 106.4081777067349 742.1588940450802
 -251.2041774232854 -627.859019607154 29.48834905851177 106.3848458470832 742.2209813078717
 -251.1759577305562 -627.9096190822683 29.51608404631937 106.4082587273957 742.1527726728158
 -251.1758780791153 -627.9095800589204 29.51574017814841 106.4075520781869 742.1523372951682
 -251.1758780791153 -627.9095800589204 29.51574017814841 106.4075520781869 742.1523372951682
 -251.2115061112459 -627.8961078280947 29.50143107112636 106.4708057643399 742.1552777551062
 -251.2115061112459 -627.8961078280947 29.50143107112636 106.4708057643399 742.1552777551062
 -251.1555588123191 -627.9899146393828 29.50902409221917 106.4366822187905 742.0889779462047
 -251.2041774232854 -627.859019607154 29.48834905851177 106.3848458470832 742.2209813078717
 -256.1627308823099 -631.1642155610369 28.2511228735847 110.8925154284736 747.5400735045109
 -251.2115061112459 -627.8961078280947 29.50143107112636 106.4708057643399 742.1552777551062
 -251.1758780791153 -627.9095800589204 29.51574017814841 106.4075520781869 742.1523372951682
 -251.1749726065593 -627.9094334121371 29.51607449069927 106.4084912951046 742.1522369140521
 -251.1758780791153 -627.9095800589204 29.51574017814841 106.4075520781869 742.1523372951682
 -251.2115061112459 -627.8961078280947 29.50143107112636 106.4708057643399 742.1552777551062
 -251.1849021215399 -627.8965491084011 29.50460961769946 106.4104491631966 742.1717549939375
 -251.1750744465768 -627.9092540271156 29.5167196187108 106.4070510684173 742.1519586271405
 -251.2115061112459 -627.8961078280947 29.50143107112636 106.4708057643399 742.1552777551062
 -251.1758780791153 -627.9095800589204 29.51574017814841 106.4075520781869 742.1523372951682
 -251.2115061112459 -627.8961078280947 29.50143107112636 106.4708057643399 742.1552777551062
 -253.3008513239976 -628.0765549066538 29.61632403448961 108.6665202623797 742.3158341866836
 -251.2041774232854 -627.859019607154 29.48834905851177 106.3848458470832 742.2209813078717
 -251.2115061112459 -627.8961078280947 29.50143107112636 106.4708057643399 742.1552777551062
 -251.1758780791153 -627.9095800589204 29.51574017814841 106.4075520781869 742.1523372951682
 -251.2115061112459 -627.8961078280947 29.50143107112636 106.4708057643399 742.1552777551062
 -251.2115061112459 -627.8961078280947 29.50143107112636 106.4708057643399 742.1552777551062
 -251.1763745635562 -627.9083508157057 29.51677727098128 106.4074985960508 742.1546803297534
 -253.3008513239976 -628.0765549066538 29.61632403448961 108.6665202623797 742.3158341866836
 -251.2115061112459 -627.8961078280947 29.50143107112636 106.4708057643399 742.1552777551062
 -251.1758994651771 -627.9108057698389 29.51830161641444 106.4070277986962 742.153612387513
 -251.2041774232854 -627.859019607154 29.48834905851177 106.3848458470832 742.2209813078717
 -251.1758780791153 -627.9095800589204 29.51574017814841 106.4075520781869 742.1523372951682
 -251.1750238108197 -627.9087633911525 29.51357409335612 106.4120205835865 742.1504290976877
 -251.2119321369632 -627.8948012835554 29.5028648940418 106.4709109636764 742.1555364106831
 -251.2115061112459 -627.8961078280947 29.50143107112636 106.4708057643399 742.1552777551062
 -251.1849021215399 -627.8965491084011 29.50460961769946 106.4104491631966 742.1717549939375
 -251.1758994651771 -627.9108057698389 29.51830161641444 106.4070277986962 742.153612387513
 -251.1758780791153 -627.9095800589204 29.51574017814841 106.4075520781869 742.1523372951682
 -251.2115061112459 -627.8961078280947 29.50143107112636 106.4708057643399 742.1552777551062
 -251.2115061112459 -627.8961078280947 29.50143107112636 106.4708057643399 742.1552777551062
 -251.2041774232854 -627.859019607154 29.48834905851177 106.3848458470832 742.2209813078717
 -251.2115061112459 -627.8961078280947 29.50143107112636 106.4708057643399 742.1552777551062
 -251.2115061112459 -627.8961078280947 29.50143107112636 106.4708057643399 742.1552777551062
 -251.2115061112459 -627.8961078280947 29.50143107112636 106.4708057643399 742.1552777551062
 -251.2115061112459 -627.8961078280947 29.50143107112636 106.4708057643399 742.1552777551062
 -251.1758780791153 -627.9095800589204 29.51574017814841 106.4075520781869 742.1523372951682
 -251.1555588123191 -627.9899146393828 29.50902409221917 106.4366822187905 742.0889779462047
 -251.2115061112459 -627.8961078280947 29.50143107112636 106.4708057643399 742.1552777551062
 -251.1819597427159 -627.9048290640587 29.50637923980323 106.4072228501034 742.1576717507304
 -251.2041774232854 -627.859019607154 29.48834905851177 106.3848458470832 742.2209813078717
 -251.1819597427159 -627.9048290640587 29.50637923980323 106.4072228501034 742.1576717507304
 -251.1729748223273 -627.906892866534 29.51003805266503 106.4073651489299 742.1524009558178
 -251.2115061112459 -627.8961078280947 29.50143107112636 106.4708057643399 742.1552777551062
 -251.2115061112459 -627.8961078280947 29.50143107112636 106.4708057643399 742.1552777551062
 -251.174724180891 -627.9112494240932 29.51723055645543 106.4056752010397 742.1522193087892
 -251.1758780791153 -627.9095800589204 29.51574017814841 106.4075520781869 742.1523372951682
 -251.2115061112459 -627.8961078280947 29.50143107112636 106.4708057643399 742.1552777551062
 -251.1758780791153 -627.9095800589204 29.51574017814841 106.4075520781869 742.1523372951682
 -251.2115061112459 -627.8961078280947 29.50143107112636 106.4708057643399 742.1552777551062
 -251.2115061112459 -627.8961078280947 29.50143107112636 106.4708057643399 742.1552777551062
 -251.2043912737499 -627.8583730769483 29.48839400858503 106.3850426628014 742.2206583752649
 -251.2115061112459 -627.8961078280947 29.50143107112636 106.4708057643399 742.1552777551062
 -251.2115061112459 -627.8961078280947 29.50143107112636 106.4708057643399 742.1552777551062
 -251.1758780791153 -627.9095800589204 29.51574017814841 106.4075520781869 742.1523372951682
 -251.2041774232854 -627.859019607154 29.48834905851177 106.3848458470832 742.2209813078717
 -251.2119321369632 -627.8948012835554 29.5028648940418 106.4709109636764 742.1555364106831
 -251.1758780791153 -627.9095800589204 29.51574017814841 106.4075520781869 742.1523372951682
 -251.1750744465768 -627.9092540271156 29.5167196187108 106.4070510684173 742.1519586271405
 -251.2115061112459 -627.8961078280947 29.50143107112636 106.4708057643399 742.1552777551062
 -251.202381735121 -627.8596173464024 29.48856065128944 106.3864736660544 742.2192682030557
 -251.2115061112459 -627.8961078280947 29.50143107112636 106.4708057643399 742.1552777551062
 -251.1817088519345 -627.8931886450791 29.50458372843359 106.4079982961828 742.1724142572277
 -251.1758994651771 -627.9108057698389 29.51830161641444 106.4070277986962 742.153612387513
 -251.202119141908 -627.8598342183636 29.48845907996499 106.3863090069622 742.2190435562276
 -251.2117482831358 -627.896001034386 29.50180768442692 106.4706490698047 742.1552303820602
 -251.2119780011843 -627.8963552818785 29.50143455826938 106.4710694712227 742.1556148698751
 -251.2117824131068 -627.8964025741747 29.50103397615042 106.4710050701393 742.1555280588763
