# Created by Octave 4.2.1, Mon Oct 09 17:18:53 2017 BRT <root@mosqueiro>
# name: pop
# type: matrix
# rows: 100
# columns: 5
 -740.0812443056229 -261.0217900321334 -36.46923379602072 812.9975577392072 269.7047144134333
 -740.0812443056229 -261.0217900321334 -36.46923379602072 812.9975577392072 269.7047144134333
 -740.0812443056229 -261.0217900321334 -36.46923379602072 812.9975577392072 269.7047144134333
 -740.0812443056229 -261.0217900321334 -36.46923379602072 812.9975577392072 269.7047144134333
 1194.505783895072 -10.29604939411854 -42.6794743717162 -759.7197913810236 1745.576970587019
 -2206.480040574829 -414.1838511928363 -122.330003431875 -356.9187419496895 -1321.102058688932
 -740.0812443056229 -261.0217900321334 -36.46923379602072 812.9975577392072 269.7047144134333
 -1284.460182087532 -205.9005367570295 -1951.447967324443 -1824.243620582673 -719.2775479273997
 -740.0812443056229 -261.0217900321334 -36.46923379602072 812.9975577392072 269.7047144134333
 -740.0812443056229 -261.0217900321334 -36.46923379602072 812.9975577392072 269.7047144134333
 -740.0812443056229 -261.0217900321334 -36.46923379602072 812.9975577392072 269.7047144134333
 -1865.050130161429 -932.8056178770241 -481.7819597943269 474.9275945861255 -775.6624734084689
 -1567.935679177629 -24.55724940539145 915.6891604662233 537.5250815299562 -455.3719656422844
 -1284.460182087532 -205.9005367570295 -1951.447967324443 -1824.243620582673 -719.2775479273997
 -740.0812443056229 -261.0217900321334 -36.46923379602072 812.9975577392072 269.7047144134333
 -740.0812443056229 -261.0217900321334 -36.46923379602072 812.9975577392072 269.7047144134333
 -987.382666885538 58.84902253675875 -800.4631812263812 351.7860615324532 1322.86862258257
 1194.505783895072 -10.29604939411854 -42.6794743717162 -759.7197913810236 1745.576970587019
 -740.0812443056229 -261.0217900321334 -36.46923379602072 812.9975577392072 269.7047144134333
 -740.0812443056229 -261.0217900321334 -36.46923379602072 812.9975577392072 269.7047144134333
 -1705.625339732287 -28.09488369351348 959.3488725069127 738.2578716797161 581.633157725046
 258.837428158547 -932.1446894955571 440.9156849535115 1854.614103931809 756.4921565019256
 -740.0812443056229 -261.0217900321334 -36.46923379602072 812.9975577392072 269.7047144134333
 -1266.112156697653 -522.576441909006 -717.1137069106726 1259.879125467188 -781.5420605433187
 -740.0812443056229 -261.0217900321334 -36.46923379602072 812.9975577392072 269.7047144134333
 427.4788584889661 283.5238887194331 -94.1753582423602 909.4124611872591 1278.298517096736
 1194.505783895072 -10.29604939411854 -42.6794743717162 -759.7197913810236 1745.576970587019
 288.6394701168674 710.5125750804157 -733.5644188910544 2278.748687470141 479.5567107475348
 -649.36698268611 -299.821971609536 -413.0194421573202 197.5348090787667 102.7604222256128
 -740.0812443056229 -261.0217900321334 -36.46923379602072 812.9975577392072 269.7047144134333
 -740.0812443056229 -261.0217900321334 -36.46923379602072 812.9975577392072 269.7047144134333
 -740.0812443056229 -261.0217900321334 -36.46923379602072 812.9975577392072 269.7047144134333
 -740.0812443056229 -261.0217900321334 -36.46923379602072 812.9975577392072 269.7047144134333
 1065.570295636174 -1272.831652348573 -183.5388935075725 445.3601788146749 -380.636418840865
 -740.0812443056229 -261.0217900321334 -36.46923379602072 812.9975577392072 269.7047144134333
 -740.0812443056229 -261.0217900321334 -36.46923379602072 812.9975577392072 269.7047144134333
 -740.0812443056229 -261.0217900321334 -36.46923379602072 812.9975577392072 269.7047144134333
 -740.0812443056229 -261.0217900321334 -36.46923379602072 812.9975577392072 269.7047144134333
 -740.0812443056229 -261.0217900321334 -36.46923379602072 812.9975577392072 269.7047144134333
 -1895.870487438098 -785.3220522897533 -949.37544334959 1839.957638043156 211.9968069239941
 -740.0812443056229 -261.0217900321334 -36.46923379602072 812.9975577392072 269.7047144134333
 -740.0812443056229 -261.0217900321334 -36.46923379602072 812.9975577392072 269.7047144134333
 -740.0812443056229 -261.0217900321334 -36.46923379602072 812.9975577392072 269.7047144134333
 -1267.531307558077 1270.989062558416 445.3767758441469 1014.272108293615 -757.8214267237188
 -740.0812443056229 -261.0217900321334 -36.46923379602072 812.9975577392072 269.7047144134333
 -740.0812443056229 -261.0217900321334 -36.46923379602072 812.9975577392072 269.7047144134333
 -740.0812443056229 -261.0217900321334 -36.46923379602072 812.9975577392072 269.7047144134333
 -740.0812443056229 -261.0217900321334 -36.46923379602072 812.9975577392072 269.7047144134333
 -1865.050130161429 -932.8056178770241 -481.7819597943269 474.9275945861255 -775.6624734084689
 1194.505783895072 -10.29604939411854 -42.6794743717162 -759.7197913810236 1745.576970587019
 -1349.064245630972 403.8952220909518 -264.6767627962491 1169.554358966349 921.073278925353
 1920.011800442546 1963.047556975907 -548.4238822228867 1049.618834680251 -432.7283684834626
 -1284.460182087532 -205.9005367570295 -1951.447967324443 -1824.243620582673 -719.2775479273997
 -740.0812443056229 -261.0217900321334 -36.46923379602072 812.9975577392072 269.7047144134333
 -740.0812443056229 -261.0217900321334 -36.46923379602072 812.9975577392072 269.7047144134333
 -987.382666885538 58.84902253675875 -800.4631812263812 351.7860615324532 1322.86862258257
 -740.0812443056229 -261.0217900321334 -36.46923379602072 812.9975577392072 269.7047144134333
 -740.0812443056229 -261.0217900321334 -36.46923379602072 812.9975577392072 269.7047144134333
 427.4788584889661 283.5238887194331 -94.1753582423602 909.4124611872591 1278.298517096736
 427.4788584889661 283.5238887194331 -94.1753582423602 909.4124611872591 1278.298517096736
 -1267.531307558077 1270.989062558416 445.3767758441469 1014.272108293615 -757.8214267237188
 -740.0812443056229 -261.0217900321334 -36.46923379602072 812.9975577392072 269.7047144134333
 1194.505783895072 -10.29604939411854 -42.6794743717162 -759.7197913810236 1745.576970587019
 -740.0812443056229 -261.0217900321334 -36.46923379602072 812.9975577392072 269.7047144134333
 -740.0812443056229 -261.0217900321334 -36.46923379602072 812.9975577392072 269.7047144134333
 -1462.986703456467 -296.5440717810797 -714.3937271961835 -800.5387080562714 388.7479405021903
 -740.0812443056229 -261.0217900321334 -36.46923379602072 812.9975577392072 269.7047144134333
 427.4788584889661 283.5238887194331 -94.1753582423602 909.4124611872591 1278.298517096736
 -1284.460182087532 -205.9005367570295 -1951.447967324443 -1824.243620582673 -719.2775479273997
 -1567.935679177629 -24.55724940539145 915.6891604662233 537.5250815299562 -455.3719656422844
 -1589.177848165011 -509.9898515245409 -524.8880047053231 710.9013491641342 -229.4003261410618
 -740.0812443056229 -261.0217900321334 -36.46923379602072 812.9975577392072 269.7047144134333
 1065.570295636174 -1272.831652348573 -183.5388935075725 445.3601788146749 -380.636418840865
 -740.0812443056229 -261.0217900321334 -36.46923379602072 812.9975577392072 269.7047144134333
 -1232.798173093699 -1447.957820072265 970.1134106741122 -474.3444140697875 3036.817991499634
 -740.0812443056229 -261.0217900321334 -36.46923379602072 812.9975577392072 269.7047144134333
 -740.0812443056229 -261.0217900321334 -36.46923379602072 812.9975577392072 269.7047144134333
 4731.297534553284 4238.149143069994 672.5630069116014 -1276.243805947141 -2954.814250549683
 519.4336744438538 349.2992513972806 318.0406588954987 861.5990814679911 -1009.01414165719
 -740.0812443056229 -261.0217900321334 -36.46923379602072 812.9975577392072 269.7047144134333
 -503.1704073327207 -617.16865807571 -274.2991480460611 1338.487534269383 950.103204472927
 -2374.671200118286 -2379.45976494956 -621.7353265235067 632.2919886287116 -1852.356576240452
 -437.6566066558896 -542.419882538773 2.653484106737054 589.0565061320469 361.585015272446
 -885.1967139682865 832.1120355731623 -506.6104402980683 649.3557500011223 -94.51657592423607
