# Created by Octave 4.2.1, Mon Oct 09 17:19:11 2017 BRT <root@mosqueiro>
# name: pop
# type: matrix
# rows: 100
# columns: 5
 -890.874175828022 374.7771709176548 -122.0052989289728 494.8751536827706 142.1983667258221
 -890.8733541459688 374.7814520559291 -122.006247535682 494.874532230449 142.1952293404474
 -890.8797707891957 374.7836603745789 -122.0081750236685 494.8790208065836 142.1975362032781
 -890.4161904089901 374.4103600732339 -121.9062359746123 494.7961946118667 142.4724903618032
 -890.8725457750518 374.779330528668 -122.006506520003 494.8764239804725 142.1982147730734
 -890.8797707891957 374.7836603745789 -122.0081750236685 494.8790208065836 142.1975362032781
 -890.8797707891957 374.7836603745789 -122.0081750236685 494.8790208065836 142.1975362032781
 -890.8782168329511 374.7854219343341 -122.0045708311343 494.8764508937343 142.1941259919028
 -890.8727165112263 374.7775153525523 -122.0026753690672 494.8781857766161 142.1966845148306
 -890.8688859135412 374.7797615391822 -122.0051226079005 494.8748110268297 142.1917337271951
 -890.8715120476918 374.7794426282867 -122.0059175024989 494.8771200760639 142.1967355765492
 -890.874175828022 374.7771709176548 -122.0052989289728 494.8751536827706 142.1983667258221
 -890.8715120476918 374.7794426282867 -122.0059175024989 494.8771200760639 142.1967355765492
 -890.4850686169941 374.4633483664533 -121.992987491738 494.83544828741 142.4065420448786
 -890.8792072551641 374.782356809488 -122.0064119074126 494.877628962834 142.1986801668149
 -890.8797707891957 374.7836603745789 -122.0081750236685 494.8790208065836 142.1975362032781
 -890.8715120476918 374.7794426282867 -122.0059175024989 494.8771200760639 142.1967355765492
 -890.8797707891957 374.7836603745789 -122.0081750236685 494.8790208065836 142.1975362032781
 -890.4859804495616 374.4288634100113 -121.9791359105691 494.8518481982784 142.4318233402542
 -890.8797707891957 374.7836603745789 -122.0081750236685 494.8790208065836 142.1975362032781
 -890.8714797193657 374.779136579976 -122.0068263963995 494.8763510954209 142.1972418616233
 -890.8715120476918 374.7794426282867 -122.0059175024989 494.8771200760639 142.1967355765492
 -890.8715120476918 374.7794426282867 -122.0059175024989 494.8771200760639 142.1967355765492
 -890.8715120476918 374.7794426282867 -122.0059175024989 494.8771200760639 142.1967355765492
 -890.3704028380582 374.2320418112899 -121.9426755050215 495.0646378502503 142.4522041534158
 -890.8782168329511 374.7854219343341 -122.0045708311343 494.8764508937343 142.1941259919028
 -890.8688859135412 374.7797615391822 -122.0051226079005 494.8748110268297 142.1917337271951
 -890.8688859135412 374.7797615391822 -122.0051226079005 494.8748110268297 142.1917337271951
 -890.8902187274215 374.7603863913564 -121.9946454744035 494.8940351098581 142.2315080171408
 -890.2633256686128 374.0820565573338 -122.1319783788475 495.0738978989031 142.3974306059659
 -890.3704028380582 374.2320418112899 -121.9426755050215 495.0646378502503 142.4522041534158
 -890.4035792147479 374.2732522693797 -122.0404179423569 494.9180045631996 142.4378946753416
 -890.6866065467088 374.5043259127631 -122.1474733365502 495.0310539782209 142.3527130909784
 -890.879165518405 374.7844153408018 -122.0085968583586 494.8799651369666 142.1968101813416
 -890.6895839224529 374.5056991281612 -122.1449415402797 495.0349944045076 142.3502996147267
 -890.8797707891957 374.7836603745789 -122.0081750236685 494.8790208065836 142.1975362032781
 -890.8715120476918 374.7794426282867 -122.0059175024989 494.8771200760639 142.1967355765492
 -890.8715120476918 374.7794426282867 -122.0059175024989 494.8771200760639 142.1967355765492
 -890.8797707891957 374.7836603745789 -122.0081750236685 494.8790208065836 142.1975362032781
 -890.8715120476918 374.7794426282867 -122.0059175024989 494.8771200760639 142.1967355765492
 -890.8797707891957 374.7836603745789 -122.0081750236685 494.8790208065836 142.1975362032781
 -890.8725457750518 374.779330528668 -122.006506520003 494.8764239804725 142.1982147730734
 -890.4859804495616 374.4288634100113 -121.9791359105691 494.8518481982784 142.4318233402542
 -890.490531402429 374.4273950876889 -121.9883023699604 494.85330922208 142.4361061127036
 -890.8688859135412 374.7797615391822 -122.0051226079005 494.8748110268297 142.1917337271951
 -890.4859804495616 374.4288634100113 -121.9791359105691 494.8518481982784 142.4318233402542
 -890.8715120476918 374.7794426282867 -122.0059175024989 494.8771200760639 142.1967355765492
 -890.4160806011615 374.4107708648289 -121.9057806045337 494.7957213064717 142.471428589734
 -890.8733541459688 374.7814520559291 -122.006247535682 494.874532230449 142.1952293404474
 -890.8733541459688 374.7814520559291 -122.006247535682 494.874532230449 142.1952293404474
 -890.8797707891957 374.7836603745789 -122.0081750236685 494.8790208065836 142.1975362032781
 -890.6866065467088 374.5043259127631 -122.1474733365502 495.0310539782209 142.3527130909784
 -890.8797707891957 374.7836603745789 -122.0081750236685 494.8790208065836 142.1975362032781
 -890.8715120476918 374.7794426282867 -122.0059175024989 494.8771200760639 142.1967355765492
 -890.864552741926 374.7804996752266 -122.000271083498 494.883598155266 142.1941058657658
 -890.8844986064636 374.7838582543082 -121.9700616910989 494.8697215009627 142.1778390719813
 -890.8792072551641 374.782356809488 -122.0064119074126 494.877628962834 142.1986801668149
 -890.8688859135412 374.7797615391822 -122.0051226079005 494.8748110268297 142.1917337271951
 -890.8797707891957 374.7836603745789 -122.0081750236685 494.8790208065836 142.1975362032781
 -890.8797707891957 374.7836603745789 -122.0081750236685 494.8790208065836 142.1975362032781
 -890.4161904089901 374.4103600732339 -121.9062359746123 494.7961946118667 142.4724903618032
 -890.8714797193657 374.779136579976 -122.0068263963995 494.8763510954209 142.1972418616233
 -890.8715120476918 374.7794426282867 -122.0059175024989 494.8771200760639 142.1967355765492
 -890.3940159747232 374.2628071001438 -122.0519263520845 494.9189997573069 142.4114999150523
 -890.8688859135412 374.7797615391822 -122.0051226079005 494.8748110268297 142.1917337271951
 -890.8844986064636 374.7838582543082 -121.9700616910989 494.8697215009627 142.1778390719813
 -890.8715085231828 374.7790185209332 -122.0058743013135 494.8762498139093 142.1991744171578
 -890.8715120476918 374.7794426282867 -122.0059175024989 494.8771200760639 142.1967355765492
 -890.8715120476918 374.7794426282867 -122.0059175024989 494.8771200760639 142.1967355765492
 -890.8844986064636 374.7838582543082 -121.9700616910989 494.8697215009627 142.1778390719813
 -890.4859804495616 374.4288634100113 -121.9791359105691 494.8518481982784 142.4318233402542
 -890.874175828022 374.7771709176548 -122.0052989289728 494.8751536827706 142.1983667258221
 -890.4862628644872 374.4285110465815 -121.9800688969404 494.8529702521931 142.4321278986095
 -890.879165518405 374.7844153408018 -122.0085968583586 494.8799651369666 142.1968101813416
 -899.5511617349722 384.5068471176742 -120.7235072700016 493.4973631422915 141.8909953366164
 -890.8715120476918 374.7794426282867 -122.0059175024989 494.8771200760639 142.1967355765492
 -890.8782168329511 374.7854219343341 -122.0045708311343 494.8764508937343 142.1941259919028
 -890.874175828022 374.7771709176548 -122.0052989289728 494.8751536827706 142.1983667258221
 -890.864552741926 374.7804996752266 -122.000271083498 494.883598155266 142.1941058657658
 -890.8715120476918 374.7794426282867 -122.0059175024989 494.8771200760639 142.1967355765492
 -890.6386555508378 374.5002168807675 -121.8623703348019 494.8177962923729 142.3188924538076
 -890.8791104911824 374.7836098684508 -122.0081128199534 494.8789966735807 142.1973358804055
 -890.8697931249977 374.7793526926237 -122.0048928675099 494.8744242850319 142.192111799833
 -890.8792646019305 374.7847304808155 -122.0087358888416 494.8801145784538 142.1971877773241
 -890.8795848202883 374.7841131505795 -122.0077999826712 494.8789933078901 142.1977742485452
