# Created by Octave 4.2.1, Mon Oct 09 17:18:32 2017 BRT <root@mosqueiro>
# name: pop
# type: matrix
# rows: 100
# columns: 5
 273.5834623549927 557.8691306680512 -41.37860459162653 97.93759642750979 -884.9501209890717
 273.5834623549927 557.8691306680512 -41.37860459162653 97.93759642750979 -884.9501209890717
 228.4490980444868 412.6789159859953 48.96679078433178 18.98538089633485 -841.3813740489194
 273.5834623549927 557.8691306680512 -41.37860459162653 97.93759642750979 -884.9501209890717
 273.5834623549927 557.8691306680512 -41.37860459162653 97.93759642750979 -884.9501209890717
 273.5834623549927 557.8691306680512 -41.37860459162653 97.93759642750979 -884.9501209890717
 273.5834623549927 557.8691306680512 -41.37860459162653 97.93759642750979 -884.9501209890717
 273.5834623549927 557.8691306680512 -41.37860459162653 97.93759642750979 -884.9501209890717
 273.5834623549927 557.8691306680512 -41.37860459162653 97.93759642750979 -884.9501209890717
 273.5834623549927 557.8691306680512 -41.37860459162653 97.93759642750979 -884.9501209890717
 273.5834623549927 557.8691306680512 -41.37860459162653 97.93759642750979 -884.9501209890717
 228.4490980444868 412.6789159859953 48.96679078433178 18.98538089633485 -841.3813740489194
 289.9597318280341 565.4944412554318 -36.91875402586373 145.9807487823239 -924.1944470202524
 273.5834623549927 557.8691306680512 -41.37860459162653 97.93759642750979 -884.9501209890717
 287.0157388026728 543.0564837618286 -63.28776571127626 73.39160991576672 -903.3028495577155
 288.5639195558123 567.0101717620698 -37.6098289112243 76.59806129158814 -885.0232907847108
 273.5834623549927 557.8691306680512 -41.37860459162653 97.93759642750979 -884.9501209890717
 273.5834623549927 557.8691306680512 -41.37860459162653 97.93759642750979 -884.9501209890717
 273.5834623549927 557.8691306680512 -41.37860459162653 97.93759642750979 -884.9501209890717
 273.5834623549927 557.8691306680512 -41.37860459162653 97.93759642750979 -884.9501209890717
 273.5834623549927 557.8691306680512 -41.37860459162653 97.93759642750979 -884.9501209890717
 273.5834623549927 557.8691306680512 -41.37860459162653 97.93759642750979 -884.9501209890717
 273.5834623549927 557.8691306680512 -41.37860459162653 97.93759642750979 -884.9501209890717
 273.5834623549927 557.8691306680512 -41.37860459162653 97.93759642750979 -884.9501209890717
 228.4490980444868 412.6789159859953 48.96679078433178 18.98538089633485 -841.3813740489194
 273.5834623549927 557.8691306680512 -41.37860459162653 97.93759642750979 -884.9501209890717
 196.019849762338 558.6037054638838 -30.91715844488849 69.17204216277425 -843.6516407053135
 273.5834623549927 557.8691306680512 -41.37860459162653 97.93759642750979 -884.9501209890717
 273.7910644811798 518.0941084406478 -67.9369431952808 106.7381058155462 -941.842770667937
 273.5834623549927 557.8691306680512 -41.37860459162653 97.93759642750979 -884.9501209890717
 273.5834623549927 557.8691306680512 -41.37860459162653 97.93759642750979 -884.9501209890717
 273.5834623549927 557.8691306680512 -41.37860459162653 97.93759642750979 -884.9501209890717
 273.5834623549927 557.8691306680512 -41.37860459162653 97.93759642750979 -884.9501209890717
 290.4902902232436 530.3578777563106 -4.540665168347161 121.5863367316813 -902.2228090150647
 273.5834623549927 557.8691306680512 -41.37860459162653 97.93759642750979 -884.9501209890717
 273.5834623549927 557.8691306680512 -41.37860459162653 97.93759642750979 -884.9501209890717
 273.5834623549927 557.8691306680512 -41.37860459162653 97.93759642750979 -884.9501209890717
 273.5834623549927 557.8691306680512 -41.37860459162653 97.93759642750979 -884.9501209890717
 228.4490980444868 412.6789159859953 48.96679078433178 18.98538089633485 -841.3813740489194
 273.5834623549927 557.8691306680512 -41.37860459162653 97.93759642750979 -884.9501209890717
 273.5834623549927 557.8691306680512 -41.37860459162653 97.93759642750979 -884.9501209890717
 273.5834623549927 557.8691306680512 -41.37860459162653 97.93759642750979 -884.9501209890717
 263.653148373148 604.0618553201775 -40.2503181122541 179.1754981289835 -830.8714261535629
 273.7910644811798 518.0941084406478 -67.9369431952808 106.7381058155462 -941.842770667937
 273.5834623549927 557.8691306680512 -41.37860459162653 97.93759642750979 -884.9501209890717
 236.7665644607423 566.052832015228 -25.76759531065986 77.00255383397176 -917.9220737778304
 273.5834623549927 557.8691306680512 -41.37860459162653 97.93759642750979 -884.9501209890717
 273.5834623549927 557.8691306680512 -41.37860459162653 97.93759642750979 -884.9501209890717
 273.5834623549927 557.8691306680512 -41.37860459162653 97.93759642750979 -884.9501209890717
 273.5834623549927 557.8691306680512 -41.37860459162653 97.93759642750979 -884.9501209890717
 273.5834623549927 557.8691306680512 -41.37860459162653 97.93759642750979 -884.9501209890717
 273.5834623549927 557.8691306680512 -41.37860459162653 97.93759642750979 -884.9501209890717
 273.5834623549927 557.8691306680512 -41.37860459162653 97.93759642750979 -884.9501209890717
 366.9521837062613 555.3979187528817 -55.92691891345137 146.5589078480646 -832.5407227228465
 328.3000340736218 591.9815505379411 -23.17345175435337 -23.73973832153524 -1028.679114355915
 273.5834623549927 557.8691306680512 -41.37860459162653 97.93759642750979 -884.9501209890717
 273.5834623549927 557.8691306680512 -41.37860459162653 97.93759642750979 -884.9501209890717
 273.5834623549927 557.8691306680512 -41.37860459162653 97.93759642750979 -884.9501209890717
 273.5834623549927 557.8691306680512 -41.37860459162653 97.93759642750979 -884.9501209890717
 290.4902902232436 530.3578777563106 -4.540665168347161 121.5863367316813 -902.2228090150647
 273.5834623549927 557.8691306680512 -41.37860459162653 97.93759642750979 -884.9501209890717
 273.5834623549927 557.8691306680512 -41.37860459162653 97.93759642750979 -884.9501209890717
 273.5834623549927 557.8691306680512 -41.37860459162653 97.93759642750979 -884.9501209890717
 273.5834623549927 557.8691306680512 -41.37860459162653 97.93759642750979 -884.9501209890717
 273.5834623549927 557.8691306680512 -41.37860459162653 97.93759642750979 -884.9501209890717
 273.5834623549927 557.8691306680512 -41.37860459162653 97.93759642750979 -884.9501209890717
 210.4737873550595 547.8165055480129 -48.42905392625192 172.0646293780584 -778.410660366935
 273.5834623549927 557.8691306680512 -41.37860459162653 97.93759642750979 -884.9501209890717
 273.5834623549927 557.8691306680512 -41.37860459162653 97.93759642750979 -884.9501209890717
 56.12117106874599 403.2403796170339 257.2925472500736 400.9351275492666 -797.5364491229299
 294.7127102239378 547.088774551506 -37.89255817935168 118.2676357786168 -865.9362899858664
 273.5834623549927 557.8691306680512 -41.37860459162653 97.93759642750979 -884.9501209890717
 288.5639195558123 567.0101717620698 -37.6098289112243 76.59806129158814 -885.0232907847108
 273.5834623549927 557.8691306680512 -41.37860459162653 97.93759642750979 -884.9501209890717
 328.3000340736218 591.9815505379411 -23.17345175435337 -23.73973832153524 -1028.679114355915
 273.5834623549927 557.8691306680512 -41.37860459162653 97.93759642750979 -884.9501209890717
 273.5834623549927 557.8691306680512 -41.37860459162653 97.93759642750979 -884.9501209890717
 273.5834623549927 557.8691306680512 -41.37860459162653 97.93759642750979 -884.9501209890717
 294.6749743096535 547.076204465558 -6.548802884019551 88.09876902673727 -897.2558389727958
 273.5834623549927 557.8691306680512 -41.37860459162653 97.93759642750979 -884.9501209890717
 252.5600253069878 552.1112587223224 -37.21520345715259 78.19370914859941 -878.9326360371696
 237.5952552279484 530.0853667211032 9.467867130027683 80.53598724599333 -884.5705529340767
 287.1549803743119 507.9897463316203 -76.43717245882314 114.0359865211276 -912.4980340579991
 283.5857755500227 555.8549522792204 -54.34535709305516 91.59366246299444 -892.9017656783586
