# Created by Octave 4.2.1, Mon Oct 09 17:20:03 2017 BRT <root@mosqueiro>
# name: pop
# type: matrix
# rows: 100
# columns: 5
 -253.935663394946 -627.0440646270383 26.57882194482798 112.3541240991824 741.8557978485687
 -253.935663394946 -627.0440646270383 26.57882194482798 112.3541240991824 741.8557978485687
 -253.935663394946 -627.0440646270383 26.57882194482798 112.3541240991824 741.8557978485687
 -269.5033351140734 -654.9533959477703 69.6350149687902 136.9755347256691 692.2945041038819
 336.9349312524413 -292.4413552365127 -181.0106242164 -37.3650855658498 211.5019182857371
 -253.935663394946 -627.0440646270383 26.57882194482798 112.3541240991824 741.8557978485687
 -253.935663394946 -627.0440646270383 26.57882194482798 112.3541240991824 741.8557978485687
 -253.935663394946 -627.0440646270383 26.57882194482798 112.3541240991824 741.8557978485687
 -253.935663394946 -627.0440646270383 26.57882194482798 112.3541240991824 741.8557978485687
 -253.935663394946 -627.0440646270383 26.57882194482798 112.3541240991824 741.8557978485687
 -253.935663394946 -627.0440646270383 26.57882194482798 112.3541240991824 741.8557978485687
 -253.935663394946 -627.0440646270383 26.57882194482798 112.3541240991824 741.8557978485687
 -253.935663394946 -627.0440646270383 26.57882194482798 112.3541240991824 741.8557978485687
 -253.935663394946 -627.0440646270383 26.57882194482798 112.3541240991824 741.8557978485687
 -253.935663394946 -627.0440646270383 26.57882194482798 112.3541240991824 741.8557978485687
 -253.935663394946 -627.0440646270383 26.57882194482798 112.3541240991824 741.8557978485687
 -278.168902907841 -633.9553300731815 31.5647776447964 122.7980968360748 744.3790548776356
 -253.935663394946 -627.0440646270383 26.57882194482798 112.3541240991824 741.8557978485687
 371.712684717904 -297.5644430729197 -150.9693948208263 -41.60340753317314 160.8816957959191
 -253.935663394946 -627.0440646270383 26.57882194482798 112.3541240991824 741.8557978485687
 -247.5549066730397 -651.3363276352923 -17.04697937833229 137.3410890147202 722.465932272571
 -253.935663394946 -627.0440646270383 26.57882194482798 112.3541240991824 741.8557978485687
 -253.935663394946 -627.0440646270383 26.57882194482798 112.3541240991824 741.8557978485687
 -253.935663394946 -627.0440646270383 26.57882194482798 112.3541240991824 741.8557978485687
 -253.935663394946 -627.0440646270383 26.57882194482798 112.3541240991824 741.8557978485687
 -253.935663394946 -627.0440646270383 26.57882194482798 112.3541240991824 741.8557978485687
 -253.935663394946 -627.0440646270383 26.57882194482798 112.3541240991824 741.8557978485687
 -253.935663394946 -627.0440646270383 26.57882194482798 112.3541240991824 741.8557978485687
 -261.2570152614272 -633.8989818301883 16.44545009894815 120.4650327074776 758.9464965237786
 379.1452729869285 -262.8319988656224 -170.3859799870585 19.86500050853942 78.51953548409591
 -290.9110494172727 -620.6885737286908 17.07981144372148 115.767883386356 771.6955565490525
 -290.9110494172727 -620.6885737286908 17.07981144372148 115.767883386356 771.6955565490525
 -278.168902907841 -633.9553300731815 31.5647776447964 122.7980968360748 744.3790548776356
 -274.8790867940521 -604.0146948343842 13.91614390351541 128.8587433058291 770.8857962973549
 -253.935663394946 -627.0440646270383 26.57882194482798 112.3541240991824 741.8557978485687
 -253.935663394946 -627.0440646270383 26.57882194482798 112.3541240991824 741.8557978485687
 -253.935663394946 -627.0440646270383 26.57882194482798 112.3541240991824 741.8557978485687
 371.712684717904 -297.5644430729197 -150.9693948208263 -41.60340753317314 160.8816957959191
 -253.935663394946 -627.0440646270383 26.57882194482798 112.3541240991824 741.8557978485687
 -253.935663394946 -627.0440646270383 26.57882194482798 112.3541240991824 741.8557978485687
 -253.935663394946 -627.0440646270383 26.57882194482798 112.3541240991824 741.8557978485687
 -253.935663394946 -627.0440646270383 26.57882194482798 112.3541240991824 741.8557978485687
 -253.935663394946 -627.0440646270383 26.57882194482798 112.3541240991824 741.8557978485687
 -253.935663394946 -627.0440646270383 26.57882194482798 112.3541240991824 741.8557978485687
 -253.935663394946 -627.0440646270383 26.57882194482798 112.3541240991824 741.8557978485687
 -253.935663394946 -627.0440646270383 26.57882194482798 112.3541240991824 741.8557978485687
 -253.935663394946 -627.0440646270383 26.57882194482798 112.3541240991824 741.8557978485687
 -253.935663394946 -627.0440646270383 26.57882194482798 112.3541240991824 741.8557978485687
 -253.935663394946 -627.0440646270383 26.57882194482798 112.3541240991824 741.8557978485687
 -253.935663394946 -627.0440646270383 26.57882194482798 112.3541240991824 741.8557978485687
 -238.287380073275 -634.7830682321855 33.66441789449538 143.9181384381334 701.8122776608991
 -253.935663394946 -627.0440646270383 26.57882194482798 112.3541240991824 741.8557978485687
 -253.935663394946 -627.0440646270383 26.57882194482798 112.3541240991824 741.8557978485687
 -253.935663394946 -627.0440646270383 26.57882194482798 112.3541240991824 741.8557978485687
 -253.935663394946 -627.0440646270383 26.57882194482798 112.3541240991824 741.8557978485687
 -262.3174157272361 -615.5707393330803 29.3647340814159 121.3374870473343 721.922503362386
 -253.935663394946 -627.0440646270383 26.57882194482798 112.3541240991824 741.8557978485687
 -189.3858270001388 -502.5683297131237 -104.4213960614771 231.5948343910188 689.7690150375117
 -269.5033351140734 -654.9533959477703 69.6350149687902 136.9755347256691 692.2945041038819
 -249.6599500821055 -607.3182503690315 24.10868482077067 114.7628062106319 740.5040538279605
 -226.4347253589953 -633.6500063128001 -19.48522574138568 132.4076355648084 705.186006158236
 -249.6599500821055 -607.3182503690315 24.10868482077067 114.7628062106319 740.5040538279605
 -253.935663394946 -627.0440646270383 26.57882194482798 112.3541240991824 741.8557978485687
 -273.4057985578895 -626.3298010427628 94.26248674284544 99.55936142277082 761.6646928361542
 371.712684717904 -297.5644430729197 -150.9693948208263 -41.60340753317314 160.8816957959191
 -284.5655975269702 -611.1737068882916 22.27697849302547 121.4225908832743 699.8917703872102
 -248.7041054097992 -627.5315260811871 49.72812106395825 98.32157155822125 768.1935455914617
 -226.4347253589953 -633.6500063128001 -19.48522574138568 132.4076355648084 705.186006158236
 -253.935663394946 -627.0440646270383 26.57882194482798 112.3541240991824 741.8557978485687
 -253.935663394946 -627.0440646270383 26.57882194482798 112.3541240991824 741.8557978485687
 -253.935663394946 -627.0440646270383 26.57882194482798 112.3541240991824 741.8557978485687
 -262.3174157272361 -615.5707393330803 29.3647340814159 121.3374870473343 721.922503362386
 -290.9110494172727 -620.6885737286908 17.07981144372148 115.767883386356 771.6955565490525
 -269.5033351140734 -654.9533959477703 69.6350149687902 136.9755347256691 692.2945041038819
 -256.8356169333874 -639.6219777336017 32.82840272670078 120.109157773524 757.1366079149986
 -249.6599500821055 -607.3182503690315 24.10868482077067 114.7628062106319 740.5040538279605
 -290.9110494172727 -620.6885737286908 17.07981144372148 115.767883386356 771.6955565490525
 -262.0249692170421 -617.652045297826 21.93784201146905 121.2980913436434 724.8777941661817
 -253.935663394946 -627.0440646270383 26.57882194482798 112.3541240991824 741.8557978485687
 -253.935663394946 -627.0440646270383 26.57882194482798 112.3541240991824 741.8557978485687
 -276.6152709598068 -647.5966222361966 13.31031347382745 108.0730205465855 731.515598273545
 -248.9103528286552 -629.1237966001651 34.47479037071198 114.8407572161559 741.2586716302246
 -274.2880781419781 -629.3649305792351 12.02010791191815 102.6398922439362 762.2243574480821
 -238.6158569361987 -624.1994144454414 20.36915393276371 119.6430547805142 750.231281592684
 -286.4782758077747 -609.2937058608416 11.66034314661098 118.1033486824764 710.9084650792981
