# Created by Octave 4.2.1, Mon Oct 09 17:18:34 2017 BRT <root@mosqueiro>
# name: pop
# type: matrix
# rows: 100
# columns: 5
 275.3397802196097 557.4608295022515 -30.1492095648673 93.10257385717863 -894.1760889819694
 265.3437939143503 555.040758886705 -41.54723888508235 97.60864040814933 -874.8518239691591
 273.5834623549927 557.8691306680512 -41.37860459162653 97.93759642750979 -884.9501209890717
 277.9566146582823 573.0806739420725 -62.52687710202338 85.68049210175778 -872.5851603591931
 273.5834623549927 557.8691306680512 -41.37860459162653 97.93759642750979 -884.9501209890717
 273.5834623549927 557.8691306680512 -41.37860459162653 97.93759642750979 -884.9501209890717
 275.3397802196097 557.4608295022515 -30.1492095648673 93.10257385717863 -894.1760889819694
 273.5834623549927 557.8691306680512 -41.37860459162653 97.93759642750979 -884.9501209890717
 273.5834623549927 557.8691306680512 -41.37860459162653 97.93759642750979 -884.9501209890717
 266.6612065558729 548.4095157327417 -27.18918201257523 92.93919393337403 -878.3384041109254
 273.5834623549927 557.8691306680512 -41.37860459162653 97.93759642750979 -884.9501209890717
 273.5834623549927 557.8691306680512 -41.37860459162653 97.93759642750979 -884.9501209890717
 273.5834623549927 557.8691306680512 -41.37860459162653 97.93759642750979 -884.9501209890717
 286.2945820208214 582.3607330520192 -48.408023133385 67.50704086922505 -874.6996823490064
 273.5834623549927 557.8691306680512 -41.37860459162653 97.93759642750979 -884.9501209890717
 273.5834623549927 557.8691306680512 -41.37860459162653 97.93759642750979 -884.9501209890717
 286.2945820208214 582.3607330520192 -48.408023133385 67.50704086922505 -874.6996823490064
 264.3894730477595 552.6528271659666 -32.73824164991444 83.99327976418837 -890.6097434806499
 273.6330000453787 575.4050683609275 -63.71357449440644 98.71347859415336 -857.9411299790129
 273.5834623549927 557.8691306680512 -41.37860459162653 97.93759642750979 -884.9501209890717
 273.5834623549927 557.8691306680512 -41.37860459162653 97.93759642750979 -884.9501209890717
 273.5834623549927 557.8691306680512 -41.37860459162653 97.93759642750979 -884.9501209890717
 275.3397802196097 557.4608295022515 -30.1492095648673 93.10257385717863 -894.1760889819694
 273.5834623549927 557.8691306680512 -41.37860459162653 97.93759642750979 -884.9501209890717
 273.5834623549927 557.8691306680512 -41.37860459162653 97.93759642750979 -884.9501209890717
 265.3437939143503 555.040758886705 -41.54723888508235 97.60864040814933 -874.8518239691591
 294.6749743096535 547.076204465558 -6.548802884019551 88.09876902673727 -897.2558389727958
 275.3397802196097 557.4608295022515 -30.1492095648673 93.10257385717863 -894.1760889819694
 273.5834623549927 557.8691306680512 -41.37860459162653 97.93759642750979 -884.9501209890717
 277.9566146582823 573.0806739420725 -62.52687710202338 85.68049210175778 -872.5851603591931
 275.3397802196097 557.4608295022515 -30.1492095648673 93.10257385717863 -894.1760889819694
 265.1499750978721 509.985399686387 -72.70956104925547 108.1963004694597 -942.5657333558389
 275.3397802196097 557.4608295022515 -30.1492095648673 93.10257385717863 -894.1760889819694
 273.5834623549927 557.8691306680512 -41.37860459162653 97.93759642750979 -884.9501209890717
 287.1549803743119 507.9897463316203 -76.43717245882314 114.0359865211276 -912.4980340579991
 273.5834623549927 557.8691306680512 -41.37860459162653 97.93759642750979 -884.9501209890717
 273.5834623549927 557.8691306680512 -41.37860459162653 97.93759642750979 -884.9501209890717
 273.5834623549927 557.8691306680512 -41.37860459162653 97.93759642750979 -884.9501209890717
 273.5834623549927 557.8691306680512 -41.37860459162653 97.93759642750979 -884.9501209890717
 275.3397802196097 557.4608295022515 -30.1492095648673 93.10257385717863 -894.1760889819694
 273.5834623549927 557.8691306680512 -41.37860459162653 97.93759642750979 -884.9501209890717
 277.9566146582823 573.0806739420725 -62.52687710202338 85.68049210175778 -872.5851603591931
 273.5834623549927 557.8691306680512 -41.37860459162653 97.93759642750979 -884.9501209890717
 328.3000340736218 591.9815505379411 -23.17345175435337 -23.73973832153524 -1028.679114355915
 273.5834623549927 557.8691306680512 -41.37860459162653 97.93759642750979 -884.9501209890717
 275.3397802196097 557.4608295022515 -30.1492095648673 93.10257385717863 -894.1760889819694
 273.5834623549927 557.8691306680512 -41.37860459162653 97.93759642750979 -884.9501209890717
 273.5834623549927 557.8691306680512 -41.37860459162653 97.93759642750979 -884.9501209890717
 273.5834623549927 557.8691306680512 -41.37860459162653 97.93759642750979 -884.9501209890717
 273.5834623549927 557.8691306680512 -41.37860459162653 97.93759642750979 -884.9501209890717
 273.5834623549927 557.8691306680512 -41.37860459162653 97.93759642750979 -884.9501209890717
 273.5834623549927 557.8691306680512 -41.37860459162653 97.93759642750979 -884.9501209890717
 273.5834623549927 557.8691306680512 -41.37860459162653 97.93759642750979 -884.9501209890717
 277.9566146582823 573.0806739420725 -62.52687710202338 85.68049210175778 -872.5851603591931
 273.5834623549927 557.8691306680512 -41.37860459162653 97.93759642750979 -884.9501209890717
 277.9566146582823 573.0806739420725 -62.52687710202338 85.68049210175778 -872.5851603591931
 277.9566146582823 573.0806739420725 -62.52687710202338 85.68049210175778 -872.5851603591931
 273.5834623549927 557.8691306680512 -41.37860459162653 97.93759642750979 -884.9501209890717
 273.5834623549927 557.8691306680512 -41.37860459162653 97.93759642750979 -884.9501209890717
 328.3000340736218 591.9815505379411 -23.17345175435337 -23.73973832153524 -1028.679114355915
 273.5834623549927 557.8691306680512 -41.37860459162653 97.93759642750979 -884.9501209890717
 273.5834623549927 557.8691306680512 -41.37860459162653 97.93759642750979 -884.9501209890717
 273.5834623549927 557.8691306680512 -41.37860459162653 97.93759642750979 -884.9501209890717
 328.3000340736218 591.9815505379411 -23.17345175435337 -23.73973832153524 -1028.679114355915
 273.5834623549927 557.8691306680512 -41.37860459162653 97.93759642750979 -884.9501209890717
 273.5834623549927 557.8691306680512 -41.37860459162653 97.93759642750979 -884.9501209890717
 277.9566146582823 573.0806739420725 -62.52687710202338 85.68049210175778 -872.5851603591931
 265.3437939143503 555.040758886705 -41.54723888508235 97.60864040814933 -874.8518239691591
 273.5834623549927 557.8691306680512 -41.37860459162653 97.93759642750979 -884.9501209890717
 273.5834623549927 557.8691306680512 -41.37860459162653 97.93759642750979 -884.9501209890717
 284.172825510443 584.1541112889703 -64.27352860214145 71.70094535110442 -870.8570528145848
 273.5834623549927 557.8691306680512 -41.37860459162653 97.93759642750979 -884.9501209890717
 273.5834623549927 557.8691306680512 -41.37860459162653 97.93759642750979 -884.9501209890717
 275.3397802196097 557.4608295022515 -30.1492095648673 93.10257385717863 -894.1760889819694
 271.043146125327 571.8295534455445 -30.03886817260724 106.8867859435944 -896.059320153293
 273.5834623549927 557.8691306680512 -41.37860459162653 97.93759642750979 -884.9501209890717
 273.5834623549927 557.8691306680512 -41.37860459162653 97.93759642750979 -884.9501209890717
 265.3437939143503 555.040758886705 -41.54723888508235 97.60864040814933 -874.8518239691591
 265.3437939143503 555.040758886705 -41.54723888508235 97.60864040814933 -874.8518239691591
 273.5834623549927 557.8691306680512 -41.37860459162653 97.93759642750979 -884.9501209890717
 275.2505314140889 561.4316979751982 -67.73426590775128 94.03324049445574 -886.6277040777599
 277.6936242215842 553.7230961921116 -43.57948175565808 94.22825900382141 -886.3793589628289
 281.9229977166946 569.308440883009 -62.94806485181149 89.36865326542961 -871.407175511461
 220.8862111275262 416.0473376444615 50.26307359992342 18.20427883415778 -845.8811049359484
