# Created by Octave 4.2.1, Mon Oct 09 17:18:42 2017 BRT <root@mosqueiro>
# name: pop
# type: matrix
# rows: 100
# columns: 5
 277.9513198267085 571.257842361475 -61.77200317596726 82.07068052081125 -870.3423237289528
 277.9513198267085 571.257842361475 -61.77200317596726 82.07068052081125 -870.3423237289528
 272.6676189277657 557.9337606198454 -43.13633557854077 96.73949272820376 -884.8980829012178
 272.6676189277657 557.9337606198454 -43.13633557854077 96.73949272820376 -884.8980829012178
 277.9513198267085 571.257842361475 -61.77200317596726 82.07068052081125 -870.3423237289528
 277.9386271891328 571.4123859549967 -61.70860077720152 82.11380992095302 -870.4140096146496
 277.9513198267085 571.257842361475 -61.77200317596726 82.07068052081125 -870.3423237289528
 277.9513198267085 571.257842361475 -61.77200317596726 82.07068052081125 -870.3423237289528
 277.9435185078989 571.2662042083076 -61.75065864843469 82.0833974902864 -870.330636070419
 277.9513198267085 571.257842361475 -61.77200317596726 82.07068052081125 -870.3423237289528
 275.345029478904 557.4611267433739 -30.13875418502387 93.0859875367088 -894.1792343933066
 277.9513198267085 571.257842361475 -61.77200317596726 82.07068052081125 -870.3423237289528
 277.952768260697 571.2561851672582 -61.76950592490996 82.07137949159036 -870.3420060846468
 277.93647109087 571.2827310580667 -61.7614550238606 82.08371734278353 -870.3540907302861
 277.9513198267085 571.257842361475 -61.77200317596726 82.07068052081125 -870.3423237289528
 277.9513198267085 571.257842361475 -61.77200317596726 82.07068052081125 -870.3423237289528
 277.9513198267085 571.257842361475 -61.77200317596726 82.07068052081125 -870.3423237289528
 277.9513198267085 571.257842361475 -61.77200317596726 82.07068052081125 -870.3423237289528
 277.952461590613 571.258316243147 -61.77207516520473 82.06928339644844 -870.3415451538051
 277.9609075826216 571.2515470541399 -61.77680204170026 82.07268177994857 -870.3335907168408
 277.9513198267085 571.257842361475 -61.77200317596726 82.07068052081125 -870.3423237289528
 277.952461590613 571.258316243147 -61.77207516520473 82.06928339644844 -870.3415451538051
 277.9373337635502 571.2820204387127 -61.75659887365725 82.09214827648857 -870.3495293845065
 277.9513198267085 571.257842361475 -61.77200317596726 82.07068052081125 -870.3423237289528
 277.9446272042728 571.2672164752836 -61.75240230805502 82.0831743232329 -870.3361749066396
 277.9369017565724 571.2623205155651 -61.75155534164189 82.09084066359131 -870.3303882093073
 277.9376870719785 571.2393076976056 -61.74880124401911 82.06411140571447 -870.3136012096568
 277.9454793984905 571.2664502986557 -61.74939219782326 82.08259722808667 -870.3314972004326
 277.9454793984905 571.2664502986557 -61.74939219782326 82.08259722808667 -870.3314972004326
 277.9373337635502 571.2820204387127 -61.75659887365725 82.09214827648857 -870.3495293845065
 272.6680574662872 557.9335948218175 -43.13644005215794 96.73912273747487 -884.8977087237423
 277.9468423825774 571.2658535810108 -61.75299773817574 82.08347823629971 -870.3375415900696
 277.9454793984905 571.2664502986557 -61.74939219782326 82.08259722808667 -870.3314972004326
 277.9446272042728 571.2672164752836 -61.75240230805502 82.0831743232329 -870.3361749066396
 277.9513198267085 571.257842361475 -61.77200317596726 82.07068052081125 -870.3423237289528
 277.9513198267085 571.257842361475 -61.77200317596726 82.07068052081125 -870.3423237289528
 272.6610634346985 557.9213252103447 -43.12487412635969 96.73373421614721 -884.9041772987473
 277.9609075826216 571.2515470541399 -61.77680204170026 82.07268177994857 -870.3335907168408
 272.6676189277657 557.9337606198454 -43.13633557854077 96.73949272820376 -884.8980829012178
 277.9513198267085 571.257842361475 -61.77200317596726 82.07068052081125 -870.3423237289528
 272.672277311069 557.9194055993105 -43.1216116722753 96.7444650246336 -884.9134854652342
 272.6676189277657 557.9337606198454 -43.13633557854077 96.73949272820376 -884.8980829012178
 277.9454793984905 571.2664502986557 -61.74939219782326 82.08259722808667 -870.3314972004326
 277.9435185078989 571.2662042083076 -61.75065864843469 82.0833974902864 -870.330636070419
 277.9373337635502 571.2820204387127 -61.75659887365725 82.09214827648857 -870.3495293845065
 277.9513198267085 571.257842361475 -61.77200317596726 82.07068052081125 -870.3423237289528
 277.9373337635502 571.2820204387127 -61.75659887365725 82.09214827648857 -870.3495293845065
 272.6680796061497 557.9364320253748 -43.13546435017476 96.73944313929584 -884.8977996793875
 277.952461590613 571.258316243147 -61.77207516520473 82.06928339644844 -870.3415451538051
 277.9376870719785 571.2393076976056 -61.74880124401911 82.06411140571447 -870.3136012096568
 277.9513198267085 571.257842361475 -61.77200317596726 82.07068052081125 -870.3423237289528
 277.9513198267085 571.257842361475 -61.77200317596726 82.07068052081125 -870.3423237289528
 277.952947721637 571.2577956246201 -61.77280553240974 82.07312380924867 -870.3432424663434
 277.9454793984905 571.2664502986557 -61.74939219782326 82.08259722808667 -870.3314972004326
 277.9609075826216 571.2515470541399 -61.77680204170026 82.07268177994857 -870.3335907168408
 277.9513198267085 571.257842361475 -61.77200317596726 82.07068052081125 -870.3423237289528
 277.9513198267085 571.257842361475 -61.77200317596726 82.07068052081125 -870.3423237289528
 277.9513198267085 571.257842361475 -61.77200317596726 82.07068052081125 -870.3423237289528
 277.9513198267085 571.257842361475 -61.77200317596726 82.07068052081125 -870.3423237289528
 277.9369017565724 571.2623205155651 -61.75155534164189 82.09084066359131 -870.3303882093073
 277.93647109087 571.2827310580667 -61.7614550238606 82.08371734278353 -870.3540907302861
 277.9513198267085 571.257842361475 -61.77200317596726 82.07068052081125 -870.3423237289528
 277.9454793984905 571.2664502986557 -61.74939219782326 82.08259722808667 -870.3314972004326
 272.6676189277657 557.9337606198454 -43.13633557854077 96.73949272820376 -884.8980829012178
 277.9513198267085 571.257842361475 -61.77200317596726 82.07068052081125 -870.3423237289528
 277.9454793984905 571.2664502986557 -61.74939219782326 82.08259722808667 -870.3314972004326
 277.9440518100218 571.2645739731065 -61.74923315825927 82.08160678286093 -870.3298220557322
 277.9513198267085 571.257842361475 -61.77200317596726 82.07068052081125 -870.3423237289528
 277.9458770486032 571.2671570891205 -61.75070217132104 82.0827411989747 -870.3326109416647
 277.9513198267085 571.257842361475 -61.77200317596726 82.07068052081125 -870.3423237289528
 277.9513198267085 571.257842361475 -61.77200317596726 82.07068052081125 -870.3423237289528
 277.9513198267085 571.257842361475 -61.77200317596726 82.07068052081125 -870.3423237289528
 277.9513198267085 571.257842361475 -61.77200317596726 82.07068052081125 -870.3423237289528
 277.9454793984905 571.2664502986557 -61.74939219782326 82.08259722808667 -870.3314972004326
 277.9364038640761 571.2828728416374 -61.75648426315782 82.09152056341192 -870.3499087591637
 272.6676189277657 557.9337606198454 -43.13633557854077 96.73949272820376 -884.8980829012178
 272.6676189277657 557.9337606198454 -43.13633557854077 96.73949272820376 -884.8980829012178
 277.9376870719785 571.2393076976056 -61.74880124401911 82.06411140571447 -870.3136012096568
 277.9454793984905 571.2664502986557 -61.74939219782326 82.08259722808667 -870.3314972004326
 277.9513198267085 571.257842361475 -61.77200317596726 82.07068052081125 -870.3423237289528
 277.9467618684712 571.2658144717848 -61.75300830955174 82.08351026233706 -870.3376369763205
 277.9513326907775 571.2581059321633 -61.77242115822836 82.07043636304768 -870.3425132569712
 277.9515040935532 571.2579800998257 -61.77239502871166 82.07148940148485 -870.342383959621
 275.1029300841525 559.2893800993106 -30.36227206381965 91.87958506245381 -895.9537526478797
 277.951382297301 571.257818003519 -61.77176904158303 82.07033097959963 -870.3425403653814
