# Created by Octave 4.2.1, Mon Oct 09 17:18:35 2017 BRT <root@mosqueiro>
# name: pop
# type: matrix
# rows: 100
# columns: 5
 275.1034941306718 559.2894061263092 -30.36252981372302 91.87918033238763 -895.9536919560534
 276.8211865280622 572.3842208314223 -61.13508009285604 82.04332516806828 -870.1536153956773
 273.5045075545917 560.2427805232717 -39.04132550034848 101.2960541822916 -884.6726048185697
 273.5834623549927 557.8691306680512 -41.37860459162653 97.93759642750979 -884.9501209890717
 324.6191901762388 594.9683553083273 -22.12282220044412 -21.83049658942199 -1030.049672204111
 275.3397802196097 557.4608295022515 -30.1492095648673 93.10257385717863 -894.1760889819694
 280.101598405016 572.9941889109049 -56.98697254616247 84.78759326350983 -877.4576764457016
 275.3397802196097 557.4608295022515 -30.1492095648673 93.10257385717863 -894.1760889819694
 275.3397802196097 557.4608295022515 -30.1492095648673 93.10257385717863 -894.1760889819694
 265.3437939143503 555.040758886705 -41.54723888508235 97.60864040814933 -874.8518239691591
 275.3397802196097 557.4608295022515 -30.1492095648673 93.10257385717863 -894.1760889819694
 266.6612065558729 548.4095157327417 -27.18918201257523 92.93919393337403 -878.3384041109254
 273.5834623549927 557.8691306680512 -41.37860459162653 97.93759642750979 -884.9501209890717
 275.1034941306718 559.2894061263092 -30.36252981372302 91.87918033238763 -895.9536919560534
 273.5834623549927 557.8691306680512 -41.37860459162653 97.93759642750979 -884.9501209890717
 273.5834623549927 557.8691306680512 -41.37860459162653 97.93759642750979 -884.9501209890717
 274.7079417620361 555.4672960597385 -42.72110648495179 97.63732737236199 -884.2158901770457
 273.5834623549927 557.8691306680512 -41.37860459162653 97.93759642750979 -884.9501209890717
 274.7079417620361 555.4672960597385 -42.72110648495179 97.63732737236199 -884.2158901770457
 273.5834623549927 557.8691306680512 -41.37860459162653 97.93759642750979 -884.9501209890717
 275.3397802196097 557.4608295022515 -30.1492095648673 93.10257385717863 -894.1760889819694
 275.3397802196097 557.4608295022515 -30.1492095648673 93.10257385717863 -894.1760889819694
 273.5834623549927 557.8691306680512 -41.37860459162653 97.93759642750979 -884.9501209890717
 273.5834623549927 557.8691306680512 -41.37860459162653 97.93759642750979 -884.9501209890717
 273.5834623549927 557.8691306680512 -41.37860459162653 97.93759642750979 -884.9501209890717
 273.1420117050137 557.4669514760868 -40.14440744306368 93.01881449431188 -887.2524074606599
 275.3397802196097 557.4608295022515 -30.1492095648673 93.10257385717863 -894.1760889819694
 274.1962447451081 552.8333807857524 -43.35829126084601 97.64466896828546 -879.1677071739382
 277.9566146582823 573.0806739420725 -62.52687710202338 85.68049210175778 -872.5851603591931
 273.5834623549927 557.8691306680512 -41.37860459162653 97.93759642750979 -884.9501209890717
 273.0878221004413 558.358553661437 -42.84837411536785 97.06651984423304 -885.3120098954449
 274.1962447451081 552.8333807857524 -43.35829126084601 97.64466896828546 -879.1677071739382
 273.5834623549927 557.8691306680512 -41.37860459162653 97.93759642750979 -884.9501209890717
 273.5834623549927 557.8691306680512 -41.37860459162653 97.93759642750979 -884.9501209890717
 274.7079417620361 555.4672960597385 -42.72110648495179 97.63732737236199 -884.2158901770457
 273.5834623549927 557.8691306680512 -41.37860459162653 97.93759642750979 -884.9501209890717
 273.5438463573337 556.0353142640954 -35.52268189572423 92.42196911711824 -887.9173216139408
 275.9973305850321 560.2081429508303 -29.82264088316466 92.30140604047328 -893.152337259302
 275.3397802196097 557.4608295022515 -30.1492095648673 93.10257385717863 -894.1760889819694
 275.3397802196097 557.4608295022515 -30.1492095648673 93.10257385717863 -894.1760889819694
 277.9566146582823 573.0806739420725 -62.52687710202338 85.68049210175778 -872.5851603591931
 275.3397802196097 557.4608295022515 -30.1492095648673 93.10257385717863 -894.1760889819694
 277.9566146582823 573.0806739420725 -62.52687710202338 85.68049210175778 -872.5851603591931
 274.7079417620361 555.4672960597385 -42.72110648495179 97.63732737236199 -884.2158901770457
 272.3194562941552 558.0785801785806 -39.57310780051684 95.32688019093257 -884.7447308875802
 275.3397802196097 557.4608295022515 -30.1492095648673 93.10257385717863 -894.1760889819694
 265.3437939143503 555.040758886705 -41.54723888508235 97.60864040814933 -874.8518239691591
 274.7079417620361 555.4672960597385 -42.72110648495179 97.63732737236199 -884.2158901770457
 274.7079417620361 555.4672960597385 -42.72110648495179 97.63732737236199 -884.2158901770457
 274.7079417620361 555.4672960597385 -42.72110648495179 97.63732737236199 -884.2158901770457
 275.3397802196097 557.4608295022515 -30.1492095648673 93.10257385717863 -894.1760889819694
 265.3437939143503 555.040758886705 -41.54723888508235 97.60864040814933 -874.8518239691591
 275.3397802196097 557.4608295022515 -30.1492095648673 93.10257385717863 -894.1760889819694
 276.8211865280622 572.3842208314223 -61.13508009285604 82.04332516806828 -870.1536153956773
 274.1962447451081 552.8333807857524 -43.35829126084601 97.64466896828546 -879.1677071739382
 265.3437939143503 555.040758886705 -41.54723888508235 97.60864040814933 -874.8518239691591
 265.3437939143503 555.040758886705 -41.54723888508235 97.60864040814933 -874.8518239691591
 276.8211865280622 572.3842208314223 -61.13508009285604 82.04332516806828 -870.1536153956773
 274.6432724505069 557.111088829119 -30.24470224621357 94.46307691806105 -893.0967538525116
 277.9566146582823 573.0806739420725 -62.52687710202338 85.68049210175778 -872.5851603591931
 273.5834623549927 557.8691306680512 -41.37860459162653 97.93759642750979 -884.9501209890717
 275.3397802196097 557.4608295022515 -30.1492095648673 93.10257385717863 -894.1760889819694
 274.1962447451081 552.8333807857524 -43.35829126084601 97.64466896828546 -879.1677071739382
 273.0878221004413 558.358553661437 -42.84837411536785 97.06651984423304 -885.3120098954449
 273.5045075545917 560.2427805232717 -39.04132550034848 101.2960541822916 -884.6726048185697
 272.2866985224204 558.9049871204323 -42.057446260349 99.329789605537 -883.4603743397978
 274.7079417620361 555.4672960597385 -42.72110648495179 97.63732737236199 -884.2158901770457
 280.2200879017922 559.1343449251175 -44.36570488055575 98.71113289474532 -877.199300565201
 274.7079417620361 555.4672960597385 -42.72110648495179 97.63732737236199 -884.2158901770457
 274.6432724505069 557.111088829119 -30.24470224621357 94.46307691806105 -893.0967538525116
 275.3397802196097 557.4608295022515 -30.1492095648673 93.10257385717863 -894.1760889819694
 273.5834623549927 557.8691306680512 -41.37860459162653 97.93759642750979 -884.9501209890717
 280.2200879017922 559.1343449251175 -44.36570488055575 98.71113289474532 -877.199300565201
 275.1034941306718 559.2894061263092 -30.36252981372302 91.87918033238763 -895.9536919560534
 275.3397802196097 557.4608295022515 -30.1492095648673 93.10257385717863 -894.1760889819694
 275.1034941306718 559.2894061263092 -30.36252981372302 91.87918033238763 -895.9536919560534
 273.5834623549927 557.8691306680512 -41.37860459162653 97.93759642750979 -884.9501209890717
 273.5834623549927 557.8691306680512 -41.37860459162653 97.93759642750979 -884.9501209890717
 273.5834623549927 557.8691306680512 -41.37860459162653 97.93759642750979 -884.9501209890717
 273.5834623549927 557.8691306680512 -41.37860459162653 97.93759642750979 -884.9501209890717
 277.9386271891328 571.4123859549967 -61.70860077720152 82.11380992095302 -870.4140096146496
 273.3725107972687 557.9099767298437 -41.97427225666356 96.70116465331125 -885.2195523198251
 274.9235906722872 557.2694725823949 -42.42337217253232 96.96962247714914 -884.6050196487524
 275.7800209473695 556.6772171860529 -29.29677795844134 94.82760119912383 -894.1331877827879
 279.3284496571129 572.7083900728877 -56.58902063627995 85.21866974205663 -877.2523176193297
