# Created by Octave 4.2.1, Mon Oct 09 17:19:34 2017 BRT <root@mosqueiro>
# name: pop
# type: matrix
# rows: 100
# columns: 5
 522.8402280689218 -159.9091140118342 -156.7935654322187 -1185.742091374637 981.282411788386
 519.4728756767718 -155.2592947316223 -148.0349984023058 -1177.251877574481 962.9284581758027
 899.6797383652953 -245.3106333184793 -342.3262645057919 -989.7956740137337 750.8439022945259
 700.202071926257 -241.675683134943 -211.3281813172684 -1082.325141918107 855.1075212584375
 929.070059430936 -264.0647628214249 -325.7345703693901 -1012.098287316931 722.3807410150745
 519.4728756767718 -155.2592947316223 -148.0349984023058 -1177.251877574481 962.9284581758027
 877.6039253531766 -258.560675330673 -324.7163834211408 -974.0227908856159 728.953299198936
 522.8402280689218 -159.9091140118342 -156.7935654322187 -1185.742091374637 981.282411788386
 879.8174128213321 -248.0585968158037 -355.6423847990339 -1004.372144768413 736.0847960871461
 534.7887778243722 -166.3355389338724 -163.3212959729144 -1186.414705678924 967.4187516290798
 519.4728756767718 -155.2592947316223 -148.0349984023058 -1177.251877574481 962.9284581758027
 519.4728756767718 -155.2592947316223 -148.0349984023058 -1177.251877574481 962.9284581758027
 899.6797383652953 -245.3106333184793 -342.3262645057919 -989.7956740137337 750.8439022945259
 -41.07621434153113 -938.1066956135751 1205.398960089297 -893.4966054619124 1018.508993003772
 519.4728756767718 -155.2592947316223 -148.0349984023058 -1177.251877574481 962.9284581758027
 532.0658995043609 -155.9229206885628 -126.9727451440341 -1189.127882701986 954.9630674747019
 519.4728756767718 -155.2592947316223 -148.0349984023058 -1177.251877574481 962.9284581758027
 519.4728756767718 -155.2592947316223 -148.0349984023058 -1177.251877574481 962.9284581758027
 519.4728756767718 -155.2592947316223 -148.0349984023058 -1177.251877574481 962.9284581758027
 519.4728756767718 -155.2592947316223 -148.0349984023058 -1177.251877574481 962.9284581758027
 519.4728756767718 -155.2592947316223 -148.0349984023058 -1177.251877574481 962.9284581758027
 700.202071926257 -241.675683134943 -211.3281813172684 -1082.325141918107 855.1075212584375
 698.923044910593 -213.3732930848742 -241.0206151106232 -1098.082785364384 702.9537668130316
 519.4728756767718 -155.2592947316223 -148.0349984023058 -1177.251877574481 962.9284581758027
 519.4728756767718 -155.2592947316223 -148.0349984023058 -1177.251877574481 962.9284581758027
 519.4728756767718 -155.2592947316223 -148.0349984023058 -1177.251877574481 962.9284581758027
 879.8174128213321 -248.0585968158037 -355.6423847990339 -1004.372144768413 736.0847960871461
 519.4728756767718 -155.2592947316223 -148.0349984023058 -1177.251877574481 962.9284581758027
 519.4728756767718 -155.2592947316223 -148.0349984023058 -1177.251877574481 962.9284581758027
 522.8402280689218 -159.9091140118342 -156.7935654322187 -1185.742091374637 981.282411788386
 479.2498603277285 -188.9639193144793 -145.9578506447861 -1125.20799420443 927.5212867882182
 519.4728756767718 -155.2592947316223 -148.0349984023058 -1177.251877574481 962.9284581758027
 -235.5005714393208 -921.2541475222483 913.4689538388329 -596.9912945706869 739.7269128683798
 -239.0684684345042 -982.9922886181145 1055.85463503117 -622.3698754536705 828.0368284312992
 879.8174128213321 -248.0585968158037 -355.6423847990339 -1004.372144768413 736.0847960871461
 519.4728756767718 -155.2592947316223 -148.0349984023058 -1177.251877574481 962.9284581758027
 650.9237525687615 -226.3018208535013 -210.9603703396244 -1142.089182866043 894.8306573409219
 519.4728756767718 -155.2592947316223 -148.0349984023058 -1177.251877574481 962.9284581758027
 519.4728756767718 -155.2592947316223 -148.0349984023058 -1177.251877574481 962.9284581758027
 645.1744049517449 -220.5853030185229 -227.4383107711936 -1144.36331466605 893.6610401311261
 882.1700944684276 -245.6681996693851 -351.5335115227311 -998.8354361418828 753.0403364875431
 879.8174128213321 -248.0585968158037 -355.6423847990339 -1004.372144768413 736.0847960871461
 879.8174128213321 -248.0585968158037 -355.6423847990339 -1004.372144768413 736.0847960871461
 519.4728756767718 -155.2592947316223 -148.0349984023058 -1177.251877574481 962.9284581758027
 519.4728756767718 -155.2592947316223 -148.0349984023058 -1177.251877574481 962.9284581758027
 -41.07621434153113 -938.1066956135751 1205.398960089297 -893.4966054619124 1018.508993003772
 519.5968412397438 -140.2315179921466 -149.7106848696386 -1210.090238574314 955.9759406235834
 519.4728756767718 -155.2592947316223 -148.0349984023058 -1177.251877574481 962.9284581758027
 519.4728756767718 -155.2592947316223 -148.0349984023058 -1177.251877574481 962.9284581758027
 519.4728756767718 -155.2592947316223 -148.0349984023058 -1177.251877574481 962.9284581758027
 879.8174128213321 -248.0585968158037 -355.6423847990339 -1004.372144768413 736.0847960871461
 877.6039253531766 -258.560675330673 -324.7163834211408 -974.0227908856159 728.953299198936
 560.5727101610443 -100.9160936106173 -111.7051327695741 -1166.965888083492 925.3382592191563
 519.5968412397438 -140.2315179921466 -149.7106848696386 -1210.090238574314 955.9759406235834
 700.202071926257 -241.675683134943 -211.3281813172684 -1082.325141918107 855.1075212584375
 879.8174128213321 -248.0585968158037 -355.6423847990339 -1004.372144768413 736.0847960871461
 519.4728756767718 -155.2592947316223 -148.0349984023058 -1177.251877574481 962.9284581758027
 519.4728756767718 -155.2592947316223 -148.0349984023058 -1177.251877574481 962.9284581758027
 879.8174128213321 -248.0585968158037 -355.6423847990339 -1004.372144768413 736.0847960871461
 519.4728756767718 -155.2592947316223 -148.0349984023058 -1177.251877574481 962.9284581758027
 520.9386762186086 -179.2557725172964 -131.9948473636872 -1144.827403009232 955.2670582875066
 519.4728756767718 -155.2592947316223 -148.0349984023058 -1177.251877574481 962.9284581758027
 519.4728756767718 -155.2592947316223 -148.0349984023058 -1177.251877574481 962.9284581758027
 539.2348739715479 -145.5071947617976 -183.4506517713925 -1171.433608609347 972.1382411580346
 698.923044910593 -213.3732930848742 -241.0206151106232 -1098.082785364384 702.9537668130316
 929.070059430936 -264.0647628214249 -325.7345703693901 -1012.098287316931 722.3807410150745
 426.0767100036241 -97.70016055535682 -223.7120977304863 -1212.97924004888 992.113471570298
 519.4728756767718 -155.2592947316223 -148.0349984023058 -1177.251877574481 962.9284581758027
 553.4260831596392 -173.8641503161294 -126.5270614846575 -1152.475258856264 927.1938230353991
 520.9386762186086 -179.2557725172964 -131.9948473636872 -1144.827403009232 955.2670582875066
 632.2401940978066 -256.8809808632147 -361.3435962965208 -1002.833874721978 831.6208892465634
 519.4728756767718 -155.2592947316223 -148.0349984023058 -1177.251877574481 962.9284581758027
 519.4728756767718 -155.2592947316223 -148.0349984023058 -1177.251877574481 962.9284581758027
 519.4728756767718 -155.2592947316223 -148.0349984023058 -1177.251877574481 962.9284581758027
 553.4260831596392 -173.8641503161294 -126.5270614846575 -1152.475258856264 927.1938230353991
 698.923044910593 -213.3732930848742 -241.0206151106232 -1098.082785364384 702.9537668130316
 -1070.609273573485 -1355.396538912942 2998.346205298913 594.1983305294773 -8.106089673758916
 519.4728756767718 -155.2592947316223 -148.0349984023058 -1177.251877574481 962.9284581758027
 879.8174128213321 -248.0585968158037 -355.6423847990339 -1004.372144768413 736.0847960871461
 519.4728756767718 -155.2592947316223 -148.0349984023058 -1177.251877574481 962.9284581758027
 711.9775728127776 -237.5629026621996 -198.8432262570774 -1095.410558180387 841.2810850241035
 847.8414118306168 -264.167929016221 -368.9017109451571 -998.4422831689302 743.8062714287984
 510.1174193369883 -164.9578700919883 -161.0335002882924 -1185.258216401171 978.1994287196547
 523.4730157577585 -144.6653262445329 -157.1493538748005 -1170.503858734202 954.9843258573669
