# Created by Octave 4.2.1, Mon Oct 09 17:20:08 2017 BRT <root@mosqueiro>
# name: pop
# type: matrix
# rows: 100
# columns: 5
 -251.1758780791153 -627.9095800589204 29.51574017814841 106.4075520781869 742.1523372951682
 -251.1758780791153 -627.9095800589204 29.51574017814841 106.4075520781869 742.1523372951682
 -250.4069558843882 -631.4636996052108 28.79077840672258 107.481666446107 741.3299788571251
 -251.1758780791153 -627.9095800589204 29.51574017814841 106.4075520781869 742.1523372951682
 -253.3026850776633 -628.0141000303988 29.65446425991212 108.6684605796697 742.128118729007
 -253.935663394946 -627.0440646270383 26.57882194482798 112.3541240991824 741.8557978485687
 -248.2380940291791 -620.4860487493273 21.15809082411252 112.6391710194648 734.2778528914539
 -256.163281636593 -631.1632845653445 28.24422074307174 110.8898033273441 747.5348446283131
 -251.1758780791153 -627.9095800589204 29.51574017814841 106.4075520781869 742.1523372951682
 -251.1758780791153 -627.9095800589204 29.51574017814841 106.4075520781869 742.1523372951682
 -251.1758780791153 -627.9095800589204 29.51574017814841 106.4075520781869 742.1523372951682
 -253.935663394946 -627.0440646270383 26.57882194482798 112.3541240991824 741.8557978485687
 -251.1758780791153 -627.9095800589204 29.51574017814841 106.4075520781869 742.1523372951682
 -251.1203294401522 -628.1173019630379 29.49996841002788 106.4060066522487 742.0626347794052
 -268.2710593403876 -624.2832745183401 29.17369204427168 123.5402000485121 740.6221362877092
 -251.0906894185196 -627.9880927419963 29.7391908167275 106.4097584254934 742.2169279432194
 -251.1758780791153 -627.9095800589204 29.51574017814841 106.4075520781869 742.1523372951682
 -251.1758780791153 -627.9095800589204 29.51574017814841 106.4075520781869 742.1523372951682
 -250.4399259227029 -631.4539160428934 28.941180462969 106.861094273338 741.65512219809
 -251.1758780791153 -627.9095800589204 29.51574017814841 106.4075520781869 742.1523372951682
 -251.1758780791153 -627.9095800589204 29.51574017814841 106.4075520781869 742.1523372951682
 -251.1203294401522 -628.1173019630379 29.49996841002788 106.4060066522487 742.0626347794052
 -251.1758780791153 -627.9095800589204 29.51574017814841 106.4075520781869 742.1523372951682
 -253.3429534791895 -628.0244369629889 29.69777295331378 109.0960652254849 742.1554546450452
 -251.1758780791153 -627.9095800589204 29.51574017814841 106.4075520781869 742.1523372951682
 -255.7944345441278 -631.4491021620674 28.38702229708852 110.7400424037054 747.494602282809
 -251.1758780791153 -627.9095800589204 29.51574017814841 106.4075520781869 742.1523372951682
 -251.1758780791153 -627.9095800589204 29.51574017814841 106.4075520781869 742.1523372951682
 -251.1758780791153 -627.9095800589204 29.51574017814841 106.4075520781869 742.1523372951682
 -251.1758780791153 -627.9095800589204 29.51574017814841 106.4075520781869 742.1523372951682
 -255.9617401459099 -631.3066678888308 28.24086324922116 110.8653821003273 747.3709054605207
 -251.1758780791153 -627.9095800589204 29.51574017814841 106.4075520781869 742.1523372951682
 -251.1758780791153 -627.9095800589204 29.51574017814841 106.4075520781869 742.1523372951682
 -251.5746001025333 -626.2281191794779 23.83974933033156 112.8024034920131 743.6686379878731
 -255.9617401459099 -631.3066678888308 28.24086324922116 110.8653821003273 747.3709054605207
 -251.1758780791153 -627.9095800589204 29.51574017814841 106.4075520781869 742.1523372951682
 -251.1758780791153 -627.9095800589204 29.51574017814841 106.4075520781869 742.1523372951682
 -255.9535114349655 -631.0834130347032 28.27588952814098 110.7586390776435 747.4015672049397
 -251.1758780791153 -627.9095800589204 29.51574017814841 106.4075520781869 742.1523372951682
 -251.1758780791153 -627.9095800589204 29.51574017814841 106.4075520781869 742.1523372951682
 -251.1758780791153 -627.9095800589204 29.51574017814841 106.4075520781869 742.1523372951682
 -251.1758780791153 -627.9095800589204 29.51574017814841 106.4075520781869 742.1523372951682
 -251.1758780791153 -627.9095800589204 29.51574017814841 106.4075520781869 742.1523372951682
 -253.935663394946 -627.0440646270383 26.57882194482798 112.3541240991824 741.8557978485687
 -254.4334132012057 -625.7199359105064 26.79024307193519 112.2341225187403 741.968844594273
 -250.4069558843882 -631.4636996052108 28.79077840672258 107.481666446107 741.3299788571251
 -254.5381296945555 -627.5728740242029 25.32734401194901 112.9956148625701 744.7013403999948
 -255.9617401459099 -631.3066678888308 28.24086324922116 110.8653821003273 747.3709054605207
 -248.2380940291791 -620.4860487493273 21.15809082411252 112.6391710194648 734.2778528914539
 -251.1758780791153 -627.9095800589204 29.51574017814841 106.4075520781869 742.1523372951682
 -251.1758780791153 -627.9095800589204 29.51574017814841 106.4075520781869 742.1523372951682
 -253.3429534791895 -628.0244369629889 29.69777295331378 109.0960652254849 742.1554546450452
 -251.1758780791153 -627.9095800589204 29.51574017814841 106.4075520781869 742.1523372951682
 -253.3959838875359 -627.8833449716572 29.52793579576324 109.0770127409566 742.0903823667642
 -251.1758780791153 -627.9095800589204 29.51574017814841 106.4075520781869 742.1523372951682
 -253.3959838875359 -627.8833449716572 29.52793579576324 109.0770127409566 742.0903823667642
 -251.1203294401522 -628.1173019630379 29.49996841002788 106.4060066522487 742.0626347794052
 -251.1758780791153 -627.9095800589204 29.51574017814841 106.4075520781869 742.1523372951682
 -251.1758780791153 -627.9095800589204 29.51574017814841 106.4075520781869 742.1523372951682
 -251.0906894185196 -627.9880927419963 29.7391908167275 106.4097584254934 742.2169279432194
 -253.3429534791895 -628.0244369629889 29.69777295331378 109.0960652254849 742.1554546450452
 -253.3192369336503 -628.0670499402809 29.61585830104746 108.6762769691532 742.3290479840566
 -253.3429534791895 -628.0244369629889 29.69777295331378 109.0960652254849 742.1554546450452
 -251.1758780791153 -627.9095800589204 29.51574017814841 106.4075520781869 742.1523372951682
 -251.1758780791153 -627.9095800589204 29.51574017814841 106.4075520781869 742.1523372951682
 -251.1758780791153 -627.9095800589204 29.51574017814841 106.4075520781869 742.1523372951682
 -251.1758780791153 -627.9095800589204 29.51574017814841 106.4075520781869 742.1523372951682
 -251.1758780791153 -627.9095800589204 29.51574017814841 106.4075520781869 742.1523372951682
 -253.3192369336503 -628.0670499402809 29.61585830104746 108.6762769691532 742.3290479840566
 -251.1758780791153 -627.9095800589204 29.51574017814841 106.4075520781869 742.1523372951682
 -248.3055124711096 -650.0198865965007 -10.96660220976974 142.2844015557947 718.5622121551552
 -251.5746001025333 -626.2281191794779 23.83974933033156 112.8024034920131 743.6686379878731
 -253.3959838875359 -627.8833449716572 29.52793579576324 109.0770127409566 742.0903823667642
 -251.4063073643351 -628.2333251865489 29.33074411397613 106.3576907285209 742.0277095969539
 -251.1758780791153 -627.9095800589204 29.51574017814841 106.4075520781869 742.1523372951682
 -253.3429534791895 -628.0244369629889 29.69777295331378 109.0960652254849 742.1554546450452
 -251.1758780791153 -627.9095800589204 29.51574017814841 106.4075520781869 742.1523372951682
 -251.1758780791153 -627.9095800589204 29.51574017814841 106.4075520781869 742.1523372951682
 -254.1522662060925 -626.9099721617225 26.20988678058871 112.3044842381467 742.1566730118068
 -251.1758780791153 -627.9095800589204 29.51574017814841 106.4075520781869 742.1523372951682
 -251.1815785934178 -627.8862296276889 29.50762909170383 106.3487496577365 742.1561648385733
 -251.2034566194091 -627.8888102391427 29.50145731107947 106.415805801029 742.1095324628842
 -251.460166485749 -628.2301938853668 29.38225026805917 106.3261195116666 742.0625163774679
 -254.5551498666815 -627.6658161470358 25.37239131080509 112.9430708110037 744.7740048083059
