# Created by Octave 4.2.1, Mon Oct 09 17:19:33 2017 BRT <root@mosqueiro>
# name: pop
# type: matrix
# rows: 100
# columns: 5
 519.4728756767718 -155.2592947316223 -148.0349984023058 -1177.251877574481 962.9284581758027
 519.4728756767718 -155.2592947316223 -148.0349984023058 -1177.251877574481 962.9284581758027
 519.4728756767718 -155.2592947316223 -148.0349984023058 -1177.251877574481 962.9284581758027
 -936.0042654662924 -1369.730325840454 3064.94701272283 706.51840159278 116.1264020186529
 632.2401940978066 -256.8809808632147 -361.3435962965208 -1002.833874721978 831.6208892465634
 519.4728756767718 -155.2592947316223 -148.0349984023058 -1177.251877574481 962.9284581758027
 879.8174128213321 -248.0585968158037 -355.6423847990339 -1004.372144768413 736.0847960871461
 879.8174128213321 -248.0585968158037 -355.6423847990339 -1004.372144768413 736.0847960871461
 519.4728756767718 -155.2592947316223 -148.0349984023058 -1177.251877574481 962.9284581758027
 879.8174128213321 -248.0585968158037 -355.6423847990339 -1004.372144768413 736.0847960871461
 -41.07621434153113 -938.1066956135751 1205.398960089297 -893.4966054619124 1018.508993003772
 698.923044910593 -213.3732930848742 -241.0206151106232 -1098.082785364384 702.9537668130316
 -235.5005714393208 -921.2541475222483 913.4689538388329 -596.9912945706869 739.7269128683798
 519.4728756767718 -155.2592947316223 -148.0349984023058 -1177.251877574481 962.9284581758027
 519.4728756767718 -155.2592947316223 -148.0349984023058 -1177.251877574481 962.9284581758027
 519.4728756767718 -155.2592947316223 -148.0349984023058 -1177.251877574481 962.9284581758027
 519.4728756767718 -155.2592947316223 -148.0349984023058 -1177.251877574481 962.9284581758027
 879.8174128213321 -248.0585968158037 -355.6423847990339 -1004.372144768413 736.0847960871461
 519.4728756767718 -155.2592947316223 -148.0349984023058 -1177.251877574481 962.9284581758027
 -239.0684684345042 -982.9922886181145 1055.85463503117 -622.3698754536705 828.0368284312992
 519.4728756767718 -155.2592947316223 -148.0349984023058 -1177.251877574481 962.9284581758027
 519.4728756767718 -155.2592947316223 -148.0349984023058 -1177.251877574481 962.9284581758027
 519.4728756767718 -155.2592947316223 -148.0349984023058 -1177.251877574481 962.9284581758027
 519.4728756767718 -155.2592947316223 -148.0349984023058 -1177.251877574481 962.9284581758027
 519.4728756767718 -155.2592947316223 -148.0349984023058 -1177.251877574481 962.9284581758027
 700.202071926257 -241.675683134943 -211.3281813172684 -1082.325141918107 855.1075212584375
 698.923044910593 -213.3732930848742 -241.0206151106232 -1098.082785364384 702.9537668130316
 553.4260831596392 -173.8641503161294 -126.5270614846575 -1152.475258856264 927.1938230353991
 426.0767100036241 -97.70016055535682 -223.7120977304863 -1212.97924004888 992.113471570298
 879.8174128213321 -248.0585968158037 -355.6423847990339 -1004.372144768413 736.0847960871461
 519.4728756767718 -155.2592947316223 -148.0349984023058 -1177.251877574481 962.9284581758027
 700.202071926257 -241.675683134943 -211.3281813172684 -1082.325141918107 855.1075212584375
 519.4728756767718 -155.2592947316223 -148.0349984023058 -1177.251877574481 962.9284581758027
 700.202071926257 -241.675683134943 -211.3281813172684 -1082.325141918107 855.1075212584375
 -1070.609273573485 -1355.396538912942 2998.346205298913 594.1983305294773 -8.106089673758916
 519.4728756767718 -155.2592947316223 -148.0349984023058 -1177.251877574481 962.9284581758027
 879.8174128213321 -248.0585968158037 -355.6423847990339 -1004.372144768413 736.0847960871461
 -235.5005714393208 -921.2541475222483 913.4689538388329 -596.9912945706869 739.7269128683798
 519.4728756767718 -155.2592947316223 -148.0349984023058 -1177.251877574481 962.9284581758027
 519.4728756767718 -155.2592947316223 -148.0349984023058 -1177.251877574481 962.9284581758027
 519.4728756767718 -155.2592947316223 -148.0349984023058 -1177.251877574481 962.9284581758027
 519.4728756767718 -155.2592947316223 -148.0349984023058 -1177.251877574481 962.9284581758027
 519.4728756767718 -155.2592947316223 -148.0349984023058 -1177.251877574481 962.9284581758027
 519.4728756767718 -155.2592947316223 -148.0349984023058 -1177.251877574481 962.9284581758027
 650.9237525687615 -226.3018208535013 -210.9603703396244 -1142.089182866043 894.8306573409219
 -235.5005714393208 -921.2541475222483 913.4689538388329 -596.9912945706869 739.7269128683798
 519.4728756767718 -155.2592947316223 -148.0349984023058 -1177.251877574481 962.9284581758027
 519.4728756767718 -155.2592947316223 -148.0349984023058 -1177.251877574481 962.9284581758027
 929.070059430936 -264.0647628214249 -325.7345703693901 -1012.098287316931 722.3807410150745
 632.2401940978066 -256.8809808632147 -361.3435962965208 -1002.833874721978 831.6208892465634
 519.4728756767718 -155.2592947316223 -148.0349984023058 -1177.251877574481 962.9284581758027
 929.070059430936 -264.0647628214249 -325.7345703693901 -1012.098287316931 722.3807410150745
 879.8174128213321 -248.0585968158037 -355.6423847990339 -1004.372144768413 736.0847960871461
 929.070059430936 -264.0647628214249 -325.7345703693901 -1012.098287316931 722.3807410150745
 553.4260831596392 -173.8641503161294 -126.5270614846575 -1152.475258856264 927.1938230353991
 632.2401940978066 -256.8809808632147 -361.3435962965208 -1002.833874721978 831.6208892465634
 519.4728756767718 -155.2592947316223 -148.0349984023058 -1177.251877574481 962.9284581758027
 519.4728756767718 -155.2592947316223 -148.0349984023058 -1177.251877574481 962.9284581758027
 519.4728756767718 -155.2592947316223 -148.0349984023058 -1177.251877574481 962.9284581758027
 519.4728756767718 -155.2592947316223 -148.0349984023058 -1177.251877574481 962.9284581758027
 519.4728756767718 -155.2592947316223 -148.0349984023058 -1177.251877574481 962.9284581758027
 560.5727101610443 -100.9160936106173 -111.7051327695741 -1166.965888083492 925.3382592191563
 519.4728756767718 -155.2592947316223 -148.0349984023058 -1177.251877574481 962.9284581758027
 700.202071926257 -241.675683134943 -211.3281813172684 -1082.325141918107 855.1075212584375
 899.6797383652953 -245.3106333184793 -342.3262645057919 -989.7956740137337 750.8439022945259
 479.2498603277285 -188.9639193144793 -145.9578506447861 -1125.20799420443 927.5212867882182
 678.8155599355673 -270.9682281139465 -216.3674618271182 -1094.154832060393 841.0528163190808
 -41.07621434153113 -938.1066956135751 1205.398960089297 -893.4966054619124 1018.508993003772
 519.4728756767718 -155.2592947316223 -148.0349984023058 -1177.251877574481 962.9284581758027
 879.8174128213321 -248.0585968158037 -355.6423847990339 -1004.372144768413 736.0847960871461
 519.4728756767718 -155.2592947316223 -148.0349984023058 -1177.251877574481 962.9284581758027
 519.4728756767718 -155.2592947316223 -148.0349984023058 -1177.251877574481 962.9284581758027
 -41.07621434153113 -938.1066956135751 1205.398960089297 -893.4966054619124 1018.508993003772
 519.4728756767718 -155.2592947316223 -148.0349984023058 -1177.251877574481 962.9284581758027
 519.4728756767718 -155.2592947316223 -148.0349984023058 -1177.251877574481 962.9284581758027
 848.859631209372 -266.588463188133 -364.2479683938413 -985.9435667832513 752.6895722064514
 700.202071926257 -241.675683134943 -211.3281813172684 -1082.325141918107 855.1075212584375
 519.4728756767718 -155.2592947316223 -148.0349984023058 -1177.251877574481 962.9284581758027
 879.8174128213321 -248.0585968158037 -355.6423847990339 -1004.372144768413 736.0847960871461
 519.4728756767718 -155.2592947316223 -148.0349984023058 -1177.251877574481 962.9284581758027
 525.7238669973295 -165.8131913252982 -143.0457449325423 -1206.724306265635 968.7441393656781
 645.1744049517449 -220.5853030185229 -227.4383107711936 -1144.36331466605 893.6610401311261
 371.2169561488527 448.8698068535729 281.7373133971986 -1456.782184595722 -407.2791907659108
 534.7887778243722 -166.3355389338724 -163.3212959729144 -1186.414705678924 967.4187516290798
