# Created by Octave 4.2.1, Mon Oct 09 17:18:26 2017 BRT <root@mosqueiro>
# name: pop
# type: matrix
# rows: 100
# columns: 5
 273.5834623549927 557.8691306680512 -41.37860459162653 97.93759642750979 -884.9501209890717
 273.5834623549927 557.8691306680512 -41.37860459162653 97.93759642750979 -884.9501209890717
 -442.2029352581735 1192.783476023636 287.2412584292011 -51.45782515167784 -798.047393205101
 1112.605960869605 203.5999691889295 -438.9491125657547 -622.5648511138274 -282.6845340858853
 -1568.580070715519 878.7046115317276 40.12613613634861 -202.0474707758322 -431.5998126786195
 273.5834623549927 557.8691306680512 -41.37860459162653 97.93759642750979 -884.9501209890717
 273.5834623549927 557.8691306680512 -41.37860459162653 97.93759642750979 -884.9501209890717
 390.2523713076908 312.3306069990697 230.8565164925947 -196.753644405952 -715.4505745412935
 273.5834623549927 557.8691306680512 -41.37860459162653 97.93759642750979 -884.9501209890717
 -1568.580070715519 878.7046115317276 40.12613613634861 -202.0474707758322 -431.5998126786195
 273.5834623549927 557.8691306680512 -41.37860459162653 97.93759642750979 -884.9501209890717
 1463.912561990869 1358.005842294904 -444.3818016779697 -1612.340140426448 -1303.294253313441
 273.5834623549927 557.8691306680512 -41.37860459162653 97.93759642750979 -884.9501209890717
 273.5834623549927 557.8691306680512 -41.37860459162653 97.93759642750979 -884.9501209890717
 273.5834623549927 557.8691306680512 -41.37860459162653 97.93759642750979 -884.9501209890717
 273.5834623549927 557.8691306680512 -41.37860459162653 97.93759642750979 -884.9501209890717
 501.8913832342257 928.5577013704026 350.647644070248 -370.016858614233 -1546.132617598757
 740.038406587037 -2095.077767750283 -3036.146056277808 3603.402942296044 -1909.237462299712
 1112.605960869605 203.5999691889295 -438.9491125657547 -622.5648511138274 -282.6845340858853
 273.5834623549927 557.8691306680512 -41.37860459162653 97.93759642750979 -884.9501209890717
 1112.605960869605 203.5999691889295 -438.9491125657547 -622.5648511138274 -282.6845340858853
 1078.1399650727 348.9130507427748 -93.2417397151273 491.6764359344288 -568.3312884734282
 3139.898924756871 427.7090560981967 -1300.288836392841 -334.4358713972825 690.4477915889892
 273.5834623549927 557.8691306680512 -41.37860459162653 97.93759642750979 -884.9501209890717
 273.5834623549927 557.8691306680512 -41.37860459162653 97.93759642750979 -884.9501209890717
 273.5834623549927 557.8691306680512 -41.37860459162653 97.93759642750979 -884.9501209890717
 273.5834623549927 557.8691306680512 -41.37860459162653 97.93759642750979 -884.9501209890717
 273.5834623549927 557.8691306680512 -41.37860459162653 97.93759642750979 -884.9501209890717
 273.5834623549927 557.8691306680512 -41.37860459162653 97.93759642750979 -884.9501209890717
 836.9297856474317 442.6270547343602 450.0701371715516 631.2311920800847 -1003.643972231147
 273.5834623549927 557.8691306680512 -41.37860459162653 97.93759642750979 -884.9501209890717
 273.5834623549927 557.8691306680512 -41.37860459162653 97.93759642750979 -884.9501209890717
 273.5834623549927 557.8691306680512 -41.37860459162653 97.93759642750979 -884.9501209890717
 390.2523713076908 312.3306069990697 230.8565164925947 -196.753644405952 -715.4505745412935
 273.5834623549927 557.8691306680512 -41.37860459162653 97.93759642750979 -884.9501209890717
 273.5834623549927 557.8691306680512 -41.37860459162653 97.93759642750979 -884.9501209890717
 273.5834623549927 557.8691306680512 -41.37860459162653 97.93759642750979 -884.9501209890717
 701.6549494890545 275.6686748549486 732.6463519599918 -738.7873870302533 -866.8855303946322
 253.4266852454605 26.97871885311565 579.4756382493219 857.2320308791029 -538.2803086066867
 273.5834623549927 557.8691306680512 -41.37860459162653 97.93759642750979 -884.9501209890717
 273.5834623549927 557.8691306680512 -41.37860459162653 97.93759642750979 -884.9501209890717
 273.5834623549927 557.8691306680512 -41.37860459162653 97.93759642750979 -884.9501209890717
 273.5834623549927 557.8691306680512 -41.37860459162653 97.93759642750979 -884.9501209890717
 273.5834623549927 557.8691306680512 -41.37860459162653 97.93759642750979 -884.9501209890717
 273.5834623549927 557.8691306680512 -41.37860459162653 97.93759642750979 -884.9501209890717
 -442.2029352581735 1192.783476023636 287.2412584292011 -51.45782515167784 -798.047393205101
 273.5834623549927 557.8691306680512 -41.37860459162653 97.93759642750979 -884.9501209890717
 273.5834623549927 557.8691306680512 -41.37860459162653 97.93759642750979 -884.9501209890717
 273.5834623549927 557.8691306680512 -41.37860459162653 97.93759642750979 -884.9501209890717
 273.5834623549927 557.8691306680512 -41.37860459162653 97.93759642750979 -884.9501209890717
 273.5834623549927 557.8691306680512 -41.37860459162653 97.93759642750979 -884.9501209890717
 273.5834623549927 557.8691306680512 -41.37860459162653 97.93759642750979 -884.9501209890717
 740.038406587037 -2095.077767750283 -3036.146056277808 3603.402942296044 -1909.237462299712
 701.6549494890545 275.6686748549486 732.6463519599918 -738.7873870302533 -866.8855303946322
 -442.2029352581735 1192.783476023636 287.2412584292011 -51.45782515167784 -798.047393205101
 273.5834623549927 557.8691306680512 -41.37860459162653 97.93759642750979 -884.9501209890717
 -79.8829543399072 -1082.810885051179 1225.8479191047 -1088.490723039512 775.0474602067509
 501.8913832342257 928.5577013704026 350.647644070248 -370.016858614233 -1546.132617598757
 706.5888190918946 -2727.983879716255 -315.5850793082723 3056.198581617768 -558.7925276301951
 273.5834623549927 557.8691306680512 -41.37860459162653 97.93759642750979 -884.9501209890717
 1728.012537987096 -1004.095511380687 -2591.157596916123 4374.545401047724 -1927.828724606733
 273.5834623549927 557.8691306680512 -41.37860459162653 97.93759642750979 -884.9501209890717
 273.5834623549927 557.8691306680512 -41.37860459162653 97.93759642750979 -884.9501209890717
 273.5834623549927 557.8691306680512 -41.37860459162653 97.93759642750979 -884.9501209890717
 3080.783915395915 588.4616940867488 -1066.17519610692 -329.0290900028306 930.6414219213335
 740.038406587037 -2095.077767750283 -3036.146056277808 3603.402942296044 -1909.237462299712
 273.5834623549927 557.8691306680512 -41.37860459162653 97.93759642750979 -884.9501209890717
 216.2131189827293 507.7695040720705 135.2211639547083 -331.0011742351538 -1369.337319103172
 273.5834623549927 557.8691306680512 -41.37860459162653 97.93759642750979 -884.9501209890717
 273.5834623549927 557.8691306680512 -41.37860459162653 97.93759642750979 -884.9501209890717
 312.2651988109251 1073.951150909875 -1335.7985874297 -580.3126893884659 618.6885636133534
 273.5834623549927 557.8691306680512 -41.37860459162653 97.93759642750979 -884.9501209890717
 3139.898924756871 427.7090560981967 -1300.288836392841 -334.4358713972825 690.4477915889892
 189.9203829152764 -243.9955447336863 198.3717523728913 -655.0418151326026 -1559.820166998565
 273.5834623549927 557.8691306680512 -41.37860459162653 97.93759642750979 -884.9501209890717
 273.5834623549927 557.8691306680512 -41.37860459162653 97.93759642750979 -884.9501209890717
 337.4662895357702 1328.347358928788 413.3283306343934 -1028.387320766954 -1433.32681834959
 273.5834623549927 557.8691306680512 -41.37860459162653 97.93759642750979 -884.9501209890717
 273.5834623549927 557.8691306680512 -41.37860459162653 97.93759642750979 -884.9501209890717
 273.5834623549927 557.8691306680512 -41.37860459162653 97.93759642750979 -884.9501209890717
 -341.4040265641943 -2301.671860687616 1876.597640050513 -683.738660277793 1010.556452394328
 3128.098104869479 19.25852836542344 -1459.462283034646 -1003.978583177775 612.9111910365232
 1620.275882678562 -1400.282674443216 -2458.74721114999 3740.265037448462 -2177.591116455685
 266.7252174600077 397.6158255671156 44.87885297662531 312.0473548858456 -777.0220548530014
