# Created by Octave 4.2.1, Mon Oct 09 17:18:34 2017 BRT <root@mosqueiro>
# name: pop
# type: matrix
# rows: 100
# columns: 5
 275.3397802196097 557.4608295022515 -30.1492095648673 93.10257385717863 -894.1760889819694
 275.3397802196097 557.4608295022515 -30.1492095648673 93.10257385717863 -894.1760889819694
 273.5834623549927 557.8691306680512 -41.37860459162653 97.93759642750979 -884.9501209890717
 273.5834623549927 557.8691306680512 -41.37860459162653 97.93759642750979 -884.9501209890717
 273.5834623549927 557.8691306680512 -41.37860459162653 97.93759642750979 -884.9501209890717
 265.3437939143503 555.040758886705 -41.54723888508235 97.60864040814933 -874.8518239691591
 265.3437939143503 555.040758886705 -41.54723888508235 97.60864040814933 -874.8518239691591
 273.5834623549927 557.8691306680512 -41.37860459162653 97.93759642750979 -884.9501209890717
 274.1962447451081 552.8333807857524 -43.35829126084601 97.64466896828546 -879.1677071739382
 265.3437939143503 555.040758886705 -41.54723888508235 97.60864040814933 -874.8518239691591
 275.3397802196097 557.4608295022515 -30.1492095648673 93.10257385717863 -894.1760889819694
 266.6612065558729 548.4095157327417 -27.18918201257523 92.93919393337403 -878.3384041109254
 275.3397802196097 557.4608295022515 -30.1492095648673 93.10257385717863 -894.1760889819694
 277.9566146582823 573.0806739420725 -62.52687710202338 85.68049210175778 -872.5851603591931
 275.3397802196097 557.4608295022515 -30.1492095648673 93.10257385717863 -894.1760889819694
 273.5834623549927 557.8691306680512 -41.37860459162653 97.93759642750979 -884.9501209890717
 280.101598405016 572.9941889109049 -56.98697254616247 84.78759326350983 -877.4576764457016
 275.3397802196097 557.4608295022515 -30.1492095648673 93.10257385717863 -894.1760889819694
 265.3437939143503 555.040758886705 -41.54723888508235 97.60864040814933 -874.8518239691591
 266.6612065558729 548.4095157327417 -27.18918201257523 92.93919393337403 -878.3384041109254
 274.1962447451081 552.8333807857524 -43.35829126084601 97.64466896828546 -879.1677071739382
 275.3397802196097 557.4608295022515 -30.1492095648673 93.10257385717863 -894.1760889819694
 265.3437939143503 555.040758886705 -41.54723888508235 97.60864040814933 -874.8518239691591
 275.3397802196097 557.4608295022515 -30.1492095648673 93.10257385717863 -894.1760889819694
 273.5834623549927 557.8691306680512 -41.37860459162653 97.93759642750979 -884.9501209890717
 273.5834623549927 557.8691306680512 -41.37860459162653 97.93759642750979 -884.9501209890717
 265.3437939143503 555.040758886705 -41.54723888508235 97.60864040814933 -874.8518239691591
 273.5834623549927 557.8691306680512 -41.37860459162653 97.93759642750979 -884.9501209890717
 275.3397802196097 557.4608295022515 -30.1492095648673 93.10257385717863 -894.1760889819694
 266.6612065558729 548.4095157327417 -27.18918201257523 92.93919393337403 -878.3384041109254
 273.5834623549927 557.8691306680512 -41.37860459162653 97.93759642750979 -884.9501209890717
 273.5834623549927 557.8691306680512 -41.37860459162653 97.93759642750979 -884.9501209890717
 273.6330000453787 575.4050683609275 -63.71357449440644 98.71347859415336 -857.9411299790129
 275.3397802196097 557.4608295022515 -30.1492095648673 93.10257385717863 -894.1760889819694
 273.5834623549927 557.8691306680512 -41.37860459162653 97.93759642750979 -884.9501209890717
 275.3397802196097 557.4608295022515 -30.1492095648673 93.10257385717863 -894.1760889819694
 275.3397802196097 557.4608295022515 -30.1492095648673 93.10257385717863 -894.1760889819694
 275.3397802196097 557.4608295022515 -30.1492095648673 93.10257385717863 -894.1760889819694
 280.101598405016 572.9941889109049 -56.98697254616247 84.78759326350983 -877.4576764457016
 273.5834623549927 557.8691306680512 -41.37860459162653 97.93759642750979 -884.9501209890717
 273.5834623549927 557.8691306680512 -41.37860459162653 97.93759642750979 -884.9501209890717
 280.1694512604685 568.0193435651539 -67.60638892088897 80.32583202688336 -869.3586914767567
 275.3397802196097 557.4608295022515 -30.1492095648673 93.10257385717863 -894.1760889819694
 275.3397802196097 557.4608295022515 -30.1492095648673 93.10257385717863 -894.1760889819694
 273.5834623549927 557.8691306680512 -41.37860459162653 97.93759642750979 -884.9501209890717
 273.5834623549927 557.8691306680512 -41.37860459162653 97.93759642750979 -884.9501209890717
 328.3000340736218 591.9815505379411 -23.17345175435337 -23.73973832153524 -1028.679114355915
 277.9566146582823 573.0806739420725 -62.52687710202338 85.68049210175778 -872.5851603591931
 273.5834623549927 557.8691306680512 -41.37860459162653 97.93759642750979 -884.9501209890717
 277.9566146582823 573.0806739420725 -62.52687710202338 85.68049210175778 -872.5851603591931
 273.5834623549927 557.8691306680512 -41.37860459162653 97.93759642750979 -884.9501209890717
 277.9566146582823 573.0806739420725 -62.52687710202338 85.68049210175778 -872.5851603591931
 277.9566146582823 573.0806739420725 -62.52687710202338 85.68049210175778 -872.5851603591931
 265.3437939143503 555.040758886705 -41.54723888508235 97.60864040814933 -874.8518239691591
 273.5834623549927 557.8691306680512 -41.37860459162653 97.93759642750979 -884.9501209890717
 280.1694512604685 568.0193435651539 -67.60638892088897 80.32583202688336 -869.3586914767567
 328.3000340736218 591.9815505379411 -23.17345175435337 -23.73973832153524 -1028.679114355915
 275.3397802196097 557.4608295022515 -30.1492095648673 93.10257385717863 -894.1760889819694
 273.5834623549927 557.8691306680512 -41.37860459162653 97.93759642750979 -884.9501209890717
 273.5834623549927 557.8691306680512 -41.37860459162653 97.93759642750979 -884.9501209890717
 273.5834623549927 557.8691306680512 -41.37860459162653 97.93759642750979 -884.9501209890717
 275.3397802196097 557.4608295022515 -30.1492095648673 93.10257385717863 -894.1760889819694
 273.2452699818037 558.2726995055602 -48.35963329877599 96.17053020177856 -884.4534913379134
 277.9566146582823 573.0806739420725 -62.52687710202338 85.68049210175778 -872.5851603591931
 280.1694512604685 568.0193435651539 -67.60638892088897 80.32583202688336 -869.3586914767567
 273.5834623549927 557.8691306680512 -41.37860459162653 97.93759642750979 -884.9501209890717
 220.8862111275262 416.0473376444615 50.26307359992342 18.20427883415778 -845.8811049359484
 273.5834623549927 557.8691306680512 -41.37860459162653 97.93759642750979 -884.9501209890717
 273.5834623549927 557.8691306680512 -41.37860459162653 97.93759642750979 -884.9501209890717
 274.8449786350727 557.4807327983718 -40.30176707354613 100.4572655611826 -884.0291439362741
 273.5834623549927 557.8691306680512 -41.37860459162653 97.93759642750979 -884.9501209890717
 275.3397802196097 557.4608295022515 -30.1492095648673 93.10257385717863 -894.1760889819694
 275.3397802196097 557.4608295022515 -30.1492095648673 93.10257385717863 -894.1760889819694
 273.5834623549927 557.8691306680512 -41.37860459162653 97.93759642750979 -884.9501209890717
 273.5834623549927 557.8691306680512 -41.37860459162653 97.93759642750979 -884.9501209890717
 273.5438463573337 556.0353142640954 -35.52268189572423 92.42196911711824 -887.9173216139408
 265.3437939143503 555.040758886705 -41.54723888508235 97.60864040814933 -874.8518239691591
 277.9566146582823 573.0806739420725 -62.52687710202338 85.68049210175778 -872.5851603591931
 274.1962447451081 552.8333807857524 -43.35829126084601 97.64466896828546 -879.1677071739382
 273.5834623549927 557.8691306680512 -41.37860459162653 97.93759642750979 -884.9501209890717
 272.9535475780642 521.1076034903522 -65.00933671997571 106.5467481615409 -940.7455413500677
 274.7079417620361 555.4672960597385 -42.72110648495179 97.63732737236199 -884.2158901770457
 273.5045075545917 560.2427805232717 -39.04132550034848 101.2960541822916 -884.6726048185697
 273.4342514612068 561.2340290889176 -38.88273582008354 99.06465046583335 -882.9655754098446
