# Created by Octave 4.2.1, Mon Oct 09 17:18:44 2017 BRT <root@mosqueiro>
# name: pop
# type: matrix
# rows: 100
# columns: 5
 940.5106238151043 245.097581880472 157.3458104796255 843.0306324323137 -695.4080381556407
 970.1022270867375 -447.1299381008961 333.763106975063 331.2270621223529 768.5467313373551
 991.1793616897667 -310.386806917328 650.7047555205718 -67.90819836457831 -384.827260594652
 -469.4073216470861 980.2917529105523 794.504591032508 494.7935007263843 762.3933050652556
 916.0843676832433 545.100284029676 796.2331191162793 -472.9855388843206 -796.6413473652328
 -472.5818584295187 -444.2018427163498 600.3824559515072 -771.0507445334664 744.7486036372568
 -810.1359904670093 856.2510057903521 -150.8333268834992 -292.9790656088069 865.6722422426603
 986.352379010078 224.4218844799577 443.9516163978863 -181.5183271418174 -657.0027855839007
 422.0438388571611 203.1150443097565 289.8326985237595 -894.5900683253617 665.551072828539
 453.824470460419 966.9014808381426 -292.7049658488813 58.80882641389303 565.4269334780804
 396.2937049865654 -333.1381001750094 -397.302613111454 -697.5062008006298 596.0994088196442
 -319.7088707228163 214.7766376505463 235.4109172086307 880.7556776744734 949.4750195730794
 664.7827722741702 -141.8479115283532 -189.9832771554785 -733.0762260889304 802.039059146417
 843.9194887218159 951.7547350449311 -835.1720403131203 -93.47028645487364 885.8957819704544
 178.1633620262762 -595.5494682971257 -661.612530502279 -343.6273426164302 533.8904046999944
 -101.2927008470612 -820.0361503238362 -408.3781182920288 531.9803230147224 674.0571016236124
 -143.994598048374 132.6442855323992 706.1599039191692 460.0855748154434 -252.5939815473174
 -209.9348842739645 -399.5066081126467 -583.413713240707 -943.0411688560382 153.7052559732697
 356.7031739170045 -907.012028864581 -88.04802308091564 -720.8053187948481 -737.8764532070347
 -108.5681922693681 -343.6199322950747 749.9074486100008 -237.0628454845646 122.6663811052233
 -994.6174348448394 774.3833535059371 458.3723154972197 -354.6561873129991 76.87814728930516
 726.4913540000771 309.6330043488592 -926.2216406486269 -513.3969504131635 -46.63494308148643
 -407.7057125843787 508.8372003133425 470.362460787891 -790.0079810527675 -331.9453296904869
 257.2195893580304 -847.3108351747575 -360.9235594640768 870.2953416403423 46.69956341788111
 279.4215912060706 72.02588060619973 581.2640213605528 749.157908907157 -475.3442176134911
 478.011397608353 -297.2001505719405 -39.44205488911621 94.71636731241597 563.3872737855922
 -606.2647313804342 457.4634876519597 902.3053393875907 341.0060736543858 760.5350317168798
 -832.5734178982859 -568.7873348632498 628.3858231232932 298.008081489244 -750.2814868780778
 -469.7544309196761 -583.6982479208458 145.5591338127881 405.5220061965458 -445.8868098334652
 775.2077626905468 -27.73476136553529 459.4764978575479 -121.3935326405536 644.7412857414404
 27.75022853532914 548.2138814719792 649.5175422188911 785.5513433053707 -884.5508544118927
 961.5568365784807 -452.729625531849 768.130067754807 868.5866956354589 930.0115097096391
 -651.1724769776265 -210.7808458555255 -235.3225137917282 366.4320164350383 -228.3021622743212
 -387.8415041060218 -807.6671777147625 -296.6290908179246 -388.1025996183721 -572.7495730818449
 546.4021835805461 286.4518024097097 326.4086900363 9.908410876770404 -392.3760721170652
 -814.7905103970324 709.4743938632423 -930.9706234564189 460.9776351112323 -161.9262690601188
 -752.0185514401988 957.5211453062516 -955.8676411627832 835.3578343094923 492.532487845569
 973.0246171342251 557.6577833969286 726.7108237147704 -693.91806167736 -469.7228582424905
 547.2188123774683 -590.9780249607285 -878.6566053779966 -310.4094862975094 630.7428486808963
 -709.3419959824802 258.5751048996649 -202.6985104651468 81.92102069345651 -20.67661008409709
 571.0674812685875 466.145644193974 375.5197255313508 -964.7525110608869 -137.8211920444425
 857.3646466981702 -447.0060237481105 -772.425496893307 157.6232192736502 105.9929418252113
 634.7031307389927 -899.8729961097138 408.7132917853073 -854.9103723531703 872.4738793255724
 -185.7227768910817 -659.0367183600238 842.0010494210258 311.2859563092502 -775.9724325808387
 272.2111973962644 -658.2538470794511 584.8129629689586 -930.6504594623345 498.0415196785636
 345.0488836503471 -600.4961122127625 -281.9649465097439 -245.0892033631852 862.8217735601986
 -216.2102882575165 76.2914894163755 901.0618521432566 824.8383394779098 67.67152590184355
 -153.3324372350359 -204.0529642477863 418.3065825179283 721.5327890949 922.6496395145098
 815.3789337173898 286.5157456526654 190.9274780191543 220.3462405776168 -919.8140986001169
 -869.5227935828813 -0.6408392689097582 -490.2057712431297 -254.0113881480469 -665.640405788163
 399.2057670278095 201.0500457870623 -144.4102711111731 -293.5505666676734 -326.3914278003198
 -947.9749183723579 -49.39608506857121 -298.8904530221103 -349.2131344257748 -633.6218570173285
 297.7669484876355 61.9781437662275 -56.57871464839286 -378.1822019821134 -368.1734795866621
 -99.78681060240194 -587.7241086379213 967.5806049035687 155.3043347447758 862.3322000505652
 256.3126546219219 -886.220827441336 383.2494760391758 833.7249170551404 3.42035313706026
 -241.1385770938571 -41.57141551488905 914.6633116980365 585.1212054346342 337.5105988096552
 -420.9850135895176 -945.2092141605217 809.0195560687803 395.8329733793046 973.3994112559224
 -424.1068793922557 426.0612117012315 395.4406197671553 830.6219232329599 690.5796626224383
 -198.2222078762788 -156.2475548628834 484.1704034720185 -392.5300922881264 -913.8851558602219
 764.3580585540701 101.3369390132216 -698.854350110644 398.242347752979 313.4746343074244
 328.6578763565499 -871.2498104790473 -2.947149342187913 -81.12712737862284 112.0715025349753
 405.0419746281111 -882.0603992499753 -496.315955533224 348.3953356758404 4.387157701015894
 -657.1091529836938 503.6044617816358 838.8820452206207 819.8427578349479 258.464709072849
 -956.769304231606 392.8178414916636 248.8949580439642 -856.9923943041665 609.5070590709126
 950.2773222573051 -256.5790253298522 641.8044427218999 300.6627340595412 203.3190054398983
 245.6397703309092 -87.82197051975993 -301.2847200870575 544.0690131100143 -702.5021468998762
 638.7763318351654 962.2835531169455 -468.3748090158185 186.5821300494033 428.6013937692851
 821.2775298358101 -226.3079602405321 693.6396562516147 -811.8853825962077 518.7499862258101
 383.873844874412 880.1436846469721 805.926373472357 -990.3934519506229 83.20240557090983
 939.7570231671014 627.6307208731641 -3.92406748571409 -11.06671400240555 -651.5307048622961
 -898.9400354373331 135.4644634677932 187.0022203493122 -933.24589041161 -931.8740543282228
 -378.9149075205733 203.3241132139469 676.8706622127916 -534.1821861020301 696.6159966528357
 378.6140287581547 -931.4414781167505 395.8528739787073 -254.653156833505 467.5557297418407
 -929.9550599672543 410.7622682168508 -385.7532517643918 -7.565191945688639 -139.1481195820393
 -9.751431973167428 -976.2189132382017 -915.7338816678024 393.0272609336312 102.2089617084066
 -648.8919464601267 -207.8118445123981 54.02005240483186 732.2810831825818 -632.5133481558466
 -472.0996629530632 79.61029642677204 108.1551072616919 -11.88937202671252 639.0483589398571
 -740.0812443056229 -261.0217900321334 -36.46923379602072 812.9975577392072 269.7047144134333
 297.961846273229 641.1421686420467 -441.579603723627 -264.7719380738623 -793.0624725673722
 -751.7102275544835 -246.1127655931416 38.64206001051798 367.6786210702433 -402.5776449663342
 -602.937210545655 490.3179678855606 -173.5389013887457 990.1345044990212 480.3134442876903
 -712.2616096089313 882.4097276234786 661.4300756528253 311.3267964933832 577.5924542509515
 169.6841981933178 -465.7523503038382 120.9048538310453 -814.2103242513381 -74.52668809177578
 620.1655476033618 240.964249363534 -566.2282195872831 635.8153129969096 -249.8973241311198
