# Created by Octave 4.2.1, Mon Oct 09 17:19:39 2017 BRT <root@mosqueiro>
# name: pop
# type: matrix
# rows: 100
# columns: 5
 522.0786822952186 -144.7660265693678 -136.6214933001503 -1196.802015062878 955.1855268304297
 522.2437742614701 -144.9924157805565 -136.5962582105276 -1196.903313951449 955.4315910144229
 522.2437742614701 -144.9924157805565 -136.5962582105276 -1196.903313951449 955.4315910144229
 522.0786822952186 -144.7660265693678 -136.6214933001503 -1196.802015062878 955.1855268304297
 527.1377679132445 -161.7433735685453 -151.2193386048667 -1183.958562221294 969.1360650035253
 522.8402280689218 -159.9091140118342 -156.7935654322187 -1185.742091374637 981.282411788386
 522.3642447641471 -143.3770995595108 -136.1768204508369 -1197.348432455652 954.5341508634774
 523.0755541259859 -145.2569973501811 -137.3540373152247 -1197.138166077868 955.4285239734577
 522.2437742614701 -144.9924157805565 -136.5962582105276 -1196.903313951449 955.4315910144229
 522.2437742614701 -144.9924157805565 -136.5962582105276 -1196.903313951449 955.4315910144229
 522.2437742614701 -144.9924157805565 -136.5962582105276 -1196.903313951449 955.4315910144229
 522.3642447641471 -143.3770995595108 -136.1768204508369 -1197.348432455652 954.5341508634774
 527.0073049514759 -162.0119838068867 -150.7856741816709 -1183.632164817067 968.8349475952029
 522.8402280689218 -159.9091140118342 -156.7935654322187 -1185.742091374637 981.282411788386
 522.2437742614701 -144.9924157805565 -136.5962582105276 -1196.903313951449 955.4315910144229
 522.9483858498456 -160.2185846550724 -156.4041733088218 -1186.279767712153 982.0468325391178
 524.941364494342 -160.2273290703414 -157.8228742236098 -1186.890156770185 980.1287683130685
 522.2437742614701 -144.9924157805565 -136.5962582105276 -1196.903313951449 955.4315910144229
 522.2849731268051 -145.1938895816217 -136.2816020831538 -1196.597822078713 955.1701319455843
 523.6038190175393 -142.9208341688555 -139.4616300666888 -1198.288303577385 958.2445012351222
 522.6703594622295 -159.5457399789864 -156.6218724561644 -1185.627504658178 981.7106119874561
 523.6038190175393 -142.9208341688555 -139.4616300666888 -1198.288303577385 958.2445012351222
 519.4728756767718 -155.2592947316223 -148.0349984023058 -1177.251877574481 962.9284581758027
 527.1377679132445 -161.7433735685453 -151.2193386048667 -1183.958562221294 969.1360650035253
 522.2437742614701 -144.9924157805565 -136.5962582105276 -1196.903313951449 955.4315910144229
 519.4728756767718 -155.2592947316223 -148.0349984023058 -1177.251877574481 962.9284581758027
 522.8402280689218 -159.9091140118342 -156.7935654322187 -1185.742091374637 981.282411788386
 519.4728756767718 -155.2592947316223 -148.0349984023058 -1177.251877574481 962.9284581758027
 522.2437742614701 -144.9924157805565 -136.5962582105276 -1196.903313951449 955.4315910144229
 527.1377679132445 -161.7433735685453 -151.2193386048667 -1183.958562221294 969.1360650035253
 522.2437742614701 -144.9924157805565 -136.5962582105276 -1196.903313951449 955.4315910144229
 522.0786822952186 -144.7660265693678 -136.6214933001503 -1196.802015062878 955.1855268304297
 523.0755541259859 -145.2569973501811 -137.3540373152247 -1197.138166077868 955.4285239734577
 522.2437742614701 -144.9924157805565 -136.5962582105276 -1196.903313951449 955.4315910144229
 519.4728756767718 -155.2592947316223 -148.0349984023058 -1177.251877574481 962.9284581758027
 522.2437742614701 -144.9924157805565 -136.5962582105276 -1196.903313951449 955.4315910144229
 523.6038190175393 -142.9208341688555 -139.4616300666888 -1198.288303577385 958.2445012351222
 522.2437742614701 -144.9924157805565 -136.5962582105276 -1196.903313951449 955.4315910144229
 527.1377679132445 -161.7433735685453 -151.2193386048667 -1183.958562221294 969.1360650035253
 522.6703594622295 -159.5457399789864 -156.6218724561644 -1185.627504658178 981.7106119874561
 519.4728756767718 -155.2592947316223 -148.0349984023058 -1177.251877574481 962.9284581758027
 523.0618149329235 -144.8468531089573 -136.9904849473924 -1196.969119203488 955.2750493773782
 522.2437742614701 -144.9924157805565 -136.5962582105276 -1196.903313951449 955.4315910144229
 522.8402280689218 -159.9091140118342 -156.7935654322187 -1185.742091374637 981.282411788386
 527.1377679132445 -161.7433735685453 -151.2193386048667 -1183.958562221294 969.1360650035253
 522.3575849093351 -144.3530007723811 -137.0455486532035 -1196.201174864803 954.8740776893287
 522.2437742614701 -144.9924157805565 -136.5962582105276 -1196.903313951449 955.4315910144229
 527.2751683981767 -161.063181593125 -151.3381030093832 -1183.770787011029 968.68987866057
 527.1377679132445 -161.7433735685453 -151.2193386048667 -1183.958562221294 969.1360650035253
 522.2437742614701 -144.9924157805565 -136.5962582105276 -1196.903313951449 955.4315910144229
 522.8402280689218 -159.9091140118342 -156.7935654322187 -1185.742091374637 981.282411788386
 526.84930330241 -161.8698589943575 -150.6728292854701 -1184.420464653817 969.3648044311084
 526.84930330241 -161.8698589943575 -150.6728292854701 -1184.420464653817 969.3648044311084
 522.2437742614701 -144.9924157805565 -136.5962582105276 -1196.903313951449 955.4315910144229
 525.5083741949612 -143.1178178189562 -154.3163819401464 -1172.619206837469 959.6242209082304
 525.0474147718269 -143.2651912430481 -154.1089093869888 -1172.41389825146 961.0977389988223
 525.5083741949612 -143.1178178189562 -154.3163819401464 -1172.619206837469 959.6242209082304
 522.2437742614701 -144.9924157805565 -136.5962582105276 -1196.903313951449 955.4315910144229
 522.0786822952186 -144.7660265693678 -136.6214933001503 -1196.802015062878 955.1855268304297
 882.7053265824284 -242.9708786650299 -352.1672837508854 -1005.568334291708 731.007829697634
 522.0786822952186 -144.7660265693678 -136.6214933001503 -1196.802015062878 955.1855268304297
 522.2437742614701 -144.9924157805565 -136.5962582105276 -1196.903313951449 955.4315910144229
 522.2437742614701 -144.9924157805565 -136.5962582105276 -1196.903313951449 955.4315910144229
 523.0755541259859 -145.2569973501811 -137.3540373152247 -1197.138166077868 955.4285239734577
 522.3575849093351 -144.3530007723811 -137.0455486532035 -1196.201174864803 954.8740776893287
 522.2437742614701 -144.9924157805565 -136.5962582105276 -1196.903313951449 955.4315910144229
 519.4728756767718 -155.2592947316223 -148.0349984023058 -1177.251877574481 962.9284581758027
 522.0786822952186 -144.7660265693678 -136.6214933001503 -1196.802015062878 955.1855268304297
 522.3642447641471 -143.3770995595108 -136.1768204508369 -1197.348432455652 954.5341508634774
 522.2437742614701 -144.9924157805565 -136.5962582105276 -1196.903313951449 955.4315910144229
 522.2437742614701 -144.9924157805565 -136.5962582105276 -1196.903313951449 955.4315910144229
 522.2437742614701 -144.9924157805565 -136.5962582105276 -1196.903313951449 955.4315910144229
 523.2577859738356 -159.6883947716372 -156.3879533402242 -1185.372833489974 980.9173328547619
 527.1377679132445 -161.7433735685453 -151.2193386048667 -1183.958562221294 969.1360650035253
 522.8402280689218 -159.9091140118342 -156.7935654322187 -1185.742091374637 981.282411788386
 522.2437742614701 -144.9924157805565 -136.5962582105276 -1196.903313951449 955.4315910144229
 526.5785531754567 -161.8235501636919 -151.6376829999275 -1184.035608926906 968.7721237455296
 523.2470045287093 -159.6976782047347 -157.4293076288222 -1185.356630822841 979.8455680467926
 522.3642447641471 -143.3770995595108 -136.1768204508369 -1197.348432455652 954.5341508634774
 523.6038190175393 -142.9208341688555 -139.4616300666888 -1198.288303577385 958.2445012351222
 522.2504273630462 -144.8365748365695 -136.7252140967898 -1196.913021315554 955.7632011740602
 523.5732986755905 -142.9540340621075 -139.4792684732804 -1198.299162694068 958.2144403212617
 527.1171146583387 -161.5122722009374 -151.1856310588337 -1183.933520627261 969.1712475194623
