# Created by Octave 4.2.1, Mon Oct 09 17:19:38 2017 BRT <root@mosqueiro>
# name: pop
# type: matrix
# rows: 100
# columns: 5
 522.2437742614701 -144.9924157805565 -136.5962582105276 -1196.903313951449 955.4315910144229
 522.2437742614701 -144.9924157805565 -136.5962582105276 -1196.903313951449 955.4315910144229
 522.2437742614701 -144.9924157805565 -136.5962582105276 -1196.903313951449 955.4315910144229
 522.2437742614701 -144.9924157805565 -136.5962582105276 -1196.903313951449 955.4315910144229
 516.406075835407 -151.9128121586712 -152.4747179634508 -1173.610297339957 963.316049727391
 522.2437742614701 -144.9924157805565 -136.5962582105276 -1196.903313951449 955.4315910144229
 522.8402280689218 -159.9091140118342 -156.7935654322187 -1185.742091374637 981.282411788386
 527.1377679132445 -161.7433735685453 -151.2193386048667 -1183.958562221294 969.1360650035253
 527.1377679132445 -161.7433735685453 -151.2193386048667 -1183.958562221294 969.1360650035253
 519.4728756767718 -155.2592947316223 -148.0349984023058 -1177.251877574481 962.9284581758027
 526.84930330241 -161.8698589943575 -150.6728292854701 -1184.420464653817 969.3648044311084
 519.4728756767718 -155.2592947316223 -148.0349984023058 -1177.251877574481 962.9284581758027
 522.8402280689218 -159.9091140118342 -156.7935654322187 -1185.742091374637 981.282411788386
 522.2437742614701 -144.9924157805565 -136.5962582105276 -1196.903313951449 955.4315910144229
 522.2437742614701 -144.9924157805565 -136.5962582105276 -1196.903313951449 955.4315910144229
 527.1377679132445 -161.7433735685453 -151.2193386048667 -1183.958562221294 969.1360650035253
 527.1377679132445 -161.7433735685453 -151.2193386048667 -1183.958562221294 969.1360650035253
 527.1377679132445 -161.7433735685453 -151.2193386048667 -1183.958562221294 969.1360650035253
 522.8402280689218 -159.9091140118342 -156.7935654322187 -1185.742091374637 981.282411788386
 527.1377679132445 -161.7433735685453 -151.2193386048667 -1183.958562221294 969.1360650035253
 519.4728756767718 -155.2592947316223 -148.0349984023058 -1177.251877574481 962.9284581758027
 522.2437742614701 -144.9924157805565 -136.5962582105276 -1196.903313951449 955.4315910144229
 521.6335119040581 -146.3051231724772 -137.0517181543106 -1196.868220357789 955.5658483120668
 522.2437742614701 -144.9924157805565 -136.5962582105276 -1196.903313951449 955.4315910144229
 522.8402280689218 -159.9091140118342 -156.7935654322187 -1185.742091374637 981.282411788386
 527.1377679132445 -161.7433735685453 -151.2193386048667 -1183.958562221294 969.1360650035253
 522.8402280689218 -159.9091140118342 -156.7935654322187 -1185.742091374637 981.282411788386
 527.1377679132445 -161.7433735685453 -151.2193386048667 -1183.958562221294 969.1360650035253
 522.8402280689218 -159.9091140118342 -156.7935654322187 -1185.742091374637 981.282411788386
 522.2437742614701 -144.9924157805565 -136.5962582105276 -1196.903313951449 955.4315910144229
 522.8402280689218 -159.9091140118342 -156.7935654322187 -1185.742091374637 981.282411788386
 522.2437742614701 -144.9924157805565 -136.5962582105276 -1196.903313951449 955.4315910144229
 522.3642447641471 -143.3770995595108 -136.1768204508369 -1197.348432455652 954.5341508634774
 527.1377679132445 -161.7433735685453 -151.2193386048667 -1183.958562221294 969.1360650035253
 522.8402280689218 -159.9091140118342 -156.7935654322187 -1185.742091374637 981.282411788386
 525.5083741949612 -143.1178178189562 -154.3163819401464 -1172.619206837469 959.6242209082304
 525.229311670009 -156.6387090398056 -148.4332994183158 -1183.11893704624 962.1953218634717
 520.8514080744145 -152.9652426127105 -145.5015007344019 -1180.179698478176 961.4493144574292
 519.4728756767718 -155.2592947316223 -148.0349984023058 -1177.251877574481 962.9284581758027
 519.4728756767718 -155.2592947316223 -148.0349984023058 -1177.251877574481 962.9284581758027
 527.1377679132445 -161.7433735685453 -151.2193386048667 -1183.958562221294 969.1360650035253
 -223.8702796996425 -914.9889811072554 928.2941644623127 -593.1087212002699 746.7740751570448
 524.941364494342 -160.2273290703414 -157.8228742236098 -1186.890156770185 980.1287683130685
 519.4728756767718 -155.2592947316223 -148.0349984023058 -1177.251877574481 962.9284581758027
 525.0474147718269 -143.2651912430481 -154.1089093869888 -1172.41389825146 961.0977389988223
 519.4728756767718 -155.2592947316223 -148.0349984023058 -1177.251877574481 962.9284581758027
 523.6038190175393 -142.9208341688555 -139.4616300666888 -1198.288303577385 958.2445012351222
 523.2470045287093 -159.6976782047347 -157.4293076288222 -1185.356630822841 979.8455680467926
 522.2437742614701 -144.9924157805565 -136.5962582105276 -1196.903313951449 955.4315910144229
 522.2437742614701 -144.9924157805565 -136.5962582105276 -1196.903313951449 955.4315910144229
 523.6038190175393 -142.9208341688555 -139.4616300666888 -1198.288303577385 958.2445012351222
 522.2437742614701 -144.9924157805565 -136.5962582105276 -1196.903313951449 955.4315910144229
 527.1377679132445 -161.7433735685453 -151.2193386048667 -1183.958562221294 969.1360650035253
 526.84930330241 -161.8698589943575 -150.6728292854701 -1184.420464653817 969.3648044311084
 522.2437742614701 -144.9924157805565 -136.5962582105276 -1196.903313951449 955.4315910144229
 522.2437742614701 -144.9924157805565 -136.5962582105276 -1196.903313951449 955.4315910144229
 522.2437742614701 -144.9924157805565 -136.5962582105276 -1196.903313951449 955.4315910144229
 519.4728756767718 -155.2592947316223 -148.0349984023058 -1177.251877574481 962.9284581758027
 527.1377679132445 -161.7433735685453 -151.2193386048667 -1183.958562221294 969.1360650035253
 519.4728756767718 -155.2592947316223 -148.0349984023058 -1177.251877574481 962.9284581758027
 522.2437742614701 -144.9924157805565 -136.5962582105276 -1196.903313951449 955.4315910144229
 527.2751683981767 -161.063181593125 -151.3381030093832 -1183.770787011029 968.68987866057
 522.2437742614701 -144.9924157805565 -136.5962582105276 -1196.903313951449 955.4315910144229
 880.5037113975928 -247.4362725028025 -350.4973446576439 -1003.903697250632 733.4557952530481
 519.4728756767718 -155.2592947316223 -148.0349984023058 -1177.251877574481 962.9284581758027
 527.1377679132445 -161.7433735685453 -151.2193386048667 -1183.958562221294 969.1360650035253
 523.6038190175393 -142.9208341688555 -139.4616300666888 -1198.288303577385 958.2445012351222
 522.2437742614701 -144.9924157805565 -136.5962582105276 -1196.903313951449 955.4315910144229
 522.2437742614701 -144.9924157805565 -136.5962582105276 -1196.903313951449 955.4315910144229
 522.2437742614701 -144.9924157805565 -136.5962582105276 -1196.903313951449 955.4315910144229
 522.8402280689218 -159.9091140118342 -156.7935654322187 -1185.742091374637 981.282411788386
 519.4728756767718 -155.2592947316223 -148.0349984023058 -1177.251877574481 962.9284581758027
 522.2437742614701 -144.9924157805565 -136.5962582105276 -1196.903313951449 955.4315910144229
 522.2437742614701 -144.9924157805565 -136.5962582105276 -1196.903313951449 955.4315910144229
 527.1377679132445 -161.7433735685453 -151.2193386048667 -1183.958562221294 969.1360650035253
 521.8876238350305 -160.6491353709931 -157.4893560502748 -1186.476246263528 981.2498553396116
 522.2437742614701 -144.9924157805565 -136.5962582105276 -1196.903313951449 955.4315910144229
 522.2437742614701 -144.9924157805565 -136.5962582105276 -1196.903313951449 955.4315910144229
 882.7053265824284 -242.9708786650299 -352.1672837508854 -1005.568334291708 731.007829697634
 519.4728756767718 -155.2592947316223 -148.0349984023058 -1177.251877574481 962.9284581758027
 522.2849731268051 -145.1938895816217 -136.2816020831538 -1196.597822078713 955.1701319455843
 522.2161209912044 -145.0759839946519 -136.6901486945038 -1196.451007182373 955.7365599872621
 523.2577859738356 -159.6883947716372 -156.3879533402242 -1185.372833489974 980.9173328547619
 527.0073049514759 -162.0119838068867 -150.7856741816709 -1183.632164817067 968.8349475952029
