# Created by Octave 4.2.1, Mon Oct 09 17:18:29 2017 BRT <root@mosqueiro>
# name: pop
# type: matrix
# rows: 100
# columns: 5
 273.5834623549927 557.8691306680512 -41.37860459162653 97.93759642750979 -884.9501209890717
 273.5834623549927 557.8691306680512 -41.37860459162653 97.93759642750979 -884.9501209890717
 273.5834623549927 557.8691306680512 -41.37860459162653 97.93759642750979 -884.9501209890717
 273.5834623549927 557.8691306680512 -41.37860459162653 97.93759642750979 -884.9501209890717
 273.5834623549927 557.8691306680512 -41.37860459162653 97.93759642750979 -884.9501209890717
 273.5834623549927 557.8691306680512 -41.37860459162653 97.93759642750979 -884.9501209890717
 273.5834623549927 557.8691306680512 -41.37860459162653 97.93759642750979 -884.9501209890717
 3139.898924756871 427.7090560981967 -1300.288836392841 -334.4358713972825 690.4477915889892
 312.2651988109251 1073.951150909875 -1335.7985874297 -580.3126893884659 618.6885636133534
 3260.96529461929 900.8206197346498 -1115.052377974477 -474.2310644415455 895.4943921319904
 273.5834623549927 557.8691306680512 -41.37860459162653 97.93759642750979 -884.9501209890717
 273.5834623549927 557.8691306680512 -41.37860459162653 97.93759642750979 -884.9501209890717
 148.7846048694286 1236.456261563653 -1497.898037949636 -544.7033842318505 639.5020954437032
 308.5781343144109 425.8458672044042 -217.5973361903949 70.90686147683277 -676.4640413744116
 209.9528383478009 467.8939144704324 -125.4688475190199 397.0533067433086 -895.0246936561459
 305.5231574266471 518.2204579998094 28.82808039893666 -5.290217315267952 -781.5865163223916
 273.5834623549927 557.8691306680512 -41.37860459162653 97.93759642750979 -884.9501209890717
 273.5834623549927 557.8691306680512 -41.37860459162653 97.93759642750979 -884.9501209890717
 273.5834623549927 557.8691306680512 -41.37860459162653 97.93759642750979 -884.9501209890717
 273.5834623549927 557.8691306680512 -41.37860459162653 97.93759642750979 -884.9501209890717
 248.6896907366946 735.0919987139439 219.4470280635189 50.21914748753515 -870.2694992742938
 273.5834623549927 557.8691306680512 -41.37860459162653 97.93759642750979 -884.9501209890717
 351.8196337549511 649.9827673728042 64.30002290207952 -38.12203753953042 -899.8292055731091
 148.7846048694286 1236.456261563653 -1497.898037949636 -544.7033842318505 639.5020954437032
 273.5834623549927 557.8691306680512 -41.37860459162653 97.93759642750979 -884.9501209890717
 273.5834623549927 557.8691306680512 -41.37860459162653 97.93759642750979 -884.9501209890717
 -442.2029352581735 1192.783476023636 287.2412584292011 -51.45782515167784 -798.047393205101
 273.5834623549927 557.8691306680512 -41.37860459162653 97.93759642750979 -884.9501209890717
 273.5834623549927 557.8691306680512 -41.37860459162653 97.93759642750979 -884.9501209890717
 273.5834623549927 557.8691306680512 -41.37860459162653 97.93759642750979 -884.9501209890717
 273.5834623549927 557.8691306680512 -41.37860459162653 97.93759642750979 -884.9501209890717
 273.5834623549927 557.8691306680512 -41.37860459162653 97.93759642750979 -884.9501209890717
 273.5834623549927 557.8691306680512 -41.37860459162653 97.93759642750979 -884.9501209890717
 273.5834623549927 557.8691306680512 -41.37860459162653 97.93759642750979 -884.9501209890717
 308.5781343144109 425.8458672044042 -217.5973361903949 70.90686147683277 -676.4640413744116
 3260.96529461929 900.8206197346498 -1115.052377974477 -474.2310644415455 895.4943921319904
 273.5834623549927 557.8691306680512 -41.37860459162653 97.93759642750979 -884.9501209890717
 273.5834623549927 557.8691306680512 -41.37860459162653 97.93759642750979 -884.9501209890717
 273.5834623549927 557.8691306680512 -41.37860459162653 97.93759642750979 -884.9501209890717
 273.5834623549927 557.8691306680512 -41.37860459162653 97.93759642750979 -884.9501209890717
 300.648807665259 -136.7273134914346 638.1642611883153 -1521.629939457603 -471.8001255364689
 447.7842898426097 712.48579715296 -7.993108740888488 -122.5526357626568 -1150.966859748646
 3139.898924756871 427.7090560981967 -1300.288836392841 -334.4358713972825 690.4477915889892
 351.8196337549511 649.9827673728042 64.30002290207952 -38.12203753953042 -899.8292055731091
 273.5834623549927 557.8691306680512 -41.37860459162653 97.93759642750979 -884.9501209890717
 273.5834623549927 557.8691306680512 -41.37860459162653 97.93759642750979 -884.9501209890717
 273.5834623549927 557.8691306680512 -41.37860459162653 97.93759642750979 -884.9501209890717
 209.9528383478009 467.8939144704324 -125.4688475190199 397.0533067433086 -895.0246936561459
 273.5834623549927 557.8691306680512 -41.37860459162653 97.93759642750979 -884.9501209890717
 273.5834623549927 557.8691306680512 -41.37860459162653 97.93759642750979 -884.9501209890717
 273.5834623549927 557.8691306680512 -41.37860459162653 97.93759642750979 -884.9501209890717
 273.5834623549927 557.8691306680512 -41.37860459162653 97.93759642750979 -884.9501209890717
 273.5834623549927 557.8691306680512 -41.37860459162653 97.93759642750979 -884.9501209890717
 273.5834623549927 557.8691306680512 -41.37860459162653 97.93759642750979 -884.9501209890717
 273.5834623549927 557.8691306680512 -41.37860459162653 97.93759642750979 -884.9501209890717
 273.5834623549927 557.8691306680512 -41.37860459162653 97.93759642750979 -884.9501209890717
 3139.898924756871 427.7090560981967 -1300.288836392841 -334.4358713972825 690.4477915889892
 273.5834623549927 557.8691306680512 -41.37860459162653 97.93759642750979 -884.9501209890717
 68.48797781925725 479.6801764839979 207.3743723991909 363.8993944909784 -764.3343858148787
 273.5834623549927 557.8691306680512 -41.37860459162653 97.93759642750979 -884.9501209890717
 273.5834623549927 557.8691306680512 -41.37860459162653 97.93759642750979 -884.9501209890717
 273.5834623549927 557.8691306680512 -41.37860459162653 97.93759642750979 -884.9501209890717
 273.5834623549927 557.8691306680512 -41.37860459162653 97.93759642750979 -884.9501209890717
 273.5834623549927 557.8691306680512 -41.37860459162653 97.93759642750979 -884.9501209890717
 447.7842898426097 712.48579715296 -7.993108740888488 -122.5526357626568 -1150.966859748646
 273.5834623549927 557.8691306680512 -41.37860459162653 97.93759642750979 -884.9501209890717
 273.5834623549927 557.8691306680512 -41.37860459162653 97.93759642750979 -884.9501209890717
 3139.898924756871 427.7090560981967 -1300.288836392841 -334.4358713972825 690.4477915889892
 390.2523713076908 312.3306069990697 230.8565164925947 -196.753644405952 -715.4505745412935
 68.48797781925725 479.6801764839979 207.3743723991909 363.8993944909784 -764.3343858148787
 273.5834623549927 557.8691306680512 -41.37860459162653 97.93759642750979 -884.9501209890717
 267.241522751629 489.439704276823 -71.07645815694687 58.63934842860275 -822.8888631472671
 273.5834623549927 557.8691306680512 -41.37860459162653 97.93759642750979 -884.9501209890717
 1737.836182566651 -1183.578340988583 -2293.589150766082 3460.981953219797 -1902.734852807015
 273.5834623549927 557.8691306680512 -41.37860459162653 97.93759642750979 -884.9501209890717
 910.4046318954242 -2609.634174444704 -287.7418797460642 3010.376338775692 -579.0674136131889
 273.5834623549927 557.8691306680512 -41.37860459162653 97.93759642750979 -884.9501209890717
 273.5834623549927 557.8691306680512 -41.37860459162653 97.93759642750979 -884.9501209890717
 345.8043972792972 795.1110674692584 -26.91969738077252 191.1590131183109 -813.582927168196
 273.5834623549927 557.8691306680512 -41.37860459162653 97.93759642750979 -884.9501209890717
 311.943345183397 540.7787449934206 -101.1677235382972 -29.60864500231993 -979.9204503533136
 297.0857115438421 632.6866583018713 -165.0192373579049 9.465304225964317 -817.2742149968675
 351.0116363721825 500.3694889733716 -35.3812908908834 18.21135993802979 -916.2934303445809
 256.2430007926349 622.8186317749463 -148.1828597958955 125.4419964158636 -674.6096113118924
