# Created by Octave 4.2.1, Mon Oct 09 17:18:25 2017 BRT <root@mosqueiro>
# name: pop
# type: matrix
# rows: 100
# columns: 5
 273.5834623549927 557.8691306680512 -41.37860459162653 97.93759642750979 -884.9501209890717
 273.5834623549927 557.8691306680512 -41.37860459162653 97.93759642750979 -884.9501209890717
 1078.1399650727 348.9130507427748 -93.2417397151273 491.6764359344288 -568.3312884734282
 273.5834623549927 557.8691306680512 -41.37860459162653 97.93759642750979 -884.9501209890717
 273.5834623549927 557.8691306680512 -41.37860459162653 97.93759642750979 -884.9501209890717
 1112.605960869605 203.5999691889295 -438.9491125657547 -622.5648511138274 -282.6845340858853
 420.762944669222 2639.909788484042 -382.157782755977 706.3316736612104 -2595.209339437487
 3139.898924756871 427.7090560981967 -1300.288836392841 -334.4358713972825 690.4477915889892
 273.5834623549927 557.8691306680512 -41.37860459162653 97.93759642750979 -884.9501209890717
 273.5834623549927 557.8691306680512 -41.37860459162653 97.93759642750979 -884.9501209890717
 273.5834623549927 557.8691306680512 -41.37860459162653 97.93759642750979 -884.9501209890717
 273.5834623549927 557.8691306680512 -41.37860459162653 97.93759642750979 -884.9501209890717
 273.5834623549927 557.8691306680512 -41.37860459162653 97.93759642750979 -884.9501209890717
 312.2651988109251 1073.951150909875 -1335.7985874297 -580.3126893884659 618.6885636133534
 273.5834623549927 557.8691306680512 -41.37860459162653 97.93759642750979 -884.9501209890717
 1728.012537987096 -1004.095511380687 -2591.157596916123 4374.545401047724 -1927.828724606733
 273.5834623549927 557.8691306680512 -41.37860459162653 97.93759642750979 -884.9501209890717
 706.5888190918946 -2727.983879716255 -315.5850793082723 3056.198581617768 -558.7925276301951
 701.6549494890545 275.6686748549486 732.6463519599918 -738.7873870302533 -866.8855303946322
 9.091090548846637 -2261.914694049889 1758.363009490389 -483.0144464489257 786.3945352256028
 273.5834623549927 557.8691306680512 -41.37860459162653 97.93759642750979 -884.9501209890717
 273.5834623549927 557.8691306680512 -41.37860459162653 97.93759642750979 -884.9501209890717
 273.5834623549927 557.8691306680512 -41.37860459162653 97.93759642750979 -884.9501209890717
 253.4266852454605 26.97871885311565 579.4756382493219 857.2320308791029 -538.2803086066867
 740.038406587037 -2095.077767750283 -3036.146056277808 3603.402942296044 -1909.237462299712
 273.5834623549927 557.8691306680512 -41.37860459162653 97.93759642750979 -884.9501209890717
 273.5834623549927 557.8691306680512 -41.37860459162653 97.93759642750979 -884.9501209890717
 273.5834623549927 557.8691306680512 -41.37860459162653 97.93759642750979 -884.9501209890717
 273.5834623549927 557.8691306680512 -41.37860459162653 97.93759642750979 -884.9501209890717
 740.038406587037 -2095.077767750283 -3036.146056277808 3603.402942296044 -1909.237462299712
 273.5834623549927 557.8691306680512 -41.37860459162653 97.93759642750979 -884.9501209890717
 273.5834623549927 557.8691306680512 -41.37860459162653 97.93759642750979 -884.9501209890717
 273.5834623549927 557.8691306680512 -41.37860459162653 97.93759642750979 -884.9501209890717
 273.5834623549927 557.8691306680512 -41.37860459162653 97.93759642750979 -884.9501209890717
 483.1724339647594 -94.89196514976175 535.2429805933748 -475.5591664369874 -1641.83978089577
 273.5834623549927 557.8691306680512 -41.37860459162653 97.93759642750979 -884.9501209890717
 -1018.24430927051 1007.463408634234 -331.0060612678511 551.4932387908556 -268.881748934237
 3139.898924756871 427.7090560981967 -1300.288836392841 -334.4358713972825 690.4477915889892
 -549.8152836651658 173.5658198395414 -100.4858792577033 -6.433733948957894 -1176.174478311099
 -164.8508049101847 574.622279453137 800.2362458629082 101.2565775439721 12.6770397609738
 273.5834623549927 557.8691306680512 -41.37860459162653 97.93759642750979 -884.9501209890717
 -1808.192865014852 2344.979678786813 -890.1306257200135 512.7391346478502 -1135.493270672676
 -1568.580070715519 878.7046115317276 40.12613613634861 -202.0474707758322 -431.5998126786195
 701.6549494890545 275.6686748549486 732.6463519599918 -738.7873870302533 -866.8855303946322
 273.5834623549927 557.8691306680512 -41.37860459162653 97.93759642750979 -884.9501209890717
 273.5834623549927 557.8691306680512 -41.37860459162653 97.93759642750979 -884.9501209890717
 273.5834623549927 557.8691306680512 -41.37860459162653 97.93759642750979 -884.9501209890717
 273.5834623549927 557.8691306680512 -41.37860459162653 97.93759642750979 -884.9501209890717
 273.5834623549927 557.8691306680512 -41.37860459162653 97.93759642750979 -884.9501209890717
 273.5834623549927 557.8691306680512 -41.37860459162653 97.93759642750979 -884.9501209890717
 3139.898924756871 427.7090560981967 -1300.288836392841 -334.4358713972825 690.4477915889892
 273.5834623549927 557.8691306680512 -41.37860459162653 97.93759642750979 -884.9501209890717
 1112.605960869605 203.5999691889295 -438.9491125657547 -622.5648511138274 -282.6845340858853
 -164.8508049101847 574.622279453137 800.2362458629082 101.2565775439721 12.6770397609738
 740.038406587037 -2095.077767750283 -3036.146056277808 3603.402942296044 -1909.237462299712
 -442.2029352581735 1192.783476023636 287.2412584292011 -51.45782515167784 -798.047393205101
 1112.605960869605 203.5999691889295 -438.9491125657547 -622.5648511138274 -282.6845340858853
 273.5834623549927 557.8691306680512 -41.37860459162653 97.93759642750979 -884.9501209890717
 -77.05142122867197 1650.266059361624 995.9340646940412 277.7469326011868 -1828.834741869628
 273.5834623549927 557.8691306680512 -41.37860459162653 97.93759642750979 -884.9501209890717
 273.5834623549927 557.8691306680512 -41.37860459162653 97.93759642750979 -884.9501209890717
 273.5834623549927 557.8691306680512 -41.37860459162653 97.93759642750979 -884.9501209890717
 740.038406587037 -2095.077767750283 -3036.146056277808 3603.402942296044 -1909.237462299712
 273.5834623549927 557.8691306680512 -41.37860459162653 97.93759642750979 -884.9501209890717
 273.5834623549927 557.8691306680512 -41.37860459162653 97.93759642750979 -884.9501209890717
 273.5834623549927 557.8691306680512 -41.37860459162653 97.93759642750979 -884.9501209890717
 -39.91639892125539 1549.445726876647 991.7282198141866 -18.436626856705 -1972.209993716627
 273.5834623549927 557.8691306680512 -41.37860459162653 97.93759642750979 -884.9501209890717
 1152.471088071897 1623.865844491145 189.3755444859337 -177.325982081582 -897.0269207700801
 273.5834623549927 557.8691306680512 -41.37860459162653 97.93759642750979 -884.9501209890717
 1463.912561990869 1358.005842294904 -444.3818016779697 -1612.340140426448 -1303.294253313441
 273.5834623549927 557.8691306680512 -41.37860459162653 97.93759642750979 -884.9501209890717
 273.5834623549927 557.8691306680512 -41.37860459162653 97.93759642750979 -884.9501209890717
 1112.605960869605 203.5999691889295 -438.9491125657547 -622.5648511138274 -282.6845340858853
 3139.898924756871 427.7090560981967 -1300.288836392841 -334.4358713972825 690.4477915889892
 273.5834623549927 557.8691306680512 -41.37860459162653 97.93759642750979 -884.9501209890717
 1112.605960869605 203.5999691889295 -438.9491125657547 -622.5648511138274 -282.6845340858853
 273.5834623549927 557.8691306680512 -41.37860459162653 97.93759642750979 -884.9501209890717
 -79.8829543399072 -1082.810885051179 1225.8479191047 -1088.490723039512 775.0474602067509
 273.5834623549927 557.8691306680512 -41.37860459162653 97.93759642750979 -884.9501209890717
 -281.0699259294019 -229.7905954337692 49.4297334176988 -1480.996886616818 -1133.673842172859
 216.2131189827293 507.7695040720705 135.2211639547083 -331.0011742351538 -1369.337319103172
 600.261752860999 351.5051572024563 705.0740870782429 -660.4104595511357 -1030.793258082306
 -1244.332512183455 604.6043856734211 -790.1549880509785 -446.8675071663761 -232.7077159893816
