# Created by Octave 4.2.1, Mon Oct 09 17:18:15 2017 BRT <root@mosqueiro>
# name: pop
# type: matrix
# rows: 100
# columns: 5
 892.7753209600153 -58.22742512434945 -297.3046789655028 -62.81575185021291 -113.796344433384
 -795.7007867068867 -297.6447664992448 -193.5087808337806 44.10018716747618 561.603804167959
 273.5834623549927 557.8691306680512 -41.37860459162653 97.93759642750979 -884.9501209890717
 609.2263179459887 -691.0154303951869 -237.3159371895363 841.2956076633745 677.6783988518514
 319.4549721320459 493.4019775643067 -238.1792210751012 -492.8506850035962 251.0108782086284
 38.48251421113309 -977.6496593683652 -418.6829224788943 -250.494472880394 982.3217089843508
 51.87681244622058 -233.3205890160076 -12.92655414388616 -316.7083723371055 -275.7474273388113
 229.3293125089294 740.6676867369438 -550.7181857661833 382.9545330295352 -818.3169666555204
 -55.6304852420933 275.7817992616535 39.31556850881498 307.539429991966 32.33659398657164
 -190.1906202944793 -820.115530656519 931.4800967556714 -233.7561801880142 737.0649870287734
 877.7617403000772 -224.898329401077 -927.4031474533812 -726.8811330047481 841.4919337616677
 235.0525442622863 -781.7943126821191 -11.18312950282314 702.9409397241695 -729.0316379143284
 -748.8358206223299 229.9597960525998 -197.419283471825 -818.9826724583497 -525.5726410069078
 -231.9479191831849 546.4332607473179 -548.5452264494929 -599.6270366810325 636.8487411022074
 286.0548926011986 -880.2436682826261 555.4687297936737 -99.4380656782098 314.5165635325941
 462.8768557719538 988.3718760675022 -880.1231575359107 86.26482259475688 836.3831297840975
 -377.3831341878865 424.1567808469258 -46.40209694574207 342.8465138419119 -400.8275126897146
 70.12261162699474 -971.9197003141401 818.5379462014928 187.8877952406149 -159.6870942604497
 -462.3871882221341 936.017335638739 268.9544420210591 -578.9783826464313 -460.446377177858
 733.762260874513 961.7328128327256 -502.5520798744249 -142.0074425072154 -240.0972023022163
 798.9920572543576 -290.4483784478308 -881.6061327464917 52.92031982844105 -436.8414866933186
 -105.9176808609579 -602.3130364028868 -196.0760924355584 776.7794001067914 -229.7050203017067
 -997.5278219579386 611.4889432108653 217.2239974458214 -108.7926183261654 682.21113694992
 -140.8821236979337 822.6086306753257 -953.032529286583 887.1598938645964 -169.5688718942704
 -22.92781703264995 -846.3749046895157 989.0651225835336 -879.2351303807195 -405.506725934757
 -771.7480649778358 -191.4053514463689 -139.7537504140968 -415.3457106165747 -572.5543746809371
 469.2660397925117 -387.8274742179196 755.7559845031067 -123.6987074916075 824.2051424559804
 213.2721644644769 -522.9804567243521 589.2857232574165 326.6116662637064 849.7292839495872
 -628.4601781376036 142.8725922035928 674.47895443882 -403.1816031914971 -803.4094900622956
 468.3836962865846 120.3987022907281 -234.5171394835352 889.718982025141 848.8448149149901
 -979.8030842305153 -7.965624771727107 -993.2582150518538 470.1488587120912 -256.1070881782163
 -195.3081497921404 -394.1794985960136 650.521052274046 831.0606187548415 -358.3566708351217
 -632.0077113225115 202.2243178220181 888.7615391256293 135.7959607964899 -117.7150396951727
 654.6917782253229 -615.9288697593336 0.5643416902985336 410.4783216221465 651.0271322366184
 -619.7179753675059 -362.8262706278462 -898.0699679423036 306.0311645374516 -805.4452744057616
 487.5813612437262 -47.82423194174373 943.7592315622987 84.90295798794364 24.78978539468949
 917.9061051775229 122.6765009201386 432.0468457325512 -758.4304467561153 -646.6321158183275
 -279.2185302675471 -345.9239494388592 -960.9536441743095 311.6650066668897 255.6780476625306
 56.79371151177543 -242.8307665007085 -703.5433565649862 824.2064982771833 -487.1677890881613
 -6.872312645491206 -918.0456408147594 -882.1287948294944 634.7016050037325 -344.6051667373283
 554.9802148740919 -209.6714785466293 635.390472875757 -3.011433939735639 239.3509603985337
 786.9653904052864 -950.3956880418501 -699.9569985999682 855.6811350145611 -475.8534671371353
 -520.4955330879029 -317.7200675122452 -318.2753149348659 -460.1295353616188 -503.4733214752004
 -410.3279122651412 -59.86271897878805 244.5441757313608 -29.41268525845715 674.0657747811472
 178.9991825404329 -794.1917364815727 -520.9627191754328 798.5162578857164 -869.2032648715617
 565.3563134765368 954.775353247391 -441.0138476354334 915.6483345088161 -575.1912740589976
 -169.3397222079388 432.1907280796836 -330.2724434073659 396.0375846612596 584.5628290557111
 -671.5642586727843 -675.2306671479926 -804.7242756739032 865.9379956087296 -408.8892733586686
 120.8579980926586 680.8659852154237 -207.8397605305095 -142.4001419873791 479.1529385815686
 -499.1062206291849 -257.7467336968816 -807.4898510145354 -739.2797046996432 864.9805509260691
 486.6220698806114 -425.1085968921464 -796.6158500192805 867.5753854798736 -320.8474836992702
 263.0087125534735 467.9033810376366 -171.2016642617621 636.7136370939386 659.5402148806438
 -979.6126580763422 -528.5421915537004 67.96338664126074 -807.8033518938219 -660.0376136959104
 3.100591423205401 -111.851904579863 441.2768158997717 757.9800420640577 -177.3555611970113
 517.6113880039954 639.559809784527 28.00373380950191 -763.3182793484391 906.9881287963844
 475.8203804238908 946.3329489708842 606.4741709416739 -786.8661517876192 584.8668856660017
 304.401925676802 115.3695781545459 486.9690942537497 333.2494247466029 631.6484492333207
 611.5970584245197 995.0361076926768 -184.359091318982 -323.7944447391995 581.5996484371681
 696.4847035316254 -454.8708265402673 -756.7081726287663 80.80311271097412 448.4090097603746
 865.549092518854 -557.4595310021481 195.066458970161 -593.6264833055538 777.3918001085226
 -419.4264660960333 679.8907153372925 62.66861788258507 -394.6783189980837 754.5617107020437
 664.0825678428901 902.6799512830989 -389.4763290191402 520.6568554817156 -191.3529569603544
 -858.3927903640867 834.9807445596609 171.8898004251143 -921.0023727166027 897.4079515081471
 -112.0163823090444 -786.5799248510011 800.0880473389159 -535.1335913292464 -226.1185405519383
 -89.22837173835319 -101.79515446482 289.2448111690937 -454.4077739764264 667.6712712945578
 -168.5917135262883 -471.8334283478003 -698.4371993676025 613.9520742532964 -820.428502611229
 330.2151187986551 325.6758825508834 199.1882995226347 -399.3555268060936 -72.1836985867269
 -260.9286692878668 -699.2938109153263 -846.4868860010749 -486.7362198318469 -824.9414292185528
 -485.0872510071162 289.8539922608052 -363.4748245603159 -471.1099330323879 -730.1645066640211
 -236.0265858597634 132.7828522934074 -256.4024861907299 825.4538015626792 -534.3548654727556
 790.8608165829701 285.4275900128807 46.24597296522438 -471.6298223380431 378.4101110781462
 -797.3213515508281 790.7610452881245 -616.2584528887439 -795.8019346820985 -974.1045205200502
 -632.4643352182958 -766.6522760518676 353.8107658737213 -543.8485195313306 -971.7437350512896
 67.59848623268658 -64.44910886715786 547.1908453031842 841.4932108389312 339.8126806888022
 -615.153154693577 -963.54512856361 41.68142726344763 590.1142815839246 -519.0209300358158
 -665.2849573033923 -405.9705403852448 164.9772075314904 568.6857032285725 -903.8361481149196
 135.7690307458488 -260.2600777252972 795.4092877179555 117.7518004887179 647.758184646365
 280.889420976745 448.2719694597131 214.8797472914453 -830.5092753259123 366.1152952794764
 399.2504859603998 804.8785949958672 -422.9078681638051 496.6087998708467 -72.90506668670605
 904.8613692863662 -924.7742403211594 -82.36546810947482 -7.649424856687347 736.9970281861524
 641.5231650632131 -150.5732530594698 396.5038963330176 968.537592007531 -794.7240884331396
 630.4916977767314 969.5861612656581 -39.28123077690225 613.3100024815169 -358.6544191740876
 321.5419966145537 -311.7575819749102 -936.4724715755924 910.4260569385478 284.9023270164448
 -362.2852081800879 580.1520094551804 245.51109875878 -261.1303162299646 946.8747866415065
