# Created by Octave 4.2.1, Mon Oct 09 17:19:16 2017 BRT <root@mosqueiro>
# name: pop
# type: matrix
# rows: 100
# columns: 5
 -198.0943891492274 -894.9439805674821 902.108189938448 -577.7942071206314 800.4796933347745
 -198.0943891492274 -894.9439805674821 902.108189938448 -577.7942071206314 800.4796933347745
 918.5635369769061 200.4311986797723 -48.66338907968498 -54.61147750458952 -970.8540810030556
 822.5522455427824 885.2974635116025 31.891054054704 -335.7349076177244 -554.1808832804195
 -198.0943891492274 -894.9439805674821 902.108189938448 -577.7942071206314 800.4796933347745
 -198.0943891492274 -894.9439805674821 902.108189938448 -577.7942071206314 800.4796933347745
 -198.0943891492274 -894.9439805674821 902.108189938448 -577.7942071206314 800.4796933347745
 -416.0065543261801 830.4819989409225 180.2313461261042 -904.2306748073215 -403.8310708156164
 -198.0943891492274 -894.9439805674821 902.108189938448 -577.7942071206314 800.4796933347745
 52.73716763746665 14.34663743426574 274.7341044291682 -803.418730765526 402.3050202326715
 918.5635369769061 200.4311986797723 -48.66338907968498 -54.61147750458952 -970.8540810030556
 -198.0943891492274 -894.9439805674821 902.108189938448 -577.7942071206314 800.4796933347745
 -198.0943891492274 -894.9439805674821 902.108189938448 -577.7942071206314 800.4796933347745
 918.5635369769061 200.4311986797723 -48.66338907968498 -54.61147750458952 -970.8540810030556
 -1323.869301682704 -789.1111368650702 2562.715926097382 -120.5203651647555 1636.156280252132
 -198.0943891492274 -894.9439805674821 902.108189938448 -577.7942071206314 800.4796933347745
 -198.0943891492274 -894.9439805674821 902.108189938448 -577.7942071206314 800.4796933347745
 -955.8443235825569 444.5387306826651 -541.3696488569683 458.2557084000628 681.277036177903
 -147.1284265017504 379.1831096999692 857.8084257316691 567.7900652539249 827.448593309648
 -198.0943891492274 -894.9439805674821 902.108189938448 -577.7942071206314 800.4796933347745
 -955.8443235825569 444.5387306826651 -541.3696488569683 458.2557084000628 681.277036177903
 -277.9195922566912 -844.4730260644629 -306.9990434356104 -955.5672316165412 -959.0398379103241
 -2233.536263085467 2684.982691292504 1520.758260239369 924.9556220185207 2544.69403275646
 -338.8980635710714 555.4935328118031 -278.3028583006984 -324.5521474922875 181.3185828050832
 35.28332264408073 329.7651333906272 -974.2226521349876 829.0976795853342 -118.8588493782797
 35.28332264408073 329.7651333906272 -974.2226521349876 829.0976795853342 -118.8588493782797
 743.9967877653064 -28.82186567235567 623.0249625252193 -505.6242489914858 -689.9980751520409
 931.2237531663332 656.6241227019668 763.422624485876 537.6743658492539 -736.9218904720233
 195.6009945017936 748.8265446293565 -842.1866030762221 -242.1694499013026 574.0220405008442
 918.5635369769061 200.4311986797723 -48.66338907968498 -54.61147750458952 -970.8540810030556
 918.5635369769061 200.4311986797723 -48.66338907968498 -54.61147750458952 -970.8540810030556
 794.2837433809775 -593.9238759849429 -226.8793824809451 828.9573676681498 289.5413922500031
 2530.470266006624 -1433.365587594102 1599.234655651477 -2177.775604551081 -290.1289283436797
 -198.0943891492274 -894.9439805674821 902.108189938448 -577.7942071206314 800.4796933347745
 195.6009945017936 748.8265446293565 -842.1866030762221 -242.1694499013026 574.0220405008442
 491.7976411734332 -295.3564669697105 150.4096487327922 -88.87686025910466 -357.2413124324657
 -371.2046810622857 -419.7624979052182 772.0431990067889 -733.2395976955778 176.6459103348172
 783.0722337157825 -217.4531142243782 1178.287726383061 3089.892334990104 -789.2597672869551
 -198.0943891492274 -894.9439805674821 902.108189938448 -577.7942071206314 800.4796933347745
 -750.319802930802 -474.2536609641996 -6512.687992854091 -3106.351375062698 -2666.240503430424
 1709.377785534973 -910.7643573523699 -363.1959058951067 1669.332611665212 370.6022974854011
 195.6009945017936 748.8265446293565 -842.1866030762221 -242.1694499013026 574.0220405008442
 -589.4069517416049 1332.340796310594 -92.99807415638486 -4858.49374212949 568.119122159593
 691.5436921974078 -439.1193956927474 -405.8424397318548 453.3130462000531 -213.3878039449836
 918.5635369769061 200.4311986797723 -48.66338907968498 -54.61147750458952 -970.8540810030556
 -196.1695042254793 100.9900743091548 -685.2933210692652 -3.500336485123739 618.3210368840535
 35.28332264408073 329.7651333906272 -974.2226521349876 829.0976795853342 -118.8588493782797
 -382.5813538913718 317.5200219955819 1161.035178268307 -1984.45457438428 -1131.927105067722
 -198.0943891492274 -894.9439805674821 902.108189938448 -577.7942071206314 800.4796933347745
 -147.1284265017504 379.1831096999692 857.8084257316691 567.7900652539249 827.448593309648
 -2821.665138237082 -1006.525391849399 1357.970205602909 177.4615304797833 1382.742439704359
 -198.0943891492274 -894.9439805674821 902.108189938448 -577.7942071206314 800.4796933347745
 691.5436921974078 -439.1193956927474 -405.8424397318548 453.3130462000531 -213.3878039449836
 691.5436921974078 -439.1193956927474 -405.8424397318548 453.3130462000531 -213.3878039449836
 -1884.844230814028 996.1284410040528 2895.058003117264 -2161.043501937186 -2.485197517081417
 868.0643035807136 -960.2714467329193 68.18346524149865 331.44068160948 -767.6624197872907
 -198.0943891492274 -894.9439805674821 902.108189938448 -577.7942071206314 800.4796933347745
 -678.0009863803318 -486.4856891946047 591.1408202801247 -753.9648191008521 -422.8845570651639
 311.2821593813753 -662.3419649878538 941.1446639235273 406.0687716301616 445.2903959106234
 -641.1009158433374 -870.5694064858568 783.5287821932943 103.8901873507327 50.22268775835096
 -198.0943891492274 -894.9439805674821 902.108189938448 -577.7942071206314 800.4796933347745
 -198.0943891492274 -894.9439805674821 902.108189938448 -577.7942071206314 800.4796933347745
 -147.1284265017504 379.1831096999692 857.8084257316691 567.7900652539249 827.448593309648
 743.9967877653064 -28.82186567235567 623.0249625252193 -505.6242489914858 -689.9980751520409
 641.3872541336407 837.4424770782166 -799.5256142284418 -775.629065022453 694.7828524084787
 -198.0943891492274 -894.9439805674821 902.108189938448 -577.7942071206314 800.4796933347745
 -839.6197217134421 1241.121627477615 -3349.887018952129 -1349.099597294502 -566.8921988444463
 402.9585939318492 654.9255390935994 -742.4207036014643 395.7263304961436 394.6226382761365
 868.0643035807136 -960.2714467329193 68.18346524149865 331.44068160948 -767.6624197872907
 76.62360680138681 847.3801453879676 -504.9519748299908 -28.93655787418129 -336.7608354394155
 743.9967877653064 -28.82186567235567 623.0249625252193 -505.6242489914858 -689.9980751520409
 -198.0943891492274 -894.9439805674821 902.108189938448 -577.7942071206314 800.4796933347745
 918.5635369769061 200.4311986797723 -48.66338907968498 -54.61147750458952 -970.8540810030556
 -198.0943891492274 -894.9439805674821 902.108189938448 -577.7942071206314 800.4796933347745
 672.3967158425328 342.5762751258337 489.1201824886007 750.3571190954638 210.3090628584316
 641.3872541336407 837.4424770782166 -799.5256142284418 -775.629065022453 694.7828524084787
 35.28332264408073 329.7651333906272 -974.2226521349876 829.0976795853342 -118.8588493782797
 -86.02605903179273 -349.7923843132747 1191.369323069366 -397.6865863341683 -505.6248836484287
 -198.0943891492274 -894.9439805674821 902.108189938448 -577.7942071206314 800.4796933347745
 195.6009945017936 748.8265446293565 -842.1866030762221 -242.1694499013026 574.0220405008442
 594.6336834894441 1590.598402159864 -1612.971456173306 -2046.171567072615 1648.726228521387
 4179.763848195265 1607.114248698483 650.1400783487306 2893.090581719421 147.3823357628945
 1531.859568055062 3010.552640377543 2963.272486349676 360.4672972283715 1045.045164389791
 -792.1188376665916 1318.325421867071 26.16226654645311 905.9458253288036 657.5384601868125
