# Created by Octave 4.2.1, Mon Oct 09 17:18:57 2017 BRT <root@mosqueiro>
# name: pop
# type: matrix
# rows: 100
# columns: 5
 -922.4387560238375 422.534544850865 -125.0128506303313 591.3513039625861 35.61498341077896
 -949.3501094302809 328.1792227366875 -327.7998549818341 363.6395403821098 591.0421121212014
 -1497.144453212333 1150.124009281358 283.0056356911414 971.8071702866456 -1009.684825663433
 -252.0888064199843 173.3796006406802 -298.0342640809105 497.5152987301517 283.9155536459955
 -740.0812443056229 -261.0217900321334 -36.46923379602072 812.9975577392072 269.7047144134333
 -740.0812443056229 -261.0217900321334 -36.46923379602072 812.9975577392072 269.7047144134333
 -949.3501094302809 328.1792227366875 -327.7998549818341 363.6395403821098 591.0421121212014
 -956.1012381375904 -370.6753739335109 31.70677241923482 600.0854039063296 165.3991853629657
 -740.0812443056229 -261.0217900321334 -36.46923379602072 812.9975577392072 269.7047144134333
 -1284.460182087532 -205.9005367570295 -1951.447967324443 -1824.243620582673 -719.2775479273997
 -649.36698268611 -299.821971609536 -413.0194421573202 197.5348090787667 102.7604222256128
 -766.5851141051115 -398.1970575963172 4.220759684968748 951.2911654540178 177.3988701745242
 -740.0812443056229 -261.0217900321334 -36.46923379602072 812.9975577392072 269.7047144134333
 -922.4387560238375 422.534544850865 -125.0128506303313 591.3513039625861 35.61498341077896
 -949.3501094302809 328.1792227366875 -327.7998549818341 363.6395403821098 591.0421121212014
 -740.0812443056229 -261.0217900321334 -36.46923379602072 812.9975577392072 269.7047144134333
 -956.1012381375904 -370.6753739335109 31.70677241923482 600.0854039063296 165.3991853629657
 -740.0812443056229 -261.0217900321334 -36.46923379602072 812.9975577392072 269.7047144134333
 -949.3501094302809 328.1792227366875 -327.7998549818341 363.6395403821098 591.0421121212014
 -949.3501094302809 328.1792227366875 -327.7998549818341 363.6395403821098 591.0421121212014
 -949.3501094302809 328.1792227366875 -327.7998549818341 363.6395403821098 591.0421121212014
 -740.0812443056229 -261.0217900321334 -36.46923379602072 812.9975577392072 269.7047144134333
 -818.5219726958899 177.9639866644299 -50.72365610905261 867.2932040921113 189.090330733235
 -740.0812443056229 -261.0217900321334 -36.46923379602072 812.9975577392072 269.7047144134333
 -740.0812443056229 -261.0217900321334 -36.46923379602072 812.9975577392072 269.7047144134333
 -949.3501094302809 328.1792227366875 -327.7998549818341 363.6395403821098 591.0421121212014
 -740.0812443056229 -261.0217900321334 -36.46923379602072 812.9975577392072 269.7047144134333
 -775.5778153617103 -196.8205441551589 -86.94995531413916 951.2897208032603 54.97436724996467
 -949.3501094302809 328.1792227366875 -327.7998549818341 363.6395403821098 591.0421121212014
 -922.4387560238375 422.534544850865 -125.0128506303313 591.3513039625861 35.61498341077896
 -740.0812443056229 -261.0217900321334 -36.46923379602072 812.9975577392072 269.7047144134333
 -949.3501094302809 328.1792227366875 -327.7998549818341 363.6395403821098 591.0421121212014
 -1284.460182087532 -205.9005367570295 -1951.447967324443 -1824.243620582673 -719.2775479273997
 -740.0812443056229 -261.0217900321334 -36.46923379602072 812.9975577392072 269.7047144134333
 -949.3501094302809 328.1792227366875 -327.7998549818341 363.6395403821098 591.0421121212014
 -949.3501094302809 328.1792227366875 -327.7998549818341 363.6395403821098 591.0421121212014
 -92.7459867652662 154.7693339220542 44.05367424690508 526.818003306997 -121.1187230137199
 -949.3501094302809 328.1792227366875 -327.7998549818341 363.6395403821098 591.0421121212014
 -949.3501094302809 328.1792227366875 -327.7998549818341 363.6395403821098 591.0421121212014
 -922.4387560238375 422.534544850865 -125.0128506303313 591.3513039625861 35.61498341077896
 -740.0812443056229 -261.0217900321334 -36.46923379602072 812.9975577392072 269.7047144134333
 -740.0812443056229 -261.0217900321334 -36.46923379602072 812.9975577392072 269.7047144134333
 -740.0812443056229 -261.0217900321334 -36.46923379602072 812.9975577392072 269.7047144134333
 -740.0812443056229 -261.0217900321334 -36.46923379602072 812.9975577392072 269.7047144134333
 -949.3501094302809 328.1792227366875 -327.7998549818341 363.6395403821098 591.0421121212014
 -1115.958808937092 130.0514372268689 -328.720720761679 278.5380237918048 499.3517821449677
 -949.3501094302809 328.1792227366875 -327.7998549818341 363.6395403821098 591.0421121212014
 -740.0812443056229 -261.0217900321334 -36.46923379602072 812.9975577392072 269.7047144134333
 -665.1196666278363 -478.819193535796 441.6914962398827 850.6257142844714 211.5257073640424
 -724.769308915971 -465.0141751601053 -79.93223662630905 996.1481558995899 282.8415778241296
 -313.9317476685852 -440.1228811519476 -307.4876184778257 1482.195744778685 236.8161539476607
 -949.3501094302809 328.1792227366875 -327.7998549818341 363.6395403821098 591.0421121212014
 -818.5219726958899 177.9639866644299 -50.72365610905261 867.2932040921113 189.090330733235
 -740.0812443056229 -261.0217900321334 -36.46923379602072 812.9975577392072 269.7047144134333
 -740.0812443056229 -261.0217900321334 -36.46923379602072 812.9975577392072 269.7047144134333
 -922.4387560238375 422.534544850865 -125.0128506303313 591.3513039625861 35.61498341077896
 -949.3501094302809 328.1792227366875 -327.7998549818341 363.6395403821098 591.0421121212014
 -740.0812443056229 -261.0217900321334 -36.46923379602072 812.9975577392072 269.7047144134333
 -949.3501094302809 328.1792227366875 -327.7998549818341 363.6395403821098 591.0421121212014
 -949.3501094302809 328.1792227366875 -327.7998549818341 363.6395403821098 591.0421121212014
 -740.0812443056229 -261.0217900321334 -36.46923379602072 812.9975577392072 269.7047144134333
 -949.3501094302809 328.1792227366875 -327.7998549818341 363.6395403821098 591.0421121212014
 -740.0812443056229 -261.0217900321334 -36.46923379602072 812.9975577392072 269.7047144134333
 -740.0812443056229 -261.0217900321334 -36.46923379602072 812.9975577392072 269.7047144134333
 -849.993302265058 47.507561467799 998.2634819350847 1113.557880804493 1579.775696436856
 -740.0812443056229 -261.0217900321334 -36.46923379602072 812.9975577392072 269.7047144134333
 -740.0812443056229 -261.0217900321334 -36.46923379602072 812.9975577392072 269.7047144134333
 -252.0888064199843 173.3796006406802 -298.0342640809105 497.5152987301517 283.9155536459955
 -949.3501094302809 328.1792227366875 -327.7998549818341 363.6395403821098 591.0421121212014
 -987.382666885538 58.84902253675875 -800.4631812263812 351.7860615324532 1322.86862258257
 -949.3501094302809 328.1792227366875 -327.7998549818341 363.6395403821098 591.0421121212014
 -922.4387560238375 422.534544850865 -125.0128506303313 591.3513039625861 35.61498341077896
 -677.4700022293598 1.833802638566226 358.208403648453 1553.059630179051 -173.1878527874107
 -740.0812443056229 -261.0217900321334 -36.46923379602072 812.9975577392072 269.7047144134333
 -740.0812443056229 -261.0217900321334 -36.46923379602072 812.9975577392072 269.7047144134333
 -252.0888064199843 173.3796006406802 -298.0342640809105 497.5152987301517 283.9155536459955
 -949.3501094302809 328.1792227366875 -327.7998549818341 363.6395403821098 591.0421121212014
 -987.382666885538 58.84902253675875 -800.4631812263812 351.7860615324532 1322.86862258257
 -949.3501094302809 328.1792227366875 -327.7998549818341 363.6395403821098 591.0421121212014
 -949.3501094302809 328.1792227366875 -327.7998549818341 363.6395403821098 591.0421121212014
 -624.2286673139754 273.7719549968889 -22.81779593678222 710.9913285217737 -80.65769466872894
 -716.1301343443212 -315.0753836068093 102.4530625335082 774.6054065249635 256.3558727052818
 -871.9477130287812 81.69856949235415 -319.4814893551471 215.6694529709064 851.8972152820082
 -871.8757562547933 -2.919390255052861 -158.5773399513396 646.219259481462 447.1697330149249
