# Created by Octave 4.2.1, Mon Oct 09 17:19:05 2017 BRT <root@mosqueiro>
# name: pop
# type: matrix
# rows: 100
# columns: 5
 -890.4859804495616 374.4288634100113 -121.9791359105691 494.8518481982784 142.4318233402542
 -890.4859804495616 374.4288634100113 -121.9791359105691 494.8518481982784 142.4318233402542
 -898.1384308813491 384.3728573136543 -117.6811210422764 494.771259476615 139.2395092578476
 -926.8081957216854 448.0185506352606 -108.3600930488532 578.4587457332686 -26.2654489658977
 -898.330748938852 384.9769342641647 -119.4649488495087 493.0826402215598 141.0886312478332
 -908.5885958178926 437.3358543849483 -119.0482644431383 640.7802875565473 25.39251596109723
 -890.4859804495616 374.4288634100113 -121.9791359105691 494.8518481982784 142.4318233402542
 -957.1171658963643 344.2696292569207 -330.1573757835191 365.9246597478426 580.9280080315252
 -890.4859804495616 374.4288634100113 -121.9791359105691 494.8518481982784 142.4318233402542
 -890.4859804495616 374.4288634100113 -121.9791359105691 494.8518481982784 142.4318233402542
 -898.330748938852 384.9769342641647 -119.4649488495087 493.0826402215598 141.0886312478332
 -890.4859804495616 374.4288634100113 -121.9791359105691 494.8518481982784 142.4318233402542
 -894.7324558324568 376.9718403124309 -119.0247615560578 495.7286491983705 141.8803459641845
 -890.4859804495616 374.4288634100113 -121.9791359105691 494.8518481982784 142.4318233402542
 -958.6690571618232 345.5235424359493 -330.8093401848893 365.2521146620747 579.1457357440687
 -890.4859804495616 374.4288634100113 -121.9791359105691 494.8518481982784 142.4318233402542
 -922.4387560238375 422.534544850865 -125.0128506303313 591.3513039625861 35.61498341077896
 -958.6690571618232 345.5235424359493 -330.8093401848893 365.2521146620747 579.1457357440687
 -898.330748938852 384.9769342641647 -119.4649488495087 493.0826402215598 141.0886312478332
 -895.0227352247257 386.1765187023433 -121.4209855680356 492.3107004542056 141.5137785394974
 -893.6230672022243 373.6404741273672 -119.8507589412693 495.3248496200795 140.2121666912323
 -890.4859804495616 374.4288634100113 -121.9791359105691 494.8518481982784 142.4318233402542
 -890.4859804495616 374.4288634100113 -121.9791359105691 494.8518481982784 142.4318233402542
 -890.4859804495616 374.4288634100113 -121.9791359105691 494.8518481982784 142.4318233402542
 -890.4859804495616 374.4288634100113 -121.9791359105691 494.8518481982784 142.4318233402542
 -890.4859804495616 374.4288634100113 -121.9791359105691 494.8518481982784 142.4318233402542
 -958.6690571618232 345.5235424359493 -330.8093401848893 365.2521146620747 579.1457357440687
 -890.4859804495616 374.4288634100113 -121.9791359105691 494.8518481982784 142.4318233402542
 -922.4387560238375 422.534544850865 -125.0128506303313 591.3513039625861 35.61498341077896
 -890.4859804495616 374.4288634100113 -121.9791359105691 494.8518481982784 142.4318233402542
 -949.3501094302809 328.1792227366875 -327.7998549818341 363.6395403821098 591.0421121212014
 -894.7324558324568 376.9718403124309 -119.0247615560578 495.7286491983705 141.8803459641845
 -941.362779225544 428.1518289349605 -151.3726550827922 619.2882170582583 64.22515667136491
 -890.4859804495616 374.4288634100113 -121.9791359105691 494.8518481982784 142.4318233402542
 -949.3501094302809 328.1792227366875 -327.7998549818341 363.6395403821098 591.0421121212014
 -898.330748938852 384.9769342641647 -119.4649488495087 493.0826402215598 141.0886312478332
 -898.330748938852 384.9769342641647 -119.4649488495087 493.0826402215598 141.0886312478332
 -890.4859804495616 374.4288634100113 -121.9791359105691 494.8518481982784 142.4318233402542
 -898.330748938852 384.9769342641647 -119.4649488495087 493.0826402215598 141.0886312478332
 -890.4859804495616 374.4288634100113 -121.9791359105691 494.8518481982784 142.4318233402542
 -890.4859804495616 374.4288634100113 -121.9791359105691 494.8518481982784 142.4318233402542
 -898.330748938852 384.9769342641647 -119.4649488495087 493.0826402215598 141.0886312478332
 -922.4387560238375 422.534544850865 -125.0128506303313 591.3513039625861 35.61498341077896
 -923.2760684297428 421.6583668164366 -126.0221965987921 589.9009819478523 37.82142784440577
 -890.4859804495616 374.4288634100113 -121.9791359105691 494.8518481982784 142.4318233402542
 -923.2760684297428 421.6583668164366 -126.0221965987921 589.9009819478523 37.82142784440577
 -898.330748938852 384.9769342641647 -119.4649488495087 493.0826402215598 141.0886312478332
 -890.4859804495616 374.4288634100113 -121.9791359105691 494.8518481982784 142.4318233402542
 -898.330748938852 384.9769342641647 -119.4649488495087 493.0826402215598 141.0886312478332
 -958.6690571618232 345.5235424359493 -330.8093401848893 365.2521146620747 579.1457357440687
 -923.2760684297428 421.6583668164366 -126.0221965987921 589.9009819478523 37.82142784440577
 -926.8081957216854 448.0185506352606 -108.3600930488532 578.4587457332686 -26.2654489658977
 -898.330748938852 384.9769342641647 -119.4649488495087 493.0826402215598 141.0886312478332
 -890.4859804495616 374.4288634100113 -121.9791359105691 494.8518481982784 142.4318233402542
 -898.330748938852 384.9769342641647 -119.4649488495087 493.0826402215598 141.0886312478332
 -898.330748938852 384.9769342641647 -119.4649488495087 493.0826402215598 141.0886312478332
 -898.330748938852 384.9769342641647 -119.4649488495087 493.0826402215598 141.0886312478332
 -898.330748938852 384.9769342641647 -119.4649488495087 493.0826402215598 141.0886312478332
 -921.1620195014294 421.7065147289812 -127.1025494313489 590.0882319774653 36.42373927085664
 -890.4859804495616 374.4288634100113 -121.9791359105691 494.8518481982784 142.4318233402542
 -894.7324558324568 376.9718403124309 -119.0247615560578 495.7286491983705 141.8803459641845
 -890.4859804495616 374.4288634100113 -121.9791359105691 494.8518481982784 142.4318233402542
 -890.4859804495616 374.4288634100113 -121.9791359105691 494.8518481982784 142.4318233402542
 -890.4859804495616 374.4288634100113 -121.9791359105691 494.8518481982784 142.4318233402542
 -922.4387560238375 422.534544850865 -125.0128506303313 591.3513039625861 35.61498341077896
 -898.1384308813491 384.3728573136543 -117.6811210422764 494.771259476615 139.2395092578476
 -923.8394377744058 423.3528703020049 -125.0438858182515 587.8001912146131 35.5361581995405
 -894.7324558324568 376.9718403124309 -119.0247615560578 495.7286491983705 141.8803459641845
 -899.8547391585339 384.3026819496681 -114.7917928841543 492.9804332759949 138.9158581547204
 -890.4859804495616 374.4288634100113 -121.9791359105691 494.8518481982784 142.4318233402542
 -890.4859804495616 374.4288634100113 -121.9791359105691 494.8518481982784 142.4318233402542
 -890.4859804495616 374.4288634100113 -121.9791359105691 494.8518481982784 142.4318233402542
 -898.330748938852 384.9769342641647 -119.4649488495087 493.0826402215598 141.0886312478332
 -890.4859804495616 374.4288634100113 -121.9791359105691 494.8518481982784 142.4318233402542
 -946.5800964626044 421.8042360111521 -148.047736676037 628.4522506702981 58.41513703749531
 -890.4859804495616 374.4288634100113 -121.9791359105691 494.8518481982784 142.4318233402542
 -890.4859804495616 374.4288634100113 -121.9791359105691 494.8518481982784 142.4318233402542
 -899.0761635287282 382.5914563228328 -119.3216454996285 490.124960262771 138.958062325261
 -898.330748938852 384.9769342641647 -119.4649488495087 493.0826402215598 141.0886312478332
 -937.2218650570467 419.8361013121491 -143.5103568876467 620.5678412176662 65.80196372664132
 -898.7824390100856 385.3339682448919 -119.2806846926054 493.8986075432559 141.0814719557524
 -890.1327229272304 374.4976208682963 -121.0159135546155 495.6859419781742 142.6816259649449
 -890.8627261101029 374.9492196507829 -121.4362400395674 494.8753764083987 142.4235940576229
 -888.5910805448774 374.2621101757348 -122.1826595417364 494.325078760521 141.8409809261389
