# Created by Octave 4.2.1, Mon Oct 09 17:19:42 2017 BRT <root@mosqueiro>
# name: pop
# type: matrix
# rows: 100
# columns: 5
 526.8253220673363 -162.026151474585 -150.7393692095778 -1184.528278584616 969.4744362925356
 526.7552571690852 -162.0000010595106 -150.6615231697635 -1184.488927133723 969.3891990148517
 522.3642447641471 -143.3770995595108 -136.1768204508369 -1197.348432455652 954.5341508634774
 522.0786822952186 -144.7660265693678 -136.6214933001503 -1196.802015062878 955.1855268304297
 526.8262164306618 -162.0241158850237 -150.7374775086528 -1184.526050360831 969.4731382561058
 526.8253220673363 -162.026151474585 -150.7393692095778 -1184.528278584616 969.4744362925356
 526.8253220673363 -162.026151474585 -150.7393692095778 -1184.528278584616 969.4744362925356
 522.8402280689218 -159.9091140118342 -156.7935654322187 -1185.742091374637 981.282411788386
 523.6038190175393 -142.9208341688555 -139.4616300666888 -1198.288303577385 958.2445012351222
 522.0786822952186 -144.7660265693678 -136.6214933001503 -1196.802015062878 955.1855268304297
 522.08368144801 -144.7702046227929 -136.6253372761669 -1196.803114671753 955.211949260088
 526.8262164306618 -162.0241158850237 -150.7374775086528 -1184.526050360831 969.4731382561058
 522.2437742614701 -144.9924157805565 -136.5962582105276 -1196.903313951449 955.4315910144229
 522.2437742614701 -144.9924157805565 -136.5962582105276 -1196.903313951449 955.4315910144229
 526.7552571690852 -162.0000010595106 -150.6615231697635 -1184.488927133723 969.3891990148517
 522.2540864063513 -144.9786225164218 -136.6078500297684 -1196.898968889938 955.4185571719852
 522.0786822952186 -144.7660265693678 -136.6214933001503 -1196.802015062878 955.1855268304297
 522.067766190607 -144.7558249148298 -136.6257848889232 -1196.823495710516 955.1964631619286
 526.7490654061849 -161.998806319508 -150.6656077625139 -1184.491345303441 969.3935290173653
 526.7968173367833 -162.0869367437471 -150.6980612459867 -1184.500596640045 969.4734825736381
 522.2540864063513 -144.9786225164218 -136.6078500297684 -1196.898968889938 955.4185571719852
 526.7516582738568 -161.9959146577221 -150.671746900877 -1184.489050453394 969.4009042333055
 526.7968173367833 -162.0869367437471 -150.6980612459867 -1184.500596640045 969.4734825736381
 526.8314452100623 -162.0254337768645 -150.741795714888 -1184.523028050466 969.4747266809284
 526.8024212040976 -162.0515890628263 -150.6985833371187 -1184.494644497764 969.4625279685678
 526.7686148292291 -162.020594606562 -150.686611372852 -1184.520331629504 969.4768891278654
 522.2354138204813 -144.9917789542026 -136.5937052122417 -1196.909237424856 955.4318300009509
 522.2437742614701 -144.9924157805565 -136.5962582105276 -1196.903313951449 955.4315910144229
 526.8262164306618 -162.0241158850237 -150.7374775086528 -1184.526050360831 969.4731382561058
 522.0825338903048 -144.7645498679427 -136.6206802206275 -1196.800807081255 955.1937501121948
 526.84930330241 -161.8698589943575 -150.6728292854701 -1184.420464653817 969.3648044311084
 526.8432633420753 -162.0697890297784 -150.6947973152942 -1184.507428638208 969.4629463698438
 526.7490654061849 -161.998806319508 -150.6656077625139 -1184.491345303441 969.3935290173653
 526.8024212040976 -162.0515890628263 -150.6985833371187 -1184.494644497764 969.4625279685678
 526.7490654061849 -161.998806319508 -150.6656077625139 -1184.491345303441 969.3935290173653
 526.7516582738568 -161.9959146577221 -150.671746900877 -1184.489050453394 969.4009042333055
 526.8252225329519 -162.0177957774187 -150.7315956124481 -1184.529338471458 969.4669493223547
 522.08368144801 -144.7702046227929 -136.6253372761669 -1196.803114671753 955.211949260088
 522.2437742614701 -144.9924157805565 -136.5962582105276 -1196.903313951449 955.4315910144229
 522.3642447641471 -143.3770995595108 -136.1768204508369 -1197.348432455652 954.5341508634774
 526.8408543469892 -162.0671063135214 -150.6948538864573 -1184.500248844822 969.4591907857334
 526.7490654061849 -161.998806319508 -150.6656077625139 -1184.491345303441 969.3935290173653
 522.2840280893602 -144.863476896188 -136.4985452234696 -1196.787871590942 955.4426698043892
 522.067766190607 -144.7558249148298 -136.6257848889232 -1196.823495710516 955.1964631619286
 522.2437742614701 -144.9924157805565 -136.5962582105276 -1196.903313951449 955.4315910144229
 523.2347994357314 -159.7085838385488 -157.4346224824637 -1185.348993751201 979.8404049990286
 526.7490654061849 -161.998806319508 -150.6656077625139 -1184.491345303441 969.3935290173653
 526.8262164306618 -162.0241158850237 -150.7374775086528 -1184.526050360831 969.4731382561058
 523.2347994357314 -159.7085838385488 -157.4346224824637 -1185.348993751201 979.8404049990286
 526.8262164306618 -162.0241158850237 -150.7374775086528 -1184.526050360831 969.4731382561058
 526.7686148292291 -162.020594606562 -150.686611372852 -1184.520331629504 969.4768891278654
 526.8262164306618 -162.0241158850237 -150.7374775086528 -1184.526050360831 969.4731382561058
 526.8262164306618 -162.0241158850237 -150.7374775086528 -1184.526050360831 969.4731382561058
 526.8262164306618 -162.0241158850237 -150.7374775086528 -1184.526050360831 969.4731382561058
 522.0786822952186 -144.7660265693678 -136.6214933001503 -1196.802015062878 955.1855268304297
 526.8262164306618 -162.0241158850237 -150.7374775086528 -1184.526050360831 969.4731382561058
 526.8262164306618 -162.0241158850237 -150.7374775086528 -1184.526050360831 969.4731382561058
 526.7490654061849 -161.998806319508 -150.6656077625139 -1184.491345303441 969.3935290173653
 522.2453486340951 -144.9447216424398 -136.6851399299056 -1196.859980526202 955.4339467417282
 526.8262164306618 -162.0241158850237 -150.7374775086528 -1184.526050360831 969.4731382561058
 526.8253220673363 -162.026151474585 -150.7393692095778 -1184.528278584616 969.4744362925356
 526.7968173367833 -162.0869367437471 -150.6980612459867 -1184.500596640045 969.4734825736381
 522.0786822952186 -144.7660265693678 -136.6214933001503 -1196.802015062878 955.1855268304297
 522.0768374016826 -144.7630414534177 -136.626739540363 -1196.796035996287 955.1825957494167
 522.8402280689218 -159.9091140118342 -156.7935654322187 -1185.742091374637 981.282411788386
 526.8262164306618 -162.0241158850237 -150.7374775086528 -1184.526050360831 969.4731382561058
 526.7968173367833 -162.0869367437471 -150.6980612459867 -1184.500596640045 969.4734825736381
 526.8262164306618 -162.0241158850237 -150.7374775086528 -1184.526050360831 969.4731382561058
 526.8262164306618 -162.0241158850237 -150.7374775086528 -1184.526050360831 969.4731382561058
 526.7490654061849 -161.998806319508 -150.6656077625139 -1184.491345303441 969.3935290173653
 526.8262164306618 -162.0241158850237 -150.7374775086528 -1184.526050360831 969.4731382561058
 522.2437742614701 -144.9924157805565 -136.5962582105276 -1196.903313951449 955.4315910144229
 522.0786822952186 -144.7660265693678 -136.6214933001503 -1196.802015062878 955.1855268304297
 526.8262164306618 -162.0241158850237 -150.7374775086528 -1184.526050360831 969.4731382561058
 526.8262164306618 -162.0241158850237 -150.7374775086528 -1184.526050360831 969.4731382561058
 526.7968173367833 -162.0869367437471 -150.6980612459867 -1184.500596640045 969.4734825736381
 522.9722447512909 -144.7631036988057 -136.9340859855417 -1196.96985922816 955.267362602366
 526.8016584964239 -162.0570795896546 -150.6987108726505 -1184.490196490481 969.4625915702228
 522.0786822952186 -144.7660265693678 -136.6214933001503 -1196.802015062878 955.1855268304297
 522.0768374016826 -144.7630414534177 -136.626739540363 -1196.796035996287 955.1825957494167
 526.8398895335432 -162.0678047062941 -150.6943679529957 -1184.500839078404 969.4594931905079
 526.825096592035 -162.0237693295249 -150.7391151364278 -1184.527856497406 969.4711765238211
 526.8240988083778 -162.0227459321929 -150.7381242562514 -1184.527517140298 969.4734915369471
 522.2574247396262 -144.9852267531358 -136.5994658420954 -1196.904123373275 955.427946113497
