# Created by Octave 4.2.1, Mon Oct 09 17:18:39 2017 BRT <root@mosqueiro>
# name: pop
# type: matrix
# rows: 100
# columns: 5
 277.9454793984905 571.2664502986557 -61.74939219782326 82.08259722808667 -870.3314972004326
 277.9454793984905 571.2664502986557 -61.74939219782326 82.08259722808667 -870.3314972004326
 274.6051458471343 555.6054801718069 -42.46881443414684 96.98456172521557 -884.2705357880952
 277.9454793984905 571.2664502986557 -61.74939219782326 82.08259722808667 -870.3314972004326
 277.9454793984905 571.2664502986557 -61.74939219782326 82.08259722808667 -870.3314972004326
 277.9454793984905 571.2664502986557 -61.74939219782326 82.08259722808667 -870.3314972004326
 275.0891519511764 559.2197734636418 -30.30911051838261 91.97332035985944 -895.9308425192876
 277.8609012503795 571.3462292230679 -61.80706661315776 82.25320027246339 -870.2952506118507
 277.9184237898287 571.4439708075266 -61.68417074578902 81.85223218597832 -869.7658094251075
 272.6676189277657 557.9337606198454 -43.13633557854077 96.73949272820376 -884.8980829012178
 275.1034941306718 559.2894061263092 -30.36252981372302 91.87918033238763 -895.9536919560534
 274.5111304061347 559.1510676944404 -30.39968642498437 91.80118041742564 -895.7227068543089
 272.6676189277657 557.9337606198454 -43.13633557854077 96.73949272820376 -884.8980829012178
 277.9790878820278 571.3316651649593 -61.77111455157858 82.30970209651275 -870.251091557075
 277.9432307292327 571.4158119436738 -61.65355847881305 82.11452694101365 -870.3568414137026
 274.8940818405725 555.6524036921261 -42.9600602065253 97.30173520789509 -883.8879116206983
 275.1736011258451 559.2953700837068 -30.37126472685173 91.84230773544583 -895.98681207501
 273.6331974099488 557.8310345694182 -41.59941365658759 98.02552994534159 -885.0875374557502
 277.9454793984905 571.2664502986557 -61.74939219782326 82.08259722808667 -870.3314972004326
 280.0980595751103 573.0158506254436 -56.91151295923099 84.77883152109297 -877.4244008498563
 274.6432724505069 557.111088829119 -30.24470224621357 94.46307691806105 -893.0967538525116
 275.1034941306718 559.2894061263092 -30.36252981372302 91.87918033238763 -895.9536919560534
 277.9454793984905 571.2664502986557 -61.74939219782326 82.08259722808667 -870.3314972004326
 277.9386271891328 571.4123859549967 -61.70860077720152 82.11380992095302 -870.4140096146496
 272.6676189277657 557.9337606198454 -43.13633557854077 96.73949272820376 -884.8980829012178
 277.9454793984905 571.2664502986557 -61.74939219782326 82.08259722808667 -870.3314972004326
 277.9454793984905 571.2664502986557 -61.74939219782326 82.08259722808667 -870.3314972004326
 272.6676189277657 557.9337606198454 -43.13633557854077 96.73949272820376 -884.8980829012178
 272.7454357534234 558.2747767834886 -43.09376013410338 97.40165341300307 -885.6674139675329
 275.1034941306718 559.2894061263092 -30.36252981372302 91.87918033238763 -895.9536919560534
 277.9454793984905 571.2664502986557 -61.74939219782326 82.08259722808667 -870.3314972004326
 275.1779842232056 558.8117037140017 -30.05325428808083 91.95394131860103 -895.9912911934673
 272.7454357534234 558.2747767834886 -43.09376013410338 97.40165341300307 -885.6674139675329
 275.3397802196097 557.4608295022515 -30.1492095648673 93.10257385717863 -894.1760889819694
 277.9386271891328 571.4123859549967 -61.70860077720152 82.11380992095302 -870.4140096146496
 277.901769707046 571.3076995065585 -61.74441332257424 82.12058555403866 -870.3418074099038
 272.8439768251361 557.8724649733741 -43.0118790824416 96.6443325319876 -884.9608003657335
 277.9454793984905 571.2664502986557 -61.74939219782326 82.08259722808667 -870.3314972004326
 272.6676189277657 557.9337606198454 -43.13633557854077 96.73949272820376 -884.8980829012178
 272.6676189277657 557.9337606198454 -43.13633557854077 96.73949272820376 -884.8980829012178
 272.6676189277657 557.9337606198454 -43.13633557854077 96.73949272820376 -884.8980829012178
 277.9454793984905 571.2664502986557 -61.74939219782326 82.08259722808667 -870.3314972004326
 277.9454793984905 571.2664502986557 -61.74939219782326 82.08259722808667 -870.3314972004326
 280.0980595751103 573.0158506254436 -56.91151295923099 84.77883152109297 -877.4244008498563
 272.6676189277657 557.9337606198454 -43.13633557854077 96.73949272820376 -884.8980829012178
 272.6676189277657 557.9337606198454 -43.13633557854077 96.73949272820376 -884.8980829012178
 275.1034941306718 559.2894061263092 -30.36252981372302 91.87918033238763 -895.9536919560534
 276.8211865280622 572.3842208314223 -61.13508009285604 82.04332516806828 -870.1536153956773
 272.6676189277657 557.9337606198454 -43.13633557854077 96.73949272820376 -884.8980829012178
 277.9454793984905 571.2664502986557 -61.74939219782326 82.08259722808667 -870.3314972004326
 277.9454793984905 571.2664502986557 -61.74939219782326 82.08259722808667 -870.3314972004326
 274.9935543424311 559.2743648521144 -30.40285542701392 91.88497218434809 -895.9365679319798
 275.1132444501068 559.2262832236089 -30.39092546938408 91.86227076982325 -895.9977978196266
 275.298955362172 559.0875702575015 -29.99997161093873 91.96645245638553 -895.9939722306325
 272.6676189277657 557.9337606198454 -43.13633557854077 96.73949272820376 -884.8980829012178
 277.901769707046 571.3076995065585 -61.74441332257424 82.12058555403866 -870.3418074099038
 277.9454793984905 571.2664502986557 -61.74939219782326 82.08259722808667 -870.3314972004326
 272.6676189277657 557.9337606198454 -43.13633557854077 96.73949272820376 -884.8980829012178
 275.0891519511764 559.2197734636418 -30.30911051838261 91.97332035985944 -895.9308425192876
 277.9454793984905 571.2664502986557 -61.74939219782326 82.08259722808667 -870.3314972004326
 277.9454793984905 571.2664502986557 -61.74939219782326 82.08259722808667 -870.3314972004326
 277.0535977085548 560.1655894558098 -29.71775928470947 92.9215731382549 -896.3882931034374
 273.0062107816777 557.9658215095584 -41.74253053319762 96.75778664597188 -884.8951401740487
 277.9386271891328 571.4123859549967 -61.70860077720152 82.11380992095302 -870.4140096146496
 276.8211865280622 572.3842208314223 -61.13508009285604 82.04332516806828 -870.1536153956773
 277.9454793984905 571.2664502986557 -61.74939219782326 82.08259722808667 -870.3314972004326
 272.7454357534234 558.2747767834886 -43.09376013410338 97.40165341300307 -885.6674139675329
 277.9386271891328 571.4123859549967 -61.70860077720152 82.11380992095302 -870.4140096146496
 272.6676189277657 557.9337606198454 -43.13633557854077 96.73949272820376 -884.8980829012178
 277.9454793984905 571.2664502986557 -61.74939219782326 82.08259722808667 -870.3314972004326
 275.1034941306718 559.2894061263092 -30.36252981372302 91.87918033238763 -895.9536919560534
 276.6736227642195 572.3451890300336 -61.09210014816786 81.99339260650001 -870.1455269072735
 280.101598405016 572.9941889109049 -56.98697254616247 84.78759326350983 -877.4576764457016
 277.9454793984905 571.2664502986557 -61.74939219782326 82.08259722808667 -870.3314972004326
 275.1034941306718 559.2894061263092 -30.36252981372302 91.87918033238763 -895.9536919560534
 276.8211865280622 572.3842208314223 -61.13508009285604 82.04332516806828 -870.1536153956773
 272.6676189277657 557.9337606198454 -43.13633557854077 96.73949272820376 -884.8980829012178
 277.9454793984905 571.2664502986557 -61.74939219782326 82.08259722808667 -870.3314972004326
 274.6204380981535 557.0827236393358 -30.22942403228568 94.4296598851074 -893.3113635383771
 272.6676189277657 557.9337606198454 -43.13633557854077 96.73949272820376 -884.8980829012178
 274.8987477187055 555.6776147543472 -42.96566749691076 97.29739200695579 -883.9186624071142
 277.9353588170369 571.4201949120734 -61.70335780788822 82.09968052422917 -870.4184294452854
 275.7925937618518 556.7509328652586 -29.25323219838884 94.82747590169333 -894.0757465637018
 274.3859030412977 555.6756315634501 -42.69615131801226 97.80922313969545 -884.073201390817
