# Created by Octave 4.2.1, Mon Oct 09 17:19:46 2017 BRT <root@mosqueiro>
# name: pop
# type: matrix
# rows: 100
# columns: 5
 80.18511949212439 55.81949773641873 -956.2966974333146 -181.3252063510593 -275.4689895952672
 121.0119170434243 958.8058855778831 -157.948862960971 439.8826352678573 310.1262448936845
 686.0660181779006 -278.2129522185552 -739.7074481140608 -772.1838429464879 -843.9386129978565
 762.0163578982424 365.5959991013167 673.2560992366491 -770.2240401407682 -560.1276606756344
 166.6528140155883 527.1511059552618 -560.028811449773 -427.9307690876685 163.6007328590636
 506.6837162083855 788.9454123772528 -861.4426857883029 884.2223127145803 761.9076898237502
 872.3981933072653 553.2430071079586 116.811365780929 320.6057392031889 -555.1538641292213
 283.0921288155564 -269.9122842581697 -755.3391464466898 -360.4444005838897 -990.2388446945783
 -317.3460432472305 -849.7715670969289 311.2430822326496 -604.3020246889729 366.697951756862
 371.712684717904 -297.5644430729197 -150.9693948208263 -41.60340753317314 160.8816957959191
 -676.8834099170331 -600.7485511062416 -800.9527859342882 384.9349679202485 474.0316403631559
 238.6663532451907 880.0887702846176 274.127520779351 417.8943885294389 -413.9561573098003
 338.5194718514642 -676.5168770606947 -584.8589980445679 734.5085479413783 675.5756883155859
 38.70689677545306 -852.421396280997 273.4793188878471 672.965985730541 800.7225188123793
 -546.2174148060311 604.352667148888 -808.5496748486757 -298.2183193083526 -504.9594361035282
 -26.32275324950547 760.8449545011842 889.2711576274753 241.273106910033 795.7198576296605
 605.5275473485133 833.5602458470805 977.9180359010763 -448.4738973336596 553.516810738437
 233.7246332193397 318.6395832600681 763.2583591462089 -435.9119873093113 -399.8454901319744
 -897.9797700475584 513.1491386104999 971.012245017949 150.5226286282232 -540.9074960316332
 -285.0640871670101 121.6659066485638 -929.8267503668635 -914.7502524009108 477.4949719170438
 -825.1945741527148 598.6960706666055 -799.6470542603568 -172.9237649020193 -209.0993101254462
 529.1526438627288 -244.6658911730772 -725.9513313934324 723.046839034452 41.57953712616086
 817.61563384541 0.2882814643403435 265.6476552447302 333.798029515747 -614.7644266458076
 184.9293050973208 393.458882409348 -843.1469191491628 -296.7166404679035 -177.3717739554602
 123.1594671016951 538.3427620915013 -926.1495562323291 756.3368704761954 348.0471229190916
 750.1740614002508 255.8169207679298 -150.6081411478165 57.05703817747758 -244.1481113452836
 -458.1064960721267 476.3735387076135 868.587583773106 -355.02216529917 911.0402144644459
 -797.795674845866 432.1077622219841 -136.6873212589143 -492.5129170043153 577.7580766832543
 -351.195561021917 -881.4557034781 275.8196349149839 -127.6345098977462 -967.8514794092391
 -577.4372813182044 454.6899633268683 638.61137752225 503.2872933470032 410.8440514689839
 -301.3921344210372 13.44122073334722 484.234086734509 -513.7244431619846 -734.3345019600383
 -937.1549481941815 854.1730611094681 -76.89152495521148 403.3971366596516 -114.9417988217939
 927.6616270505494 128.9508201718807 -724.6095078970316 782.3077801649135 -782.4007774096308
 428.440003588013 299.5085385809887 777.6374733930256 -744.762632340838 173.9069156053174
 371.7920870942489 -84.5509184181002 300.2471661409024 -170.1240336046511 537.8295952196563
 683.8529526776631 461.0614408621148 -53.14381286870616 -506.2948057921218 -511.4894487872484
 394.5807591014047 743.9614237449473 92.22336899771676 927.8322886764452 886.3905778021112
 -288.655121622413 -675.9417719025188 -666.4699669112117 396.9885255353774 -915.5084855312356
 468.5133861818879 30.70144174154416 -502.3060968143188 189.5775901678414 41.33422676607915
 -423.1240667574631 -459.9149993712383 -546.2139854308127 -570.3162573756927 492.179024980147
 165.5028935654116 175.4962264579206 -464.3885652209424 -87.59787867788498 349.8387212408825
 -242.0240999939508 825.1215686792953 224.6053527617821 -190.1050921786555 398.9881436231847
 -30.56077074302857 301.5553157514719 534.6389337222372 -677.6972624289572 -42.34630085716014
 -29.52847368896732 297.3913926499074 -975.7286410580069 -816.3666678861917 -88.96770926214401
 594.9136875868835 724.987529351444 -131.0090992089082 -210.9885904520012 174.5479414544782
 -925.1593727393449 135.9142550901836 -153.4060108485314 -765.3991859845228 962.8024102806066
 462.6714378852641 200.7392385485186 -26.59871185890233 -917.2536443696088 -691.4572844011323
 -346.622480283923 -927.9956827220891 942.3084623357709 979.8803225964473 -495.2494298523013
 -562.1564017469186 -281.55249350503 -84.46685964922403 -664.2323775696711 778.8815209925167
 -785.0728212739532 -753.2739612159675 -30.77198205215427 -88.5045675233124 899.1246152618007
 601.3950503841997 83.82784776761673 -968.7797547421725 85.27857309793876 966.164005011778
 -712.3152045079212 -434.5122491710559 852.8527138930792 -957.8115937902937 876.8372000894497
 349.9619958974531 -382.06234779382 239.5760660074036 -275.541022747159 -708.1328606558786
 178.1603372081049 -51.29207398713424 811.5866390348476 -989.0137789431445 919.3510878530692
 -654.7172602692576 940.6525943587576 -549.0388893201846 -246.7370215917849 -911.689651266041
 -63.85220413416812 -433.8957345085576 26.56801583034303 -795.3640514536328 -83.08294961571744
 -83.47981066326224 -826.3453541992235 646.3426992671386 132.0987198654268 -33.05589683986273
 122.9062234893572 466.9671862761993 476.419715295589 -658.0120082283531 949.6696121487942
 -232.7371419178269 -699.0046860535388 433.6823076230044 319.2925869028415 -65.31314614596499
 -107.7596545798853 -504.8505384761005 -549.7855008945169 -288.2882322810633 -893.7411162202268
 -342.7901721097052 -202.2466873929621 -841.9364861158735 -946.281926841111 246.7923798216655
 461.699449737235 489.1541868996428 54.46786086124962 133.9352433534 179.7983123861293
 915.821732033344 195.6484028621942 761.7579558586704 181.411390362824 219.633914602513
 818.1568382000708 -891.126431912776 732.4900676763505 858.8187816239565 219.771642297758
 474.8923648190373 279.1085534788517 730.5675249334806 892.3947020088272 -888.3733389421133
 327.1133498624604 -374.0981673311989 609.5614353710148 190.6862618965818 -381.3232491561295
 363.6535748347942 947.4634654066888 -724.9089379387586 -295.3833956602247 -637.2143091029491
 561.4340116204341 -859.9032057206168 812.5516647426884 878.9448039921749 292.3512286469613
 -361.5569690458701 -846.2130613621845 -834.9807009140454 967.3886570263955 -124.6096319385518
 -172.9508747395904 -534.0160327832768 777.0092234789968 857.5238647406497 282.2570614507092
 940.2147107212375 -238.7235175319663 -149.542312166917 249.5874021963343 91.68099701823235
 -826.8862145056764 -489.8382980201908 359.9404234864455 747.9363779984019 -920.5652434611787
 374.1542041297457 335.2736076430551 942.6770717531588 -626.6498880130607 -348.2246538047425
 -365.3880691572581 112.773776315129 -195.7711191204604 -940.9236655499768 -398.5262322078037
 874.3803704994634 -772.3230940948171 -130.6383493545685 259.7379168345497 -449.6856315938501
 -996.9373006318191 443.4557680186358 -938.2027836296115 939.3615226481377 620.2874074614347
 127.2188348309646 286.8414903986607 -627.562909257639 -984.636843339959 -626.5751295678479
 525.7887324588798 -622.2444251065401 -513.9216421062081 -22.03887213654821 334.9012166408143
 -837.1376776327352 -462.8674030982781 100.873938940374 567.1015350079244 -907.8752117822368
 -373.6686983015272 52.22289862450793 -693.9347484635659 -778.3670979253061 -578.3332536074281
 -340.7967452866288 -988.9885951452536 -477.5360787232673 -224.8586106025029 -933.4970604825362
 -325.565672316702 83.78569785088712 486.9259667522699 472.0647000874467 -506.3046788343773
 689.3737399361844 -218.1344891449601 -223.8320850636962 -155.4740121190757 -416.4320439333168
 710.032223124633 -305.5233172482023 -98.23041647620528 204.0267561346163 -43.8442987177433
