# Created by Octave 4.2.1, Mon Oct 09 17:19:57 2017 BRT <root@mosqueiro>
# name: pop
# type: matrix
# rows: 100
# columns: 5
 -253.935663394946 -627.0440646270383 26.57882194482798 112.3541240991824 741.8557978485687
 371.712684717904 -297.5644430729197 -150.9693948208263 -41.60340753317314 160.8816957959191
 371.712684717904 -297.5644430729197 -150.9693948208263 -41.60340753317314 160.8816957959191
 325.013115126293 177.8004476221497 -944.722483929821 918.4773304975498 506.3717667410237
 371.712684717904 -297.5644430729197 -150.9693948208263 -41.60340753317314 160.8816957959191
 371.712684717904 -297.5644430729197 -150.9693948208263 -41.60340753317314 160.8816957959191
 580.8136092422542 -597.5521018076709 239.0243153745616 -59.28981839400632 -242.4272308362183
 371.712684717904 -297.5644430729197 -150.9693948208263 -41.60340753317314 160.8816957959191
 371.712684717904 -297.5644430729197 -150.9693948208263 -41.60340753317314 160.8816957959191
 371.712684717904 -297.5644430729197 -150.9693948208263 -41.60340753317314 160.8816957959191
 371.712684717904 -297.5644430729197 -150.9693948208263 -41.60340753317314 160.8816957959191
 -253.935663394946 -627.0440646270383 26.57882194482798 112.3541240991824 741.8557978485687
 371.712684717904 -297.5644430729197 -150.9693948208263 -41.60340753317314 160.8816957959191
 580.8136092422542 -597.5521018076709 239.0243153745616 -59.28981839400632 -242.4272308362183
 371.712684717904 -297.5644430729197 -150.9693948208263 -41.60340753317314 160.8816957959191
 154.6283737413132 107.0050004811804 369.5741098494456 -23.7171590019562 47.62302479765667
 371.712684717904 -297.5644430729197 -150.9693948208263 -41.60340753317314 160.8816957959191
 -814.5307544586211 -1215.508817109781 -2222.997952809803 2789.394397760176 3087.085872393734
 -126.630497709549 -705.6164513293847 -1808.000150373595 3086.95552414881 3686.402420876034
 667.15757773379 -700.6361877974243 -315.2662560123198 387.9249322572626 -465.1857964704922
 371.712684717904 -297.5644430729197 -150.9693948208263 -41.60340753317314 160.8816957959191
 371.712684717904 -297.5644430729197 -150.9693948208263 -41.60340753317314 160.8816957959191
 371.712684717904 -297.5644430729197 -150.9693948208263 -41.60340753317314 160.8816957959191
 371.712684717904 -297.5644430729197 -150.9693948208263 -41.60340753317314 160.8816957959191
 347.7558573649503 91.76573574028981 -672.1707975268621 164.0694043731807 -177.9707098132895
 371.712684717904 -297.5644430729197 -150.9693948208263 -41.60340753317314 160.8816957959191
 -4068.89472366842 -2718.578780729074 1369.089029637545 2393.167119344163 -2449.758487605489
 -814.5307544586211 -1215.508817109781 -2222.997952809803 2789.394397760176 3087.085872393734
 371.712684717904 -297.5644430729197 -150.9693948208263 -41.60340753317314 160.8816957959191
 358.9965702597789 521.0778664819443 156.0323057043702 1023.839330390405 1151.076059006317
 667.15757773379 -700.6361877974243 -315.2662560123198 387.9249322572626 -465.1857964704922
 750.2760950390307 -671.1826882814099 143.5473348068703 -460.9508928262728 362.7554830187882
 371.712684717904 -297.5644430729197 -150.9693948208263 -41.60340753317314 160.8816957959191
 371.712684717904 -297.5644430729197 -150.9693948208263 -41.60340753317314 160.8816957959191
 371.712684717904 -297.5644430729197 -150.9693948208263 -41.60340753317314 160.8816957959191
 371.712684717904 -297.5644430729197 -150.9693948208263 -41.60340753317314 160.8816957959191
 -814.5307544586211 -1215.508817109781 -2222.997952809803 2789.394397760176 3087.085872393734
 371.712684717904 -297.5644430729197 -150.9693948208263 -41.60340753317314 160.8816957959191
 1302.504266451436 684.8512879061245 456.2816257462763 -820.9049262332085 -772.4508626311239
 371.712684717904 -297.5644430729197 -150.9693948208263 -41.60340753317314 160.8816957959191
 371.712684717904 -297.5644430729197 -150.9693948208263 -41.60340753317314 160.8816957959191
 371.712684717904 -297.5644430729197 -150.9693948208263 -41.60340753317314 160.8816957959191
 371.712684717904 -297.5644430729197 -150.9693948208263 -41.60340753317314 160.8816957959191
 371.712684717904 -297.5644430729197 -150.9693948208263 -41.60340753317314 160.8816957959191
 1336.846163041541 -179.5834887859881 -798.0958037763634 -963.0452802438077 460.0419381353403
 371.712684717904 -297.5644430729197 -150.9693948208263 -41.60340753317314 160.8816957959191
 -126.630497709549 -705.6164513293847 -1808.000150373595 3086.95552414881 3686.402420876034
 371.712684717904 -297.5644430729197 -150.9693948208263 -41.60340753317314 160.8816957959191
 371.712684717904 -297.5644430729197 -150.9693948208263 -41.60340753317314 160.8816957959191
 -51.6180495302338 90.04510091063042 -571.017341861761 -135.2885524633058 -192.7670675911567
 371.712684717904 -297.5644430729197 -150.9693948208263 -41.60340753317314 160.8816957959191
 589.7498948537915 -521.9000939732015 -401.5428651420312 -461.2316596665502 -205.4428573772286
 -514.0145115513664 -587.0550733577309 -816.1445551280433 236.049734675008 952.9585759887188
 519.1702130639818 -1077.531370706713 -13.8821834519552 -314.8218318215488 397.3826167960591
 -92.34793678223406 -737.5771445848297 -763.4748336648532 -228.3778382338261 664.7365402976054
 2573.047456261173 1699.802621293796 776.4179170534483 -908.6819923467813 -1613.371427261962
 371.712684717904 -297.5644430729197 -150.9693948208263 -41.60340753317314 160.8816957959191
 371.712684717904 -297.5644430729197 -150.9693948208263 -41.60340753317314 160.8816957959191
 371.712684717904 -297.5644430729197 -150.9693948208263 -41.60340753317314 160.8816957959191
 358.9965702597789 521.0778664819443 156.0323057043702 1023.839330390405 1151.076059006317
 1302.504266451436 684.8512879061245 456.2816257462763 -820.9049262332085 -772.4508626311239
 347.7558573649503 91.76573574028981 -672.1707975268621 164.0694043731807 -177.9707098132895
 371.712684717904 -297.5644430729197 -150.9693948208263 -41.60340753317314 160.8816957959191
 -253.935663394946 -627.0440646270383 26.57882194482798 112.3541240991824 741.8557978485687
 371.712684717904 -297.5644430729197 -150.9693948208263 -41.60340753317314 160.8816957959191
 276.3161245940831 -474.8055903464473 -138.3754634509521 22.56059894887358 1164.116293249202
 371.712684717904 -297.5644430729197 -150.9693948208263 -41.60340753317314 160.8816957959191
 371.712684717904 -297.5644430729197 -150.9693948208263 -41.60340753317314 160.8816957959191
 371.712684717904 -297.5644430729197 -150.9693948208263 -41.60340753317314 160.8816957959191
 154.6283737413132 107.0050004811804 369.5741098494456 -23.7171590019562 47.62302479765667
 -4068.89472366842 -2718.578780729074 1369.089029637545 2393.167119344163 -2449.758487605489
 1900.275133434373 -35.41601032274934 1824.99648823499 1736.720296936263 -848.8443081721667
 750.2760950390307 -671.1826882814099 143.5473348068703 -460.9508928262728 362.7554830187882
 371.712684717904 -297.5644430729197 -150.9693948208263 -41.60340753317314 160.8816957959191
 154.6283737413132 107.0050004811804 369.5741098494456 -23.7171590019562 47.62302479765667
 -514.0145115513664 -587.0550733577309 -816.1445551280433 236.049734675008 952.9585759887188
 347.7558573649503 91.76573574028981 -672.1707975268621 164.0694043731807 -177.9707098132895
 371.712684717904 -297.5644430729197 -150.9693948208263 -41.60340753317314 160.8816957959191
 -937.1549481941815 854.1730611094681 -76.89152495521148 403.3971366596516 -114.9417988217939
 371.712684717904 -297.5644430729197 -150.9693948208263 -41.60340753317314 160.8816957959191
 832.4587213588566 -889.9553706174449 -1.797789522067205 228.7732194049199 320.0769074543155
 616.4295721999845 -428.9305629048619 -972.6263623554304 -808.4586378511528 335.7310609076671
 831.86297676921 -265.5022516027734 -34.02556218343737 -166.3897289036547 219.5593176170672
 799.9952183255925 -420.7820802484442 -604.9500753454053 -559.6323281249398 -125.4255703203145
