# Created by Octave 4.2.1, Mon Oct 09 17:19:08 2017 BRT <root@mosqueiro>
# name: pop
# type: matrix
# rows: 100
# columns: 5
 -890.8715120476918 374.7794426282867 -122.0059175024989 494.8771200760639 142.1967355765492
 -890.7272142394756 374.4704610814331 -122.1418865195362 494.9876987294775 142.35244884595
 -958.7091577198793 345.4356056852707 -330.7762621665738 365.2750006424178 579.1489007664121
 -890.4859804495616 374.4288634100113 -121.9791359105691 494.8518481982784 142.4318233402542
 -898.330748938852 384.9769342641647 -119.4649488495087 493.0826402215598 141.0886312478332
 -899.5511617349722 384.5068471176742 -120.7235072700016 493.4973631422915 141.8909953366164
 -890.4859804495616 374.4288634100113 -121.9791359105691 494.8518481982784 142.4318233402542
 -890.6555461513352 374.5326893027415 -121.8532627656744 494.7981904819751 142.3377665848001
 -958.6690571618232 345.5235424359493 -330.8093401848893 365.2521146620747 579.1457357440687
 -890.9506508241011 374.8314042256916 -121.7846548012352 494.9831850061361 142.1012285994441
 -890.614605184889 374.5435083302341 -121.9688100917472 494.9997448356698 142.3963056451595
 -890.2974103740278 374.0990803290987 -122.128471866018 495.0595398583083 142.4030939378874
 -890.4859804495616 374.4288634100113 -121.9791359105691 494.8518481982784 142.4318233402542
 -890.9506508241011 374.8314042256916 -121.7846548012352 494.9831850061361 142.1012285994441
 -949.3501094302809 328.1792227366875 -327.7998549818341 363.6395403821098 591.0421121212014
 -890.4859804495616 374.4288634100113 -121.9791359105691 494.8518481982784 142.4318233402542
 -949.3501094302809 328.1792227366875 -327.7998549818341 363.6395403821098 591.0421121212014
 -890.9506508241011 374.8314042256916 -121.7846548012352 494.9831850061361 142.1012285994441
 -890.2974103740278 374.0990803290987 -122.128471866018 495.0595398583083 142.4030939378874
 -890.2094508988386 374.1734160891477 -123.3832923867305 493.991688341395 142.391867962706
 -899.5511617349722 384.5068471176742 -120.7235072700016 493.4973631422915 141.8909953366164
 -890.4859804495616 374.4288634100113 -121.9791359105691 494.8518481982784 142.4318233402542
 -926.8081957216854 448.0185506352606 -108.3600930488532 578.4587457332686 -26.2654489658977
 -898.4715118358188 384.5993573501705 -118.8623008485395 494.06667671684 140.6363919225027
 -890.9506508241011 374.8314042256916 -121.7846548012352 494.9831850061361 142.1012285994441
 -890.9506508241011 374.8314042256916 -121.7846548012352 494.9831850061361 142.1012285994441
 -897.8226095797796 384.653249764079 -119.2127280189075 492.4234890614307 142.3060234193755
 -890.2894505632877 374.0634693221685 -122.0111206740881 495.005269885044 142.4768373032763
 -958.7091577198793 345.4356056852707 -330.7762621665738 365.2750006424178 579.1489007664121
 -898.330748938852 384.9769342641647 -119.4649488495087 493.0826402215598 141.0886312478332
 -890.2094508988386 374.1734160891477 -123.3832923867305 493.991688341395 142.391867962706
 -890.7272142394756 374.4704610814331 -122.1418865195362 494.9876987294775 142.35244884595
 -890.9506508241011 374.8314042256916 -121.7846548012352 494.9831850061361 142.1012285994441
 -898.30612300239 385.0279301403685 -119.3648711522256 493.0589856073267 141.2627714687495
 -890.1327229272304 374.4976208682963 -121.0159135546155 495.6859419781742 142.6816259649449
 -890.1327229272304 374.4976208682963 -121.0159135546155 495.6859419781742 142.6816259649449
 -898.330748938852 384.9769342641647 -119.4649488495087 493.0826402215598 141.0886312478332
 -890.4859804495616 374.4288634100113 -121.9791359105691 494.8518481982784 142.4318233402542
 -898.2386153346072 384.9612611603879 -119.5167894930265 493.0957582050237 141.1296023270559
 -890.4859804495616 374.4288634100113 -121.9791359105691 494.8518481982784 142.4318233402542
 -926.8081957216854 448.0185506352606 -108.3600930488532 578.4587457332686 -26.2654489658977
 -890.8715120476918 374.7794426282867 -122.0059175024989 494.8771200760639 142.1967355765492
 -890.8715120476918 374.7794426282867 -122.0059175024989 494.8771200760639 142.1967355765492
 -890.4859804495616 374.4288634100113 -121.9791359105691 494.8518481982784 142.4318233402542
 -890.4859804495616 374.4288634100113 -121.9791359105691 494.8518481982784 142.4318233402542
 -890.4859804495616 374.4288634100113 -121.9791359105691 494.8518481982784 142.4318233402542
 -890.4859804495616 374.4288634100113 -121.9791359105691 494.8518481982784 142.4318233402542
 -958.7922281493481 345.4396675845507 -330.6513161476737 365.3105487329031 579.0980688758832
 -890.4859804495616 374.4288634100113 -121.9791359105691 494.8518481982784 142.4318233402542
 -890.2094508988386 374.1734160891477 -123.3832923867305 493.991688341395 142.391867962706
 -890.2974103740278 374.0990803290987 -122.128471866018 495.0595398583083 142.4030939378874
 -926.8081957216854 448.0185506352606 -108.3600930488532 578.4587457332686 -26.2654489658977
 -949.3501094302809 328.1792227366875 -327.7998549818341 363.6395403821098 591.0421121212014
 -890.4859804495616 374.4288634100113 -121.9791359105691 494.8518481982784 142.4318233402542
 -890.4859804495616 374.4288634100113 -121.9791359105691 494.8518481982784 142.4318233402542
 -958.7091577198793 345.4356056852707 -330.7762621665738 365.2750006424178 579.1489007664121
 -890.8715120476918 374.7794426282867 -122.0059175024989 494.8771200760639 142.1967355765492
 -890.4859804495616 374.4288634100113 -121.9791359105691 494.8518481982784 142.4318233402542
 -890.8715120476918 374.7794426282867 -122.0059175024989 494.8771200760639 142.1967355765492
 -926.8081957216854 448.0185506352606 -108.3600930488532 578.4587457332686 -26.2654489658977
 -890.4859804495616 374.4288634100113 -121.9791359105691 494.8518481982784 142.4318233402542
 -890.4859804495616 374.4288634100113 -121.9791359105691 494.8518481982784 142.4318233402542
 -890.4859804495616 374.4288634100113 -121.9791359105691 494.8518481982784 142.4318233402542
 -890.9506508241011 374.8314042256916 -121.7846548012352 494.9831850061361 142.1012285994441
 -890.4859804495616 374.4288634100113 -121.9791359105691 494.8518481982784 142.4318233402542
 -890.4859804495616 374.4288634100113 -121.9791359105691 494.8518481982784 142.4318233402542
 -890.4859804495616 374.4288634100113 -121.9791359105691 494.8518481982784 142.4318233402542
 -889.8675573539716 374.2970129510323 -122.074640010357 495.4291686770223 141.9809071100086
 -890.6555461513352 374.5326893027415 -121.8532627656744 494.7981904819751 142.3377665848001
 -890.7922280780898 374.3245633818576 -121.7767253238806 494.8526000830219 142.3282247520898
 -890.6555461513352 374.5326893027415 -121.8532627656744 494.7981904819751 142.3377665848001
 -958.7922281493481 345.4396675845507 -330.6513161476737 365.3105487329031 579.0980688758832
 -890.4859804495616 374.4288634100113 -121.9791359105691 494.8518481982784 142.4318233402542
 -890.2974103740278 374.0990803290987 -122.128471866018 495.0595398583083 142.4030939378874
 -890.4859804495616 374.4288634100113 -121.9791359105691 494.8518481982784 142.4318233402542
 -890.4086429838345 374.2745420940967 -122.0380024650116 494.9112648043009 142.4395998355832
 -890.2811083724009 374.2363449831957 -121.9866159003904 495.071298024102 142.463418938389
 -890.9506508241011 374.8314042256916 -121.7846548012352 494.9831850061361 142.1012285994441
 -888.5910805448774 374.2621101757348 -122.1826595417364 494.325078760521 141.8409809261389
 -890.4859804495616 374.4288634100113 -121.9791359105691 494.8518481982784 142.4318233402542
 -890.880716588064 374.7928801606056 -121.812032336628 495.0830880658953 142.0448116767826
 -890.4722113916973 374.3852683960988 -121.9740999794913 494.87177156652 142.3716475155231
 -890.6866065467088 374.5043259127631 -122.1474733365502 495.0310539782209 142.3527130909784
 -899.5421216657755 384.3832362957399 -120.7138594953175 493.5000179437877 141.9022916444402
 -898.3308744614634 384.9410722598269 -119.4054492812653 493.0691470983536 141.0255735024536
