# Created by Octave 4.2.1, Mon Oct 09 17:20:10 2017 BRT <root@mosqueiro>
# name: pop
# type: matrix
# rows: 100
# columns: 5
 -251.2115061112459 -627.8961078280947 29.50143107112636 106.4708057643399 742.1552777551062
 -251.2115061112459 -627.8961078280947 29.50143107112636 106.4708057643399 742.1552777551062
 -251.1849021215399 -627.8965491084011 29.50460961769946 106.4104491631966 742.1717549939375
 -251.2041774232854 -627.859019607154 29.48834905851177 106.3848458470832 742.2209813078717
 -251.1758780791153 -627.9095800589204 29.51574017814841 106.4075520781869 742.1523372951682
 -253.3008513239976 -628.0765549066538 29.61632403448961 108.6665202623797 742.3158341866836
 -251.1729748223273 -627.906892866534 29.51003805266503 106.4073651489299 742.1524009558178
 -251.2115061112459 -627.8961078280947 29.50143107112636 106.4708057643399 742.1552777551062
 -251.2115061112459 -627.8961078280947 29.50143107112636 106.4708057643399 742.1552777551062
 -251.2115061112459 -627.8961078280947 29.50143107112636 106.4708057643399 742.1552777551062
 -251.2115061112459 -627.8961078280947 29.50143107112636 106.4708057643399 742.1552777551062
 -251.2115061112459 -627.8961078280947 29.50143107112636 106.4708057643399 742.1552777551062
 -256.1627308823099 -631.1642155610369 28.2511228735847 110.8925154284736 747.5400735045109
 -251.1725411395898 -627.9101454400998 29.52298628371328 106.4042552573291 742.1433137003056
 -251.2115061112459 -627.8961078280947 29.50143107112636 106.4708057643399 742.1552777551062
 -251.1758780791153 -627.9095800589204 29.51574017814841 106.4075520781869 742.1523372951682
 -251.2115061112459 -627.8961078280947 29.50143107112636 106.4708057643399 742.1552777551062
 -251.2115061112459 -627.8961078280947 29.50143107112636 106.4708057643399 742.1552777551062
 -251.2115061112459 -627.8961078280947 29.50143107112636 106.4708057643399 742.1552777551062
 -251.2115061112459 -627.8961078280947 29.50143107112636 106.4708057643399 742.1552777551062
 -251.2115061112459 -627.8961078280947 29.50143107112636 106.4708057643399 742.1552777551062
 -253.3192369336503 -628.0670499402809 29.61585830104746 108.6762769691532 742.3290479840566
 -251.2041774232854 -627.859019607154 29.48834905851177 106.3848458470832 742.2209813078717
 -251.1555588123191 -627.9899146393828 29.50902409221917 106.4366822187905 742.0889779462047
 -251.2115061112459 -627.8961078280947 29.50143107112636 106.4708057643399 742.1552777551062
 -251.1817088519345 -627.8931886450791 29.50458372843359 106.4079982961828 742.1724142572277
 -256.163281636593 -631.1632845653445 28.24422074307174 110.8898033273441 747.5348446283131
 -251.1758780791153 -627.9095800589204 29.51574017814841 106.4075520781869 742.1523372951682
 -251.1758780791153 -627.9095800589204 29.51574017814841 106.4075520781869 742.1523372951682
 -256.1627308823099 -631.1642155610369 28.2511228735847 110.8925154284736 747.5400735045109
 -251.2041774232854 -627.859019607154 29.48834905851177 106.3848458470832 742.2209813078717
 -251.2115061112459 -627.8961078280947 29.50143107112636 106.4708057643399 742.1552777551062
 -251.1758780791153 -627.9095800589204 29.51574017814841 106.4075520781869 742.1523372951682
 -251.1577779933939 -627.9166067630883 29.51614920846968 106.3745591825914 742.1502970679917
 -251.1728491930187 -627.90746264139 29.51848775106546 106.4081777067349 742.1588940450802
 -251.2041774232854 -627.859019607154 29.48834905851177 106.3848458470832 742.2209813078717
 -251.2115061112459 -627.8961078280947 29.50143107112636 106.4708057643399 742.1552777551062
 -251.1758780791153 -627.9095800589204 29.51574017814841 106.4075520781869 742.1523372951682
 -251.2296382732926 -627.8864579599033 29.5145839348675 106.4948799248121 742.1644033758712
 -251.2115061112459 -627.8961078280947 29.50143107112636 106.4708057643399 742.1552777551062
 -251.1569258188407 -627.8889078899357 29.51996204260472 106.4173645377408 742.150659184871
 -251.1758780791153 -627.9095800589204 29.51574017814841 106.4075520781869 742.1523372951682
 -251.1758780791153 -627.9095800589204 29.51574017814841 106.4075520781869 742.1523372951682
 -251.2041774232854 -627.859019607154 29.48834905851177 106.3848458470832 742.2209813078717
 -251.2115061112459 -627.8961078280947 29.50143107112636 106.4708057643399 742.1552777551062
 -251.2115061112459 -627.8961078280947 29.50143107112636 106.4708057643399 742.1552777551062
 -251.1758780791153 -627.9095800589204 29.51574017814841 106.4075520781869 742.1523372951682
 -251.1758780791153 -627.9095800589204 29.51574017814841 106.4075520781869 742.1523372951682
 -251.1750238108197 -627.9087633911525 29.51357409335612 106.4120205835865 742.1504290976877
 -251.1555588123191 -627.9899146393828 29.50902409221917 106.4366822187905 742.0889779462047
 -251.2115061112459 -627.8961078280947 29.50143107112636 106.4708057643399 742.1552777551062
 -251.2115061112459 -627.8961078280947 29.50143107112636 106.4708057643399 742.1552777551062
 -251.2115061112459 -627.8961078280947 29.50143107112636 106.4708057643399 742.1552777551062
 -251.2078993283315 -627.8932644636199 29.50057818442005 106.4851693057876 742.1631857540522
 -251.2115061112459 -627.8961078280947 29.50143107112636 106.4708057643399 742.1552777551062
 -251.2115061112459 -627.8961078280947 29.50143107112636 106.4708057643399 742.1552777551062
 -251.2041774232854 -627.859019607154 29.48834905851177 106.3848458470832 742.2209813078717
 -251.156264997721 -627.947730643956 29.53300738691514 106.3970076505465 742.1615035144997
 -251.1758780791153 -627.9095800589204 29.51574017814841 106.4075520781869 742.1523372951682
 -251.1758780791153 -627.9095800589204 29.51574017814841 106.4075520781869 742.1523372951682
 -251.2115061112459 -627.8961078280947 29.50143107112636 106.4708057643399 742.1552777551062
 -251.1758780791153 -627.9095800589204 29.51574017814841 106.4075520781869 742.1523372951682
 -251.2041774232854 -627.859019607154 29.48834905851177 106.3848458470832 742.2209813078717
 -251.2115061112459 -627.8961078280947 29.50143107112636 106.4708057643399 742.1552777551062
 -251.2115061112459 -627.8961078280947 29.50143107112636 106.4708057643399 742.1552777551062
 -251.2041774232854 -627.859019607154 29.48834905851177 106.3848458470832 742.2209813078717
 -251.1577779933939 -627.9166067630883 29.51614920846968 106.3745591825914 742.1502970679917
 -251.2115061112459 -627.8961078280947 29.50143107112636 106.4708057643399 742.1552777551062
 -251.2115061112459 -627.8961078280947 29.50143107112636 106.4708057643399 742.1552777551062
 -251.2115061112459 -627.8961078280947 29.50143107112636 106.4708057643399 742.1552777551062
 -251.1819597427159 -627.9048290640587 29.50637923980323 106.4072228501034 742.1576717507304
 -251.2115061112459 -627.8961078280947 29.50143107112636 106.4708057643399 742.1552777551062
 -251.2115061112459 -627.8961078280947 29.50143107112636 106.4708057643399 742.1552777551062
 -251.1758780791153 -627.9095800589204 29.51574017814841 106.4075520781869 742.1523372951682
 -251.1758780791153 -627.9095800589204 29.51574017814841 106.4075520781869 742.1523372951682
 -251.2115061112459 -627.8961078280947 29.50143107112636 106.4708057643399 742.1552777551062
 -251.2115061112459 -627.8961078280947 29.50143107112636 106.4708057643399 742.1552777551062
 -251.2115061112459 -627.8961078280947 29.50143107112636 106.4708057643399 742.1552777551062
 -251.2041774232854 -627.859019607154 29.48834905851177 106.3848458470832 742.2209813078717
 -251.1569258188407 -627.8889078899357 29.51996204260472 106.4173645377408 742.150659184871
 -251.1750744465768 -627.9092540271156 29.5167196187108 106.4070510684173 742.1519586271405
 -251.174724180891 -627.9112494240932 29.51723055645543 106.4056752010397 742.1522193087892
 -251.2111270694902 -627.8977013018915 29.50138478672075 106.4711320809069 742.1571461901434
 -251.1763745635562 -627.9083508157057 29.51677727098128 106.4074985960508 742.1546803297534
