# Created by Octave 4.2.1, Mon Oct 09 17:19:14 2017 BRT <root@mosqueiro>
# name: pop
# type: matrix
# rows: 100
# columns: 5
 52.73716763746665 14.34663743426574 274.7341044291682 -803.418730765526 402.3050202326715
 -691.7278707034587 -772.2192679316612 147.9065295819526 -47.85964733052356 -463.7057074022363
 -338.8980635710714 555.4935328118031 -278.3028583006984 -324.5521474922875 181.3185828050832
 88.23923575208551 919.0573418026418 -904.8087047557489 -59.13772569916193 -127.9660161275896
 794.2837433809775 -593.9238759849429 -226.8793824809451 828.9573676681498 289.5413922500031
 -196.1695042254793 100.9900743091548 -685.2933210692652 -3.500336485123739 618.3210368840535
 -502.4211615464572 115.4580329871014 364.0594368519676 -429.8260747545219 -757.3884646029439
 -273.2936319140543 799.3000609319133 -445.0121032440929 864.9627815188064 901.1898084334453
 -348.1683938975154 -291.8273418546507 648.1606460530293 713.2676208454116 802.4139669469498
 -789.6319578224978 -327.2729383790228 -128.5198822060553 -137.8176322460187 371.3070514037734
 -85.06523998812236 -422.5296604160205 -117.7192106799788 -456.3138090549448 -760.9227537592119
 -414.5896048328218 -257.3994293123042 430.946260930544 -707.2847829391696 247.2070946208057
 378.1977283003862 182.6214760401631 545.89662634397 64.89227610873809 223.8730105572406
 511.5342356523699 -417.7089660965593 -0.2381700348219056 -693.5634920431731 -311.2084861767487
 -532.4883580523515 500.3506921885316 -653.3300600104365 -846.0767008821789 188.4575088503061
 -39.79437771537675 -853.8962173396635 706.6935052421566 803.4763423089173 247.5060449022728
 787.7389517759802 -977.4958728699567 -291.471874975223 -755.374753601166 143.8094521036405
 96.88321538549371 -797.4816292663033 -24.26726943298183 -638.9094894227849 346.6598028820779
 -79.60890110083244 -421.7367473609394 81.69857345106948 98.45095124962722 496.9621392507354
 -788.361458020992 864.2048685304471 304.9897727717882 401.6932952651007 -385.3033711209549
 76.62360680138681 847.3801453879676 -504.9519748299908 -28.93655787418129 -336.7608354394155
 868.0643035807136 -960.2714467329193 68.18346524149865 331.44068160948 -767.6624197872907
 -843.5129867314334 784.1013180868895 696.2110626554384 97.3742710762358 173.8840063921762
 -623.1350108864178 -239.2591964625045 376.6686356334924 324.6936712357347 -65.79999478896241
 -274.4191306446922 -696.1955430746046 -649.640542134229 306.0075697274312 -671.4933956554285
 -847.9462221753772 -497.705118791269 -132.4460156028639 796.3046734491586 -72.36503391285351
 -290.0001068573558 656.2011535860722 241.299906815135 -276.4921645282577 237.7006550321009
 39.64235139327957 -28.23140416149897 598.4452992397394 122.193321839394 645.9026600772067
 -118.4793003393761 -104.6226603321793 -727.4893346187566 -183.2444447128639 619.5712970154505
 513.0080747659185 -675.3939229171954 -853.127881266762 -766.8926301699337 159.4679226207284
 -220.3209481223817 -445.606129498903 -183.421762855185 -240.3898228625446 297.498854997632
 -198.0943891492274 -894.9439805674821 902.108189938448 -577.7942071206314 800.4796933347745
 -296.0376544954878 -109.5123334064289 -231.5928834412683 996.8308834516886 -580.2716627021425
 838.2828195644609 653.4087178939578 -229.0009908879334 176.2939990537914 652.1554292273627
 924.0295364163269 206.1444329674546 741.5850904807005 -79.31702557818153 -296.2111224504865
 402.9585939318492 654.9255390935994 -742.4207036014643 395.7263304961436 394.6226382761365
 672.3967158425328 342.5762751258337 489.1201824886007 750.3571190954638 210.3090628584316
 -68.59531742466129 -54.10416269095788 -262.9123075412142 554.6391005133898 661.4218452565829
 111.7539486122464 382.3305437107924 870.6442267641733 -659.0408973714052 -840.4153106048916
 -278.0660749054601 357.0571474205576 -312.7956073220012 718.1262998561861 171.0088879157354
 -416.4321242316197 -558.12343915333 622.8080576697196 -999.3591355623112 -636.8970681287628
 -416.0065543261801 830.4819989409225 180.2313461261042 -904.2306748073215 -403.8310708156164
 -776.7094419238668 -107.6185809037468 392.6881504071425 -846.4585241631307 109.5587868111513
 567.5472588797966 19.38061785961634 -363.0641902532067 -327.3361590709137 461.1012730845348
 -337.054889106907 653.3261947612236 653.146208905606 663.9568592940386 43.88949504297739
 263.7423922342778 426.6590732923482 -386.830330004788 424.8712510746495 184.315920316229
 415.4441875022901 -184.1252864879796 -239.9613761559862 -405.2143047798857 179.3545364996867
 311.2821593813753 -662.3419649878538 941.1446639235273 406.0687716301616 445.2903959106234
 -863.0804077685791 423.7657217415888 287.87072232535 585.5691831771285 502.8386552385114
 -178.500634699679 -362.0362947596848 -297.0959678317067 -716.4280273020563 451.8663132319055
 -678.0009863803318 -486.4856891946047 591.1408202801247 -753.9648191008521 -422.8845570651639
 -201.4020038701804 -426.9060322321013 434.2079977406356 -80.90823975983346 -300.0963705159131
 931.2237531663332 656.6241227019668 763.422624485876 537.6743658492539 -736.9218904720233
 145.7196947652233 -545.9001089929877 -904.5040075204439 -142.8439778562239 -883.1259468782621
 923.264872612767 940.0682421990853 987.3949456735395 -511.5062995396106 239.8454798404414
 -620.1454408757813 33.26143126771126 505.2400424333209 -94.82252379179999 170.645068783565
 -816.9404557736445 -38.34069625916982 733.8701970543029 899.0687272461125 798.1432798671181
 -796.895928390612 -914.4957873232845 447.8474729082172 15.36688642255956 496.3475342334048
 822.5522455427824 885.2974635116025 31.891054054704 -335.7349076177244 -554.1808832804195
 200.3453649503751 243.6520963875646 -535.8983464227795 -584.6350342436456 -98.33530125041318
 81.3464875313332 279.9374168944503 -117.9086768357952 728.7590781357123 977.7542996759578
 -807.4358287268911 -967.3069124335606 -129.0406146806532 185.6414879387316 949.3974711705196
 116.6556812727563 401.7390527627181 -946.049206943362 -640.498903120989 -249.2117547328091
 -164.7983834506314 412.4613342667733 -497.5032504672664 159.0530793084065 213.9075587259433
 691.5436921974078 -439.1193956927474 -405.8424397318548 453.3130462000531 -213.3878039449836
 -145.4773793657512 95.69986662441511 434.7244686505055 -427.9950480629187 -468.7646242758171
 -999.9479492779616 -12.26433610699303 -671.9687532459595 444.5004455781748 173.9637055817639
 -277.9195922566912 -844.4730260644629 -306.9990434356104 -955.5672316165412 -959.0398379103241
 762.566968292997 -842.0879090658101 316.1121956746381 -388.6091754350579 -342.7195368311674
 -468.0092301270829 -104.0976479688591 -558.7946700295404 -931.7410225435314 661.2031410160114
 -147.1284265017504 379.1831096999692 857.8084257316691 567.7900652539249 827.448593309648
 8.508113626608974 995.2694809518891 170.9466800675016 -672.0248452310601 966.1599838813192
 134.7060797187071 -744.4971256962464 946.0627827550941 402.4675716075612 145.2322764373057
 -878.191220472137 942.0128929830767 -795.7737450110833 -766.752492511964 732.1146299667948
 -81.43011061045218 407.8960390325719 -42.75041128474356 438.3336879371529 270.1488509263756
 -955.8443235825569 444.5387306826651 -541.3696488569683 458.2557084000628 681.277036177903
 198.7526441018451 -849.0829397039358 -773.9350564445197 -233.629275183889 242.3877561123913
 -602.1957578433976 -31.75535191123424 -272.9021869292917 -521.7504253061472 129.71258243583
 918.5635369769061 200.4311986797723 -48.66338907968498 -54.61147750458952 -970.8540810030556
 491.7976411734332 -295.3564669697105 150.4096487327922 -88.87686025910466 -357.2413124324657
 -641.1009158433374 -870.5694064858568 783.5287821932943 103.8901873507327 50.22268775835096
 -972.8447573205304 -799.1184183979493 -65.05881015019315 -497.0614020385516 -333.8010097597007
 743.9967877653064 -28.82186567235567 623.0249625252193 -505.6242489914858 -689.9980751520409
 359.6264119215775 -124.7480527038173 -403.6132903154187 -328.0998306992508 -884.1554320245409
