# Created by Octave 4.2.1, Mon Oct 09 17:19:42 2017 BRT <root@mosqueiro>
# name: pop
# type: matrix
# rows: 100
# columns: 5
 526.8262164306618 -162.0241158850237 -150.7374775086528 -1184.526050360831 969.4731382561058
 526.8262164306618 -162.0241158850237 -150.7374775086528 -1184.526050360831 969.4731382561058
 526.8262164306618 -162.0241158850237 -150.7374775086528 -1184.526050360831 969.4731382561058
 522.0786822952186 -144.7660265693678 -136.6214933001503 -1196.802015062878 955.1855268304297
 522.9722447512909 -144.7631036988057 -136.9340859855417 -1196.96985922816 955.267362602366
 522.2437742614701 -144.9924157805565 -136.5962582105276 -1196.903313951449 955.4315910144229
 526.7968173367833 -162.0869367437471 -150.6980612459867 -1184.500596640045 969.4734825736381
 526.7968173367833 -162.0869367437471 -150.6980612459867 -1184.500596640045 969.4734825736381
 522.2437742614701 -144.9924157805565 -136.5962582105276 -1196.903313951449 955.4315910144229
 526.84930330241 -161.8698589943575 -150.6728292854701 -1184.420464653817 969.3648044311084
 522.2437742614701 -144.9924157805565 -136.5962582105276 -1196.903313951449 955.4315910144229
 522.0786822952186 -144.7660265693678 -136.6214933001503 -1196.802015062878 955.1855268304297
 522.2437742614701 -144.9924157805565 -136.5962582105276 -1196.903313951449 955.4315910144229
 522.0786822952186 -144.7660265693678 -136.6214933001503 -1196.802015062878 955.1855268304297
 526.7490654061849 -161.998806319508 -150.6656077625139 -1184.491345303441 969.3935290173653
 522.2437742614701 -144.9924157805565 -136.5962582105276 -1196.903313951449 955.4315910144229
 522.2840280893602 -144.863476896188 -136.4985452234696 -1196.787871590942 955.4426698043892
 523.244648495108 -159.6833927890881 -157.4333561098646 -1185.35111320179 979.8744324714581
 526.8262164306618 -162.0241158850237 -150.7374775086528 -1184.526050360831 969.4731382561058
 527.129085299232 -161.4875443335192 -151.2241920315928 -1183.974209270565 969.1662539994916
 522.3642447641471 -143.3770995595108 -136.1768204508369 -1197.348432455652 954.5341508634774
 522.0786822952186 -144.7660265693678 -136.6214933001503 -1196.802015062878 955.1855268304297
 522.9722447512909 -144.7631036988057 -136.9340859855417 -1196.96985922816 955.267362602366
 522.0786822952186 -144.7660265693678 -136.6214933001503 -1196.802015062878 955.1855268304297
 522.2453486340951 -144.9447216424398 -136.6851399299056 -1196.859980526202 955.4339467417282
 526.8262164306618 -162.0241158850237 -150.7374775086528 -1184.526050360831 969.4731382561058
 522.0786822952186 -144.7660265693678 -136.6214933001503 -1196.802015062878 955.1855268304297
 526.8016584964239 -162.0570795896546 -150.6987108726505 -1184.490196490481 969.4625915702228
 522.2453486340951 -144.9447216424398 -136.6851399299056 -1196.859980526202 955.4339467417282
 527.136840007647 -161.7483468561043 -151.2559193300123 -1184.029786413758 969.0951098577061
 522.2437742614701 -144.9924157805565 -136.5962582105276 -1196.903313951449 955.4315910144229
 522.067766190607 -144.7558249148298 -136.6257848889232 -1196.823495710516 955.1964631619286
 522.2840280893602 -144.863476896188 -136.4985452234696 -1196.787871590942 955.4426698043892
 526.8262164306618 -162.0241158850237 -150.7374775086528 -1184.526050360831 969.4731382561058
 526.8262164306618 -162.0241158850237 -150.7374775086528 -1184.526050360831 969.4731382561058
 522.0786822952186 -144.7660265693678 -136.6214933001503 -1196.802015062878 955.1855268304297
 522.8402280689218 -159.9091140118342 -156.7935654322187 -1185.742091374637 981.282411788386
 526.7968173367833 -162.0869367437471 -150.6980612459867 -1184.500596640045 969.4734825736381
 523.2347994357314 -159.7085838385488 -157.4346224824637 -1185.348993751201 979.8404049990286
 522.3642447641471 -143.3770995595108 -136.1768204508369 -1197.348432455652 954.5341508634774
 526.7686148292291 -162.020594606562 -150.686611372852 -1184.520331629504 969.4768891278654
 526.7490654061849 -161.998806319508 -150.6656077625139 -1184.491345303441 969.3935290173653
 522.2437742614701 -144.9924157805565 -136.5962582105276 -1196.903313951449 955.4315910144229
 526.8016584964239 -162.0570795896546 -150.6987108726505 -1184.490196490481 969.4625915702228
 526.7490654061849 -161.998806319508 -150.6656077625139 -1184.491345303441 969.3935290173653
 522.2437742614701 -144.9924157805565 -136.5962582105276 -1196.903313951449 955.4315910144229
 522.9722447512909 -144.7631036988057 -136.9340859855417 -1196.96985922816 955.267362602366
 522.0786822952186 -144.7660265693678 -136.6214933001503 -1196.802015062878 955.1855268304297
 522.067766190607 -144.7558249148298 -136.6257848889232 -1196.823495710516 955.1964631619286
 526.7490654061849 -161.998806319508 -150.6656077625139 -1184.491345303441 969.3935290173653
 526.8016584964239 -162.0570795896546 -150.6987108726505 -1184.490196490481 969.4625915702228
 526.8408543469892 -162.0671063135214 -150.6948538864573 -1184.500248844822 969.4591907857334
 526.8016584964239 -162.0570795896546 -150.6987108726505 -1184.490196490481 969.4625915702228
 522.2437742614701 -144.9924157805565 -136.5962582105276 -1196.903313951449 955.4315910144229
 526.7490654061849 -161.998806319508 -150.6656077625139 -1184.491345303441 969.3935290173653
 522.0786822952186 -144.7660265693678 -136.6214933001503 -1196.802015062878 955.1855268304297
 526.8016584964239 -162.0570795896546 -150.6987108726505 -1184.490196490481 969.4625915702228
 522.2437742614701 -144.9924157805565 -136.5962582105276 -1196.903313951449 955.4315910144229
 526.84930330241 -161.8698589943575 -150.6728292854701 -1184.420464653817 969.3648044311084
 526.7968173367833 -162.0869367437471 -150.6980612459867 -1184.500596640045 969.4734825736381
 522.2437742614701 -144.9924157805565 -136.5962582105276 -1196.903313951449 955.4315910144229
 527.1377679132445 -161.7433735685453 -151.2193386048667 -1183.958562221294 969.1360650035253
 522.0786822952186 -144.7660265693678 -136.6214933001503 -1196.802015062878 955.1855268304297
 523.6038190175393 -142.9208341688555 -139.4616300666888 -1198.288303577385 958.2445012351222
 526.8262164306618 -162.0241158850237 -150.7374775086528 -1184.526050360831 969.4731382561058
 522.0786822952186 -144.7660265693678 -136.6214933001503 -1196.802015062878 955.1855268304297
 522.0786822952186 -144.7660265693678 -136.6214933001503 -1196.802015062878 955.1855268304297
 526.8262164306618 -162.0241158850237 -150.7374775086528 -1184.526050360831 969.4731382561058
 526.8016584964239 -162.0570795896546 -150.6987108726505 -1184.490196490481 969.4625915702228
 527.144048879283 -161.7315423538719 -151.2320620891324 -1183.956056094033 969.1309288863472
 526.7490654061849 -161.998806319508 -150.6656077625139 -1184.491345303441 969.3935290173653
 522.0786822952186 -144.7660265693678 -136.6214933001503 -1196.802015062878 955.1855268304297
 526.7490654061849 -161.998806319508 -150.6656077625139 -1184.491345303441 969.3935290173653
 526.7968173367833 -162.0869367437471 -150.6980612459867 -1184.500596640045 969.4734825736381
 526.8262164306618 -162.0241158850237 -150.7374775086528 -1184.526050360831 969.4731382561058
 526.8262164306618 -162.0241158850237 -150.7374775086528 -1184.526050360831 969.4731382561058
 522.2354138204813 -144.9917789542026 -136.5937052122417 -1196.909237424856 955.4318300009509
 522.2437742614701 -144.9924157805565 -136.5962582105276 -1196.903313951449 955.4315910144229
 526.8262164306618 -162.0241158850237 -150.7374775086528 -1184.526050360831 969.4731382561058
 526.7968173367833 -162.0869367437471 -150.6980612459867 -1184.500596640045 969.4734825736381
 527.1670434181061 -161.6905147586094 -151.2169070298537 -1184.021609464472 969.1312830043012
 526.8465301156624 -161.8725235971416 -150.6819788162196 -1184.415718512282 969.3661337186076
 526.8253220673363 -162.026151474585 -150.7393692095778 -1184.528278584616 969.4744362925356
 522.0779811868803 -144.7689224574102 -136.6160153638718 -1196.804606746644 955.1881973509321
