# Created by Octave 4.2.1, Mon Oct 09 17:19:54 2017 BRT <root@mosqueiro>
# name: pop
# type: matrix
# rows: 100
# columns: 5
 371.712684717904 -297.5644430729197 -150.9693948208263 -41.60340753317314 160.8816957959191
 371.712684717904 -297.5644430729197 -150.9693948208263 -41.60340753317314 160.8816957959191
 371.712684717904 -297.5644430729197 -150.9693948208263 -41.60340753317314 160.8816957959191
 371.712684717904 -297.5644430729197 -150.9693948208263 -41.60340753317314 160.8816957959191
 371.712684717904 -297.5644430729197 -150.9693948208263 -41.60340753317314 160.8816957959191
 371.712684717904 -297.5644430729197 -150.9693948208263 -41.60340753317314 160.8816957959191
 599.6279880112604 -202.4459595270188 995.653663845816 3621.450559682743 -2339.446331578095
 371.712684717904 -297.5644430729197 -150.9693948208263 -41.60340753317314 160.8816957959191
 272.2871049890368 220.2135355911157 699.0910243453143 1009.863474877516 1219.417411529204
 272.2871049890368 220.2135355911157 699.0910243453143 1009.863474877516 1219.417411529204
 371.712684717904 -297.5644430729197 -150.9693948208263 -41.60340753317314 160.8816957959191
 371.712684717904 -297.5644430729197 -150.9693948208263 -41.60340753317314 160.8816957959191
 371.712684717904 -297.5644430729197 -150.9693948208263 -41.60340753317314 160.8816957959191
 1900.275133434373 -35.41601032274934 1824.99648823499 1736.720296936263 -848.8443081721667
 371.712684717904 -297.5644430729197 -150.9693948208263 -41.60340753317314 160.8816957959191
 371.712684717904 -297.5644430729197 -150.9693948208263 -41.60340753317314 160.8816957959191
 371.712684717904 -297.5644430729197 -150.9693948208263 -41.60340753317314 160.8816957959191
 371.712684717904 -297.5644430729197 -150.9693948208263 -41.60340753317314 160.8816957959191
 858.1507786097209 -1715.470408945334 -988.1848976535654 -1533.153446689168 2196.149958673501
 371.712684717904 -297.5644430729197 -150.9693948208263 -41.60340753317314 160.8816957959191
 371.712684717904 -297.5644430729197 -150.9693948208263 -41.60340753317314 160.8816957959191
 371.712684717904 -297.5644430729197 -150.9693948208263 -41.60340753317314 160.8816957959191
 1590.376988282243 -491.2222850872135 -171.3458646871846 -2343.220280770944 -125.1048922828363
 -15.96505455367151 521.6278307102618 -507.8338496105069 -1688.502621918405 -825.927539666534
 371.712684717904 -297.5644430729197 -150.9693948208263 -41.60340753317314 160.8816957959191
 1455.319176495349 100.5800234046757 -190.0788582173428 1594.574179420424 2170.145429132374
 -15.96505455367151 521.6278307102618 -507.8338496105069 -1688.502621918405 -825.927539666534
 -937.1549481941815 854.1730611094681 -76.89152495521148 403.3971366596516 -114.9417988217939
 371.712684717904 -297.5644430729197 -150.9693948208263 -41.60340753317314 160.8816957959191
 371.712684717904 -297.5644430729197 -150.9693948208263 -41.60340753317314 160.8816957959191
 371.712684717904 -297.5644430729197 -150.9693948208263 -41.60340753317314 160.8816957959191
 371.712684717904 -297.5644430729197 -150.9693948208263 -41.60340753317314 160.8816957959191
 371.712684717904 -297.5644430729197 -150.9693948208263 -41.60340753317314 160.8816957959191
 2573.047456261173 1699.802621293796 776.4179170534483 -908.6819923467813 -1613.371427261962
 371.712684717904 -297.5644430729197 -150.9693948208263 -41.60340753317314 160.8816957959191
 371.712684717904 -297.5644430729197 -150.9693948208263 -41.60340753317314 160.8816957959191
 371.712684717904 -297.5644430729197 -150.9693948208263 -41.60340753317314 160.8816957959191
 371.712684717904 -297.5644430729197 -150.9693948208263 -41.60340753317314 160.8816957959191
 371.712684717904 -297.5644430729197 -150.9693948208263 -41.60340753317314 160.8816957959191
 -338.5609760450764 -1278.403137874916 -2226.734759250799 2165.834356218309 3547.083151391791
 2169.571096886047 -1138.914088162218 -1047.805161799833 -2129.71677305324 2689.711642669721
 858.1507786097209 -1715.470408945334 -988.1848976535654 -1533.153446689168 2196.149958673501
 -598.3371709866192 -2132.089733708005 -1549.083289068923 387.1597939042729 -570.354411708274
 371.712684717904 -297.5644430729197 -150.9693948208263 -41.60340753317314 160.8816957959191
 371.712684717904 -297.5644430729197 -150.9693948208263 -41.60340753317314 160.8816957959191
 371.712684717904 -297.5644430729197 -150.9693948208263 -41.60340753317314 160.8816957959191
 371.712684717904 -297.5644430729197 -150.9693948208263 -41.60340753317314 160.8816957959191
 371.712684717904 -297.5644430729197 -150.9693948208263 -41.60340753317314 160.8816957959191
 1455.319176495349 100.5800234046757 -190.0788582173428 1594.574179420424 2170.145429132374
 371.712684717904 -297.5644430729197 -150.9693948208263 -41.60340753317314 160.8816957959191
 -1262.020864188469 -6.329550006210354 -1106.880808982268 391.1256480737358 65.71824290337028
 1128.942340308112 2816.084430590957 -2167.935095562121 1636.800983431721 161.1064729938792
 -4068.89472366842 -2718.578780729074 1369.089029637545 2393.167119344163 -2449.758487605489
 2573.047456261173 1699.802621293796 776.4179170534483 -908.6819923467813 -1613.371427261962
 371.712684717904 -297.5644430729197 -150.9693948208263 -41.60340753317314 160.8816957959191
 1540.317078919877 -1470.046743497707 -1748.514586350017 1103.323737278597 2667.287381622297
 371.712684717904 -297.5644430729197 -150.9693948208263 -41.60340753317314 160.8816957959191
 371.712684717904 -297.5644430729197 -150.9693948208263 -41.60340753317314 160.8816957959191
 371.712684717904 -297.5644430729197 -150.9693948208263 -41.60340753317314 160.8816957959191
 371.712684717904 -297.5644430729197 -150.9693948208263 -41.60340753317314 160.8816957959191
 371.712684717904 -297.5644430729197 -150.9693948208263 -41.60340753317314 160.8816957959191
 371.712684717904 -297.5644430729197 -150.9693948208263 -41.60340753317314 160.8816957959191
 371.712684717904 -297.5644430729197 -150.9693948208263 -41.60340753317314 160.8816957959191
 371.712684717904 -297.5644430729197 -150.9693948208263 -41.60340753317314 160.8816957959191
 371.712684717904 -297.5644430729197 -150.9693948208263 -41.60340753317314 160.8816957959191
 371.712684717904 -297.5644430729197 -150.9693948208263 -41.60340753317314 160.8816957959191
 348.5779084997316 23.94695560986463 -839.011834805684 850.9826334900623 -13.86618919494981
 -606.5469037492635 -623.7078925919827 -867.9382638032166 702.2849055820477 1109.112935787046
 371.712684717904 -297.5644430729197 -150.9693948208263 -41.60340753317314 160.8816957959191
 371.712684717904 -297.5644430729197 -150.9693948208263 -41.60340753317314 160.8816957959191
 371.712684717904 -297.5644430729197 -150.9693948208263 -41.60340753317314 160.8816957959191
 -937.1549481941815 854.1730611094681 -76.89152495521148 403.3971366596516 -114.9417988217939
 -338.5609760450764 -1278.403137874916 -2226.734759250799 2165.834356218309 3547.083151391791
 371.712684717904 -297.5644430729197 -150.9693948208263 -41.60340753317314 160.8816957959191
 371.712684717904 -297.5644430729197 -150.9693948208263 -41.60340753317314 160.8816957959191
 371.712684717904 -297.5644430729197 -150.9693948208263 -41.60340753317314 160.8816957959191
 371.712684717904 -297.5644430729197 -150.9693948208263 -41.60340753317314 160.8816957959191
 371.712684717904 -297.5644430729197 -150.9693948208263 -41.60340753317314 160.8816957959191
 371.712684717904 -297.5644430729197 -150.9693948208263 -41.60340753317314 160.8816957959191
 371.712684717904 -297.5644430729197 -150.9693948208263 -41.60340753317314 160.8816957959191
 -805.646088379583 -1284.422414682617 -2693.157940115376 1877.446143929469 4447.496042719727
 -379.4037877397056 1441.16914098069 172.1108398100484 -1568.764255808073 -712.3823998935123
 -99.57334089967316 -483.7013362256739 1334.269471147679 -470.3668917438492 -115.7512801045938
 638.2419951095592 -1500.467832482197 -581.3902902838925 1189.989516170452 66.00799127541433
