# Created by Octave 4.2.1, Mon Oct 09 17:18:24 2017 BRT <root@mosqueiro>
# name: pop
# type: matrix
# rows: 100
# columns: 5
 273.5834623549927 557.8691306680512 -41.37860459162653 97.93759642750979 -884.9501209890717
 273.5834623549927 557.8691306680512 -41.37860459162653 97.93759642750979 -884.9501209890717
 273.5834623549927 557.8691306680512 -41.37860459162653 97.93759642750979 -884.9501209890717
 -1118.595618292075 1475.343675987122 2054.864756185945 -215.7506211127502 -1983.434966016726
 -519.940584328121 -350.9698116144451 204.735969490713 967.650775899438 -1541.108359883986
 1728.012537987096 -1004.095511380687 -2591.157596916123 4374.545401047724 -1927.828724606733
 273.5834623549927 557.8691306680512 -41.37860459162653 97.93759642750979 -884.9501209890717
 3139.898924756871 427.7090560981967 -1300.288836392841 -334.4358713972825 690.4477915889892
 273.5834623549927 557.8691306680512 -41.37860459162653 97.93759642750979 -884.9501209890717
 1078.174347293219 -561.9912957734089 1265.197535235076 320.991066390895 -1305.507395766097
 273.5834623549927 557.8691306680512 -41.37860459162653 97.93759642750979 -884.9501209890717
 273.5834623549927 557.8691306680512 -41.37860459162653 97.93759642750979 -884.9501209890717
 273.5834623549927 557.8691306680512 -41.37860459162653 97.93759642750979 -884.9501209890717
 273.5834623549927 557.8691306680512 -41.37860459162653 97.93759642750979 -884.9501209890717
 273.5834623549927 557.8691306680512 -41.37860459162653 97.93759642750979 -884.9501209890717
 273.5834623549927 557.8691306680512 -41.37860459162653 97.93759642750979 -884.9501209890717
 -164.8508049101847 574.622279453137 800.2362458629082 101.2565775439721 12.6770397609738
 273.5834623549927 557.8691306680512 -41.37860459162653 97.93759642750979 -884.9501209890717
 273.5834623549927 557.8691306680512 -41.37860459162653 97.93759642750979 -884.9501209890717
 273.5834623549927 557.8691306680512 -41.37860459162653 97.93759642750979 -884.9501209890717
 -39.91639892125539 1549.445726876647 991.7282198141866 -18.436626856705 -1972.209993716627
 273.5834623549927 557.8691306680512 -41.37860459162653 97.93759642750979 -884.9501209890717
 740.038406587037 -2095.077767750283 -3036.146056277808 3603.402942296044 -1909.237462299712
 273.5834623549927 557.8691306680512 -41.37860459162653 97.93759642750979 -884.9501209890717
 -79.8829543399072 -1082.810885051179 1225.8479191047 -1088.490723039512 775.0474602067509
 483.1724339647594 -94.89196514976175 535.2429805933748 -475.5591664369874 -1641.83978089577
 273.5834623549927 557.8691306680512 -41.37860459162653 97.93759642750979 -884.9501209890717
 273.5834623549927 557.8691306680512 -41.37860459162653 97.93759642750979 -884.9501209890717
 273.5834623549927 557.8691306680512 -41.37860459162653 97.93759642750979 -884.9501209890717
 273.5834623549927 557.8691306680512 -41.37860459162653 97.93759642750979 -884.9501209890717
 740.038406587037 -2095.077767750283 -3036.146056277808 3603.402942296044 -1909.237462299712
 273.5834623549927 557.8691306680512 -41.37860459162653 97.93759642750979 -884.9501209890717
 312.2651988109251 1073.951150909875 -1335.7985874297 -580.3126893884659 618.6885636133534
 273.5834623549927 557.8691306680512 -41.37860459162653 97.93759642750979 -884.9501209890717
 -164.8508049101847 574.622279453137 800.2362458629082 101.2565775439721 12.6770397609738
 273.5834623549927 557.8691306680512 -41.37860459162653 97.93759642750979 -884.9501209890717
 -388.4524730838361 -3937.765317085996 -93.58049275767667 -724.9933555238963 -1785.316201613867
 253.4266852454605 26.97871885311565 579.4756382493219 857.2320308791029 -538.2803086066867
 3139.898924756871 427.7090560981967 -1300.288836392841 -334.4358713972825 690.4477915889892
 273.5834623549927 557.8691306680512 -41.37860459162653 97.93759642750979 -884.9501209890717
 273.5834623549927 557.8691306680512 -41.37860459162653 97.93759642750979 -884.9501209890717
 -1437.395360415266 -365.7713960323246 1549.080759426183 92.19472935956111 -336.6790199358857
 273.5834623549927 557.8691306680512 -41.37860459162653 97.93759642750979 -884.9501209890717
 -1568.580070715519 878.7046115317276 40.12613613634861 -202.0474707758322 -431.5998126786195
 -388.4524730838361 -3937.765317085996 -93.58049275767667 -724.9933555238963 -1785.316201613867
 273.5834623549927 557.8691306680512 -41.37860459162653 97.93759642750979 -884.9501209890717
 -164.8508049101847 574.622279453137 800.2362458629082 101.2565775439721 12.6770397609738
 -1808.192865014852 2344.979678786813 -890.1306257200135 512.7391346478502 -1135.493270672676
 273.5834623549927 557.8691306680512 -41.37860459162653 97.93759642750979 -884.9501209890717
 273.5834623549927 557.8691306680512 -41.37860459162653 97.93759642750979 -884.9501209890717
 273.5834623549927 557.8691306680512 -41.37860459162653 97.93759642750979 -884.9501209890717
 273.5834623549927 557.8691306680512 -41.37860459162653 97.93759642750979 -884.9501209890717
 9.091090548846637 -2261.914694049889 1758.363009490389 -483.0144464489257 786.3945352256028
 273.5834623549927 557.8691306680512 -41.37860459162653 97.93759642750979 -884.9501209890717
 -338.1035323806909 485.4699350165334 -921.5664248599422 -1930.969239655527 -1126.326681757403
 494.0463452926425 260.8281569326809 -821.2285211319015 755.1210104060224 -2082.534863590195
 273.5834623549927 557.8691306680512 -41.37860459162653 97.93759642750979 -884.9501209890717
 273.5834623549927 557.8691306680512 -41.37860459162653 97.93759642750979 -884.9501209890717
 273.5834623549927 557.8691306680512 -41.37860459162653 97.93759642750979 -884.9501209890717
 3139.898924756871 427.7090560981967 -1300.288836392841 -334.4358713972825 690.4477915889892
 312.2651988109251 1073.951150909875 -1335.7985874297 -580.3126893884659 618.6885636133534
 273.5834623549927 557.8691306680512 -41.37860459162653 97.93759642750979 -884.9501209890717
 273.5834623549927 557.8691306680512 -41.37860459162653 97.93759642750979 -884.9501209890717
 -1018.24430927051 1007.463408634234 -331.0060612678511 551.4932387908556 -268.881748934237
 273.5834623549927 557.8691306680512 -41.37860459162653 97.93759642750979 -884.9501209890717
 273.5834623549927 557.8691306680512 -41.37860459162653 97.93759642750979 -884.9501209890717
 273.5834623549927 557.8691306680512 -41.37860459162653 97.93759642750979 -884.9501209890717
 -922.4149780732389 307.1020830076723 -740.8205960546538 -94.65803732210077 -610.0337349362103
 273.5834623549927 557.8691306680512 -41.37860459162653 97.93759642750979 -884.9501209890717
 273.5834623549927 557.8691306680512 -41.37860459162653 97.93759642750979 -884.9501209890717
 273.5834623549927 557.8691306680512 -41.37860459162653 97.93759642750979 -884.9501209890717
 273.5834623549927 557.8691306680512 -41.37860459162653 97.93759642750979 -884.9501209890717
 273.5834623549927 557.8691306680512 -41.37860459162653 97.93759642750979 -884.9501209890717
 706.5888190918946 -2727.983879716255 -315.5850793082723 3056.198581617768 -558.7925276301951
 273.5834623549927 557.8691306680512 -41.37860459162653 97.93759642750979 -884.9501209890717
 273.5834623549927 557.8691306680512 -41.37860459162653 97.93759642750979 -884.9501209890717
 420.762944669222 2639.909788484042 -382.157782755977 706.3316736612104 -2595.209339437487
 273.5834623549927 557.8691306680512 -41.37860459162653 97.93759642750979 -884.9501209890717
 273.5834623549927 557.8691306680512 -41.37860459162653 97.93759642750979 -884.9501209890717
 9.091090548846637 -2261.914694049889 1758.363009490389 -483.0144464489257 786.3945352256028
 831.6075940626083 1049.607373861315 -103.5001255357174 -186.8375513467565 -243.9423190455738
 701.6549494890545 275.6686748549486 732.6463519599918 -738.7873870302533 -866.8855303946322
 1234.552038022171 -193.2450352217879 -210.8590099470618 392.3137459881206 -2063.261207908185
 1152.471088071897 1623.865844491145 189.3755444859337 -177.325982081582 -897.0269207700801
