# Created by Octave 4.2.1, Mon Oct 09 17:18:31 2017 BRT <root@mosqueiro>
# name: pop
# type: matrix
# rows: 100
# columns: 5
 273.5834623549927 557.8691306680512 -41.37860459162653 97.93759642750979 -884.9501209890717
 273.5834623549927 557.8691306680512 -41.37860459162653 97.93759642750979 -884.9501209890717
 273.5834623549927 557.8691306680512 -41.37860459162653 97.93759642750979 -884.9501209890717
 273.5834623549927 557.8691306680512 -41.37860459162653 97.93759642750979 -884.9501209890717
 256.2430007926349 622.8186317749463 -148.1828597958955 125.4419964158636 -674.6096113118924
 447.7842898426097 712.48579715296 -7.993108740888488 -122.5526357626568 -1150.966859748646
 273.5834623549927 557.8691306680512 -41.37860459162653 97.93759642750979 -884.9501209890717
 273.5834623549927 557.8691306680512 -41.37860459162653 97.93759642750979 -884.9501209890717
 312.2651988109251 1073.951150909875 -1335.7985874297 -580.3126893884659 618.6885636133534
 273.5834623549927 557.8691306680512 -41.37860459162653 97.93759642750979 -884.9501209890717
 273.5834623549927 557.8691306680512 -41.37860459162653 97.93759642750979 -884.9501209890717
 328.3037058055545 573.9673499669528 -43.29915327806895 -38.4973828672546 -1020.489173778836
 273.5834623549927 557.8691306680512 -41.37860459162653 97.93759642750979 -884.9501209890717
 273.5834623549927 557.8691306680512 -41.37860459162653 97.93759642750979 -884.9501209890717
 910.4046318954242 -2609.634174444704 -287.7418797460642 3010.376338775692 -579.0674136131889
 311.943345183397 540.7787449934206 -101.1677235382972 -29.60864500231993 -979.9204503533136
 273.5834623549927 557.8691306680512 -41.37860459162653 97.93759642750979 -884.9501209890717
 273.5834623549927 557.8691306680512 -41.37860459162653 97.93759642750979 -884.9501209890717
 273.5834623549927 557.8691306680512 -41.37860459162653 97.93759642750979 -884.9501209890717
 273.5834623549927 557.8691306680512 -41.37860459162653 97.93759642750979 -884.9501209890717
 273.5834623549927 557.8691306680512 -41.37860459162653 97.93759642750979 -884.9501209890717
 263.653148373148 604.0618553201775 -40.2503181122541 179.1754981289835 -830.8714261535629
 263.653148373148 604.0618553201775 -40.2503181122541 179.1754981289835 -830.8714261535629
 314.5689917644328 559.5782973289417 10.37368904055768 88.20732414660563 -734.8898782077824
 311.943345183397 540.7787449934206 -101.1677235382972 -29.60864500231993 -979.9204503533136
 273.5834623549927 557.8691306680512 -41.37860459162653 97.93759642750979 -884.9501209890717
 273.5834623549927 557.8691306680512 -41.37860459162653 97.93759642750979 -884.9501209890717
 270.3029044991562 339.426104655947 -218.3303470442858 98.16660676323448 -727.3247384056402
 295.5237658454714 605.9707474884312 -101.36232685596 38.74373880174448 -891.2763160307928
 273.5834623549927 557.8691306680512 -41.37860459162653 97.93759642750979 -884.9501209890717
 78.51643221123298 500.2588382682786 214.7798052554275 335.6727784567344 -779.5601448059355
 273.5834623549927 557.8691306680512 -41.37860459162653 97.93759642750979 -884.9501209890717
 273.5834623549927 557.8691306680512 -41.37860459162653 97.93759642750979 -884.9501209890717
 256.2430007926349 622.8186317749463 -148.1828597958955 125.4419964158636 -674.6096113118924
 273.5834623549927 557.8691306680512 -41.37860459162653 97.93759642750979 -884.9501209890717
 273.5834623549927 557.8691306680512 -41.37860459162653 97.93759642750979 -884.9501209890717
 228.4490980444868 412.6789159859953 48.96679078433178 18.98538089633485 -841.3813740489194
 273.5834623549927 557.8691306680512 -41.37860459162653 97.93759642750979 -884.9501209890717
 366.9521837062613 555.3979187528817 -55.92691891345137 146.5589078480646 -832.5407227228465
 273.5834623549927 557.8691306680512 -41.37860459162653 97.93759642750979 -884.9501209890717
 273.5834623549927 557.8691306680512 -41.37860459162653 97.93759642750979 -884.9501209890717
 273.5834623549927 557.8691306680512 -41.37860459162653 97.93759642750979 -884.9501209890717
 263.653148373148 604.0618553201775 -40.2503181122541 179.1754981289835 -830.8714261535629
 273.5834623549927 557.8691306680512 -41.37860459162653 97.93759642750979 -884.9501209890717
 273.5834623549927 557.8691306680512 -41.37860459162653 97.93759642750979 -884.9501209890717
 273.5834623549927 557.8691306680512 -41.37860459162653 97.93759642750979 -884.9501209890717
 273.5834623549927 557.8691306680512 -41.37860459162653 97.93759642750979 -884.9501209890717
 910.4046318954242 -2609.634174444704 -287.7418797460642 3010.376338775692 -579.0674136131889
 273.5834623549927 557.8691306680512 -41.37860459162653 97.93759642750979 -884.9501209890717
 273.5834623549927 557.8691306680512 -41.37860459162653 97.93759642750979 -884.9501209890717
 196.019849762338 558.6037054638838 -30.91715844488849 69.17204216277425 -843.6516407053135
 273.5834623549927 557.8691306680512 -41.37860459162653 97.93759642750979 -884.9501209890717
 273.5834623549927 557.8691306680512 -41.37860459162653 97.93759642750979 -884.9501209890717
 273.5834623549927 557.8691306680512 -41.37860459162653 97.93759642750979 -884.9501209890717
 3139.898924756871 427.7090560981967 -1300.288836392841 -334.4358713972825 690.4477915889892
 273.5834623549927 557.8691306680512 -41.37860459162653 97.93759642750979 -884.9501209890717
 258.7232670488461 578.3322581738238 12.10085292301304 26.30304640788582 -845.6096131339671
 270.3029044991562 339.426104655947 -218.3303470442858 98.16660676323448 -727.3247384056402
 273.5834623549927 557.8691306680512 -41.37860459162653 97.93759642750979 -884.9501209890717
 273.5834623549927 557.8691306680512 -41.37860459162653 97.93759642750979 -884.9501209890717
 273.5834623549927 557.8691306680512 -41.37860459162653 97.93759642750979 -884.9501209890717
 366.9521837062613 555.3979187528817 -55.92691891345137 146.5589078480646 -832.5407227228465
 273.5834623549927 557.8691306680512 -41.37860459162653 97.93759642750979 -884.9501209890717
 273.5834623549927 557.8691306680512 -41.37860459162653 97.93759642750979 -884.9501209890717
 273.5834623549927 557.8691306680512 -41.37860459162653 97.93759642750979 -884.9501209890717
 273.5834623549927 557.8691306680512 -41.37860459162653 97.93759642750979 -884.9501209890717
 273.5834623549927 557.8691306680512 -41.37860459162653 97.93759642750979 -884.9501209890717
 56.12117106874599 403.2403796170339 257.2925472500736 400.9351275492666 -797.5364491229299
 228.4490980444868 412.6789159859953 48.96679078433178 18.98538089633485 -841.3813740489194
 273.5834623549927 557.8691306680512 -41.37860459162653 97.93759642750979 -884.9501209890717
 273.5834623549927 557.8691306680512 -41.37860459162653 97.93759642750979 -884.9501209890717
 273.5834623549927 557.8691306680512 -41.37860459162653 97.93759642750979 -884.9501209890717
 312.2651988109251 1073.951150909875 -1335.7985874297 -580.3126893884659 618.6885636133534
 273.5834623549927 557.8691306680512 -41.37860459162653 97.93759642750979 -884.9501209890717
 273.5834623549927 557.8691306680512 -41.37860459162653 97.93759642750979 -884.9501209890717
 273.5834623549927 557.8691306680512 -41.37860459162653 97.93759642750979 -884.9501209890717
 273.5834623549927 557.8691306680512 -41.37860459162653 97.93759642750979 -884.9501209890717
 273.5834623549927 557.8691306680512 -41.37860459162653 97.93759642750979 -884.9501209890717
 273.5834623549927 557.8691306680512 -41.37860459162653 97.93759642750979 -884.9501209890717
 356.6138778811791 671.5662556631625 36.63187992126221 50.62380277036496 -821.317367478299
 344.381278564434 667.0911562060894 24.91219514821825 39.31197198383936 -815.6793083556586
 294.6749743096535 547.076204465558 -6.548802884019551 88.09876902673727 -897.2558389727958
 288.5639195558123 567.0101717620698 -37.6098289112243 76.59806129158814 -885.0232907847108
 287.0157388026728 543.0564837618286 -63.28776571127626 73.39160991576672 -903.3028495577155
