# Created by Octave 4.2.1, Mon Oct 09 17:20:04 2017 BRT <root@mosqueiro>
# name: pop
# type: matrix
# rows: 100
# columns: 5
 -255.9617401459099 -631.3066678888308 28.24086324922116 110.8653821003273 747.3709054605207
 -253.3429534791895 -628.0244369629889 29.69777295331378 109.0960652254849 742.1554546450452
 -256.8356169333874 -639.6219777336017 32.82840272670078 120.109157773524 757.1366079149986
 -248.0333399871766 -623.4970733233349 26.15846192331199 117.3299754954516 745.0078188350163
 -253.935663394946 -627.0440646270383 26.57882194482798 112.3541240991824 741.8557978485687
 -253.935663394946 -627.0440646270383 26.57882194482798 112.3541240991824 741.8557978485687
 -253.935663394946 -627.0440646270383 26.57882194482798 112.3541240991824 741.8557978485687
 -253.935663394946 -627.0440646270383 26.57882194482798 112.3541240991824 741.8557978485687
 -253.935663394946 -627.0440646270383 26.57882194482798 112.3541240991824 741.8557978485687
 -248.0333399871766 -623.4970733233349 26.15846192331199 117.3299754954516 745.0078188350163
 -253.3429534791895 -628.0244369629889 29.69777295331378 109.0960652254849 742.1554546450452
 -253.935663394946 -627.0440646270383 26.57882194482798 112.3541240991824 741.8557978485687
 -253.3429534791895 -628.0244369629889 29.69777295331378 109.0960652254849 742.1554546450452
 -253.935663394946 -627.0440646270383 26.57882194482798 112.3541240991824 741.8557978485687
 -253.935663394946 -627.0440646270383 26.57882194482798 112.3541240991824 741.8557978485687
 -253.3429534791895 -628.0244369629889 29.69777295331378 109.0960652254849 742.1554546450452
 -253.935663394946 -627.0440646270383 26.57882194482798 112.3541240991824 741.8557978485687
 -253.935663394946 -627.0440646270383 26.57882194482798 112.3541240991824 741.8557978485687
 -253.935663394946 -627.0440646270383 26.57882194482798 112.3541240991824 741.8557978485687
 -253.3429534791895 -628.0244369629889 29.69777295331378 109.0960652254849 742.1554546450452
 -253.935663394946 -627.0440646270383 26.57882194482798 112.3541240991824 741.8557978485687
 -253.935663394946 -627.0440646270383 26.57882194482798 112.3541240991824 741.8557978485687
 -253.935663394946 -627.0440646270383 26.57882194482798 112.3541240991824 741.8557978485687
 -256.8356169333874 -639.6219777336017 32.82840272670078 120.109157773524 757.1366079149986
 -253.3429534791895 -628.0244369629889 29.69777295331378 109.0960652254849 742.1554546450452
 -252.5710423129325 -627.3202574487575 23.91653213070328 102.8243280483767 748.0860112756859
 -249.6599500821055 -607.3182503690315 24.10868482077067 114.7628062106319 740.5040538279605
 -253.935663394946 -627.0440646270383 26.57882194482798 112.3541240991824 741.8557978485687
 -253.935663394946 -627.0440646270383 26.57882194482798 112.3541240991824 741.8557978485687
 -253.935663394946 -627.0440646270383 26.57882194482798 112.3541240991824 741.8557978485687
 -253.3429534791895 -628.0244369629889 29.69777295331378 109.0960652254849 742.1554546450452
 -253.935663394946 -627.0440646270383 26.57882194482798 112.3541240991824 741.8557978485687
 -253.3429534791895 -628.0244369629889 29.69777295331378 109.0960652254849 742.1554546450452
 -253.935663394946 -627.0440646270383 26.57882194482798 112.3541240991824 741.8557978485687
 -248.0333399871766 -623.4970733233349 26.15846192331199 117.3299754954516 745.0078188350163
 -268.335026082809 -625.5342275841705 28.85052262593656 123.611611901031 741.586386198987
 -255.1624194944682 -635.2145567060089 33.78809838552846 117.6454475089202 750.2631870944999
 -249.6599500821055 -607.3182503690315 24.10868482077067 114.7628062106319 740.5040538279605
 -253.3429534791895 -628.0244369629889 29.69777295331378 109.0960652254849 742.1554546450452
 -253.935663394946 -627.0440646270383 26.57882194482798 112.3541240991824 741.8557978485687
 -253.935663394946 -627.0440646270383 26.57882194482798 112.3541240991824 741.8557978485687
 -255.1624194944682 -635.2145567060089 33.78809838552846 117.6454475089202 750.2631870944999
 -253.3429534791895 -628.0244369629889 29.69777295331378 109.0960652254849 742.1554546450452
 -253.935663394946 -627.0440646270383 26.57882194482798 112.3541240991824 741.8557978485687
 -253.935663394946 -627.0440646270383 26.57882194482798 112.3541240991824 741.8557978485687
 -253.935663394946 -627.0440646270383 26.57882194482798 112.3541240991824 741.8557978485687
 -249.6599500821055 -607.3182503690315 24.10868482077067 114.7628062106319 740.5040538279605
 -253.3429534791895 -628.0244369629889 29.69777295331378 109.0960652254849 742.1554546450452
 -253.935663394946 -627.0440646270383 26.57882194482798 112.3541240991824 741.8557978485687
 -253.935663394946 -627.0440646270383 26.57882194482798 112.3541240991824 741.8557978485687
 -253.935663394946 -627.0440646270383 26.57882194482798 112.3541240991824 741.8557978485687
 -253.3429534791895 -628.0244369629889 29.69777295331378 109.0960652254849 742.1554546450452
 -253.935663394946 -627.0440646270383 26.57882194482798 112.3541240991824 741.8557978485687
 -253.935663394946 -627.0440646270383 26.57882194482798 112.3541240991824 741.8557978485687
 -253.935663394946 -627.0440646270383 26.57882194482798 112.3541240991824 741.8557978485687
 -255.9617401459099 -631.3066678888308 28.24086324922116 110.8653821003273 747.3709054605207
 -253.3429534791895 -628.0244369629889 29.69777295331378 109.0960652254849 742.1554546450452
 -262.3174157272361 -615.5707393330803 29.3647340814159 121.3374870473343 721.922503362386
 -268.335026082809 -625.5342275841705 28.85052262593656 123.611611901031 741.586386198987
 -226.4347253589953 -633.6500063128001 -19.48522574138568 132.4076355648084 705.186006158236
 -253.935663394946 -627.0440646270383 26.57882194482798 112.3541240991824 741.8557978485687
 -253.935663394946 -627.0440646270383 26.57882194482798 112.3541240991824 741.8557978485687
 -255.9617401459099 -631.3066678888308 28.24086324922116 110.8653821003273 747.3709054605207
 -253.935663394946 -627.0440646270383 26.57882194482798 112.3541240991824 741.8557978485687
 -248.6945404181492 -628.6491835159532 28.18438383053877 108.6046124531463 744.9233351241319
 -253.935663394946 -627.0440646270383 26.57882194482798 112.3541240991824 741.8557978485687
 -253.935663394946 -627.0440646270383 26.57882194482798 112.3541240991824 741.8557978485687
 -246.434820757199 -619.9663792857779 22.43691198999515 112.6010704203922 735.5256982845576
 -253.935663394946 -627.0440646270383 26.57882194482798 112.3541240991824 741.8557978485687
 -255.1624194944682 -635.2145567060089 33.78809838552846 117.6454475089202 750.2631870944999
 -253.935663394946 -627.0440646270383 26.57882194482798 112.3541240991824 741.8557978485687
 -255.1624194944682 -635.2145567060089 33.78809838552846 117.6454475089202 750.2631870944999
 -268.335026082809 -625.5342275841705 28.85052262593656 123.611611901031 741.586386198987
 -253.935663394946 -627.0440646270383 26.57882194482798 112.3541240991824 741.8557978485687
 -253.935663394946 -627.0440646270383 26.57882194482798 112.3541240991824 741.8557978485687
 -253.935663394946 -627.0440646270383 26.57882194482798 112.3541240991824 741.8557978485687
 -253.935663394946 -627.0440646270383 26.57882194482798 112.3541240991824 741.8557978485687
 -253.3429534791895 -628.0244369629889 29.69777295331378 109.0960652254849 742.1554546450452
 -253.935663394946 -627.0440646270383 26.57882194482798 112.3541240991824 741.8557978485687
 -253.3429534791895 -628.0244369629889 29.69777295331378 109.0960652254849 742.1554546450452
 -257.2646893058788 -630.3345839737387 26.21921968085989 108.976744248624 749.1470665103318
 -251.1758780791153 -627.9095800589204 29.51574017814841 106.4075520781869 742.1523372951682
 -250.9692078440383 -626.9831870272934 26.84202533651258 112.648916973891 740.0340482639568
 -255.0799398653959 -625.7051815007732 28.94688789776857 110.2367369076499 741.7342536267506
 -251.2639297305023 -628.2248263551681 27.35173853153506 111.3908583852835 743.7037526605463
