# Created by Octave 4.2.1, Mon Oct 09 17:20:35 2017 BRT <root@mosqueiro>
# name: pop
# type: matrix
# rows: 100
# columns: 5
 -1840.595210436926 2091.477665309535 -695.5616210676902 -290.0618588010327 734.3120381694528
 -1829.730341939764 2117.147654635591 -677.0937649350412 -279.8851791534982 669.1787047489895
 -1839.684958251766 2096.009296667185 -701.400970639829 -286.9482603066398 734.1843559263679
 -1840.595210436926 2091.477665309535 -695.5616210676902 -290.0618588010327 734.3120381694528
 -1839.707659066351 2091.30816159772 -696.7775949275945 -289.6001482193277 734.9950078238187
 -1839.707659066351 2091.30816159772 -696.7775949275945 -289.6001482193277 734.9950078238187
 -1840.595210436926 2091.477665309535 -695.5616210676902 -290.0618588010327 734.3120381694528
 -1829.730341939764 2117.147654635591 -677.0937649350412 -279.8851791534982 669.1787047489895
 -1825.972984696565 2116.895052948512 -681.4475461184282 -285.3851895009724 666.0255135677949
 -1839.881190219235 2094.880638771383 -703.3924571291448 -286.5160053795045 734.0769594788461
 -1839.707659066351 2091.30816159772 -696.7775949275945 -289.6001482193277 734.9950078238187
 -1839.707659066351 2091.30816159772 -696.7775949275945 -289.6001482193277 734.9950078238187
 -1839.420256382037 2097.752272353343 -701.7630768408824 -288.108638035412 734.8338185460733
 -1839.684958251766 2096.009296667185 -701.400970639829 -286.9482603066398 734.1843559263679
 -1838.788300939326 2094.944065794884 -704.082873901046 -271.283475554782 719.7849548917421
 -1843.72839630098 2090.492551373181 -694.2142375756125 -289.7067123221468 733.3236783422529
 -1839.707659066351 2091.30816159772 -696.7775949275945 -289.6001482193277 734.9950078238187
 -1839.684958251766 2096.009296667185 -701.400970639829 -286.9482603066398 734.1843559263679
 -1839.684958251766 2096.009296667185 -701.400970639829 -286.9482603066398 734.1843559263679
 -1818.111153373686 2078.855416085401 -703.9272875316562 -298.7616261212472 728.0772603223264
 -1839.684958251766 2096.009296667185 -701.400970639829 -286.9482603066398 734.1843559263679
 -1839.420256382037 2097.752272353343 -701.7630768408824 -288.108638035412 734.8338185460733
 -1839.707659066351 2091.30816159772 -696.7775949275945 -289.6001482193277 734.9950078238187
 -1843.483542087602 2093.762711193901 -698.5249344637274 -297.800404667733 737.6309392488845
 -1839.707659066351 2091.30816159772 -696.7775949275945 -289.6001482193277 734.9950078238187
 -1839.707659066351 2091.30816159772 -696.7775949275945 -289.6001482193277 734.9950078238187
 -1839.684958251766 2096.009296667185 -701.400970639829 -286.9482603066398 734.1843559263679
 -1839.707659066351 2091.30816159772 -696.7775949275945 -289.6001482193277 734.9950078238187
 -1840.595210436926 2091.477665309535 -695.5616210676902 -290.0618588010327 734.3120381694528
 -1840.3159346855 2092.193490295848 -696.4236191067096 -288.5176599708074 732.8261378556247
 -1839.707659066351 2091.30816159772 -696.7775949275945 -289.6001482193277 734.9950078238187
 -1845.987702023377 2077.968629384143 -698.5410678674858 -308.5703961980151 736.0341561849439
 -1829.6923282425 2116.806490749636 -676.4234318799674 -278.9230784773302 668.4683555843178
 -1839.707659066351 2091.30816159772 -696.7775949275945 -289.6001482193277 734.9950078238187
 -1839.684958251766 2096.009296667185 -701.400970639829 -286.9482603066398 734.1843559263679
 -1839.684958251766 2096.009296667185 -701.400970639829 -286.9482603066398 734.1843559263679
 -1829.6923282425 2116.806490749636 -676.4234318799674 -278.9230784773302 668.4683555843178
 -1843.72839630098 2090.492551373181 -694.2142375756125 -289.7067123221468 733.3236783422529
 -1839.707659066351 2091.30816159772 -696.7775949275945 -289.6001482193277 734.9950078238187
 -1840.595210436926 2091.477665309535 -695.5616210676902 -290.0618588010327 734.3120381694528
 -1839.707659066351 2091.30816159772 -696.7775949275945 -289.6001482193277 734.9950078238187
 -1838.87223710607 2096.556805272123 -703.1180713805235 -269.8116549964049 714.2422022832767
 -1839.707659066351 2091.30816159772 -696.7775949275945 -289.6001482193277 734.9950078238187
 -1843.72839630098 2090.492551373181 -694.2142375756125 -289.7067123221468 733.3236783422529
 -1843.560402776991 2091.542864089414 -696.7500707795468 -290.5595199944436 735.9758386045203
 -1839.420256382037 2097.752272353343 -701.7630768408824 -288.108638035412 734.8338185460733
 -1838.844190101481 2096.680330757246 -704.9434269604561 -274.5454939324263 720.1954455736748
 -1839.420256382037 2097.752272353343 -701.7630768408824 -288.108638035412 734.8338185460733
 -1839.684958251766 2096.009296667185 -701.400970639829 -286.9482603066398 734.1843559263679
 -1839.707659066351 2091.30816159772 -696.7775949275945 -289.6001482193277 734.9950078238187
 -1839.707659066351 2091.30816159772 -696.7775949275945 -289.6001482193277 734.9950078238187
 -1587.368139895109 2895.334066934223 -1599.832237332815 180.5683580728191 122.6472857479529
 -1840.3159346855 2092.193490295848 -696.4236191067096 -288.5176599708074 732.8261378556247
 -1845.987702023377 2077.968629384143 -698.5410678674858 -308.5703961980151 736.0341561849439
 -1839.707659066351 2091.30816159772 -696.7775949275945 -289.6001482193277 734.9950078238187
 -1839.707659066351 2091.30816159772 -696.7775949275945 -289.6001482193277 734.9950078238187
 -1839.684958251766 2096.009296667185 -701.400970639829 -286.9482603066398 734.1843559263679
 -1823.748219240237 3240.004173715289 -1596.761682319503 231.943137337463 354.608032877091
 -1822.600789552339 2079.852280736632 -701.1001062311003 -293.0445686863129 738.2931872885159
 -1825.972984696565 2116.895052948512 -681.4475461184282 -285.3851895009724 666.0255135677949
 -1839.707659066351 2091.30816159772 -696.7775949275945 -289.6001482193277 734.9950078238187
 -1818.017795021837 2079.360366295577 -704.0610319016039 -297.0910878938762 728.5880517904345
 -1829.6923282425 2116.806490749636 -676.4234318799674 -278.9230784773302 668.4683555843178
 -1839.881190219235 2094.880638771383 -703.3924571291448 -286.5160053795045 734.0769594788461
 -1829.730341939764 2117.147654635591 -677.0937649350412 -279.8851791534982 669.1787047489895
 -1587.368139895109 2895.334066934223 -1599.832237332815 180.5683580728191 122.6472857479529
 -1829.6923282425 2116.806490749636 -676.4234318799674 -278.9230784773302 668.4683555843178
 -1839.707659066351 2091.30816159772 -696.7775949275945 -289.6001482193277 734.9950078238187
 -1840.3159346855 2092.193490295848 -696.4236191067096 -288.5176599708074 732.8261378556247
 -1840.595210436926 2091.477665309535 -695.5616210676902 -290.0618588010327 734.3120381694528
 -1829.6923282425 2116.806490749636 -676.4234318799674 -278.9230784773302 668.4683555843178
 -1839.684958251766 2096.009296667185 -701.400970639829 -286.9482603066398 734.1843559263679
 -1839.707659066351 2091.30816159772 -696.7775949275945 -289.6001482193277 734.9950078238187
 -1840.595210436926 2091.477665309535 -695.5616210676902 -290.0618588010327 734.3120381694528
 -1838.907154079855 2094.557566584051 -704.3547981613186 -272.5807423250549 719.7025482919355
 -1829.6923282425 2116.806490749636 -676.4234318799674 -278.9230784773302 668.4683555843178
 -1839.881190219235 2094.880638771383 -703.3924571291448 -286.5160053795045 734.0769594788461
 -1846.119936968592 2077.433645757341 -703.3450879713821 -309.6453741850958 737.3281022607989
 -1839.707659066351 2091.30816159772 -696.7775949275945 -289.6001482193277 734.9950078238187
 -1839.684958251766 2096.009296667185 -701.400970639829 -286.9482603066398 734.1843559263679
 -1839.47776908899 2095.632795514033 -701.6832095975579 -287.114783888399 734.0249245715401
 -1838.936638315973 2095.069412879804 -704.0011632179608 -271.4939582994836 719.5460913915131
 -1830.029843697326 2116.992435585629 -676.8819809063923 -278.3603311230273 669.1504786669832
 -1840.506303580235 2091.60222632349 -696.4835238705361 -288.3825131204358 732.9055836309898
