# Created by Octave 4.2.1, Mon Oct 09 17:20:38 2017 BRT <root@mosqueiro>
# name: pop
# type: matrix
# rows: 100
# columns: 5
 -1829.579878917594 2116.347918825397 -676.7347019681733 -278.7850066380818 668.2882297667616
 -1829.579878917594 2116.347918825397 -676.7347019681733 -278.7850066380818 668.2882297667616
 -1840.312255243865 2091.63787803805 -696.5999028180935 -288.3786631750718 733.2005770612051
 -1829.575447899254 2116.342493377116 -676.7073505264373 -278.786950404355 668.3609525437062
 -1829.772756737303 2116.593994031893 -676.6153522720475 -278.9137497391516 668.450023140725
 -1829.579878917594 2116.347918825397 -676.7347019681733 -278.7850066380818 668.2882297667616
 -1829.579878917594 2116.347918825397 -676.7347019681733 -278.7850066380818 668.2882297667616
 -1829.733357297718 2116.531347321566 -676.6330039255747 -278.9137223360607 668.2974983195145
 -1840.595210436926 2091.477665309535 -695.5616210676902 -290.0618588010327 734.3120381694528
 -1829.733357297718 2116.531347321566 -676.6330039255747 -278.9137223360607 668.2974983195145
 -1829.733357297718 2116.531347321566 -676.6330039255747 -278.9137223360607 668.2974983195145
 -1840.595210436926 2091.477665309535 -695.5616210676902 -290.0618588010327 734.3120381694528
 -1829.6923282425 2116.806490749636 -676.4234318799674 -278.9230784773302 668.4683555843178
 -1829.733357297718 2116.531347321566 -676.6330039255747 -278.9137223360607 668.2974983195145
 -1844.255843090625 2093.494470388887 -698.5786971483066 -297.8786823135046 737.7861198508375
 -1829.733357297718 2116.531347321566 -676.6330039255747 -278.9137223360607 668.2974983195145
 -1829.579878917594 2116.347918825397 -676.7347019681733 -278.7850066380818 668.2882297667616
 -1829.579878917594 2116.347918825397 -676.7347019681733 -278.7850066380818 668.2882297667616
 -1840.312255243865 2091.63787803805 -696.5999028180935 -288.3786631750718 733.2005770612051
 -1839.335235193075 2097.915517826705 -701.7727145196518 -288.3025636272088 734.6339991516701
 -1829.924151463577 2116.59870097639 -676.2538092907171 -278.74151409017 669.1934540133161
 -1840.312255243865 2091.63787803805 -696.5999028180935 -288.3786631750718 733.2005770612051
 -1840.622138035648 2091.465491517867 -695.5167672241406 -290.1526761069358 734.3653783053472
 -1829.579878917594 2116.347918825397 -676.7347019681733 -278.7850066380818 668.2882297667616
 -1829.579878917594 2116.347918825397 -676.7347019681733 -278.7850066380818 668.2882297667616
 -1840.622138035648 2091.465491517867 -695.5167672241406 -290.1526761069358 734.3653783053472
 -1829.579878917594 2116.347918825397 -676.7347019681733 -278.7850066380818 668.2882297667616
 -1840.312255243865 2091.63787803805 -696.5999028180935 -288.3786631750718 733.2005770612051
 -1840.595210436926 2091.477665309535 -695.5616210676902 -290.0618588010327 734.3120381694528
 -1840.510129163046 2091.991305081947 -695.5149059442838 -290.3181285778288 734.2035992164185
 -1829.579878917594 2116.347918825397 -676.7347019681733 -278.7850066380818 668.2882297667616
 -1840.312255243865 2091.63787803805 -696.5999028180935 -288.3786631750718 733.2005770612051
 -1829.924151463577 2116.59870097639 -676.2538092907171 -278.74151409017 669.1934540133161
 -1840.312255243865 2091.63787803805 -696.5999028180935 -288.3786631750718 733.2005770612051
 -1840.312255243865 2091.63787803805 -696.5999028180935 -288.3786631750718 733.2005770612051
 -1840.622138035648 2091.465491517867 -695.5167672241406 -290.1526761069358 734.3653783053472
 -1840.312255243865 2091.63787803805 -696.5999028180935 -288.3786631750718 733.2005770612051
 -1840.622138035648 2091.465491517867 -695.5167672241406 -290.1526761069358 734.3653783053472
 -1840.595210436926 2091.477665309535 -695.5616210676902 -290.0618588010327 734.3120381694528
 -1587.368139895109 2895.334066934223 -1599.832237332815 180.5683580728191 122.6472857479529
 -1840.595210436926 2091.477665309535 -695.5616210676902 -290.0618588010327 734.3120381694528
 -1829.579878917594 2116.347918825397 -676.7347019681733 -278.7850066380818 668.2882297667616
 -1829.733357297718 2116.531347321566 -676.6330039255747 -278.9137223360607 668.2974983195145
 -1839.335235193075 2097.915517826705 -701.7727145196518 -288.3025636272088 734.6339991516701
 -1829.924151463577 2116.59870097639 -676.2538092907171 -278.74151409017 669.1934540133161
 -1840.595210436926 2091.477665309535 -695.5616210676902 -290.0618588010327 734.3120381694528
 -1829.733357297718 2116.531347321566 -676.6330039255747 -278.9137223360607 668.2974983195145
 -1829.733357297718 2116.531347321566 -676.6330039255747 -278.9137223360607 668.2974983195145
 -1829.772756737303 2116.593994031893 -676.6153522720475 -278.9137497391516 668.450023140725
 -1840.312255243865 2091.63787803805 -696.5999028180935 -288.3786631750718 733.2005770612051
 -1840.622138035648 2091.465491517867 -695.5167672241406 -290.1526761069358 734.3653783053472
 -1840.595210436926 2091.477665309535 -695.5616210676902 -290.0618588010327 734.3120381694528
 -1829.579878917594 2116.347918825397 -676.7347019681733 -278.7850066380818 668.2882297667616
 -1829.579878917594 2116.347918825397 -676.7347019681733 -278.7850066380818 668.2882297667616
 -1840.595210436926 2091.477665309535 -695.5616210676902 -290.0618588010327 734.3120381694528
 -1839.962185389725 2090.84815320511 -696.4894047496089 -290.1572878438533 734.9125455352913
 -1829.730341939764 2117.147654635591 -677.0937649350412 -279.8851791534982 669.1787047489895
 -1829.733357297718 2116.531347321566 -676.6330039255747 -278.9137223360607 668.2974983195145
 -1829.733357297718 2116.531347321566 -676.6330039255747 -278.9137223360607 668.2974983195145
 -1829.733357297718 2116.531347321566 -676.6330039255747 -278.9137223360607 668.2974983195145
 -1829.733357297718 2116.531347321566 -676.6330039255747 -278.9137223360607 668.2974983195145
 -1829.733357297718 2116.531347321566 -676.6330039255747 -278.9137223360607 668.2974983195145
 -1840.595210436926 2091.477665309535 -695.5616210676902 -290.0618588010327 734.3120381694528
 -1839.707659066351 2091.30816159772 -696.7775949275945 -289.6001482193277 734.9950078238187
 -1829.579878917594 2116.347918825397 -676.7347019681733 -278.7850066380818 668.2882297667616
 -1829.733357297718 2116.531347321566 -676.6330039255747 -278.9137223360607 668.2974983195145
 -1829.733357297718 2116.531347321566 -676.6330039255747 -278.9137223360607 668.2974983195145
 -1829.733357297718 2116.531347321566 -676.6330039255747 -278.9137223360607 668.2974983195145
 -1839.707659066351 2091.30816159772 -696.7775949275945 -289.6001482193277 734.9950078238187
 -1840.622138035648 2091.465491517867 -695.5167672241406 -290.1526761069358 734.3653783053472
 -1829.730341939764 2117.147654635591 -677.0937649350412 -279.8851791534982 669.1787047489895
 -1829.579878917594 2116.347918825397 -676.7347019681733 -278.7850066380818 668.2882297667616
 -1829.575447899254 2116.342493377116 -676.7073505264373 -278.786950404355 668.3609525437062
 -1839.950956366863 2091.381420886318 -696.2959922971291 -289.2674774213307 734.9137127965682
 -1840.595210436926 2091.477665309535 -695.5616210676902 -290.0618588010327 734.3120381694528
 -1839.684958251766 2096.009296667185 -701.400970639829 -286.9482603066398 734.1843559263679
 -1839.707659066351 2091.30816159772 -696.7775949275945 -289.6001482193277 734.9950078238187
 -1840.595210436926 2091.477665309535 -695.5616210676902 -290.0618588010327 734.3120381694528
 -1829.730341939764 2117.147654635591 -677.0937649350412 -279.8851791534982 669.1787047489895
 -1829.82022748603 2117.208772812379 -677.0734888201058 -279.8720071635372 669.2403307634978
 -1829.566827274276 2116.334430142299 -676.7308231109753 -278.757546486619 668.3195386545326
 -1829.739370099412 2116.547212412301 -676.6197458637345 -278.8935642945351 668.3097885964994
 -1829.581184379977 2116.331025087518 -676.7544109330996 -278.7804658516886 668.3053778563151
 -1829.714717102203 2116.509779317667 -676.6048388788269 -278.9054376965523 668.265698853337
