# Created by Octave 4.2.1, Mon Oct 09 17:20:33 2017 BRT <root@mosqueiro>
# name: pop
# type: matrix
# rows: 100
# columns: 5
 -1839.707659066351 2091.30816159772 -696.7775949275945 -289.6001482193277 734.9950078238187
 -1829.6923282425 2116.806490749636 -676.4234318799674 -278.9230784773302 668.4683555843178
 -1845.838399856961 2077.585418887867 -702.5232244919845 -309.6346597367292 737.04705258936
 -1843.512956389305 2088.921244132082 -678.3937510837711 -282.7687594402481 735.6331690288146
 -1829.6923282425 2116.806490749636 -676.4234318799674 -278.9230784773302 668.4683555843178
 -1829.6923282425 2116.806490749636 -676.4234318799674 -278.9230784773302 668.4683555843178
 -1809.370271742851 3240.973780815798 -1622.454626105967 235.7930789321552 332.7092346874193
 -1838.788300939326 2094.944065794884 -704.082873901046 -271.283475554782 719.7849548917421
 -1839.684958251766 2096.009296667185 -701.400970639829 -286.9482603066398 734.1843559263679
 -1829.6923282425 2116.806490749636 -676.4234318799674 -278.9230784773302 668.4683555843178
 -1791.905344045608 1889.885912567683 -725.6495827787184 -403.2223739478162 972.3985967359012
 -1834.034714462982 2102.344059013203 -699.9803201658979 -295.4756680602777 744.5358288095617
 -2146.440260607436 2161.167857447336 -459.7182282177 -453.4690068865355 1026.54440098827
 -1588.202351786726 2894.70029661723 -1596.340959912981 177.4223866282335 126.7387242699139
 -1839.684958251766 2096.009296667185 -701.400970639829 -286.9482603066398 734.1843559263679
 -1839.684958251766 2096.009296667185 -701.400970639829 -286.9482603066398 734.1843559263679
 -1829.6923282425 2116.806490749636 -676.4234318799674 -278.9230784773302 668.4683555843178
 -1829.6923282425 2116.806490749636 -676.4234318799674 -278.9230784773302 668.4683555843178
 -1846.929307159527 2094.505171735762 -676.1575056780268 -285.8964600298351 734.7697658883018
 -1839.707659066351 2091.30816159772 -696.7775949275945 -289.6001482193277 734.9950078238187
 -1838.788300939326 2094.944065794884 -704.082873901046 -271.283475554782 719.7849548917421
 -1839.684958251766 2096.009296667185 -701.400970639829 -286.9482603066398 734.1843559263679
 -1831.918254906695 2097.13814071484 -699.8999748018239 -292.4459428178569 732.3656418788938
 -1839.684958251766 2096.009296667185 -701.400970639829 -286.9482603066398 734.1843559263679
 -1834.034714462982 2102.344059013203 -699.9803201658979 -295.4756680602777 744.5358288095617
 -1818.017795021837 2079.360366295577 -704.0610319016039 -297.0910878938762 728.5880517904345
 -1839.707659066351 2091.30816159772 -696.7775949275945 -289.6001482193277 734.9950078238187
 -1824.733893255418 2089.440230006664 -638.5406684724729 -263.5147898734447 735.3592576675126
 -1845.987702023377 2077.968629384143 -698.5410678674858 -308.5703961980151 736.0341561849439
 -1822.600789552339 2079.852280736632 -701.1001062311003 -293.0445686863129 738.2931872885159
 -1848.111096860445 2101.172655935876 -708.7919998961963 -295.0289942727531 724.9875030594388
 -1839.684958251766 2096.009296667185 -701.400970639829 -286.9482603066398 734.1843559263679
 -1843.512956389305 2088.921244132082 -678.3937510837711 -282.7687594402481 735.6331690288146
 -1839.684958251766 2096.009296667185 -701.400970639829 -286.9482603066398 734.1843559263679
 -1839.684958251766 2096.009296667185 -701.400970639829 -286.9482603066398 734.1843559263679
 -1839.684958251766 2096.009296667185 -701.400970639829 -286.9482603066398 734.1843559263679
 -1839.684958251766 2096.009296667185 -701.400970639829 -286.9482603066398 734.1843559263679
 -1839.684958251766 2096.009296667185 -701.400970639829 -286.9482603066398 734.1843559263679
 -1839.684958251766 2096.009296667185 -701.400970639829 -286.9482603066398 734.1843559263679
 -1839.684958251766 2096.009296667185 -701.400970639829 -286.9482603066398 734.1843559263679
 -1839.684958251766 2096.009296667185 -701.400970639829 -286.9482603066398 734.1843559263679
 -1829.6923282425 2116.806490749636 -676.4234318799674 -278.9230784773302 668.4683555843178
 -1823.748219240237 3240.004173715289 -1596.761682319503 231.943137337463 354.608032877091
 -1845.838399856961 2077.585418887867 -702.5232244919845 -309.6346597367292 737.04705258936
 -1834.034714462982 2102.344059013203 -699.9803201658979 -295.4756680602777 744.5358288095617
 -1845.987702023377 2077.968629384143 -698.5410678674858 -308.5703961980151 736.0341561849439
 -1839.684958251766 2096.009296667185 -701.400970639829 -286.9482603066398 734.1843559263679
 -1839.684958251766 2096.009296667185 -701.400970639829 -286.9482603066398 734.1843559263679
 -1595.538963971768 2931.140979942051 -1536.99463658398 39.96237877154547 159.5967163643
 -1839.684958251766 2096.009296667185 -701.400970639829 -286.9482603066398 734.1843559263679
 -1822.600789552339 2079.852280736632 -701.1001062311003 -293.0445686863129 738.2931872885159
 -1818.017795021837 2079.360366295577 -704.0610319016039 -297.0910878938762 728.5880517904345
 -1791.905344045608 1889.885912567683 -725.6495827787184 -403.2223739478162 972.3985967359012
 -1839.707659066351 2091.30816159772 -696.7775949275945 -289.6001482193277 734.9950078238187
 -1838.42696886703 2100.197595427173 -699.1390371586831 -284.5257539681745 739.2129163582118
 -1587.368139895109 2895.334066934223 -1599.832237332815 180.5683580728191 122.6472857479529
 -1829.6923282425 2116.806490749636 -676.4234318799674 -278.9230784773302 668.4683555843178
 -1822.600789552339 2079.852280736632 -701.1001062311003 -293.0445686863129 738.2931872885159
 -1839.684958251766 2096.009296667185 -701.400970639829 -286.9482603066398 734.1843559263679
 -1839.684958251766 2096.009296667185 -701.400970639829 -286.9482603066398 734.1843559263679
 -1809.370271742851 3240.973780815798 -1622.454626105967 235.7930789321552 332.7092346874193
 -1839.684958251766 2096.009296667185 -701.400970639829 -286.9482603066398 734.1843559263679
 -1839.684958251766 2096.009296667185 -701.400970639829 -286.9482603066398 734.1843559263679
 -1839.684958251766 2096.009296667185 -701.400970639829 -286.9482603066398 734.1843559263679
 -1839.684958251766 2096.009296667185 -701.400970639829 -286.9482603066398 734.1843559263679
 -1839.707659066351 2091.30816159772 -696.7775949275945 -289.6001482193277 734.9950078238187
 -1838.788300939326 2094.944065794884 -704.082873901046 -271.283475554782 719.7849548917421
 -1838.788300939326 2094.944065794884 -704.082873901046 -271.283475554782 719.7849548917421
 -1839.684958251766 2096.009296667185 -701.400970639829 -286.9482603066398 734.1843559263679
 -1839.684958251766 2096.009296667185 -701.400970639829 -286.9482603066398 734.1843559263679
 -1839.684958251766 2096.009296667185 -701.400970639829 -286.9482603066398 734.1843559263679
 -1839.707659066351 2091.30816159772 -696.7775949275945 -289.6001482193277 734.9950078238187
 -1843.72839630098 2090.492551373181 -694.2142375756125 -289.7067123221468 733.3236783422529
 -1829.6923282425 2116.806490749636 -676.4234318799674 -278.9230784773302 668.4683555843178
 -1822.600789552339 2079.852280736632 -701.1001062311003 -293.0445686863129 738.2931872885159
 -1839.707659066351 2091.30816159772 -696.7775949275945 -289.6001482193277 734.9950078238187
 -1822.600789552339 2079.852280736632 -701.1001062311003 -293.0445686863129 738.2931872885159
 -1839.684958251766 2096.009296667185 -701.400970639829 -286.9482603066398 734.1843559263679
 -1839.707659066351 2091.30816159772 -696.7775949275945 -289.6001482193277 734.9950078238187
 -1839.684958251766 2096.009296667185 -701.400970639829 -286.9482603066398 734.1843559263679
 -1821.724308888909 2079.319261944148 -697.3354590227492 -292.251327625891 736.7647572393164
 -1843.483542087602 2093.762711193901 -698.5249344637274 -297.800404667733 737.6309392488845
 -1831.349947782186 2114.48457426251 -679.5908416755823 -277.8721552734012 670.1642116067078
 -1839.420256382037 2097.752272353343 -701.7630768408824 -288.108638035412 734.8338185460733
