# Created by Octave 4.2.1, Mon Oct 09 17:18:50 2017 BRT <root@mosqueiro>
# name: pop
# type: matrix
# rows: 100
# columns: 5
 -740.0812443056229 -261.0217900321334 -36.46923379602072 812.9975577392072 269.7047144134333
 -740.0812443056229 -261.0217900321334 -36.46923379602072 812.9975577392072 269.7047144134333
 -17.76271209807896 -1965.981639457319 -929.163064861988 -875.8726931984448 1952.74192748981
 -740.0812443056229 -261.0217900321334 -36.46923379602072 812.9975577392072 269.7047144134333
 -994.6174348448394 774.3833535059371 458.3723154972197 -354.6561873129991 76.87814728930516
 -740.0812443056229 -261.0217900321334 -36.46923379602072 812.9975577392072 269.7047144134333
 -740.0812443056229 -261.0217900321334 -36.46923379602072 812.9975577392072 269.7047144134333
 -740.0812443056229 -261.0217900321334 -36.46923379602072 812.9975577392072 269.7047144134333
 -740.0812443056229 -261.0217900321334 -36.46923379602072 812.9975577392072 269.7047144134333
 -740.0812443056229 -261.0217900321334 -36.46923379602072 812.9975577392072 269.7047144134333
 -1502.391312909561 1824.018641581728 -948.6019304048698 -347.0810186869519 1828.257979912247
 257.6773052863041 -1895.103453362127 -746.2491257079784 1451.303201849231 -464.2776849672898
 -740.0812443056229 -261.0217900321334 -36.46923379602072 812.9975577392072 269.7047144134333
 -740.0812443056229 -261.0217900321334 -36.46923379602072 812.9975577392072 269.7047144134333
 -740.0812443056229 -261.0217900321334 -36.46923379602072 812.9975577392072 269.7047144134333
 4731.297534553284 4238.149143069994 672.5630069116014 -1276.243805947141 -2954.814250549683
 -740.0812443056229 -261.0217900321334 -36.46923379602072 812.9975577392072 269.7047144134333
 407.5037607500853 -2147.829749728236 -778.2735012410716 1410.10345831927 182.6859197567355
 -740.0812443056229 -261.0217900321334 -36.46923379602072 812.9975577392072 269.7047144134333
 -740.0812443056229 -261.0217900321334 -36.46923379602072 812.9975577392072 269.7047144134333
 664.7827722741702 -141.8479115283532 -189.9832771554785 -733.0762260889304 802.039059146417
 -740.0812443056229 -261.0217900321334 -36.46923379602072 812.9975577392072 269.7047144134333
 -910.7265159321225 47.7546919673 2104.705083725 1476.661700679622 1281.575228472354
 954.7939928698045 -523.3365259095327 244.6460297958738 380.4834377935313 -834.2315394245551
 -994.6174348448394 774.3833535059371 458.3723154972197 -354.6561873129991 76.87814728930516
 -740.0812443056229 -261.0217900321334 -36.46923379602072 812.9975577392072 269.7047144134333
 -740.0812443056229 -261.0217900321334 -36.46923379602072 812.9975577392072 269.7047144134333
 -740.0812443056229 -261.0217900321334 -36.46923379602072 812.9975577392072 269.7047144134333
 -810.1359904670093 856.2510057903521 -150.8333268834992 -292.9790656088069 865.6722422426603
 -740.0812443056229 -261.0217900321334 -36.46923379602072 812.9975577392072 269.7047144134333
 -740.0812443056229 -261.0217900321334 -36.46923379602072 812.9975577392072 269.7047144134333
 -740.0812443056229 -261.0217900321334 -36.46923379602072 812.9975577392072 269.7047144134333
 2079.982797487308 -1954.608734468238 -1600.011369725009 617.1537516020534 1369.71950195571
 -740.0812443056229 -261.0217900321334 -36.46923379602072 812.9975577392072 269.7047144134333
 -2500.588884200731 2368.896861872365 218.4096664880689 -1843.57531904585 -291.6578048050441
 -740.0812443056229 -261.0217900321334 -36.46923379602072 812.9975577392072 269.7047144134333
 -740.0812443056229 -261.0217900321334 -36.46923379602072 812.9975577392072 269.7047144134333
 -740.0812443056229 -261.0217900321334 -36.46923379602072 812.9975577392072 269.7047144134333
 -740.0812443056229 -261.0217900321334 -36.46923379602072 812.9975577392072 269.7047144134333
 -810.1359904670093 856.2510057903521 -150.8333268834992 -292.9790656088069 865.6722422426603
 -740.0812443056229 -261.0217900321334 -36.46923379602072 812.9975577392072 269.7047144134333
 -740.0812443056229 -261.0217900321334 -36.46923379602072 812.9975577392072 269.7047144134333
 -740.0812443056229 -261.0217900321334 -36.46923379602072 812.9975577392072 269.7047144134333
 1268.949213550065 944.4807095602029 -1289.05349686938 -1454.922603964822 1428.600553258504
 -994.6174348448394 774.3833535059371 458.3723154972197 -354.6561873129991 76.87814728930516
 4731.297534553284 4238.149143069994 672.5630069116014 -1276.243805947141 -2954.814250549683
 2102.576072251229 2207.698827667542 -493.7894681703622 -699.249228701919 282.4449328254912
 1268.949213550065 944.4807095602029 -1289.05349686938 -1454.922603964822 1428.600553258504
 1268.949213550065 944.4807095602029 -1289.05349686938 -1454.922603964822 1428.600553258504
 272.2111973962644 -658.2538470794511 584.8129629689586 -930.6504594623345 498.0415196785636
 -740.0812443056229 -261.0217900321334 -36.46923379602072 812.9975577392072 269.7047144134333
 -740.0812443056229 -261.0217900321334 -36.46923379602072 812.9975577392072 269.7047144134333
 -1850.546081295156 -2657.032465672202 379.3601592405999 -1742.264794387499 1445.561060973106
 -740.0812443056229 -261.0217900321334 -36.46923379602072 812.9975577392072 269.7047144134333
 -740.0812443056229 -261.0217900321334 -36.46923379602072 812.9975577392072 269.7047144134333
 -872.3602569811212 1258.340205426076 -2015.913789903841 1426.905313291689 94.42438069198997
 -1502.391312909561 1824.018641581728 -948.6019304048698 -347.0810186869519 1828.257979912247
 -1232.798173093699 -1447.957820072265 970.1134106741122 -474.3444140697875 3036.817991499634
 -740.0812443056229 -261.0217900321334 -36.46923379602072 812.9975577392072 269.7047144134333
 -740.0812443056229 -261.0217900321334 -36.46923379602072 812.9975577392072 269.7047144134333
 1268.949213550065 944.4807095602029 -1289.05349686938 -1454.922603964822 1428.600553258504
 834.7304795411702 271.2537228021303 1231.729245251014 -627.1812423190604 -2018.18833346668
 -101.2927008470612 -820.0361503238362 -408.3781182920288 531.9803230147224 674.0571016236124
 -108.5681922693681 -343.6199322950747 749.9074486100008 -237.0628454845646 122.6663811052233
 -2500.588884200731 2368.896861872365 218.4096664880689 -1843.57531904585 -291.6578048050441
 -740.0812443056229 -261.0217900321334 -36.46923379602072 812.9975577392072 269.7047144134333
 1268.949213550065 944.4807095602029 -1289.05349686938 -1454.922603964822 1428.600553258504
 -740.0812443056229 -261.0217900321334 -36.46923379602072 812.9975577392072 269.7047144134333
 -740.0812443056229 -261.0217900321334 -36.46923379602072 812.9975577392072 269.7047144134333
 -2886.994501405261 -1007.844538255888 -3269.795298117159 3388.094761760676 163.7027722935706
 -108.5681922693681 -343.6199322950747 749.9074486100008 -237.0628454845646 122.6663811052233
 -740.0812443056229 -261.0217900321334 -36.46923379602072 812.9975577392072 269.7047144134333
 -4264.925603782039 4151.516545694854 2739.168650374185 -3835.132457136925 1196.764252244478
 954.7939928698045 -523.3365259095327 244.6460297958738 380.4834377935313 -834.2315394245551
 -740.0812443056229 -261.0217900321334 -36.46923379602072 812.9975577392072 269.7047144134333
 -101.2927008470612 -820.0361503238362 -408.3781182920288 531.9803230147224 674.0571016236124
 -108.5681922693681 -343.6199322950747 749.9074486100008 -237.0628454845646 122.6663811052233
 954.7939928698045 -523.3365259095327 244.6460297958738 380.4834377935313 -834.2315394245551
 -979.4710038115252 -707.3489468266928 -1987.898062281534 978.436513679329 480.0813697249558
 2102.576072251229 2207.698827667542 -493.7894681703622 -699.249228701919 282.4449328254912
 -1147.570066866725 -2044.586457625327 1319.4294829981 588.8032260283871 2006.273673665448
 -793.5191428171913 2751.330197357016 392.3784156349909 -697.0543555722967 -877.9263977821506
 -1345.123296843615 4619.901129228276 2549.703645053599 -2727.755467730326 1697.339011936661
 -1517.12048457748 -577.6868090615313 -45.74115954019257 -1478.270305765748 -2399.958529241913
