# Created by Octave 4.2.1, Mon Oct 09 17:18:45 2017 BRT <root@mosqueiro>
# name: pop
# type: matrix
# rows: 100
# columns: 5
 -740.0812443056229 -261.0217900321334 -36.46923379602072 812.9975577392072 269.7047144134333
 378.6140287581547 -931.4414781167505 395.8528739787073 -254.653156833505 467.5557297418407
 257.2195893580304 -847.3108351747575 -360.9235594640768 870.2953416403423 46.69956341788111
 -101.2927008470612 -820.0361503238362 -408.3781182920288 531.9803230147224 674.0571016236124
 585.4412731074713 37.15437671474342 199.7984980368508 494.4572833970064 -723.1309451708504
 954.7939928698045 -523.3365259095327 244.6460297958738 380.4834377935313 -834.2315394245551
 634.7031307389927 -899.8729961097138 408.7132917853073 -854.9103723531703 872.4738793255724
 -185.7227768910817 -659.0367183600238 842.0010494210258 311.2859563092502 -775.9724325808387
 -814.7905103970324 709.4743938632423 -930.9706234564189 460.9776351112323 -161.9262690601188
 -108.5681922693681 -343.6199322950747 749.9074486100008 -237.0628454845646 122.6663811052233
 -751.7102275544835 -246.1127655931416 38.64206001051798 367.6786210702433 -402.5776449663342
 478.011397608353 -297.2001505719405 -39.44205488911621 94.71636731241597 563.3872737855922
 547.2188123774683 -590.9780249607285 -878.6566053779966 -310.4094862975094 630.7428486808963
 484.0798104073092 -649.6130746048917 76.70637902845328 209.4957124648192 -321.7784350463869
 948.0306093123365 -285.8682032997334 -264.1983017710749 533.5634852050409 654.2891601569472
 -657.1091529836938 503.6044617816358 838.8820452206207 819.8427578349479 258.464709072849
 453.824470460419 966.9014808381426 -292.7049658488813 58.80882641389303 565.4269334780804
 -99.78681060240194 -587.7241086379213 967.5806049035687 155.3043347447758 862.3322000505652
 -641.3364602743754 867.9683488333019 149.2097770073647 941.1963178197034 -16.30352616145649
 -185.7227768910817 -659.0367183600238 842.0010494210258 311.2859563092502 -775.9724325808387
 -492.1193338222619 890.6301919419595 -932.0902012751288 650.4248687439906 223.3588292319535
 383.873844874412 880.1436846469721 805.926373472357 -990.3934519506229 83.20240557090983
 -602.937210545655 490.3179678855606 -173.5389013887457 990.1345044990212 480.3134442876903
 688.8396424989342 -174.6099882151278 378.2779545476592 913.203382638326 -399.3578155697396
 954.7939928698045 -523.3365259095327 244.6460297958738 380.4834377935313 -834.2315394245551
 -898.9400354373331 135.4644634677932 187.0022203493122 -933.24589041161 -931.8740543282228
 -994.6174348448394 774.3833535059371 458.3723154972197 -354.6561873129991 76.87814728930516
 620.1655476033618 240.964249363534 -566.2282195872831 635.8153129969096 -249.8973241311198
 -469.7544309196761 -583.6982479208458 145.5591338127881 405.5220061965458 -445.8868098334652
 396.2937049865654 -333.1381001750094 -397.302613111454 -697.5062008006298 596.0994088196442
 -101.2927008470612 -820.0361503238362 -408.3781182920288 531.9803230147224 674.0571016236124
 -740.0812443056229 -261.0217900321334 -36.46923379602072 812.9975577392072 269.7047144134333
 638.7763318351654 962.2835531169455 -468.3748090158185 186.5821300494033 428.6013937692851
 -378.9149075205733 203.3241132139469 676.8706622127916 -534.1821861020301 696.6159966528357
 764.3580585540701 101.3369390132216 -698.854350110644 398.242347752979 313.4746343074244
 -648.8919464601267 -207.8118445123981 54.02005240483186 732.2810831825818 -632.5133481558466
 -378.9149075205733 203.3241132139469 676.8706622127916 -534.1821861020301 696.6159966528357
 986.352379010078 224.4218844799577 443.9516163978863 -181.5183271418174 -657.0027855839007
 484.0798104073092 -649.6130746048917 76.70637902845328 209.4957124648192 -321.7784350463869
 -707.6822111867157 925.1272351030923 993.8917130036159 -64.09132188964963 -661.7646307433358
 -929.9550599672543 410.7622682168508 -385.7532517643918 -7.565191945688639 -139.1481195820393
 -420.9850135895176 -945.2092141605217 809.0195560687803 395.8329733793046 973.3994112559224
 634.7031307389927 -899.8729961097138 408.7132917853073 -854.9103723531703 872.4738793255724
 -740.0812443056229 -261.0217900321334 -36.46923379602072 812.9975577392072 269.7047144134333
 -810.1359904670093 856.2510057903521 -150.8333268834992 -292.9790656088069 865.6722422426603
 272.2111973962644 -658.2538470794511 584.8129629689586 -930.6504594623345 498.0415196785636
 -947.9749183723579 -49.39608506857121 -298.8904530221103 -349.2131344257748 -633.6218570173285
 -751.7102275544835 -246.1127655931416 38.64206001051798 367.6786210702433 -402.5776449663342
 -108.5681922693681 -343.6199322950747 749.9074486100008 -237.0628454845646 122.6663811052233
 -472.5818584295187 -444.2018427163498 600.3824559515072 -771.0507445334664 744.7486036372568
 -108.5681922693681 -343.6199322950747 749.9074486100008 -237.0628454845646 122.6663811052233
 664.7827722741702 -141.8479115283532 -189.9832771554785 -733.0762260889304 802.039059146417
 -108.5681922693681 -343.6199322950747 749.9074486100008 -237.0628454845646 122.6663811052233
 -606.2647313804342 457.4634876519597 902.3053393875907 341.0060736543858 760.5350317168798
 345.0488836503471 -600.4961122127625 -281.9649465097439 -245.0892033631852 862.8217735601986
 -810.1359904670093 856.2510057903521 -150.8333268834992 -292.9790656088069 865.6722422426603
 775.2077626905468 -27.73476136553529 459.4764978575479 -121.3935326405536 644.7412857414404
 973.0246171342251 557.6577833969286 726.7108237147704 -693.91806167736 -469.7228582424905
 297.7669484876355 61.9781437662275 -56.57871464839286 -378.1822019821134 -368.1734795866621
 -869.5227935828813 -0.6408392689097582 -490.2057712431297 -254.0113881480469 -665.640405788163
 -472.5818584295187 -444.2018427163498 600.3824559515072 -771.0507445334664 744.7486036372568
 -947.9749183723579 -49.39608506857121 -298.8904530221103 -349.2131344257748 -633.6218570173285
 272.2111973962644 -658.2538470794511 584.8129629689586 -930.6504594623345 498.0415196785636
 297.7669484876355 61.9781437662275 -56.57871464839286 -378.1822019821134 -368.1734795866621
 -651.1724769776265 -210.7808458555255 -235.3225137917282 366.4320164350383 -228.3021622743212
 484.0798104073092 -649.6130746048917 76.70637902845328 209.4957124648192 -321.7784350463869
 -929.9550599672543 410.7622682168508 -385.7532517643918 -7.565191945688639 -139.1481195820393
 356.7031739170045 -907.012028864581 -88.04802308091564 -720.8053187948481 -737.8764532070347
 571.0674812685875 466.145644193974 375.5197255313508 -964.7525110608869 -137.8211920444425
 -492.1193338222619 890.6301919419595 -932.0902012751288 650.4248687439906 223.3588292319535
 843.9194887218159 951.7547350449311 -835.1720403131203 -93.47028645487364 885.8957819704544
 716.4736840109358 429.9136999566315 562.8708276749596 -225.4131584045432 -383.0802568306865
 764.3580585540701 101.3369390132216 -698.854350110644 398.242347752979 313.4746343074244
 948.0306093123365 -285.8682032997334 -264.1983017710749 533.5634852050409 654.2891601569472
 484.0798104073092 -649.6130746048917 76.70637902845328 209.4957124648192 -321.7784350463869
 -740.0812443056229 -261.0217900321334 -36.46923379602072 812.9975577392072 269.7047144134333
 -707.6822111867157 925.1272351030923 993.8917130036159 -64.09132188964963 -661.7646307433358
 -378.9149075205733 203.3241132139469 676.8706622127916 -534.1821861020301 696.6159966528357
 453.824470460419 966.9014808381426 -292.7049658488813 58.80882641389303 565.4269334780804
 -707.6822111867157 925.1272351030923 993.8917130036159 -64.09132188964963 -661.7646307433358
 1241.325609094473 1183.548381255673 -1751.43217740922 351.3370801079852 439.9086251786375
 -719.1731528780424 -306.8385006955591 2737.690560401096 1265.97826567457 -300.4558565879987
 824.810614786219 1585.478609195715 273.7449337650439 1263.000201616702 -401.2503648590833
 2473.496210802805 -1167.778683628738 1888.087519158943 -885.2348422817678 1379.394638423479
