# Created by Octave 4.2.1, Mon Oct 09 17:18:33 2017 BRT <root@mosqueiro>
# name: pop
# type: matrix
# rows: 100
# columns: 5
 277.9566146582823 573.0806739420725 -62.52687710202338 85.68049210175778 -872.5851603591931
 273.5834623549927 557.8691306680512 -41.37860459162653 97.93759642750979 -884.9501209890717
 287.1549803743119 507.9897463316203 -76.43717245882314 114.0359865211276 -912.4980340579991
 273.5834623549927 557.8691306680512 -41.37860459162653 97.93759642750979 -884.9501209890717
 273.5834623549927 557.8691306680512 -41.37860459162653 97.93759642750979 -884.9501209890717
 277.9566146582823 573.0806739420725 -62.52687710202338 85.68049210175778 -872.5851603591931
 273.5834623549927 557.8691306680512 -41.37860459162653 97.93759642750979 -884.9501209890717
 273.5834623549927 557.8691306680512 -41.37860459162653 97.93759642750979 -884.9501209890717
 273.5834623549927 557.8691306680512 -41.37860459162653 97.93759642750979 -884.9501209890717
 273.5834623549927 557.8691306680512 -41.37860459162653 97.93759642750979 -884.9501209890717
 287.1549803743119 507.9897463316203 -76.43717245882314 114.0359865211276 -912.4980340579991
 273.5834623549927 557.8691306680512 -41.37860459162653 97.93759642750979 -884.9501209890717
 263.653148373148 604.0618553201775 -40.2503181122541 179.1754981289835 -830.8714261535629
 273.5834623549927 557.8691306680512 -41.37860459162653 97.93759642750979 -884.9501209890717
 273.5834623549927 557.8691306680512 -41.37860459162653 97.93759642750979 -884.9501209890717
 273.5834623549927 557.8691306680512 -41.37860459162653 97.93759642750979 -884.9501209890717
 273.5834623549927 557.8691306680512 -41.37860459162653 97.93759642750979 -884.9501209890717
 273.5834623549927 557.8691306680512 -41.37860459162653 97.93759642750979 -884.9501209890717
 273.5834623549927 557.8691306680512 -41.37860459162653 97.93759642750979 -884.9501209890717
 286.2945820208214 582.3607330520192 -48.408023133385 67.50704086922505 -874.6996823490064
 273.5834623549927 557.8691306680512 -41.37860459162653 97.93759642750979 -884.9501209890717
 273.5834623549927 557.8691306680512 -41.37860459162653 97.93759642750979 -884.9501209890717
 273.5834623549927 557.8691306680512 -41.37860459162653 97.93759642750979 -884.9501209890717
 273.5834623549927 557.8691306680512 -41.37860459162653 97.93759642750979 -884.9501209890717
 237.5952552279484 530.0853667211032 9.467867130027683 80.53598724599333 -884.5705529340767
 273.5834623549927 557.8691306680512 -41.37860459162653 97.93759642750979 -884.9501209890717
 273.5834623549927 557.8691306680512 -41.37860459162653 97.93759642750979 -884.9501209890717
 273.7910644811798 518.0941084406478 -67.9369431952808 106.7381058155462 -941.842770667937
 273.5834623549927 557.8691306680512 -41.37860459162653 97.93759642750979 -884.9501209890717
 273.5834623549927 557.8691306680512 -41.37860459162653 97.93759642750979 -884.9501209890717
 273.5834623549927 557.8691306680512 -41.37860459162653 97.93759642750979 -884.9501209890717
 294.7127102239378 547.088774551506 -37.89255817935168 118.2676357786168 -865.9362899858664
 273.5834623549927 557.8691306680512 -41.37860459162653 97.93759642750979 -884.9501209890717
 273.5834623549927 557.8691306680512 -41.37860459162653 97.93759642750979 -884.9501209890717
 273.5834623549927 557.8691306680512 -41.37860459162653 97.93759642750979 -884.9501209890717
 268.1834787780729 546.1409562710754 -32.70321010886974 119.327198985963 -888.3322055070404
 328.3000340736218 591.9815505379411 -23.17345175435337 -23.73973832153524 -1028.679114355915
 287.1549803743119 507.9897463316203 -76.43717245882314 114.0359865211276 -912.4980340579991
 287.0157388026728 543.0564837618286 -63.28776571127626 73.39160991576672 -903.3028495577155
 235.295928596283 614.8940997494739 -54.56069843490256 160.4191240470192 -833.1898247910644
 273.5834623549927 557.8691306680512 -41.37860459162653 97.93759642750979 -884.9501209890717
 263.653148373148 604.0618553201775 -40.2503181122541 179.1754981289835 -830.8714261535629
 273.5834623549927 557.8691306680512 -41.37860459162653 97.93759642750979 -884.9501209890717
 273.5834623549927 557.8691306680512 -41.37860459162653 97.93759642750979 -884.9501209890717
 268.1834787780729 546.1409562710754 -32.70321010886974 119.327198985963 -888.3322055070404
 273.5834623549927 557.8691306680512 -41.37860459162653 97.93759642750979 -884.9501209890717
 273.5834623549927 557.8691306680512 -41.37860459162653 97.93759642750979 -884.9501209890717
 273.5834623549927 557.8691306680512 -41.37860459162653 97.93759642750979 -884.9501209890717
 273.5834623549927 557.8691306680512 -41.37860459162653 97.93759642750979 -884.9501209890717
 273.5834623549927 557.8691306680512 -41.37860459162653 97.93759642750979 -884.9501209890717
 279.7781484319179 563.9115827504316 -60.42803464964283 84.78956062561139 -891.01139692408
 273.5834623549927 557.8691306680512 -41.37860459162653 97.93759642750979 -884.9501209890717
 273.5834623549927 557.8691306680512 -41.37860459162653 97.93759642750979 -884.9501209890717
 273.5834623549927 557.8691306680512 -41.37860459162653 97.93759642750979 -884.9501209890717
 277.9566146582823 573.0806739420725 -62.52687710202338 85.68049210175778 -872.5851603591931
 273.5834623549927 557.8691306680512 -41.37860459162653 97.93759642750979 -884.9501209890717
 273.5834623549927 557.8691306680512 -41.37860459162653 97.93759642750979 -884.9501209890717
 273.5834623549927 557.8691306680512 -41.37860459162653 97.93759642750979 -884.9501209890717
 277.9566146582823 573.0806739420725 -62.52687710202338 85.68049210175778 -872.5851603591931
 287.0157388026728 543.0564837618286 -63.28776571127626 73.39160991576672 -903.3028495577155
 289.9597318280341 565.4944412554318 -36.91875402586373 145.9807487823239 -924.1944470202524
 273.5834623549927 557.8691306680512 -41.37860459162653 97.93759642750979 -884.9501209890717
 273.5834623549927 557.8691306680512 -41.37860459162653 97.93759642750979 -884.9501209890717
 294.6749743096535 547.076204465558 -6.548802884019551 88.09876902673727 -897.2558389727958
 273.5834623549927 557.8691306680512 -41.37860459162653 97.93759642750979 -884.9501209890717
 273.5834623549927 557.8691306680512 -41.37860459162653 97.93759642750979 -884.9501209890717
 286.2945820208214 582.3607330520192 -48.408023133385 67.50704086922505 -874.6996823490064
 273.5834623549927 557.8691306680512 -41.37860459162653 97.93759642750979 -884.9501209890717
 273.5834623549927 557.8691306680512 -41.37860459162653 97.93759642750979 -884.9501209890717
 273.5834623549927 557.8691306680512 -41.37860459162653 97.93759642750979 -884.9501209890717
 273.5834623549927 557.8691306680512 -41.37860459162653 97.93759642750979 -884.9501209890717
 228.4490980444868 412.6789159859953 48.96679078433178 18.98538089633485 -841.3813740489194
 273.5834623549927 557.8691306680512 -41.37860459162653 97.93759642750979 -884.9501209890717
 273.5834623549927 557.8691306680512 -41.37860459162653 97.93759642750979 -884.9501209890717
 273.5834623549927 557.8691306680512 -41.37860459162653 97.93759642750979 -884.9501209890717
 273.5834623549927 557.8691306680512 -41.37860459162653 97.93759642750979 -884.9501209890717
 273.5834623549927 557.8691306680512 -41.37860459162653 97.93759642750979 -884.9501209890717
 273.5834623549927 557.8691306680512 -41.37860459162653 97.93759642750979 -884.9501209890717
 277.9566146582823 573.0806739420725 -62.52687710202338 85.68049210175778 -872.5851603591931
 273.5834623549927 557.8691306680512 -41.37860459162653 97.93759642750979 -884.9501209890717
 266.64250843975 563.5073994140213 -44.56922766907726 96.25301177095315 -872.0114323073886
 272.6272838937368 587.8992934964381 -60.14370631536555 102.1854737297399 -864.2408794057374
 282.6999206881993 562.063855911809 -46.0098200814211 98.06214146959265 -890.2853254064617
 265.1499750978721 509.985399686387 -72.70956104925547 108.1963004694597 -942.5657333558389
