# Created by Octave 4.2.1, Mon Oct 09 17:19:20 2017 BRT <root@mosqueiro>
# name: pop
# type: matrix
# rows: 100
# columns: 5
 -198.0943891492274 -894.9439805674821 902.108189938448 -577.7942071206314 800.4796933347745
 -198.0943891492274 -894.9439805674821 902.108189938448 -577.7942071206314 800.4796933347745
 52.73716763746665 14.34663743426574 274.7341044291682 -803.418730765526 402.3050202326715
 -196.1695042254793 100.9900743091548 -685.2933210692652 -3.500336485123739 618.3210368840535
 353.3975450336278 330.4204448406476 311.1070804762207 -2907.869093233037 4599.013788100524
 62.90977888083614 2128.400000403305 -11163.11779764637 512.9644656944183 -3335.007724344669
 -198.0943891492274 -894.9439805674821 902.108189938448 -577.7942071206314 800.4796933347745
 -198.0943891492274 -894.9439805674821 902.108189938448 -577.7942071206314 800.4796933347745
 -198.0943891492274 -894.9439805674821 902.108189938448 -577.7942071206314 800.4796933347745
 4234.64739094506 1733.09773671937 1524.580514017881 -3996.800761350983 1362.171797237872
 4179.763848195265 1607.114248698483 650.1400783487306 2893.090581719421 147.3823357628945
 4234.64739094506 1733.09773671937 1524.580514017881 -3996.800761350983 1362.171797237872
 -198.0943891492274 -894.9439805674821 902.108189938448 -577.7942071206314 800.4796933347745
 -198.0943891492274 -894.9439805674821 902.108189938448 -577.7942071206314 800.4796933347745
 -198.0943891492274 -894.9439805674821 902.108189938448 -577.7942071206314 800.4796933347745
 -161.284029131953 -1254.65657828591 1232.25804378507 2734.513593583028 2996.967267661284
 -196.1695042254793 100.9900743091548 -685.2933210692652 -3.500336485123739 618.3210368840535
 -5268.970554732437 -931.9868535160911 2994.733680666 889.7700014295976 3232.659249038791
 -5268.970554732437 -931.9868535160911 2994.733680666 889.7700014295976 3232.659249038791
 -198.0943891492274 -894.9439805674821 902.108189938448 -577.7942071206314 800.4796933347745
 -198.0943891492274 -894.9439805674821 902.108189938448 -577.7942071206314 800.4796933347745
 -322.8235943254483 -2067.834641118905 2984.248798738462 451.3032195428136 -37.78610675311847
 -198.0943891492274 -894.9439805674821 902.108189938448 -577.7942071206314 800.4796933347745
 -198.0943891492274 -894.9439805674821 902.108189938448 -577.7942071206314 800.4796933347745
 -3254.606097617333 -876.692193561312 -1081.031759434222 -3052.124239011016 1093.235795645636
 -198.0943891492274 -894.9439805674821 902.108189938448 -577.7942071206314 800.4796933347745
 -5268.970554732437 -931.9868535160911 2994.733680666 889.7700014295976 3232.659249038791
 62.90977888083614 2128.400000403305 -11163.11779764637 512.9644656944183 -3335.007724344669
 -198.0943891492274 -894.9439805674821 902.108189938448 -577.7942071206314 800.4796933347745
 -198.0943891492274 -894.9439805674821 902.108189938448 -577.7942071206314 800.4796933347745
 -198.0943891492274 -894.9439805674821 902.108189938448 -577.7942071206314 800.4796933347745
 2202.360365905754 2338.439183449761 -1136.661476130749 -189.6634508152783 948.1402108890265
 -198.0943891492274 -894.9439805674821 902.108189938448 -577.7942071206314 800.4796933347745
 -198.0943891492274 -894.9439805674821 902.108189938448 -577.7942071206314 800.4796933347745
 4234.64739094506 1733.09773671937 1524.580514017881 -3996.800761350983 1362.171797237872
 4179.763848195265 1607.114248698483 650.1400783487306 2893.090581719421 147.3823357628945
 -377.2095219789804 -1257.203566501111 726.1112958104944 -720.0430416262612 -819.5458771283934
 -198.0943891492274 -894.9439805674821 902.108189938448 -577.7942071206314 800.4796933347745
 -198.0943891492274 -894.9439805674821 902.108189938448 -577.7942071206314 800.4796933347745
 -198.0943891492274 -894.9439805674821 902.108189938448 -577.7942071206314 800.4796933347745
 2114.60664172658 -1903.113352358582 2111.167674703984 -1545.122454436296 1412.397238989046
 -196.1695042254793 100.9900743091548 -685.2933210692652 -3.500336485123739 618.3210368840535
 -198.0943891492274 -894.9439805674821 902.108189938448 -577.7942071206314 800.4796933347745
 214.3350269518139 -1173.690042504898 2752.783537460497 -1196.400001003652 -1163.387658848506
 -198.0943891492274 -894.9439805674821 902.108189938448 -577.7942071206314 800.4796933347745
 -198.0943891492274 -894.9439805674821 902.108189938448 -577.7942071206314 800.4796933347745
 62.90977888083614 2128.400000403305 -11163.11779764637 512.9644656944183 -3335.007724344669
 -198.0943891492274 -894.9439805674821 902.108189938448 -577.7942071206314 800.4796933347745
 -196.1695042254793 100.9900743091548 -685.2933210692652 -3.500336485123739 618.3210368840535
 -196.1695042254793 100.9900743091548 -685.2933210692652 -3.500336485123739 618.3210368840535
 -5268.970554732437 -931.9868535160911 2994.733680666 889.7700014295976 3232.659249038791
 -86.02605903179273 -349.7923843132747 1191.369323069366 -397.6865863341683 -505.6248836484287
 -198.0943891492274 -894.9439805674821 902.108189938448 -577.7942071206314 800.4796933347745
 -198.0943891492274 -894.9439805674821 902.108189938448 -577.7942071206314 800.4796933347745
 504.6362652171952 -155.9019857302194 3270.464180476757 57.04171438556534 -1.549153866994061
 214.3350269518139 -1173.690042504898 2752.783537460497 -1196.400001003652 -1163.387658848506
 -198.0943891492274 -894.9439805674821 902.108189938448 -577.7942071206314 800.4796933347745
 -198.0943891492274 -894.9439805674821 902.108189938448 -577.7942071206314 800.4796933347745
 -198.0943891492274 -894.9439805674821 902.108189938448 -577.7942071206314 800.4796933347745
 -198.0943891492274 -894.9439805674821 902.108189938448 -577.7942071206314 800.4796933347745
 -198.0943891492274 -894.9439805674821 902.108189938448 -577.7942071206314 800.4796933347745
 -198.0943891492274 -894.9439805674821 902.108189938448 -577.7942071206314 800.4796933347745
 -198.0943891492274 -894.9439805674821 902.108189938448 -577.7942071206314 800.4796933347745
 -198.0943891492274 -894.9439805674821 902.108189938448 -577.7942071206314 800.4796933347745
 -198.0943891492274 -894.9439805674821 902.108189938448 -577.7942071206314 800.4796933347745
 860.6897979767627 512.2011660407059 -1476.491412776697 -3400.694480603412 -2859.681441761147
 -196.1695042254793 100.9900743091548 -685.2933210692652 -3.500336485123739 618.3210368840535
 918.5635369769061 200.4311986797723 -48.66338907968498 -54.61147750458952 -970.8540810030556
 -322.8235943254483 -2067.834641118905 2984.248798738462 451.3032195428136 -37.78610675311847
 -198.0943891492274 -894.9439805674821 902.108189938448 -577.7942071206314 800.4796933347745
 -198.0943891492274 -894.9439805674821 902.108189938448 -577.7942071206314 800.4796933347745
 -198.0943891492274 -894.9439805674821 902.108189938448 -577.7942071206314 800.4796933347745
 -198.0943891492274 -894.9439805674821 902.108189938448 -577.7942071206314 800.4796933347745
 -198.0943891492274 -894.9439805674821 902.108189938448 -577.7942071206314 800.4796933347745
 -198.0943891492274 -894.9439805674821 902.108189938448 -577.7942071206314 800.4796933347745
 -198.0943891492274 -894.9439805674821 902.108189938448 -577.7942071206314 800.4796933347745
 -198.0943891492274 -894.9439805674821 902.108189938448 -577.7942071206314 800.4796933347745
 802.6703837673056 3047.069859853147 -867.4839103913372 1208.217177410504 720.3309818487476
 -198.0943891492274 -894.9439805674821 902.108189938448 -577.7942071206314 800.4796933347745
 -198.0943891492274 -894.9439805674821 902.108189938448 -577.7942071206314 800.4796933347745
 2704.151591743881 -1496.772349713712 -535.6815152332176 -2579.386824709002 1721.849871620728
 3509.027186833031 -2695.761947315618 -1126.327764775841 -3233.854162844838 -1479.705784219468
 -363.046771671941 -2279.088352022095 10.55105806666438 346.3596272195034 -1060.914216332114
 2338.461658946645 -253.2843793976217 1615.230967588582 -2000.615533655457 -217.711292423024
