# Created by Octave 4.2.1, Mon Oct 09 17:19:23 2017 BRT <root@mosqueiro>
# name: pop
# type: matrix
# rows: 100
# columns: 5
 -198.0943891492274 -894.9439805674821 902.108189938448 -577.7942071206314 800.4796933347745
 -198.0943891492274 -894.9439805674821 902.108189938448 -577.7942071206314 800.4796933347745
 -198.0943891492274 -894.9439805674821 902.108189938448 -577.7942071206314 800.4796933347745
 -198.0943891492274 -894.9439805674821 902.108189938448 -577.7942071206314 800.4796933347745
 -198.0943891492274 -894.9439805674821 902.108189938448 -577.7942071206314 800.4796933347745
 -198.0943891492274 -894.9439805674821 902.108189938448 -577.7942071206314 800.4796933347745
 -198.0943891492274 -894.9439805674821 902.108189938448 -577.7942071206314 800.4796933347745
 -198.0943891492274 -894.9439805674821 902.108189938448 -577.7942071206314 800.4796933347745
 -198.0943891492274 -894.9439805674821 902.108189938448 -577.7942071206314 800.4796933347745
 -198.0943891492274 -894.9439805674821 902.108189938448 -577.7942071206314 800.4796933347745
 -1011.821168883211 683.3193643413352 25.18859493689558 710.8237756372428 -286.5939267038141
 -198.0943891492274 -894.9439805674821 902.108189938448 -577.7942071206314 800.4796933347745
 961.8898357784489 -1707.136223910283 -324.713072442986 235.8337302482292 -455.9229299276828
 41.47336302208581 -742.2023459514121 1425.927182811493 42.40656113221553 108.4847146414545
 41.47336302208581 -742.2023459514121 1425.927182811493 42.40656113221553 108.4847146414545
 -198.0943891492274 -894.9439805674821 902.108189938448 -577.7942071206314 800.4796933347745
 -1076.432997133059 1585.683481256419 1251.548514320465 -205.5215031148936 2430.886603696225
 -322.8235943254483 -2067.834641118905 2984.248798738462 451.3032195428136 -37.78610675311847
 -198.0943891492274 -894.9439805674821 902.108189938448 -577.7942071206314 800.4796933347745
 -198.0943891492274 -894.9439805674821 902.108189938448 -577.7942071206314 800.4796933347745
 6483.709234482381 -2604.42279070187 -1943.727949060357 -4143.584393340327 -263.4333979347725
 -1651.811946019758 -592.4298292833628 1665.459961733894 -589.7687653794809 2227.675947431213
 -198.0943891492274 -894.9439805674821 902.108189938448 -577.7942071206314 800.4796933347745
 -198.0943891492274 -894.9439805674821 902.108189938448 -577.7942071206314 800.4796933347745
 -1651.811946019758 -592.4298292833628 1665.459961733894 -589.7687653794809 2227.675947431213
 -322.8235943254483 -2067.834641118905 2984.248798738462 451.3032195428136 -37.78610675311847
 -198.0943891492274 -894.9439805674821 902.108189938448 -577.7942071206314 800.4796933347745
 -198.0943891492274 -894.9439805674821 902.108189938448 -577.7942071206314 800.4796933347745
 850.3920632020512 -458.614260019766 177.0930702552123 -1269.227966477703 -229.5273632031081
 -198.0943891492274 -894.9439805674821 902.108189938448 -577.7942071206314 800.4796933347745
 -1651.811946019758 -592.4298292833628 1665.459961733894 -589.7687653794809 2227.675947431213
 -198.0943891492274 -894.9439805674821 902.108189938448 -577.7942071206314 800.4796933347745
 -196.1695042254793 100.9900743091548 -685.2933210692652 -3.500336485123739 618.3210368840535
 -198.0943891492274 -894.9439805674821 902.108189938448 -577.7942071206314 800.4796933347745
 3509.027186833031 -2695.761947315618 -1126.327764775841 -3233.854162844838 -1479.705784219468
 -198.0943891492274 -894.9439805674821 902.108189938448 -577.7942071206314 800.4796933347745
 593.6902933328896 -811.918218551977 -76.42120772463181 -915.1718794753356 2530.641091479833
 -1941.059693598809 -2408.979463926843 -556.8380359382802 272.5458991070931 1670.144188771538
 -198.0943891492274 -894.9439805674821 902.108189938448 -577.7942071206314 800.4796933347745
 -198.0943891492274 -894.9439805674821 902.108189938448 -577.7942071206314 800.4796933347745
 -3431.873328495325 4637.210228273859 2962.586297568238 -2541.347729379408 -4589.8819152082
 -198.0943891492274 -894.9439805674821 902.108189938448 -577.7942071206314 800.4796933347745
 -196.1695042254793 100.9900743091548 -685.2933210692652 -3.500336485123739 618.3210368840535
 -198.0943891492274 -894.9439805674821 902.108189938448 -577.7942071206314 800.4796933347745
 -198.0943891492274 -894.9439805674821 902.108189938448 -577.7942071206314 800.4796933347745
 -940.7683841305973 152.6435711391454 2394.83513632934 -3018.085092382461 -245.0102335008099
 -198.0943891492274 -894.9439805674821 902.108189938448 -577.7942071206314 800.4796933347745
 -198.0943891492274 -894.9439805674821 902.108189938448 -577.7942071206314 800.4796933347745
 -198.0943891492274 -894.9439805674821 902.108189938448 -577.7942071206314 800.4796933347745
 -198.0943891492274 -894.9439805674821 902.108189938448 -577.7942071206314 800.4796933347745
 -198.0943891492274 -894.9439805674821 902.108189938448 -577.7942071206314 800.4796933347745
 -940.7683841305973 152.6435711391454 2394.83513632934 -3018.085092382461 -245.0102335008099
 -198.0943891492274 -894.9439805674821 902.108189938448 -577.7942071206314 800.4796933347745
 -198.0943891492274 -894.9439805674821 902.108189938448 -577.7942071206314 800.4796933347745
 -198.0943891492274 -894.9439805674821 902.108189938448 -577.7942071206314 800.4796933347745
 -198.0943891492274 -894.9439805674821 902.108189938448 -577.7942071206314 800.4796933347745
 -198.0943891492274 -894.9439805674821 902.108189938448 -577.7942071206314 800.4796933347745
 -198.0943891492274 -894.9439805674821 902.108189938448 -577.7942071206314 800.4796933347745
 -198.0943891492274 -894.9439805674821 902.108189938448 -577.7942071206314 800.4796933347745
 3509.027186833031 -2695.761947315618 -1126.327764775841 -3233.854162844838 -1479.705784219468
 -198.0943891492274 -894.9439805674821 902.108189938448 -577.7942071206314 800.4796933347745
 -1311.770126926474 -746.5105288779309 1719.437192228642 926.4295695426108 1237.804175184115
 -198.0943891492274 -894.9439805674821 902.108189938448 -577.7942071206314 800.4796933347745
 -322.8235943254483 -2067.834641118905 2984.248798738462 451.3032195428136 -37.78610675311847
 -1651.811946019758 -592.4298292833628 1665.459961733894 -589.7687653794809 2227.675947431213
 3509.027186833031 -2695.761947315618 -1126.327764775841 -3233.854162844838 -1479.705784219468
 -198.0943891492274 -894.9439805674821 902.108189938448 -577.7942071206314 800.4796933347745
 -1651.811946019758 -592.4298292833628 1665.459961733894 -589.7687653794809 2227.675947431213
 -198.0943891492274 -894.9439805674821 902.108189938448 -577.7942071206314 800.4796933347745
 -198.0943891492274 -894.9439805674821 902.108189938448 -577.7942071206314 800.4796933347745
 -198.0943891492274 -894.9439805674821 902.108189938448 -577.7942071206314 800.4796933347745
 3509.027186833031 -2695.761947315618 -1126.327764775841 -3233.854162844838 -1479.705784219468
 -198.0943891492274 -894.9439805674821 902.108189938448 -577.7942071206314 800.4796933347745
 -1651.811946019758 -592.4298292833628 1665.459961733894 -589.7687653794809 2227.675947431213
 -1127.97919750287 -1137.058445106069 571.9435037286254 629.1403741218178 1050.292312717936
 -1244.42534262905 -1676.937927006724 1424.664543088488 -566.9958557604009 356.3643287565528
 -198.0943891492274 -894.9439805674821 902.108189938448 -577.7942071206314 800.4796933347745
 6483.709234482381 -2604.42279070187 -1943.727949060357 -4143.584393340327 -263.4333979347725
 -5268.970554732437 -931.9868535160911 2994.733680666 889.7700014295976 3232.659249038791
 -198.0943891492274 -894.9439805674821 902.108189938448 -577.7942071206314 800.4796933347745
 54.3952858709961 1267.085360830303 -14.55605641414081 -1105.395602582406 -464.6656408559002
 588.1454791949632 -1640.54436232313 -1192.5926112289 186.5252128419813 1552.758125993494
 -406.6485325121764 553.694358674565 340.7634932836129 -207.8313691778459 1690.931768461408
 700.202071926257 -241.675683134943 -211.3281813172684 -1082.325141918107 855.1075212584375
