# Created by Octave 4.2.1, Mon Oct 09 17:20:16 2017 BRT <root@mosqueiro>
# name: pop
# type: matrix
# rows: 100
# columns: 5
 -65.65062037190376 70.76194568041251 914.0841798698098 -173.2646525218461 -717.8799681070566
 -65.65062037190376 70.76194568041251 914.0841798698098 -173.2646525218461 -717.8799681070566
 716.4741036902777 -1803.597759491967 -556.1898289698918 3886.964976400188 -1243.470829879114
 171.5234577655008 618.2872021312185 348.2347230958799 95.75526399691898 703.4181884913478
 375.2603249157172 -439.4281610151336 -234.3496884074974 374.5800776174274 2332.133498907438
 789.8853905508154 514.4420333855705 -54.59762279086749 325.8671187788668 443.8104363122613
 609.258856058389 715.924675809742 -705.1230799872806 237.2012145506515 -909.8852685666267
 674.5241085038249 -116.034708288242 -718.8677297663803 -629.8856021999743 691.118304266676
 674.5241085038249 -116.034708288242 -718.8677297663803 -629.8856021999743 691.118304266676
 340.3788087936728 60.04626364563819 -631.5885845040573 -211.9415445987705 372.2045417971465
 586.5051648653441 -255.0058783358044 747.6338097825364 -925.454570362947 310.8665597812271
 -65.65062037190376 70.76194568041251 914.0841798698098 -173.2646525218461 -717.8799681070566
 789.8853905508154 514.4420333855705 -54.59762279086749 325.8671187788668 443.8104363122613
 -65.65062037190376 70.76194568041251 914.0841798698098 -173.2646525218461 -717.8799681070566
 -478.6252171169124 73.4593314877834 297.7194901925354 953.9293009892122 -965.0853200378513
 98.3805745730624 306.3648225414088 -191.2230915582547 -891.9145276092538 973.6311266047892
 -282.7147476056239 818.9691076640074 -308.2652944654384 321.2273519674131 -495.1801709611902
 609.258856058389 715.924675809742 -705.1230799872806 237.2012145506515 -909.8852685666267
 340.3788087936728 60.04626364563819 -631.5885845040573 -211.9415445987705 372.2045417971465
 -764.1251533471457 795.29781480266 -922.7745182850983 -343.8214916246015 67.79665705024081
 -941.0071804874107 23.52735000183111 176.3141394843001 509.2467486964053 -85.94228055852534
 79.56894080869347 -536.9348032295326 -244.4685569499273 525.3893534513149 258.8569674296589
 -619.6539497808481 479.4794476501506 -281.934824958628 -218.6317725397747 966.2904815294926
 -251.2142937678891 449.2222787552219 -263.6360338665153 -787.2627835203668 492.327745101755
 107.7227835522581 -47.29865733037786 45.43112132312422 -887.6066617233469 -416.6209642762627
 871.0932974673765 -478.9566544327595 2568.448164756387 2167.933029264294 -1544.12973623878
 340.3788087936728 60.04626364563819 -631.5885845040573 -211.9415445987705 372.2045417971465
 -251.2142937678891 449.2222787552219 -263.6360338665153 -787.2627835203668 492.327745101755
 -65.65062037190376 70.76194568041251 914.0841798698098 -173.2646525218461 -717.8799681070566
 -65.65062037190376 70.76194568041251 914.0841798698098 -173.2646525218461 -717.8799681070566
 -282.7147476056239 818.9691076640074 -308.2652944654384 321.2273519674131 -495.1801709611902
 92.60628181675929 -434.6504196253144 734.1411534626818 277.1889970324221 -466.1087707409472
 -282.7147476056239 818.9691076640074 -308.2652944654384 321.2273519674131 -495.1801709611902
 -65.65062037190376 70.76194568041251 914.0841798698098 -173.2646525218461 -717.8799681070566
 351.0761685202688 -705.7052294616767 313.1708438560299 -945.8581974487694 262.6722470911327
 716.4741036902777 -1803.597759491967 -556.1898289698918 3886.964976400188 -1243.470829879114
 -282.7147476056239 818.9691076640074 -308.2652944654384 321.2273519674131 -495.1801709611902
 -65.65062037190376 70.76194568041251 914.0841798698098 -173.2646525218461 -717.8799681070566
 -282.7147476056239 818.9691076640074 -308.2652944654384 321.2273519674131 -495.1801709611902
 -65.65062037190376 70.76194568041251 914.0841798698098 -173.2646525218461 -717.8799681070566
 544.7391023053112 -689.1046428193689 709.4457031014374 -887.3369718695847 -97.98843693432741
 -65.65062037190376 70.76194568041251 914.0841798698098 -173.2646525218461 -717.8799681070566
 -313.9167998254932 823.0269704774105 996.6083957548949 -185.5894135538717 -773.5673465544999
 406.1589104481128 1566.50895514315 1614.589924769406 -3656.544808827699 -1082.440713630441
 -476.0051858494033 434.651250280986 871.9735987805973 -518.8249713599572 -353.8974489320753
 79.56894080869347 -536.9348032295326 -244.4685569499273 525.3893534513149 258.8569674296589
 566.7983581314866 -266.905241099442 -63.66148707606419 193.1235256773355 -66.67780520359088
 -611.6192653043223 455.4229234209934 -228.0284299828891 518.4429559956259 -16.97919194090252
 351.0761685202688 -705.7052294616767 313.1708438560299 -945.8581974487694 262.6722470911327
 1751.016277589064 3321.721611906241 -396.6964662944845 -2614.755234803944 -1720.121778490397
 79.56894080869347 -536.9348032295326 -244.4685569499273 525.3893534513149 258.8569674296589
 -684.2105717914403 502.1304738498792 -1482.301691517574 563.25431974735 -54.68344400012103
 1900.590732123524 2032.750768743539 2265.321559714176 -4766.244512783133 576.502901122188
 -65.65062037190376 70.76194568041251 914.0841798698098 -173.2646525218461 -717.8799681070566
 -941.0071804874107 23.52735000183111 176.3141394843001 509.2467486964053 -85.94228055852534
 -62.68548793578714 -159.1421999106278 747.3505499006565 11.34594611737145 460.5541620640824
 92.60628181675929 -434.6504196253144 734.1411534626818 277.1889970324221 -466.1087707409472
 -313.9167998254932 823.0269704774105 996.6083957548949 -185.5894135538717 -773.5673465544999
 107.7227835522581 -47.29865733037786 45.43112132312422 -887.6066617233469 -416.6209642762627
 -476.0051858494033 434.651250280986 871.9735987805973 -518.8249713599572 -353.8974489320753
 92.60628181675929 -434.6504196253144 734.1411534626818 277.1889970324221 -466.1087707409472
 111.7089569175098 367.0295562372451 -153.8183077816605 -126.1435728766591 326.6738774944195
 -65.65062037190376 70.76194568041251 914.0841798698098 -173.2646525218461 -717.8799681070566
 -251.2142937678891 449.2222787552219 -263.6360338665153 -787.2627835203668 492.327745101755
 -684.2105717914403 502.1304738498792 -1482.301691517574 563.25431974735 -54.68344400012103
 705.9932139895282 772.6336033770376 -405.7546908417861 806.5946436111826 462.3255782252736
 -160.2761520613113 254.7354491478864 844.794938106173 636.8987615588487 -84.82296265380853
 -65.65062037190376 70.76194568041251 914.0841798698098 -173.2646525218461 -717.8799681070566
 -309.7792900869686 1213.778664341947 1836.441945193323 -2307.634537645699 -672.6677173213013
 19.91598059168371 -671.2056589697277 69.97301152501382 -480.9154492926483 -185.3447473684403
 -282.7147476056239 818.9691076640074 -308.2652944654384 321.2273519674131 -495.1801709611902
 -160.2761520613113 254.7354491478864 844.794938106173 636.8987615588487 -84.82296265380853
 79.56894080869347 -536.9348032295326 -244.4685569499273 525.3893534513149 258.8569674296589
 111.7089569175098 367.0295562372451 -153.8183077816605 -126.1435728766591 326.6738774944195
 107.7227835522581 -47.29865733037786 45.43112132312422 -887.6066617233469 -416.6209642762627
 -971.9383052453474 -787.4195276347255 525.6788077228425 596.0649599876763 -459.684398547824
 -478.6252171169124 73.4593314877834 297.7194901925354 953.9293009892122 -965.0853200378513
 -65.65062037190376 70.76194568041251 914.0841798698098 -173.2646525218461 -717.8799681070566
 -476.0051858494033 434.651250280986 871.9735987805973 -518.8249713599572 -353.8974489320753
 716.4741036902777 -1803.597759491967 -556.1898289698918 3886.964976400188 -1243.470829879114
 -1756.480138844466 -1455.047210473097 -2260.709224645235 -1373.927721969328 -2385.679304359116
 2290.744423885155 -1682.508510935534 -1116.043056159437 1898.14886071379 -1824.826957332957
 -2114.358108033223 198.5619408349678 -1657.831086105417 -2798.62328457601 337.643017801468
 -578.6851252179758 1091.691650097182 -518.0391403476115 2525.415409640611 -2627.666297667583
