# Created by Octave 4.2.1, Mon Oct 09 17:18:38 2017 BRT <root@mosqueiro>
# name: pop
# type: matrix
# rows: 100
# columns: 5
 277.9454793984905 571.2664502986557 -61.74939219782326 82.08259722808667 -870.3314972004326
 272.6676189277657 557.9337606198454 -43.13633557854077 96.73949272820376 -884.8980829012178
 277.9454793984905 571.2664502986557 -61.74939219782326 82.08259722808667 -870.3314972004326
 272.5979724715658 558.2823338641763 -42.993444195264 97.42712044354275 -885.6855048590604
 277.9386271891328 571.4123859549967 -61.70860077720152 82.11380992095302 -870.4140096146496
 272.6676189277657 557.9337606198454 -43.13633557854077 96.73949272820376 -884.8980829012178
 277.9184237898287 571.4439708075266 -61.68417074578902 81.85223218597832 -869.7658094251075
 272.6676189277657 557.9337606198454 -43.13633557854077 96.73949272820376 -884.8980829012178
 272.6676189277657 557.9337606198454 -43.13633557854077 96.73949272820376 -884.8980829012178
 274.5111304061347 559.1510676944404 -30.39968642498437 91.80118041742564 -895.7227068543089
 272.5979724715658 558.2823338641763 -42.993444195264 97.42712044354275 -885.6855048590604
 277.9454793984905 571.2664502986557 -61.74939219782326 82.08259722808667 -870.3314972004326
 275.3397802196097 557.4608295022515 -30.1492095648673 93.10257385717863 -894.1760889819694
 275.1779842232056 558.8117037140017 -30.05325428808083 91.95394131860103 -895.9912911934673
 275.1779842232056 558.8117037140017 -30.05325428808083 91.95394131860103 -895.9912911934673
 272.6676189277657 557.9337606198454 -43.13633557854077 96.73949272820376 -884.8980829012178
 277.7855425686497 571.357955513461 -61.8850991033344 81.97086150911719 -870.5326239780143
 280.2200879017922 559.1343449251175 -44.36570488055575 98.71113289474532 -877.199300565201
 277.9386271891328 571.4123859549967 -61.70860077720152 82.11380992095302 -870.4140096146496
 277.9790878820278 571.3316651649593 -61.77111455157858 82.30970209651275 -870.251091557075
 275.3397802196097 557.4608295022515 -30.1492095648673 93.10257385717863 -894.1760889819694
 272.6676189277657 557.9337606198454 -43.13633557854077 96.73949272820376 -884.8980829012178
 277.0535977085548 560.1655894558098 -29.71775928470947 92.9215731382549 -896.3882931034374
 272.7763386191889 557.89998841198 -42.99183625285155 96.58575731216172 -884.928487672796
 280.101598405016 572.9941889109049 -56.98697254616247 84.78759326350983 -877.4576764457016
 272.6676189277657 557.9337606198454 -43.13633557854077 96.73949272820376 -884.8980829012178
 275.1034941306718 559.2894061263092 -30.36252981372302 91.87918033238763 -895.9536919560534
 273.6331974099488 557.8310345694182 -41.59941365658759 98.02552994534159 -885.0875374557502
 272.6676189277657 557.9337606198454 -43.13633557854077 96.73949272820376 -884.8980829012178
 277.9454793984905 571.2664502986557 -61.74939219782326 82.08259722808667 -870.3314972004326
 272.6676189277657 557.9337606198454 -43.13633557854077 96.73949272820376 -884.8980829012178
 265.3437939143503 555.040758886705 -41.54723888508235 97.60864040814933 -874.8518239691591
 274.6432724505069 557.111088829119 -30.24470224621357 94.46307691806105 -893.0967538525116
 274.5111304061347 559.1510676944404 -30.39968642498437 91.80118041742564 -895.7227068543089
 275.1034941306718 559.2894061263092 -30.36252981372302 91.87918033238763 -895.9536919560534
 277.9454793984905 571.2664502986557 -61.74939219782326 82.08259722808667 -870.3314972004326
 275.1034941306718 559.2894061263092 -30.36252981372302 91.87918033238763 -895.9536919560534
 274.5662824289598 555.7057516795944 -42.60166478085963 97.14071427178176 -884.1481376387552
 276.8211865280622 572.3842208314223 -61.13508009285604 82.04332516806828 -870.1536153956773
 272.7454357534234 558.2747767834886 -43.09376013410338 97.40165341300307 -885.6674139675329
 274.8940818405725 555.6524036921261 -42.9600602065253 97.30173520789509 -883.8879116206983
 277.7855425686497 571.357955513461 -61.8850991033344 81.97086150911719 -870.5326239780143
 275.3397802196097 557.4608295022515 -30.1492095648673 93.10257385717863 -894.1760889819694
 273.0240171188833 557.9500296574091 -41.698169976865 96.72093233848545 -884.8585330662547
 277.8609012503795 571.3462292230679 -61.80706661315776 82.25320027246339 -870.2952506118507
 277.9386271891328 571.4123859549967 -61.70860077720152 82.11380992095302 -870.4140096146496
 275.3397802196097 557.4608295022515 -30.1492095648673 93.10257385717863 -894.1760889819694
 275.3397802196097 557.4608295022515 -30.1492095648673 93.10257385717863 -894.1760889819694
 272.6676189277657 557.9337606198454 -43.13633557854077 96.73949272820376 -884.8980829012178
 277.9386271891328 571.4123859549967 -61.70860077720152 82.11380992095302 -870.4140096146496
 274.6432724505069 557.111088829119 -30.24470224621357 94.46307691806105 -893.0967538525116
 277.9454793984905 571.2664502986557 -61.74939219782326 82.08259722808667 -870.3314972004326
 272.6676189277657 557.9337606198454 -43.13633557854077 96.73949272820376 -884.8980829012178
 272.6676189277657 557.9337606198454 -43.13633557854077 96.73949272820376 -884.8980829012178
 275.1034941306718 559.2894061263092 -30.36252981372302 91.87918033238763 -895.9536919560534
 274.6372732748977 557.0790290169301 -30.1927352888782 94.38967870663551 -893.2853909301086
 274.6051458471343 555.6054801718069 -42.46881443414684 96.98456172521557 -884.2705357880952
 272.6676189277657 557.9337606198454 -43.13633557854077 96.73949272820376 -884.8980829012178
 275.5921822741241 555.3790953692879 -43.29333890571603 97.56757081390406 -884.2136501966373
 272.6676189277657 557.9337606198454 -43.13633557854077 96.73949272820376 -884.8980829012178
 277.9386271891328 571.4123859549967 -61.70860077720152 82.11380992095302 -870.4140096146496
 274.423688459829 555.657882223311 -42.70712332965423 97.78182882474435 -884.0644073778474
 275.1034941306718 559.2894061263092 -30.36252981372302 91.87918033238763 -895.9536919560534
 272.7763386191889 557.89998841198 -42.99183625285155 96.58575731216172 -884.928487672796
 277.9386271891328 571.4123859549967 -61.70860077720152 82.11380992095302 -870.4140096146496
 272.7454357534234 558.2747767834886 -43.09376013410338 97.40165341300307 -885.6674139675329
 279.3284496571129 572.7083900728877 -56.58902063627995 85.21866974205663 -877.2523176193297
 272.6676189277657 557.9337606198454 -43.13633557854077 96.73949272820376 -884.8980829012178
 276.8211865280622 572.3842208314223 -61.13508009285604 82.04332516806828 -870.1536153956773
 272.6676189277657 557.9337606198454 -43.13633557854077 96.73949272820376 -884.8980829012178
 275.1779842232056 558.8117037140017 -30.05325428808083 91.95394131860103 -895.9912911934673
 274.5111304061347 559.1510676944404 -30.39968642498437 91.80118041742564 -895.7227068543089
 277.9386271891328 571.4123859549967 -61.70860077720152 82.11380992095302 -870.4140096146496
 275.1034941306718 559.2894061263092 -30.36252981372302 91.87918033238763 -895.9536919560534
 275.1034941306718 559.2894061263092 -30.36252981372302 91.87918033238763 -895.9536919560534
 272.5979724715658 558.2823338641763 -42.993444195264 97.42712044354275 -885.6855048590604
 272.6676189277657 557.9337606198454 -43.13633557854077 96.73949272820376 -884.8980829012178
 277.8609012503795 571.3462292230679 -61.80706661315776 82.25320027246339 -870.2952506118507
 279.3284496571129 572.7083900728877 -56.58902063627995 85.21866974205663 -877.2523176193297
 272.6676189277657 557.9337606198454 -43.13633557854077 96.73949272820376 -884.8980829012178
 275.0891519511764 559.2197734636418 -30.30911051838261 91.97332035985944 -895.9308425192876
 274.6488376422853 555.6466493208093 -43.45920306429174 98.08552981509715 -883.8381985156698
 277.901769707046 571.3076995065585 -61.74441332257424 82.12058555403866 -870.3418074099038
 275.1765007220669 559.3246748596354 -30.33389461026719 91.86942471457138 -896.0064102596815
 280.0980595751103 573.0158506254436 -56.91151295923099 84.77883152109297 -877.4244008498563
