# Created by Octave 4.2.1, Mon Oct 09 17:20:07 2017 BRT <root@mosqueiro>
# name: pop
# type: matrix
# rows: 100
# columns: 5
 -251.1758780791153 -627.9095800589204 29.51574017814841 106.4075520781869 742.1523372951682
 -251.1758780791153 -627.9095800589204 29.51574017814841 106.4075520781869 742.1523372951682
 -251.1758780791153 -627.9095800589204 29.51574017814841 106.4075520781869 742.1523372951682
 -251.4063073643351 -628.2333251865489 29.33074411397613 106.3576907285209 742.0277095969539
 -251.1758780791153 -627.9095800589204 29.51574017814841 106.4075520781869 742.1523372951682
 -255.9617401459099 -631.3066678888308 28.24086324922116 110.8653821003273 747.3709054605207
 -257.2646893058788 -630.3345839737387 26.21921968085989 108.976744248624 749.1470665103318
 -251.1758780791153 -627.9095800589204 29.51574017814841 106.4075520781869 742.1523372951682
 -251.1758780791153 -627.9095800589204 29.51574017814841 106.4075520781869 742.1523372951682
 -268.2710593403876 -624.2832745183401 29.17369204427168 123.5402000485121 740.6221362877092
 -253.6340266271254 -625.8268387365839 25.20270252664991 112.4073024658701 742.3931005328731
 -251.5746001025333 -626.2281191794779 23.83974933033156 112.8024034920131 743.6686379878731
 -251.1758780791153 -627.9095800589204 29.51574017814841 106.4075520781869 742.1523372951682
 -253.8953896286631 -626.6475117572023 26.45023723734282 112.3452406288778 741.8386650126541
 -251.1758780791153 -627.9095800589204 29.51574017814841 106.4075520781869 742.1523372951682
 -251.1758780791153 -627.9095800589204 29.51574017814841 106.4075520781869 742.1523372951682
 -251.1758780791153 -627.9095800589204 29.51574017814841 106.4075520781869 742.1523372951682
 -255.9617401459099 -631.3066678888308 28.24086324922116 110.8653821003273 747.3709054605207
 -253.3429534791895 -628.0244369629889 29.69777295331378 109.0960652254849 742.1554546450452
 -251.1758780791153 -627.9095800589204 29.51574017814841 106.4075520781869 742.1523372951682
 -253.3429534791895 -628.0244369629889 29.69777295331378 109.0960652254849 742.1554546450452
 -250.5263910476617 -631.6683760937741 28.81048734590236 106.980639736021 741.546515719534
 -251.4063073643351 -628.2333251865489 29.33074411397613 106.3576907285209 742.0277095969539
 -253.3429534791895 -628.0244369629889 29.69777295331378 109.0960652254849 742.1554546450452
 -253.935663394946 -627.0440646270383 26.57882194482798 112.3541240991824 741.8557978485687
 -253.3429534791895 -628.0244369629889 29.69777295331378 109.0960652254849 742.1554546450452
 -251.1758780791153 -627.9095800589204 29.51574017814841 106.4075520781869 742.1523372951682
 -248.2380940291791 -620.4860487493273 21.15809082411252 112.6391710194648 734.2778528914539
 -251.1758780791153 -627.9095800589204 29.51574017814841 106.4075520781869 742.1523372951682
 -248.3055124711096 -650.0198865965007 -10.96660220976974 142.2844015557947 718.5622121551552
 -253.3429534791895 -628.0244369629889 29.69777295331378 109.0960652254849 742.1554546450452
 -251.1758780791153 -627.9095800589204 29.51574017814841 106.4075520781869 742.1523372951682
 -251.1758780791153 -627.9095800589204 29.51574017814841 106.4075520781869 742.1523372951682
 -251.1758780791153 -627.9095800589204 29.51574017814841 106.4075520781869 742.1523372951682
 -253.3429534791895 -628.0244369629889 29.69777295331378 109.0960652254849 742.1554546450452
 -251.1758780791153 -627.9095800589204 29.51574017814841 106.4075520781869 742.1523372951682
 -253.3429534791895 -628.0244369629889 29.69777295331378 109.0960652254849 742.1554546450452
 -251.1758780791153 -627.9095800589204 29.51574017814841 106.4075520781869 742.1523372951682
 -253.3429534791895 -628.0244369629889 29.69777295331378 109.0960652254849 742.1554546450452
 -253.935663394946 -627.0440646270383 26.57882194482798 112.3541240991824 741.8557978485687
 -251.1758780791153 -627.9095800589204 29.51574017814841 106.4075520781869 742.1523372951682
 -251.1758780791153 -627.9095800589204 29.51574017814841 106.4075520781869 742.1523372951682
 -253.3026850776633 -628.0141000303988 29.65446425991212 108.6684605796697 742.128118729007
 -247.5521754279916 -620.7630308204067 21.88506690962947 113.0071812158986 734.0949762543476
 -255.9617401459099 -631.3066678888308 28.24086324922116 110.8653821003273 747.3709054605207
 -251.1758780791153 -627.9095800589204 29.51574017814841 106.4075520781869 742.1523372951682
 -251.1758780791153 -627.9095800589204 29.51574017814841 106.4075520781869 742.1523372951682
 -253.935663394946 -627.0440646270383 26.57882194482798 112.3541240991824 741.8557978485687
 -251.1758780791153 -627.9095800589204 29.51574017814841 106.4075520781869 742.1523372951682
 -255.9617401459099 -631.3066678888308 28.24086324922116 110.8653821003273 747.3709054605207
 -253.9271811066732 -625.7664389832768 26.67448941056734 112.5779098302292 739.7453601778892
 -253.935663394946 -627.0440646270383 26.57882194482798 112.3541240991824 741.8557978485687
 -253.3429534791895 -628.0244369629889 29.69777295331378 109.0960652254849 742.1554546450452
 -253.935663394946 -627.0440646270383 26.57882194482798 112.3541240991824 741.8557978485687
 -250.9210233772192 -628.0330241483722 30.35617805652888 106.2220776266493 742.5543522149234
 -253.3429534791895 -628.0244369629889 29.69777295331378 109.0960652254849 742.1554546450452
 -251.1758780791153 -627.9095800589204 29.51574017814841 106.4075520781869 742.1523372951682
 -251.1758780791153 -627.9095800589204 29.51574017814841 106.4075520781869 742.1523372951682
 -251.1758780791153 -627.9095800589204 29.51574017814841 106.4075520781869 742.1523372951682
 -251.5746001025333 -626.2281191794779 23.83974933033156 112.8024034920131 743.6686379878731
 -250.5263910476617 -631.6683760937741 28.81048734590236 106.980639736021 741.546515719534
 -251.1758780791153 -627.9095800589204 29.51574017814841 106.4075520781869 742.1523372951682
 -255.9617401459099 -631.3066678888308 28.24086324922116 110.8653821003273 747.3709054605207
 -251.1758780791153 -627.9095800589204 29.51574017814841 106.4075520781869 742.1523372951682
 -250.4069558843882 -631.4636996052108 28.79077840672258 107.481666446107 741.3299788571251
 -254.1522662060925 -626.9099721617225 26.20988678058871 112.3044842381467 742.1566730118068
 -253.3429534791895 -628.0244369629889 29.69777295331378 109.0960652254849 742.1554546450452
 -251.1758780791153 -627.9095800589204 29.51574017814841 106.4075520781869 742.1523372951682
 -251.1758780791153 -627.9095800589204 29.51574017814841 106.4075520781869 742.1523372951682
 -253.935663394946 -627.0440646270383 26.57882194482798 112.3541240991824 741.8557978485687
 -251.1758780791153 -627.9095800589204 29.51574017814841 106.4075520781869 742.1523372951682
 -253.935663394946 -627.0440646270383 26.57882194482798 112.3541240991824 741.8557978485687
 -254.1522662060925 -626.9099721617225 26.20988678058871 112.3044842381467 742.1566730118068
 -253.3429534791895 -628.0244369629889 29.69777295331378 109.0960652254849 742.1554546450452
 -254.5381296945555 -627.5728740242029 25.32734401194901 112.9956148625701 744.7013403999948
 -253.9152736941516 -627.1162186628484 26.77053915107171 112.8562824297636 741.6735817678828
 -251.1758780791153 -627.9095800589204 29.51574017814841 106.4075520781869 742.1523372951682
 -251.1758780791153 -627.9095800589204 29.51574017814841 106.4075520781869 742.1523372951682
 -251.1758780791153 -627.9095800589204 29.51574017814841 106.4075520781869 742.1523372951682
 -253.935663394946 -627.0440646270383 26.57882194482798 112.3541240991824 741.8557978485687
 -251.185993426784 -627.7787382286513 29.47434955598058 106.3816133850419 742.0388324711752
 -251.1600093480056 -627.7949565181327 29.54607333864312 106.3229422517401 741.8956799910698
 -253.3192369336503 -628.0670499402809 29.61585830104746 108.6762769691532 742.3290479840566
 -250.6989610184849 -628.3291561949318 30.38428237070488 106.325921605272 742.4078215759926
