# Created by Octave 4.2.1, Mon Oct 09 17:18:41 2017 BRT <root@mosqueiro>
# name: pop
# type: matrix
# rows: 100
# columns: 5
 277.9513198267085 571.257842361475 -61.77200317596726 82.07068052081125 -870.3423237289528
 277.9513198267085 571.257842361475 -61.77200317596726 82.07068052081125 -870.3423237289528
 277.9454793984905 571.2664502986557 -61.74939219782326 82.08259722808667 -870.3314972004326
 277.9513198267085 571.257842361475 -61.77200317596726 82.07068052081125 -870.3423237289528
 277.9513198267085 571.257842361475 -61.77200317596726 82.07068052081125 -870.3423237289528
 277.8609012503795 571.3462292230679 -61.80706661315776 82.25320027246339 -870.2952506118507
 277.9398904334163 571.2634860643351 -61.75159989040942 82.08872457777859 -870.3298259385751
 276.6736227642195 572.3451890300336 -61.09210014816786 81.99339260650001 -870.1455269072735
 277.9448576931351 571.265937238765 -61.75422562897368 82.07655740637621 -870.3297832174685
 277.9454793984905 571.2664502986557 -61.74939219782326 82.08259722808667 -870.3314972004326
 277.9454793984905 571.2664502986557 -61.74939219782326 82.08259722808667 -870.3314972004326
 277.9454793984905 571.2664502986557 -61.74939219782326 82.08259722808667 -870.3314972004326
 275.298955362172 559.0875702575015 -29.99997161093873 91.96645245638553 -895.9939722306325
 272.6676189277657 557.9337606198454 -43.13633557854077 96.73949272820376 -884.8980829012178
 277.9373337635502 571.2820204387127 -61.75659887365725 82.09214827648857 -870.3495293845065
 272.6610634346985 557.9213252103447 -43.12487412635969 96.73373421614721 -884.9041772987473
 277.9454793984905 571.2664502986557 -61.74939219782326 82.08259722808667 -870.3314972004326
 277.9386271891328 571.4123859549967 -61.70860077720152 82.11380992095302 -870.4140096146496
 272.672277311069 557.9194055993105 -43.1216116722753 96.7444650246336 -884.9134854652342
 277.943487407006 571.2708440164084 -61.75101289325574 82.08101291311563 -870.3297445651575
 272.6676189277657 557.9337606198454 -43.13633557854077 96.73949272820376 -884.8980829012178
 277.9454793984905 571.2664502986557 -61.74939219782326 82.08259722808667 -870.3314972004326
 277.9609075826216 571.2515470541399 -61.77680204170026 82.07268177994857 -870.3335907168408
 277.9454793984905 571.2664502986557 -61.74939219782326 82.08259722808667 -870.3314972004326
 277.9454793984905 571.2664502986557 -61.74939219782326 82.08259722808667 -870.3314972004326
 277.9513198267085 571.257842361475 -61.77200317596726 82.07068052081125 -870.3423237289528
 277.9454793984905 571.2664502986557 -61.74939219782326 82.08259722808667 -870.3314972004326
 277.9454793984905 571.2664502986557 -61.74939219782326 82.08259722808667 -870.3314972004326
 277.9376870719785 571.2393076976056 -61.74880124401911 82.06411140571447 -870.3136012096568
 276.6736227642195 572.3451890300336 -61.09210014816786 81.99339260650001 -870.1455269072735
 277.9386271891328 571.4123859549967 -61.70860077720152 82.11380992095302 -870.4140096146496
 277.9525731938068 571.2648896950059 -61.75275322132179 82.0834838541405 -870.3345855533478
 272.6676189277657 557.9337606198454 -43.13633557854077 96.73949272820376 -884.8980829012178
 277.9220415430856 571.4166994947336 -61.7082769338864 82.10171515787404 -870.4137369061322
 277.9609075826216 571.2515470541399 -61.77680204170026 82.07268177994857 -870.3335907168408
 277.9513198267085 571.257842361475 -61.77200317596726 82.07068052081125 -870.3423237289528
 277.9454793984905 571.2664502986557 -61.74939219782326 82.08259722808667 -870.3314972004326
 277.9513198267085 571.257842361475 -61.77200317596726 82.07068052081125 -870.3423237289528
 272.6676189277657 557.9337606198454 -43.13633557854077 96.73949272820376 -884.8980829012178
 275.0891519511764 559.2197734636418 -30.30911051838261 91.97332035985944 -895.9308425192876
 277.9376870719785 571.2393076976056 -61.74880124401911 82.06411140571447 -870.3136012096568
 277.9513198267085 571.257842361475 -61.77200317596726 82.07068052081125 -870.3423237289528
 272.6676189277657 557.9337606198454 -43.13633557854077 96.73949272820376 -884.8980829012178
 272.6676189277657 557.9337606198454 -43.13633557854077 96.73949272820376 -884.8980829012178
 272.6676189277657 557.9337606198454 -43.13633557854077 96.73949272820376 -884.8980829012178
 277.9557734499965 571.2635195772657 -61.74495690006738 82.08373398987754 -870.3339792274678
 277.9376870719785 571.2393076976056 -61.74880124401911 82.06411140571447 -870.3136012096568
 272.6676189277657 557.9337606198454 -43.13633557854077 96.73949272820376 -884.8980829012178
 277.9363753220916 571.283495211303 -61.76217488313412 82.08559063861236 -870.352544476804
 277.9376870719785 571.2393076976056 -61.74880124401911 82.06411140571447 -870.3136012096568
 272.6676189277657 557.9337606198454 -43.13633557854077 96.73949272820376 -884.8980829012178
 277.9373337635502 571.2820204387127 -61.75659887365725 82.09214827648857 -870.3495293845065
 277.9454793984905 571.2664502986557 -61.74939219782326 82.08259722808667 -870.3314972004326
 277.9446272042728 571.2672164752836 -61.75240230805502 82.0831743232329 -870.3361749066396
 275.1034941306718 559.2894061263092 -30.36252981372302 91.87918033238763 -895.9536919560534
 277.9513198267085 571.257842361475 -61.77200317596726 82.07068052081125 -870.3423237289528
 277.9513198267085 571.257842361475 -61.77200317596726 82.07068052081125 -870.3423237289528
 272.6676189277657 557.9337606198454 -43.13633557854077 96.73949272820376 -884.8980829012178
 277.9532531289781 571.2559663732592 -61.75053209989841 82.12327028932333 -870.3316688465657
 275.1034941306718 559.2894061263092 -30.36252981372302 91.87918033238763 -895.9536919560534
 272.6610634346985 557.9213252103447 -43.12487412635969 96.73373421614721 -884.9041772987473
 277.9373337635502 571.2820204387127 -61.75659887365725 82.09214827648857 -870.3495293845065
 277.9454793984905 571.2664502986557 -61.74939219782326 82.08259722808667 -870.3314972004326
 277.9513198267085 571.257842361475 -61.77200317596726 82.07068052081125 -870.3423237289528
 277.9513198267085 571.257842361475 -61.77200317596726 82.07068052081125 -870.3423237289528
 277.9454793984905 571.2664502986557 -61.74939219782326 82.08259722808667 -870.3314972004326
 277.9513198267085 571.257842361475 -61.77200317596726 82.07068052081125 -870.3423237289528
 277.9454793984905 571.2664502986557 -61.74939219782326 82.08259722808667 -870.3314972004326
 272.672277311069 557.9194055993105 -43.1216116722753 96.7444650246336 -884.9134854652342
 277.9363753220916 571.283495211303 -61.76217488313412 82.08559063861236 -870.352544476804
 275.298955362172 559.0875702575015 -29.99997161093873 91.96645245638553 -895.9939722306325
 277.9454793984905 571.2664502986557 -61.74939219782326 82.08259722808667 -870.3314972004326
 277.9513198267085 571.257842361475 -61.77200317596726 82.07068052081125 -870.3423237289528
 277.9454793984905 571.2664502986557 -61.74939219782326 82.08259722808667 -870.3314972004326
 277.9513198267085 571.257842361475 -61.77200317596726 82.07068052081125 -870.3423237289528
 272.6676189277657 557.9337606198454 -43.13633557854077 96.73949272820376 -884.8980829012178
 277.9454793984905 571.2664502986557 -61.74939219782326 82.08259722808667 -870.3314972004326
 277.9557734499965 571.2635195772657 -61.74495690006738 82.08373398987754 -870.3339792274678
 275.0990188692046 559.2896851634059 -30.36786064504292 91.87904156406235 -895.9518626670028
 277.9454793984905 571.2664502986557 -61.74939219782326 82.08259722808667 -870.3314972004326
 272.6656833747329 557.9368478117519 -43.13671199070056 96.74200974799727 -884.8948268149012
 277.9469899005746 571.266649602853 -61.74646987809502 82.08614635875229 -870.3301971557974
 277.952461590613 571.258316243147 -61.77207516520473 82.06928339644844 -870.3415451538051
 277.9369017565724 571.2623205155651 -61.75155534164189 82.09084066359131 -870.3303882093073
 277.9468423825774 571.2658535810108 -61.75299773817574 82.08347823629971 -870.3375415900696
