# Created by Octave 4.2.1, Mon Oct 09 17:19:29 2017 BRT <root@mosqueiro>
# name: pop
# type: matrix
# rows: 100
# columns: 5
 879.8174128213321 -248.0585968158037 -355.6423847990339 -1004.372144768413 736.0847960871461
 700.202071926257 -241.675683134943 -211.3281813172684 -1082.325141918107 855.1075212584375
 700.202071926257 -241.675683134943 -211.3281813172684 -1082.325141918107 855.1075212584375
 700.202071926257 -241.675683134943 -211.3281813172684 -1082.325141918107 855.1075212584375
 700.202071926257 -241.675683134943 -211.3281813172684 -1082.325141918107 855.1075212584375
 283.3680865641709 -1369.700024518018 999.5424892574897 749.6572731419394 1154.474562135368
 700.202071926257 -241.675683134943 -211.3281813172684 -1082.325141918107 855.1075212584375
 -198.0943891492274 -894.9439805674821 902.108189938448 -577.7942071206314 800.4796933347745
 -198.0943891492274 -894.9439805674821 902.108189938448 -577.7942071206314 800.4796933347745
 697.3223890653148 -71.09858548236434 -410.3598542960995 -1197.279928689235 1289.432756145973
 700.202071926257 -241.675683134943 -211.3281813172684 -1082.325141918107 855.1075212584375
 700.202071926257 -241.675683134943 -211.3281813172684 -1082.325141918107 855.1075212584375
 -198.0943891492274 -894.9439805674821 902.108189938448 -577.7942071206314 800.4796933347745
 388.3133690992963 -364.8999765618566 -60.62009127648258 -1399.124123762344 670.6317209121443
 -198.9267295260618 -966.5556685961432 1018.270926242098 -394.4154590825378 426.5991452749496
 -198.0943891492274 -894.9439805674821 902.108189938448 -577.7942071206314 800.4796933347745
 700.202071926257 -241.675683134943 -211.3281813172684 -1082.325141918107 855.1075212584375
 188.3602401536047 -490.0921414289169 680.437567435542 -1984.834488846127 135.7506705538644
 -198.0943891492274 -894.9439805674821 902.108189938448 -577.7942071206314 800.4796933347745
 700.202071926257 -241.675683134943 -211.3281813172684 -1082.325141918107 855.1075212584375
 -198.0943891492274 -894.9439805674821 902.108189938448 -577.7942071206314 800.4796933347745
 507.5173570475555 -158.5698781863044 -78.94933779917449 -1364.042726061351 1208.009417401195
 700.202071926257 -241.675683134943 -211.3281813172684 -1082.325141918107 855.1075212584375
 63.17207202697529 -801.5566828790289 845.6032553222182 -636.60952079319 434.3546677773894
 879.8174128213321 -248.0585968158037 -355.6423847990339 -1004.372144768413 736.0847960871461
 -198.0943891492274 -894.9439805674821 902.108189938448 -577.7942071206314 800.4796933347745
 700.202071926257 -241.675683134943 -211.3281813172684 -1082.325141918107 855.1075212584375
 700.202071926257 -241.675683134943 -211.3281813172684 -1082.325141918107 855.1075212584375
 -198.0943891492274 -894.9439805674821 902.108189938448 -577.7942071206314 800.4796933347745
 215.5847345509116 -579.9277654304641 1013.24059392258 -636.6046980216611 681.5762909890346
 63.17207202697529 -801.5566828790289 845.6032553222182 -636.60952079319 434.3546677773894
 700.202071926257 -241.675683134943 -211.3281813172684 -1082.325141918107 855.1075212584375
 63.17207202697529 -801.5566828790289 845.6032553222182 -636.60952079319 434.3546677773894
 63.17207202697529 -801.5566828790289 845.6032553222182 -636.60952079319 434.3546677773894
 700.202071926257 -241.675683134943 -211.3281813172684 -1082.325141918107 855.1075212584375
 63.17207202697529 -801.5566828790289 845.6032553222182 -636.60952079319 434.3546677773894
 700.202071926257 -241.675683134943 -211.3281813172684 -1082.325141918107 855.1075212584375
 700.202071926257 -241.675683134943 -211.3281813172684 -1082.325141918107 855.1075212584375
 700.202071926257 -241.675683134943 -211.3281813172684 -1082.325141918107 855.1075212584375
 63.17207202697529 -801.5566828790289 845.6032553222182 -636.60952079319 434.3546677773894
 -198.9267295260618 -966.5556685961432 1018.270926242098 -394.4154590825378 426.5991452749496
 63.17207202697529 -801.5566828790289 845.6032553222182 -636.60952079319 434.3546677773894
 63.17207202697529 -801.5566828790289 845.6032553222182 -636.60952079319 434.3546677773894
 507.5173570475555 -158.5698781863044 -78.94933779917449 -1364.042726061351 1208.009417401195
 -198.0943891492274 -894.9439805674821 902.108189938448 -577.7942071206314 800.4796933347745
 63.17207202697529 -801.5566828790289 845.6032553222182 -636.60952079319 434.3546677773894
 -648.5275537738448 116.3846561057298 -806.3752829324187 -1291.881589447226 633.9629157180258
 755.6991626392997 -455.9945027961525 -230.127530002048 -725.3760569116923 691.0554603900664
 444.481174382975 -463.0884307480928 -231.3962741712683 -1204.273636071254 914.994521803669
 879.8174128213321 -248.0585968158037 -355.6423847990339 -1004.372144768413 736.0847960871461
 700.202071926257 -241.675683134943 -211.3281813172684 -1082.325141918107 855.1075212584375
 396.776814505072 439.8493149526664 277.5661536720481 -1473.862774762507 -411.7448265559731
 535.2116722985675 -786.2638573722629 -287.1382021745575 -616.7317430719742 1018.214603700915
 -570.1925994406744 107.6797820130155 -716.3877864693613 -973.7141087718787 689.8980765850629
 24.11253330461508 -838.0114218765996 1197.367676111644 -863.7639456445261 1033.297648183835
 700.202071926257 -241.675683134943 -211.3281813172684 -1082.325141918107 855.1075212584375
 700.202071926257 -241.675683134943 -211.3281813172684 -1082.325141918107 855.1075212584375
 700.202071926257 -241.675683134943 -211.3281813172684 -1082.325141918107 855.1075212584375
 -895.5066280135483 -1398.665485522518 3083.592712675882 687.8577536971845 89.13528049163784
 -198.0943891492274 -894.9439805674821 902.108189938448 -577.7942071206314 800.4796933347745
 188.3602401536047 -490.0921414289169 680.437567435542 -1984.834488846127 135.7506705538644
 -198.0943891492274 -894.9439805674821 902.108189938448 -577.7942071206314 800.4796933347745
 879.8174128213321 -248.0585968158037 -355.6423847990339 -1004.372144768413 736.0847960871461
 879.4562882752527 -30.86040864873434 -170.346941222606 -926.201217155376 707.5382431506885
 700.202071926257 -241.675683134943 -211.3281813172684 -1082.325141918107 855.1075212584375
 879.8174128213321 -248.0585968158037 -355.6423847990339 -1004.372144768413 736.0847960871461
 700.202071926257 -241.675683134943 -211.3281813172684 -1082.325141918107 855.1075212584375
 -198.0943891492274 -894.9439805674821 902.108189938448 -577.7942071206314 800.4796933347745
 700.202071926257 -241.675683134943 -211.3281813172684 -1082.325141918107 855.1075212584375
 700.202071926257 -241.675683134943 -211.3281813172684 -1082.325141918107 855.1075212584375
 444.481174382975 -463.0884307480928 -231.3962741712683 -1204.273636071254 914.994521803669
 700.202071926257 -241.675683134943 -211.3281813172684 -1082.325141918107 855.1075212584375
 188.3602401536047 -490.0921414289169 680.437567435542 -1984.834488846127 135.7506705538644
 299.8749001063746 -2029.628515245312 -2248.517487180332 685.3874871038159 1355.217337495658
 590.3766529445446 -341.8108046842618 -139.6787358593693 -1494.60681208194 1082.859240106533
 700.202071926257 -241.675683134943 -211.3281813172684 -1082.325141918107 855.1075212584375
 -198.0943891492274 -894.9439805674821 902.108189938448 -577.7942071206314 800.4796933347745
 215.5847345509116 -579.9277654304641 1013.24059392258 -636.6046980216611 681.5762909890346
 700.202071926257 -241.675683134943 -211.3281813172684 -1082.325141918107 855.1075212584375
 63.17207202697529 -801.5566828790289 845.6032553222182 -636.60952079319 434.3546677773894
 886.6250580832725 -420.7479272355959 -190.257697740112 -1218.124990830879 892.6356060867988
 519.4728756767718 -155.2592947316223 -148.0349984023058 -1177.251877574481 962.9284581758027
 512.3250500716985 -205.2649287735936 -37.56600526529047 -1293.406626678902 730.3273601388396
 1044.424963790516 -350.0029491123877 -341.8319644307969 -1078.170654455419 621.1113110088705
 632.2401940978066 -256.8809808632147 -361.3435962965208 -1002.833874721978 831.6208892465634
