# Created by Octave 4.2.1, Mon Oct 09 17:18:43 2017 BRT <root@mosqueiro>
# name: w1
# type: matrix
# rows: 50
# columns: 12
 0.06859018666556538 0.08861671132223908 0.07774982103501435 -0.01761777124516334 -0.06828732032868562 0.06692430142798611 0.09115780014660291 0.05281332962642202 -0.004374835794820842 0.06439189054976643 -0.07366665478494788 0.06013593702489514
 0.02691629876765972 -0.08283038294073035 0.03534038868283029 0.04186762088887658 -0.08854759329137446 -0.03023987939781753 -0.02642618693429848 0.01792922247695521 -0.05123208012040183 0.07173212260673567 0.04373119428895952 -0.03376880102953771
 0.07496303594239928 -0.09470065120508614 -0.0434167811234567 -0.002047987943577398 0.07403986723053943 0.01708261325477529 0.05477109138592343 -0.09377392205402946 0.02668687104232861 -0.02178781851608097 0.05718329387171381 -0.04595714536078654
 -0.01838391174309049 0.02493049300318603 -0.05036754123803927 0.07248656671990358 -0.0380386311771879 0.06870212803655132 -0.0008313758298135743 -0.05697445083513156 0.0433255080492006 0.01373417209572955 0.07647167444137479 -0.09298499542117811
 -0.04483384658835241 0.0570530636590407 -0.020497069551314 -0.09950529555378841 -0.05223322185268086 -0.05343537172529957 -0.06178473203408622 0.08703043392477103 0.09815328574758275 0.07813103290752998 -0.01762500638575476 -0.02505164832002724
 -0.02198912360562186 0.04717385187127215 -0.03081109566237748 -0.005026027552545914 0.08864166804010859 -0.05681967406033005 0.05177361179480697 -0.04261344676318601 0.02701863362598642 -0.06009219193208072 0.08866648436677257 -0.04916020079999585
 0.04264407292746938 -0.09324808389108781 0.0904474959378363 0.0217988772192866 -0.03975560337396186 -0.08482233559095984 -0.03945772246469827 0.05508442629585786 -0.008859292877343897 -0.03139172137927017 0.01593394414553384 0.09655393479712823
 0.0014842608170752 -0.05020099684457074 0.02582400242131713 0.08820100806225956 -0.02353262711579646 0.0813931105136517 0.07327042461058372 0.0003671629942026966 0.08022971512658741 -0.05359733681710887 0.002935657433295338 0.05337335497272377
 0.005574578098191771 0.092108713045089 0.03984863036943498 0.04937641664990985 -0.07852841890478768 -0.06874138703272636 0.06315170260524192 -0.05116590548212382 0.01034516475787675 0.03178136943596918 0.03400896858423874 -0.0967041559796907
 0.06147383917468249 -0.01405617505235203 0.07392339124234423 -0.08182479241046658 0.005329699349791744 0.03770121894777106 0.05119787101788412 0.05333114657905388 -0.09198054550492019 -0.04638976708766049 0.06066326584784668 0.09117223760036006
 0.06930745922656004 -0.004937475689223286 -0.008640597304059222 0.09518342737652088 0.01528584802371269 0.06863460150512618 0.009987559993416134 0.02503483779025673 0.02930523514791655 0.09026157115945771 -0.09696205218718372 -0.03714410725911814
 0.08234710761184022 -0.02098434992316253 0.06718351714718854 0.09045368239604842 -0.01303508772521413 -0.0181788295406102 -0.09203792480597703 0.05998816018553199 0.04854543025700889 -0.07318985680155604 0.01874932518324776 0.0526636579049799
 0.03717505282661662 -0.00990718846438382 0.08234740502832719 0.08149772090670901 -0.006421835349702143 0.09040552171366309 -0.007229489684383722 0.07766913677735998 -0.02020709816143967 0.0523558247058781 -0.0743752201694364 -0.003556166620101914
 0.01444373192672291 -0.09300679350074137 -0.06946008706520465 -0.09533565576627891 -0.05539860434637357 0.05818395896283454 -0.0864676160539217 0.06555546316012387 0.03333280425734048 0.06644928353520971 -0.05223372265085483 0.004259274205472119
 -0.02898842083447532 0.07990242786348734 -0.05391081314232981 0.0256980903547547 -0.05246566164788818 0.06168183446614259 -0.001909067123714095 0.04189079563712841 -0.04526710179952446 0.08348853305926154 -0.03582886982849252 -0.0113778337966418
 -0.06869117063214231 0.07038210217381344 0.007518305973729641 0.07568316147662021 0.06330603084274972 -0.09263079907639513 0.009444525586161295 -0.004549377416023334 0.0410333401077328 -0.08794921286112094 0.002633595698031524 0.04095711901125823
 0.04053679827287301 -0.03221857063837669 0.04943910618942279 0.06008672742356408 -0.05576294580634453 -0.05759577818100342 0.009963031279496604 -0.01991746738625783 0.01316322017073468 -0.08228209344788333 -0.01713075912784758 -0.0400044046064194
 -0.08067725757387749 -0.04770864941048669 0.0589944229831206 0.08465230680912597 0.09498554643249643 -0.0915735722175635 0.01780567638719077 -0.07672838032040072 0.08401770350437235 0.04191643758059538 -0.003808988071574093 0.02550000792046742
 0.05599372769750177 -0.08652028792487167 0.03777496081994286 -0.03951580438583452 -0.06647373802705653 -0.05130167749576479 -0.008508088323429766 -0.01085941870611819 0.01187702178055487 0.07139811551461803 0.04025536312176142 -0.02201489141872806
 -0.0858527483624222 0.02292456370610821 -0.09469722903991075 0.08723161542937471 0.09225671266802971 -0.007009268115333062 0.01144023239006134 -0.006427726461646993 0.01499286046710313 0.0004763709431183649 0.09065170920619128 -0.07344001755943202
 -0.08762636609385781 0.032321048808342 -0.0262725618476647 0.06036846688567288 -0.0667716848078527 0.01177661497166813 0.06920408100361541 0.01354353764023412 -0.07817037001334882 -0.0692883536720288 -0.07151302976534935 -0.06438613911788529
 0.01183187348976138 0.01510949105947548 -0.09424888333594628 -0.03451223110915204 -0.04035035708029659 0.0779132083595617 -0.03658004304103978 0.05495060154871756 0.03793137716435668 0.04890845483705084 -0.0950432061794084 0.09100856165480578
 0.03874717919813231 -0.05745498220286075 -0.01846566693340543 -0.01730614053766354 0.007466151764355458 -0.09352215043423247 -0.04319620153382239 0.05329727583548813 -0.04746652665392398 0.01799464419490304 -0.09933655547010149 -0.08272945421022471
 0.02097273972386723 0.04168465496030174 -0.06163816948655986 0.07541573698249374 -0.06558739210675459 -0.06951048513692901 -0.07337818235064597 -0.07296300565500966 0.08661030575483794 -0.04377939807309447 -0.09557013387715312 0.09913303888615899
 -0.09974233056479206 -0.09804988640201177 -0.07297911517556978 0.04600642077106876 0.01332388263738264 -0.08002426001307339 0.0675808935496415 0.07918523636495001 -0.04415933561127249 -0.07020511529671747 0.01999929467747404 0.006495953765438947
 0.01057142936244718 -0.002486988481781055 -0.0725854200027701 -0.0541372691830642 -0.02012094704761774 0.02205455877014009 0.01425270173816177 0.02219746284949405 0.0948728665054856 0.06708414891411946 -0.06638832523694058 0.02868258249647967
 -0.05679775959117105 0.06762998972727105 -0.08033830144971112 0.07536333395100783 0.00198094195424503 -0.006469340386439149 -0.07663497531474894 0.04610880349996066 -0.05806277402917039 -0.04871650877456699 0.09364647658868022 0.01342993480545977
 0.02360110945649745 -0.04108529978127345 0.09030331543440132 -0.0496614816233345 -0.03144946128380334 -0.09566408773402679 -0.006857816158343563 0.05118050954253942 -0.01340695345206694 0.04415937791570473 0.04853545650197277 0.01272455776607255
 -0.01950367196565929 -0.01775030962113491 -0.07118848515017534 0.002989457906754603 0.03923232866548337 -0.0528082937437575 -0.02928662940442463 0.0517409299169698 -0.04051547655050606 0.05494577861471742 -0.06241274510564353 0.03421679287016999
 -0.09456237078383083 -0.006137772080177822 0.05324243271755433 -0.09713448818818578 0.06997086189779447 0.07121207584379627 -0.02682466637963409 0.03670789431424343 -0.03839305993056402 -0.04407410487943734 0.006135454480379512 0.06583186332281238
 -0.09965474794500828 -0.05685058765159962 -0.05561389414473143 0.08119993629401706 -0.01408359865844086 0.06448563133559909 -0.0245281739450469 0.02222765673348066 -0.06554445683116428 0.03873268467710167 0.04721050321628378 -0.0390585336385915
