# Created by Octave 4.2.1, Mon Oct 09 17:19:46 2017 BRT <root@mosqueiro>
# name: w1
# type: matrix
# rows: 50
# columns: 12
 -0.07320915193809352 -0.05302101581178168 -0.007532747143764257 0.05846835548978158 -0.07324557070779875 -0.07645937137206443 -0.09636120840515028 -0.06988247336555324 -0.02180031158921905 -0.0860559256873326 0.09972542738697088 0.003061691309340864
 -0.03788858806970757 -0.06494344113483043 0.002493473116341405 -0.005629998729364441 0.00804045406694312 -0.06269642630638705 -0.05215225579326898 0.06815317252648165 -0.07453838089018858 0.01020037386147568 -0.04596647245999338 -0.01686782004591704
 0.01367586421975123 -0.01979600631352864 -0.02921456163548473 -0.09105915414194284 0.05667141286544503 0.06151603629786551 -0.03160950668446709 0.01690658130352178 0.06726078614890688 0.02981032320366575 0.04451907951987152 -0.09388267674450029
 0.07134417020949088 -0.008430736407592079 -0.01995324033454307 0.004688735548336445 0.0894978525433639 0.02733731461632799 -0.03738807032051651 0.03816093377338967 0.02324080096140516 -0.07956233639367283 -0.08446707116083296 -0.04061120326119626
 -0.06121048315490873 0.01917944981098696 0.0908954991553311 -0.06859244360813101 -0.07682006821857403 0.05982701227348841 -0.03452699919393658 0.0219679554334576 -0.01137133296594696 -0.00684890579792917 0.08462704384846739 -0.09728221366882485
 0.0044296789734765 0.0227741611230704 -0.02910073558786173 0.02199090907889382 -0.06419468470257547 0.07045069984488014 0.01042209772863911 -0.02903095115128874 -0.01074772902281479 0.06297353208966922 0.06921655185175579 -0.08051851058175112
 -0.01967538794261157 -0.06234878811148956 0.0465777271886155 0.01857238241612422 -0.08965157101226892 -0.01446754812658377 -0.08617450329320531 0.06515250638799186 -0.06883141999377729 0.02567516729894812 -0.0428580775454776 -0.0750545520770214
 0.02744849219885878 0.08570596614130788 -0.02524283915927385 -0.02940470882105119 0.07427420339674159 -0.02034891688931038 -0.05967568602568462 0.09578487054746837 0.0894198429401766 0.03506569001413307 -0.06481854212662742 -0.05085523221893985
 -0.03202104808500414 0.09844668827850955 -0.03214339149542217 0.05737875312805416 0.0669118264330455 -0.08403092887567544 0.07057642498739639 0.08513426020856554 -0.02425194795098942 -0.040662693549498 -0.04766872029748773 -0.05765409043393947
 -0.07416972957010831 -0.01093125462673751 0.04918228189994805 0.0441867949929117 0.05830812845967795 -0.002647501271647354 -0.04633461746043294 0.04022055997730717 -0.079048434657424 -0.08658164699096757 -0.07469099754464642 0.02685394302045019
 0.0876897508828362 -0.06200884862815127 0.03314384153126748 -0.04422718885666869 0.07673453829278007 -0.06751392244820384 0.09697814440611557 -0.01918811877133536 0.09223805591184639 -0.0424600685045842 0.07233812506690113 -0.03488621807067872
 0.02941478954945778 0.06013923266775731 0.005502487109833407 0.09820331348276148 -0.002395466008801944 0.09142959351926991 0.06153276624404375 -0.02995231064867025 -0.09759596732203331 -0.05852073787408355 0.03410259778735497 -0.06925059380798715
 0.08547533871230889 -0.0751512280077891 -0.09673580005828415 0.05588860740285578 0.02008533918764759 -0.0472256300339711 0.02505114359866828 0.02999251145541065 -0.04109021343067668 -0.08167284281485981 -0.05668541081988866 0.01814952804783468
 -0.0602476591673956 0.04981889530556677 0.03134400742810659 -0.07515517652167186 -0.01898331639203234 -0.0664927487685941 0.01245222826613206 -0.01876349895935378 -0.09691489485692448 0.09941244167614066 -0.06101252645784553 -0.02850280281833999
 0.02923048268549489 0.05186554305634586 -0.08710815178188262 -0.05564876681655845 0.04365078992397786 -0.01872779866383158 -0.09332281050777798 -0.01406052105115339 -0.07444878738036093 0.001452423633087591 0.01712184465631879 -0.06001276304793101
 -0.01071591684884002 -0.09843896753881917 -0.08969187275994334 0.03767619226030922 0.04142793643182274 0.0924285716013302 0.05150359538720961 -0.02818483694777944 0.04126679636395661 -0.03107765814102298 0.05061191957426717 0.0375837790000064
 0.02144996877943561 0.07157809947818158 -0.08284196593338616 -0.04750824228082759 -0.006965415302161049 0.04709208716693983 -0.0829035462942736 0.05301514402114296 -0.09167401339268684 0.002991950611761635 0.002215080423271037 0.08274687916339168
 -0.03874383889479852 -0.07342486786894724 -0.06711600069139524 -0.001610380114876936 0.03944421087357186 0.02651601319810207 0.02855018783153471 -0.06376703080282066 0.06117239520950732 -0.05776807022384581 0.002357290138039245 -0.09452587453951712
 0.01245116897456733 -0.005275381946897459 -0.08022500613372957 -0.06559500589023051 -0.09518348169194447 -0.0623401155109402 -0.01333253601686951 0.06746181999948755 0.08506468663342623 -0.02662511728705325 0.01756273451840636 -0.08976890331874059
 -0.0857365615747049 0.03491772435162879 -0.09155777105843778 0.05271090173841825 -0.06867638588952454 -0.001024676341648587 -0.02756910430667309 -0.001318875633696828 0.04340200584480394 0.0465472230585906 -0.04653872289104969 0.04234890407617417
 0.01165756173546753 0.04469357620384973 -0.00609886318912832 0.002661610580984464 -0.03957301205918767 -0.02285470520493099 -0.02751557903212055 -0.05469207546856795 0.0446219286371379 -0.05173130150940574 -0.07467128842531358 -0.07672658081042917
 -0.0484529101888807 0.09860017703857565 0.05578432354993257 0.08660260397268363 0.09727118081381933 0.03456851079674744 -0.05490924528287743 0.04502415725094275 -0.05393529778661747 0.07979008053565459 -0.05942628506460362 0.07474967224444212
 0.05317038016712319 0.05144357541096159 0.009875056709407248 -0.04591527226623663 -0.08915713001155824 0.07146249344617381 -0.04354211072618953 -0.02927023389655076 0.03792890154615744 -0.02859717593287704 -0.06011456122150775 0.03431287819597456
 -0.08421382239456622 0.003479123611912341 0.0288604028290074 -0.0270483716326832 0.05214034309743712 -0.04547232433290608 -0.09134436285828004 0.08418031882812563 0.08062149587879616 -0.01786211870817142 0.07847163409838839 0.06009138798886945
 0.008019255891334037 0.03411009350984467 0.03451566240167037 -0.04931789088572813 -0.002188775869307089 0.0625009896493047 -0.03283410906355727 0.07739969786950782 0.07713210846765892 0.09361448299378325 -0.004934204653198618 -0.03307083520313429
 0.007008229667501545 -0.06331369174641574 0.02069639909340218 0.09844233502560781 -0.07548654693964463 0.08550923062319787 -0.05256312098822259 -0.02035613449095089 -0.0763142699455055 0.005011017910190124 -0.02096633486041324 -0.01808743442677666
 0.01164284832349734 0.09300347801307826 0.09767017420870905 -0.0486170882094874 0.08002009933096257 -0.06177601333317954 0.0425440503801498 -0.008416338148191996 0.03058163602006522 -0.02288963716535877 -0.002978735961379 -0.02482661812986037
 -0.09235653657158184 0.05002864641814572 -0.01194951403857028 0.08757412397569711 0.06654306270483107 0.02364542536497269 -0.04354276463822539 -0.01294246860188378 -0.01921698514239924 -0.03541040825029888 0.02460312327466374 -0.03193718567865549
 0.08370868826958319 -0.05893299420917336 -0.08919027942138921 0.09647849491325103 0.02845280922769983 -0.09255211878524409 -0.05421797364669624 0.09219853127618677 0.04401349108631253 0.09555516949752207 -0.0469796323943473 0.06047224325279668
 -0.009165561232524003 0.08746656922267015 -0.01597715480233236 -0.09235235075746344 -0.05490553202639553 0.08960891437392321 0.08998539178495266 -0.03063280767297404 -0.073381843456805 -0.0973118363401162 0.05927597699710435 -0.09009524991985796
 0.03816739911804881 0.061644990463641 0.05188792079013232 -0.06138324299733897 0.03411034608901567 0.02188134546531668 -0.01790871294235051 0.04711666790112568 0.0209972353598237 0.09189221152207638 0.08783722743836153 -0.05083544597252176
