# Created by Octave 4.2.1, Mon Oct 09 17:19:13 2017 BRT <root@mosqueiro>
# name: w1
# type: matrix
# rows: 50
# columns: 12
 -0.02834171681022947 -0.01772380018158683 -0.07148851486787371 0.05416646058455354 -0.06022782274777286 -0.02959517384029413 0.03371946591109781 0.02870428560670818 -0.06844205682257129 0.002411197512090818 0.09992019459633775 -0.05827651563645257
 0.09630786162903746 0.02703114880278953 0.01509882365024673 -0.09127879044861394 -0.09972642135244511 -0.09008255175807557 0.08087811507636858 0.008031750964203471 0.02259671371280658 0.02873370027687036 -0.05430309184142114 0.04929513223404128
 -0.01320739412721789 0.05818588052123641 -0.004191433815673454 0.09926084596347784 -0.09544468071884024 -0.06288287853276033 -0.004627445541873637 -0.09704803906816269 -0.09878409298645401 -0.07792800985901691 0.004824605290335043 0.0242719772578921
 -0.07007404440977118 -0.009042499821725031 -0.02884745086534507 -0.0844074593402222 0.08411384778059114 -0.08379403342870818 0.02302455805453341 0.01907477180842095 0.01958478534039947 -0.05444762281316545 0.07599445361378179 -0.04701432907528739
 -0.08866650552050072 -0.05066175757553947 -0.07567720606303886 0.08911689456104316 0.0202116705619674 -0.06624853428631122 0.03447403598447624 0.02946668028567695 0.04012356230359088 0.08668787581397328 0.07273916502025199 0.09574080778685043
 0.09281342846001878 0.05931558493266145 0.001234816265174896 -0.06015602491497186 0.0600395444276822 0.0388317178702477 -0.05099800140292782 0.008306273955947768 -0.09054205130380474 -0.08896671993248952 -0.01337337146879727 -0.09296695727170302
 -0.0394150920763085 0.06501901511798377 0.05682894539968344 -0.02580943928851659 0.07551466845890242 0.08255871537577966 -0.02436797494734946 -0.04425681048912583 -0.05474401524561198 0.02196314982503005 -0.02564601076780228 -0.001120512642662982
 -0.003388490287482504 0.02037832788820104 -0.07370183763733175 0.03406357933407034 -0.03201000592242126 -0.08028528115338768 -0.02682431601489775 0.01038242559705196 -0.03766551887454005 0.07252196011881346 -0.06315827639997115 0.05705029042912038
 -0.03998969374607983 0.008571015601778045 -0.05397467466693064 -0.02231947948658605 -0.09197616813603737 -0.03989870536000809 0.068451193227521 -0.03580627037978477 0.05442077338462231 0.06542886951616619 0.05913199735641464 0.003544702221789348
 0.0459547812005893 0.009855473182169061 -0.04962643372151493 -0.02318477099551036 -0.04381726747912832 -0.05952917185170738 -0.07503699740799143 -0.05161382354557736 0.03052577031830114 0.0168932210677184 -0.07397396557548308 -0.08077266414584132
 0.03748171453803079 -0.01833316042135261 -0.0338339580915949 -0.08953970649527387 -0.03412167620324173 0.006363084275526079 -0.08171091694553662 -0.0691927152569029 -0.01986175184452545 -0.08983750794607079 0.02060514230820105 -0.07008597961263198
 -0.09714430833576089 0.06002719948116275 -0.04747091463653183 -0.05128373068125017 -0.07187958588895765 0.004087951987595637 -0.02677729388006408 -0.08086688420502317 -0.07932556207092742 -0.05125629508383537 0.01195517980898278 0.02588516110952407
 0.08476633852900495 -0.04437293259539065 -0.07740865708742241 0.05969846322832953 -0.07568413803659454 0.07476941556656061 -0.0316775746748512 0.00658180451850407 0.04513024515386782 -0.0106645696373632 -0.07988528497406305 0.0446548067289973
 0.07307824847323885 -0.08308618465744097 0.02913276475534471 -0.0780505339353741 0.02879953457873888 -0.0989740696911288 0.09036355820038205 0.0844009590035065 0.07465281948225108 -0.03045907232801368 0.08203291054249637 0.05942055521444065
 -0.03096444595621518 0.09908239028587421 -0.07760876190774783 -0.0753161751020632 -0.005563751019001542 -0.02949263248904412 0.03569560520887313 -0.07600819037628985 -0.04125213778348872 0.01275748351649623 0.07474569456186697 -0.049469322292916
 0.005932179112391078 0.05060031422345226 0.05101675315901019 0.008887105528052747 -0.07996776398984655 0.02032570954764117 0.01479017076205331 0.04921358223532565 0.098896349272523 -0.05229846884229405 -0.06835708915353736 0.05329218450391185
 0.08847595925200311 -0.06319436628337169 0.06496951060122833 -0.03598630846146932 0.01482761134309722 -0.09186499822069473 0.05610700087601359 -0.01890910273233068 -0.02700781435597964 0.008002183191719678 -0.03238894763156257 -0.03776226742071603
 0.0127616942956303 -0.08913371995781869 -0.07135144356746409 0.01204636399832429 0.08154773405828583 -0.07129417059408698 0.01809824001403981 -0.03987854237177938 -0.01393003296915971 0.01971142317929953 0.07781590141889078 0.05890692013347057
 0.03616032958115087 -0.06415733066987031 0.03760227980888539 -0.058078125392308 0.0912619323891779 0.01785292697375929 -0.08668630866653015 0.02131374236768224 0.05302368399311258 0.03716374957532037 0.04408168233228368 -0.03081804252809765
 0.09193565521381242 -0.01221055306466121 -0.01177004466246537 0.08903080553384554 -0.07638555657177175 -0.05628511633853618 -0.0527955922265467 -0.0401884895007327 0.08357657080607175 0.006925893368409181 -0.09149899860459895 -0.05760649341610479
 -0.03465812164772074 -0.008345201924600143 0.05314888947152854 -0.07172307087104936 -0.02418456144903078 0.04322829016126964 0.0197745193777745 -0.05999069507154825 -0.09486040165637956 0.0299227183960368 0.04859311877781181 0.02015207714782623
 -0.09570598473560123 -0.04045339623630634 0.05011838924731199 0.0614415428967767 0.05475897249204995 0.08306422572741176 -0.06555598675275845 0.01025211494618461 -0.06462977608969953 0.01341172117318293 -0.003390071435627515 -0.05006098918406624
 0.02987835709045572 0.09711614872374633 0.01731720982726943 -0.01009385233826464 -0.09773827151253318 0.008244195052996534 -0.03682675051527357 -0.0135648163788341 0.07351776057469261 -0.01856648168586682 -0.09383843532391845 0.0009190614973058897
 0.01754163976857308 0.08976383131435955 -0.06498820993175361 0.01471206860422949 -0.07140084571357798 -0.03886586380653704 0.007262981711957633 0.08654442036207952 0.05351710762616654 -0.00319372177676594 -0.02842151192426243 -0.05737272527103426
 0.02652996499058155 -0.00292322327087137 -0.05495471981887029 -0.08454887599692311 0.0524393327398498 -0.04276868036048218 0.04169219811327368 -0.03023785835201474 -0.02940628508214695 0.07894046679589636 -0.06497937114890143 -0.01010832044256048
 0.02678308872382171 -0.07990418002339444 -0.08105818828662682 -0.07116932519975724 -0.08212840323150074 -0.01545589500465863 0.09349804348776031 -0.07326626844059664 0.05863160277498083 0.01217134511294467 -0.01084717598596913 0.01644964821702463
 -0.03011588942568652 -0.09288539351323784 0.05501460591212229 -0.03149832503587688 0.07018735005647439 0.01306688678567358 0.08085237206891902 -0.08514081617896971 -0.05537439603503044 -0.05715507802814185 -0.067114355140726 -0.04879029560398104
 0.05208731057589688 0.06375185016723148 0.06179840552359403 0.01785377518719507 -0.04461405268748356 0.07379319930437378 -0.092020117139251 -0.04773011825565238 -0.01372164883835844 -0.01768285053123972 0.007083268107776569 0.0006493891888305348
 0.02603313287099371 0.08962408316387371 -0.04998842786375385 -0.07732777744149866 -0.0433054405020832 -0.05093987234721379 -0.06417381160708881 0.02502423688400096 -0.03344120942300853 -0.01704924774399529 -0.07880638448730182 0.08345243383919795
 0.008016566832026367 0.01978131976064039 0.08574713385383234 -0.05770909083456296 0.04137587196988901 0.02083230275632128 -0.04198650141782793 -0.04503826104220846 0.03306954937767245 -0.04093193036609712 0.0956165327341609 0.03631753946511565
 0.01912742218842187 0.01442794428777397 0.08478513768305512 -0.09231079749080359 -0.03243238864944033 -0.03456367870499974 0.007758240580983913 0.01617691918842798 -0.08275435628830323 -0.05508243547251079 0.04437929639526655 -0.05593742537085905
