# Created by Octave 4.2.1, Mon Oct 09 17:19:13 2017 BRT <root@mosqueiro>
# name: w2
# type: matrix
# rows: 1
# columns: 51
 0.5817961547186981 -0.1225349751557817 0.3993393875162612 -0.2197614306456396 0.2077744423452786 -0.08960307663996789 -0.1650683281634557 0.01431606259123521 0.1580843085469202 -0.2265260854189777 0.1116181336796157 0.1734650993918896 -0.04574174234312334 0.0200846230280525 -0.002708255054794301 -0.2983833794939932 -0.04909696403310385 0.164326347031466 0.03723738887278322 -0.1736079869141434 0.4200835916578629 0.1936025070034586 -0.3265341528025781 -0.2036114364231651 -0.3905382823026952 -0.1418050521335184 -0.359851306588076 0.2877674969614262 -0.1793473319930358 0.181791759223935 0.3130346360594866 -0.4949090809453747 -0.09619164505789236 -0.6961584309250906 0.1414677697237557 -0.6291848748374129 0.3171939755823933 -0.1049704538499657 0.02877806152296372 0.1402781720240135 -0.2709278001980316 -0.3021961252590848 -0.2608303234227818 -0.1474601743136842 -0.1180261925936591 0.06111041181778767 -0.2650405915260239 -0.6136984368815704 -0.1223302066183611 -0.2221732413399589 0.5216828872423662


