# Created by Octave 4.2.1, Mon Oct 09 17:20:13 2017 BRT <root@mosqueiro>
# name: w2
# type: matrix
# rows: 1
# columns: 51
 -0.2763072868943381 -0.3201638862768089 0.3714800172807011 0.02120543270477648 0.1868228876554291 0.2095768026345212 -0.5358671265737809 -0.470729480395834 -0.273727529209341 0.1645533731966901 0.170353904927464 -0.2238229983671348 0.2114605852176719 0.2710826207851832 0.09690272584022433 -0.466650863626914 -0.03300971296221834 -0.007228137294093495 0.08501099466127994 0.07318294880207665 0.9064185532832091 -0.3013399141441979 -0.2105844581824492 0.1746071054371753 -0.2562312022781086 -0.1719044639789458 -0.4991839204860382 0.1690383555198703 -0.2462600149629331 0.1907439483259372 0.04241606250841275 0.006589626155953432 0.1983989181902858 0.4150499332557922 0.1247870263763178 -0.1329030056581336 -0.07832176210929054 0.02186434970980317 -0.02332286155678415 -0.01739269890859108 -0.1245442661979315 0.1122206157709131 -0.1913857671537758 -0.5872269007177948 0.03606390918219893 -0.1905806111080963 0.268338185220441 0.07666874130133541 -0.162314219912472 0.3923193165459725 0.2542161924940747


