# Created by Octave 4.2.1, Mon Oct 09 17:20:44 2017 BRT <root@mosqueiro>
# name: w2
# type: matrix
# rows: 1
# columns: 51
 -0.01432195851709757 0.3196229236795683 -0.09142284278951658 0.2773451491362064 -0.4305696156040418 -0.236062950698638 -0.005434344038753196 0.1122256350677868 0.3329399624015121 0.04693341459498973 0.2830506125659771 0.03195675922404504 0.01771827881098557 -0.05802061755368953 -0.02132573265579879 -0.1482351052370194 -0.0706377567301988 0.1924791114947671 0.06918049522792424 -0.1768025610446084 -0.1810369250796221 -0.02256478357820617 -0.1250767848796534 0.2070983902913955 0.02065905056859256 0.02606208950823648 -0.02498508337904657 0.05596219488269853 0.07781714959822372 -0.2814348056933761 -0.08189874603550652 -0.0003227478363496414 -0.1650623801082809 0.1064576242441465 0.05100467444847761 0.1993442366087039 0.1361604790678308 0.1917830971665017 0.01970670393251153 0.2915255167778113 0.05679901324633616 0.04864132832231641 -0.1199077774403931 -0.004741341025407594 -0.120894490749887 0.1679793873025703 -0.1904689736003185 -0.2674862469931896 -0.1982397152675198 -0.1177297437240746 0.4241667505519984


