# Created by Octave 4.2.1, Mon Oct 09 10:13:22 2017 BRT <root@mosqueiro>
# name: pop
# type: matrix
# rows: 200
# columns: 10
 59074.29514658445 53901.4629719982 1406.4249203457 -63170.60029444527 -59897.22354975237 1158.932984144893 -98842.17674845431 96372.52345199595 35362.09234733231 -24816.3853041664
 59074.29514658445 53901.4629719982 1406.4249203457 -63170.60029444527 -59897.22354975237 1158.932984144893 -98842.17674845431 96372.52345199595 35362.09234733231 -24816.3853041664
 53055.206691111 -88360.2595700317 86429.53096467801 -28453.85652137485 -84012.39993213103 -60744.06961091291 65323.27129109844 9599.069946083066 46357.42224110052 5392.337546241557
 7948.176581581603 24199.93845205441 47550.61974058309 -99395.68472169878 -45455.41716340971 -83975.71024903591 38175.39954647806 8802.239351236189 77988.2856474657 79095.06833953224
 59074.29514658445 53901.4629719982 1406.4249203457 -63170.60029444527 -59897.22354975237 1158.932984144893 -98842.17674845431 96372.52345199595 35362.09234733231 -24816.3853041664
 59074.29514658445 53901.4629719982 1406.4249203457 -63170.60029444527 -59897.22354975237 1158.932984144893 -98842.17674845431 96372.52345199595 35362.09234733231 -24816.3853041664
 59074.29514658445 53901.4629719982 1406.4249203457 -63170.60029444527 -59897.22354975237 1158.932984144893 -98842.17674845431 96372.52345199595 35362.09234733231 -24816.3853041664
 47701.01905344504 30324.5249493772 -48317.15451526151 61533.73171962178 -137905.9848437094 -110318.798050406 -92827.65949024388 77771.73958473692 82570.66804106368 46684.55487698232
 59074.29514658445 53901.4629719982 1406.4249203457 -63170.60029444527 -59897.22354975237 1158.932984144893 -98842.17674845431 96372.52345199595 35362.09234733231 -24816.3853041664
 49399.70323592612 182663.0734838535 111100.5597017017 113588.1749993522 -206432.8898972054 28621.37931066913 -291937.4764278514 17221.1452901141 -146159.2731738354 -304752.4714054634
 -62027.44210435686 18793.74904132649 15428.72233409488 80100.20057968856 30808.25444967115 -14852.58233123229 21572.08420999556 56499.39635846476 -91776.39117347467 -50982.87126653732
 59074.29514658445 53901.4629719982 1406.4249203457 -63170.60029444527 -59897.22354975237 1158.932984144893 -98842.17674845431 96372.52345199595 35362.09234733231 -24816.3853041664
 59074.29514658445 53901.4629719982 1406.4249203457 -63170.60029444527 -59897.22354975237 1158.932984144893 -98842.17674845431 96372.52345199595 35362.09234733231 -24816.3853041664
 117737.7137317908 -89711.77086369306 26075.53780908325 -66973.65478098473 -89614.16690644488 -41440.47634436394 -133994.4846275907 90122.93899791499 152629.7593898799 27063.78402616373
 53055.206691111 -88360.2595700317 86429.53096467801 -28453.85652137485 -84012.39993213103 -60744.06961091291 65323.27129109844 9599.069946083066 46357.42224110052 5392.337546241557
 59074.29514658445 53901.4629719982 1406.4249203457 -63170.60029444527 -59897.22354975237 1158.932984144893 -98842.17674845431 96372.52345199595 35362.09234733231 -24816.3853041664
 59074.29514658445 53901.4629719982 1406.4249203457 -63170.60029444527 -59897.22354975237 1158.932984144893 -98842.17674845431 96372.52345199595 35362.09234733231 -24816.3853041664
 -136819.7744213108 38754.45984918375 15818.64860669198 86219.69293870842 188709.3518132981 327266.0765369288 66763.204042863 -247633.9024123596 -131489.0745334698 -193374.3408339105
 59074.29514658445 53901.4629719982 1406.4249203457 -63170.60029444527 -59897.22354975237 1158.932984144893 -98842.17674845431 96372.52345199595 35362.09234733231 -24816.3853041664
 37431.43476181786 -64099.77824718678 124768.5962176814 -117827.5244046815 -59322.03917002783 -247162.7306036964 46074.35856108602 11670.83428477797 52349.59429021931 44589.0285666013
 59074.29514658445 53901.4629719982 1406.4249203457 -63170.60029444527 -59897.22354975237 1158.932984144893 -98842.17674845431 96372.52345199595 35362.09234733231 -24816.3853041664
 59074.29514658445 53901.4629719982 1406.4249203457 -63170.60029444527 -59897.22354975237 1158.932984144893 -98842.17674845431 96372.52345199595 35362.09234733231 -24816.3853041664
 59074.29514658445 53901.4629719982 1406.4249203457 -63170.60029444527 -59897.22354975237 1158.932984144893 -98842.17674845431 96372.52345199595 35362.09234733231 -24816.3853041664
 59074.29514658445 53901.4629719982 1406.4249203457 -63170.60029444527 -59897.22354975237 1158.932984144893 -98842.17674845431 96372.52345199595 35362.09234733231 -24816.3853041664
 -194960.7832055056 -124708.577703707 -49296.87834443929 -127955.3839801759 -73916.07442053693 -66237.18299838559 -32955.18379035013 52085.46813927054 56940.56560193804 -22805.95747327556
 215520.2442919255 36688.20954965964 32377.36749069133 -192713.7663591941 -124015.1764282275 46296.22439669279 112995.9144842763 160428.492926621 78987.73326255602 63276.43418592613
 59074.29514658445 53901.4629719982 1406.4249203457 -63170.60029444527 -59897.22354975237 1158.932984144893 -98842.17674845431 96372.52345199595 35362.09234733231 -24816.3853041664
 -62027.44210435686 18793.74904132649 15428.72233409488 80100.20057968856 30808.25444967115 -14852.58233123229 21572.08420999556 56499.39635846476 -91776.39117347467 -50982.87126653732
 41561.553617768 -48413.7690352113 186079.495919034 3547.681339933755 18160.95757149247 181088.9923476765 -163163.2831207468 89563.38949076328 119385.4166907283 352845.9166897315
 59074.29514658445 53901.4629719982 1406.4249203457 -63170.60029444527 -59897.22354975237 1158.932984144893 -98842.17674845431 96372.52345199595 35362.09234733231 -24816.3853041664
 59074.29514658445 53901.4629719982 1406.4249203457 -63170.60029444527 -59897.22354975237 1158.932984144893 -98842.17674845431 96372.52345199595 35362.09234733231 -24816.3853041664
 53055.206691111 -88360.2595700317 86429.53096467801 -28453.85652137485 -84012.39993213103 -60744.06961091291 65323.27129109844 9599.069946083066 46357.42224110052 5392.337546241557
 -62027.44210435686 18793.74904132649 15428.72233409488 80100.20057968856 30808.25444967115 -14852.58233123229 21572.08420999556 56499.39635846476 -91776.39117347467 -50982.87126653732
 59074.29514658445 53901.4629719982 1406.4249203457 -63170.60029444527 -59897.22354975237 1158.932984144893 -98842.17674845431 96372.52345199595 35362.09234733231 -24816.3853041664
 -4264.028895776253 -73061.06124027936 -23846.99089027591 -19132.00844295463 17047.01395062883 -5122.340946830343 75714.38688466835 92100.04149952834 37514.40647857887 -86107.75651193445
 59074.29514658445 53901.4629719982 1406.4249203457 -63170.60029444527 -59897.22354975237 1158.932984144893 -98842.17674845431 96372.52345199595 35362.09234733231 -24816.3853041664
 47701.01905344504 30324.5249493772 -48317.15451526151 61533.73171962178 -137905.9848437094 -110318.798050406 -92827.65949024388 77771.73958473692 82570.66804106368 46684.55487698232
 59074.29514658445 53901.4629719982 1406.4249203457 -63170.60029444527 -59897.22354975237 1158.932984144893 -98842.17674845431 96372.52345199595 35362.09234733231 -24816.3853041664
 49399.70323592612 182663.0734838535 111100.5597017017 113588.1749993522 -206432.8898972054 28621.37931066913 -291937.4764278514 17221.1452901141 -146159.2731738354 -304752.4714054634
 -62027.44210435686 18793.74904132649 15428.72233409488 80100.20057968856 30808.25444967115 -14852.58233123229 21572.08420999556 56499.39635846476 -91776.39117347467 -50982.87126653732
 59074.29514658445 53901.4629719982 1406.4249203457 -63170.60029444527 -59897.22354975237 1158.932984144893 -98842.17674845431 96372.52345199595 35362.09234733231 -24816.3853041664
 59074.29514658445 53901.4629719982 1406.4249203457 -63170.60029444527 -59897.22354975237 1158.932984144893 -98842.17674845431 96372.52345199595 35362.09234733231 -24816.3853041664
 -68891.67475001459 29098.81257573651 65672.50913536341 10970.70215906746 -119399.8308484623 105559.2225611568 26955.48610959898 -280531.6129209588 265114.064373409 136844.8718110413
