# Created by Octave 4.2.1, Mon Oct 09 10:05:47 2017 BRT <root@mosqueiro>
# name: w1
# type: matrix
# rows: 200
# columns: 12
 -0.09839332176955611 -0.004471317561783192 0.03535670784093953 -0.04795400362766408 0.09545334570703734 0.0338164987783886 0.03897240678675329 -0.03710128633207822 -0.03796080590824946 -0.01918314268410469 0.02273762158670641 0.04403478369736405
 -0.04139123986935184 -0.09122998375582904 -0.07494823093912155 0.02397439217021338 0.02578808133952937 0.07262289186115353 -0.02533882732572484 -0.08000409731950198 -0.0181138085208962 -0.09081411295351428 -0.0572361403627302 0.08726570641081341
 -0.09071174402223096 0.05603420452869209 -0.07118257989548032 -0.04346397710762925 0.02464630032433324 -0.09979530968814232 0.03567951052531859 0.08172388809290546 0.07685070772964417 0.08716205522120943 -0.05503923080540288 -0.04955714053454047
 -0.09061198358227107 0.0465842177727884 -0.09777166918095222 -0.02013222338386675 -0.01684504038237954 -0.07200978738179026 0.04929998356994117 0.09177916462289301 0.04701944397499366 -0.008488743766577794 -0.01147794566447899 -0.08375808933827601
 0.05412257186504196 0.05447619301993364 -0.06688381366256754 -0.003019980987500018 0.0265560860429172 0.08924765336198123 0.0879339680330514 -0.05591412649592588 0.06821128513324562 -0.03046685077331036 -0.04608835601408109 -0.0513478739245853
 -0.04380491418017242 -0.08747192390576072 0.08422755120469497 0.07201282197547706 0.09876385758380288 0.07113218859500545 0.01251635814276605 0.04272619606865929 0.01290075473214385 -0.04309761728066765 -0.07569782640257595 0.006510220838842673
 -0.04261148473487419 0.09970876372342577 -0.02587151244984737 0.06468086946511975 0.05747607028599006 0.02868553335936158 -0.03218511319147407 -0.05127046011130493 -0.05762012249804464 -0.06889741392260533 0.0816597490288454 0.06779759990019726
 0.01301421234704345 0.007988630622594473 -0.08177785659825315 -0.09337118449485805 -0.07308816983067569 0.07916667756551576 -0.07497098704194202 0.06412551922842355 0.04552763185822067 -0.07407698706638947 -0.09037627595977342 -0.08267242978516273
 0.08785664103249644 -0.07287067545764275 -0.0988742659912546 -0.009534677792242402 -0.08209257557178778 0.002400858763537642 0.04536315489918119 0.06557773050078283 0.06444733326218499 0.02323919133741929 -0.02400049254638056 0.06997759606757764
 -0.0971581449875315 -0.05589603720925859 0.09842695125701392 -0.09226893180538127 -0.07284726069592863 0.0141117722529199 -0.03014264014094641 0.09121100896473064 0.07019641142620131 -0.02096524145680866 -0.03493256509387849 -0.003059088230070603
 -0.008643390562614567 0.04342235661373822 -0.05415568583459437 -0.0685265906294972 0.08976569106596943 0.008844786584790459 -0.07803690194909445 0.09878240888462445 0.0581546741946721 0.03603435021684245 -0.07107543257121186 0.0003124609522299621
 0.006814134089415003 -0.06106728961035172 -0.09771272104697455 -0.04000263764074524 -0.004585285422825422 -0.03796926077481212 0.01163821346337597 0.001857764153553348 -0.04594674220876552 -0.03056433356979395 0.09235689828401161 -0.06637085943149423
 0.06472826513229721 -0.09676582462570966 -0.0307380286257357 -0.002162533342926723 -0.08398881199193954 -0.04778363388376327 0.09713858771297668 -0.001612831416875127 0.0781413534451452 0.05647385725162032 -0.06014544584825691 0.06132767251672427
 -0.0005884928418069396 0.001585312896601646 0.09966776191740961 0.08942440909173713 0.02097568967574029 0.09307594517793841 0.002008124243572024 -0.09168082949729781 -0.0199995026296015 -0.009546332399469656 -0.007897475129863482 -0.07153601397285519
 -0.05654457395783773 -0.03230579266617326 -0.07023364275234931 -0.01979783231429469 0.01149645354841369 0.03522948282509017 0.02839268116833943 -0.004933303783722559 0.04366351984518962 0.02289813427225629 -0.066340612497525 -0.03737693171966074
 -0.07447239755509955 0.0364478048084636 0.02104957231484879 0.03242756086649984 0.07171597809923744 0.0775679854155201 0.01444109875463358 -0.02166642799458099 0.00442867625615051 -0.09726046372928662 0.0338036838311184 0.04302693517938852
 0.04741847964813101 0.01395028605682655 0.01518722484828558 -0.08677124643496165 -0.0685754861748463 0.07430941792257237 0.0625551320280886 -0.04551901931232864 -0.07394708552004237 0.04134122704102247 -0.03410260338585079 0.01651647997899966
 -0.09745834259959085 0.002593769972048715 -0.092100852853607 0.009786109216072855 0.08576970211771998 0.06701784573724109 -0.06042619320336332 0.09399191868384749 0.05004259416136628 0.02765131028438561 0.07824789159320319 -0.07008717686794938
 0.06826650358472103 0.08910990372059913 0.0343427784548177 0.05231416587857665 -0.08569297855654369 0.01715254129596071 -0.04663577812768626 0.04259263431520838 0.02541203239131101 -0.01405794394951826 -0.008677647695138152 0.002560480763657363
 -0.007113257493858396 0.06306392230390895 -0.07929871300067907 -0.04480248732208134 -0.08467139577507347 0.02646387152395999 -0.002660736631168809 -0.003370262556035244 -0.03726438106161113 -0.04290767245846764 -0.04698262889878285 -0.01181110507837277
 -0.09113448442562623 -0.0517663533698706 -0.08880369413288604 -0.09167381527058611 -0.08600629721891812 -0.06612636161316345 -0.09582743802022449 -0.06047515752636558 0.08281374020613722 0.08119776661736058 -0.09295402237210371 0.00876370768541461
 0.08963855627471506 0.06624089697310059 -0.003078015245045557 -0.03306426031313141 -0.01383065064248355 -0.08882977690855799 0.0834024429455511 -0.0708306457409086 0.06545216780814989 0.02628223111388767 0.07136995408281302 -0.028829042944563
 -0.01122502860046884 0.02220175506251618 -0.0429281467706241 -0.04178663009623539 0.03369200985417867 0.0004534021993072707 -0.01513894926227183 -0.005070455000892191 0.07263178438914539 0.03630304756562755 0.0776337915721334 -0.0009363409160597358
 -0.08432745305515096 0.02551585572155601 -0.04342830400996959 0.0997387794856717 -0.01562334229785609 -0.001513957273959948 -0.06102865220664825 0.04686547811763592 -0.06512487802698985 0.06568912294629978 -0.08419610603053812 -0.07089236788314079
 -0.05880947716646167 0.05557376465034047 -0.02981978305189135 -0.08235882587487865 0.07961389915811692 -0.09732547031182341 0.01172645722439565 -0.04147679812385542 0.05404777118315673 -0.04178825727171211 0.01270388108856964 -0.06231100641639641
 -0.01671975379495946 0.002081032074123607 0.0247961209121311 -0.09123650466231349 0.04577577495450474 -0.08924764146422789 0.07254938046595233 -0.0936607159631504 -0.009369036570654271 -0.06117925096061853 -0.03981635588297895 -0.006690202096473669
 -0.001708735067131664 0.04430241463110768 0.02261969280839871 0.03846948404691844 -0.06229463715001188 0.09980329339916585 -0.0007929148750364656 -0.02523726930505187 -0.09393834632110107 0.06677167936002201 0.03731193867798152 -0.01054642466617725
 0.003218509245865503 0.0779465490892054 -0.02526394463991112 -0.09070542356241218 0.05087189311668758 -0.01711220560741121 0.02027500220937802 0.03805092498761037 0.06646554036758309 0.02077842453998766 0.06311797881308095 0.01801136699671957
 -0.08604020798355105 0.006415359155828623 -0.0114318833050733 0.05338994616123555 0.06666484407934589 -0.0661125663303911 0.08889094690910179 -0.0395475809069045 0.06053031611269602 -0.0826058081198224 0.08261367884594886 0.07494011365781672
 0.08143328078081616 0.02682670661103548 0.01795318515036146 0.07540145295998177 0.02537841487263309 0.009495095921226132 0.0442192127344456 -0.04798128508355021 -0.00467195939355515 -0.08568058396085469 0.04721437778705787 0.056400579392998
 0.09442650930970239 0.03963975620270171 -0.08468339445019785 0.002031268005604575 0.09264320800186385 0.02734539599009284 -0.07927846588826948 0.03577610126491823 0.03969002649886 0.02797088404707002 0.0715438651941025 0.05627600086748294
