# Created by Octave 4.2.1, Mon Oct 09 10:07:48 2017 BRT <root@mosqueiro>
# name: w1
# type: matrix
# rows: 200
# columns: 12
 -0.05150224627263501 -0.07873747394684816 0.07700989333506333 0.07958023401130257 -0.04832562715561729 -0.0625046754389002 -0.0699860583047172 -0.01715084596466684 0.01653716501219486 -0.06658761294586257 -0.0752216425154615 -0.09999999341318326
 -0.02254518777078993 -0.02177280517089167 -0.02369824471700618 -0.01232405035168241 -0.09173269970994109 -0.04101666125673874 0.04500785512261768 -0.008253598507721546 0.08483098509056036 -0.0604131368728108 -0.04915329998816857 0.05617453040981016
 -0.04678065651807611 -0.07066820409070637 -0.005934215697818185 -0.0809809434689491 -0.005203148323062928 0.0007110527920147353 0.08911883949218122 -0.0301930367611733 -0.04869643189599943 0.008841788274374984 -0.06397513320015549 -0.05847906508471021
 -0.01746000774569081 -0.05094461478293299 -0.02978349979456527 0.005896305629020632 0.09115760863778782 0.04601597866797447 0.09090236052835052 0.0538931967327041 -0.08040079553594996 -0.01550127168836107 -0.06876515430982805 -0.04089119446594457
 -0.01469068253210003 0.09047891869296029 0.05701382597779575 0.0268849154307155 0.008226571558266865 -0.005959996002180501 -0.09882575231540384 0.01401576661117847 -0.03148473656740662 -0.00314332796598514 -0.0803773572357878 0.01631757842599013
 0.05235096852203608 -0.09029986418130224 -0.06619495447647841 0.07154608330204185 -0.01694400622408834 -0.08923902502285125 0.02525658147570195 -0.05050278039315849 0.0005401606510969659 0.06166592391891029 0.05471625127880531 -0.09599079595555131
 -0.03407575042208492 0.05219070800974313 0.07978658184576984 -0.03467915976945989 0.03655701500050534 0.03336856226821291 0.09177506081170791 0.08377648753177661 0.02493956042229069 0.06826546757491234 0.08225943193545282 0.0494139389328197
 -0.03297245682532854 -0.005451593833655996 0.07634790799508387 -0.03779071561316171 -0.08297644718826319 0.01216847373148362 0.006971674713196305 0.05691991057215645 0.08898398339008992 0.07779948174320014 -0.09122266862374646 0.09755345698294646
 0.04084156669611666 0.04384083851576187 -0.0003754821097716604 -0.03796202134338417 0.0432132292768734 -0.08361132541505109 -0.08994860229677282 -0.09538799470126215 -0.0410547121557843 -0.0004521935319983378 -0.0867583872414877 0.01559689500754875
 0.04563753191445766 0.06742846509228134 -0.07205909942658811 -0.0553352461672383 0.04514924556444949 -0.02133387761692752 0.003769473467610987 0.07849070059594118 0.03714873401472371 -0.01077149665308387 0.0003608989295407206 0.06569922905279565
 -0.07916967495572018 0.02038417271863631 -0.07838313062558866 0.002654283551002029 -0.009511167714089969 0.06950128805711339 -0.09046484996224559 0.03287710170412103 0.09843861524640671 0.09550624276133871 0.06537169391285733 -0.01935885070894906
 -0.04733019148872086 -0.08187781434211354 0.01688202952171522 0.007541039915915926 -0.04142367255347634 -0.03232956657428764 -0.01892402936436657 0.003587333112882979 -0.03760379392955681 0.04345367155853092 -0.06360386071974669 -0.02275919330451757
 -0.06782168491065976 -0.08595981794180527 0.09312208654740087 0.07556544471784118 -0.04355251054789894 -0.08847779251191383 -0.06263199141890968 0.04522590730815221 0.06227904572668644 -0.06792958838379506 0.09854082557774554 0.05428670659952958
 0.06791051236091369 -0.04051606807394272 -0.01208425234279085 0.005185593082598167 -0.006645852802815946 0.04411718398807321 0.03193261151345841 -0.01382858441821339 0.06814485146139312 -0.01520859592676437 0.007927685713106009 -0.01059810796095648
 0.03013736491186819 -0.02081546994629174 0.09768773975027217 0.09789751543669967 -0.0304741280346658 0.03418891241696689 0.05071877239065442 -0.02387128552151735 -0.02051270449593781 -0.07095074946299641 -0.03211558487168417 0.04726763387769373
 0.04185908131489069 -0.02211537361033014 0.09793621392283006 -0.005131400473702336 -0.08233545872954652 -0.01237950020922921 -0.05464532948762603 -0.04392665978332279 0.03054913863318595 0.008395630472093615 0.0753694722703431 0.08365658822922464
 -0.08837335340619802 -0.05960573876319401 0.01353202957067043 0.01026613357830157 -0.02842492600359164 0.04776152371141537 0.08707501454490385 -0.007125257550931657 -0.03934070061767003 0.08060091780888007 -0.08260506543604593 -0.06136074030315034
 0.003837642488564358 -0.04536982144878693 -0.02268900099565072 0.08064318739787546 0.08907778235864733 0.0627118359922631 0.09237706908254165 -0.02265130853790182 0.02889335566553991 -0.0703334345693872 0.06590616855985451 0.08205882287620755
 -0.02638253723001115 -0.003814720955459414 0.02768843772881158 -0.09606229664008092 0.008072187156004579 0.05946419784142803 0.02704764741128821 0.0513763215585635 0.01128938670468313 -0.08154976228867039 -0.06830188006216517 0.0868380915177985
 0.03041503518422922 -0.05163384037842308 -0.007252656356515425 0.06170897697386246 -0.05534200591566173 -0.01856199206792696 -0.09635556482295586 0.08941649714787775 0.05421597988728025 0.05924146653383611 -0.09376310505173414 0.08919146633707112
 -0.01686442314816096 -0.08446345894912682 -0.04640105308496628 -0.06587792204958101 -0.0260890546152021 0.0691496708436978 -0.00447324729743194 0.03793071199801154 -0.02145522647918499 -0.04793385880629392 0.02867841152759293 0.05016015788049655
 0.03201119246492418 0.08575737086812563 0.07486727915800126 -0.0744119754532039 0.0261930848938034 0.05872703373239935 0.09191971259544113 0.09193726562224255 -0.0444857931550844 0.09298654983248633 0.04068196043430392 -0.07429065585811043
 -0.07588900443428559 0.08379117430569016 -0.05417591367262672 0.0226702523585488 0.08134305132588524 0.01196756936546475 -0.03371518074758603 0.01947846901916858 0.07353487523506588 0.05998705397001772 -0.09501654054402606 0.09812591366172133
 0.05819394532720856 0.09522359488477009 0.004959389886947135 0.01299398958695266 -0.003089795577193591 0.0180656041327828 0.09803326904420859 -0.007557739203836789 0.00526727552389003 -0.08935481341224857 -0.02161436193774596 -0.09598154077376612
 0.03988594466901191 -0.08222831795754679 -0.04118510153676319 -0.06330109892657032 0.02706773266056056 0.07639362224955648 -0.0298888229382511 0.09991050913618926 0.06203456689874615 0.05096425903806334 0.09493846213268228 -0.09424580221842666
 -0.02732650604165075 0.07303813462420072 0.05276651913997102 -0.04886065836759573 0.00521692566551904 0.03605123137313651 -0.05835229702168418 0.05164755684346375 0.004746161379800357 -0.002016212356896432 0.02268400415744613 -0.04577998371547159
 0.036651529055099 0.01239806592258832 -0.02954559395709286 -0.09541082270949028 0.05368389089443276 -0.02626303701245906 -0.08809753399862658 -0.05489757790484368 -0.04852293390997969 0.002768991187635447 0.04160146009123572 0.0212485090390033
 0.04711554219659647 0.00600538111672437 0.0724984970734186 0.01573367380534044 -0.0148538291477731 0.06562813934258313 -0.03971861144853019 -0.04931395703879559 -0.01358331775853015 -0.09989486414615646 -0.09765711472204038 -0.06063277734597764
 -0.01015158210534804 -0.04811274700614087 0.02388329264314801 0.02186401325933662 0.05377196708092008 -0.06010042207610757 0.09443302180861246 0.05813559702661414 -0.02124567208322642 0.06539661726130075 0.08588377998383415 0.05016682612578086
 0.07269731420520156 0.09901409419704685 -0.06527583872743623 -0.09736721886982959 0.06098987263887129 0.07867094648757408 -0.02378432808520206 0.01699749206265126 0.03293816102768723 0.0594793466355879 0.07133756973289951 -0.01582069012047277
 -0.01692122856538382 0.04419029671403663 -0.06465069508031313 0.0577584844576422 0.05279995056259976 0.05291876953477564 -0.05397795191299898 -0.09274191134505787 0.08322567526612537 0.0805860270337295 -0.08814649355969595 0.07486554791941422
