# Created by Octave 4.2.1, Mon Oct 09 10:12:17 2017 BRT <root@mosqueiro>
# name: w1
# type: matrix
# rows: 200
# columns: 12
 -0.04289057939493418 0.05401398091599249 0.05349635324818766 0.005849783800241232 -0.0006263019303068273 0.003255523993470885 0.09924680648352763 -0.07141388020611822 -0.07609676586826798 0.09539012676988817 0.02166108608539244 -0.0581501658356233
 -0.09773897353321266 -0.09247873874473174 0.08133736219366314 -0.004813418427391108 -0.09968483887005146 0.08866075312501029 0.06383532053294774 -0.03299546977713365 -0.09427063026241089 0.09447432432252831 -0.03580046290738889 0.04159787264003834
 0.0620332394459413 0.02481864148310715 0.05442924700111446 -0.06969898279698107 0.04571959732703629 0.0981613651882679 -0.04738086914771253 -0.04747021109629063 -0.03615544233777938 0.03032171725356619 -0.09614533050486614 -0.02247597146500822
 -0.06814811952708338 -0.0004162802924490561 -0.05231438920362602 -0.0004774725853240597 0.09141213749070329 -0.06307652151678124 -0.08137949735373967 -0.03650491249675274 -0.01122278166605178 0.07029842818114174 0.02371271772179633 -0.009735881252243103
 -0.07229814483518961 0.008443168087300029 0.04759629265719298 -0.00722507833345308 -0.09445656479251145 0.09827135391335245 -0.03157977739254755 0.08901259417692883 -0.001796969423878511 0.07700836922464713 0.07490803993287221 0.09571481031991286
 0.05312398449790232 -0.02688348421785022 0.02865369927054601 -0.03495198469547579 -0.06159223340047335 0.0555973663119462 -0.06500394929776233 -0.02585987282643495 -0.04701947144059974 -0.007047190917353965 0.06600501553758659 0.00729876011574615
 0.02909361752241463 0.0972152447949749 0.02685890951483619 -0.09401363321769657 -0.01920636105570792 -0.04277309615408066 -0.002363583761142901 -0.0898506706446454 0.08613232903196957 0.04654432646395684 0.01242937577341401 0.02195070957359797
 -0.003699732643943882 0.04476485617537923 -0.01823445048957952 0.05540777153832968 -0.01555739887767496 -0.03169317113682418 -0.08123537740512796 -0.04137178197227728 0.06656190458706571 0.07069203216292103 0.06710302227499479 -0.06944041366032828
 -0.0143223492640485 -0.01802441388998491 0.02176612920383976 0.001989837730587474 0.08545443832277116 -0.03314060492318847 -0.04005327893792893 -0.04357607440146908 0.0007712709915618232 0.0175105721692552 0.006945720484918552 -0.06958617634929389
 -0.07479661222625937 0.08487547796617842 -0.0480852177619363 -0.06131087503566554 0.09155318952281374 0.06987189225797646 -0.05792338177663092 0.02571606312141031 0.01745657162088055 0.00667204783236966 0.02471596321934463 -0.08017938292617093
 -0.01686349095175042 -0.06527871360572038 0.07883636867348218 0.04750492347706459 0.09881877440678807 -0.01180826496459177 0.005396871220513397 -0.0397440784109338 -0.0467961788448775 0.06568301703148302 -0.08284564866259198 -0.06993639075244248
 -0.04531938594746109 0.02563232100083662 0.08690553880477003 -0.04552056572012125 -0.04157538653006142 -0.04429879036882475 -0.005532117755179089 -0.08456821942007617 0.04886204676096151 -0.03363084004361107 -0.03364949433022474 -0.08489185416995031
 0.09682415572443889 0.05255311681444536 0.07974164171585904 -0.04465310540924784 0.07157701091202884 0.02194990072328092 0.05550026870350774 -0.02559053378913898 -0.0884243181807786 0.01537306128537926 0.004349368694876857 0.01855173452430106
 0.05327217033819773 0.06317123641936698 0.01170023471375514 0.0654472937209572 0.05843177747764772 -0.00450106116717798 -0.0007756101983598246 -0.09229349453635745 0.08649997437315601 -0.0339629168584651 -0.04035862550567385 -0.06406956169031111
 -0.04242583277646738 0.06540703954625979 0.09663547714067966 -0.04551948671223244 -0.02074586983006498 0.07503780274502461 -0.06851666597314889 0.05733201125421983 -0.06720678460547988 0.05657612808062085 0.09313550669946033 0.007877385243914944
 0.09970673564524879 0.09237370939379927 0.08578115353328061 -0.07599918724814381 0.09316174867642407 0.005426908752029405 0.02418826633952301 0.03569905078308777 -0.01069921781227699 0.04106035448902073 0.05777379148787148 0.09324018231138251
 -0.03312390606139594 -0.06150401532111432 -0.04319005107194555 -0.04413506950736127 0.05750159475412892 0.06760737469106071 -0.005451381823063012 0.08169537140307079 0.009850717899585401 -0.09615583770910785 0.0629784312926995 0.06183525427378897
 -0.0116200997285125 -0.03832992800825358 0.03451496405128973 -0.08201956567403318 -0.06471925074937403 0.092594420335921 0.01131454971785831 -0.04232035419074806 0.03768892872956381 -0.002641314928911481 -0.05576279456511107 0.03795804741360848
 -0.002706553873386003 -0.09376012274772673 0.04959880297505762 0.07968008922520228 -0.02150960189183039 0.02287316456614001 0.02409458742533085 -0.02650621454306284 -0.02780420723062968 -0.01993188820514252 -0.02919604747792183 -0.03987469476848812
 0.003923498466731262 0.05293123532754021 0.05523381515311429 0.05144644224711942 -0.0807479151516913 0.04827136260523185 0.037639153335636 -0.04522610320744039 -0.01920558708037692 -0.04106123323662149 0.01265645439386445 0.0546172799475397
 0.01454850027993562 0.04729699130035731 -0.0291429648877972 0.04624851351747686 -0.02044507882957916 -0.0957446623784242 0.06175151248682148 0.03305096432631072 -0.05312147104083006 0.05048747603636464 -0.07515489725732498 -0.0604377610437307
 -0.01530175356826205 -0.08378366475813101 -0.05034413364969272 -0.08202414131196635 0.04658340735369831 -0.01064636581675925 -0.05733021320500706 0.07539312328246084 0.04746694675038185 -0.0557908536937377 0.002040556186433617 -0.0361903004378691
 -0.09466464842668398 -0.04439958536102767 -0.0539338298052399 0.03294017260690213 0.01596210015901704 -0.04278233562094524 0.04630481208697199 -0.08852235279311638 -0.004604866311740424 0.0929136337430321 -0.02136820277113588 0.04013855529294288
 -0.09303071735282697 0.02306292371150911 -0.0001643634932245175 0.03125346787973118 -0.05364186674404631 0.004614738737617599 -0.09576077972266579 0.002743866010917251 0.01528364575571257 -0.05921909213946156 0.03570974842034444 0.07534557312040488
 -0.05893963718371484 0.05820786077004522 -0.004404580935073926 0.006675429213551132 -0.04182155973868468 0.09450017861342222 0.09156547761067182 -0.009972945802837668 -0.03127993038544717 0.08994750405429938 -0.07407483821858797 0.03211949984008836
 0.05351186967583568 0.08375349932841794 0.06949236332488787 -0.04948405904607892 0.002844775568103253 -0.09260478521243273 0.06474429055848238 0.0757527889012248 0.02544304566668026 -0.02557714760402605 0.0792730192088493 0.05319282410128198
 0.007244460312090584 0.01854898083852227 -0.06300334178086447 0.001771993415232334 0.006761858412781582 -0.04024450043692963 -0.01825997395878434 0.0142080681031788 -0.001873451242066337 0.06990263746366718 0.07087648099585586 -0.0180569519112098
 0.007274837516258015 0.08001574061752978 -0.07598319165983433 -0.01149976893147944 -0.07848269209589932 -0.06996504596665458 0.05901569317016092 -0.03393319450503267 -0.08870701454430456 0.03789392219934157 -0.03911529488002616 -0.01049412453290791
 -0.01456083047750539 0.01826304038696187 -0.008035036547041824 -0.06082944018136906 0.02047234918663246 0.02527592678633861 0.001070318280353866 -0.01566023893316479 0.06506492638979519 -0.09248117912974749 -0.02694635717614885 0.01507623873742189
 0.08562427864883643 -0.00280368903166725 -0.08620887426396848 -0.08054340067121701 0.02800586118575185 -0.0043989401136178 0.03944241004098387 0.0186577973557354 -0.06193720766433136 -0.05829408762860956 -0.03736938505362451 -0.04906107710080657
 0.001710149940628944 0.0451606509452307 0.08592560204274166 -0.08367549836834347 -0.08170494623801039 -0.02848823055905142 -0.06775571822304979 0.03483196219137089 0.05317109996192354 -0.06592721170157724 -0.01080821604024683 -0.017500986581525
