# Created by Octave 4.2.1, Mon Oct 09 10:05:47 2017 BRT <root@mosqueiro>
# name: w2
# type: matrix
# rows: 1
# columns: 201
 -0.001183437079391601 -0.01360105221381788 -0.01860257083525351 -0.03439151066578376 -0.0002717769825994539 -0.008145893765257962 0.01598534504645703 -0.04235044424070333 0.02473134596082176 -0.007380023575878486 -0.003222099663860836 -0.02371859904241142 0.02203030720651859 -0.007054135791251141 -0.02380048027814378 0.009721091822847415 -0.006062543595720535 -0.004844923408273407 0.01830781150627579 -0.03020683869583434 -0.02382016926454193 0.03206607338642245 0.02724471638826506 -0.05011427968070357 -0.01803834707006628 -0.02150348536241236 0.0001423549491475905 0.03095439774928217 0.02881183221848159 0.03145737485581364 0.04614053899969544 -0.02251207473475312 -0.01828579702718701 -0.009020438392790618 -0.02450660180002077 0.01753851555127285 -0.01997261004898825 -0.042475476623103 -0.009920258425510517 0.009793754884370278 -0.02299715755462268 0.04242151313576292 -0.0004596852553850134 0.003631322795764859 -0.02509136454014116 0.001510962946493851 0.01686846568722289 0.002720522866872015 0.02742867716532232 0.01791880997780968 -0.02561447224356331 0.03446965173273819 0.007740819961858353 0.0174295141306942 -0.03124193557549977 0.004807457920930701 -0.05041469190377479 -0.02944846888626067 -0.003705913464224837 -0.01169155083241555 0.003108548670786617 0.006284782160601737 0.005381340295812055 -0.03046857263633627 -0.01016781811984054 0.005529825733021122 -0.02747202664188988 -0.02924880816570022 0.05970708532445252 0.01040360393024396 0.0006680778909288376 0.006934468889731306 0.02494697147065389 0.03170269057209445 0.005209404428734024 -0.01096731526015882 0.01073393916476615 -0.04528257837252913 -0.008635798897162655 -0.01049275082329775 -0.00192833705797623 0.006308074372124553 -0.01923191274090836 -0.02348319570864983 0.04360756108650378 -0.001373517642964063 0.002962833900842725 0.003305415375845452 0.01454613097881988 -0.00692803469847764 -0.01463143457685617 0.002049378097793163 -0.004909128111370893 -0.01962608403867053 0.007004400277377904 0.001216780231948274 -0.009505920861508031 0.02536944791461925 0.01722653580333143 -0.01501836787661269 -0.01883379189055886 -0.01519622519597809 0.005621631736008666 0.02259767915764052 0.002657187218188501 0.01876858502846215 -0.04766346732384 0.03527436326882386 0.04369083699633072 -0.01446896358866171 -0.01995445120865767 -0.05736838032164862 0.003249583449454011 -0.04021480484553282 -0.01243106845803264 -0.0307271589543773 -0.004010147453507073 0.01121977013560644 -0.04793583402782447 0.040500115588815 -0.03183473909906248 0.0276104927884875 -0.01853342438252263 -0.01254868954801909 -0.02085202952923877 0.0254310982733496 -0.01831857248113661 0.002809103031767323 0.04486757125089623 -0.01726870418942799 -0.02714663955114109 -0.02844785469379008 -0.0002093593876858645 -0.03821584893860346 0.03034587638329017 0.02929021319196549 -0.006235465203342482 0.009510326631327006 0.01932477109414837 0.01586125169435332 -0.01587842228587977 0.03847494087622538 -0.01599548641627115 -0.02174444464053954 -0.008092840241408612 0.008447595475536434 -0.01941608871991933 -0.004897902571516681 -0.04437135211200064 -0.03138947359054177 -0.02902875635112506 0.002157323279821753 -0.01640481324888241 -0.001206825917734093 -0.01480032241196916 -0.009860869709896995 0.01082199649549327 -0.0175963857470721 -0.0002382781200491483 0.02817041855749716 0.03542589554255623 -0.01874121870587727 0.02164507534565438 0.01272513928053774 0.006763092778003463 0.008307592060139889 0.02093268056240592 -0.03139438278539446 -0.001133420925616347 -0.02712024760122104 -0.02751819068882442 -0.01952604432970777 0.02017255123755715 -0.03775986774134334 -0.02204543521559129 -0.0238757270682557 -0.03485871650208316 0.01972367648035112 -0.002564821136448933 -0.01402362964632734 0.02431852342147635 0.01187874643529491 -0.02543309431156942 0.009711421061486241 0.009601726892763224 0.03976885360194176 -0.01531769108102002 0.0171728877296045 0.02016046577848768 -0.03501548215717835 -0.001958750329000697 0.02980461114243342 0.03240950898169954 0.006737940480016169 -0.02052342332046059 -0.001518216384697475 0.005723391506819445 -0.02698446356904468 0.0134140650291596 -0.01485014120301776 0.2401002371584423


