# Created by Octave 4.2.1, Mon Oct 09 10:07:48 2017 BRT <root@mosqueiro>
# name: w2
# type: matrix
# rows: 1
# columns: 201
 -0.02865604245244371 -0.0005249114213271858 -0.04040350176653659 -0.06642605428372539 -0.03778194021897627 0.02978576234166935 0.03355766791514458 0.01871468682900382 -0.02907849805272218 -0.01024725676002584 0.04342020783130055 -0.01077816403066931 0.07155734888861336 0.0198465436675492 -0.001159693395805936 0.08413322071237973 -0.03632160607102736 0.02855223519198077 -0.02853342711471721 0.01732952458313664 0.01819183041870649 -0.01655925817491468 -0.02555073937766155 -0.0628664377092415 0.04062189096610237 -0.01056205751891987 0.01885720471747608 -0.04927146281070108 0.04168706261371196 0.01679745091877179 0.004341457149005769 -0.02000723228687844 -0.02963499371112225 0.04502238426385921 -0.0302042130040719 -0.03007972348509869 0.03139057244069257 0.0634875210914977 0.06594511306606485 -0.01963653233710803 0.0362063526777977 0.03098473086297697 -0.04257552988761001 0.0296917816690459 -0.07466884698224655 -0.04799331338697184 -0.01697982957885068 0.04957102441944118 0.01427449882151591 -0.01114559938820284 0.02587581917180972 -0.04318712794166723 -0.006961300916075627 0.02565209837741373 -0.03230178408230318 0.006877096189574288 0.005465327825141666 0.01680283268556182 -0.06172861257761831 0.004256512788302828 0.04833049636163744 -0.04392627269892362 0.02548324829352114 0.02563332383853368 -0.006149000386400021 0.04253740229957993 0.007435292730333974 -0.007538436418100329 -0.009748721628678373 0.008915766921952834 0.002681442472015913 0.01239130782624208 0.03079150538254289 0.06103018001981152 -0.03384589091462252 -0.01827824461019716 -0.01464813068606962 -0.02703993098994529 -0.06869839654851169 -0.006020940955603601 0.02649506079044925 0.0223750990400478 -0.05931789358862943 0.01030794471520343 -0.001138202223593414 -0.01946041491453336 -0.02346637891175269 0.009420896385508219 0.03087087224705689 -0.03267729429978947 -0.0271302942909721 0.06156790204353371 0.01421241306844407 0.01807229701084105 0.02735538766734968 -0.05127071028310605 0.03430982354494032 0.00891970758782591 -0.03005875791747177 -0.001145091759987091 0.01881085376138398 -0.02320093320898969 -5.951467546125603e-05 0.02481105387900628 -0.01069819956588217 -0.02403212106301141 0.02316953897758948 0.01455601498372403 0.05389422172259275 0.04284876940276179 0.04092229500586032 -0.005601695103263468 0.04773859019761117 -0.05583075062520105 -0.04625067200509873 -0.03432410633092238 0.02405502435305087 -0.04590919268036928 -0.07203281583322321 -0.01508038114912813 0.03100197168081657 -0.004043495546913611 0.009071097074420933 -0.06202348613870889 0.02989048927206027 -0.002561755762643171 0.03428985108345396 0.006438066013659664 0.04735644342220589 -0.0327483767033584 -0.03331645833091423 0.03590962676123365 -0.03382603363862497 0.0280268487468407 0.008190499847402194 0.01707225272971239 0.008395393330974282 -0.002051295518446161 0.0354637492681045 0.001666733935265107 -0.01032401968645415 0.03518360451701825 0.03804134460425491 0.03194145366053413 -0.03413297740322398 0.00716150986026204 0.04199429574594133 0.01962843546513629 0.001480421797141674 -0.00762121561896463 -0.003915035811070508 -0.07463826412708711 0.02446951499100778 0.0510874479727033 -0.05304497693120227 0.00683648529248393 -0.03025748717244406 -0.04636737502292087 0.04379370950417607 0.0003378098133782711 -0.05223037914982342 0.006612132176424034 -0.01495930119864974 -0.0151528551274133 0.005414256905345737 -0.01043235634691781 0.05000497556884108 -0.02106882467759 0.006300258264961649 -0.03565804543950091 -0.01681253359003658 -0.02161244153430363 -0.02761046898147842 -0.02977962172407875 -0.08439559444286535 0.03543976596641989 0.009661643323765361 0.03911361875459712 0.005234565418654746 0.04077662909477767 -0.05550339271405307 0.00477464888011246 -0.03412252131387358 -0.01346013568301601 -0.02426917306061827 -0.02105635895861847 0.00364702519366164 0.007390452747555243 -0.01688427964872861 -0.04796175037219032 -0.04762275649626097 -0.01876478812383889 -0.005107862245688493 -0.01977776055763152 -0.04966744347838829 -0.0445890093352947 -0.006828066775056782 0.01859104443943233 0.02450908153500387 -0.02245325044875241 0.2073700143375475


