# Created by Octave 4.2.1, Mon Oct 09 10:12:17 2017 BRT <root@mosqueiro>
# name: w2
# type: matrix
# rows: 1
# columns: 201
 -0.0154026102999761 -0.006377623537240673 -0.01996904730825194 -0.002793634549806705 0.04797273137594565 0.0218062858374259 0.0291630676067888 0.02345819348712007 -0.01147813337358148 -0.02335266779968033 -0.03103655164283797 -0.02192564134980235 0.003157909889486914 -0.004123534419024292 0.02290230638761792 0.04867854378668354 0.01333281749448226 0.004633892801610271 -0.01372157692482444 0.0148923587044173 -0.04183781446811851 -0.01205433099875104 -0.001726224334310397 0.01621696208789224 -0.01543252580105688 0.03583056404122037 0.0155918867628482 -0.03530625387207162 -0.006423358776840451 -0.04132682257372369 0.00136663924604851 -0.02039605276359377 -0.01098159702765596 -0.05462463018861435 -0.02162897388907979 0.01367119614101111 0.02667760520911876 -0.01879393437048903 -0.02441400282690693 0.009633423790256604 0.01527441344633165 -0.04175858301287407 0.007062423086892322 0.001122286710690189 0.01155255430552717 0.004999227771101812 -0.01959711390173647 0.02373988349698273 -0.006506259329149531 0.009297857605647917 0.05374349905268425 -0.03370442344891617 0.02707542149662758 -0.004165094608772422 -0.01333291969788242 0.005042939537190476 -0.000792720877025693 0.01569130956634723 0.01692398788639018 -0.05866300826280927 -0.005190123892269288 0.01141562905899192 0.03207799520205001 0.01079932455507714 -0.05417386134993743 -0.01070851217111577 0.002207494074013949 -0.004097624199282831 0.02741109767387619 -0.003849536079131419 -0.01832754995524263 0.02668066792937183 -0.02482408917521724 -0.01510050215016466 0.02428864693872597 -0.01127202704925565 0.03182033226069316 0.02490392562361201 0.02257322137433425 -0.041519536818911 -0.04666534128943017 0.0101016080395123 -0.003080722694676274 0.03647200449356078 0.02777270828509663 0.04729215695408459 -0.02600180679957869 0.03866532930603148 -0.002897089870499745 0.02834932599356878 0.003340533378108674 -0.002773167823128444 0.03927809535883484 0.03216047753606231 -0.02463737186992538 0.05189279139659685 -0.02933414711896029 -0.01575928409233947 0.02865284936956228 0.03158763793022272 0.03183576795346157 0.04439802150818187 -0.02216950161679031 -0.01513429562010925 -0.01385235780345013 -5.724428897170992e-05 -0.001865527841561487 0.0255182329554508 0.05897916057782301 -0.005505052098371907 0.03275676901007273 0.008887681344497364 -0.02108336474148145 0.01952122370423706 0.04959646298422481 -0.004456065673966101 -0.01149255152005051 -0.03865435596263483 0.02856072522361475 -0.0312271027684124 -0.01515250330756708 -0.05081767666935763 -0.003397788438950503 -0.04484647289696382 -0.002001666561794806 -0.007676329334487692 -0.0004893152941472557 0.004309245260032565 -0.003419812705940111 0.02843408195559016 0.02105365732669221 0.01588917787033006 0.02161453516249922 0.0301130667139126 0.00994253982513077 0.018593418915556 0.02307285448984359 -0.0160571186842996 -0.02801759162122201 -0.009258714630928148 0.02250736310811532 0.01030584025547551 0.01838236632283128 0.004950825878411386 -0.003554479720913528 0.001383410817029549 -0.02775530278584186 -0.04652408829236018 0.02361271330542792 -0.008323033669800986 -0.005663890300794003 0.02426259907348971 0.02282791865922838 0.01770303520840907 -0.03639448978814764 0.01139296113870541 -0.01148337368445308 0.06462771123882149 -0.04650832402574076 -0.01471413742609904 -0.002070420181377421 -0.0001148285428853895 -0.04487697595490516 -0.006669782917720323 0.03274551665642769 0.001231213719681404 0.04150794925194343 -0.05029736644768346 -0.01098153058302476 0.009035336399667131 -0.03355426240133472 0.001831833136785876 0.006805267889865308 -0.01595505566372634 0.03052726069219066 0.0006187272078562557 -0.009662944761905202 -0.03630884652981933 0.01756432563034806 0.01285263408851415 0.01178888995529199 -0.03652475502171922 0.004195106471657865 0.02793501932796951 0.03285424318591364 0.004261686428435987 -0.02694973446777853 0.01402464058482835 0.01579230831697396 -0.02470849119107808 -0.02798747506365538 0.01648189375240766 0.03374704278818182 -0.01531907231028279 -0.04249659186882624 0.01703878060616491 -0.03094531767928571 -0.03547766468379228 -0.004192120628030782 -0.03303179614589962 0.2268454964978326


