# Created by Octave 4.2.1, Mon Oct 09 10:14:31 2017 BRT <root@mosqueiro>
# name: w2
# type: matrix
# rows: 1
# columns: 201
 -0.09005481186364242 -0.03319461173921555 0.036282880851543 -0.04706876165843834 0.02262953325106015 0.03182089919202224 -0.007903572539405226 0.02474505959610281 0.08139332968368776 0.06058731605098053 0.0004727492132449631 -0.04156508865933252 -0.001831039755542854 0.0321831848006678 -0.0161171517940218 0.05657819685884562 -0.052572309014513 0.002439496191272727 -0.0004575093113638297 0.06143720071077409 0.02573788414729164 -0.01421295209156478 -0.03981830210425789 -0.02653495511095197 -0.03657945960999663 -0.03918914156467738 -0.06789561042825913 -0.06107858070989859 -0.08070095691216447 0.031981449659625 -0.006696348724965548 -0.01287717247093154 -0.04192996492330765 0.03821460614765479 0.0348918989217431 -0.04448927250119809 -0.08357227783535724 -0.001512750810924932 0.0598239786851745 0.03664491295716377 -0.01114482794009324 -0.01565017321627633 0.02871144878868785 -0.04653524364334163 -0.03375955514476032 -0.03969293980834519 -0.08758371695623561 0.0268126187281871 -0.02700084428608519 -0.04346945431731311 -0.04535891727218251 0.03420387776148946 0.06932065412522731 -0.04028964345164709 -0.07597238360544449 0.07017956307673458 -0.08828069482812609 0.01121123055468565 0.06354189569037903 -0.01274680855820288 -0.04377918785792585 -0.09373196439401811 -0.06939083359107803 0.0191816112122382 -0.03190350472071816 0.01094383416188894 -0.03106636795434672 0.01542088118134482 0.05435899774101364 -0.06958765389862652 -0.04758395037418302 -0.003757909312668446 -0.03254870722838116 0.06824851646282055 -0.02246463769354401 0.01606951176957747 -0.02481510704534468 0.07110666606833131 0.04734888453235404 0.09539459983570592 -0.004732264188901261 -0.004235800505708257 0.02122947889904426 -0.05913145412810041 -0.02574349900511746 0.02364926701502697 -0.06542904217199051 0.02381714412806867 0.0001408436992945037 -0.04929734703391583 0.01545781782734054 -0.002138534329663582 -0.02219304048725962 0.01811157004957002 0.02977348651740524 0.0239116902174162 -0.02866996710475779 0.03781934391429161 -0.03554333083970201 0.0002058337444431231 0.03414466490757606 0.01676615652057679 0.02989494240171294 0.04335549267886925 -0.01695391123898909 -0.01056333271382004 0.03834684434508465 -0.01945917937705949 0.03310942670179776 -0.03843084894540199 0.04886276116479944 -0.07131619844836984 0.03806761865707759 -0.01575281741543986 -0.03748391493429026 0.007434032774585956 0.01102166079034749 0.06306984151246103 -0.01246753370014097 -0.06493480562916133 0.02022174591506809 -0.06486297295072771 0.08287962558754693 -0.02119984799792336 0.01564998458359625 -0.03656953088742856 0.03484600765264817 -0.029968675770707 -0.01960912507099276 0.03581388099606223 0.005000492376896331 -0.01962991406732628 -0.0761678930892061 -0.0535400107744759 0.009581922359223241 -0.02039090532078093 0.009302918081075966 -0.05366290793175016 0.009591035737641257 -0.08052171867351204 -0.01608924330931922 0.009093556542767708 0.01007067181142708 0.01104187471486882 -0.04727807448744836 0.00953113911382149 -0.08148971232261076 0.05463789332510956 -0.02865850578113826 -0.04750405229178821 -0.06545912288468848 0.0004952675579236957 0.06745317137028449 0.02862019541296043 0.01096391766622743 -0.01172866431990173 0.002394863270834213 -0.05348800173548497 -0.01869779665973535 -0.040174442179085 0.04835845615997222 -0.01045291490943248 -0.03593564925049138 -0.07766977243897513 -0.08917087463946913 0.01263462938051907 0.02021771430216665 -0.03253827459419986 -0.02364436012004761 -0.06577782603398917 0.002208510162239503 -0.06991842404867069 -0.050931508541946 -0.009509376888897822 0.02741545059100077 -0.02021954798563221 0.04599204513280798 0.06385148472195762 -0.04921939346107472 0.07467671909851634 -0.07574215036986712 0.01835865321331309 0.0478587107325826 0.07048913729022696 -0.04421709236628266 0.02575121702432347 -0.03364391340834656 0.01038081773582841 -0.0631749901477975 -0.04628076190181141 -0.04609067102962105 -0.007588739870929272 -0.01691153356259795 0.05822421964345873 0.03414162366015808 -0.006262522742098178 0.07015812270969353 0.07113020820118185 0.01551044959658275 0.05201355562373135 0.1989204677539029


